clc;

qs = [-38.0156   3.1953  53.2915  179.909 -33.4676 -145.211];
qe = [-37.1506   5.4104  50.8591        0  33.6848 -77.0846];


solutions = [  -37.5745    156.481   144.382   -0.0489949    149.091   -21.2195
               -37.5745    156.481   144.382    179.951     -149.091   158.78
                -37.5745   4.31137   52.0798   -0.0455218    33.5634   -21.1395
                -37.5745   4.31137   52.0798   179.954      -33.5634   158.86
                142.425   -24.5721   170.847   179.97        56.2295   -21.1606
                142.425   -24.5721   170.847   -0.0302755   -56.2295   158.839
                142.425   -142.639   25.6149   179.945      152.931    -21.2267
                142.425   -142.639   25.6149   -0.055304    -152.931   158.773 ];


vecnorm( solutions-qs,2,2 )
vecnorm( solutions-qe,2,2 )


path = [-0.0669538    1.32902   0.635234 -0.539933 -0.820305 -0.188604 0.0543931 -0.257609  0.964717 -0.839948  0.510624  0.183711
-0.0585485    1.39165   0.638667 -0.528754 -0.825837 -0.195991 0.0644186  -0.26929  0.960902 -0.846327  0.495456  0.195587
-0.053569   1.43941  0.638736 -0.517976 -0.830797  -0.20366 0.0738614 -0.280639  0.956967  -0.8522 0.480644 0.206728
-0.052008   1.47161  0.636008 -0.507648 -0.835188 -0.211553 0.0828777 -0.291744  0.952899 -0.857569  0.466205  0.217322
-0.0538132    1.48775   0.631092 -0.497794 -0.839028  -0.21962 0.0916268 -0.302684  0.948677 -0.862442  0.452122  0.227551
-0.0588889    1.48749   0.624626 -0.488413 -0.842348  -0.22782  0.100268 -0.313524  0.944272 -0.866833  0.438352  0.237589
-0.0670983     1.4707   0.617267 -0.479483 -0.845189 -0.236118 0.108957 -0.32432 0.939652 -0.870761   0.42482  0.247595
-0.0782657    1.43743   0.609673 -0.470958 -0.847599 -0.244489  0.117845 -0.335114  0.934779 -0.874249   0.41143   0.25771
-0.09218  1.38793  0.60249 -0.462769 -0.849634 -0.252917  0.127072 -0.345937  0.929613 -0.877324  0.398058  0.268054
-0.108598   1.32264  0.596341 -0.454829 -0.851353 -0.261397  0.136767 -0.356805  0.924113 -0.880014  0.384563  0.278722
-0.127249   1.24218  0.591808  -0.44703 -0.852819 -0.269932  0.147047 -0.367717  0.918238 -0.88235 0.370787 0.289785

];

figure(1); hold on; daspect([1,1,1])
plot( path )


c1 = [-38.0349,  3.19692,  53.3185,      180, -33.41846, -145.285] * (3.14/180);
c2 = [-37.1694,  5.41314,  50.8849,        0,  33.7019, -77.1237] * (3.14/180);

dt = (c2-c1)/100;
cfgs = [];
for i=0:100
    cfgs(end+1,:) = c1 + i*dt;
end


function plot(points)
    scatter3( points(1,1),points(1,2),points(1,3),'m','filled' )
    scatter3( points(end,1),points(end,2),points(end,3),'m','filled' )
    scatter3( points(:,1),points(:,2),points(:,3),'k' )
    quiver3( points(:,1),points(:,2),points(:,3),...
             points(:,4),points(:,5),points(:,6),   'r' )
    quiver3( points(:,1),points(:,2),points(:,3),...
             points(:,7),points(:,8),points(:,9),   'g' )
    quiver3( points(:,1),points(:,2),points(:,3),...
             points(:,10),points(:,11),points(:,12),   'b' )
end




% q1:   -37.5745    4.31137    52.0798 -0.0455218    33.5634   -21.1395
% q2:   -37.5745    4.31137    52.0798 -0.0455218    33.5634   -21.1395
