clc;

qs = [-38.0156   3.1953  53.2915  179.909 -33.4676 -145.211];
qe = [-37.1506   5.4104  50.8591        0  33.6848 -77.0846];


solutions = [  -37.5745    156.481   144.382   -0.0489949    149.091   -21.2195
               -37.5745    156.481   144.382    179.951     -149.091   158.78
                -37.5745   4.31137   52.0798   -0.0455218    33.5634   -21.1395
                -37.5745   4.31137   52.0798   179.954      -33.5634   158.86
                142.425   -24.5721   170.847   179.97        56.2295   -21.1606
                142.425   -24.5721   170.847   -0.0302755   -56.2295   158.839
                142.425   -142.639   25.6149   179.945      152.931    -21.2267
                142.425   -142.639   25.6149   -0.055304    -152.931   158.773 ];


vecnorm( solutions-qs,2,2 )
vecnorm( solutions-qe,2,2 )


path = [-1.19205 -0.247471 -0.176417 -0.435904  0.590357  0.679313 -0.781987  0.125197 -0.610591 -0.445515 -0.797373  0.407078
     -1.3625    -0.151411 -0.000417659 -0.185841  0.545443  0.817285 -0.868709  0.297463 -0.396057 -0.459139 -0.783586   0.41855
  -1.49228 -0.0357078     0.2159 0.0805016   0.45481  0.886942 -0.871434   0.46407 -0.158874 -0.483861 -0.760122  0.433696
 -1.56959 0.0894468  0.466022  0.33629 0.321168 0.885302 -0.790083  0.607807 0.0796219 -0.512521 -0.726239  0.458149
-1.58587 0.211409 0.740474 0.557143 0.153388 0.816127 -0.633728  0.713644  0.298498 -0.536638 -0.683509  0.494808
  -1.537 0.316182  1.02724   0.723951 -0.0349667   0.688965 -0.419055  0.771041  0.479467 -0.547985 -0.635825  0.543542
-1.42389 0.389796  1.31244 0.824743 -0.22777  0.51761 -0.167849  0.775458   0.60868 -0.540024 -0.588885  0.601323
-1.25272 0.419818  1.58118  0.855397 -0.408683  0.318237 0.0960487  0.728882  0.677868 -0.508991  -0.54928  0.662737
-1.03451 0.396805  1.81856   0.81921 -0.563334  0.107471 0.349797 0.639319 0.684772 -0.454464 -0.523379  0.720789
-0.784177  0.315528    2.0107   0.725543  -0.680966 -0.0993598  0.57418 0.519426 0.632861 -0.379347 -0.516219  0.767863
-0.519246  0.175798   2.14568 0.587851 -0.75536 -0.28959 0.755462 0.384562 0.530461 -0.289324 -0.530606  0.796711

];

figure(1); hold on; daspect([1,1,1])
plot( path )


c1 = [-13.6384, -1.67241,  33.3332,        0,  58.3393,  -97.998] * (3.14/180);
c2 = [-17.0218,  6.18898,  25.1781,        0,  58.6329,  35.7281] * (3.14/180);

dt = (c2-c1)/100;
cfgs = [];
for i=0:100
    cfgs(end+1,:) = c1 + i*dt;
end


function plot(points)
    scatter3( points(1,1),points(1,2),points(1,3),'m','filled' )
    scatter3( points(end,1),points(end,2),points(end,3),'m','filled' )
    scatter3( points(:,1),points(:,2),points(:,3),'k' )
    quiver3( points(:,1),points(:,2),points(:,3),...
             points(:,4),points(:,5),points(:,6),   'r' )
    quiver3( points(:,1),points(:,2),points(:,3),...
             points(:,7),points(:,8),points(:,9),   'g' )
    quiver3( points(:,1),points(:,2),points(:,3),...
             points(:,10),points(:,11),points(:,12),   'b' )
end




% q1:   -37.5745    4.31137    52.0798 -0.0455218    33.5634   -21.1395
% q2:   -37.5745    4.31137    52.0798 -0.0455218    33.5634   -21.1395
