0.643858,-0.188796,0.128391,0.508022,-0.000809104,0.861344,-0.0268477,-0.999529,0.0148959,0.860926,-0.0306925,-0.507804
0.648858,-0.188804,0.139031,0.347039,-0.000552713,0.937851,-0.0257566,-0.999628,0.00894175,0.937497,-0.027259,-0.346924
0.653858,-0.188812,0.155203,0.264343,-0.000421007,0.964429,-0.0341548,-0.999377,0.00892532,0.963824,-0.0352992,-0.264193
0.658858,-0.18882,0.169485,0.44631,-0.000710818,0.894878,-0.0446546,-0.998772,0.0214776,0.893764,-0.0495461,-0.445793
0.663858,-0.188828,0.177971,0.553432,-0.000881426,0.832894,-0.035836,-0.999099,0.0227545,0.832123,-0.0424407,-0.552964
0.668858,-0.188836,0.184924,0.587541,-0.000935751,0.809194,-0.0434211,-0.998595,0.0303725,0.808028,-0.0529812,-0.586757
0.673858,-0.188844,0.191257,0.635149,-0.00101157,0.772389,-0.0400679,-0.998696,0.0316406,0.771349,-0.0510446,-0.634362
0.678858,-0.188852,0.197249,0.645602,-0.00102822,0.763673,-0.0455742,-0.998269,0.0371839,0.762313,-0.0588098,-0.644531
0.683858,-0.18886,0.203076,0.66929,-0.00106595,0.743,-0.0362446,-0.998855,0.0312159,0.742117,-0.0478223,-0.668563
0.688858,-0.188868,0.208635,0.666261,-0.00106112,0.745717,-0.0370203,-0.998813,0.0316545,0.744799,-0.0486968,-0.66551
0.693858,-0.188875,0.214124,0.68918,-0.00109763,0.724589,-0.0391417,-0.998595,0.0357162,0.723532,-0.0529765,-0.688255
0.698858,-0.188883,0.219314,0.702822,-0.00111935,0.711365,-0.0310819,-0.999092,0.0291365,0.710687,-0.0425884,-0.702218
0.703858,-0.188891,0.224287,0.732776,-0.00116706,0.680469,-0.0295108,-0.999112,0.0300657,0.67983,-0.0421126,-0.73216
0.708858,-0.188899,0.229001,0.718791,-0.00114479,0.695226,-0.0311682,-0.999046,0.0305796,0.694527,-0.0436493,-0.718141
0.713858,-0.188907,0.233619,0.74824,-0.00119169,0.663427,-0.0254206,-0.999316,0.0268754,0.66294,-0.036974,-0.747759
0.718858,-0.188915,0.237974,0.764798,-0.00121806,0.644268,-0.0286093,-0.999076,0.0320726,0.643634,-0.0429611,-0.764127
0.723858,-0.188923,0.242178,0.770273,-0.00122678,0.637713,-0.0271754,-0.999153,0.0309022,0.637135,-0.0411333,-0.769654
0.728858,-0.188931,0.246326,0.769411,-0.00122541,0.638752,-0.0267899,-0.99918,0.030353,0.638192,-0.0404661,-0.768813
0.733858,-0.188939,0.250371,0.781082,-0.00124399,0.624427,-0.02306,-0.999373,0.0268543,0.624003,-0.0353747,-0.780621
0.738857,-0.188947,0.254168,0.806441,-0.00128438,0.591313,-0.0221224,-0.999363,0.0280001,0.590901,-0.0356617,-0.805956
0.743857,-0.188955,0.257875,0.802206,-0.00127764,0.597046,-0.0225497,-0.999349,0.0281598,0.596621,-0.0360532,-0.801713
0.748857,-0.188963,0.261418,0.820053,-0.00130606,0.572286,-0.021841,-0.99934,0.0290163,0.571871,-0.0362942,-0.819541
0.753857,-0.188971,0.264797,0.8308,-0.00132318,0.55657,-0.0209301,-0.999364,0.0288669,0.556178,-0.0356317,-0.830299
0.758857,-0.188979,0.268108,0.838254,-0.00133505,0.545278,-0.0153892,-0.999657,0.0212102,0.545063,-0.0261709,-0.837987
0.763857,-0.188987,0.271361,0.838254,-0.00133505,0.545278,-0.0153892,-0.999657,0.0212102,0.545063,-0.0261709,-0.837987
0.768857,-0.188995,0.274543,0.846405,-0.00134803,0.532537,-0.0170348,-0.999554,0.0245446,0.532267,-0.0298463,-0.846051
0.773857,-0.189003,0.277633,0.859137,-0.00136831,0.511744,-0.0270655,-0.998718,0.0427683,0.511029,-0.0505944,-0.858073
0.778857,-0.189011,0.280503,0.869535,-0.00138487,0.49387,-0.0249813,-0.998839,0.0411826,0.493239,-0.0481472,-0.86856
0.783857,-0.189019,0.28329,0.876357,-0.00139573,0.48166,-0.028517,-0.998392,0.0489921,0.480817,-0.05667,-0.874987
0.788857,-0.189027,0.286038,0.875904,-0.00139501,0.482483,-0.0284945,-0.9984,0.0488425,0.481643,-0.0565294,-0.874543
0.793857,-0.189035,0.288727,0.881265,-0.00140355,0.47262,-0.0244175,-0.998795,0.0425637,0.471991,-0.0490501,-0.880238
0.798857,-0.189043,0.291325,0.889312,-0.00141637,0.457299,-0.0242776,-0.998731,0.0441195,0.456656,-0.0503382,-0.888218
0.803857,-0.189051,0.293851,0.897605,-0.00142958,0.440798,-0.0239522,-0.998676,0.0455356,0.440149,-0.0514311,-0.896451
0.808857,-0.189059,0.296296,0.901422,-0.00143565,0.432939,-0.0233352,-0.998702,0.0452745,0.432312,-0.0509141,-0.900286
0.813857,-0.189067,0.298696,0.901549,-0.00143586,0.432676,-0.0233875,-0.998694,0.0454175,0.432046,-0.0510653,-0.900405
0.818857,-0.189075,0.300991,0.909728,-0.00144888,0.415201,-0.0184045,-0.999152,0.0368387,0.414796,-0.0411548,-0.908983
0.823857,-0.189083,0.303207,0.915739,-0.00145846,0.401771,-0.0199872,-0.998921,0.0419299,0.401276,-0.0464271,-0.91478
0.828857,-0.18909,0.3054,0.915739,-0.00145846,0.401771,-0.0199872,-0.998921,0.0419299,0.401276,-0.0464271,-0.91478
0.833857,-0.189098,0.307572,0.927219,-0.00147674,0.374516,-0.00776498,-0.999853,0.0152819,0.374439,-0.0170778,-0.927094
0.838857,-0.189106,0.309592,0.927219,-0.00147674,0.374516,-0.00776498,-0.999853,0.0152819,0.374439,-0.0170778,-0.927094
0.843857,-0.189114,0.311479,0.934234,-0.00148791,0.356657,-0.0159923,-0.99916,0.0377222,0.356301,-0.0409451,-0.933474
0.848857,-0.189122,0.313337,0.9376,-0.00149327,0.347711,-0.0122445,-0.999512,0.0287248,0.347499,-0.0311899,-0.937162
0.853857,-0.18913,0.315111,0.942933,-0.00150177,0.332979,-0.0136615,-0.999322,0.0341798,0.332702,-0.0367783,-0.942314
0.858857,-0.189138,0.316859,0.942516,-0.0015011,0.334159,-0.0123038,-0.999468,0.0302139,0.333935,-0.0325885,-0.942032
0.863857,-0.189146,0.318595,0.946446,-0.00150736,0.322858,-0.0150443,-0.999109,0.0394371,0.322511,-0.0421823,-0.945625
0.868857,-0.189154,0.320133,0.959719,-0.0015285,0.280957,-0.0100632,-0.999531,0.0289372,0.280781,-0.0305989,-0.959284
0.873857,-0.189162,0.321544,0.965136,-0.00153713,0.261745,-0.00727821,-0.999754,0.0209658,0.261649,-0.0221399,-0.964909
0.878857,-0.18917,0.322897,0.965388,-0.00153753,0.260813,-0.00741915,-0.99974,0.0215681,0.260712,-0.0227566,-0.965148
0.883857,-0.189178,0.324242,0.965903,-0.00153835,0.258899,-0.00723818,-0.999752,0.0210638,0.258803,-0.0222196,-0.965675
0.888857,-0.189186,0.325558,0.968529,-0.00154253,0.248897,-0.00871572,-0.999578,0.0277205,0.248749,-0.0290174,-0.968133
0.893857,-0.189194,0.326763,0.974632,-0.00155225,0.223809,-0.00478506,-0.999892,0.0139029,0.223763,-0.0146211,-0.974534
0.898857,-0.189202,0.327888,0.975947,-0.00155435,0.218004,-0.00535618,-0.999844,0.0168494,0.217944,-0.0176118,-0.975802
0.903857,-0.18921,0.328961,0.980137,-0.00156102,0.198316,-0.00264131,-0.999983,0.0051829,0.198305,-0.00560377,-0.980124
0.908857,-0.189218,0.329952,0.981117,-0.00156258,0.193411,-0.00322744,-0.99996,0.00829313,0.19339,-0.00876075,-0.981083
0.913857,-0.189226,0.330895,0.984844,-0.00156852,0.173436,-0.00238623,-0.999987,0.00450639,0.173426,-0.00485195,-0.984835
0.918857,-0.189234,0.331739,0.986472,-0.00157111,0.163922,-0.00419174,-0.999869,0.0156424,0.163876,-0.0161179,-0.986349
0.923857,-0.189242,0.332497,0.98984,-0.00157647,0.142178,-0.00453176,-0.99978,0.0204644,0.142115,-0.0209008,-0.98963
0.928857,-0.18925,0.333218,0.989099,-0.00157529,0.147241,-0.00547514,-0.999645,0.0260847,0.147147,-0.0266065,-0.988757
0.933857,-0.189258,0.333821,0.993014,-0.00158153,0.11799,-0.00363273,-0.999846,0.0171715,0.117945,-0.0174802,-0.992866
0.938857,-0.189266,0.334415,0.993014,-0.00158153,0.11799,-0.00363273,-0.999846,0.0171715,0.117945,-0.0174802,-0.992866
0.943857,-0.189274,0.334984,0.994627,-0.0015841,0.103513,-0.00297904,-0.999907,0.0133229,0.103482,-0.0135597,-0.994539
0.948857,-0.189282,0.335501,0.994754,-0.0015843,0.102285,-0.003089,-0.999889,0.0145541,0.10225,-0.0147937,-0.994649
0.953857,-0.18929,0.336015,0.994754,-0.0015843,0.102285,-0.003089,-0.999889,0.0145541,0.10225,-0.0147937,-0.994649
0.958857,-0.189298,0.336442,0.996378,-0.00158689,0.0850197,-0.00271787,-0.999909,0.0131885,0.0849911,-0.0133718,-0.996292
0.963857,-0.189305,0.336813,0.998643,-0.00159049,0.0520476,-0.00339055,-0.999398,0.0345148,0.0519614,-0.0346445,-0.998048
0.968857,-0.189313,0.337073,0.998643,-0.00159049,0.0520476,-0.00339055,-0.999398,0.0345148,0.0519614,-0.0346445,-0.998048
0.973857,-0.189321,0.33728,0.999436,-0.00159176,0.0335376,-0.00271652,-0.999434,0.0335184,0.0334653,-0.0335907,-0.998875
0.978857,-0.189329,0.337448,0.999436,-0.00159176,0.0335376,-0.00271652,-0.999434,0.0335184,0.0334653,-0.0335907,-0.998875
0.983857,-0.189337,0.337581,0.99979,-0.00159232,0.02042,-0.0016768,-0.99999,0.00412072,0.0204132,-0.0041541,-0.999783
0.988857,-0.189345,0.337683,0.99979,-0.00159232,0.02042,-0.0016768,-0.99999,0.00412072,0.0204132,-0.0041541,-0.999783
0.993857,-0.189353,0.337679,0.999886,-0.00159247,-0.0150355,-0.00163258,-0.999995,-0.0026558,-0.0150312,0.00268005,-0.999883
0.998857,-0.189361,0.337603,0.999886,-0.00159247,-0.0150355,-0.00163258,-0.999995,-0.0026558,-0.0150312,0.00268005,-0.999883
1.00386,-0.189369,0.337437,0.999341,-0.00159161,-0.0362667,-0.000547636,-0.999586,0.0287777,-0.0362975,-0.0287388,-0.998928
1.00886,-0.189377,0.337255,0.999341,-0.00159161,-0.0362667,-0.000547636,-0.999586,0.0287777,-0.0362975,-0.0287388,-0.998928
1.01386,-0.189385,0.336977,0.997758,-0.00158908,-0.066911,0.000435499,-0.999543,0.0302324,-0.0669285,-0.0301937,-0.997301
1.01886,-0.189393,0.336641,0.997758,-0.00158908,-0.066911,0.000435499,-0.999543,0.0302324,-0.0669285,-0.0301937,-0.997301
1.02386,-0.189401,0.33625,0.996394,-0.00158691,-0.084832,0.00138583,-0.999387,0.0349724,-0.0848355,-0.0349638,-0.995781
1.02886,-0.189409,0.335809,0.995888,-0.00158611,-0.090579,0.00109129,-0.999564,0.0295015,-0.0905864,-0.029479,-0.995452
1.03386,-0.189417,0.335311,0.993482,-0.00158227,-0.113978,0.00205571,-0.999492,0.0317938,-0.11397,-0.0318208,-0.992974
1.03886,-0.189425,0.334737,0.993482,-0.00158227,-0.113978,0.00205571,-0.999492,0.0317938,-0.11397,-0.0318208,-0.992974
1.04386,-0.189433,0.334074,0.988827,-0.00157486,-0.149063,0.00226065,-0.999671,0.0255579,-0.149054,-0.0256094,-0.988497
1.04886,-0.189441,0.33332,0.988827,-0.00157486,-0.149063,0.00226065,-0.999671,0.0255579,-0.149054,-0.0256094,-0.988497
1.05386,-0.189449,0.332487,0.984844,-0.00156852,-0.173438,0.00122889,-0.999871,0.0160206,-0.173441,-0.0159909,-0.984715
1.05886,-0.189457,0.33155,0.982877,-0.00156538,-0.184257,0.00279805,-0.999722,0.0234189,-0.184242,-0.0235335,-0.982599
1.06386,-0.189465,0.330597,0.981771,-0.00156362,-0.190061,0.00250208,-0.999773,0.0211497,-0.190051,-0.0212397,-0.981544
1.06886,-0.189473,0.329612,0.979918,-0.00156067,-0.199395,0.00379204,-0.999643,0.0264601,-0.199365,-0.0266848,-0.979562
1.07386,-0.189481,0.328573,0.975414,-0.0015535,-0.220375,0.00141325,-0.99991,0.013304,-0.220376,-0.0132883,-0.975324
1.07886,-0.189489,0.327421,0.97273,-0.00154922,-0.231933,0.0026961,-0.999835,0.017986,-0.231923,-0.0181208,-0.972565
1.08386,-0.189497,0.326209,0.966418,-0.00153917,-0.256971,-0.00156999,-0.999999,8.52325e-05,-0.25697,0.000321071,-0.966419
1.08886,-0.189505,0.324803,0.961655,-0.00153159,-0.274257,0.0019848,-0.999919,0.0125436,-0.274254,-0.0126069,-0.961575
1.09386,-0.189513,0.323361,0.95926,-0.00152777,-0.28252,0.00146303,-0.999945,0.0103749,-0.28252,-0.0103656,-0.959205
1.09886,-0.18952,0.321897,0.960195,-0.00152926,-0.279325,0.000637798,-0.99997,0.00766713,-0.279329,-0.0075401,-0.960166
1.10386,-0.189528,0.320434,0.954785,-0.00152064,-0.297295,-0.000451355,-0.999993,0.00366534,-0.297298,-0.00336542,-0.954779
1.10886,-0.189536,0.318852,0.951445,-0.00151532,-0.307815,0.00234651,-0.999923,0.0121754,-0.307809,-0.0123066,-0.951368
1.11386,-0.189544,0.317231,0.949858,-0.0015128,-0.312678,0.00205977,-0.999936,0.0110951,-0.312675,-0.0111828,-0.949794
1.11886,-0.189552,0.31558,0.948557,-0.00151072,-0.316603,0.00326142,-0.999889,0.0145425,-0.31659,-0.014827,-0.948447
1.12386,-0.18956,0.313795,0.938986,-0.00149548,-0.343953,0.00376122,-0.999886,0.0146155,-0.343936,-0.0150174,-0.938873
1.12886,-0.189568,0.311933,0.933847,-0.0014873,-0.35767,0.00183291,-0.999958,0.00894368,-0.357669,-0.0090076,-0.933805
1.13386,-0.189576,0.310018,0.933847,-0.0014873,-0.35767,0.00183291,-0.999958,0.00894368,-0.357669,-0.0090076,-0.933805
1.13886,-0.189584,0.308039,0.924231,-0.00147198,-0.381831,0.00127794,-0.999975,0.00694823,-0.381832,-0.00690972,-0.924206
1.14386,-0.189592,0.305973,0.924231,-0.00147198,-0.381831,0.00127794,-0.999975,0.00694823,-0.381832,-0.00690972,-0.924206
1.14886,-0.1896,0.303862,0.920858,-0.00146661,-0.389894,0.00175953,-0.999967,0.00791713,-0.389893,-0.00797659,-0.920826
1.15386,-0.189608,0.30168,0.907156,-0.00144479,-0.420791,0.00804754,-0.999752,0.0207818,-0.420717,-0.0222387,-0.906919
1.15886,-0.189616,0.299357,0.905381,-0.00144196,-0.424598,0.00827367,-0.999744,0.0210373,-0.42452,-0.0225598,-0.905138
1.16386,-0.189624,0.297012,0.905381,-0.00144196,-0.424598,0.00827367,-0.999744,0.0210373,-0.42452,-0.0225598,-0.905138
1.16886,-0.189632,0.294524,0.893693,-0.00142334,-0.448677,0.00126454,-0.999983,0.00569103,-0.448678,-0.0056534,-0.893676
1.17386,-0.18964,0.291982,0.889148,-0.00141611,-0.457618,0.0011197,-0.999985,0.00527002,-0.457619,-0.00519822,-0.889133
1.17886,-0.189648,0.289326,0.876929,-0.00139665,-0.480617,0.00655158,-0.999868,0.0148595,-0.480575,-0.0161795,-0.876804
1.18386,-0.189656,0.28656,0.872185,-0.00138909,-0.489175,-0.00211467,-0.999997,-0.000930736,-0.489172,0.00184622,-0.872185
1.18886,-0.189664,0.283608,0.855907,-0.00136316,-0.517128,0.0094406,-0.999789,0.0182608,-0.517044,-0.0205115,-0.855713
1.19386,-0.189672,0.280577,0.854534,-0.00136098,-0.519393,0.00924921,-0.999798,0.0178371,-0.519312,-0.0200464,-0.854349
1.19886,-0.18968,0.277495,0.841053,-0.00133951,-0.540951,0.0142583,-0.999595,0.0246436,-0.540764,-0.0284396,-0.840693
1.20386,-0.189688,0.274272,0.838118,-0.00133483,-0.545487,-0.00384854,-0.999987,-0.0034661,-0.545475,0.00500433,-0.838112
1.20886,-0.189696,0.270798,0.818746,-0.00130398,-0.574154,0.00774302,-0.999881,0.0133124,-0.574103,-0.0153452,-0.818639
1.21386,-0.189704,0.267322,0.814619,-0.00129741,-0.579995,0.0134672,-0.999686,0.0211513,-0.57984,-0.0250411,-0.814345
1.21886,-0.189712,0.263572,0.7918,-0.00126106,-0.610779,0.0119218,-0.999775,0.0175194,-0.610663,-0.0211534,-0.791608
1.22386,-0.18972,0.259704,0.790581,-0.00125912,-0.612357,0.0117306,-0.999783,0.0172004,-0.612246,-0.0207816,-0.790394
1.22886,-0.189728,0.255698,0.769161,-0.00122501,-0.639054,0.00757822,-0.99991,0.0110378,-0.63901,-0.0133328,-0.769083
1.23386,-0.189736,0.251552,0.771894,-0.00122936,-0.63575,0.00770473,-0.999907,0.0112882,-0.635705,-0.0136116,-0.771812
1.23886,-0.189743,0.247319,0.74175,-0.00118135,-0.670676,0.0101731,-0.999864,0.0130123,-0.6706,-0.0164747,-0.741637
1.24386,-0.189751,0.242809,0.743879,-0.00118474,-0.668313,0.0101098,-0.999864,0.0130254,-0.668238,-0.0164458,-0.743766
1.24886,-0.189759,0.2382,0.731329,-0.00116476,-0.682024,-0.000764644,-0.999999,0.000887869,-0.682024,-0.000127819,-0.73133
1.25386,-0.189767,0.233397,0.713397,-0.0011362,-0.700759,0.00436182,-0.999972,0.00606182,-0.700746,-0.00738108,-0.713372
1.25886,-0.189775,0.228451,0.69993,-0.00111475,-0.71421,-0.00802001,-0.999948,-0.00629893,-0.714166,0.0101368,-0.699903
1.26386,-0.189783,0.223303,0.696197,-0.0011088,-0.71785,-0.00438444,-0.999987,-0.0027076,-0.717837,0.0050324,-0.696193
1.26886,-0.189791,0.218062,0.66827,-0.00106432,-0.743918,-0.0035636,-0.999992,-0.00177054,-0.743911,0.00383423,-0.668268
1.27386,-0.189799,0.212507,0.66517,-0.00105939,-0.746691,-0.00666795,-0.999968,-0.00452124,-0.746662,0.00798629,-0.665156
1.27886,-0.189807,0.206776,0.644543,-0.00102653,-0.764567,-0.00755337,-0.999959,-0.00502504,-0.764531,0.00901391,-0.644524
1.28386,-0.189815,0.200775,0.625907,-0.000996853,-0.779897,0.00142482,-0.999996,0.00242167,-0.779897,-0.00262695,-0.625903
1.28886,-0.189823,0.194368,0.612577,-0.000975625,-0.79041,-0.00525197,-0.999982,-0.00283603,-0.790393,0.0058885,-0.612572
1.29386,-0.189831,0.187642,0.587168,-0.000935155,-0.809465,-0.00881587,-0.999947,-0.00523962,-0.809417,0.0102127,-0.587145
1.29886,-0.189839,0.180605,0.576709,-0.000918498,-0.816949,-0.0114742,-0.99991,-0.00697576,-0.816869,0.0133968,-0.576667
1.30386,-0.189847,0.173156,0.546573,-0.000870502,-0.837411,-0.00962602,-0.99994,-0.00524339,-0.837356,0.0109268,-0.546548
1.30886,-0.189855,0.165387,0.535141,-0.000852295,-0.844762,-0.0180855,-0.999782,-0.0104481,-0.844569,0.0208692,-0.53504
1.31386,-0.189863,0.157363,0.520412,-0.000828836,-0.853915,-0.022293,-0.999672,-0.012616,-0.853625,0.0256018,-0.520259
1.31886,-0.189871,0.149089,0.513104,-0.000817198,-0.858326,-0.0243249,-0.999612,-0.0135896,-0.857981,0.0278516,-0.512925
1.32386,-0.189879,0.140602,0.505276,-0.000804731,-0.862957,-0.0257045,-0.99957,-0.0141183,-0.862575,0.0293155,-0.50508
1.32886,-0.189887,0.132039,0.503365,-0.000801686,-0.864074,-0.0287526,-0.999461,-0.0158225,-0.863595,0.0328089,-0.503117
1.33386,-0.189895,0.123417,0.500859,-0.000797695,-0.865529,-0.0292144,-0.999445,-0.0159845,-0.865036,0.0332918,-0.500604
1.33886,-0.189903,0.114781,0.501597,-0.000798871,-0.865101,-0.0295929,-0.99943,-0.0162355,-0.864595,0.0337445,-0.501335
1.34386,-0.189911,0.106169,0.502517,-0.000800337,-0.864567,-0.0300478,-0.999412,-0.0165397,-0.864045,0.0342898,-0.502246
1.34886,-0.189919,0.0976409,0.507785,-0.000808726,-0.861484,-0.0298406,-0.999416,-0.0166507,-0.860967,0.0341622,-0.507512
