0.691,0.02,0.211757,-0.706563,0,0.70765,0.231532,0.944961,0.231176,-0.668702,0.327184,-0.667674
0.686,0.02,0.216767,-0.737392,0,0.675465,0.214987,0.947997,0.234697,-0.640339,0.31828,-0.699045
0.681,0.02,0.221405,-0.730726,0,0.682671,0.222526,0.945382,0.238191,-0.645385,0.325965,-0.690815
0.676,0.02,0.225928,-0.741416,0,0.671046,0.227671,0.940686,0.251546,-0.631243,0.339278,-0.69744
0.671,0.02,0.230387,-0.752902,0,0.658133,0.242588,0.929588,0.277519,-0.611793,0.3686,-0.699888
0.666,0.02,0.234551,-0.765329,0,0.643639,0.209054,0.945783,0.248578,-0.608743,0.324799,-0.723835
0.661,0.02,0.238657,-0.782069,0,0.623192,0.221119,0.934936,0.27749,-0.582645,0.354816,-0.731184
0.656,0.02,0.242653,-0.781045,0,0.624475,0.221828,0.934781,0.277445,-0.583748,0.355223,-0.730106
0.651,0.02,0.246274,-0.81255,0,0.582891,0.181413,0.950334,0.252891,-0.553941,0.311231,-0.772195
0.646,0.02,0.250061,-0.791686,0,0.610929,0.190582,0.950097,0.24697,-0.580442,0.311955,-0.752178
0.641,0.02,0.253655,-0.825644,0,0.564191,0.178823,0.948441,0.261692,-0.535102,0.316955,-0.783074
0.636,0.02,0.257026,-0.833769,0,0.552114,0.174758,0.948584,0.263909,-0.523727,0.316526,-0.790899
0.631,0.02,0.260292,-0.833762,0,0.552124,0.205658,0.928038,0.310565,-0.512392,0.372486,-0.773763
0.626,0.02,0.263603,-0.833762,0,0.552124,0.205658,0.928038,0.310565,-0.512392,0.372486,-0.773763
0.621,0.02,0.266716,-0.854702,0,0.51912,0.168636,0.945766,0.277649,-0.490965,0.324849,-0.808348
0.616,0.02,0.269783,-0.866119,0,0.499838,0.178814,0.93382,0.309849,-0.466758,0.357744,-0.808799
0.611,0.02,0.272708,-0.859501,0,0.511133,0.184678,0.932446,0.310547,-0.476604,0.361311,-0.801438
0.606,0.02,0.275583,-0.881071,0,0.472983,0.150477,0.948042,0.280307,-0.448408,0.318144,-0.835293
0.601,0.02,0.278267,-0.881071,0,0.472983,0.150477,0.948042,0.280307,-0.448408,0.318144,-0.835293
0.596,0.02,0.280991,-0.887388,0,0.461023,0.157956,0.939474,0.304038,-0.433119,0.342621,-0.833678
0.591,0.02,0.283586,-0.887754,0,0.460318,0.157616,0.939551,0.303974,-0.432493,0.342408,-0.834091
0.586,0.02,0.286148,-0.908758,0,0.417323,0.137276,0.944349,0.298932,-0.394099,0.328945,-0.858185
0.581,0.02,0.288445,-0.908758,0,0.417323,0.137276,0.944349,0.298932,-0.394099,0.328945,-0.858185
0.576,0.02,0.290759,-0.902597,0,0.430487,0.144999,0.941567,0.304017,-0.405333,0.336825,-0.849855
0.571,0.02,0.293056,-0.918836,0,0.39464,0.146648,0.928393,0.341439,-0.366381,0.371599,-0.853041
0.566,0.02,0.295203,-0.918851,0,0.394605,0.146632,0.928396,0.341438,-0.36635,0.371592,-0.853058
0.561,0.02,0.297343,-0.927976,0,0.372641,0.114982,0.951205,0.286336,-0.354458,0.30856,-0.882695
0.556,0.02,0.29929,-0.936391,0,0.350959,0.116147,0.943651,0.30989,-0.331183,0.330941,-0.883626
0.551,0.02,0.301155,-0.941095,0,0.338143,0.110588,0.945009,0.30778,-0.319548,0.327045,-0.889343
0.546,0.02,0.302933,-0.947042,0,0.321111,0.111443,0.937845,0.328676,-0.301152,0.347056,-0.888178
0.541,0.02,0.304574,-0.952697,0,0.30392,0.106224,0.936932,0.332979,-0.284753,0.349511,-0.892613
0.536,0.02,0.30613,-0.955169,0,0.296061,0.101354,0.939576,0.326993,-0.278172,0.342341,-0.897454
0.531,0.02,0.307725,-0.951191,0,0.308604,0.104702,0.940687,0.322717,-0.290299,0.339277,-0.894772
0.526,0.02,0.309347,-0.951191,0,0.308604,0.104702,0.940687,0.322717,-0.290299,0.339277,-0.894772
0.521,0.02,0.310781,-0.964967,0,0.262371,0.0849317,0.946157,0.312368,-0.248244,0.323709,-0.91301
0.516,0.02,0.31214,-0.964967,0,0.262371,0.0849317,0.946157,0.312368,-0.248244,0.323709,-0.91301
0.511,0.02,0.313489,-0.973034,0,0.230662,0.081423,0.935625,0.343477,-0.215813,0.352996,-0.910395
0.506,0.02,0.314674,-0.973034,0,0.230662,0.081423,0.935625,0.343477,-0.215813,0.352996,-0.910395
0.501,0.02,0.315869,-0.972536,0,0.232751,0.0823354,0.93534,0.344034,-0.217701,0.353749,-0.909652
0.496,0.02,0.317047,-0.980527,0,0.196384,0.0642089,0.94504,0.320588,-0.185591,0.326955,-0.926637
0.491,0.02,0.318021,-0.985835,0,0.167718,0.0591612,0.935721,0.347745,-0.156938,0.352741,-0.922466
0.486,0.02,0.318935,-0.982973,0,0.183751,0.0658692,0.933542,0.352365,-0.17154,0.358469,-0.917646
0.481,0.02,0.319822,-0.98616,0,0.165794,0.0652238,0.919366,0.387958,-0.152426,0.393402,-0.906643
0.476,0.02,0.320556,-0.989561,0,0.144117,0.0436226,0.953089,0.299529,-0.137356,0.302689,-0.94314
0.471,0.02,0.321274,-0.990029,0,0.140866,0.042554,0.95328,0.299077,-0.134284,0.302089,-0.943774
0.466,0.02,0.321867,-0.99165,0,0.12896,0.0485273,0.926498,0.373157,-0.119481,0.376299,-0.918762
0.461,0.02,0.322518,-0.99165,0,0.12896,0.0485273,0.926498,0.373157,-0.119481,0.376299,-0.918762
0.456,0.02,0.323108,-0.994907,0,0.100798,0.0385087,0.924146,0.380093,-0.093152,0.382039,-0.91944
0.451,0.02,0.323615,-0.994907,0,0.100798,0.0385087,0.924146,0.380093,-0.093152,0.382039,-0.91944
0.446,0.02,0.324106,-0.996674,0,0.0814905,0.032355,0.917801,0.39572,-0.0747921,0.39704,-0.914749
0.441,0.02,0.324511,-0.997439,0,0.0715291,0.0238709,0.942671,0.332868,-0.0674284,0.333722,-0.940257
0.436,0.02,0.32487,-0.997439,0,0.0715291,0.0238709,0.942671,0.332868,-0.0674284,0.333722,-0.940257
0.431,0.02,0.325127,-0.998781,0,0.0493525,0.0160724,0.945485,0.325268,-0.0466621,0.325664,-0.944333
0.426,0.02,0.325374,-0.998781,0,0.0493525,0.0160724,0.945485,0.325268,-0.0466621,0.325664,-0.944333
0.421,0.02,0.325602,-0.998917,0,0.0465362,0.0148736,0.947548,0.319266,-0.0440953,0.319612,-0.946522
0.416,0.02,0.325835,-0.998917,0,0.0465362,0.0148736,0.947548,0.319266,-0.0440953,0.319612,-0.946522
0.411,0.02,0.325879,-0.999966,0,-0.00828189,-0.00255831,0.951093,0.308893,0.00787685,0.308904,-0.951061
0.406,0.02,0.325838,-0.999966,0,-0.00828189,-0.00255831,0.951093,0.308893,0.00787685,0.308904,-0.951061
0.401,0.02,0.325831,-1,0,0.000362123,0.000109579,0.953117,0.302601,-0.000345146,0.302601,-0.953117
0.396,0.02,0.325828,-0.998735,0,-0.0502786,-0.0154316,0.951734,0.306534,0.0478519,0.306923,-0.950531
0.391,0.02,0.325541,-0.99796,0,-0.0638353,-0.0268667,0.907118,0.420018,0.0579061,0.420876,-0.905268
0.386,0.02,0.325197,-0.996462,0,-0.0840443,-0.0329721,0.91983,0.39093,0.0773064,0.392318,-0.916575
0.381,0.02,0.324775,-0.996462,0,-0.0840443,-0.0329721,0.91983,0.39093,0.0773064,0.392318,-0.916575
0.376,0.02,0.324355,-0.997215,0,-0.0745766,-0.0286255,0.923399,0.382772,0.068864,0.38384,-0.920828
0.371,0.02,0.32385,-0.994862,0,-0.101237,-0.0387088,0.924013,0.380396,0.093544,0.38236,-0.919266
0.366,0.02,0.323329,-0.991611,0,-0.129255,-0.0501143,0.921779,0.384464,0.119145,0.387716,-0.914046
0.361,0.02,0.322649,-0.989425,0,-0.145044,-0.0537131,0.928903,0.366406,0.134732,0.370322,-0.91908
0.356,0.02,0.32192,-0.990027,0,-0.14088,-0.0520365,0.929283,0.365685,0.130917,0.369369,-0.920015
0.351,0.02,0.321208,-0.990027,0,-0.14088,-0.0520365,0.929283,0.365685,0.130917,0.369369,-0.920015
0.346,0.02,0.320427,-0.985123,0,-0.171853,-0.0635268,0.929168,0.364158,0.15968,0.369658,-0.915344
0.341,0.02,0.319554,-0.985123,0,-0.171853,-0.0635268,0.929168,0.364158,0.15968,0.369658,-0.915344
0.336,0.02,0.318551,-0.980857,0,-0.194732,-0.0664001,0.94007,0.334455,0.183062,0.340982,-0.922074
0.331,0.02,0.31755,-0.977822,0,-0.209438,-0.069633,0.943112,0.325103,0.197523,0.332476,-0.922195
0.326,0.02,0.316308,-0.967839,0,-0.251572,-0.0990484,0.919231,0.381056,0.231252,0.393719,-0.889667
0.321,0.02,0.315067,-0.971909,0,-0.235357,-0.0921993,0.920075,0.380738,0.216546,0.391742,-0.894229
0.316,0.02,0.313807,-0.969241,0,-0.246112,-0.0941652,0.92391,0.370842,0.227386,0.382611,-0.895491
0.311,0.02,0.312491,-0.966926,0,-0.255056,-0.0981521,0.922989,0.372098,0.235414,0.384826,-0.892463
0.306,0.02,0.311073,-0.959313,0,-0.282343,-0.101266,0.933468,0.344069,0.263558,0.358662,-0.895488
0.301,0.02,0.309595,-0.953044,0,-0.302832,-0.130315,0.902676,0.410115,0.273359,0.430321,-0.86029
0.296,0.02,0.307965,-0.948435,0,-0.316973,-0.125139,0.91877,0.374436,0.291225,0.394794,-0.871393
0.291,0.02,0.306307,-0.951573,0,-0.307422,-0.121443,0.918665,0.375907,0.282418,0.395038,-0.874177
0.286,0.02,0.304635,-0.942759,0,-0.333475,-0.119183,0.933952,0.336939,0.311449,0.357397,-0.880492
0.281,0.02,0.302774,-0.936453,0,-0.350792,-0.126447,0.932775,0.337554,0.32721,0.36046,-0.8735
0.276,0.02,0.300828,-0.927468,0,-0.373903,-0.155531,0.90938,0.385795,0.34002,0.415966,-0.843421
0.271,0.02,0.298812,-0.927468,0,-0.373903,-0.155531,0.90938,0.385795,0.34002,0.415966,-0.843421
0.266,0.02,0.296842,-0.924795,0,-0.380465,-0.145854,0.9236,0.354528,0.351397,0.383358,-0.854141
0.261,0.02,0.294786,-0.924943,0,-0.380106,-0.14568,0.92364,0.354495,0.351081,0.383262,-0.854314
0.256,0.02,0.292686,-0.91673,0,-0.399508,-0.142698,0.934034,0.327441,0.373154,0.357184,-0.856257
0.251,0.02,0.290425,-0.908201,0,-0.418535,-0.168295,0.915593,0.365193,0.383208,0.402106,-0.831542
0.246,0.02,0.288149,-0.911469,0,-0.411368,-0.164963,0.916073,0.365509,0.376843,0.401011,-0.834973
0.241,0.02,0.285758,-0.902292,0,-0.431125,-0.159984,0.928599,0.334828,0.400342,0.371086,-0.837867
0.236,0.02,0.283369,-0.902292,0,-0.431125,-0.159984,0.928599,0.334828,0.400342,0.371086,-0.837867
0.231,0.02,0.280818,-0.882691,0,-0.469955,-0.184996,0.919262,0.347468,0.432011,0.393647,-0.811424
0.226,0.02,0.278153,-0.874464,0,-0.485091,-0.18695,0.922753,0.337011,0.447619,0.385392,-0.806914
0.221,0.02,0.275423,-0.879476,0,-0.475943,-0.182021,0.923979,0.336349,0.439762,0.382442,-0.812618
0.216,0.02,0.272672,-0.871202,0,-0.490925,-0.210094,0.9038,0.372835,0.443698,0.427955,-0.787392
0.211,0.02,0.269679,-0.852205,0,-0.523209,-0.199871,0.924158,0.32555,0.483528,0.38201,-0.787572
0.206,0.02,0.266667,-0.85855,0,-0.51273,-0.196287,0.92382,0.328676,0.47367,0.382826,-0.793146
0.201,0.02,0.263444,-0.810712,0,-0.585445,-0.226888,0.92185,0.31419,0.539692,0.387548,-0.747355
0.196,0.02,0.259886,-0.842638,0,-0.538481,-0.20471,0.92492,0.320339,0.498052,0.380162,-0.779372
0.191,0.02,0.256515,-0.817336,0,-0.576162,-0.201842,0.93663,0.28633,0.53965,0.350321,-0.765541
0.186,0.02,0.252807,-0.811641,0,-0.584157,-0.224819,0.922974,0.312369,0.539162,0.384861,-0.749124
0.181,0.02,0.249096,-0.788556,0,-0.614963,-0.205661,0.942421,0.263716,0.579554,0.334429,-0.743152
0.176,0.02,0.245205,-0.774439,0,-0.632649,-0.249316,0.919075,0.305192,0.581452,0.394082,-0.711767
0.171,0.02,0.241203,-0.767262,0,-0.641334,-0.224516,0.936721,0.2686,0.600751,0.350076,-0.71871
0.166,0.02,0.237162,-0.790759,0,-0.612128,-0.214188,0.936785,0.276692,0.573432,0.349907,-0.740771
0.161,0.02,0.233115,-0.759001,0,-0.651089,-0.210553,0.946267,0.24545,0.616104,0.323386,-0.718218
0.156,0.02,0.228808,-0.755216,0,-0.655476,-0.212217,0.946139,0.244508,0.620172,0.32376,-0.714539
0.151,0.02,0.22436,-0.73907,0,-0.673628,-0.227927,0.941018,0.25007,0.633896,0.338358,-0.695478
0.146,0.02,0.219748,-0.733869,0,-0.679291,-0.223744,0.944198,0.241721,0.641385,0.329379,-0.692918
0.141,0.02,0.215015,-0.733046,0,-0.680179,-0.241095,0.935072,0.259833,0.636017,0.354457,-0.685451
0.136,0.02,0.210289,-0.714005,0,-0.70014,-0.214322,0.951995,0.218566,0.66653,0.306113,-0.67973
0.131,0.02,0.205476,-0.707079,0,-0.707134,-0.251268,0.93474,0.251248,0.660987,0.355333,-0.660935
0.126,0.02,0.200348,-0.688018,0,-0.725693,-0.225178,0.950641,0.213488,0.689874,0.310293,-0.654058
0.121,0.02,0.195074,-0.688018,0,-0.725693,-0.225178,0.950641,0.213488,0.689874,0.310293,-0.654058
0.116,0.02,0.189672,-0.673628,0,-0.739071,-0.220762,0.954346,0.201214,0.705329,0.298703,-0.642874
0.116,0.025,0.19178,-0.685899,0,-0.727697,-0.195018,0.963421,0.183817,0.701078,0.267994,-0.660809
0.116,0.03,0.19353,-0.682649,0,-0.730746,-0.152287,0.978044,0.142264,0.714702,0.2084,-0.667661
0.116,0.035,0.195091,-0.682649,0,-0.730746,-0.152287,0.978044,0.142264,0.714702,0.2084,-0.667661
0.116,0.04,0.196113,-0.674287,0,-0.73847,-0.0980003,0.991155,0.0894827,0.731938,0.132707,-0.668323
0.116,0.045,0.197221,-0.648546,0,-0.761176,-0.0796683,0.994508,0.06788,0.756995,0.104665,-0.644984
0.116,0.05,0.198033,-0.648546,0,-0.761176,-0.0796683,0.994508,0.06788,0.756995,0.104665,-0.644984
0.116,0.055,0.198835,-0.649452,0,-0.760403,-0.0786999,0.99463,0.0672168,0.756319,0.103498,-0.645964
0.121,0.055,0.204706,-0.647466,0,-0.762094,-0.0788741,0.99463,0.0670105,0.758002,0.103497,-0.643989
0.126,0.055,0.210335,-0.681927,0,-0.73142,-0.0901852,0.992369,0.0840826,0.725839,0.123302,-0.676723
0.131,0.055,0.215701,-0.686751,0,-0.726893,-0.0735794,0.994864,0.069516,0.723159,0.101225,-0.683223
0.136,0.055,0.220901,-0.696675,0,-0.717387,-0.0718741,0.994968,0.069799,0.713777,0.100189,-0.69317
0.141,0.055,0.225835,-0.716024,0,-0.698076,-0.0829209,0.99292,0.0850529,0.693133,0.118785,-0.710955
0.146,0.055,0.230651,-0.721648,0,-0.69226,-0.0822087,0.992924,0.0856986,0.687362,0.118754,-0.716541
0.151,0.055,0.235211,-0.746669,0,-0.665196,-0.0826495,0.992251,0.0927724,0.660041,0.124248,-0.740883
0.156,0.055,0.239734,-0.738719,0,-0.674014,-0.0836732,0.992265,0.0917058,0.6688,0.124142,-0.733005
0.161,0.055,0.244085,-0.768095,0,-0.640336,-0.0905231,0.989957,0.108584,0.633905,0.141368,-0.760381
0.166,0.055,0.248308,-0.758763,0,-0.651367,-0.0913748,0.990112,0.10644,0.644926,0.140282,-0.75126
0.171,0.055,0.252461,-0.782226,0,-0.622995,-0.0872911,0.990135,0.109602,0.616849,0.140115,-0.77451
0.176,0.055,0.256422,-0.787391,0,-0.616454,-0.086703,0.99006,0.110745,0.610327,0.140648,-0.779564
0.181,0.055,0.260306,-0.803621,0,-0.595141,-0.0809961,0.990696,0.109369,0.589604,0.136096,-0.796144
0.186,0.055,0.264009,-0.803621,0,-0.595141,-0.0809961,0.990696,0.109369,0.589604,0.136096,-0.796144
0.191,0.055,0.267569,-0.820378,0,-0.571822,-0.0782612,0.99059,0.112279,0.566441,0.136863,-0.812658
0.196,0.055,0.271054,-0.820378,0,-0.571822,-0.0782612,0.99059,0.112279,0.566441,0.136863,-0.812658
0.201,0.055,0.274324,-0.842021,0,-0.539444,-0.0811809,0.988612,0.126716,0.533301,0.15049,-0.832432
0.206,0.055,0.277414,-0.856196,0,-0.51665,-0.0807616,0.987707,0.133839,0.510299,0.156318,-0.845671
0.211,0.055,0.280395,-0.85488,0,-0.518826,-0.0773502,0.988824,0.127451,0.513028,0.149087,-0.845326
0.216,0.055,0.283372,-0.862139,0,-0.506672,-0.0807604,0.987215,0.13742,0.500194,0.159394,-0.851116
0.221,0.055,0.286082,-0.88527,0,-0.465077,-0.0707581,0.988359,0.134687,0.459663,0.152143,-0.874964
0.226,0.055,0.288751,-0.879671,0,-0.475584,-0.0722713,0.988386,0.133678,0.47006,0.151963,-0.869454
0.231,0.055,0.291404,-0.892461,0,-0.451125,-0.065361,0.989449,0.129304,0.446365,0.144885,-0.883044
0.236,0.055,0.29388,-0.903148,0,-0.42933,-0.0681794,0.98731,0.143424,0.423882,0.158804,-0.891687
0.241,0.055,0.296257,-0.903148,0,-0.42933,-0.0681794,0.98731,0.143424,0.423882,0.158804,-0.891687
0.246,0.055,0.298482,-0.917506,0,-0.397723,-0.0621931,0.987698,0.143473,0.39283,0.156373,-0.906218
0.251,0.055,0.300649,-0.917692,0,-0.397293,-0.0621089,0.987705,0.143463,0.392408,0.15633,-0.906409
0.256,0.055,0.302825,-0.916154,0,-0.400826,-0.0613518,0.988216,0.14023,0.396102,0.153063,-0.905359
0.261,0.055,0.304917,-0.925494,0,-0.378762,-0.0564837,0.988818,0.138016,0.374527,0.149127,-0.915145
0.266,0.055,0.306922,-0.92377,0,-0.382948,-0.0633985,0.986201,0.152934,0.377664,0.165554,-0.911023
0.271,0.055,0.30888,-0.935526,0,-0.353257,-0.0490121,0.990328,0.129798,0.349841,0.138743,-0.926478
0.276,0.055,0.310709,-0.941761,0,-0.336282,-0.0502409,0.988777,0.1407,0.332508,0.149401,-0.931192
0.281,0.055,0.312446,-0.944987,0,-0.327107,-0.0477671,0.98928,0.137995,0.3236,0.146029,-0.934857
0.286,0.055,0.314111,-0.949838,0,-0.312741,-0.0493258,0.987484,0.149809,0.308827,0.157721,-0.93795
0.291,0.055,0.315791,-0.947948,0,-0.318425,-0.0505759,0.987306,0.150564,0.314383,0.158832,-0.935915
0.296,0.055,0.317411,-0.956436,0,-0.291942,-0.0457597,0.98764,0.149914,0.288334,0.156742,-0.944614
0.301,0.055,0.318937,-0.956436,0,-0.291942,-0.0457597,0.98764,0.149914,0.288334,0.156742,-0.944614
0.306,0.055,0.320392,-0.965064,0,-0.262016,-0.0376654,0.989614,0.13873,0.259295,0.143752,-0.95504
0.311,0.055,0.32175,-0.965064,0,-0.262016,-0.0376654,0.989614,0.13873,0.259295,0.143752,-0.95504
0.316,0.055,0.323088,-0.969835,0,-0.243761,-0.0316434,0.991538,0.125898,0.241699,0.129813,-0.961629
0.321,0.055,0.324282,-0.972931,0,-0.231095,-0.0401417,0.984798,0.169001,0.227581,0.173703,-0.958141
0.326,0.055,0.325467,-0.97425,0,-0.225472,-0.0391613,0.984801,0.169213,0.222045,0.173686,-0.959442
0.331,0.055,0.32662,-0.976568,0,-0.215208,-0.0330384,0.988146,0.149921,0.212657,0.153518,-0.964992
0.336,0.055,0.327675,-0.980749,0,-0.195271,-0.0296586,0.988398,0.14896,0.193006,0.151884,-0.969371
0.341,0.055,0.328647,-0.981712,0,-0.19037,-0.0302696,0.987278,0.156096,0.187948,0.159004,-0.969223
0.346,0.055,0.329529,-0.984949,0,-0.172843,-0.0271281,0.987606,0.15459,0.170701,0.156953,-0.972742
0.351,0.055,0.330251,-0.99115,0,-0.132743,-0.0180147,0.990749,0.13451,0.131515,0.135711,-0.981981
0.356,0.055,0.33094,-0.98951,0,-0.144467,-0.0206731,0.989708,0.141598,0.14298,0.1431,-0.979326
0.361,0.055,0.331584,-0.992326,0,-0.123648,-0.0189091,0.988238,0.151753,0.122194,0.152927,-0.980654
0.366,0.055,0.332191,-0.99428,0,-0.106804,-0.0146044,0.990607,0.135959,0.1058,0.136741,-0.984941
0.371,0.055,0.332649,-0.995996,0,-0.0894021,-0.0125717,0.990064,0.140057,0.0885138,0.14062,-0.986099
0.376,0.055,0.333098,-0.995996,0,-0.0894021,-0.0125717,0.990064,0.140057,0.0885138,0.14062,-0.986099
0.381,0.055,0.333508,-0.997612,0,-0.0690635,-0.0105523,0.988258,0.152426,0.0682526,0.152791,-0.985899
0.386,0.055,0.333854,-0.997612,0,-0.0690635,-0.0105523,0.988258,0.152426,0.0682526,0.152791,-0.985899
0.391,0.055,0.334158,-0.998471,0,-0.0552866,-0.00840386,0.98838,0.151773,0.0546442,0.152005,-0.986868
0.396,0.055,0.334366,-0.999945,0,-0.0104408,-0.00146003,0.990174,0.139831,0.0103382,0.139838,-0.99012
0.401,0.055,0.334418,-0.999945,0,-0.0104408,-0.00146003,0.990174,0.139831,0.0103382,0.139838,-0.99012
0.406,0.055,0.334524,-1,0,-0.000467986,-7.78206e-05,0.986077,0.166288,0.00046147,0.166288,-0.986077
0.411,0.055,0.334526,-1,0,-0.000467986,-7.78206e-05,0.986077,0.166288,0.00046147,0.166288,-0.986077
0.416,0.055,0.33445,-0.999553,0,0.0298823,0.004615,0.988002,0.154371,-0.0295237,0.15444,-0.987561
0.421,0.055,0.3343,-0.999553,0,0.0298832,0.00461518,0.988002,0.154372,-0.0295246,0.154441,-0.987561
0.426,0.055,0.334113,-0.998617,0,0.0525659,0.0081528,0.987899,0.154882,-0.0519299,0.155097,-0.986533
0.431,0.055,0.333851,-0.998671,0,0.0515341,0.0080518,0.987719,0.156035,-0.0509012,0.156242,-0.986406
0.436,0.055,0.333575,-0.997763,0,0.0668506,0.0104489,0.987709,0.155952,-0.066029,0.156302,-0.9855
0.441,0.055,0.333224,-0.99717,0,0.0751835,0.0123674,0.986378,0.164031,-0.0741593,0.164497,-0.983586
0.446,0.055,0.332841,-0.995497,0,0.0947883,0.0151003,0.987229,0.158588,-0.0935778,0.159305,-0.982784
0.451,0.055,0.332365,-0.995497,0,0.0947883,0.0151003,0.987229,0.158588,-0.0935778,0.159305,-0.982784
0.456,0.055,0.331895,-0.995659,0,0.0930782,0.0147046,0.987442,0.157296,-0.0919093,0.157982,-0.983155
0.461,0.055,0.331345,-0.993194,0,0.116473,0.0177049,0.988379,0.150974,-0.115119,0.152009,-0.981652
0.466,0.055,0.330759,-0.993253,0,0.11597,0.0175673,0.98846,0.15046,-0.114632,0.151482,-0.981791
0.471,0.055,0.33008,-0.990633,0,0.136555,0.0218987,0.987058,0.158864,-0.134787,0.160366,-0.977811
0.476,0.055,0.32939,-0.990633,0,0.136555,0.0218987,0.987058,0.158864,-0.134787,0.160366,-0.977811
0.481,0.055,0.328702,-0.986677,0,0.16269,0.0230031,0.989954,0.139508,-0.161056,0.141392,-0.976765
0.486,0.055,0.327757,-0.978845,0,0.204605,0.037752,0.98283,0.180608,-0.201092,0.184512,-0.962038
0.491,0.055,0.326779,-0.981415,0,0.191899,0.0351617,0.98307,0.179825,-0.18865,0.18323,-0.964799
0.496,0.055,0.325763,-0.974673,0,0.223634,0.0409785,0.983068,0.178598,-0.219848,0.183239,-0.95817
0.501,0.055,0.324616,-0.974673,0,0.223634,0.0409785,0.983068,0.178598,-0.219848,0.183239,-0.95817
0.506,0.055,0.323488,-0.977746,0,0.209792,0.0363178,0.984902,0.169261,-0.206624,0.173113,-0.962984
0.511,0.055,0.322301,-0.971715,0,0.236158,0.0387705,0.986432,0.159528,-0.232954,0.164172,-0.95853
0.516,0.055,0.321081,-0.970786,0,0.239947,0.0356419,0.988906,0.144201,-0.237286,0.148541,-0.960016
0.521,0.055,0.319726,-0.961787,0,0.273798,0.0393642,0.989611,0.138277,-0.270953,0.143771,-0.951795
0.526,0.055,0.318302,-0.961787,0,0.273798,0.0393642,0.989611,0.138277,-0.270953,0.143771,-0.951795
0.531,0.055,0.316797,-0.952763,0,0.303714,0.0523312,0.985044,0.164165,-0.299171,0.172304,-0.938514
0.536,0.055,0.315203,-0.952763,0,0.303714,0.0523312,0.985044,0.164165,-0.299171,0.172304,-0.938514
0.541,0.055,0.313586,-0.951044,0,0.309057,0.0533325,0.984998,0.164117,-0.30442,0.172565,-0.936776
0.546,0.055,0.311843,-0.942954,0,0.332922,0.0456639,0.990549,0.129337,-0.329775,0.137161,-0.934042
0.551,0.055,0.310063,-0.939899,0,0.341454,0.0528498,0.987949,0.145477,-0.337339,0.154779,-0.928572
0.556,0.055,0.308161,-0.930018,0,0.367514,0.0515258,0.990123,0.13039,-0.363884,0.140201,-0.920832
0.561,0.055,0.306178,-0.927967,0,0.372662,0.0523499,0.990084,0.130356,-0.368967,0.140475,-0.918765
0.566,0.055,0.304165,-0.922309,0,0.386454,0.0654673,0.985546,0.156244,-0.380868,0.169405,-0.908978
0.571,0.055,0.301967,-0.914221,0,0.405216,0.0520317,0.991722,0.11739,-0.401862,0.128405,-0.906653
0.576,0.055,0.299779,-0.918569,0,0.395261,0.0522354,0.991229,0.121393,-0.391794,0.132154,-0.910512
0.581,0.055,0.297605,-0.914804,0,0.403898,0.0660298,0.986546,0.149554,-0.398464,0.163482,-0.902497
0.586,0.055,0.295227,-0.898537,0,0.438898,0.0585851,0.991051,0.119939,-0.434971,0.133482,-0.890496
0.591,0.055,0.292784,-0.898471,0,0.439033,0.0586005,0.991052,0.119924,-0.435105,0.133476,-0.890431
0.596,0.055,0.290263,-0.884564,0,0.466418,0.0704346,0.988532,0.13358,-0.461069,0.151012,-0.87442
0.601,0.055,0.287627,-0.884564,0,0.466418,0.0704346,0.988532,0.13358,-0.461069,0.151012,-0.87442
0.606,0.055,0.284933,-0.879282,0,0.476302,0.0710906,0.988799,0.131237,-0.470967,0.149255,-0.869433
0.611,0.055,0.282173,-0.867783,0,0.496943,0.077452,0.98778,0.13525,-0.49087,0.155857,-0.857179
0.616,0.055,0.279309,-0.867783,0,0.496943,0.077452,0.98778,0.13525,-0.49087,0.155857,-0.857179
0.621,0.055,0.276469,-0.861,0,0.508605,0.0848053,0.986001,0.143564,-0.501485,0.166741,-0.848946
0.626,0.055,0.273482,-0.856736,0,0.515756,0.0830193,0.98696,0.137906,-0.50903,0.160966,-0.845564
0.631,0.055,0.270405,-0.846376,0,0.532586,0.0826204,0.987894,0.131299,-0.526138,0.155131,-0.83613
0.636,0.055,0.267243,-0.844577,0,0.535435,0.0832422,0.987841,0.131303,-0.528924,0.155467,-0.834308
0.641,0.055,0.263978,-0.834249,0,0.551388,0.0959903,0.98473,0.145233,-0.542968,0.174088,-0.82151
0.646,0.055,0.260558,-0.821949,0,0.569561,0.0890129,0.987712,0.128457,-0.562562,0.156283,-0.811849
0.651,0.055,0.257059,-0.809765,0,0.586755,0.103479,0.984326,0.142809,-0.577558,0.176359,-0.797072
0.656,0.055,0.253382,-0.8042,0,0.594358,0.0962775,0.986793,0.130269,-0.586509,0.161986,-0.793579
0.661,0.055,0.249518,-0.787865,0,0.615848,0.103622,0.985743,0.132565,-0.607068,0.168259,-0.776632
0.666,0.055,0.245665,-0.793368,0,0.608742,0.102713,0.985662,0.133866,-0.600014,0.168731,-0.781993
0.671,0.055,0.241568,-0.763257,0,0.646095,0.10861,0.985769,0.128306,-0.636901,0.168103,-0.752396
0.676,0.055,0.23734,-0.763771,0,0.645488,0.108443,0.985787,0.128314,-0.636313,0.168001,-0.752915
0.681,0.055,0.232989,-0.745235,0,0.666802,0.108707,0.986622,0.121493,-0.657881,0.163027,-0.735265
0.686,0.055,0.228478,-0.738338,0,0.67443,0.110405,0.98651,0.120867,-0.665332,0.163701,-0.728378
0.691,0.055,0.22382,-0.720226,0,0.693739,0.115281,0.986096,0.119683,-0.684094,0.166174,-0.710213
0.691,0.06,0.224904,-0.727554,0,0.68605,0.103856,0.988475,0.110139,-0.678144,0.151382,-0.719169
0.691,0.065,0.225914,-0.717319,0,0.696745,0.0831261,0.992858,0.0855806,-0.691769,0.119306,-0.712195
0.691,0.07,0.226737,-0.730842,0,0.682546,0.0805991,0.993003,0.0863021,-0.677771,0.118086,-0.725729
0.691,0.075,0.227526,-0.737607,0,0.675231,0.068728,0.994806,0.0750769,-0.671724,0.101784,-0.733776
0.691,0.08,0.228116,-0.726245,0,0.687436,0.0563558,0.996634,0.0595374,-0.685122,0.0819797,-0.723801
0.691,0.085,0.22865,-0.733843,0,0.679319,0.0450184,0.997802,0.0486317,-0.677826,0.06627,-0.73223
0.691,0.09,0.229001,-0.718792,0,0.695226,0.029577,0.999095,0.0305796,-0.694596,0.0425431,-0.718141
0.686,0.09,0.233619,-0.748241,0,0.663427,0.0238291,0.999355,0.0268754,-0.662999,0.0359181,-0.747759
0.681,0.09,0.237974,-0.764799,0,0.644268,0.027018,0.99912,0.0320726,-0.643702,0.041936,-0.764127
0.676,0.09,0.242178,-0.770274,0,0.637713,0.0255841,0.999195,0.0309022,-0.6372,0.0401185,-0.769654
0.671,0.09,0.246326,-0.769412,0,0.638752,0.0251985,0.999222,0.030353,-0.638255,0.0394496,-0.768813
0.666,0.09,0.250371,-0.781083,0,0.624427,0.0214683,0.999409,0.0268543,-0.624058,0.0343808,-0.780621
0.661,0.09,0.254168,-0.806442,0,0.591313,0.0205307,0.999397,0.0280001,-0.590957,0.0347206,-0.805956
0.656,0.09,0.257875,-0.802207,0,0.597046,0.020958,0.999384,0.0281598,-0.596678,0.0351029,-0.801713
0.651,0.09,0.261418,-0.820054,0,0.572286,0.0202494,0.999374,0.0290163,-0.571928,0.0353834,-0.819541
0.646,0.09,0.264797,-0.830801,0,0.55657,0.0193385,0.999396,0.0288669,-0.556234,0.0347458,-0.830299
0.641,0.09,0.268108,-0.838255,0,0.545278,0.0137971,0.99968,0.0212102,-0.545104,0.0253028,-0.837987
0.636,0.09,0.271361,-0.838255,0,0.545278,0.0137971,0.99968,0.0212102,-0.545104,0.0253028,-0.837987
0.631,0.09,0.274543,-0.846406,0,0.532537,0.0154428,0.999579,0.0245446,-0.532313,0.0289986,-0.846051
0.626,0.09,0.277633,-0.859138,0,0.511744,0.0254748,0.99876,0.0427683,-0.511109,0.0497805,-0.858073
0.621,0.09,0.280503,-0.869536,0,0.49387,0.0233904,0.998878,0.0411826,-0.493315,0.0473616,-0.86856
0.616,0.09,0.28329,-0.876358,0,0.48166,0.0269268,0.998436,0.0489921,-0.480907,0.0559042,-0.874987
0.611,0.09,0.286038,-0.875905,0,0.482483,0.0269043,0.998444,0.0488425,-0.481732,0.0557623,-0.874543
0.606,0.09,0.288727,-0.881266,0,0.47262,0.0228267,0.998833,0.0425637,-0.472069,0.0482983,-0.880238
0.601,0.09,0.291325,-0.889313,0,0.457299,0.022687,0.998769,0.0441195,-0.456736,0.0496108,-0.888218
0.596,0.09,0.293851,-0.897607,0,0.440798,0.0223617,0.998712,0.0455356,-0.44023,0.05073,-0.896451
0.591,0.09,0.296296,-0.901423,0,0.432939,0.0217446,0.998738,0.0452745,-0.432392,0.0502255,-0.900286
0.586,0.09,0.298696,-0.90155,0,0.432676,0.0217969,0.99873,0.0454175,-0.432126,0.0503771,-0.900405
0.581,0.09,0.300991,-0.90973,0,0.415201,0.0168132,0.99918,0.0368387,-0.414861,0.0404941,-0.908983
0.576,0.09,0.303207,-0.91574,0,0.401771,0.0183963,0.998951,0.0419299,-0.401349,0.045788,-0.91478
0.571,0.09,0.3054,-0.91574,0,0.401771,0.0183963,0.998951,0.0419299,-0.401349,0.045788,-0.91478
0.566,0.09,0.307572,-0.92722,0,0.374516,0.00617255,0.999864,0.0152819,-0.374465,0.0164814,-0.927094
0.561,0.09,0.309592,-0.92722,0,0.374516,0.00617255,0.999864,0.0152819,-0.374465,0.0164814,-0.927094
0.556,0.09,0.311479,-0.934235,0,0.356657,0.014401,0.999184,0.0377222,-0.356366,0.0403776,-0.933474
0.551,0.09,0.313337,-0.937602,0,0.347711,0.0106526,0.999531,0.0287248,-0.347548,0.0306365,-0.937162
0.546,0.09,0.315111,-0.942934,0,0.332979,0.01207,0.999343,0.0341798,-0.332761,0.0362484,-0.942314
0.541,0.09,0.316859,-0.942517,0,0.334159,0.010712,0.999486,0.0302139,-0.333987,0.0320566,-0.942032
0.536,0.09,0.318595,-0.946447,0,0.322858,0.0134531,0.999131,0.0394371,-0.322578,0.0416686,-0.945625
0.531,0.09,0.320133,-0.95972,0,0.280957,0.00847133,0.999545,0.0289372,-0.28083,0.0301517,-0.959284
0.526,0.09,0.321544,-0.965137,0,0.261745,0.00568594,0.999764,0.0209658,-0.261684,0.0217232,-0.964909
0.521,0.09,0.322897,-0.965389,0,0.260813,0.0058269,0.99975,0.0215681,-0.260748,0.0223413,-0.965148
0.516,0.09,0.324242,-0.965904,0,0.258899,0.00564591,0.999762,0.0210638,-0.258838,0.0218074,-0.965675
0.511,0.09,0.325558,-0.96853,0,0.248897,0.00712373,0.99959,0.0277205,-0.248795,0.0286212,-0.968133
0.506,0.09,0.326763,-0.974633,0,0.223809,0.00319258,0.999898,0.0139029,-0.223786,0.0142647,-0.974534
0.501,0.09,0.327888,-0.975948,0,0.218004,0.00376377,0.999851,0.0168494,-0.217972,0.0172646,-0.975802
0.496,0.09,0.328961,-0.980138,0,0.198316,0.00104868,0.999986,0.0051829,-0.198314,0.00528793,-0.980124
0.491,0.09,0.329952,-0.981118,0,0.193411,0.00163485,0.999964,0.00829313,-0.193404,0.00845274,-0.981083
0.486,0.09,0.330895,-0.984845,0,0.173436,0.000793595,0.99999,0.00450639,-0.173434,0.00457573,-0.984835
0.481,0.09,0.331739,-0.986473,0,0.163922,0.00259929,0.999874,0.0156424,-0.163901,0.0158569,-0.986349
0.476,0.09,0.332497,-0.989841,0,0.142178,0.00293945,0.999786,0.0204644,-0.142148,0.0206744,-0.98963
0.471,0.09,0.333218,-0.989101,0,0.147241,0.00388305,0.999652,0.0260847,-0.147189,0.0263721,-0.988757
0.466,0.09,0.333821,-0.993015,0,0.11799,0.00204032,0.99985,0.0171715,-0.117972,0.0172923,-0.992866
0.461,0.09,0.334415,-0.993015,0,0.11799,0.00204032,0.99985,0.0171715,-0.117972,0.0172923,-0.992866
0.456,0.09,0.334984,-0.994628,0,0.103513,0.00138653,0.99991,0.0133229,-0.103503,0.0133948,-0.994539
0.451,0.09,0.335501,-0.994755,0,0.102285,0.00149652,0.999893,0.0145541,-0.102274,0.0146309,-0.994649
0.446,0.09,0.336015,-0.994755,0,0.102285,0.00149652,0.999893,0.0145541,-0.102274,0.0146309,-0.994649
0.441,0.09,0.336442,-0.996379,0,0.0850197,0.00112536,0.999912,0.0131885,-0.0850123,0.0132364,-0.996292
0.436,0.09,0.336813,-0.998645,0,0.0520476,0.00179885,0.999403,0.0345148,-0.0520165,0.0345617,-0.998048
0.431,0.09,0.337073,-0.998645,0,0.0520476,0.00179885,0.999403,0.0345148,-0.0520165,0.0345617,-0.998048
0.426,0.09,0.33728,-0.999437,0,0.0335376,0.00112476,0.999437,0.0335184,-0.0335187,0.0335373,-0.998875
0.421,0.09,0.337448,-0.999437,0,0.0335376,0.00112476,0.999437,0.0335184,-0.0335187,0.0335373,-0.998875
0.416,0.09,0.337581,-0.999791,0,0.02042,8.41626e-05,0.999992,0.00412072,-0.0204198,0.00412158,-0.999783
0.411,0.09,0.337683,-0.999791,0,0.02042,8.41626e-05,0.999992,0.00412072,-0.0204198,0.00412158,-0.999783
0.406,0.09,0.337679,-0.999887,0,-0.0150355,3.99358e-05,0.999996,-0.0026558,0.0150354,-0.0026561,-0.999883
0.401,0.09,0.337603,-0.999887,0,-0.0150355,3.99358e-05,0.999996,-0.0026558,0.0150354,-0.0026561,-0.999883
0.396,0.09,0.337437,-0.999342,0,-0.0362667,-0.00104436,0.999585,0.0287777,0.0362517,0.0287966,-0.998928
0.391,0.09,0.337255,-0.999342,0,-0.0362667,-0.00104436,0.999585,0.0287777,0.0362517,0.0287966,-0.998928
0.386,0.09,0.336977,-0.997759,0,-0.066911,-0.00202742,0.999541,0.0302324,0.0668803,0.0303003,-0.997301
0.381,0.09,0.336641,-0.997759,0,-0.066911,-0.00202742,0.999541,0.0302324,0.0668803,0.0303003,-0.997301
0.376,0.09,0.33625,-0.996395,0,-0.084832,-0.00297751,0.999384,0.0349724,0.0847797,0.0350989,-0.995781
0.371,0.09,0.335809,-0.995889,0,-0.090579,-0.00268325,0.999561,0.0295015,0.0905393,0.0296233,-0.995452
0.366,0.09,0.335311,-0.993483,0,-0.113978,-0.00364755,0.999488,0.0317938,0.113919,0.0320023,-0.992974
0.361,0.09,0.334737,-0.993483,0,-0.113978,-0.00364755,0.999488,0.0317938,0.113919,0.0320023,-0.992974
0.356,0.09,0.334074,-0.988828,0,-0.149063,-0.00385278,0.999666,0.0255579,0.149013,0.0258467,-0.988497
0.351,0.09,0.33332,-0.988828,0,-0.149063,-0.00385278,0.999666,0.0255579,0.149013,0.0258467,-0.988497
0.346,0.09,0.332487,-0.984845,0,-0.173438,-0.00282133,0.999868,0.0160206,0.173415,0.0162671,-0.984715
0.341,0.09,0.33155,-0.982878,0,-0.184257,-0.00439026,0.999716,0.0234189,0.184204,0.0238269,-0.982599
0.336,0.09,0.330597,-0.981772,0,-0.190061,-0.00409437,0.999768,0.0211497,0.190017,0.0215423,-0.981544
0.331,0.09,0.329612,-0.979919,0,-0.199395,-0.00538412,0.999635,0.0264601,0.199322,0.0270023,-0.979562
0.326,0.09,0.328573,-0.975415,0,-0.220375,-0.00300576,0.999907,0.013304,0.220355,0.0136393,-0.975324
0.321,0.09,0.327421,-0.972732,0,-0.231933,-0.00428849,0.999829,0.017986,0.231894,0.0184902,-0.972565
0.316,0.09,0.326209,-0.966419,0,-0.256971,-2.26633e-05,1,8.52325e-05,0.256971,8.81941e-05,-0.966419
0.311,0.09,0.324803,-0.961657,0,-0.274257,-0.00357732,0.999915,0.0125436,0.274233,0.0130437,-0.961575
0.306,0.09,0.323361,-0.959261,0,-0.28252,-0.00305559,0.999942,0.0103749,0.282503,0.0108155,-0.959205
0.301,0.09,0.321897,-0.960196,0,-0.279325,-0.0022304,0.999968,0.00766713,0.279317,0.00798496,-0.960166
0.296,0.09,0.320434,-0.954786,0,-0.297295,-0.00114129,0.999993,0.00366534,0.297292,0.00383891,-0.954779
0.291,0.09,0.318852,-0.951446,0,-0.307815,-0.00393903,0.999918,0.0121754,0.307789,0.0127968,-0.951368
0.286,0.09,0.317231,-0.949859,0,-0.312678,-0.00365232,0.999932,0.0110951,0.312657,0.0116808,-0.949794
0.281,0.09,0.31558,-0.948558,0,-0.316603,-0.0048539,0.999882,0.0145425,0.316566,0.0153312,-0.948447
0.276,0.09,0.313795,-0.938987,0,-0.343953,-0.00535369,0.999879,0.0146155,0.343911,0.0155652,-0.938873
0.271,0.09,0.311933,-0.933848,0,-0.35767,-0.00342549,0.999954,0.00894368,0.357654,0.00957723,-0.933805
0.266,0.09,0.310018,-0.933848,0,-0.35767,-0.00342549,0.999954,0.00894368,0.357654,0.00957723,-0.933805
0.261,0.09,0.308039,-0.924232,0,-0.381831,-0.00287055,0.999972,0.00694823,0.381821,0.00751784,-0.924206
0.256,0.09,0.305973,-0.924232,0,-0.381831,-0.00287055,0.999972,0.00694823,0.381821,0.00751784,-0.924206
0.251,0.09,0.303862,-0.92086,0,-0.389894,-0.00335213,0.999963,0.00791713,0.38988,0.00859754,-0.920826
0.246,0.09,0.30168,-0.907157,0,-0.420791,-0.00963978,0.999738,0.0207818,0.420681,0.0229087,-0.906919
0.241,0.09,0.299357,-0.905382,0,-0.424598,-0.00986591,0.99973,0.0210373,0.424483,0.0232359,-0.905138
0.236,0.09,0.297012,-0.905382,0,-0.424598,-0.00986591,0.99973,0.0210373,0.424483,0.0232359,-0.905138
0.231,0.09,0.294524,-0.893694,0,-0.448677,-0.00285717,0.99998,0.00569103,0.448668,0.00636798,-0.893676
0.226,0.09,0.291982,-0.889149,0,-0.457618,-0.00271232,0.999982,0.00527002,0.45761,0.00592704,-0.889133
0.221,0.09,0.289326,-0.87693,0,-0.480617,-0.00814402,0.999856,0.0148595,0.480548,0.0169449,-0.876804
0.216,0.09,0.28656,-0.872186,0,-0.489175,0.000522014,0.999999,-0.000930736,0.489175,-0.00106713,-0.872185
0.211,0.09,0.283608,-0.855908,0,-0.517128,-0.0110329,0.999772,0.0182608,0.51701,0.0213349,-0.855713
0.206,0.09,0.280577,-0.854536,0,-0.519393,-0.0108415,0.999782,0.0178371,0.51928,0.0208735,-0.854349
0.201,0.09,0.277495,-0.841054,0,-0.540951,-0.0158503,0.999571,0.0246436,0.540718,0.0293008,-0.840693
0.196,0.09,0.274272,-0.838119,0,-0.545487,0.0022559,0.999991,-0.0034661,0.545483,-0.00413557,-0.838112
0.191,0.09,0.270798,-0.818747,0,-0.574154,-0.00933547,0.999868,0.0133124,0.574078,0.0162595,-0.818639
0.186,0.09,0.267322,-0.81462,0,-0.579995,-0.0150593,0.999663,0.0211513,0.579799,0.0259646,-0.814345
0.181,0.09,0.263572,-0.791801,0,-0.610779,-0.0135141,0.999755,0.0175194,0.610629,0.022126,-0.791608
0.176,0.09,0.259704,-0.790582,0,-0.612357,-0.0133228,0.999763,0.0172004,0.612212,0.0217567,-0.790394
0.171,0.09,0.255698,-0.769162,0,-0.639054,-0.00917072,0.999897,0.0110378,0.638988,0.0143505,-0.769083
0.166,0.09,0.251552,-0.771895,0,-0.63575,-0.00929722,0.999893,0.0112882,0.635682,0.014624,-0.771812
0.161,0.09,0.247319,-0.741751,0,-0.670676,-0.0117655,0.999846,0.0130123,0.670572,0.0175427,-0.741637
0.156,0.09,0.242809,-0.74388,0,-0.668313,-0.0117022,0.999847,0.0130254,0.66821,0.01751,-0.743766
0.151,0.09,0.2382,-0.73133,0,-0.682024,-0.000828008,0.999999,0.000887869,0.682023,0.00121405,-0.73133
0.146,0.09,0.233397,-0.713398,0,-0.700759,-0.00595443,0.999964,0.00606182,0.700734,0.00849711,-0.713372
0.141,0.09,0.228451,-0.699931,0,-0.71421,0.00642743,0.99996,-0.00629893,0.714181,-0.00899936,-0.699903
0.136,0.09,0.223303,-0.696198,0,-0.71785,0.00279181,0.999992,-0.0027076,0.717845,-0.00388912,-0.696193
0.131,0.09,0.218062,-0.668271,0,-0.743918,0.00197096,0.999996,-0.00177054,0.743916,-0.00264943,-0.668268
0.126,0.09,0.212507,-0.665171,0,-0.746691,0.00507534,0.999977,-0.00452124,0.746674,-0.00679711,-0.665156
0.121,0.09,0.206776,-0.644544,0,-0.764567,0.00596077,0.99997,-0.00502504,0.764544,-0.00779627,-0.644524
0.116,0.09,0.200775,-0.625907,0,-0.779897,-0.00301746,0.999993,0.00242167,0.779892,0.00386905,-0.625903
0.116,0.095,0.200669,-0.626864,0,-0.779129,0.0201966,0.999664,-0.0162496,0.778867,-0.0259221,-0.626653
0.116,0.1,0.200462,-0.626864,0,-0.779129,0.0201966,0.999664,-0.0162496,0.778867,-0.0259221,-0.626653
0.116,0.105,0.200171,-0.628753,0,-0.777605,0.0331709,0.99909,-0.0268212,0.776897,-0.0426577,-0.628181
0.116,0.11,0.199831,-0.628753,0,-0.777605,0.0331709,0.99909,-0.0268212,0.776897,-0.0426577,-0.628181
0.116,0.115,0.199478,-0.630596,0,-0.776111,0.049325,0.997978,-0.040077,0.774542,-0.0635541,-0.629322
0.116,0.12,0.198956,-0.627534,0,-0.778589,0.0511942,0.997836,-0.0412619,0.776904,-0.0657525,-0.626176
0.116,0.125,0.198431,-0.627534,0,-0.778589,0.0511942,0.997836,-0.0412619,0.776904,-0.0657525,-0.626176
0.121,0.125,0.204422,-0.654398,0,-0.756151,0.0646585,0.996337,-0.0559576,0.753381,-0.0855101,-0.652001
0.126,0.125,0.210138,-0.666457,0,-0.745544,0.0588715,0.996877,-0.0526265,0.743216,-0.0789646,-0.664376
0.131,0.125,0.215688,-0.674406,0,-0.738361,0.0576213,0.99695,-0.0526303,0.736109,-0.0780395,-0.672349
0.136,0.125,0.220986,-0.692827,0,-0.721104,0.0689128,0.995423,-0.0662105,0.717803,-0.0955657,-0.689656
0.141,0.125,0.226098,-0.715009,0,-0.699115,0.0783661,0.993698,-0.0801477,0.694709,-0.112093,-0.710503
0.146,0.125,0.231,-0.712546,0,-0.701625,0.0788205,0.99367,-0.0800473,0.697184,-0.11234,-0.708035
0.151,0.125,0.235861,-0.728377,0,-0.685176,0.0704499,0.9947,-0.0748918,0.681545,-0.10282,-0.724517
0.156,0.125,0.240533,-0.736308,0,-0.676646,0.0699983,0.994635,-0.0761702,0.673016,-0.103449,-0.732358
0.161,0.125,0.245001,-0.761261,0,-0.648445,0.0795565,0.992445,-0.0933978,0.643546,-0.122688,-0.75551
0.166,0.125,0.249262,-0.760837,0,-0.648943,0.0795899,0.992451,-0.0933131,0.644044,-0.122645,-0.755093
0.171,0.125,0.253462,-0.777363,0,-0.629053,0.0814242,0.991587,-0.100621,0.623761,-0.129439,-0.770823
0.176,0.125,0.25745,-0.78463,0,-0.619964,0.0599069,0.99532,-0.0758185,0.617063,-0.0966296,-0.780958
0.181,0.125,0.261286,-0.795562,0,-0.605873,0.0699666,0.99331,-0.091872,0.601819,-0.115481,-0.790239
0.186,0.125,0.265043,-0.800052,0,-0.599931,0.0690973,0.993345,-0.0921463,0.595938,-0.115175,-0.794728
0.191,0.125,0.268588,-0.822375,0,-0.568946,0.0642746,0.993598,-0.0929047,0.565304,-0.112971,-0.81711
0.196,0.125,0.271965,-0.835064,0,-0.550153,0.0621216,0.993604,-0.0942928,0.546635,-0.112917,-0.829723
0.201,0.125,0.275229,-0.844003,0,-0.536338,0.065174,0.992589,-0.10256,0.532364,-0.121517,-0.837749
0.206,0.125,0.278374,-0.847215,0,-0.53125,0.0628406,0.992979,-0.100216,0.52752,-0.118288,-0.841267
0.211,0.125,0.281502,-0.848576,0,-0.529074,0.0632081,0.992838,-0.101379,0.525284,-0.119469,-0.842498
0.216,0.125,0.284473,-0.860462,0,-0.509515,0.0551627,0.994122,-0.0931579,0.50652,-0.108265,-0.855404
0.221,0.125,0.287314,-0.870348,0,-0.492436,0.062167,0.991999,-0.109876,0.488496,-0.126244,-0.863385
0.226,0.125,0.290043,-0.89458,0,-0.446908,0.0520021,0.993207,-0.104093,0.443872,-0.11636,-0.888503
0.231,0.125,0.292548,-0.891177,0,-0.453656,0.0520445,0.993398,-0.102238,0.450661,-0.114722,-0.885293
0.236,0.125,0.295068,-0.894899,0,-0.446269,0.0493325,0.993871,-0.0989258,0.443534,-0.110544,-0.889414
0.241,0.125,0.297482,-0.903633,0,-0.428307,0.0508817,0.992919,-0.107349,0.425274,-0.118797,-0.897234
0.246,0.125,0.299769,-0.91932,0,-0.393511,0.0485028,0.992375,-0.113312,0.390511,-0.123256,-0.91231
0.251,0.125,0.302016,-0.91579,0,-0.401657,0.0423513,0.994426,-0.0965623,0.399418,-0.105441,-0.910685
0.256,0.125,0.304203,-0.917052,0,-0.398767,0.0412673,0.994631,-0.0949034,0.396626,-0.103487,-0.912129
0.261,0.125,0.306322,-0.924981,0,-0.380012,0.0425868,0.993701,-0.10366,0.377619,-0.112067,-0.919155
0.266,0.125,0.308353,-0.927698,0,-0.373333,0.0404101,0.994125,-0.100415,0.371139,-0.108242,-0.922247
0.271,0.125,0.310332,-0.93049,0,-0.366317,0.040553,0.993853,-0.10301,0.364066,-0.110705,-0.924771
0.276,0.125,0.312184,-0.94274,0,-0.333529,0.0307325,0.995746,-0.0868673,0.33211,-0.0921434,-0.938729
0.281,0.125,0.313954,-0.940672,0,-0.339317,0.0318548,0.995584,-0.0883095,0.337818,-0.0938791,-0.936518
0.286,0.125,0.315758,-0.940498,0,-0.339798,0.0317751,0.995618,-0.0879475,0.338309,-0.0935116,-0.936377
0.291,0.125,0.317508,-0.948837,0,-0.315765,0.0275343,0.996191,-0.0827371,0.314563,-0.0871984,-0.945223
0.296,0.125,0.319094,-0.955756,0,-0.29416,0.0328608,0.993741,-0.106768,0.292319,-0.111711,-0.949774
