0.48055,0.691016,0.211757,-0.000562655,-0.706563,0.70765,-0.944776,0.232284,0.231176,-0.327717,-0.668441,-0.667674
0.480546,0.686016,0.216767,-0.000587205,-0.737392,0.675465,-0.947825,0.215742,0.234697,-0.31879,-0.640085,-0.699045
0.480542,0.681016,0.221405,-0.000581897,-0.730726,0.682671,-0.945204,0.223279,0.238191,-0.326478,-0.645125,-0.690815
0.480538,0.676016,0.225928,-0.000590409,-0.741416,0.671046,-0.940504,0.22842,0.251546,-0.339781,-0.630973,-0.69744
0.480534,0.671016,0.230387,-0.000599556,-0.752901,0.658133,-0.929395,0.243328,0.277519,-0.369087,-0.611499,-0.699888
0.48053,0.666016,0.234551,-0.000609452,-0.765329,0.643639,-0.945616,0.209807,0.248578,-0.325284,-0.608484,-0.723835
0.480526,0.661016,0.238657,-0.000622782,-0.782068,0.623192,-0.93476,0.221863,0.27749,-0.35528,-0.582362,-0.731184
0.480522,0.656016,0.242653,-0.000621967,-0.781044,0.624475,-0.934605,0.222572,0.277445,-0.355688,-0.583465,-0.730106
0.480518,0.651016,0.246274,-0.000647056,-0.81255,0.582891,-0.95019,0.18217,0.252891,-0.311672,-0.553693,-0.772195
0.480514,0.646016,0.250061,-0.00063044,-0.791685,0.610929,-0.949945,0.191339,0.24697,-0.312417,-0.580193,-0.752178
0.48051,0.641016,0.253655,-0.000657482,-0.825644,0.564191,-0.948298,0.179578,0.261692,-0.317381,-0.53485,-0.783074
0.480506,0.636016,0.257026,-0.000663952,-0.833768,0.552114,-0.948444,0.175514,0.263909,-0.316943,-0.523474,-0.790899
0.480502,0.631016,0.260292,-0.000663947,-0.833762,0.552124,-0.927874,0.206397,0.310565,-0.372894,-0.512095,-0.773763
0.480499,0.626016,0.263603,-0.000663947,-0.833762,0.552124,-0.927874,0.206397,0.310565,-0.372894,-0.512095,-0.773763
0.480495,0.621016,0.266716,-0.000680622,-0.854701,0.51912,-0.945631,0.169389,0.277649,-0.32524,-0.490707,-0.808348
0.480491,0.616016,0.269783,-0.000689714,-0.866119,0.499838,-0.933677,0.179558,0.309849,-0.358116,-0.466473,-0.808799
0.480487,0.611016,0.272708,-0.000684444,-0.859501,0.511133,-0.932298,0.18542,0.310547,-0.36169,-0.476316,-0.801438
0.480483,0.606016,0.275583,-0.000701621,-0.881071,0.472983,-0.947922,0.151232,0.280307,-0.318501,-0.448155,-0.835293
0.480479,0.601016,0.278267,-0.000701621,-0.881071,0.472983,-0.947922,0.151232,0.280307,-0.318501,-0.448155,-0.835293
0.480475,0.596016,0.280991,-0.000706651,-0.887388,0.461023,-0.939348,0.158704,0.304038,-0.342965,-0.432846,-0.833678
0.480471,0.591016,0.283586,-0.000706942,-0.887754,0.460318,-0.939426,0.158365,0.303974,-0.342752,-0.43222,-0.834091
0.480467,0.586016,0.286148,-0.000723668,-0.908758,0.417323,-0.944239,0.138028,0.298932,-0.329259,-0.393837,-0.858185
0.480463,0.581016,0.288445,-0.000723668,-0.908758,0.417323,-0.944239,0.138028,0.298932,-0.329259,-0.393837,-0.858185
0.480459,0.576016,0.290759,-0.000718762,-0.902596,0.430487,-0.941451,0.145749,0.304017,-0.337148,-0.405065,-0.849855
0.480455,0.571016,0.293056,-0.000731693,-0.918835,0.39464,-0.928276,0.147387,0.341439,-0.371891,-0.366085,-0.853041
0.480451,0.566016,0.295203,-0.000731705,-0.918851,0.394605,-0.928279,0.147371,0.341438,-0.371884,-0.366054,-0.853058
0.480447,0.561016,0.297343,-0.000738972,-0.927975,0.372641,-0.951113,0.11574,0.286336,-0.308842,-0.354212,-0.882695
0.480443,0.556016,0.29929,-0.000745673,-0.93639,0.350959,-0.943559,0.116898,0.30989,-0.331205,-0.33092,-0.883626
0.480439,0.551016,0.301155,-0.000749419,-0.941094,0.338143,-0.94492,0.11134,0.30778,-0.327299,-0.319288,-0.889343
0.480435,0.546016,0.302933,-0.000754154,-0.947041,0.321111,-0.937755,0.11219,0.328676,-0.347295,-0.300876,-0.888178
0.480431,0.541016,0.304574,-0.000758658,-0.952697,0.30392,-0.936847,0.10697,0.332979,-0.349738,-0.284474,-0.892613
0.480427,0.536016,0.30613,-0.000760627,-0.955169,0.296061,-0.939495,0.102102,0.326993,-0.342562,-0.277899,-0.897454
0.480423,0.531016,0.307725,-0.000757459,-0.95119,0.308604,-0.940603,0.105451,0.322717,-0.339508,-0.290029,-0.894772
0.480419,0.526016,0.309347,-0.000757459,-0.95119,0.308604,-0.940603,0.105451,0.322717,-0.339508,-0.290029,-0.894772
0.480415,0.521016,0.310781,-0.000768429,-0.964967,0.262371,-0.946089,0.0856851,0.312368,-0.323906,-0.247986,-0.91301
0.480411,0.516016,0.31214,-0.000768429,-0.964967,0.262371,-0.946089,0.0856851,0.312368,-0.323906,-0.247986,-0.91301
0.480407,0.511016,0.313489,-0.000774853,-0.973034,0.230662,-0.93556,0.082168,0.343477,-0.353168,-0.215532,-0.910395
0.480403,0.506016,0.314674,-0.000774853,-0.973034,0.230662,-0.93556,0.082168,0.343477,-0.353168,-0.215532,-0.910395
0.480399,0.501016,0.315869,-0.000774457,-0.972536,0.232751,-0.935274,0.0830803,0.344034,-0.353922,-0.21742,-0.909652
0.480395,0.496016,0.317047,-0.00078082,-0.980527,0.196384,-0.944988,0.0649614,0.320588,-0.327103,-0.185331,-0.926637
0.480391,0.491016,0.318021,-0.000785047,-0.985835,0.167718,-0.935673,0.0599064,0.347745,-0.352866,-0.156657,-0.922466
0.480387,0.486016,0.318935,-0.000782767,-0.982972,0.183751,-0.933489,0.0666126,0.352365,-0.358606,-0.171254,-0.917646
0.480383,0.481016,0.319822,-0.000785306,-0.98616,0.165794,-0.919314,0.0659559,0.387958,-0.393524,-0.152112,-0.906643
0.480379,0.476016,0.320556,-0.000788014,-0.98956,0.144117,-0.953054,0.0443815,0.299529,-0.302798,-0.137115,-0.94314
0.480375,0.471016,0.321274,-0.000788386,-0.990028,0.140866,-0.953246,0.0433131,0.299077,-0.302196,-0.134044,-0.943774
0.480371,0.466016,0.321867,-0.000789677,-0.99165,0.12896,-0.926459,0.0492651,0.373157,-0.376394,-0.119181,-0.918762
0.480367,0.461016,0.322518,-0.000789677,-0.99165,0.12896,-0.926459,0.0492651,0.373157,-0.376394,-0.119181,-0.918762
0.480363,0.456016,0.323108,-0.000792271,-0.994907,0.100798,-0.924115,0.0392446,0.380093,-0.382113,-0.0928478,-0.91944
0.480359,0.451016,0.323615,-0.000792271,-0.994907,0.100798,-0.924115,0.0392446,0.380093,-0.382113,-0.0928478,-0.91944
0.480355,0.446016,0.324106,-0.000793678,-0.996674,0.0814905,-0.917775,0.0330859,0.39572,-0.397099,-0.0744759,-0.914749
0.480351,0.441016,0.324511,-0.000794287,-0.997438,0.0715291,-0.942652,0.0246215,0.332868,-0.333776,-0.0671626,-0.940257
0.480347,0.436016,0.32487,-0.000794287,-0.997438,0.0715291,-0.942652,0.0246215,0.332868,-0.333776,-0.0671626,-0.940257
0.480343,0.431016,0.325127,-0.000795356,-0.998781,0.0493525,-0.945472,0.0168253,0.325268,-0.325701,-0.0464027,-0.944333
0.480339,0.426016,0.325374,-0.000795356,-0.998781,0.0493525,-0.945472,0.0168253,0.325268,-0.325701,-0.0464027,-0.944333
0.480335,0.421016,0.325602,-0.000795464,-0.998916,0.0465362,-0.947536,0.0156281,0.319266,-0.319647,-0.0438408,-0.946522
0.480331,0.416016,0.325835,-0.000795464,-0.998916,0.0465362,-0.947536,0.0156281,0.319266,-0.319647,-0.0438408,-0.946522
0.480327,0.411016,0.325879,-0.000796299,-0.999965,-0.00828189,-0.951095,-0.00180093,0.308893,-0.308898,0.00812284,-0.951061
0.480323,0.406016,0.325838,-0.000796299,-0.999965,-0.00828189,-0.951095,-0.00180093,0.308893,-0.308898,0.00812284,-0.951061
0.480319,0.401016,0.325831,-0.000796327,-1,0.000362123,-0.953117,0.000868572,0.302601,-0.302601,-0.000104176,-0.953117
0.480315,0.396016,0.325828,-0.00079532,-0.998735,-0.0502786,-0.951746,-0.0146738,0.306534,-0.306884,0.0480963,-0.950531
0.480311,0.391016,0.325541,-0.000794703,-0.99796,-0.0638353,-0.907139,-0.0261444,0.420018,-0.42083,0.0582413,-0.905268
0.480307,0.386016,0.325197,-0.000793509,-0.996462,-0.0840443,-0.919855,-0.0322396,0.39093,-0.392257,0.0776188,-0.916575
0.480303,0.381016,0.324775,-0.000793509,-0.996462,-0.0840443,-0.919855,-0.0322396,0.39093,-0.392257,0.0776188,-0.916575
0.480299,0.376016,0.324355,-0.000794109,-0.997215,-0.0745766,-0.923422,-0.0278902,0.382772,-0.383785,0.0691696,-0.920828
0.480295,0.371016,0.32385,-0.000792235,-0.994862,-0.101237,-0.924044,-0.037973,0.380396,-0.382286,0.0938484,-0.919266
0.480291,0.366016,0.323329,-0.000789647,-0.991611,-0.129255,-0.921818,-0.0493803,0.384464,-0.387621,0.119454,-0.914046
0.480287,0.361016,0.322649,-0.000787906,-0.989425,-0.145044,-0.928946,-0.0529734,0.366406,-0.370215,0.135027,-0.91908
0.480283,0.356016,0.32192,-0.000788385,-0.990026,-0.14088,-0.929324,-0.0512965,0.365685,-0.369264,0.131211,-0.920015
0.48028,0.351016,0.321208,-0.000788385,-0.990026,-0.14088,-0.929324,-0.0512965,0.365685,-0.369264,0.131211,-0.920015
0.480276,0.346016,0.320427,-0.000784479,-0.985122,-0.171853,-0.929218,-0.0627869,0.364158,-0.36953,0.159975,-0.915344
0.480272,0.341016,0.319554,-0.000784479,-0.985122,-0.171853,-0.929218,-0.0627869,0.364158,-0.36953,0.159975,-0.915344
0.480268,0.336016,0.318551,-0.000781082,-0.980856,-0.194732,-0.940122,-0.0656515,0.334455,-0.340836,0.183333,-0.922074
0.480264,0.331016,0.31755,-0.000778666,-0.977822,-0.209438,-0.943167,-0.068882,0.325103,-0.332319,0.197788,-0.922195
0.48026,0.326016,0.316308,-0.000770716,-0.967838,-0.251572,-0.91931,-0.0983164,0.381056,-0.393534,0.231566,-0.889667
0.480256,0.321016,0.315067,-0.000773957,-0.971909,-0.235357,-0.920148,-0.0914666,0.380738,-0.391569,0.216858,-0.894229
0.480252,0.316016,0.313807,-0.000771833,-0.969241,-0.246112,-0.923984,-0.0934295,0.370842,-0.38243,0.22769,-0.895491
0.480248,0.311016,0.312491,-0.000769989,-0.966926,-0.255056,-0.923067,-0.0974171,0.372098,-0.384638,0.23572,-0.892463
0.480244,0.306016,0.311073,-0.000763927,-0.959313,-0.282343,-0.933548,-0.100522,0.344069,-0.358452,0.263844,-0.895488
0.48024,0.301016,0.309595,-0.000758934,-0.953044,-0.302832,-0.902779,-0.129596,0.410115,-0.430103,0.273702,-0.86029
0.480236,0.296016,0.307965,-0.000755264,-0.948434,-0.316973,-0.918869,-0.124407,0.374436,-0.394562,0.291539,-0.871393
0.480232,0.291016,0.306307,-0.000757763,-0.951573,-0.307422,-0.918761,-0.120712,0.375907,-0.394813,0.282732,-0.874177
0.480228,0.286016,0.304635,-0.000750744,-0.942759,-0.333475,-0.934047,-0.118439,0.336939,-0.357149,0.311734,-0.880492
0.480224,0.281016,0.302774,-0.000745723,-0.936453,-0.350792,-0.932875,-0.125704,0.337554,-0.3602,0.327497,-0.8735
0.48022,0.276016,0.300828,-0.000738567,-0.927467,-0.373903,-0.909504,-0.154807,0.385795,-0.415695,0.340351,-0.843421
0.480216,0.271016,0.298812,-0.000738567,-0.927467,-0.373903,-0.909504,-0.154807,0.385795,-0.415695,0.340351,-0.843421
0.480212,0.266016,0.296842,-0.000736439,-0.924795,-0.380465,-0.923716,-0.145119,0.354528,-0.383078,0.351702,-0.854141
0.480208,0.261016,0.294786,-0.000736557,-0.924943,-0.380106,-0.923755,-0.144945,0.354495,-0.382982,0.351386,-0.854314
0.480204,0.256016,0.292686,-0.000730016,-0.916729,-0.399508,-0.934147,-0.141954,0.327441,-0.356887,0.373439,-0.856257
0.4802,0.251016,0.290425,-0.000723224,-0.9082,-0.418535,-0.915727,-0.167566,0.365193,-0.401801,0.383528,-0.831542
0.480196,0.246016,0.288149,-0.000725827,-0.911469,-0.411368,-0.916204,-0.164233,0.365509,-0.400711,0.377162,-0.834973
0.480192,0.241016,0.285758,-0.000718519,-0.902292,-0.431125,-0.928726,-0.159245,0.334828,-0.370767,0.400637,-0.837867
0.480188,0.236016,0.283369,-0.000718519,-0.902292,-0.431125,-0.928726,-0.159245,0.334828,-0.370767,0.400637,-0.837867
0.480184,0.231016,0.280818,-0.00070291,-0.88269,-0.469955,-0.919409,-0.184264,0.347468,-0.393302,0.432325,-0.811424
0.48018,0.226016,0.278153,-0.000696359,-0.874463,-0.485091,-0.922902,-0.186215,0.337011,-0.385035,0.447926,-0.806914
0.480176,0.221016,0.275423,-0.00070035,-0.879476,-0.475943,-0.924124,-0.181285,0.336349,-0.382092,0.440066,-0.812618
0.480172,0.216016,0.272672,-0.000693761,-0.871201,-0.490925,-0.903967,-0.209374,0.372835,-0.427601,0.444039,-0.787392
0.480168,0.211016,0.269679,-0.000678633,-0.852204,-0.523209,-0.924317,-0.199135,0.32555,-0.381624,0.483832,-0.787572
0.480164,0.206016,0.266667,-0.000683686,-0.85855,-0.51273,-0.923976,-0.195551,0.328676,-0.382449,0.473975,-0.793146
0.48016,0.201016,0.263444,-0.000645592,-0.810712,-0.585445,-0.92203,-0.226154,0.31419,-0.387118,0.54,-0.747355
0.480156,0.196016,0.259886,-0.000671015,-0.842637,-0.538481,-0.925083,-0.203973,0.320339,-0.379765,0.498354,-0.779372
0.480152,0.191016,0.256515,-0.000650866,-0.817335,-0.576162,-0.93679,-0.201096,0.28633,-0.349891,0.539929,-0.765541
0.480148,0.186016,0.252807,-0.000646331,-0.811641,-0.584157,-0.923153,-0.224084,0.312369,-0.384432,0.539468,-0.749124
0.480144,0.181016,0.249096,-0.000627948,-0.788556,-0.614963,-0.942584,-0.204911,0.263716,-0.333967,0.57982,-0.743152
0.48014,0.176016,0.245205,-0.000616706,-0.774438,-0.632649,-0.919273,-0.248584,0.305192,-0.393619,0.581766,-0.711767
0.480136,0.171016,0.241203,-0.000610991,-0.767262,-0.641334,-0.9369,-0.22377,0.2686,-0.349597,0.60103,-0.71871
0.480132,0.166016,0.237162,-0.000629702,-0.790759,-0.612128,-0.936955,-0.213442,0.276692,-0.34945,0.57371,-0.740771
0.480128,0.161016,0.233115,-0.000604413,-0.759001,-0.651089,-0.946434,-0.209799,0.24545,-0.322895,0.616361,-0.718218
0.480124,0.156016,0.228808,-0.000601398,-0.755215,-0.655476,-0.946308,-0.211463,0.244508,-0.323266,0.62043,-0.714539
0.48012,0.151016,0.22436,-0.000588541,-0.73907,-0.673628,-0.941199,-0.227178,0.25007,-0.337853,0.634165,-0.695478
0.480116,0.146016,0.219748,-0.0005844,-0.733869,-0.679291,-0.944376,-0.222992,0.241721,-0.328868,0.641647,-0.692918
0.480112,0.141016,0.215015,-0.000583744,-0.733045,-0.680179,-0.935264,-0.24035,0.259833,-0.353951,0.636299,-0.685451
0.480108,0.136016,0.210289,-0.000568582,-0.714005,-0.70014,-0.952166,-0.213564,0.218566,-0.305582,0.666774,-0.67973
0.480104,0.131016,0.205476,-0.000563066,-0.707079,-0.707134,-0.93494,-0.250523,0.251248,-0.354806,0.661269,-0.660935
0.4801,0.126016,0.200348,-0.000547887,-0.688018,-0.725693,-0.95082,-0.224421,0.213488,-0.309744,0.69012,-0.654058
0.480096,0.121016,0.195074,-0.000547887,-0.688018,-0.725693,-0.95082,-0.224421,0.213488,-0.309744,0.69012,-0.654058
0.480092,0.116016,0.189672,-0.000536428,-0.673628,-0.739071,-0.954522,-0.220002,0.201214,-0.298141,0.705567,-0.642874
0.445092,0.116044,0.198835,-0.000517176,-0.649452,-0.760403,-0.994692,-0.0779079,0.0672168,-0.102895,0.756401,-0.645964
0.445096,0.121044,0.204706,-0.000515595,-0.647466,-0.762094,-0.994692,-0.0780821,0.0670105,-0.102893,0.758084,-0.643989
0.4451,0.126044,0.210335,-0.000543037,-0.681927,-0.73142,-0.992441,-0.0893949,0.0840826,-0.122723,0.725937,-0.676723
0.445104,0.131044,0.215701,-0.000546878,-0.68675,-0.726893,-0.994922,-0.0727872,0.069516,-0.100649,0.72324,-0.683223
0.445108,0.136044,0.220901,-0.000554781,-0.696675,-0.717387,-0.995025,-0.0710817,0.069799,-0.0996203,0.713857,-0.69317
0.445112,0.141044,0.225835,-0.000570189,-0.716024,-0.698076,-0.992986,-0.0821302,0.0850529,-0.118233,0.693228,-0.710955
0.445116,0.146044,0.230651,-0.000574667,-0.721648,-0.69226,-0.992989,-0.081418,0.0856986,-0.118207,0.687456,-0.716541
0.44512,0.151044,0.235211,-0.000594592,-0.746669,-0.665196,-0.992317,-0.0818593,0.0927724,-0.123723,0.66014,-0.740883
0.445124,0.156044,0.239734,-0.000588262,-0.738719,-0.674014,-0.992331,-0.082883,0.0917058,-0.123609,0.668898,-0.733005
0.445128,0.161044,0.244085,-0.000611655,-0.768095,-0.640336,-0.990029,-0.0897347,0.108584,-0.140863,0.634017,-0.760381
0.445132,0.166044,0.248308,-0.000604223,-0.758763,-0.651367,-0.990184,-0.0905863,0.10644,-0.139768,0.645038,-0.75126
0.445136,0.171044,0.252461,-0.000622908,-0.782226,-0.622995,-0.990204,-0.0865026,0.109602,-0.139624,0.61696,-0.77451
0.44514,0.176044,0.256422,-0.00062702,-0.78739,-0.616454,-0.990128,-0.0859146,0.110745,-0.140162,0.610438,-0.779564
0.445144,0.181044,0.260306,-0.000639945,-0.803621,-0.595141,-0.99076,-0.0802072,0.109369,-0.135626,0.589712,-0.796144
0.445148,0.186044,0.264009,-0.000639945,-0.803621,-0.595141,-0.99076,-0.0802072,0.109369,-0.135626,0.589712,-0.796144
0.445152,0.191044,0.267569,-0.000653289,-0.820378,-0.571822,-0.990652,-0.0774723,0.112279,-0.136412,0.56655,-0.812658
0.445156,0.196044,0.271054,-0.000653289,-0.820378,-0.571822,-0.990652,-0.0774723,0.112279,-0.136412,0.56655,-0.812658
0.44516,0.201044,0.274324,-0.000670524,-0.842021,-0.539444,-0.988676,-0.0803936,0.126716,-0.150065,0.533421,-0.832432
0.445164,0.206044,0.277414,-0.000681812,-0.856196,-0.51665,-0.987771,-0.079975,0.133839,-0.155911,0.510424,-0.845671
0.445168,0.211044,0.280395,-0.000680764,-0.85488,-0.518826,-0.988885,-0.0765627,0.127451,-0.148678,0.513146,-0.845326
0.445172,0.216044,0.283372,-0.000686544,-0.862139,-0.506672,-0.987279,-0.0799743,0.13742,-0.158996,0.500321,-0.851116
0.445176,0.221044,0.286082,-0.000704964,-0.88527,-0.465077,-0.988415,-0.069971,0.134687,-0.151777,0.459784,-0.874964
0.44518,0.226044,0.288751,-0.000700505,-0.87967,-0.475584,-0.988443,-0.0714842,0.133678,-0.151589,0.470181,-0.869454
0.445184,0.231044,0.291404,-0.00071069,-0.892461,-0.451125,-0.9895,-0.0645731,0.129304,-0.144529,0.44648,-0.883044
0.445188,0.236044,0.29388,-0.000719201,-0.903148,-0.42933,-0.987364,-0.0673931,0.143424,-0.158467,0.424008,-0.891687
0.445192,0.241044,0.296257,-0.000719201,-0.903148,-0.42933,-0.987364,-0.0673931,0.143424,-0.158467,0.424008,-0.891687
0.445196,0.246044,0.298482,-0.000730634,-0.917505,-0.397723,-0.987747,-0.0614066,0.143473,-0.15606,0.392955,-0.906218
0.4452,0.251044,0.300649,-0.000730782,-0.917691,-0.397293,-0.987754,-0.0613223,0.143463,-0.156018,0.392533,-0.906409
0.445204,0.256044,0.302825,-0.000729558,-0.916154,-0.400826,-0.988265,-0.0605648,0.14023,-0.152748,0.396224,-0.905359
0.445208,0.261044,0.304917,-0.000736996,-0.925494,-0.378762,-0.988863,-0.0556963,0.138016,-0.148829,0.374646,-0.915145
0.445212,0.266044,0.306922,-0.000735623,-0.92377,-0.382948,-0.986251,-0.0626132,0.152934,-0.165253,0.377795,-0.911023
0.445216,0.271044,0.30888,-0.000744984,-0.935526,-0.353257,-0.990367,-0.0482234,0.129798,-0.138465,0.349951,-0.926478
0.44522,0.276044,0.310709,-0.00074995,-0.941761,-0.336282,-0.988816,-0.0494535,0.1407,-0.149136,0.332626,-0.931192
0.445224,0.281044,0.312446,-0.000752519,-0.944987,-0.327107,-0.989318,-0.0469793,0.137995,-0.145771,0.323717,-0.934857
0.445228,0.286044,0.314111,-0.000756382,-0.949838,-0.312741,-0.987523,-0.0485394,0.149809,-0.157475,0.308953,-0.93795
0.445232,0.291044,0.315791,-0.000754876,-0.947948,-0.318425,-0.987346,-0.0497896,0.150564,-0.158581,0.314509,-0.935915
0.445236,0.296044,0.317411,-0.000761636,-0.956436,-0.291942,-0.987676,-0.0449732,0.149914,-0.156513,0.288458,-0.944614
0.44524,0.301044,0.318937,-0.000761636,-0.956436,-0.291942,-0.987676,-0.0449732,0.149914,-0.156513,0.288458,-0.944614
0.445244,0.306044,0.320392,-0.000768506,-0.965063,-0.262016,-0.989643,-0.0368773,0.13873,-0.143546,0.259409,-0.95504
0.445248,0.311044,0.32175,-0.000768506,-0.965063,-0.262016,-0.989643,-0.0368773,0.13873,-0.143546,0.259409,-0.95504
0.445252,0.316044,0.323088,-0.000772306,-0.969835,-0.243761,-0.991563,-0.0308538,0.125898,-0.129621,0.241802,-0.961629
0.445256,0.321044,0.324282,-0.000774771,-0.972931,-0.231095,-0.98483,-0.0393575,0.169001,-0.173521,0.22772,-0.958141
0.44526,0.326044,0.325467,-0.000775821,-0.974249,-0.225472,-0.984832,-0.038377,0.169213,-0.173509,0.222183,-0.959442
0.445264,0.331044,0.32662,-0.000777667,-0.976568,-0.215208,-0.988172,-0.0322515,0.149921,-0.153349,0.212779,-0.964992
0.445268,0.336044,0.327675,-0.000780997,-0.980749,-0.195271,-0.988422,-0.0288715,0.14896,-0.151731,0.193127,-0.969371
0.445272,0.341044,0.328647,-0.000781764,-0.981712,-0.19037,-0.987302,-0.0294834,0.156096,-0.158854,0.188075,-0.969223
0.445276,0.346044,0.329529,-0.000784342,-0.984949,-0.172843,-0.987627,-0.0263417,0.15459,-0.156817,0.170826,-0.972742
0.44528,0.351044,0.330251,-0.00078928,-0.99115,-0.132743,-0.990763,-0.0172257,0.13451,-0.135606,0.131623,-0.981981
0.445284,0.356044,0.33094,-0.000787973,-0.989509,-0.144467,-0.989724,-0.019885,0.141598,-0.142986,0.143094,-0.979326
0.445287,0.361044,0.331584,-0.000790216,-0.992326,-0.123648,-0.988252,-0.0181222,0.151753,-0.152829,0.122315,-0.980654
0.445291,0.366044,0.332191,-0.000791772,-0.99428,-0.106804,-0.990618,-0.0138156,0.135959,-0.136657,0.105909,-0.984941
0.445295,0.371044,0.332649,-0.000793138,-0.995995,-0.0894021,-0.990073,-0.0117833,0.140057,-0.140549,0.0886258,-0.986099
0.445299,0.376044,0.333098,-0.000793138,-0.995995,-0.0894021,-0.990073,-0.0117833,0.140057,-0.140549,0.0886258,-0.986099
0.445303,0.381044,0.333508,-0.000794425,-0.997612,-0.0690635,-0.988267,-0.00976531,0.152426,-0.152737,0.0683742,-0.985899
0.445307,0.386044,0.333854,-0.000794425,-0.997612,-0.0690635,-0.988267,-0.00976531,0.152426,-0.152737,0.0683742,-0.985899
0.445311,0.391044,0.334158,-0.000795109,-0.99847,-0.0552866,-0.988386,-0.00761678,0.151773,-0.151962,0.0547652,-0.986868
0.445315,0.396044,0.334366,-0.000796283,-0.999945,-0.0104408,-0.990175,-0.000671524,0.139831,-0.13983,0.0104496,-0.99012
0.445319,0.401044,0.334418,-0.000796283,-0.999945,-0.0104408,-0.990175,-0.000671524,0.139831,-0.13983,0.0104496,-0.99012
0.445323,0.406044,0.334524,-0.000796327,-1,-0.000467986,-0.986077,0.000707419,0.166288,-0.166288,0.00059389,-0.986077
0.445327,0.411044,0.334526,-0.000796327,-1,-0.000467986,-0.986077,0.000707419,0.166288,-0.166288,0.00059389,-0.986077
0.445331,0.416044,0.33445,-0.000795971,-0.999553,0.0298823,-0.987998,0.00540177,0.154371,-0.154463,-0.0294008,-0.987561
0.445335,0.421044,0.3343,-0.000795971,-0.999553,0.0298832,-0.987998,0.00540195,0.154372,-0.154464,-0.0294017,-0.987561
0.445339,0.426044,0.334113,-0.000795226,-0.998617,0.0525659,-0.987892,0.00893949,0.154882,-0.155138,-0.0518063,-0.986533
0.445343,0.431044,0.333851,-0.000795269,-0.998671,0.0515341,-0.987712,0.00883834,0.156035,-0.156283,-0.0507768,-0.986406
0.445347,0.436044,0.333575,-0.000794545,-0.997763,0.0668506,-0.987701,0.0112354,0.155952,-0.156355,-0.0659045,-0.9855
0.445351,0.441044,0.333224,-0.000794073,-0.997169,0.0751835,-0.986367,0.0131529,0.164031,-0.164556,-0.0740283,-0.983586
0.445355,0.446044,0.332841,-0.000792741,-0.995497,0.0947883,-0.987217,0.0158864,0.158588,-0.15938,-0.0934509,-0.982784
0.445359,0.451044,0.332365,-0.000792741,-0.995497,0.0947883,-0.987217,0.0158864,0.158588,-0.15938,-0.0934509,-0.982784
0.445363,0.456044,0.331895,-0.00079287,-0.995658,0.0930782,-0.98743,0.015491,0.157296,-0.158055,-0.0917835,-0.983155
0.445367,0.461044,0.331345,-0.000790907,-0.993194,0.116473,-0.988365,0.018492,0.150974,-0.1521,-0.114998,-0.981652
0.445371,0.466044,0.330759,-0.000790954,-0.993252,0.11597,-0.988446,0.0183545,0.15046,-0.151573,-0.114511,-0.981791
0.445375,0.471044,0.33008,-0.000788867,-0.990632,0.136555,-0.98704,0.0226847,0.158864,-0.160473,-0.13466,-0.977811
0.445379,0.476044,0.32939,-0.000788867,-0.990632,0.136555,-0.98704,0.0226847,0.158864,-0.160473,-0.13466,-0.977811
0.445383,0.481044,0.328702,-0.000785717,-0.986677,0.16269,-0.989935,0.0237914,0.139508,-0.14152,-0.160943,-0.976765
0.445387,0.486044,0.327757,-0.00077948,-0.978844,0.204605,-0.9828,0.0385346,0.180608,-0.184672,-0.200945,-0.962038
0.445391,0.491044,0.326779,-0.000781527,-0.981414,0.191899,-0.983042,0.0359445,0.179825,-0.18338,-0.188504,-0.964799
0.445395,0.496044,0.325763,-0.000776158,-0.974673,0.223634,-0.983035,0.0417614,0.178598,-0.183414,-0.219702,-0.95817
0.445399,0.501044,0.324616,-0.000776158,-0.974673,0.223634,-0.983035,0.0417614,0.178598,-0.183414,-0.219702,-0.95817
0.445403,0.506044,0.323488,-0.000778605,-0.977746,0.209792,-0.984873,0.0371021,0.169261,-0.173278,-0.206486,-0.962984
0.445407,0.511044,0.322301,-0.000773802,-0.971714,0.236158,-0.986401,0.039556,0.159528,-0.164357,-0.232823,-0.95853
0.445411,0.516044,0.321081,-0.000773063,-0.970786,0.239947,-0.988878,0.0364294,0.144201,-0.148729,-0.237167,-0.960016
0.445415,0.521044,0.319726,-0.000765897,-0.961787,0.273798,-0.989579,0.0401522,0.138277,-0.143987,-0.270839,-0.951795
0.445419,0.526044,0.318302,-0.000765897,-0.961787,0.273798,-0.989579,0.0401522,0.138277,-0.143987,-0.270839,-0.951795
0.445423,0.531044,0.316797,-0.000758711,-0.952763,0.303714,-0.985002,0.0531156,0.164165,-0.172543,-0.299034,-0.938514
0.445427,0.536044,0.315203,-0.000758711,-0.952763,0.303714,-0.985002,0.0531156,0.164165,-0.172543,-0.299034,-0.938514
0.445431,0.541044,0.313586,-0.000757341,-0.951043,0.309057,-0.984955,0.0541169,0.164117,-0.172808,-0.304283,-0.936776
0.445435,0.546044,0.311843,-0.0007509,-0.942954,0.332922,-0.990512,0.0464526,0.129337,-0.137424,-0.329666,-0.934042
0.445439,0.551044,0.310063,-0.000748466,-0.939898,0.341454,-0.987907,0.0536366,0.145477,-0.155048,-0.337216,-0.928572
0.445443,0.556044,0.308161,-0.000740598,-0.930018,0.367514,-0.990082,0.0523143,0.13039,-0.140491,-0.363772,-0.920832
0.445447,0.561044,0.306178,-0.000738965,-0.927967,0.372662,-0.990042,0.0531383,0.130356,-0.140769,-0.368855,-0.918765
0.445451,0.566044,0.304165,-0.000734459,-0.922308,0.386454,-0.985494,0.0662521,0.156244,-0.169708,-0.380733,-0.908978
0.445455,0.571044,0.301967,-0.000728018,-0.914221,0.405216,-0.99168,0.0528215,0.11739,-0.128725,-0.40176,-0.906653
0.445459,0.576044,0.299779,-0.000731481,-0.918569,0.395261,-0.991187,0.0530248,0.121393,-0.132466,-0.391689,-0.910512
0.445463,0.581044,0.297605,-0.000728483,-0.914804,0.403898,-0.986494,0.0668154,0.149554,-0.163799,-0.398334,-0.902497
0.445467,0.586044,0.295227,-0.000715529,-0.898536,0.438898,-0.991004,0.0593743,0.119939,-0.133829,-0.434864,-0.890496
0.445471,0.591044,0.292784,-0.000715476,-0.898471,0.439033,-0.991005,0.0593896,0.119924,-0.133823,-0.434998,-0.890431
0.445475,0.596044,0.290263,-0.000704402,-0.884564,0.466418,-0.988476,0.0712217,0.13358,-0.151379,-0.460949,-0.87442
0.445479,0.601044,0.287627,-0.000704402,-0.884564,0.466418,-0.988476,0.0712217,0.13358,-0.151379,-0.460949,-0.87442
0.445483,0.606044,0.284933,-0.000700195,-0.879281,0.476302,-0.988742,0.071878,0.131237,-0.14963,-0.470848,-0.869433
0.445487,0.611044,0.282173,-0.000691039,-0.867783,0.496943,-0.987718,0.0782386,0.13525,-0.156248,-0.490746,-0.857179
0.445491,0.616044,0.279309,-0.000691039,-0.867783,0.496943,-0.987718,0.0782386,0.13525,-0.156248,-0.490746,-0.857179
0.445495,0.621044,0.276469,-0.000685637,-0.860999,0.508605,-0.985933,0.0855905,0.143564,-0.16714,-0.501352,-0.848946
0.445499,0.626044,0.273482,-0.000682242,-0.856736,0.515756,-0.986893,0.0838052,0.137906,-0.161372,-0.508902,-0.845564
0.445502,0.631044,0.270405,-0.000673992,-0.846376,0.532586,-0.987828,0.0834071,0.131299,-0.15555,-0.526014,-0.83613
0.445506,0.636044,0.267243,-0.000672559,-0.844576,0.535435,-0.987775,0.0840288,0.131303,-0.155888,-0.5288,-0.834308
0.44551,0.641044,0.263978,-0.000664335,-0.834249,0.551388,-0.984653,0.0967745,0.145233,-0.174521,-0.54283,-0.82151
0.445514,0.646044,0.260558,-0.00065454,-0.821949,0.569561,-0.987641,0.0897994,0.128457,-0.156731,-0.562438,-0.811849
0.445518,0.651044,0.257059,-0.000644837,-0.809764,0.586755,-0.984243,0.104263,0.142809,-0.176819,-0.577418,-0.797072
0.445522,0.656044,0.253382,-0.000640406,-0.8042,0.594358,-0.986716,0.0970633,0.130269,-0.162453,-0.58638,-0.793579
0.445526,0.661044,0.249518,-0.000627398,-0.787864,0.615848,-0.98566,0.104407,0.132565,-0.168742,-0.606934,-0.776632
0.44553,0.666044,0.245665,-0.00063178,-0.793368,0.608742,-0.98558,0.103498,0.133866,-0.169208,-0.599879,-0.781993
0.445534,0.671044,0.241568,-0.000607802,-0.763257,0.646095,-0.985683,0.109395,0.128306,-0.16861,-0.636766,-0.752396
0.445538,0.676044,0.23734,-0.000608211,-0.76377,0.645488,-0.9857,0.109227,0.128314,-0.168508,-0.636179,-0.752915
0.445542,0.681044,0.232989,-0.000593451,-0.745235,0.666802,-0.986535,0.109492,0.121493,-0.163551,-0.657751,-0.735265
0.445546,0.686044,0.228478,-0.000587959,-0.738338,0.67443,-0.986422,0.11119,0.120867,-0.164231,-0.665202,-0.728378
0.44555,0.691044,0.22382,-0.000573535,-0.720226,0.693739,-0.986004,0.116067,0.119683,-0.166719,-0.683961,-0.710213
0.41055,0.691071,0.229001,-0.000572393,-0.718791,0.695226,-0.999071,0.0303726,0.0305796,-0.0430962,-0.694562,-0.718141
0.410546,0.686071,0.233619,-0.000595845,-0.748241,0.663427,-0.999335,0.0246249,0.0268754,-0.0364461,-0.66297,-0.747759
0.410542,0.681071,0.237974,-0.00060903,-0.764799,0.644268,-0.999098,0.0278137,0.0320726,-0.0424486,-0.643668,-0.764127
0.410538,0.676071,0.242178,-0.00061339,-0.770274,0.637713,-0.999174,0.0263797,0.0309022,-0.0406259,-0.637167,-0.769654
0.410534,0.671071,0.246326,-0.000612704,-0.769412,0.638752,-0.999201,0.0259942,0.030353,-0.0399578,-0.638224,-0.768813
0.41053,0.666071,0.250371,-0.000621997,-0.781083,0.624427,-0.999391,0.0222642,0.0268543,-0.0348778,-0.624031,-0.780621
0.410526,0.661071,0.254168,-0.000642191,-0.806442,0.591313,-0.99938,0.0213266,0.0280001,-0.0351911,-0.590929,-0.805956
0.410522,0.656071,0.257875,-0.000638819,-0.802207,0.597046,-0.999367,0.0217539,0.0281598,-0.035578,-0.59665,-0.801713
0.410518,0.651071,0.261418,-0.000653031,-0.820054,0.572286,-0.999357,0.0210452,0.0290163,-0.0358388,-0.571899,-0.819541
0.410514,0.646071,0.264797,-0.000661589,-0.8308,0.55657,-0.99938,0.0201343,0.0288669,-0.0351888,-0.556206,-0.830299
0.41051,0.641071,0.268108,-0.000667525,-0.838255,0.545278,-0.999669,0.0145931,0.0212102,-0.0257369,-0.545083,-0.837987
0.410506,0.636071,0.271361,-0.000667525,-0.838255,0.545278,-0.999669,0.0145931,0.0212102,-0.0257369,-0.545083,-0.837987
0.410503,0.631071,0.274543,-0.000674016,-0.846406,0.532537,-0.999567,0.0162388,0.0245446,-0.0294225,-0.53229,-0.846051
0.410499,0.626071,0.277633,-0.000684155,-0.859138,0.511744,-0.99874,0.0262702,0.0427683,-0.0501875,-0.511069,-0.858073
0.410495,0.621071,0.280503,-0.000692435,-0.869536,0.49387,-0.998859,0.0241859,0.0411826,-0.0477544,-0.493277,-0.86856
0.410491,0.616071,0.28329,-0.000697867,-0.876358,0.48166,-0.998414,0.0277219,0.0489921,-0.0562871,-0.480862,-0.874987
0.410487,0.611071,0.286038,-0.000697507,-0.875905,0.482483,-0.998422,0.0276994,0.0488425,-0.0561459,-0.481687,-0.874543
0.410483,0.606071,0.288727,-0.000701776,-0.881266,0.47262,-0.998814,0.0236221,0.0425637,-0.0486742,-0.47203,-0.880238
0.410479,0.601071,0.291325,-0.000708184,-0.889313,0.457299,-0.99875,0.0234823,0.0441195,-0.0499745,-0.456696,-0.888218
0.410475,0.596071,0.293851,-0.000714788,-0.897606,0.440798,-0.998694,0.023157,0.0455356,-0.0510806,-0.440189,-0.896451
0.410471,0.591071,0.296296,-0.000717828,-0.901423,0.432939,-0.99872,0.0225399,0.0452745,-0.0505698,-0.432352,-0.900286
0.410467,0.586071,0.298696,-0.000717928,-0.901549,0.432676,-0.998713,0.0225923,0.0454175,-0.0507212,-0.432086,-0.900405
0.410463,0.581071,0.300991,-0.000724442,-0.909729,0.415201,-0.999166,0.0176089,0.0368387,-0.0408244,-0.414828,-0.908983
0.410459,0.576071,0.303207,-0.000729229,-0.91574,0.401771,-0.998936,0.0191918,0.0419299,-0.0461076,-0.401313,-0.91478
0.410455,0.571071,0.3054,-0.000729229,-0.91574,0.401771,-0.998936,0.0191918,0.0419299,-0.0461076,-0.401313,-0.91478
0.410451,0.566071,0.307572,-0.00073837,-0.92722,0.374516,-0.999859,0.00696876,0.0152819,-0.0167796,-0.374452,-0.927094
0.410447,0.561071,0.309592,-0.00073837,-0.92722,0.374516,-0.999859,0.00696876,0.0152819,-0.0167796,-0.374452,-0.927094
0.410443,0.556071,0.311479,-0.000743957,-0.934235,0.356657,-0.999173,0.0151966,0.0377222,-0.0406614,-0.356334,-0.933474
0.410439,0.551071,0.313337,-0.000746637,-0.937601,0.347711,-0.999522,0.0114486,0.0287248,-0.0309132,-0.347524,-0.937162
0.410435,0.546071,0.315111,-0.000750884,-0.942934,0.332979,-0.999333,0.0128658,0.0341798,-0.0365133,-0.332732,-0.942314
0.410431,0.541071,0.316859,-0.000750551,-0.942517,0.334159,-0.999477,0.0115079,0.0302139,-0.0323226,-0.333961,-0.942032
0.410427,0.536071,0.318595,-0.000753681,-0.946447,0.322858,-0.99912,0.0142487,0.0394371,-0.0419255,-0.322545,-0.945625
0.410423,0.531072,0.320133,-0.000764251,-0.95972,0.280957,-0.999538,0.00926729,0.0289372,-0.0303753,-0.280805,-0.959284
0.410419,0.526072,0.321544,-0.000768564,-0.965137,0.261745,-0.999759,0.00648208,0.0209658,-0.0219316,-0.261666,-0.964909
0.410415,0.521072,0.322897,-0.000768765,-0.965389,0.260813,-0.999745,0.00662303,0.0215681,-0.022549,-0.26073,-0.965148
0.410411,0.516072,0.324242,-0.000769175,-0.965904,0.258899,-0.999757,0.00644205,0.0210638,-0.0220135,-0.25882,-0.965675
0.410407,0.511072,0.325558,-0.000771266,-0.96853,0.248897,-0.999584,0.00791973,0.0277205,-0.0288193,-0.248772,-0.968133
0.410403,0.506072,0.326763,-0.000776126,-0.974633,0.223809,-0.999895,0.00398882,0.0139029,-0.0144429,-0.223775,-0.974534
0.410399,0.501072,0.327888,-0.000777173,-0.975947,0.218004,-0.999848,0.00455997,0.0168494,-0.0174382,-0.217958,-0.975802
0.410395,0.496072,0.328961,-0.00078051,-0.980138,0.198316,-0.999985,0.001845,0.0051829,-0.00544585,-0.198309,-0.980124
0.410391,0.491072,0.329952,-0.00078129,-0.981118,0.193411,-0.999963,0.00243115,0.00829313,-0.00860675,-0.193397,-0.981083
0.410387,0.486072,0.330895,-0.000784259,-0.984845,0.173436,-0.999989,0.00158991,0.00450639,-0.00471384,-0.17343,-0.984835
0.410383,0.481072,0.331739,-0.000785555,-0.986473,0.163922,-0.999872,0.00339552,0.0156424,-0.0159874,-0.163889,-0.986349
0.410379,0.476072,0.332497,-0.000788237,-0.989841,0.142178,-0.999784,0.0037356,0.0204644,-0.0207876,-0.142131,-0.98963
0.410375,0.471072,0.333218,-0.000787647,-0.9891,0.147241,-0.999649,0.00467909,0.0260847,-0.0264893,-0.147168,-0.988757
0.410371,0.466072,0.333821,-0.000790764,-0.993014,0.11799,-0.999849,0.00283652,0.0171715,-0.0173862,-0.117958,-0.992866
0.410367,0.461072,0.334415,-0.000790764,-0.993014,0.11799,-0.999849,0.00283652,0.0171715,-0.0173862,-0.117958,-0.992866
0.410363,0.456072,0.334984,-0.000792049,-0.994628,0.103513,-0.999909,0.00218279,0.0133229,-0.0134773,-0.103493,-0.994539
0.410359,0.451072,0.335501,-0.00079215,-0.994755,0.102285,-0.999891,0.00229276,0.0145541,-0.0147123,-0.102262,-0.994649
0.410355,0.446072,0.336015,-0.00079215,-0.994755,0.102285,-0.999891,0.00229276,0.0145541,-0.0147123,-0.102262,-0.994649
0.410351,0.441072,0.336442,-0.000793443,-0.996379,0.0850197,-0.999911,0.00192162,0.0131885,-0.0133041,-0.0850017,-0.996292
0.410347,0.436072,0.336813,-0.000795247,-0.998644,0.0520476,-0.999401,0.0025947,0.0345148,-0.0346031,-0.051989,-0.998048
0.410343,0.431072,0.337073,-0.000795247,-0.998644,0.0520476,-0.999401,0.0025947,0.0345148,-0.0346031,-0.051989,-0.998048
0.410339,0.426072,0.33728,-0.000795879,-0.999437,0.0335376,-0.999436,0.00192064,0.0335184,-0.033564,-0.033492,-0.998875
0.410335,0.421072,0.337448,-0.000795879,-0.999437,0.0335376,-0.999436,0.00192064,0.0335184,-0.033564,-0.033492,-0.998875
0.410331,0.416072,0.337581,-0.000796161,-0.999791,0.02042,-0.999991,0.000880483,0.00412072,-0.00413784,-0.0204165,-0.999783
0.410327,0.411072,0.337683,-0.000796161,-0.999791,0.02042,-0.999991,0.000880483,0.00412072,-0.00413784,-0.0204165,-0.999783
0.410323,0.406072,0.337679,-0.000796237,-0.999887,-0.0150355,-0.999996,0.00083626,-0.0026558,0.00266808,0.0150333,-0.999883
0.410319,0.401072,0.337603,-0.000796237,-0.999887,-0.0150355,-0.999996,0.00083626,-0.0026558,0.00266808,0.0150333,-0.999883
0.410315,0.396072,0.337437,-0.000795803,-0.999342,-0.0362667,-0.999586,-0.000248361,0.0287777,-0.0287677,0.0362746,-0.998928
0.410311,0.391072,0.337255,-0.000795803,-0.999342,-0.0362667,-0.999586,-0.000248361,0.0287777,-0.0287677,0.0362746,-0.998928
0.410307,0.386072,0.336977,-0.000794542,-0.997759,-0.066911,-0.999542,-0.00123146,0.0302324,-0.030247,0.0669044,-0.997301
0.410303,0.381072,0.336641,-0.000794542,-0.997759,-0.066911,-0.999542,-0.00123146,0.0302324,-0.030247,0.0669044,-0.997301
0.410299,0.376072,0.33625,-0.000793456,-0.996395,-0.084832,-0.999386,-0.00218167,0.0349724,-0.0350313,0.0848076,-0.995781
0.410295,0.371072,0.335809,-0.000793053,-0.995889,-0.090579,-0.999563,-0.00188727,0.0295015,-0.0295512,0.0905629,-0.995452
0.410291,0.366072,0.335311,-0.000791137,-0.993483,-0.113978,-0.99949,-0.00285163,0.0317938,-0.0319116,0.113945,-0.992974
0.410288,0.361072,0.334737,-0.000791137,-0.993483,-0.113978,-0.99949,-0.00285163,0.0317938,-0.0319116,0.113945,-0.992974
0.410284,0.356072,0.334074,-0.00078743,-0.988827,-0.149063,-0.999669,-0.00305672,0.0255579,-0.025728,0.149033,-0.988497
0.41028,0.351072,0.33332,-0.00078743,-0.988827,-0.149063,-0.999669,-0.00305672,0.0255579,-0.025728,0.149033,-0.988497
0.410276,0.346072,0.332487,-0.000784258,-0.984845,-0.173438,-0.99987,-0.00202511,0.0160206,-0.016129,0.173428,-0.984715
0.410272,0.341072,0.33155,-0.000782692,-0.982878,-0.184257,-0.999719,-0.00359415,0.0234189,-0.0236802,0.184223,-0.982599
0.410268,0.336072,0.330597,-0.000781811,-0.981772,-0.190061,-0.999771,-0.00329823,0.0211497,-0.021391,0.190034,-0.981544
0.410264,0.331072,0.329612,-0.000780336,-0.979919,-0.199395,-0.999639,-0.00458808,0.0264601,-0.0268436,0.199344,-0.979562
0.41026,0.326072,0.328573,-0.000776749,-0.975415,-0.220375,-0.999909,-0.0022095,0.013304,-0.0134638,0.220365,-0.975324
0.410256,0.321072,0.327421,-0.000774612,-0.972731,-0.231933,-0.999832,-0.00349229,0.017986,-0.0183055,0.231908,-0.972565
0.410252,0.316072,0.326209,-0.000769585,-0.966419,-0.256971,-1,0.000773663,8.52325e-05,0.000116438,0.256971,-0.966419
0.410248,0.311072,0.324803,-0.000765793,-0.961656,-0.274257,-0.999917,-0.00278106,0.0125436,-0.0128253,0.274244,-0.961575
0.410244,0.306072,0.323361,-0.000763885,-0.959261,-0.28252,-0.999944,-0.00225931,0.0103749,-0.0105905,0.282512,-0.959205
0.41024,0.301072,0.321897,-0.00076463,-0.960196,-0.279325,-0.99997,-0.0014341,0.00766713,-0.00776253,0.279323,-0.960166
0.410236,0.296072,0.320434,-0.000760321,-0.954786,-0.297295,-0.999993,-0.000344966,0.00366534,-0.00360217,0.297295,-0.954779
0.410232,0.291072,0.318852,-0.000757662,-0.951446,-0.307815,-0.999921,-0.00314277,0.0121754,-0.0125517,0.307799,-0.951368
0.410228,0.286072,0.317231,-0.000756398,-0.949859,-0.312678,-0.999934,-0.00285605,0.0110951,-0.0114318,0.312666,-0.949794
0.410224,0.281072,0.31558,-0.000755362,-0.948558,-0.316603,-0.999886,-0.00405766,0.0145425,-0.0150791,0.316578,-0.948447
0.41022,0.276072,0.313795,-0.00074774,-0.938987,-0.343953,-0.999883,-0.00455746,0.0146155,-0.0152913,0.343924,-0.938873
0.410216,0.271072,0.311933,-0.000743648,-0.933848,-0.35767,-0.999957,-0.0026292,0.00894368,-0.00929242,0.357661,-0.933805
0.410212,0.266072,0.310018,-0.000743648,-0.933848,-0.35767,-0.999957,-0.0026292,0.00894368,-0.00929242,0.357661,-0.933805
0.410208,0.261072,0.308039,-0.000735991,-0.924232,-0.381831,-0.999974,-0.00207424,0.00694823,-0.00721378,0.381827,-0.924206
0.410204,0.256072,0.305973,-0.000735991,-0.924232,-0.381831,-0.999974,-0.00207424,0.00694823,-0.00721378,0.381827,-0.924206
0.4102,0.251072,0.303862,-0.000733305,-0.920859,-0.389894,-0.999965,-0.00255583,0.00791713,-0.00828707,0.389887,-0.920826
0.410196,0.246072,0.30168,-0.000722394,-0.907157,-0.420791,-0.999745,-0.00884366,0.0207818,-0.0225737,0.420699,-0.906919
0.410192,0.241072,0.299357,-0.00072098,-0.905382,-0.424598,-0.999738,-0.00906979,0.0210373,-0.0228978,0.424502,-0.905138
0.410188,0.236072,0.297012,-0.00072098,-0.905382,-0.424598,-0.999738,-0.00906979,0.0210373,-0.0228978,0.424502,-0.905138
0.410184,0.231072,0.294524,-0.000711672,-0.893694,-0.448677,-0.999982,-0.00206086,0.00569103,-0.00601069,0.448673,-0.893676
0.41018,0.226072,0.291982,-0.000708053,-0.889148,-0.457618,-0.999984,-0.00191601,0.00527002,-0.00556263,0.457615,-0.889133
0.410176,0.221072,0.289326,-0.000698323,-0.87693,-0.480617,-0.999863,-0.0073478,0.0148595,-0.0165622,0.480562,-0.876804
0.410172,0.216072,0.28656,-0.000694545,-0.872185,-0.489175,-0.999999,0.00131834,-0.000930736,0.00145667,0.489174,-0.872185
0.410168,0.211072,0.283608,-0.000681582,-0.855908,-0.517128,-0.999781,-0.0102368,0.0182608,-0.0209232,0.517027,-0.855713
0.410164,0.206072,0.280577,-0.000680489,-0.854535,-0.519393,-0.99979,-0.0100454,0.0178371,-0.0204599,0.519296,-0.854349
0.41016,0.201072,0.277495,-0.000669754,-0.841054,-0.540951,-0.999583,-0.0150543,0.0246436,-0.0288702,0.540741,-0.840693
0.410156,0.196072,0.274272,-0.000667417,-0.838119,-0.545487,-0.999989,0.00305222,-0.0034661,0.00456996,0.545479,-0.838112
0.410152,0.191072,0.270798,-0.00065199,-0.818747,-0.574154,-0.999875,-0.00853925,0.0133124,-0.0158024,0.574091,-0.818639
0.410148,0.186072,0.267322,-0.000648704,-0.81462,-0.579995,-0.999675,-0.0142633,0.0211513,-0.0255029,0.57982,-0.814345
0.410144,0.181072,0.263572,-0.000630533,-0.791801,-0.610779,-0.999766,-0.0127179,0.0175194,-0.0216397,0.610646,-0.791608
0.41014,0.176072,0.259704,-0.000629561,-0.790581,-0.612357,-0.999774,-0.0125267,0.0172004,-0.0212692,0.612229,-0.790394
0.410136,0.171072,0.255698,-0.000612504,-0.769162,-0.639054,-0.999904,-0.00837447,0.0110378,-0.0138416,0.638999,-0.769083
