0.975602,0.10602,0.122426,-0.000371917,-0.467041,0.884236,-0.98795,0.13703,0.0719615,-0.154775,-0.873554,-0.461464
0.97559,0.0910197,0.152342,-0.000419207,-0.526426,0.850221,-0.960029,0.238188,0.147004,-0.279899,-0.816176,-0.505484
0.975578,0.0760197,0.174372,-0.000493328,-0.619504,0.784993,-0.949247,0.247195,0.194486,-0.314531,-0.745057,-0.588184
0.975566,0.0610197,0.192859,-0.000510186,-0.640674,0.767812,-0.949264,0.241772,0.201108,-0.31448,-0.728754,-0.608293
0.975554,0.0460197,0.209261,-0.000569567,-0.715243,0.698876,-0.944728,0.229514,0.23412,-0.327854,-0.660114,-0.675841
0.975542,0.0310197,0.223755,-0.00058108,-0.729701,0.683766,-0.949522,0.2149,0.22853,-0.3137,-0.649118,-0.692992
0.97553,0.0160197,0.236795,-0.000609452,-0.765329,0.643639,-0.945616,0.209807,0.248578,-0.325284,-0.608484,-0.723835
0.975518,0.0010197,0.248289,-0.000647056,-0.81255,0.582891,-0.95019,0.18217,0.252891,-0.311672,-0.553693,-0.772195
0.975506,-0.0139803,0.258972,-0.000670697,-0.842239,0.539105,-0.95532,0.159884,0.248597,-0.295572,-0.514851,-0.804715
0.975495,-0.0289803,0.268696,-0.000670022,-0.84139,0.540428,-0.955719,0.159575,0.247258,-0.294279,-0.516331,-0.80424
0.975483,-0.0439803,0.277397,-0.000695962,-0.873965,0.485989,-0.953539,0.146993,0.262975,-0.301268,-0.463226,-0.833462
0.975471,-0.0589803,0.285379,-0.000713536,-0.896035,0.443984,-0.95718,0.129141,0.259091,-0.289491,-0.424788,-0.857759
0.975459,-0.0739803,0.29274,-0.000718762,-0.902596,0.430487,-0.941451,0.145749,0.304017,-0.337148,-0.405065,-0.849855
0.975447,-0.0889803,0.299091,-0.000738972,-0.927975,0.372641,-0.951113,0.11574,0.286336,-0.308842,-0.354212,-0.882695
0.975435,-0.10398,0.304728,-0.000751721,-0.943985,0.329988,-0.955703,0.0978042,0.277608,-0.294332,-0.315162,-0.902243
0.975423,-0.11898,0.309612,-0.00076088,-0.955488,0.29503,-0.94564,0.0966361,0.310527,-0.325216,-0.278756,-0.90362
0.975411,-0.13398,0.313913,-0.000768518,-0.965079,0.261958,-0.946127,0.0855221,0.312296,-0.323793,-0.247606,-0.913153
0.975399,-0.14898,0.317668,-0.000776691,-0.975342,0.220698,-0.954097,0.0668213,0.291949,-0.299497,-0.210341,-0.930622
0.975387,-0.16398,0.320605,-0.000784027,-0.984555,0.175076,-0.953013,0.0537715,0.29812,-0.30293,-0.166616,-0.938335
0.975375,-0.17898,0.322876,-0.000788294,-0.989912,0.141681,-0.952957,0.043688,0.299941,-0.303105,-0.13478,-0.943378
0.975363,-0.19398,0.324864,-0.000789739,-0.991727,0.128364,-0.950222,0.0407388,0.308898,-0.311572,-0.12173,-0.942393
0.975351,-0.20898,0.326285,-0.000794128,-0.997239,0.0742549,-0.943657,0.0253201,0.329955,-0.330924,-0.0698091,-0.941072
0.975339,-0.22398,0.327098,-0.000795356,-0.998781,0.0493525,-0.945472,0.0168253,0.325268,-0.325701,-0.0464027,-0.944333
0.975327,-0.23898,0.327507,-0.000796304,-0.999971,-0.00751405,-0.95066,-0.00157412,0.310231,-0.310234,0.00739035,-0.950631
0.975315,-0.25398,0.32742,-0.000796327,-1,0.000362123,-0.953117,0.000868572,0.302601,-0.302601,-0.000104176,-0.953117
0.975303,-0.26898,0.326456,-0.000793361,-0.996276,-0.0862171,-0.950332,-0.0260828,0.310142,-0.311236,0.082181,-0.946773
0.975291,-0.28398,0.325217,-0.000792018,-0.994589,-0.103881,-0.947483,-0.0324754,0.318153,-0.319805,0.0986778,-0.942331
0.97528,-0.29898,0.323122,-0.000786461,-0.98761,-0.156926,-0.957266,-0.0446409,0.285744,-0.289209,0.150444,-0.94537
0.975268,-0.31398,0.3204,-0.000781082,-0.980856,-0.194732,-0.940122,-0.0656515,0.334455,-0.340836,0.183333,-0.922074
0.975256,-0.32898,0.317117,-0.000773204,-0.970963,-0.239227,-0.946807,-0.0762731,0.312634,-0.321802,0.226743,-0.919255
0.975244,-0.34398,0.313075,-0.000763927,-0.959313,-0.282343,-0.933548,-0.100522,0.344069,-0.358452,0.263844,-0.895488
0.975232,-0.35898,0.308333,-0.000754392,-0.947339,-0.32023,-0.947444,-0.101771,0.303303,-0.319921,0.303629,-0.897474
0.97522,-0.37398,0.302853,-0.000743379,-0.933509,-0.358552,-0.938674,-0.122979,0.322129,-0.344805,0.336803,-0.87617
0.975208,-0.38898,0.296983,-0.000734508,-0.92237,-0.386306,-0.951712,-0.117948,0.283431,-0.306992,0.367861,-0.877744
0.975196,-0.40398,0.290269,-0.000723773,-0.908889,-0.417038,-0.944964,-0.135822,0.29765,-0.327174,0.394301,-0.858769
0.975184,-0.41898,0.283063,-0.000715015,-0.897892,-0.440216,-0.935454,-0.154992,0.317651,-0.353446,0.412029,-0.839826
0.975172,-0.43398,0.274884,-0.000687772,-0.86368,-0.504039,-0.940127,-0.17123,0.294689,-0.340824,0.474064,-0.811851
0.97516,-0.44898,0.265687,-0.000657715,-0.825935,-0.563765,-0.942288,-0.188238,0.276874,-0.334802,0.531411,-0.778145
0.975148,-0.46398,0.255159,-0.000648143,-0.813916,-0.580982,-0.952639,-0.176175,0.247872,-0.304102,0.553627,-0.775254
0.975136,-0.47898,0.243486,-0.000624501,-0.784226,-0.620474,-0.956965,-0.179596,0.227957,-0.290204,0.593914,-0.750365
0.975124,-0.49398,0.231049,-0.00059444,-0.746477,-0.665411,-0.954328,-0.198376,0.223396,-0.298761,0.635153,-0.712266
0.975112,-0.50898,0.217296,-0.00057019,-0.716025,-0.698074,-0.963084,-0.187529,0.193138,-0.269201,0.672414,-0.689486
0.9751,-0.52398,0.202507,-0.000564758,-0.709203,-0.705004,-0.957158,-0.20376,0.205741,-0.289564,0.674916,-0.678705
0.975088,-0.53898,0.186174,-0.000518917,-0.651639,-0.758529,-0.977544,-0.159516,0.137706,-0.210732,0.741567,-0.636922
0.975076,-0.55398,0.167664,-0.000484382,-0.60827,-0.79373,-0.982782,-0.146367,0.112767,-0.184769,0.780118,-0.597726
0.975065,-0.56898,0.147108,-0.000459749,-0.577337,-0.816506,-0.980843,-0.158796,0.112834,-0.194802,0.800915,-0.566204
0.975053,-0.58398,0.124242,-0.000415931,-0.522312,-0.852754,-0.994148,-0.0919065,0.0567777,-0.108029,0.847787,-0.519217
0.975041,-0.59898,0.100145,-0.000442838,-0.556101,-0.831115,-0.997324,-0.0605184,0.0410244,-0.0731114,0.828909,-0.554586
0.960041,-0.598968,0.100754,-0.00041523,-0.521431,-0.853293,-0.999813,0.0167052,-0.00972171,0.0193236,0.85313,-0.521341
0.960053,-0.583968,0.125627,-0.00040933,-0.514022,-0.857777,-0.999986,0.00477784,-0.00238592,0.00532473,0.857763,-0.514017
0.960065,-0.568968,0.149303,-0.00043967,-0.552122,-0.833763,-0.998408,-0.0467825,0.0315061,-0.0564007,0.83245,-0.551223
0.960076,-0.553968,0.170932,-0.00046739,-0.586933,-0.809635,-0.997026,-0.0621246,0.0456118,-0.0770693,0.807249,-0.585158
0.960088,-0.538968,0.190324,-0.000509738,-0.640111,-0.768282,-0.991542,-0.0993879,0.0834651,-0.129785,0.761827,-0.634647
0.9601,-0.523968,0.207312,-0.000548547,-0.688847,-0.724907,-0.987486,-0.113951,0.10903,-0.157708,0.715895,-0.680164
0.960112,-0.508968,0.222422,-0.000567896,-0.713145,-0.701017,-0.97957,-0.14058,0.143806,-0.201104,0.686776,-0.698495
0.960124,-0.493968,0.236249,-0.000599106,-0.752337,-0.658778,-0.974776,-0.146591,0.168296,-0.223186,0.642262,-0.733272
0.960136,-0.478968,0.248675,-0.000610252,-0.766333,-0.642443,-0.973956,-0.145209,0.174136,-0.226735,0.625818,-0.746286
0.960148,-0.463968,0.260393,-0.000651065,-0.817586,-0.575807,-0.971236,-0.136594,0.195047,-0.238119,0.559371,-0.793979
0.96016,-0.448968,0.270898,-0.000670386,-0.841848,-0.539715,-0.973565,-0.122726,0.192637,-0.228408,0.525577,-0.819511
0.960172,-0.433968,0.279954,-0.00069164,-0.868538,-0.495622,-0.971764,-0.11636,0.205268,-0.235954,0.481769,-0.843934
0.960184,-0.418968,0.288052,-0.000712149,-0.894293,-0.447482,-0.972701,-0.103224,0.207841,-0.232062,0.435414,-0.869806
0.960196,-0.403968,0.295202,-0.0007286,-0.914951,-0.403565,-0.977763,-0.0839799,0.192162,-0.20971,0.394731,-0.894544
0.960208,-0.388968,0.301685,-0.000736549,-0.924933,-0.38013,-0.974548,-0.0845524,0.207621,-0.224177,0.370608,-0.901329
0.96022,-0.373968,0.307689,-0.000747144,-0.938238,-0.345991,-0.973635,-0.0782421,0.214275,-0.228112,0.337029,-0.913442
0.960232,-0.358968,0.312815,-0.000758551,-0.952562,-0.304343,-0.978131,-0.0625934,0.198349,-0.20799,0.297837,-0.931683
0.960244,-0.343968,0.317522,-0.000762584,-0.957627,-0.288011,-0.97391,-0.0646483,0.217532,-0.226934,0.280663,-0.932593
0.960256,-0.328968,0.321423,-0.000779574,-0.978962,-0.204039,-0.975031,-0.0445666,0.217552,-0.222069,0.199114,-0.954484
0.960268,-0.313968,0.324677,-0.000782187,-0.982243,-0.187611,-0.973522,-0.0421382,0.224674,-0.22859,0.182819,-0.956203
0.96028,-0.298968,0.327299,-0.000786677,-0.987882,-0.155207,-0.971463,-0.0360585,0.234434,-0.23719,0.150962,-0.959662
0.960291,-0.283968,0.329363,-0.000792148,-0.994752,-0.102309,-0.978016,-0.0205639,0.207516,-0.20853,0.100224,-0.972867
0.960303,-0.268968,0.330684,-0.000794201,-0.99733,-0.0730188,-0.978738,-0.014202,0.204624,-0.205114,0.0716287,-0.976113
0.960315,-0.253968,0.331413,-0.000796199,-0.999839,-0.0179305,-0.974678,-0.00323354,0.223589,-0.223611,0.0176544,-0.974518
0.960327,-0.238968,0.331584,-0.000796314,-0.999983,0.00574271,-0.973063,0.00209876,0.230529,-0.230537,-0.00540444,-0.973049
0.960339,-0.223968,0.331282,-0.000795905,-0.99947,0.0325463,-0.97211,0.00840625,0.234377,-0.234526,-0.031452,-0.971601
0.960351,-0.208968,0.330474,-0.000794617,-0.997852,0.0654998,-0.973081,0.0158667,0.229915,-0.23046,-0.063554,-0.971004
0.960363,-0.193968,0.329108,-0.000791505,-0.993945,0.109878,-0.972623,0.0262993,0.230895,-0.232387,-0.106687,-0.966755
0.960375,-0.178968,0.32716,-0.000785946,-0.986964,0.160941,-0.970557,0.0395187,0.237606,-0.240869,-0.156016,-0.957936
0.960387,-0.163968,0.324591,-0.000784891,-0.985639,0.168866,-0.974875,0.0383693,0.219423,-0.222751,-0.164451,-0.960905
0.960399,-0.148968,0.321699,-0.000781198,-0.981001,0.193999,-0.977036,0.0420849,0.208878,-0.213074,-0.18938,-0.958506
0.960411,-0.133968,0.3182,-0.000768178,-0.964651,0.263529,-0.976006,0.0581052,0.20985,-0.217744,-0.257045,-0.941549
0.960423,-0.118968,0.313734,-0.000758821,-0.952902,0.303278,-0.974237,0.0691017,0.214681,-0.225527,-0.295302,-0.928404
0.960435,-0.103968,0.309,-0.000750962,-0.943032,0.332702,-0.977304,0.0711712,0.199526,-0.211839,-0.325001,-0.921683
0.960447,-0.0889683,0.303263,-0.000738518,-0.927405,0.374058,-0.975754,0.0825376,0.20271,-0.218868,-0.364839,-0.90498
0.960459,-0.0739683,0.29679,-0.000723427,-0.908455,0.417982,-0.975946,0.0917652,0.197756,-0.218009,-0.407785,-0.88667
0.960471,-0.0589683,0.289721,-0.000713989,-0.896603,0.442835,-0.978947,0.0910147,0.182698,-0.204112,-0.433381,-0.877792
0.960483,-0.0439683,0.281842,-0.000697134,-0.875437,0.483332,-0.975245,0.107472,0.193253,-0.221126,-0.471233,-0.85384
0.960495,-0.0289683,0.273209,-0.000679466,-0.85325,0.521501,-0.974854,0.116778,0.189795,-0.222842,-0.508259,-0.831874
0.960506,-0.0139683,0.263814,-0.000673454,-0.8457,0.533658,-0.97924,0.108732,0.171074,-0.202703,-0.522464,-0.828217
0.960518,0.00103165,0.253407,-0.00064286,-0.807281,0.590167,-0.977004,0.126343,0.171759,-0.213221,-0.576485,-0.788798
0.96053,0.0160316,0.241937,-0.000616318,-0.773951,0.633246,-0.971155,0.15146,0.184168,-0.238448,-0.614866,-0.751719
0.960542,0.0310316,0.229179,-0.000588998,-0.739644,0.672998,-0.974047,0.152754,0.167028,-0.226344,-0.655433,-0.720538
0.960554,0.0460316,0.214901,-0.00056395,-0.708189,0.706022,-0.977404,0.149629,0.149307,-0.211379,-0.689985,-0.692272
0.960566,0.0610316,0.198748,-0.00052091,-0.654141,0.756372,-0.976197,0.164378,0.141488,-0.216884,-0.738295,-0.638656
0.960578,0.0760316,0.180803,-0.000485265,-0.609379,0.792879,-0.979342,0.160617,0.122845,-0.20221,-0.77644,-0.596868
0.96059,0.0910316,0.158677,-0.000364292,-0.457465,0.889227,-0.983198,0.162484,0.0831874,-0.18254,-0.874257,-0.449838
0.960602,0.106032,0.1251,-0.000373499,-0.469028,0.883183,-0.998279,0.051961,0.0271725,-0.0586357,-0.881654,-0.46824
0.945602,0.106044,0.126457,-0.000381014,-0.478465,0.878107,-0.999379,0.031134,0.0165307,-0.0352484,-0.877555,-0.478179
0.94559,0.0910436,0.163376,-0.000392619,-0.493037,0.870008,-0.991696,0.112077,0.0630671,-0.128603,-0.862759,-0.488987
0.945578,0.0760436,0.185362,-0.000488292,-0.613181,0.789943,-0.986145,0.131334,0.101336,-0.165883,-0.778949,-0.604749
0.945566,0.0610436,0.203181,-0.000524345,-0.658454,0.752621,-0.984368,0.132893,0.11558,-0.176122,-0.740795,-0.648231
0.945554,0.0460436,0.218922,-0.000563477,-0.707596,0.706617,-0.986177,0.117477,0.116854,-0.165697,-0.696784,-0.69788
0.945542,0.0310436,0.232989,-0.000593451,-0.745235,0.666802,-0.986535,0.109492,0.121493,-0.163551,-0.657751,-0.735265
0.94553,0.0160436,0.245665,-0.00063178,-0.793368,0.608742,-0.98558,0.103498,0.133866,-0.169208,-0.599879,-0.781993
0.945518,0.00104359,0.257059,-0.000644837,-0.809764,0.586755,-0.984243,0.104263,0.142809,-0.176819,-0.577418,-0.797072
0.945506,-0.0139564,0.267243,-0.000672559,-0.844576,0.535435,-0.987775,0.0840288,0.131303,-0.155888,-0.5288,-0.834308
0.945495,-0.0289564,0.276469,-0.000685637,-0.860999,0.508605,-0.985933,0.0855905,0.143564,-0.16714,-0.501352,-0.848946
0.945483,-0.0439564,0.284933,-0.000700195,-0.879281,0.476302,-0.988742,0.071878,0.131237,-0.14963,-0.470848,-0.869433
0.945471,-0.0589564,0.292784,-0.000715476,-0.898471,0.439033,-0.991005,0.0593896,0.119924,-0.133823,-0.434998,-0.890431
0.945459,-0.0739564,0.299779,-0.000731481,-0.918569,0.395261,-0.991187,0.0530248,0.121393,-0.132466,-0.391689,-0.910512
0.945447,-0.0889564,0.306178,-0.000738965,-0.927967,0.372662,-0.990042,0.0531383,0.130356,-0.140769,-0.368855,-0.918765
0.945435,-0.103956,0.311843,-0.0007509,-0.942954,0.332922,-0.990512,0.0464526,0.129337,-0.137424,-0.329666,-0.934042
0.945423,-0.118956,0.316797,-0.000758711,-0.952763,0.303714,-0.985002,0.0531156,0.164165,-0.172543,-0.299034,-0.938514
0.945411,-0.133956,0.321081,-0.000773063,-0.970786,0.239947,-0.988878,0.0364294,0.144201,-0.148729,-0.237167,-0.960016
0.945399,-0.148956,0.324616,-0.000776158,-0.974673,0.223634,-0.983035,0.0417614,0.178598,-0.183414,-0.219702,-0.95817
0.945387,-0.163956,0.327757,-0.00077948,-0.978844,0.204605,-0.9828,0.0385346,0.180608,-0.184672,-0.200945,-0.962038
0.945375,-0.178956,0.33008,-0.000788867,-0.990632,0.136555,-0.98704,0.0226847,0.158864,-0.160473,-0.13466,-0.977811
0.945363,-0.193956,0.331895,-0.00079287,-0.995658,0.0930782,-0.98743,0.015491,0.157296,-0.158055,-0.0917835,-0.983155
0.945351,-0.208956,0.333224,-0.000794073,-0.997169,0.0751835,-0.986367,0.0131529,0.164031,-0.164556,-0.0740283,-0.983586
0.945339,-0.223956,0.334113,-0.000795226,-0.998617,0.0525659,-0.987892,0.00893949,0.154882,-0.155138,-0.0518063,-0.986533
0.945327,-0.238956,0.334526,-0.000796327,-1,-0.000467986,-0.986077,0.000707419,0.166288,-0.166288,0.00059389,-0.986077
0.945315,-0.253956,0.334366,-0.000796283,-0.999945,-0.0104408,-0.990175,-0.000671524,0.139831,-0.13983,0.0104496,-0.99012
0.945303,-0.268956,0.333508,-0.000794425,-0.997612,-0.0690635,-0.988267,-0.00976531,0.152426,-0.152737,0.0683742,-0.985899
0.945291,-0.283956,0.332191,-0.000791772,-0.99428,-0.106804,-0.990618,-0.0138156,0.135959,-0.136657,0.105909,-0.984941
0.94528,-0.298956,0.330251,-0.00078928,-0.99115,-0.132743,-0.990763,-0.0172257,0.13451,-0.135606,0.131623,-0.981981
0.945268,-0.313956,0.327675,-0.000780997,-0.980749,-0.195271,-0.988422,-0.0288715,0.14896,-0.151731,0.193127,-0.969371
0.945256,-0.328956,0.324282,-0.000774771,-0.972931,-0.231095,-0.98483,-0.0393575,0.169001,-0.173521,0.22772,-0.958141
0.945244,-0.343956,0.320392,-0.000768506,-0.965063,-0.262016,-0.989643,-0.0368773,0.13873,-0.143546,0.259409,-0.95504
0.945232,-0.358956,0.315791,-0.000754876,-0.947948,-0.318425,-0.987346,-0.0497896,0.150564,-0.158581,0.314509,-0.935915
0.94522,-0.373956,0.310709,-0.00074995,-0.941761,-0.336282,-0.988816,-0.0494535,0.1407,-0.149136,0.332626,-0.931192
0.945208,-0.388956,0.304917,-0.000736996,-0.925494,-0.378762,-0.988863,-0.0556963,0.138016,-0.148829,0.374646,-0.915145
0.945196,-0.403956,0.298482,-0.000730634,-0.917505,-0.397723,-0.987747,-0.0614066,0.143473,-0.15606,0.392955,-0.906218
0.945184,-0.418956,0.291404,-0.00071069,-0.892461,-0.451125,-0.9895,-0.0645731,0.129304,-0.144529,0.44648,-0.883044
0.945172,-0.433956,0.283372,-0.000686544,-0.862139,-0.506672,-0.987279,-0.0799743,0.13742,-0.158996,0.500321,-0.851116
0.94516,-0.448956,0.274324,-0.000670524,-0.842021,-0.539444,-0.988676,-0.0803936,0.126716,-0.150065,0.533421,-0.832432
0.945148,-0.463956,0.264009,-0.000639945,-0.803621,-0.595141,-0.99076,-0.0802072,0.109369,-0.135626,0.589712,-0.796144
0.945136,-0.478956,0.252461,-0.000622908,-0.782226,-0.622995,-0.990204,-0.0865026,0.109602,-0.139624,0.61696,-0.77451
0.945124,-0.493956,0.239734,-0.000588262,-0.738719,-0.674014,-0.992331,-0.082883,0.0917058,-0.123609,0.668898,-0.733005
0.945112,-0.508956,0.225835,-0.000570189,-0.716024,-0.698076,-0.992986,-0.0821302,0.0850529,-0.118233,0.693228,-0.710955
0.9451,-0.523956,0.210335,-0.000543037,-0.681927,-0.73142,-0.992441,-0.0893949,0.0840826,-0.122723,0.725937,-0.676723
0.945088,-0.538956,0.192645,-0.000493327,-0.619503,-0.784994,-0.99755,-0.0546108,0.0437247,-0.0699567,0.783093,-0.617958
0.945076,-0.553956,0.172533,-0.000454972,-0.571338,-0.820714,-0.998818,-0.0396331,0.0281442,-0.0486074,0.819757,-0.570645
0.945065,-0.568956,0.149908,-0.000427496,-0.536835,-0.843687,-0.999972,-0.00602653,0.00434134,-0.00741509,0.843666,-0.536817
0.945053,-0.583956,0.12535,-0.000404133,-0.507496,-0.861654,-0.999837,0.0157661,-0.00881696,0.0180595,0.86151,-0.50742
0.945041,-0.598956,0.0999941,-0.000406267,-0.510176,-0.86007,-0.999479,0.0279672,-0.0161174,0.0322765,0.859615,-0.509921
0.930041,-0.598944,0.0989855,-0.000405032,-0.508625,-0.860988,-0.999363,0.030934,-0.017804,0.0356894,0.860432,-0.508314
0.930053,-0.583944,0.124651,-0.000402859,-0.505897,-0.862594,-0.999604,0.0244626,-0.01388,0.0281231,0.862247,-0.505706
0.930065,-0.568944,0.149854,-0.000412607,-0.518138,-0.855297,-0.999829,0.0160393,-0.00923426,0.018503,0.855147,-0.518056
0.930076,-0.553944,0.173153,-0.000441424,-0.554325,-0.8323,-0.999929,-0.00966887,0.00696995,-0.011911,0.832244,-0.554282
0.930088,-0.538944,0.193933,-0.000493245,-0.6194,-0.785076,-0.999173,-0.0316102,0.0255672,-0.0406527,0.784439,-0.618872
0.9301,-0.523944,0.211999,-0.000527507,-0.662425,-0.749128,-0.999035,-0.0325534,0.0294892,-0.0439211,0.748421,-0.661768
0.930112,-0.508944,0.227708,-0.000565739,-0.710435,-0.703762,-0.998834,-0.033571,0.0346923,-0.0482726,0.702961,-0.709588
0.930124,-0.493944,0.241796,-0.000587357,-0.737582,-0.675257,-0.996892,-0.0527643,0.0585015,-0.0787791,0.673192,-0.735259
0.930136,-0.478944,0.254643,-0.000616129,-0.773713,-0.633536,-0.99664,-0.0514123,0.0637571,-0.0819012,0.631447,-0.771082
0.930148,-0.463944,0.26611,-0.000643829,-0.808498,-0.588498,-0.995719,-0.053875,0.0751045,-0.0924272,0.586028,-0.805002
0.93016,-0.448944,0.276432,-0.000672359,-0.844326,-0.53583,-0.998307,-0.0306018,0.049473,-0.0581687,0.534956,-0.842875
0.930172,-0.433944,0.285459,-0.000695244,-0.873064,-0.487605,-0.997246,-0.0355563,0.0650861,-0.0741618,0.486307,-0.870635
0.930184,-0.418944,0.293417,-0.000714336,-0.897038,-0.441952,-0.997323,-0.0316773,0.065908,-0.0731219,0.440816,-0.894614
0.930196,-0.403944,0.300565,-0.000721981,-0.906639,-0.421907,-0.995834,-0.03782,0.0829758,-0.0911856,0.420209,-0.902834
0.930208,-0.388944,0.306943,-0.000736206,-0.924502,-0.381177,-0.99575,-0.0344267,0.0854213,-0.0920948,0.37962,-0.920547
0.93022,-0.373944,0.312612,-0.000747078,-0.938154,-0.346216,-0.996609,-0.0277891,0.0774517,-0.0822827,0.3451,-0.934952
0.930232,-0.358944,0.317766,-0.000759489,-0.95374,-0.300632,-0.996557,-0.024201,0.0792942,-0.0829017,0.299657,-0.950438
0.930244,-0.343944,0.322278,-0.000766104,-0.962047,-0.272884,-0.995044,-0.0264001,0.0958668,-0.0994325,0.271605,-0.957259
0.930256,-0.328944,0.32621,-0.000772997,-0.970703,-0.24028,-0.99648,-0.0193937,0.0815538,-0.0838245,0.239498,-0.967272
0.930268,-0.313944,0.329638,-0.000783394,-0.983759,-0.179492,-0.995638,-0.0159786,0.0919208,-0.093296,0.178781,-0.979456
0.93028,-0.298944,0.332072,-0.000786397,-0.987531,-0.157425,-0.995426,-0.0142656,0.0944608,-0.0955287,0.156779,-0.983003
0.930291,-0.283944,0.334093,-0.000791026,-0.993344,-0.115187,-0.994118,-0.0116932,0.107666,-0.108297,0.114595,-0.987492
0.930303,-0.268944,0.335412,-0.000794523,-0.997735,-0.0672585,-0.995542,-0.0055544,0.0941562,-0.0943165,0.0670335,-0.993283
0.930315,-0.253944,0.336166,-0.000795678,-0.999185,-0.0403573,-0.994221,-0.00354177,0.107291,-0.107346,0.0402095,-0.993408
0.930327,-0.238944,0.336416,-0.000796299,-0.999965,0.0083135,-0.996899,0.00144802,0.0786844,-0.0786937,-0.00822506,-0.996865
0.930339,-0.223944,0.336026,-0.000795722,-0.99924,0.0389641,-0.993834,0.00511036,0.11076,-0.110875,-0.0386357,-0.993083
0.930351,-0.208944,0.335274,-0.000795126,-0.998492,0.0548832,-0.994688,0.00643895,0.102734,-0.102932,-0.0545099,-0.993194
0.930363,-0.193944,0.333986,-0.000792694,-0.995438,0.0954028,-0.997089,0.00806059,0.0758199,-0.076243,-0.095065,-0.992547
0.930375,-0.178944,0.332,-0.000788771,-0.990512,0.137424,-0.996512,0.0122456,0.0825431,-0.0834428,-0.13688,-0.987067
0.930387,-0.163944,0.329728,-0.000784623,-0.985303,0.170816,-0.996194,0.0156588,0.0857473,-0.0871618,-0.170099,-0.981565
0.930399,-0.148944,0.326717,-0.000776907,-0.975613,0.219494,-0.995619,0.0212774,0.0910501,-0.0935,-0.218462,-0.971356
0.930411,-0.133944,0.323103,-0.000770802,-0.967947,0.251153,-0.994446,0.0271755,0.101683,-0.105249,-0.24968,-0.962592
0.930423,-0.118944,0.318757,-0.000761469,-0.956227,0.292625,-0.99604,0.0267404,0.0847894,-0.0889029,-0.291401,-0.952461
0.930435,-0.103944,0.313732,-0.000748953,-0.940509,0.339768,-0.995664,0.032308,0.0872368,-0.0930242,-0.338229,-0.936455
0.930447,-0.0889444,0.308092,-0.000739682,-0.928867,0.370413,-0.994693,0.0387936,0.0952944,-0.102885,-0.368377,-0.923966
0.930459,-0.0739444,0.301815,-0.000730123,-0.916863,0.399202,-0.993778,0.0451271,0.101828,-0.111377,-0.396644,-0.911191
0.930471,-0.0589444,0.29483,-0.000716419,-0.899654,0.436603,-0.993898,0.0487967,0.0989184,-0.110297,-0.433868,-0.894199
0.930483,-0.0439444,0.28713,-0.000705282,-0.885669,0.464316,-0.993852,0.0520286,0.0977333,-0.110717,-0.461393,-0.880261
0.930495,-0.0289445,0.278767,-0.000686041,-0.861507,0.507745,-0.995718,0.0475269,0.079295,-0.0924447,-0.505516,-0.85785
0.930506,-0.0139445,0.269698,-0.000670486,-0.841973,0.53952,-0.993072,0.0639593,0.0985806,-0.117509,-0.535716,-0.836182
0.930518,0.00105554,0.259521,-0.00064585,-0.811036,0.584996,-0.995064,0.0585744,0.0801087,-0.0992368,-0.582057,-0.80707
0.93053,0.0160555,0.248381,-0.000616713,-0.774447,0.632639,-0.993946,0.0699827,0.0847006,-0.10987,-0.628756,-0.769801
0.930542,0.0310555,0.235797,-0.000598956,-0.752149,0.658993,-0.993942,0.0728739,0.0822719,-0.109904,-0.654952,-0.747636
0.930554,0.0460555,0.221878,-0.000565641,-0.710312,0.703887,-0.993983,0.0774989,0.0774076,-0.109534,-0.699608,-0.706082
0.930566,0.0610555,0.206276,-0.00053162,-0.66759,0.744529,-0.993077,0.0878058,0.078023,-0.117461,-0.739333,-0.663015
0.930578,0.0760555,0.188526,-0.000495284,-0.62196,0.783049,-0.99431,0.0837234,0.065871,-0.106529,-0.77856,-0.618462
0.93059,0.0910555,0.166556,-0.000310174,-0.389506,0.921024,-0.997782,0.0614323,0.025644,-0.0665691,-0.918973,-0.388661
0.930602,0.106056,0.127576,-0.000395424,-0.496559,0.868003,-0.999441,0.0292048,0.0162519,-0.0334199,-0.867511,-0.496294
0.915602,0.106067,0.128102,-0.000404552,-0.508022,0.861344,-0.99955,0.0260517,0.0148959,-0.0300069,-0.86095,-0.507804
0.91559,0.0910675,0.168945,-0.000355409,-0.44631,0.894878,-0.998807,0.0438592,0.0214776,-0.0488343,-0.893803,-0.445793
0.915578,0.0760675,0.190705,-0.000500589,-0.628622,0.777711,-0.996863,0.0618655,0.0493641,-0.0791449,-0.775246,-0.626681
0.915566,0.0610675,0.208278,-0.000530562,-0.666262,0.745717,-0.998842,0.0362249,0.0316545,-0.0481037,-0.744837,-0.66551
0.915554,0.0460675,0.22388,-0.000572895,-0.719422,0.694573,-0.997532,0.0491783,0.0501149,-0.0702117,-0.69283,-0.717675
0.915542,0.0310675,0.237562,-0.000603786,-0.758214,0.652005,-0.997639,0.045235,0.0516797,-0.0686777,-0.650435,-0.756451
0.91553,0.0160675,0.250003,-0.00062534,-0.78528,0.61914,-0.997991,0.0397145,0.0493635,-0.0633531,-0.617866,-0.783727
0.915518,0.00106748,0.261083,-0.000648683,-0.814594,0.580032,-0.997879,0.0382869,0.0526539,-0.0650991,-0.578767,-0.81289
0.915506,-0.0139325,0.271088,-0.000667889,-0.838712,0.544574,-0.998911,0.0259651,0.0387644,-0.0466521,-0.543955,-0.837816
0.915495,-0.0289325,0.280181,-0.000695638,-0.873558,0.486719,-0.998157,0.0301432,0.0526741,-0.0606851,-0.485785,-0.871969
0.915483,-0.0439325,0.288453,-0.000701776,-0.881266,0.47262,-0.998814,0.0236221,0.0425637,-0.0486742,-0.47203,-0.880238
0.915471,-0.0589325,0.296017,-0.000717828,-0.901423,0.432939,-0.99872,0.0225399,0.0452745,-0.0505698,-0.432352,-0.900286
0.915459,-0.0739325,0.302956,-0.000729229,-0.91574,0.401771,-0.998936,0.0191918,0.0419299,-0.0461076,-0.401313,-0.91478
0.915447,-0.0889325,0.309373,-0.000739331,-0.928426,0.371516,-0.997694,0.0259001,0.0627394,-0.0678712,-0.370613,-0.926304
0.915435,-0.103932,0.314894,-0.000750572,-0.942542,0.334087,-0.997828,0.0227107,0.061831,-0.0658656,-0.333315,-0.940512
0.915423,-0.118932,0.319919,-0.000763312,-0.95854,0.284955,-0.998283,0.0174221,0.0559307,-0.0585764,-0.284423,-0.956908
0.915411,-0.133932,0.324125,-0.000771266,-0.96853,0.248897,-0.999584,0.00791973,0.0277205,-0.0288193,-0.248772,-0.968133
0.915399,-0.148932,0.327749,-0.000777918,-0.976882,0.213776,-0.998957,0.0105174,0.0444259,-0.0456473,-0.213518,-0.975872
0.915387,-0.163932,0.330767,-0.000784702,-0.985401,0.170246,-0.999043,0.0082195,0.0429704,-0.0437425,-0.170049,-0.984464
0.915375,-0.178932,0.333006,-0.000788749,-0.990484,0.137625,-0.998832,0.00742835,0.0477371,-0.0483052,-0.137427,-0.989333
0.915363,-0.193932,0.334865,-0.00079166,-0.994139,0.108108,-0.998886,0.00588655,0.0468169,-0.0471788,-0.10795,-0.993036
0.915351,-0.208932,0.336277,-0.000794187,-0.997313,0.0732542,-0.99919,0.0037379,0.0400566,-0.0402228,-0.0731631,-0.996509
0.915339,-0.223932,0.33711,-0.000795947,-0.999523,0.0308844,-0.999263,0.00198024,0.0383344,-0.0383773,-0.0308311,-0.998788
0.915327,-0.238932,0.337436,-0.000796179,-0.999815,0.019234,-0.998763,0.00175146,0.0497003,-0.0497247,-0.0191707,-0.998579
0.915315,-0.253932,0.337297,-0.000795674,-0.99918,-0.0404916,-0.999704,-0.000189926,0.0243312,-0.0243189,0.040499,-0.998884
0.915303,-0.268932,0.33649,-0.000794542,-0.997759,-0.066911,-0.999542,-0.00123146,0.0302324,-0.030247,0.0669044,-0.997301
0.915291,-0.283932,0.335138,-0.000790557,-0.992754,-0.120164,-0.999128,-0.0042327,0.0415423,-0.0417499,0.120092,-0.991884
0.91528,-0.298932,0.333151,-0.000787948,-0.989478,-0.14468,-0.999271,-0.00474368,0.0378846,-0.0381723,0.144604,-0.988753
0.915268,-0.313932,0.330487,-0.000781811,-0.981772,-0.190061,-0.999771,-0.00329823,0.0211497,-0.021391,0.190034,-0.981544
0.915256,-0.328932,0.327265,-0.000772817,-0.970477,-0.241191,-0.998863,-0.0107484,0.0464487,-0.0476698,0.240952,-0.969366
0.915244,-0.343932,0.323269,-0.000766748,-0.962856,-0.270013,-0.998747,-0.0127741,0.0483879,-0.0500398,0.269712,-0.96164
0.915232,-0.358932,0.318742,-0.000758252,-0.952186,-0.305517,-0.998924,-0.0134486,0.0443937,-0.0463798,0.305222,-0.951151
0.91522,-0.373932,0.313668,-0.00074527,-0.935884,-0.352307,-0.998955,-0.0154044,0.0430342,-0.0457022,0.351971,-0.934895
0.915208,-0.388932,0.307869,-0.000740248,-0.929577,-0.368626,-0.999309,-0.0130117,0.0348189,-0.0371633,0.368397,-0.928925
0.915196,-0.403932,0.301506,-0.000727445,-0.9135,-0.406838,-0.999146,-0.0161471,0.0380427,-0.0413213,0.406518,-0.912708
0.915184,-0.418932,0.294391,-0.000715667,-0.89871,-0.438543,-0.99934,-0.0152812,0.0329467,-0.036311,0.438277,-0.898106
0.915172,-0.433932,0.286424,-0.000692424,-0.869522,-0.493894,-0.99934,-0.0173348,0.0319197,-0.0363165,0.49359,-0.868936
0.91516,-0.448932,0.277306,-0.000673291,-0.845496,-0.533982,-0.999465,-0.0168876,0.0279997,-0.0326913,0.533715,-0.845032
0.915148,-0.463932,0.267162,-0.000648704,-0.81462,-0.579995,-0.999675,-0.0142633,0.0211513,-0.0255029,0.57982,-0.814345
0.915136,-0.478932,0.255589,-0.000615019,-0.77232,-0.635234,-0.99979,-0.0125457,0.016221,-0.0204973,0.63511,-0.77215
0.915124,-0.493932,0.242691,-0.000592372,-0.74388,-0.668313,-0.999856,-0.010906,0.0130254,-0.0169779,0.668224,-0.743766
0.915112,-0.508932,0.228465,-0.000561738,-0.705412,-0.708798,-0.999689,-0.0172742,0.017984,-0.02493,0.708587,-0.705183
0.9151,-0.523932,0.212548,-0.000524354,-0.658465,-0.752611,-0.99999,-0.00301394,0.00333362,-0.0044634,0.752605,-0.658457
0.915088,-0.538932,0.194391,-0.000484665,-0.608625,-0.793458,-0.999974,-0.00536602,0.00472684,-0.00713458,0.79344,-0.608607
0.915076,-0.553932,0.173243,-0.000435251,-0.546573,-0.837411,-0.999947,0.00882974,-0.00524339,0.01026,0.837365,-0.546548
0.915065,-0.568932,0.149325,-0.000409844,-0.514668,-0.85739,-0.99976,0.0189946,-0.0109241,0.0219081,0.857179,-0.514552
0.915053,-0.583932,0.123738,-0.000398945,-0.500981,-0.865458,-0.999447,0.0289884,-0.0163196,0.033264,0.864973,-0.500715
0.915041,-0.598932,0.097964,-0.000404363,-0.507785,-0.861484,-0.999439,0.0290447,-0.0166507,0.0334766,0.860994,-0.507512
0.900041,-0.59892,0.0970027,-0.000403705,-0.506959,-0.86197,-0.999465,0.0283839,-0.0162256,0.0326918,0.861503,-0.506699
0.900053,-0.58392,0.122779,-0.000398663,-0.500628,-0.865663,-0.99947,0.0283684,-0.0159457,0.0325403,0.865198,-0.500374
0.900065,-0.56892,0.148557,-0.000403419,-0.506599,-0.862182,-0.999537,0.0264485,-0.0150729,0.0304393,0.861776,-0.506375
0.900076,-0.55392,0.172858,-0.00043552,-0.546911,-0.837191,-0.999676,0.0215355,-0.0135484,0.025439,0.836914,-0.546743
0.900088,-0.53892,0.194057,-0.000485612,-0.609815,-0.792544,-0.999472,0.0260492,-0.0194309,0.0324944,0.792116,-0.609505
0.9001,-0.52392,0.212231,-0.000530828,-0.666595,-0.745419,-0.99957,0.022196,-0.0191371,0.0293021,0.745089,-0.666321
0.900112,-0.50892,0.228214,-0.00055841,-0.701233,-0.712932,-0.999765,0.0158294,-0.0147866,0.0216541,0.712757,-0.701077
0.900124,-0.49392,0.242676,-0.00059274,-0.744343,-0.667797,-0.99984,0.0123977,-0.0129313,0.0179045,0.667683,-0.744231
0.900136,-0.47892,0.255602,-0.000617838,-0.775859,-0.630906,-0.99977,0.0140003,-0.0162378,0.0214311,0.630751,-0.77569
0.900148,-0.46392,0.26721,-0.000646429,-0.811763,-0.583987,-0.999862,0.0102119,-0.0130882,0.0165881,0.583898,-0.811658
0.90016,-0.44892,0.277396,-0.000672485,-0.844483,-0.535582,-0.999908,0.0078357,-0.0110995,0.01357,0.535525,-0.84441
0.900172,-0.43392,0.286486,-0.000694384,-0.871984,-0.489534,-0.998888,0.0236827,-0.0407681,0.0471426,0.488961,-0.871031
0.900184,-0.41892,0.294467,-0.000710281,-0.891947,-0.45214,-0.99945,0.0156201,-0.0292441,0.0331467,0.451871,-0.891468
0.900196,-0.40392,0.301677,-0.00072835,-0.914637,-0.404276,-0.999372,0.0149873,-0.0321069,0.0354252,0.403998,-0.914074
0.900208,-0.38892,0.308035,-0.000734082,-0.921835,-0.387583,-0.999541,0.0124155,-0.0276363,0.0302881,0.387384,-0.921421
0.90022,-0.37392,0.313763,-0.000750116,-0.94197,-0.335696,-0.999864,0.00624452,-0.015288,0.0164971,0.335639,-0.941846
0.900232,-0.35892,0.318825,-0.000760101,-0.954508,-0.298183,-0.999724,0.00772471,-0.022179,0.0234734,0.298084,-0.954251
0.900244,-0.34392,0.323405,-0.000763567,-0.958861,-0.283875,-0.999885,0.00503101,-0.014304,0.0151438,0.283832,-0.958755
0.900256,-0.32892,0.327464,-0.000774523,-0.97262,-0.232402,-0.999903,0.00398657,-0.0133518,0.0139127,0.232369,-0.972528
0.900268,-0.31392,0.330678,-0.000780906,-0.980635,-0.195841,-0.999925,0.00315917,-0.0118317,0.0122213,0.195817,-0.980564
0.90028,-0.29892,0.333398,-0.000788215,-0.989813,-0.142373,-0.999796,0.00365454,-0.0198721,0.02019,0.142328,-0.989614
0.900291,-0.28392,0.335385,-0.000791166,-0.993519,-0.113665,-0.999887,0.00249502,-0.0148486,0.015036,0.113641,-0.993408
0.900303,-0.26892,0.336794,-0.000794223,-0.997358,-0.072641,-0.999999,0.000881946,-0.00117555,0.00123651,0.07264,-0.997357
0.900315,-0.25392,0.337493,-0.000795931,-0.999503,-0.031508,-0.999993,0.000683663,0.00357377,-0.00355045,0.0315106,-0.999497
0.900327,-0.23892,0.337707,-0.000796276,-0.999936,0.0113261,-0.999827,0.000585729,-0.0185806,0.0185728,-0.011339,-0.999763
0.900339,-0.223921,0.337434,-0.000795822,-0.999366,0.0356057,-0.999998,0.000856132,0.00167862,-0.00170804,-0.0356043,-0.999365
0.900351,-0.208921,0.336499,-0.00079326,-0.996149,0.087676,-0.999865,-0.000646535,-0.0163922,0.0163857,-0.0876772,-0.996014
0.900363,-0.193921,0.335092,-0.000792388,-0.995053,0.0993401,-0.999965,-3.45743e-05,-0.00832256,0.00828482,-0.0993432,-0.995019
0.900375,-0.178921,0.333368,-0.000786711,-0.987925,0.154933,-0.999901,-0.00139808,-0.0139921,0.0140397,-0.154928,-0.987826
0.900387,-0.163921,0.33091,-0.000784702,-0.985401,0.170245,-0.99996,-0.000736133,-0.00886992,0.00886575,-0.170245,-0.985362
0.900399,-0.148921,0.32792,-0.00077672,-0.975378,0.220539,-0.99981,-0.00353609,-0.0191604,0.0194684,-0.220512,-0.97519
0.900411,-0.133921,0.324294,-0.000771304,-0.968578,0.248711,-0.999917,-0.00246017,-0.0126818,0.0128952,-0.2487,-0.968495
0.900423,-0.118921,0.320255,-0.000764462,-0.959985,0.28005,-0.999993,-0.000254925,-0.00360358,0.00353077,-0.280051,-0.959979
0.900435,-0.103921,0.315341,-0.000750139,-0.941999,0.335616,-0.999982,0.00268323,0.00529616,-0.00588951,-0.335606,-0.941984
0.900447,-0.0889205,0.309754,-0.000742241,-0.93208,0.362251,-0.999952,0.00422864,0.00883152,-0.00976351,-0.362227,-0.932039
0.900459,-0.0739205,0.303564,-0.000727706,-0.913828,0.406101,-0.999747,0.00979157,0.020242,-0.0224741,-0.405983,-0.913604
0.900471,-0.0589206,0.296668,-0.000714835,-0.897665,0.440679,-0.999795,0.00956195,0.017856,-0.0202424,-0.440575,-0.897487
0.900483,-0.0439206,0.289065,-0.000703366,-0.883262,0.468879,-0.999665,0.0127444,0.0225079,-0.025856,-0.468706,-0.882976
0.900495,-0.0289206,0.280825,-0.000693473,-0.87084,0.491566,-0.999957,0.00516718,0.00774331,-0.00928319,-0.491539,-0.870806
0.900506,-0.0139206,0.271657,-0.000671134,-0.842787,0.538246,-0.999718,0.0133424,0.019645,-0.023738,-0.538081,-0.842559
0.900518,0.00107943,0.261762,-0.000655026,-0.82256,0.568679,-0.999992,0.00271438,0.00277435,-0.00382568,-0.568673,-0.822555
0.90053,0.0160794,0.250664,-0.000631301,-0.792766,0.609526,-1,0.000530428,-0.000345835,-4.9143e-05,-0.609526,-0.792766
0.900542,0.0310794,0.238451,-0.000605962,-0.760947,0.648814,-0.999999,0.0010257,0.000269014,-0.000870193,-0.648814,-0.760947
0.900554,0.0460794,0.224692,-0.00057486,-0.721889,0.692009,-0.999808,0.0139666,0.0137392,-0.0195832,-0.691868,-0.721758
0.900566,0.0610794,0.209208,-0.00053158,-0.66754,0.744574,-0.99992,0.00977432,0.00804919,-0.0126509,-0.74451,-0.667492
0.900578,0.0760794,0.191947,-0.000517861,-0.650312,0.759667,-0.999756,0.0171101,0.0139656,-0.02208,-0.759474,-0.650162
0.90059,0.0910794,0.169858,-0.000343001,-0.430729,0.902481,-0.999997,0.00215394,0.000647953,-0.00222298,-0.902479,-0.430729
0.900602,0.106079,0.128953,-0.000406079,-0.50994,0.86021,-0.999598,0.0246019,0.0141123,-0.0283593,-0.859858,-0.509744
0.885602,0.106091,0.129958,-0.000345869,-0.434331,0.900753,-0.9998,0.0181643,0.00837467,-0.0199989,-0.90057,-0.43425
0.88559,0.0910913,0.17025,-0.000352898,-0.443158,0.896444,-0.999725,0.0211661,0.0100699,-0.0234368,-0.896194,-0.443043
0.885578,0.0760913,0.191811,-0.000506427,-0.635954,0.771727,-0.999142,-0.0316399,-0.026729,0.0414158,-0.771078,-0.635392
0.885566,0.0610914,0.209117,-0.000533223,-0.669603,0.742719,-0.999728,-0.0169703,-0.0160174,0.0233295,-0.742525,-0.669412
0.885554,0.0460914,0.2245,-0.000580817,-0.72937,0.684119,-0.999525,-0.0206615,-0.0228767,0.0308205,-0.683807,-0.729011
0.885542,0.0310914,0.238147,-0.000594995,-0.747175,0.664628,-0.999517,-0.0202007,-0.0236044,0.0310625,-0.664321,-0.746802
0.88553,0.0160914,0.250509,-0.000637859,-0.801002,0.598662,-0.999863,-0.00938131,-0.0136174,0.0165238,-0.598589,-0.800886
0.885518,0.00109137,0.261566,-0.000655281,-0.822879,0.568216,-0.99964,-0.0147094,-0.0224547,0.0268356,-0.568026,-0.822573
0.885507,-0.0139086,0.271624,-0.000675699,-0.84852,0.529164,-0.999439,-0.0171498,-0.028776,0.033492,-0.528886,-0.848032
0.885495,-0.0289086,0.280687,-0.000682952,-0.857628,0.51427,-0.99945,-0.0164717,-0.0287964,0.0331675,-0.514007,-0.857145
0.885483,-0.0439086,0.288959,-0.000705436,-0.885862,0.463949,-0.999418,-0.0151954,-0.0305336,0.0340984,-0.463701,-0.885336
0.885471,-0.0589086,0.296555,-0.000719809,-0.903911,0.42772,-0.999567,-0.0119263,-0.0268863,0.0294039,-0.427555,-0.903511
0.885459,-0.0739086,0.303474,-0.000732477,-0.91982,0.392341,-0.999019,-0.016696,-0.041008,0.0442705,-0.391986,-0.918905
0.885447,-0.0889086,0.309686,-0.000743701,-0.933914,0.357498,-0.999159,-0.0139631,-0.0385552,0.040999,-0.357226,-0.933118
0.885435,-0.103909,0.315049,-0.000753529,-0.946256,0.323419,-0.998799,-0.0151292,-0.0465918,0.0489808,-0.323066,-0.945108
0.885423,-0.118909,0.319818,-0.000760904,-0.955518,0.294933,-0.998444,-0.0157193,-0.0535031,0.0557593,-0.294515,-0.954019
0.885411,-0.133909,0.323965,-0.000770834,-0.967987,0.250998,-0.99915,-0.00959752,-0.0400818,0.0412076,-0.250816,-0.967157
0.885399,-0.148909,0.32748,-0.000776199,-0.974724,0.223413,-0.999365,-0.00720021,-0.0348858,0.0356126,-0.223298,-0.974099
0.885387,-0.163909,0.3305,-0.000783918,-0.984418,0.175845,-0.998557,-0.00867207,-0.0529997,0.0536988,-0.175633,-0.98299
0.885375,-0.178909,0.332913,-0.000787213,-0.988555,0.150858,-0.99905,-0.00579529,-0.0431891,0.0435691,-0.150749,-0.987612
0.885363,-0.193909,0.33476,-0.000792315,-0.994962,0.100254,-0.99914,-0.00336944,-0.0413361,0.0414656,-0.1002,-0.994103
0.885351,-0.208909,0.336128,-0.000795193,-0.998576,0.0533348,-0.998826,-0.00178981,-0.0484022,0.0484287,-0.0533106,-0.997403
0.885339,-0.223909,0.336908,-0.000795841,-0.999389,0.0349357,-0.998345,-0.00121459,-0.0574877,0.057495,-0.0349236,-0.997735
0.885327,-0.238909,0.337328,-0.000796216,-0.999861,0.0166731,-0.999069,7.62679e-05,-0.0431363,0.043129,-0.016692,-0.99893
0.885315,-0.253909,0.337092,-0.000795422,-0.998863,-0.047664,-0.998167,0.00367722,-0.0604035,0.0605101,0.0475286,-0.997035
0.885303,-0.268909,0.33622,-0.000794475,-0.997674,-0.0681638,-0.99765,0.00546106,-0.0683023,0.0685157,0.0679494,-0.995333
0.885291,-0.283909,0.334761,-0.00079036,-0.992507,-0.122184,-0.997459,0.00948693,-0.0706107,0.0712408,0.121818,-0.989993
0.88528,-0.298909,0.332723,-0.000788248,-0.989855,-0.142082,-0.996619,0.0124509,-0.0812135,0.0821586,0.141537,-0.986518
0.885268,-0.313909,0.330059,-0.000780483,-0.980104,-0.198483,-0.998296,0.0123463,-0.0570401,0.0583558,0.198101,-0.978443
0.885256,-0.328909,0.326779,-0.000774365,-0.972421,-0.233229,-0.996827,0.019315,-0.0772218,0.0795969,0.232429,-0.969351
0.885244,-0.343909,0.322845,-0.000765984,-0.961897,-0.273411,-0.998086,0.0176407,-0.059266,0.061831,0.272842,-0.96007
0.885232,-0.358909,0.318291,-0.000753295,-0.945962,-0.324277,-0.998634,0.0176565,-0.0491865,0.0522541,0.323797,-0.944682
0.88522,-0.373909,0.313073,-0.000747551,-0.938748,-0.344603,-0.998062,0.02214,-0.0581475,0.0622154,0.343892,-0.936946
0.885208,-0.388909,0.307333,-0.000728669,-0.915037,-0.403369,-0.997493,0.0292088,-0.0644577,0.0707631,0.402311,-0.912764
0.885196,-0.403909,0.300863,-0.00073088,-0.917813,-0.397011,-0.997125,0.0307529,-0.0692591,0.0757761,0.395819,-0.915197
0.885184,-0.418908,0.293606,-0.000710658,-0.892419,-0.451206,-0.997317,0.0336599,-0.0650035,0.0731979,0.449949,-0.890049
0.885172,-0.433908,0.285511,-0.000685802,-0.861207,-0.508254,-0.996582,0.0425731,-0.0707928,0.0826052,0.506469,-0.858292
0.88516,-0.448908,0.276358,-0.000671902,-0.843752,-0.536733,-0.996327,0.0465246,-0.07189,0.0856286,0.534713,-0.840684
0.885148,-0.463908,0.266241,-0.000643706,-0.808344,-0.58871,-0.995719,0.0549347,-0.0743408,0.0924336,0.586142,-0.804919
0.885136,-0.478908,0.254715,-0.000622631,-0.781878,-0.623431,-0.995659,0.0585104,-0.0723866,0.0930747,0.62068,-0.77852
0.885124,-0.493908,0.241745,-0.000588691,-0.739258,-0.673422,-0.996843,0.0539049,-0.0583034,0.079402,0.671261,-0.736956
0.885112,-0.508908,0.227312,-0.000561897,-0.70561,-0.7086,-0.996795,0.0570832,-0.0560519,0.0799999,0.706297,-0.703381
0.8851,-0.523908,0.211256,-0.000533598,-0.670074,-0.742294,-0.998554,0.0402638,-0.0356286,0.0537614,0.741202,-0.669126
0.885088,-0.538908,0.193111,-0.000490391,-0.615816,-0.78789,-0.999051,0.0346126,-0.0264314,0.0435478,0.787129,-0.615249
0.885076,-0.553908,0.172074,-0.000438473,-0.550619,-0.834756,-0.999375,0.0297544,-0.0191015,0.0353553,0.834226,-0.550288
0.885065,-0.568908,0.147678,-0.000404272,-0.507671,-0.861551,-0.999526,0.026719,-0.0152752,0.0307746,0.861137,-0.507441
