1.5425,-0.419836,0.429933,-0.962372,-0.14612,0.229103,-0.211118,0.932875,-0.291846,-0.17108,-0.329232,-0.928621
1.508,-0.503458,0.438775,-0.943796,-0.163667,0.287163,-0.222876,0.956695,-0.187245,-0.244081,-0.240723,-0.939402
1.47921,-0.548499,0.442798,-0.881011,-0.165524,0.443195,-0.248927,0.958822,-0.136733,-0.402312,-0.230786,-0.885936
1.47787,-0.610594,0.44584,-0.919369,-0.174639,0.352508,-0.219665,0.971254,-0.0917264,-0.326356,-0.161764,-0.931303
1.39772,-0.647551,0.493829,-0.896973,1.73472e-18,0.442084,0.0105791,0.999714,0.0214647,-0.441958,0.0239301,-0.896717
1.42184,-0.617782,0.480689,-0.832362,0,0.554232,-0.0183493,0.999452,-0.0275575,-0.553928,-0.0331075,-0.831906
1.4576,-0.540527,0.452982,-0.843266,0,0.537497,-0.0222732,0.999141,-0.0349439,-0.537035,-0.0414387,-0.842541
1.48258,-0.458452,0.434564,-0.886039,-0.148151,0.439302,-0.123754,0.988764,0.0838495,-0.446789,0.0199283,-0.894418
1.49574,-0.396686,0.426618,-0.942071,-0.14468,0.302605,-0.136985,0.989475,0.0466209,-0.306165,0.00246795,-0.951975
1.53051,-0.339745,0.418626,-0.962079,-0.144415,0.231406,-0.14014,0.989517,0.0348971,-0.234019,0.00114463,-0.972231
1.52812,-0.236972,0.406163,-0.964129,-0.151266,0.218115,-0.13945,0.987845,0.068679,-0.225853,0.0357993,-0.973503
1.51061,-0.270267,0.407389,-0.942492,-0.149682,0.298838,-0.134157,0.988346,0.0719311,-0.306122,0.0277033,-0.951589
1.47103,-0.335964,0.420753,-0.982287,-0.141745,0.122555,-0.136702,0.989416,0.0486712,-0.128157,0.0310556,-0.991268
1.45377,-0.398342,0.437592,-0.946715,-0.194345,0.256829,-0.171699,0.979205,0.10806,-0.272489,0.0582051,-0.960397
1.42693,-0.446539,0.468478,-0.884353,-0.191267,0.425838,-0.13703,0.978385,0.15487,-0.446255,0.0786075,-0.891447
1.31009,-0.540456,0.534646,-0.903762,0,0.428034,-0.0177742,0.999137,-0.0375288,-0.427665,-0.0415251,-0.902983
1.22814,-0.596999,0.566891,-0.938322,0,0.345762,-0.0143624,0.999137,-0.0389764,-0.345463,-0.0415384,-0.937513
1.10981,-0.640583,0.58831,-0.986567,0,0.163358,0,1,0,-0.163358,0,-0.986567
1.05371,-0.647902,0.593809,-0.999852,0,0.0172192,0.000438294,0.999676,0.02545,-0.0172137,0.0254538,-0.999528
1.06701,-0.614451,0.595237,-0.992107,-8.67362e-19,0.125391,-0.00554795,0.999021,-0.0438961,-0.125268,-0.0442454,-0.991136
1.12741,-0.540141,0.585111,-0.979867,0,0.199653,-0.00847682,0.999098,-0.041603,-0.199473,-0.0424578,-0.978983
1.23074,-0.459749,0.55674,-0.935239,0,0.354017,-0.0440006,0.992246,-0.116241,-0.351272,-0.12429,-0.927987
1.31004,-0.397128,0.518417,-0.903762,6.93889e-18,0.428035,-0.0620852,0.989425,-0.131088,-0.423508,-0.145047,-0.894205
1.42665,-0.327301,0.448459,-0.882061,-0.194389,0.429164,-0.148663,0.979214,0.137985,-0.447066,0.0579098,-0.892625
1.43717,-0.275842,0.426826,-0.954695,-0.135974,0.264705,-0.111328,0.988109,0.106052,-0.275978,0.0717784,-0.95848
1.46837,-0.240733,0.409002,-0.976743,-0.18813,0.102859,-0.175607,0.977159,0.119678,-0.123025,0.0988322,-0.98747
1.48499,-0.194999,0.402759,-0.982436,-0.182297,-0.0398316,-0.185985,0.973924,0.129926,0.0151078,0.135052,-0.990723
1.5155,-0.147823,0.398298,-0.975206,-0.177038,-0.132783,-0.195695,0.970049,0.143903,0.103329,0.166319,-0.980643
1.51323,-0.0452978,0.394184,-0.974312,-0.170851,-0.14672,-0.195839,0.964454,0.177415,0.111193,0.201591,-0.973138
1.47948,-0.0898087,0.397044,-0.982022,-0.177849,-0.0632617,-0.185628,0.970702,0.152577,0.0342726,0.161577,-0.986265
1.45118,-0.118209,0.404204,-0.985203,-0.129959,0.111741,-0.115515,0.98512,0.127257,-0.126617,0.112466,-0.985556
1.43401,-0.181756,0.417589,-0.952968,-0.181582,0.242651,-0.139217,0.973448,0.181705,-0.269202,0.139378,-0.952945
1.42726,-0.226185,0.433672,-0.886536,-0.188163,0.422668,-0.125775,0.977174,0.171207,-0.445235,0.0986197,-0.889966
1.31029,-0.295955,0.501991,-0.903763,0,0.428034,-0.0445732,0.994563,-0.0941132,-0.425707,-0.104135,-0.898849
1.23068,-0.340537,0.539261,-0.935239,-1.38778e-17,0.354018,-0.0513493,0.989425,-0.135654,-0.350274,-0.145047,-0.925348
1.12741,-0.397083,0.5701,-0.979867,-3.46945e-18,0.199653,-0.0289591,0.989425,-0.142127,-0.197541,-0.145047,-0.969504
1.13252,-0.410092,0.570893,-0.992737,0,0.120305,-0.0149527,0.992246,-0.123387,-0.119372,-0.12429,-0.985039
1.03048,-0.490409,0.592563,-0.999192,0,-0.0401867,0.00166876,0.999137,-0.0414917,0.040152,-0.0415253,-0.99833
0.954053,-0.546962,0.59191,-0.99412,8.67362e-19,-0.108288,0.00449416,0.999138,-0.0412579,0.108195,-0.0415019,-0.993263
0.8482,-0.620332,0.580966,-0.962035,0,-0.272927,-0.00456129,0.99986,0.016078,0.272889,0.0167125,-0.9619
0.727561,-0.619317,0.54596,-0.911755,0,-0.410734,-0.0101404,0.999695,0.0225097,0.410609,0.0246884,-0.911477
0.722165,-0.62184,0.543834,-0.930154,0,-0.367169,0.0152539,0.999137,-0.0386429,0.366852,-0.0415446,-0.929351
0.780996,-0.562971,0.560205,-0.96066,-8.67362e-19,-0.277726,0.00736438,0.999648,-0.0254736,0.277628,-0.0265167,-0.960323
0.952419,-0.410438,0.579115,-0.874766,-0.467003,0.129203,-0.470339,0.88247,0.00526151,-0.116475,-0.0561665,-0.991604
1.03209,-0.34796,0.572621,-0.861954,-0.462009,0.208763,-0.467654,0.883571,0.024535,-0.195793,-0.0764809,-0.977658
1.11636,-0.308883,0.561031,-0.817412,-0.462009,0.344071,-0.457693,0.883571,0.0990907,-0.349792,-0.0764809,-0.9337
1.21266,-0.24657,0.532237,-0.790979,-0.471644,0.389749,-0.44099,0.881035,0.171189,-0.424123,-0.0364689,-0.90487
1.31125,-0.190024,0.489824,-0.718343,-0.471644,0.511406,-0.407878,0.881035,0.239611,-0.563577,-0.0364689,-0.825258
1.39234,-0.207941,0.449829,-0.82635,-0.45736,0.328584,-0.357723,0.87693,0.320978,-0.434948,0.147698,-0.88826
1.43247,-0.132746,0.421412,-0.783062,-0.502359,0.366672,-0.360091,0.846896,0.391282,-0.507097,0.174363,-0.844068
1.46227,-0.0946501,0.399162,-0.84611,-0.496036,0.195057,-0.412719,0.841286,0.349143,-0.337286,0.214909,-0.916544
1.47723,-0.0381041,0.393896,-0.865893,-0.496036,0.0646395,-0.460844,0.841286,0.282596,-0.194558,0.214909,-0.957059
1.49455,0.00798983,0.392989,-0.868831,-0.489895,-0.0716591,-0.491332,0.835286,0.246759,-0.0610305,0.249601,-0.966424
1.49802,0.0641457,0.394951,-0.858224,-0.485611,-0.166232,-0.512243,0.830858,0.217443,0.0325227,0.271766,-0.961814
1.47395,0.169356,0.397994,-0.885247,-0.435693,-0.162817,-0.463545,0.855223,0.231776,0.0382619,0.280652,-0.959047
1.46359,0.119512,0.399051,-0.868565,-0.4848,-0.102779,-0.493934,0.830001,0.25909,-0.0403003,0.275802,-0.960369
1.45278,0.0692765,0.400653,-0.871189,-0.488882,0.0449961,-0.451834,0.834255,0.316014,-0.192032,0.254977,-0.947687
1.43896,0.0127304,0.407069,-0.85432,-0.488882,0.176442,-0.398751,0.834255,0.380811,-0.333369,0.254978,-0.907663
1.43235,-0.0317273,0.416905,-0.794782,-0.496043,0.34966,-0.340274,0.841293,0.420047,-0.502528,0.214865,-0.837435
1.37687,-0.0945918,0.453165,-0.820319,-0.496043,0.284637,-0.37294,0.841293,0.391333,-0.433581,0.214865,-0.875123
1.2951,-0.15135,0.4946,-0.868321,-0.45736,0.191937,-0.404531,0.87693,0.259515,-0.287007,0.147698,-0.946474
1.21311,-0.145253,0.523497,-0.794907,-0.480495,0.370469,-0.433737,0.87699,0.206788,-0.424258,0.00369165,-0.905534
1.11662,-0.207672,0.549855,-0.819729,-0.471644,0.324957,-0.453316,0.881035,0.135215,-0.350072,-0.0364687,-0.936013
0.943592,-0.297229,0.561657,-0.8473,-0.50781,-0.155604,-0.521428,0.851045,0.0619327,0.100976,0.133612,-0.985876
0.864074,-0.34181,0.558331,-0.834597,-0.512384,-0.202265,-0.520488,0.853736,-0.015044,0.180389,0.0927207,-0.979215
0.78646,-0.391266,0.548591,-0.791436,-0.512384,-0.333304,-0.511362,0.853736,-0.0981991,0.334869,0.0927206,-0.937692
0.686477,-0.451765,0.518974,-0.787823,-0.464367,-0.404595,-0.455796,0.881393,-0.124084,0.414228,0.0866568,-0.906039
0.643056,-0.532637,0.508555,-0.836541,-0.484163,-0.256486,-0.469968,0.874713,-0.118357,0.281656,0.0215302,-0.959274
0.619564,-0.536944,0.495355,-0.83395,-0.484766,-0.263684,-0.470488,0.874299,-0.119337,0.288389,0.0245394,-0.957199
0.555043,-0.456287,0.446098,-0.845182,-0.467068,-0.259838,-0.426976,0.882453,-0.197404,0.321496,-0.0558977,-0.94526
0.573649,-0.427934,0.455023,-0.834802,-0.467003,-0.291571,-0.419051,0.88247,-0.213642,0.357074,-0.0561662,-0.932386
0.670193,-0.347869,0.495452,-0.860398,-0.462009,-0.215086,-0.425633,0.883571,-0.195291,0.28027,-0.0764808,-0.95687
0.686033,-0.340401,0.501656,-0.935239,0,-0.354017,0.0513492,0.989425,-0.135654,0.350274,-0.145047,-0.925348
0.763509,-0.29582,0.524311,-0.960661,0,-0.277725,0.0289209,0.994563,-0.100038,0.276215,-0.104135,-0.955438
0.864415,-0.239274,0.545889,-0.992737,0,-0.120304,0.0125278,0.994563,-0.103379,0.11965,-0.104135,-0.98734
0.943989,-0.194727,0.551179,-0.999192,0,-0.0401864,0.00253001,0.998016,-0.062906,0.0401067,-0.0629568,-0.99721
1.04745,-0.138181,0.550291,-0.992737,8.67362e-19,0.120304,-0.00757398,0.998016,-0.0624996,-0.120066,-0.0629568,-0.990768
1.12404,-0.0936407,0.537912,-0.982179,-8.67362e-19,0.187947,-0.00406123,0.999767,-0.0212233,-0.187903,-0.0216084,-0.98195
1.26585,-0.0314809,0.503379,-0.957118,0.218747,0.189935,0.23277,0.970993,0.0546835,-0.172464,0.0965497,-0.980273
1.34772,0.0294801,0.467834,-0.925303,0.17441,0.336742,0.217432,0.971511,0.0942856,-0.310704,0.160461,-0.936864
1.42535,0.0860262,0.422547,-0.895238,0.17441,0.410038,0.224308,0.971511,0.0765008,-0.385014,0.160461,-0.908855
1.43137,0.130529,0.413866,-0.953103,0.181282,0.242345,0.222178,0.962838,0.153555,-0.205502,0.200198,-0.957961
1.44482,0.187075,0.408491,-0.978815,0.181282,0.0951747,0.196354,0.962838,0.185438,-0.0580212,0.200198,-0.978036
1.46202,0.233463,0.40751,-0.981899,0.186853,-0.0310004,0.173904,0.954225,0.243336,0.0750495,0.23354,-0.969447
1.47749,0.303384,0.410972,-0.967294,0.238001,-0.0877324,0.209811,0.945089,0.250574,0.142552,0.223971,-0.964114
1.4717,0.315879,0.414695,-0.980504,0.192091,-0.0413787,0.173314,0.944659,0.278535,0.0925929,0.265933,-0.959534
1.45867,0.267336,0.412243,-0.976833,0.187844,0.102525,0.206637,0.95253,0.223581,-0.0556598,0.239587,-0.969278
1.43097,0.231661,0.421664,-0.950031,0.187844,0.24931,0.23812,0.95253,0.1897,-0.201842,0.239586,-0.949662
1.40443,0.198065,0.440176,-0.891062,0.181302,0.416099,0.247016,0.962809,0.109461,-0.380778,0.20032,-0.902707
1.34746,0.130537,0.471252,-0.921628,0.181302,0.343119,0.237417,0.962809,0.128965,-0.306977,0.20032,-0.930396
1.26562,0.0695339,0.503852,-0.953864,0.225231,0.19853,0.246955,0.964635,0.0921558,-0.170753,0.136932,-0.975753
1.11951,0.0403941,0.537481,-0.984395,0.174409,0.0234011,0.175902,0.971511,0.158821,0.00496543,0.160459,-0.98703
1.08,-0.0289289,0.538558,-0.969846,0.171838,0.172828,0.200706,0.965417,0.166396,-0.138258,0.196066,-0.970795
1.03473,-0.0742437,0.547889,-0.976898,0.177167,0.119508,0.193777,0.970154,0.145777,-0.0901141,0.165567,-0.982073
0.957256,-0.12301,0.547784,-0.982356,0.181603,0.0446803,0.186021,0.973463,0.133289,-0.0192888,0.139249,-0.99007
0.763249,-0.196043,0.513199,-0.779796,-0.502359,-0.373569,-0.530871,0.846896,-0.0307185,0.331806,0.174362,-0.927094
0.686452,-0.231375,0.488408,-0.784496,-0.462254,-0.413386,-0.462122,0.880292,-0.10737,0.413533,0.106804,-0.904203
0.589835,-0.297138,0.44061,-0.678326,-0.50781,-0.53104,-0.490621,0.851045,-0.187119,0.54696,0.133612,-0.826428
0.564287,-0.340971,0.433275,-0.66629,-0.512351,-0.541806,-0.463526,0.853721,-0.237285,0.584124,0.0930409,-0.806314
0.54858,-0.397517,0.431438,-0.7425,-0.512351,-0.431497,-0.49481,0.853721,-0.162247,0.451506,0.0930409,-0.887404
0.53981,-0.419543,0.43156,-0.800611,-0.512351,-0.310675,-0.514032,0.853721,-0.0832562,0.307886,0.0930409,-0.946863
0.52766,-0.362952,0.423123,-0.839209,-0.512351,-0.182277,-0.520726,0.853721,-0.0022347,0.156759,0.093041,-0.983245
0.536537,-0.334425,0.418414,-0.829583,-0.466321,-0.307145,-0.462045,0.88214,-0.0913444,0.313541,0.0661369,-0.947269
0.568543,-0.273538,0.421381,-0.965587,-0.152042,-0.211009,-0.157008,0.987573,0.00688587,0.20734,0.0397791,-0.97746
0.582998,-0.207604,0.426451,-0.840091,-0.471696,-0.267862,-0.436539,0.881016,-0.182331,0.321996,-0.0362429,-0.946047
0.668034,-0.145118,0.469769,-0.840961,-0.480495,-0.248816,-0.461941,0.87699,-0.132285,0.281771,0.00369165,-0.959475
0.751217,-0.115879,0.506125,-0.972202,-0.159738,-0.171193,-0.170851,0.983914,0.0521777,0.160104,0.0799757,-0.983855
0.853995,-0.0606868,0.531997,-0.980935,-0.167216,-0.0990209,-0.177383,0.978552,0.104745,0.079382,0.120313,-0.989557
0.899119,0.00812131,0.535358,-1,0,1.79134e-08,-8.56559e-11,0.999989,-0.00478168,-1.79131e-08,-0.00478168,-0.999989
0.974011,-0.00363324,0.535414,-1,0,0,0,0.999989,-0.00478142,0,-0.00478142,-0.999989
1.04644,0.0622757,0.54603,-0.993098,-4.33681e-19,0.117288,0.00306625,0.999658,0.0259624,-0.117248,0.0261428,-0.992758
1.12352,0.108753,0.537698,-0.982263,1.73472e-18,0.187508,0.0114524,0.998133,0.0599937,-0.187158,0.061077,-0.980429
1.22997,0.165289,0.517991,-0.935239,0,0.354017,0.0216347,0.998131,0.0571544,-0.353356,0.0611121,-0.933491
1.30833,0.210004,0.490667,-0.903763,0,0.428034,0.0437876,0.994754,0.0924544,-0.425788,0.102299,-0.899021
1.44602,0.270443,0.424372,-0.90256,-0.103734,0.417882,0.0247954,0.95641,0.290972,-0.42985,0.272981,-0.860645
1.47992,0.332872,0.412282,-0.827873,-0.194074,0.526271,-0.00474851,0.940627,0.339408,-0.560896,0.278487,-0.779642
1.4965,0.389419,0.418231,-0.898038,-0.194074,0.394795,-0.0561062,0.940627,0.334772,-0.436326,0.278487,-0.855608
1.48032,0.452126,0.42226,-0.826231,-0.190915,0.529995,-0.012799,0.94694,0.321155,-0.563187,0.258565,-0.784835
1.40235,0.383009,0.467454,-0.910055,-0.144376,0.388529,0.00911998,0.930172,0.367011,-0.414386,0.337543,-0.845191
1.30208,0.326463,0.507244,-0.960556,-0.144376,0.237673,-0.0498108,0.930172,0.363729,-0.27359,0.337543,-0.900673
1.22778,0.289907,0.531106,-0.976288,-0.103734,0.19,-0.045483,0.95641,0.288463,-0.211642,0.272981,-0.93845
1.21499,0.259778,0.530824,-0.978125,-3.46945e-18,0.20802,0.0212868,0.99475,0.100092,-0.206928,0.102331,-0.97299
1.10565,0.188601,0.54175,-1,-1.65436e-24,1.9072e-07,1.27673e-08,0.997757,0.0669425,-1.90292e-07,0.0669425,-0.997757
1.02406,0.175259,0.540855,-1,0,0,0,0.997757,0.0669425,0,0.0669425,-0.997757
0.950585,0.112809,0.545167,-0.992737,-4.33681e-19,-0.120304,-0.00293527,0.999702,0.0242215,0.120268,0.0243987,-0.992442
0.847004,0.0576047,0.529626,-0.96066,-8.67362e-19,-0.277726,-0.00549085,0.999805,0.018993,0.277672,0.0197708,-0.960473
0.767578,0.0130321,0.505144,-0.935239,0,-0.354018,0.00765389,0.999766,-0.0202199,0.353935,-0.0216201,-0.93502
0.643336,-0.0868298,0.455397,-0.83095,-0.488534,-0.266188,-0.480004,0.87144,-0.10094,0.28128,0.0438954,-0.958621
0.575524,-0.131299,0.415522,-0.829572,-0.480524,-0.284442,-0.455958,0.876973,-0.151722,0.322354,0.00382885,-0.946612
0.560763,-0.187845,0.408685,-0.863734,-0.480524,-0.151855,-0.474016,0.876973,-0.0789052,0.171089,0.00382874,-0.985248
0.54847,-0.232315,0.408391,-0.881755,-0.471696,0.00343968,-0.471454,0.881016,-0.0392641,0.0154903,-0.036243,-0.999223
0.519856,-0.29003,0.413278,-0.84942,-0.507819,-0.143544,-0.520496,0.851052,0.0692443,0.0869996,0.133532,-0.987219
0.496128,-0.308271,0.415734,-0.878404,-0.46305,-0.118281,-0.470982,0.880738,0.049772,0.0811278,0.0994282,-0.991732
0.522567,-0.223587,0.405873,-0.852005,-0.502366,-0.147365,-0.519212,0.846901,0.114792,0.0671364,0.174317,-0.982398
0.550863,-0.195314,0.404257,-0.852005,-0.502366,-0.147365,-0.519212,0.846901,0.114792,0.0671364,0.174317,-0.982398
0.55596,-0.132517,0.401602,-0.835179,-0.502339,-0.223902,-0.52748,0.846879,0.0675273,0.155696,0.174501,-0.97227
0.554016,-0.0923154,0.399292,-0.960345,-0.167224,-0.223101,-0.189293,0.978545,0.081355,0.20471,0.12036,-0.971394
0.598051,0.0130632,0.420671,-0.844396,0,-0.535719,0.0115563,0.999767,-0.018215,0.535594,-0.0215716,-0.8442
0.665591,0.0576498,0.463437,-0.866433,1.73472e-18,-0.499293,-0.0098714,0.999805,0.01713,0.499196,0.0197707,-0.866264
0.686609,0.0642056,0.475794,-0.935239,0,-0.354017,-0.00699914,0.999805,0.0184903,0.353948,0.0197706,-0.935056
0.76455,0.108833,0.50677,-0.96066,-3.46945e-18,-0.277726,-0.0169724,0.998131,0.0587079,0.277206,0.061112,-0.958865
0.96959,0.185515,0.544573,-0.969846,-0.182251,0.161811,-0.141314,0.961447,0.235901,-0.198566,0.205921,-0.958211
1.03561,0.240363,0.557196,-0.976094,-0.189189,0.106999,-0.154469,0.950146,0.270853,-0.152906,0.24785,-0.956656
1.08734,0.264142,0.557089,-0.985729,-0.15192,-0.0725135,-0.166656,0.941447,0.293091,0.0237413,0.300994,-0.953331
1.16954,0.315198,0.549921,-0.994942,-0.0967225,0.0271286,-0.0832679,0.945138,0.315881,-0.0561931,0.312024,-0.948411
1.26714,0.366051,0.529518,-0.97655,-0.144376,0.159708,-0.0788813,0.930172,0.35855,-0.200322,0.337543,-0.919748
1.30256,0.445641,0.517469,-0.959228,-0.148502,0.240476,-0.0582722,0.936474,0.345864,-0.276561,0.317749,-0.906945
1.35234,0.494507,0.493232,-0.988654,-0.133809,0.0682514,-0.1081,0.949289,0.295235,-0.104296,0.284508,-0.952984
1.30239,0.58225,0.530303,-0.954991,-0.163778,0.247323,-0.0927508,0.956824,0.275472,-0.281761,0.240134,-0.928949
1.26913,0.508872,0.542173,-0.970933,-0.163776,0.174544,-0.113273,0.956822,0.267695,-0.21085,0.240143,-0.947562
1.19521,0.498402,0.558958,-0.979867,-3.46945e-18,0.199654,0.0244045,0.992501,0.119773,-0.198156,0.122234,-0.972519
1.1336,0.417549,0.568745,-0.992737,0,0.120304,0.0172306,0.98969,0.142186,-0.119064,0.143226,-0.982502
1.03076,0.361003,0.571616,-0.999192,0,-0.040187,-0.00575581,0.98969,0.14311,0.0397727,0.143226,-0.988891
0.950613,0.316194,0.562157,-0.992737,1.73472e-18,-0.120304,-0.0124015,0.994673,0.102336,0.119663,0.103085,-0.987448
0.846927,0.259877,0.542254,-0.96066,0,-0.277725,-0.0284112,0.994754,0.0982752,0.276268,0.1023,-0.955621
0.767104,0.215331,0.514103,-0.935239,0,-0.354018,-0.0216348,0.998131,0.0571544,0.353356,0.0611121,-0.933491
0.665362,0.158785,0.467921,-0.866433,0,-0.499293,-0.0305127,0.998131,0.0529493,0.49836,0.0611119,-0.864814
0.582454,0.0921337,0.416446,-0.91375,0.167551,-0.370117,0.200617,0.978266,-0.0524257,0.353289,-0.122156,-0.927505
0.56817,0.0355876,0.403605,-0.960222,0.167551,-0.223385,0.190012,0.978266,-0.0830117,0.204621,-0.122155,-0.971189
0.525369,-0.0118859,0.391397,-0.995346,-4.33681e-19,-0.0963689,0.00207883,0.999767,-0.0214712,0.0963464,-0.0215716,-0.995114
0.513102,-0.0251221,0.392204,-0.999583,-1.0842e-19,-0.0288803,0.000624867,0.999766,-0.0216274,0.0288736,-0.0216364,-0.999349
0.515091,-0.041679,0.392293,-0.999944,-5.42101e-20,-0.0105562,0.000412497,0.999236,-0.0390742,0.0105481,-0.0390764,-0.999181
0.51516,-0.0390124,0.39227,-0.999946,-3.38813e-21,-0.0103908,2.85886e-05,0.999996,-0.0027512,0.0103907,-0.00275135,-0.999942
0.513267,-0.0105523,0.391135,-0.999595,0,-0.0284565,-0.00056303,0.999804,0.0197776,0.0284509,0.0197856,-0.999399
0.550379,0.0460108,0.394136,-0.995346,2.1684e-19,-0.0963689,-0.00190101,0.999805,0.0196345,0.0963502,0.0197263,-0.995152
0.567697,0.140224,0.406992,-0.839497,-0.502076,-0.207763,-0.516761,0.855903,0.0196915,0.167938,0.123895,-0.977981
0.582047,0.19677,0.422861,-0.796928,-0.502076,-0.335895,-0.513528,0.855903,-0.0609804,0.31811,0.123895,-0.939923
0.666653,0.25957,0.477836,-0.800049,-0.507585,-0.319811,-0.533278,0.845898,-0.0084932,0.274838,0.163753,-0.947443
0.76713,0.316468,0.525351,-0.935239,0,-0.354017,-0.0362158,0.994754,0.0956745,0.35216,0.1023,-0.930332
0.847095,0.361047,0.555167,-0.96066,0,-0.277726,-0.0397776,0.98969,0.137592,0.274863,0.143226,-0.950756
0.950711,0.417594,0.57703,-0.992737,-3.46945e-18,-0.120304,-0.0172306,0.98969,0.142186,0.119064,0.143226,-0.982502
1.01242,0.498447,0.581838,-0.999192,0,-0.0401865,-0.00491216,0.992501,0.122136,0.0398851,0.122234,-0.9917
1.13367,0.559551,0.576067,-0.992737,-8.67362e-19,0.120305,0.00532419,0.99902,0.0439345,-0.120187,0.044256,-0.991764
1.19535,0.635611,0.566518,-0.979564,0,0.201131,0.00805108,0.999199,0.0392111,-0.200969,0.0400291,-0.978779
1.21592,0.658971,0.56057,-0.980049,-0.120369,0.158163,-0.0890491,0.977344,0.192013,-0.177692,0.174098,-0.968564
1.14495,0.666131,0.576156,-0.960374,-0.17101,0.220084,-0.132928,0.975082,0.177608,-0.244973,0.141314,-0.959176
1.04212,0.600022,0.588312,-0.97383,-0.177962,0.14137,-0.146718,0.967281,0.206981,-0.173579,0.180823,-0.968077
0.957866,0.543481,0.584294,-0.982835,-0.177959,0.048633,-0.165635,0.967285,0.192157,-0.0812381,0.180804,-0.980158
0.916883,0.451036,0.562665,-0.952033,-0.210373,0.222206,-0.157029,0.959155,0.235293,-0.262629,0.189114,-0.946183
0.77488,0.400712,0.541227,-0.959208,-0.194118,-0.205521,-0.24152,0.940536,0.238871,0.146931,0.278765,-0.949053
0.673089,0.344166,0.493025,-0.913885,-0.194118,-0.356556,-0.276673,0.940536,0.197087,0.297096,0.278764,-0.91325
0.583523,0.288482,0.434167,-0.902124,-0.187842,-0.388442,-0.26378,0.952534,0.151983,0.341456,0.239571,-0.908853
0.562527,0.216554,0.410068,-0.831215,-0.507557,-0.226865,-0.530721,0.845957,0.0518906,0.165581,0.163534,-0.972543
0.549149,0.171962,0.401729,-0.861603,-0.502076,-0.0745697,-0.507399,0.855903,0.0998814,0.0136764,0.123895,-0.992201
0.558048,0.115362,0.398166,-0.856416,-0.502102,0.120188,-0.472147,0.855862,0.211134,-0.208875,0.124072,-0.97004
0.54127,0.120031,0.397774,-0.854633,-0.497947,0.147144,-0.468579,0.861726,0.19458,-0.223688,0.0973464,-0.969787
0.539387,0.21854,0.404103,-0.855131,-0.505183,0.11637,-0.470638,0.850637,0.234345,-0.217376,0.145628,-0.965163
0.564596,0.241281,0.407244,-0.856039,-0.507594,0.0977032,-0.473557,0.845878,0.245427,-0.207222,0.163827,-0.964479
0.555855,0.297916,0.41502,-0.856395,-0.507557,-0.094728,-0.516177,0.845957,0.133861,0.0121938,0.163534,-0.986462
0.568552,0.342491,0.428005,-0.822868,-0.512166,-0.246118,-0.544477,0.834597,0.0836204,0.162582,0.202814,-0.965626
0.574731,0.389604,0.445721,-0.882264,-0.194118,-0.428869,-0.291621,0.940536,0.174207,0.36955,0.278764,-0.88641
0.651699,0.452278,0.493304,-0.915921,-0.190953,-0.353023,-0.266693,0.946867,0.179769,0.299938,0.258803,-0.918182
0.774248,0.542157,0.550566,-0.96569,-0.178745,-0.188397,-0.20837,0.966277,0.151297,0.155,0.185362,-0.970369
0.860235,0.603301,0.574753,-0.980509,-0.176089,-0.0871466,-0.188053,0.969577,0.156705,0.0569013,0.170039,-0.983793
0.856782,0.656763,0.574056,-0.940872,-0.174597,-0.290303,-0.218035,0.967969,0.124487,0.25927,0.180422,-0.948803
0.782534,0.673326,0.555069,-0.957716,-0.166605,-0.234568,-0.1889,0.979061,0.0758673,0.217016,0.116969,-0.969135
0.672443,0.590379,0.514818,-0.948097,-0.177279,-0.263979,-0.216208,0.968136,0.126359,0.233167,0.176875,-0.956216
0.637108,0.469783,0.472821,-0.989241,0.129841,-0.0673987,0.103873,0.947832,0.301371,0.103013,0.291128,-0.951122
0.569361,0.452402,0.437004,-0.950082,-0.190912,-0.246774,-0.244472,0.946946,0.208631,0.193852,0.258546,-0.946349
0.550231,0.374435,0.424331,-0.851147,-0.512166,-0.115046,-0.524827,0.834597,0.167345,0.0103082,0.202814,-0.979163
0.564372,0.325422,0.416341,-0.634337,-0.771507,0.04893,-0.740968,0.624834,0.246066,-0.220415,0.119833,-0.968017
0.535663,0.330982,0.415959,-0.634462,-0.769389,0.0741505,-0.73933,0.632051,0.232169,-0.225495,0.0924809,-0.969845
0.609938,0.419237,0.415341,-0.636512,-0.74898,0.184069,-0.61621,0.637377,0.46264,-0.463829,0.181051,-0.867227
0.629251,0.484976,0.434769,-0.648611,-0.760855,-0.0200993,-0.717699,0.602602,0.348969,-0.253403,0.24077,-0.936919
0.640819,0.544247,0.45643,-0.640625,-0.759377,-0.113776,-0.76084,0.607786,0.227416,-0.103543,0.232254,-0.967128
0.650913,0.609124,0.485751,-0.62674,-0.754407,-0.195111,-0.777219,0.623182,0.0870368,0.0559283,0.206193,-0.976912
