1.1858,-0.196469,0.7403,0.572924,-0.819609,0,-0.819609,-0.572924,0,0,0,-1
1.18581,-0.181469,0.7403,0.572924,-0.819609,0,-0.819609,-0.572924,0,0,0,-1
1.18583,-0.166469,0.7403,0.572924,-0.819609,0,-0.819609,-0.572924,0,0,0,-1
1.18584,-0.151469,0.7403,0.572924,-0.819609,0,-0.819609,-0.572924,0,0,0,-1
1.18534,-0.135758,0.7403,0.587141,-0.809485,0,-0.809485,-0.587141,0,0,0,-1
1.18586,-0.121469,0.7403,0.572924,-0.819609,0,-0.819609,-0.572924,0,0,0,-1
1.18587,-0.106469,0.7403,0.572924,-0.819609,0,-0.819609,-0.572924,0,0,0,-1
1.18588,-0.0914692,0.7403,0.572924,-0.819609,0,-0.819609,-0.572924,0,0,0,-1
1.18539,-0.0757584,0.7403,0.587141,-0.809485,0,-0.809485,-0.587141,0,0,0,-1
1.18591,-0.0614692,0.7403,0.572924,-0.819609,0,-0.819609,-0.572924,0,0,0,-1
1.18592,-0.0464692,0.7403,0.572924,-0.819609,0,-0.819609,-0.572924,0,0,0,-1
1.18593,-0.0314693,0.7403,0.572924,-0.819609,0,-0.819609,-0.572924,0,0,0,-1
1.18544,-0.0157584,0.7403,0.587141,-0.809485,0,-0.809485,-0.587141,0,0,0,-1
1.19479,-0.0257973,0.7403,0.572924,-0.819609,0,-0.819609,-0.572924,0,0,0,-1
1.1948,-0.0107973,0.7403,0.572924,-0.819609,0,-0.819609,-0.572924,0,0,0,-1
1.19481,0.00420265,0.7403,0.572924,-0.819609,0,-0.819609,-0.572924,0,0,0,-1
1.19474,0.0200714,0.7403,0.587141,-0.809485,0,-0.809485,-0.587141,0,0,0,-1
1.19032,0.00871753,0.7403,0.572924,-0.819609,0,-0.819609,-0.572924,0,0,0,-1
1.19033,0.0237175,0.7403,0.572924,-0.819609,0,-0.819609,-0.572924,0,0,0,-1
1.19035,0.0387175,0.7403,0.572924,-0.819609,0,-0.819609,-0.572924,0,0,0,-1
1.19072,0.0545113,0.7403,0.587141,-0.809485,0,-0.809485,-0.587141,0,0,0,-1
1.19037,0.0687175,0.7403,0.572924,-0.819609,0,-0.819609,-0.572924,0,0,0,-1
1.19038,0.0837175,0.7403,0.572924,-0.819609,0,-0.819609,-0.572924,0,0,0,-1
1.19039,0.0987175,0.7403,0.572924,-0.819609,0,-0.819609,-0.572924,0,0,0,-1
1.19077,0.114511,0.7403,0.587141,-0.809485,0,-0.809485,-0.587141,0,0,0,-1
1.17377,0.108904,0.7403,0.572924,-0.819609,0,-0.819609,-0.572924,0,0,0,-1
1.17378,0.123904,0.7403,0.572924,-0.819609,0,-0.819609,-0.572924,0,0,0,-1
1.17379,0.138904,0.7403,0.572924,-0.819609,0,-0.819609,-0.572924,0,0,0,-1
1.17451,0.15441,0.7403,0.587141,-0.809485,0,-0.809485,-0.587141,0,0,0,-1
1.17728,0.171557,0.7403,0.642177,-0.766556,0,-0.766556,-0.642177,0,0,0,-1
1.18051,0.189501,0.7403,0.706543,-0.70767,0,-0.70767,-0.706543,0,0,0,-1
1.18051,0.189501,0.7403,0.706543,-0.70767,0,-0.70767,-0.706543,0,0,0,-1
1.18101,0.200063,0.7403,0.736485,-0.676454,0,-0.676454,-0.736485,0,0,0,-1
1.18105,0.212694,0.7403,0.797078,-0.603876,0,-0.603876,-0.797078,0,0,0,-1
1.17783,0.220756,0.7403,0.81269,-0.582696,0,-0.582696,-0.81269,0,0,0,-1
1.17254,0.228766,0.7403,0.826734,-0.562592,0,-0.562592,-0.826734,0,0,0,-1
1.16626,0.235853,0.7403,0.84104,-0.540972,0,-0.540972,-0.84104,0,0,0,-1
1.15895,0.240952,0.7403,0.854709,-0.519107,0,-0.519107,-0.854709,0,0,0,-1
1.15159,0.244037,0.7403,0.867438,-0.497546,0,-0.497546,-0.867438,0,0,0,-1
1.14551,0.248753,0.7403,0.905971,-0.42334,0,-0.42334,-0.905971,0,0,0,-1
1.14588,0.249547,0.7403,0.913221,-0.407464,0,-0.407464,-0.913221,0,0,0,-1
1.13219,0.252794,0.7403,0.93942,-0.342768,0,-0.342768,-0.93942,0,0,0,-1
1.1185,0.256965,0.7403,0.965719,-0.259588,0,-0.259588,-0.965719,0,0,0,-1
1.10445,0.261234,0.7403,0.984669,-0.174432,0,-0.174432,-0.984669,0,0,0,-1
1.08517,0.291851,0.7403,0.997508,-0.0705508,0,-0.0705508,-0.997508,0,0,0,-1
1.06854,0.294946,0.7403,1,-0.000796327,0,-0.000796327,-1,0,0,0,-1
1.0512,0.298638,0.7403,0.996264,0.0863624,0,0.0863624,-0.996264,0,0,0,-1
1.03354,0.302113,0.7403,0.984946,0.172864,0,0.172864,-0.984946,0,0,0,-1
1.01498,0.305955,0.7403,0.961481,0.274872,0,0.274872,-0.961481,0,0,0,-1
1.01221,0.287091,0.7403,0.939965,0.341272,0,0.341272,-0.939965,0,0,0,-1
0.995547,0.291135,0.7403,0.906644,0.421896,0,0.421896,-0.906644,0,0,0,-1
0.978536,0.295017,0.7403,0.866423,0.49931,0,0.49931,-0.866423,0,0,0,-1
0.960689,0.299421,0.7403,0.809485,0.587141,0,0.587141,-0.809485,0,0,0,-1
0.943543,0.302184,0.7403,0.766556,0.642177,0,0.642177,-0.766556,0,0,0,-1
0.935599,0.305407,0.7403,0.70767,0.706543,0,0.706543,-0.70767,0,0,0,-1
0.935599,0.305407,0.7403,0.70767,0.706543,0,0.706543,-0.70767,0,0,0,-1
0.925037,0.305911,0.7403,0.676454,0.736485,0,0.736485,-0.676454,0,0,0,-1
0.912406,0.305948,0.7403,0.603876,0.797078,0,0.797078,-0.603876,0,0,0,-1
0.904343,0.302734,0.7403,0.582696,0.81269,0,0.81269,-0.582696,0,0,0,-1
0.896334,0.297442,0.7403,0.562592,0.826734,0,0.826734,-0.562592,0,0,0,-1
0.888509,0.291627,0.7403,0.526212,0.850354,0,0.850354,-0.526212,0,0,0,-1
0.880324,0.285948,0.7403,0.442639,0.8967,0,0.8967,-0.442639,0,0,0,-1
0.877188,0.27849,0.7403,0.42005,0.907501,0,0.907501,-0.42005,0,0,0,-1
0.872318,0.272086,0.7403,0.342768,0.93942,0,0.93942,-0.342768,0,0,0,-1
0.871495,0.272378,0.7403,0.326321,0.945259,0,0.945259,-0.326321,0,0,0,-1
0.868147,0.258401,0.7403,0.259588,0.965719,0,0.965719,-0.259588,0,0,0,-1
0.863877,0.244349,0.7403,0.174432,0.984669,0,0.984669,-0.174432,0,0,0,-1
0.859541,0.229922,0.7403,0.087949,0.996125,0,0.996125,-0.087949,0,0,0,-1
0.855171,0.215115,0.7403,0.000796327,1,0,1,-0.000796327,0,0,0,-1
0.850801,0.199929,0.7403,-0.0863624,0.996264,0,0.996264,0.0863624,0,0,0,-1
0.846464,0.184363,0.7403,-0.172864,0.984946,0,0.984946,0.172864,0,0,0,-1
0.842193,0.168422,0.7403,-0.25805,0.966132,0,0.966132,0.25805,0,0,0,-1
0.84134,0.153189,0.7403,-0.274872,0.961481,0,0.961481,0.274872,0,0,0,-1
0.838008,0.137114,0.7403,-0.341272,0.939965,0,0.939965,0.341272,0,0,0,-1
0.837996,0.122114,0.7403,-0.341272,0.939965,0,0.939965,0.341272,0,0,0,-1
0.837984,0.107114,0.7403,-0.341272,0.939965,0,0.939965,0.341272,0,0,0,-1
0.837155,0.0918087,0.7403,-0.357624,0.933866,0,0.933866,0.357624,0,0,0,-1
0.83796,0.0771137,0.7403,-0.341272,0.939965,0,0.939965,0.341272,0,0,0,-1
0.837948,0.0621137,0.7403,-0.341272,0.939965,0,0.939965,0.341272,0,0,0,-1
0.837936,0.0471137,0.7403,-0.341272,0.939965,0,0.939965,0.341272,0,0,0,-1
0.837107,0.0318087,0.7403,-0.357624,0.933866,0,0.933866,0.357624,0,0,0,-1
0.833881,0.0154477,0.7403,-0.421896,0.906644,0,0.906644,0.421896,0,0,0,-1
0.833869,0.000447684,0.7403,-0.421896,0.906644,0,0.906644,0.421896,0,0,0,-1
0.833857,-0.0145523,0.7403,-0.421896,0.906644,0,0.906644,0.421896,0,0,0,-1
0.833058,-0.0299274,0.7403,-0.437655,0.899143,0,0.899143,0.437655,0,0,0,-1
0.829963,-0.0465633,0.7403,-0.49931,0.866423,0,0.866423,0.49931,0,0,0,-1
0.829951,-0.0615633,0.7403,-0.49931,0.866423,0,0.866423,0.49931,0,0,0,-1
0.829939,-0.0765633,0.7403,-0.49931,0.866423,0,0.866423,0.49931,0,0,0,-1
0.829175,-0.0920056,0.7403,-0.514355,0.857577,0,0.857577,0.514355,0,0,0,-1
0.826234,-0.108904,0.7403,-0.572924,0.819609,0,0.819609,0.572924,0,0,0,-1
0.826222,-0.123904,0.7403,-0.572924,0.819609,0,0.819609,0.572924,0,0,0,-1
0.826211,-0.138904,0.7403,-0.572924,0.819609,0,0.819609,0.572924,0,0,0,-1
0.825488,-0.15441,0.7403,-0.587141,0.809485,0,0.809485,0.587141,0,0,0,-1
0.822724,-0.171557,0.7403,-0.642177,0.766556,0,0.766556,0.642177,0,0,0,-1
0.822712,-0.186557,0.7403,-0.642177,0.766556,0,0.766556,0.642177,0,0,0,-1
0.822712,-0.186557,0.7403,-0.642177,0.766556,0,0.766556,0.642177,0,0,0,-1
0.822077,-0.196982,0.7403,-0.674726,0.738069,0,0.738069,0.674726,0,0,0,-1
0.824801,-0.206232,0.7403,-0.680106,0.733113,0,0.733113,0.680106,0,0,0,-1
0.827843,-0.214143,0.7403,-0.699159,0.714966,0,0.714966,0.699159,0,0,0,-1
0.832971,-0.222015,0.7403,-0.716481,0.697606,0,0.697606,0.716481,0,0,0,-1
0.838488,-0.229607,0.7403,-0.746059,0.66588,0,0.66588,0.746059,0,0,0,-1
0.846208,-0.233926,0.7403,-0.751582,0.65964,0,0.65964,0.751582,0,0,0,-1
0.853393,-0.236883,0.7403,-0.767861,0.640616,0,0.640616,0.767861,0,0,0,-1
0.85885,-0.241209,0.7403,-0.818695,0.574229,0,0.574229,0.818695,0,0,0,-1
0.858355,-0.241928,0.7403,-0.828592,0.559853,0,0.559853,0.828592,0,0,0,-1
0.864979,-0.265535,0.7403,-0.818695,0.574229,0,0.574229,0.818695,0,0,0,-1
0.879979,-0.265547,0.7403,-0.818695,0.574229,0,0.574229,0.818695,0,0,0,-1
0.894979,-0.265559,0.7403,-0.818695,0.574229,0,0.574229,0.818695,0,0,0,-1
0.90991,-0.266441,0.7403,-0.828592,0.559853,0,0.559853,0.828592,0,0,0,-1
0.929453,-0.291075,0.7403,-0.818695,0.574229,0,0.574229,0.818695,0,0,0,-1
0.944453,-0.291087,0.7403,-0.818695,0.574229,0,0.574229,0.818695,0,0,0,-1
0.959453,-0.291099,0.7403,-0.818695,0.574229,0,0.574229,0.818695,0,0,0,-1
0.974828,-0.291899,0.7403,-0.828592,0.559853,0,0.559853,0.828592,0,0,0,-1
0.989453,-0.291123,0.7403,-0.818695,0.574229,0,0.574229,0.818695,0,0,0,-1
1.00445,-0.291135,0.7403,-0.818695,0.574229,0,0.574229,0.818695,0,0,0,-1
1.01945,-0.291146,0.7403,-0.818695,0.574229,0,0.574229,0.818695,0,0,0,-1
1.03483,-0.291946,0.7403,-0.828592,0.559853,0,0.559853,0.828592,0,0,0,-1
1.04945,-0.29117,0.7403,-0.818695,0.574229,0,0.574229,0.818695,0,0,0,-1
1.05445,-0.291174,0.7403,-0.818695,0.574229,0,0.574229,0.818695,0,0,0,-1
1.05445,-0.291174,0.7403,-0.818695,0.574229,0,0.574229,0.818695,0,0,0,-1
1.06401,-0.291344,0.7403,-0.833238,0.552914,0,0.552914,0.833238,0,0,0,-1
1.07358,-0.289453,0.7403,-0.846676,0.532109,0,0.532109,0.846676,0,0,0,-1
1.08121,-0.286614,0.7403,-0.860383,0.509648,0,0.509648,0.860383,0,0,0,-1
1.08883,-0.281681,0.7403,-0.872622,0.488397,0,0.488397,0.872622,0,0,0,-1
1.09552,-0.275791,0.7403,-0.884989,0.465612,0,0.465612,0.884989,0,0,0,-1
1.10022,-0.268875,0.7403,-0.8967,0.442639,0,0.442639,0.8967,0,0,0,-1
1.10294,-0.261909,0.7403,-0.907501,0.42005,0,0.42005,0.907501,0,0,0,-1
1.12365,-0.270414,0.7403,-0.905971,0.42334,0,0.42334,0.905971,0,0,0,-1
