1.06156,0.549049,0.381,-0.0635155,-0.447497,-0.892027,-0.974033,0.222431,-0.0422306,0.217312,0.866182,-0.450005
1.06057,0.541048,0.365,-0.0635559,-0.447663,-0.891941,-0.97313,0.225996,-0.0440856,0.22131,0.865173,-0.449998
1.05858,0.533047,0.35,-0.0635978,-0.447829,-0.891854,-0.972211,0.229556,-0.0459397,0.225304,0.864149,-0.449984
1.05758,0.525046,0.334,-0.0636266,-0.44794,-0.891797,-0.971052,0.23395,-0.0482296,0.23024,0.862912,-0.449858
1.05659,0.518045,0.319,-0.0636567,-0.44805,-0.891739,-0.969868,0.238336,-0.050517,0.235168,0.861654,-0.449721
1.05559,0.510044,0.303,-0.0635813,-0.447778,-0.891881,-0.968589,0.242968,-0.0529347,0.240401,0.860501,-0.449161
1.0546,0.502044,0.288,-0.0636118,-0.447889,-0.891824,-0.967354,0.24734,-0.0552192,0.245316,0.859196,-0.449
1.05361,0.494043,0.272,-0.0636435,-0.447998,-0.891766,-0.966095,0.251703,-0.0575006,0.250221,0.857871,-0.448828
1.05261,0.487042,0.257,-0.0635464,-0.447673,-0.891937,-0.964484,0.257154,-0.0603534,0.256384,0.856423,-0.448115
1.05162,0.479041,0.241,-0.0635783,-0.447783,-0.891879,-0.96317,0.261499,-0.0626298,0.26127,0.855049,-0.447916
1.05062,0.47104,0.226,-0.063714,-0.44822,-0.89165,-0.961504,0.266882,-0.0654523,0.267302,0.853155,-0.447969
1.04863,0.463039,0.211,-0.0636121,-0.447896,-0.89182,-0.959781,0.272313,-0.0683034,0.273447,0.851607,-0.447204
1.04764,0.456038,0.195,-0.0636117,-0.447896,-0.89182,-0.957848,0.278255,-0.0714261,0.280145,0.849684,-0.446716
1.04664,0.448037,0.18,-0.0635026,-0.447574,-0.891989,-0.956043,0.283665,-0.0742723,0.286269,0.848063,-0.445913
1.04565,0.440036,0.164,-0.0637623,-0.448333,-0.89159,-0.953855,0.290056,-0.0776382,0.293418,0.845497,-0.446139
1.04466,0.432036,0.149,-0.0636128,-0.447903,-0.891816,-0.95139,0.297056,-0.0813301,0.301347,0.843292,-0.445027
1.04366,0.425035,0.133,-0.0634756,-0.44753,-0.892013,-0.949154,0.303233,-0.0845927,0.308346,0.841289,-0.444023
1.04267,0.417034,0.118,-0.0637347,-0.448229,-0.891644,-0.946498,0.310375,-0.0883693,0.316353,0.838307,-0.444029
1.08168,0.396065,0.118,-0.125801,-0.443466,-0.887419,-0.850045,0.509368,-0.134042,0.511466,0.737483,-0.441045
1.08368,0.404067,0.133,-0.125925,-0.443653,-0.887308,-0.855604,0.501248,-0.129198,0.50208,0.742915,-0.442711
1.08567,0.411068,0.149,-0.125982,-0.443747,-0.887253,-0.860078,0.494556,-0.125222,0.494363,0.74733,-0.443962
1.08867,0.419071,0.164,-0.125883,-0.443604,-0.887338,-0.865144,0.4868,-0.120629,0.485468,0.75249,-0.445061
1.09066,0.427072,0.18,-0.125879,-0.443603,-0.887339,-0.86906,0.480669,-0.117012,0.478423,0.756422,-0.446024
1.09265,0.434074,0.195,-0.125935,-0.443698,-0.887284,-0.873329,0.473844,-0.112998,0.470571,0.76066,-0.447168
1.09465,0.442076,0.211,-0.12593,-0.443697,-0.887285,-0.877123,0.467648,-0.109365,0.463462,0.764485,-0.448068
1.09664,0.450077,0.226,-0.125925,-0.443697,-0.887286,-0.880857,0.461424,-0.105727,0.456326,0.768258,-0.448938
1.09964,0.458079,0.241,-0.125664,-0.443256,-0.887543,-0.883882,0.456287,-0.102732,0.450511,0.771574,-0.449125
1.10163,0.465081,0.257,-0.125664,-0.443253,-0.887544,-0.887509,0.450012,-0.0990839,0.443325,0.775252,-0.449941
1.10362,0.473083,0.272,-0.125802,-0.443497,-0.887403,-0.890491,0.444752,-0.0960337,0.437265,0.778143,-0.450881
1.10562,0.481084,0.288,-0.125936,-0.443743,-0.887261,-0.893431,0.439473,-0.0929801,0.431186,0.780997,-0.451799
1.10761,0.489086,0.303,-0.12569,-0.443295,-0.88752,-0.89629,0.434246,-0.0899642,0.425283,0.784168,-0.451901
1.1096,0.496087,0.319,-0.126008,-0.443891,-0.887177,-0.898968,0.429268,-0.0870981,0.419499,0.786568,-0.453135
1.1126,0.50409,0.334,-0.125714,-0.443341,-0.887494,-0.901379,0.42471,-0.0844796,0.414381,0.789348,-0.45301
1.11459,0.512091,0.35,-0.125973,-0.44384,-0.887207,-0.90362,0.420409,-0.0820136,0.409391,0.791367,-0.454023
1.11659,0.519093,0.365,-0.125687,-0.443287,-0.887525,-0.905971,0.415828,-0.079392,0.404251,0.794093,-0.453869
1.11858,0.527095,0.381,-0.125939,-0.443789,-0.887238,-0.908157,0.411503,-0.0769219,0.399238,0.796063,-0.454854
1.12057,0.535096,0.396,-0.125836,-0.443586,-0.887354,-0.910285,0.407226,-0.0744836,0.394393,0.798373,-0.455033
1.1746,0.502139,0.396,-0.187272,-0.426556,-0.884861,-0.822972,0.559953,-0.0957566,0.536326,0.710284,-0.455908
1.17161,0.494137,0.381,-0.187556,-0.426932,-0.88462,-0.820297,0.563475,-0.0980241,0.540311,0.707266,-0.455894
1.16761,0.487134,0.365,-0.187362,-0.426681,-0.884782,-0.817547,0.567054,-0.100335,0.54453,0.704551,-0.455076
1.16462,0.479131,0.35,-0.18765,-0.427053,-0.884541,-0.81483,0.570549,-0.102598,0.548489,0.701498,-0.455039
1.16162,0.472129,0.334,-0.187454,-0.426804,-0.884703,-0.812035,0.574103,-0.104906,0.552685,0.698745,-0.454198
1.15763,0.464126,0.319,-0.187643,-0.427042,-0.884548,-0.808827,0.578132,-0.107531,0.557306,0.695269,-0.453885
1.15464,0.457123,0.303,-0.187444,-0.426795,-0.884709,-0.805986,0.581655,-0.109833,0.561472,0.692476,-0.453019
1.15164,0.449121,0.288,-0.187376,-0.426716,-0.884762,-0.802337,0.586122,-0.112763,0.566697,0.688749,-0.452195
1.14865,0.442119,0.272,-0.187569,-0.42695,-0.884608,-0.799056,0.590084,-0.115371,0.571251,0.685211,-0.451839
1.14465,0.435115,0.257,-0.187502,-0.426871,-0.884661,-0.795343,0.594506,-0.118293,0.576431,0.681428,-0.450979
1.14166,0.427113,0.241,-0.187433,-0.426792,-0.884713,-0.791594,0.598905,-0.121211,0.581591,0.677615,-0.450101
1.13867,0.420111,0.226,-0.187253,-0.426588,-0.88485,-0.787348,0.603811,-0.124479,0.587383,0.673376,-0.448938
1.13567,0.412108,0.211,-0.187322,-0.426672,-0.884795,-0.782703,0.609089,-0.128012,0.593538,0.668552,-0.448053
1.13168,0.405105,0.195,-0.18725,-0.426596,-0.884847,-0.778841,0.613407,-0.130915,0.598619,0.664641,-0.44711
1.12868,0.397103,0.18,-0.187206,-0.426555,-0.884875,-0.773636,0.61913,-0.13478,0.605344,0.65934,-0.445903
1.12569,0.3901,0.164,-0.187277,-0.426638,-0.88482,-0.768848,0.624298,-0.13829,0.611392,0.654394,-0.444937
1.1217,0.382097,0.149,-0.187613,-0.426997,-0.884576,-0.763623,0.629838,-0.142072,0.617804,0.648828,-0.44423
1.1187,0.375095,0.133,-0.187572,-0.426954,-0.884606,-0.75826,0.635417,-0.145902,0.624387,0.643394,-0.442928
1.11571,0.367092,0.118,-0.187241,-0.42662,-0.884837,-0.752348,0.641446,-0.150065,0.631595,0.637607,-0.441072
1.14473,0.334115,0.118,-0.242812,-0.400239,-0.883658,-0.6577,0.737512,-0.153321,0.713073,0.543953,-0.442314
1.14873,0.341119,0.133,-0.243223,-0.400561,-0.883399,-0.663399,0.733124,-0.14977,0.707633,0.549618,-0.444044
1.15372,0.348123,0.149,-0.243007,-0.400398,-0.883532,-0.668945,0.728776,-0.146279,0.702467,0.555488,-0.444942
1.15772,0.355126,0.164,-0.243074,-0.400457,-0.883487,-0.673942,0.724792,-0.143104,0.697652,0.560634,-0.446062
1.16171,0.362129,0.18,-0.242971,-0.400378,-0.883551,-0.678436,0.721153,-0.140223,0.693318,0.565363,-0.44685
1.16571,0.369132,0.195,-0.243037,-0.400437,-0.883506,-0.683368,0.717098,-0.137033,0.688434,0.570456,-0.447927
1.1707,0.376136,0.211,-0.242331,-0.399849,-0.883966,-0.687705,0.713479,-0.134204,0.684352,0.575386,-0.447876
1.17469,0.383139,0.226,-0.242672,-0.400136,-0.883743,-0.692089,0.709766,-0.13132,0.679796,0.579761,-0.44917
1.17869,0.390142,0.241,-0.242845,-0.400286,-0.883627,-0.69598,0.706426,-0.128739,0.67575,0.583723,-0.450143
1.18268,0.397146,0.257,-0.243015,-0.400438,-0.883512,-0.699848,0.703063,-0.126155,0.671682,0.587666,-0.451101
1.18668,0.404149,0.272,-0.242431,-0.399925,-0.883904,-0.703139,0.700167,-0.123941,0.668448,0.591461,-0.450945
1.19167,0.411153,0.288,-0.242602,-0.400076,-0.883789,-0.706961,0.696764,-0.121351,0.664342,0.595364,-0.451875
1.19567,0.418156,0.303,-0.243036,-0.400469,-0.883492,-0.7103,0.693755,-0.119072,0.660611,0.598606,-0.45306
1.19966,0.425159,0.319,-0.242724,-0.400187,-0.883705,-0.713078,0.691225,-0.117164,0.657727,0.601712,-0.453142
1.20366,0.432162,0.334,-0.242732,-0.400196,-0.883699,-0.71637,0.688196,-0.114889,0.654137,0.605169,-0.453736
1.20865,0.439166,0.35,-0.242583,-0.400058,-0.883803,-0.719587,0.685204,-0.112651,0.650652,0.608646,-0.454095
1.21264,0.446169,0.365,-0.242851,-0.40031,-0.883615,-0.722395,0.682564,-0.110685,0.647432,0.611439,-0.454943
1.21664,0.453173,0.381,-0.242546,-0.400022,-0.883829,-0.725118,0.67998,-0.108768,0.644496,0.614499,-0.45499
1.25668,0.405205,0.381,-0.292188,-0.364639,-0.884118,-0.6276,0.770664,-0.110434,0.721626,0.522605,-0.454026
1.25168,0.399201,0.365,-0.291654,-0.364252,-0.884454,-0.625499,0.77218,-0.111752,0.723663,0.520632,-0.453049
1.24569,0.393196,0.35,-0.292022,-0.364516,-0.884223,-0.622913,0.774033,-0.113369,0.725743,0.517688,-0.453097
1.24069,0.386192,0.334,-0.29218,-0.364626,-0.884126,-0.619867,0.776195,-0.115264,0.728282,0.514363,-0.452809
1.2357,0.380188,0.319,-0.291906,-0.364433,-0.884296,-0.617179,0.778085,-0.11693,0.730671,0.511637,-0.452048
1.2307,0.374184,0.303,-0.292279,-0.364691,-0.884066,-0.614567,0.779907,-0.118543,0.732721,0.508671,-0.452078
1.22571,0.36718,0.288,-0.291789,-0.364351,-0.884368,-0.611409,0.782088,-0.120484,0.735553,0.505555,-0.450972
1.22071,0.361176,0.272,-0.292164,-0.364607,-0.884139,-0.60878,0.783888,-0.122093,0.737582,0.502575,-0.450989
1.21572,0.355172,0.257,-0.29194,-0.364453,-0.884276,-0.605021,0.786434,-0.124383,0.740757,0.498693,-0.450093
1.21072,0.348168,0.241,-0.292101,-0.36456,-0.88418,-0.601925,0.788508,-0.126259,0.743211,0.49533,-0.449761
1.20573,0.342164,0.226,-0.291875,-0.364409,-0.884316,-0.598138,0.791017,-0.128542,0.746351,0.491425,-0.448845
1.19973,0.335159,0.211,-0.291648,-0.36426,-0.884452,-0.594334,0.793506,-0.130823,0.749472,0.487506,-0.447916
1.19474,0.329155,0.195,-0.292083,-0.364542,-0.884193,-0.590614,0.795911,-0.133042,0.752238,0.483357,-0.447776
1.18974,0.323151,0.18,-0.29213,-0.364569,-0.884166,-0.586176,0.798743,-0.135673,0.755684,0.478643,-0.447038
1.18475,0.316147,0.164,-0.2919,-0.364423,-0.884302,-0.582321,0.80117,-0.137945,0.758746,0.474682,-0.446073
1.17975,0.310143,0.149,-0.291724,-0.364313,-0.884405,-0.577398,0.804226,-0.140828,0.762567,0.469571,-0.444966
1.17476,0.304139,0.133,-0.291769,-0.364342,-0.884379,-0.572891,0.80698,-0.14345,0.765941,0.464799,-0.44418
1.16976,0.297135,0.118,-0.292271,-0.364642,-0.884089,-0.568036,0.809903,-0.146257,0.769358,0.459448,-0.443841
1.18979,0.258151,0.118,-0.334292,-0.322506,-0.885573,-0.482363,0.865783,-0.133213,0.809676,0.382636,-0.444989
1.19579,0.264156,0.133,-0.33379,-0.322269,-0.885848,-0.485945,0.864079,-0.131244,0.807739,0.386666,-0.445026
1.20179,0.269161,0.149,-0.334004,-0.322373,-0.88573,-0.489622,0.862307,-0.129215,0.805427,0.390514,-0.445855
1.20778,0.275166,0.164,-0.333773,-0.322262,-0.885857,-0.493579,0.860375,-0.127021,0.803103,0.394845,-0.446232
1.21378,0.28117,0.18,-0.333986,-0.322368,-0.885738,-0.497233,0.858567,-0.124987,0.800757,0.398675,-0.447042
1.21977,0.286175,0.195,-0.334197,-0.322477,-0.885619,-0.500874,0.856743,-0.122952,0.798397,0.402493,-0.447841
1.22477,0.292179,0.211,-0.333703,-0.322227,-0.885896,-0.504405,0.854951,-0.12097,0.796378,0.406482,-0.447832
1.23076,0.298184,0.226,-0.334169,-0.322468,-0.885633,-0.507342,0.853444,-0.119316,0.794314,0.409447,-0.448797
1.23676,0.303189,0.241,-0.333932,-0.322347,-0.885766,-0.510179,0.851975,-0.117713,0.792595,0.412591,-0.448956
1.24275,0.309193,0.257,-0.333696,-0.322224,-0.8859,-0.513011,0.850493,-0.116107,0.790864,0.415732,-0.449111
1.24875,0.314198,0.272,-0.33416,-0.32247,-0.885635,-0.515929,0.848952,-0.114447,0.788767,0.418682,-0.450057
1.25475,0.320203,0.288,-0.333925,-0.322346,-0.885769,-0.518751,0.847447,-0.112837,0.787015,0.421814,-0.4502
1.25974,0.326207,0.303,-0.334123,-0.322454,-0.885655,-0.521245,0.846104,-0.111409,0.78528,0.424419,-0.450781
1.26574,0.331212,0.319,-0.333889,-0.322329,-0.885789,-0.524054,0.844578,-0.109796,0.783509,0.427542,-0.450913
1.27173,0.337216,0.334,-0.333908,-0.32234,-0.885778,-0.526198,0.843404,-0.108561,0.782063,0.429845,-0.451233
1.27773,0.343221,0.35,-0.334105,-0.32245,-0.885663,-0.52867,0.84204,-0.107134,0.780309,0.43243,-0.451799
1.28372,0.348226,0.365,-0.334123,-0.322462,-0.885652,-0.530808,0.84085,-0.105896,0.778848,0.434729,-0.452113
1.28972,0.354231,0.381,-0.333881,-0.322327,-0.885792,-0.53253,0.839886,-0.104896,0.777775,0.436688,-0.452071
1.32276,0.303257,0.396,-0.369694,-0.274227,-0.887765,-0.441192,0.892682,-0.0920193,0.817726,0.357656,-0.451006
1.31676,0.299252,0.381,-0.369839,-0.27429,-0.887684,-0.439371,0.893476,-0.0930231,0.818641,0.355619,-0.450958
1.31077,0.294248,0.365,-0.369258,-0.274039,-0.888004,-0.43747,0.894299,-0.0940687,0.81992,0.35374,-0.450111
1.30377,0.289242,0.35,-0.369403,-0.274102,-0.887924,-0.435644,0.895084,-0.0950716,0.820826,0.351699,-0.450058
1.29777,0.284237,0.334,-0.369549,-0.274165,-0.887844,-0.433816,0.895865,-0.0960737,0.821728,0.349657,-0.450003
1.29078,0.279232,0.319,-0.369695,-0.274227,-0.887764,-0.431987,0.89664,-0.0970752,0.822626,0.347614,-0.449946
1.28478,0.275227,0.303,-0.369842,-0.274289,-0.887684,-0.430156,0.897411,-0.0980759,0.823519,0.34557,-0.449887
1.27778,0.270221,0.288,-0.369257,-0.274045,-0.888003,-0.428241,0.898212,-0.0991204,0.824778,0.343678,-0.449028
1.27179,0.265217,0.272,-0.369629,-0.2742,-0.8878,-0.425663,0.899281,-0.100524,0.825945,0.340747,-0.449117
1.26479,0.260211,0.257,-0.369777,-0.274261,-0.88772,-0.423825,0.900036,-0.101523,0.826824,0.338697,-0.449051
1.2588,0.256206,0.241,-0.369109,-0.27399,-0.888081,-0.420805,0.901266,-0.10316,0.828663,0.335632,-0.447962
1.2528,0.251201,0.226,-0.369256,-0.274051,-0.888001,-0.418963,0.90201,-0.104157,0.82953,0.333579,-0.44789
1.2458,0.246196,0.211,-0.369631,-0.274201,-0.887799,-0.416369,0.903047,-0.105558,0.830668,0.330634,-0.447963
1.23981,0.241191,0.195,-0.369268,-0.274059,-0.887994,-0.413681,0.904111,-0.107006,0.832171,0.327833,-0.447232
1.23281,0.236185,0.18,-0.369336,-0.274087,-0.887957,-0.410735,0.905265,-0.108589,0.8336,0.324609,-0.446924
1.22682,0.232181,0.164,-0.369712,-0.274234,-0.887755,-0.408127,0.906276,-0.109987,0.834713,0.321653,-0.446983
1.21982,0.227175,0.149,-0.369267,-0.274065,-0.887992,-0.404323,0.90773,-0.11202,0.836758,0.317671,-0.446006
1.21382,0.22217,0.133,-0.369645,-0.274208,-0.887791,-0.401704,0.908719,-0.113416,0.837852,0.314706,-0.446054
1.20783,0.217166,0.118,-0.369199,-0.274043,-0.888027,-0.397886,0.910142,-0.115446,0.839868,0.310712,-0.445061
1.22086,0.175176,0.118,-0.397839,-0.223309,-0.889864,-0.316556,0.943773,-0.0953119,0.861114,0.243773,-0.446159
1.22786,0.179182,0.133,-0.397606,-0.223242,-0.889985,-0.319266,0.943001,-0.0939065,0.86022,0.246804,-0.446216
1.23485,0.183187,0.149,-0.397987,-0.223352,-0.889787,-0.320968,0.942511,-0.0930227,0.85941,0.248571,-0.446796
1.24185,0.187193,0.164,-0.397755,-0.223285,-0.889907,-0.323672,0.941723,-0.0916167,0.858503,0.251597,-0.446846
1.24885,0.191198,0.18,-0.397713,-0.223272,-0.889929,-0.325566,0.941166,-0.0906303,0.857806,0.253685,-0.447004
1.25585,0.194204,0.195,-0.397481,-0.223203,-0.89005,-0.328266,0.940362,-0.0892218,0.856884,0.256709,-0.447046
1.26284,0.198209,0.211,-0.398202,-0.22342,-0.889673,-0.330233,0.93977,-0.0881936,0.855793,0.258681,-0.447999
1.26984,0.202215,0.226,-0.398161,-0.223408,-0.889695,-0.332125,0.939196,-0.0872041,0.85508,0.260768,-0.44815
1.27684,0.206221,0.241,-0.397589,-0.223233,-0.889994,-0.334533,0.938457,-0.0859424,0.854407,0.263562,-0.447799
1.28283,0.210225,0.257,-0.397548,-0.22322,-0.890016,-0.336421,0.937872,-0.0849517,0.853684,0.265647,-0.447945
1.28983,0.214231,0.272,-0.397507,-0.223207,-0.890038,-0.338308,0.937282,-0.0839599,0.852957,0.267732,-0.448089
1.29683,0.218236,0.288,-0.398076,-0.223385,-0.889739,-0.339179,0.937009,-0.0835021,0.852346,0.26854,-0.448768
1.30382,0.222242,0.303,-0.398035,-0.223373,-0.88976,-0.341064,0.936412,-0.0825097,0.851612,0.270624,-0.448909
1.31082,0.225248,0.319,-0.397994,-0.223361,-0.889781,-0.342949,0.93581,-0.0815162,0.850874,0.272707,-0.449048
1.31782,0.229253,0.334,-0.397614,-0.223239,-0.889982,-0.344541,0.935298,-0.0806762,0.850408,0.274557,-0.448803
1.32481,0.233259,0.35,-0.397763,-0.223287,-0.889903,-0.345629,0.934946,-0.0801016,0.849897,0.275715,-0.449062
1.33181,0.237264,0.365,-0.397722,-0.223273,-0.889925,-0.347511,0.934333,-0.0791062,0.849148,0.277797,-0.449195
1.33881,0.24127,0.381,-0.397533,-0.223211,-0.890025,-0.348305,0.934073,-0.0786862,0.848912,0.27872,-0.449071
1.3458,0.245275,0.396,-0.397493,-0.223197,-0.890046,-0.350186,0.933453,-0.0776897,0.848156,0.280801,-0.449201
1.35485,0.182283,0.381,-0.418963,-0.170086,-0.891931,-0.260549,0.963509,-0.0613492,0.869818,0.206689,-0.447991
1.34786,0.179277,0.365,-0.419111,-0.170122,-0.891855,-0.259711,0.963708,-0.0617817,0.869998,0.205731,-0.448083
1.34086,0.176271,0.35,-0.419259,-0.170157,-0.891778,-0.258872,0.963906,-0.0622143,0.870177,0.204773,-0.448175
1.33386,0.173266,0.334,-0.419189,-0.170142,-0.891814,-0.25697,0.964351,-0.0631948,0.870774,0.202678,-0.447967
1.32586,0.17026,0.319,-0.419337,-0.170177,-0.891738,-0.25613,0.964546,-0.0636274,0.87095,0.201719,-0.448057
1.31887,0.168254,0.303,-0.419485,-0.170211,-0.891662,-0.255289,0.96474,-0.0640601,0.871126,0.200759,-0.448147
1.31187,0.165248,0.288,-0.419267,-0.170162,-0.891774,-0.254227,0.964984,-0.0646066,0.871541,0.199626,-0.447846
1.30387,0.162242,0.272,-0.419563,-0.17023,-0.891621,-0.252544,0.965368,-0.0654718,0.871888,0.197705,-0.448023
1.29687,0.159236,0.257,-0.419711,-0.170263,-0.891545,-0.251702,0.965558,-0.0659046,0.87206,0.196743,-0.448111
1.28988,0.156231,0.241,-0.419641,-0.170248,-0.891581,-0.249799,0.965985,-0.0668821,0.872641,0.194649,-0.447895
1.28288,0.153225,0.226,-0.41979,-0.170281,-0.891505,-0.248956,0.966173,-0.0673148,0.87281,0.193687,-0.447982
1.27488,0.150219,0.211,-0.418941,-0.170094,-0.89194,-0.246993,0.966606,-0.0683214,0.873775,0.19168,-0.446963
1.26788,0.147213,0.195,-0.419238,-0.17016,-0.891788,-0.245303,0.966974,-0.0691872,0.874109,0.189752,-0.447133
1.26089,0.144208,0.18,-0.419019,-0.170114,-0.891899,-0.244244,0.967203,-0.0697293,0.87451,0.188623,-0.446826
1.25389,0.141202,0.164,-0.419316,-0.170178,-0.891747,-0.242552,0.967566,-0.0705949,0.874838,0.186694,-0.446993
1.24589,0.138196,0.149,-0.419246,-0.170165,-0.891783,-0.240648,0.96797,-0.0715683,0.875398,0.184601,-0.446768
1.23889,0.13519,0.133,-0.419543,-0.170228,-0.891631,-0.238954,0.968326,-0.0724339,0.87572,0.182669,-0.446931
1.23189,0.132185,0.118,-0.419473,-0.170213,-0.891667,-0.23705,0.96872,-0.0734055,0.87627,0.180578,-0.446701
1.23893,0.0891903,0.118,-0.434768,-0.114337,-0.893255,-0.157978,0.986209,-0.0493429,0.886577,0.119662,-0.446835
1.24693,0.0911967,0.133,-0.435053,-0.114375,-0.893111,-0.158992,0.986071,-0.0488315,0.886257,0.120754,-0.447178
1.25393,0.0932022,0.149,-0.434851,-0.114347,-0.893213,-0.16074,0.985831,-0.0479494,0.88604,0.122725,-0.44707
1.26192,0.0952086,0.164,-0.43475,-0.114333,-0.893264,-0.161614,0.98571,-0.0475084,0.885931,0.12371,-0.447015
1.26892,0.0972142,0.18,-0.434649,-0.114318,-0.893315,-0.162487,0.985587,-0.0470675,0.885821,0.124694,-0.44696
1.27692,0.0992206,0.195,-0.434548,-0.114304,-0.893366,-0.16336,0.985464,-0.0466267,0.88571,0.125678,-0.446904
1.28392,0.101226,0.211,-0.434832,-0.114344,-0.893223,-0.164377,0.985319,-0.0461127,0.885382,0.126774,-0.447244
1.29192,0.103232,0.226,-0.434731,-0.114329,-0.893274,-0.16525,0.985194,-0.0456717,0.885269,0.127758,-0.447187
1.29892,0.105238,0.241,-0.43463,-0.114314,-0.893325,-0.166122,0.985067,-0.0452306,0.885155,0.128742,-0.44713
1.30691,0.107244,0.257,-0.434529,-0.114299,-0.893376,-0.166994,0.98494,-0.0447897,0.885041,0.129726,-0.447073
1.31391,0.10925,0.272,-0.434429,-0.114284,-0.893427,-0.167865,0.984812,-0.0443488,0.884925,0.130709,-0.447015
1.32191,0.111256,0.288,-0.435118,-0.114386,-0.893078,-0.168775,0.984677,-0.0438883,0.884414,0.131633,-0.447756
1.32891,0.113262,0.303,-0.435402,-0.114428,-0.892934,-0.169795,0.984524,-0.0433722,0.884079,0.132732,-0.448093
1.33691,0.114268,0.319,-0.435301,-0.114414,-0.892985,-0.170666,0.984393,-0.0429313,0.883961,0.133714,-0.448034
1.34391,0.116274,0.334,-0.4352,-0.114399,-0.893036,-0.171536,0.984261,-0.0424905,0.883842,0.134696,-0.447974
1.35191,0.11828,0.35,-0.435099,-0.114383,-0.893087,-0.172406,0.984128,-0.0420498,0.883722,0.135678,-0.447914
1.3589,0.120286,0.365,-0.435099,-0.114383,-0.893087,-0.172406,0.984128,-0.0420498,0.883722,0.135678,-0.447914
1.3669,0.122292,0.381,-0.434999,-0.114368,-0.893138,-0.173276,0.983994,-0.0416092,0.883602,0.136659,-0.447853
1.3749,0.124299,0.396,-0.434898,-0.114352,-0.893189,-0.174145,0.983859,-0.0411687,0.88348,0.13764,-0.447792
1.37395,0.0612978,0.381,-0.443852,-0.0563511,-0.894326,-0.0866342,0.996044,-0.0197639,0.891902,0.068707,-0.446978
1.36595,0.0612914,0.365,-0.443902,-0.0563551,-0.894301,-0.0857458,0.996112,-0.0202094,0.891963,0.0677116,-0.447008
1.35895,0.0602859,0.35,-0.443902,-0.0563551,-0.894301,-0.0857458,0.996112,-0.0202094,0.891963,0.0677116,-0.447008
1.35095,0.0592795,0.334,-0.443902,-0.0563551,-0.894301,-0.0857458,0.996112,-0.0202094,0.891963,0.0677116,-0.447008
1.34295,0.0582731,0.319,-0.443952,-0.056359,-0.894276,-0.0848572,0.996179,-0.0206548,0.892023,0.066716,-0.447038
1.33595,0.0572675,0.303,-0.443952,-0.056359,-0.894276,-0.0848572,0.996179,-0.0206548,0.892023,0.066716,-0.447038
1.32796,0.0562612,0.288,-0.444002,-0.0563628,-0.894251,-0.0839684,0.996245,-0.0211004,0.892083,0.0657202,-0.447068
1.31996,0.0552548,0.272,-0.444002,-0.0563628,-0.894251,-0.0839684,0.996245,-0.0211004,0.892083,0.0657202,-0.447068
1.31296,0.0542492,0.257,-0.444002,-0.0563628,-0.894251,-0.0839684,0.996245,-0.0211004,0.892083,0.0657202,-0.447068
1.30496,0.0532429,0.241,-0.444052,-0.0563665,-0.894226,-0.0830794,0.99631,-0.0215459,0.892141,0.0647243,-0.447096
1.29696,0.0522365,0.226,-0.444052,-0.0563665,-0.894226,-0.0830794,0.99631,-0.0215459,0.892141,0.0647243,-0.447096
1.28896,0.0512301,0.211,-0.444102,-0.0563701,-0.894201,-0.0821902,0.996374,-0.0219915,0.892199,0.0637281,-0.447125
1.28196,0.0502245,0.195,-0.444102,-0.0563701,-0.894201,-0.0821902,0.996374,-0.0219915,0.892199,0.0637281,-0.447125
1.27396,0.0492182,0.18,-0.444152,-0.0563736,-0.894176,-0.0813008,0.996437,-0.0224372,0.892255,0.0627317,-0.447153
1.26596,0.0482118,0.164,-0.444202,-0.0563769,-0.894151,-0.0804112,0.996499,-0.0228829,0.892311,0.0617352,-0.44718
1.25896,0.0472062,0.149,-0.444202,-0.0563769,-0.894151,-0.0804112,0.996499,-0.0228829,0.892311,0.0617352,-0.44718
1.25096,0.0461999,0.133,-0.444252,-0.0563802,-0.894126,-0.0795215,0.99656,-0.0233286,0.892366,0.0607385,-0.447207
1.24296,0.0451935,0.118,-0.444252,-0.0563802,-0.894126,-0.0795215,0.99656,-0.0233286,0.892366,0.0607385,-0.447207
1.245,0.0011951,0.118,-0.447217,0.00264529,-0.894422,-0.000348898,0.999995,0.00313198,0.894426,0.00171273,-0.447213
1.253,0.00120147,0.133,-0.447217,0.00264529,-0.894422,-0.000348898,0.999995,0.00313198,0.894426,0.00171273,-0.447213
1.26,0.00120704,0.149,-0.447217,0.00264529,-0.894422,-0.000348898,0.999995,0.00313198,0.894426,0.00171273,-0.447213
1.268,0.00121342,0.164,-0.447214,0.00264529,-0.894423,0.000545952,0.999996,0.00268455,0.894427,0.000712256,-0.447214
1.276,0.00121979,0.18,-0.447214,0.00264529,-0.894423,0.000545952,0.999996,0.00268455,0.894427,0.000712256,-0.447214
1.284,0.00122616,0.195,-0.447214,0.00264529,-0.894423,0.000545952,0.999996,0.00268455,0.894427,0.000712256,-0.447214
1.291,0.000231731,0.211,-0.447214,0.00264529,-0.894423,0.000545952,0.999996,0.00268455,0.894427,0.000712256,-0.447214
1.299,0.000238102,0.226,-0.447214,0.00264529,-0.894423,0.000545952,0.999996,0.00268455,0.894427,0.000712256,-0.447214
1.307,0.000244472,0.241,-0.447214,0.00264529,-0.894423,0.000545952,0.999996,0.00268455,0.894427,0.000712256,-0.447214
1.314,0.000250047,0.257,-0.447214,0.00264529,-0.894423,0.000545952,0.999996,0.00268455,0.894427,0.000712256,-0.447214
1.322,0.000256417,0.272,-0.447214,0.00264529,-0.894423,0.000545952,0.999996,0.00268455,0.894427,0.000712256,-0.447214
1.33,0.000262788,0.288,-0.447214,0.00264529,-0.894423,0.000545952,0.999996,0.00268455,0.894427,0.000712256,-0.447214
1.338,0.000269158,0.303,-0.447214,0.00264529,-0.894423,0.000545952,0.999996,0.00268455,0.894427,0.000712256,-0.447214
1.345,0.000274733,0.319,-0.447214,0.00264529,-0.894423,0.000545952,0.999996,0.00268455,0.894427,0.000712256,-0.447214
1.353,0.000281103,0.334,-0.447214,0.00264529,-0.894423,0.000545952,0.999996,0.00268455,0.894427,0.000712256,-0.447214
1.361,0.000287474,0.35,-0.447214,0.00264529,-0.894423,0.000545952,0.999996,0.00268455,0.894427,0.000712256,-0.447214
1.369,0.000293845,0.365,-0.447214,0.00264529,-0.894423,0.000545952,0.999996,0.00268455,0.894427,0.000712256,-0.447214
1.376,0.000299419,0.381,-0.447214,0.00264529,-0.894423,0.000545952,0.999996,0.00268455,0.894427,0.000712256,-0.447214
1.384,0.000305789,0.396,-0.447214,0.00264529,-0.894423,0.000545952,0.999996,0.00268455,0.894427,0.000712256,-0.447214
1.37405,-0.0607022,0.381,-0.443599,0.0596129,-0.894241,0.0868159,0.995951,0.0233272,0.892011,-0.0672864,-0.446978
1.36605,-0.0597085,0.365,-0.443652,0.0596174,-0.894214,0.0859277,0.996018,0.0237728,0.89207,-0.0662909,-0.447008
1.35905,-0.0587141,0.35,-0.443652,0.0596174,-0.894214,0.0859277,0.996018,0.0237728,0.89207,-0.0662909,-0.447008
1.35105,-0.0577205,0.334,-0.443652,0.0596174,-0.894214,0.0859277,0.996018,0.0237728,0.89207,-0.0662909,-0.447008
1.34305,-0.0567268,0.319,-0.443706,0.0596218,-0.894187,0.0850394,0.996083,0.0242184,0.892129,-0.0652952,-0.447038
1.33604,-0.0557324,0.303,-0.443706,0.0596218,-0.894187,0.0850394,0.996083,0.0242184,0.892129,-0.0652952,-0.447038
1.32804,-0.0547388,0.288,-0.443759,0.059626,-0.89416,0.0841508,0.996148,0.0246641,0.892186,-0.0642994,-0.447068
1.32004,-0.0537452,0.272,-0.443759,0.059626,-0.89416,0.0841508,0.996148,0.0246641,0.892186,-0.0642994,-0.447068
1.31304,-0.0527507,0.257,-0.443813,0.0596302,-0.894133,0.083262,0.996211,0.0251098,0.892243,-0.0633033,-0.447096
1.30504,-0.0517571,0.241,-0.443813,0.0596302,-0.894133,0.083262,0.996211,0.0251098,0.892243,-0.0633033,-0.447096
1.29704,-0.0507635,0.226,-0.443866,0.0596342,-0.894106,0.082373,0.996274,0.0255555,0.892299,-0.062307,-0.447125
1.29004,-0.049769,0.211,-0.44392,0.059638,-0.89408,0.0814839,0.996335,0.0260012,0.892354,-0.0613106,-0.447153
1.28204,-0.0487754,0.195,-0.44392,0.059638,-0.89408,0.0814839,0.996335,0.0260012,0.892354,-0.0613106,-0.447153
1.27404,-0.0477818,0.18,-0.443974,0.0596418,-0.894053,0.0805945,0.996396,0.026447,0.892408,-0.060314,-0.44718
1.26604,-0.0467882,0.164,-0.444027,0.0596455,-0.894026,0.079705,0.996456,0.0268928,0.892461,-0.0593172,-0.447207
1.25904,-0.0457937,0.149,-0.444027,0.0596455,-0.894026,0.079705,0.996456,0.0268928,0.892461,-0.0593172,-0.447207
1.25104,-0.0448001,0.133,-0.443684,0.0596231,-0.894198,0.0787442,0.996519,0.0273743,0.892717,-0.0582673,-0.446835
1.24303,-0.0438065,0.118,-0.443738,0.059627,-0.894171,0.0778551,0.996576,0.0278197,0.892768,-0.0572711,-0.446861
1.23907,-0.0868097,0.118,-0.434589,0.116576,-0.893052,0.15682,0.986235,0.0524263,0.886871,-0.117264,-0.446888
1.24707,-0.0888033,0.133,-0.434485,0.116562,-0.893105,0.157693,0.986119,0.0519854,0.886767,-0.11825,-0.446835
1.25407,-0.0907977,0.149,-0.434767,0.116599,-0.892963,0.158708,0.985983,0.0514731,0.886448,-0.119342,-0.447178
1.26207,-0.0937913,0.164,-0.43456,0.11657,-0.893067,0.160456,0.985746,0.0505907,0.886235,-0.121313,-0.44707
1.26908,-0.0957858,0.18,-0.434456,0.116555,-0.89312,0.161329,0.985626,0.0501496,0.886127,-0.122298,-0.447015
1.27708,-0.0977794,0.195,-0.434353,0.11654,-0.893172,0.162202,0.985505,0.0497085,0.886018,-0.123283,-0.44696
1.28408,-0.0997738,0.211,-0.434146,0.11651,-0.893277,0.163947,0.98526,0.0488265,0.885798,-0.125252,-0.446848
1.29208,-0.101767,0.226,-0.434427,0.116549,-0.893135,0.164965,0.985116,0.0483115,0.885472,-0.126348,-0.447187
1.29908,-0.103762,0.241,-0.434324,0.116533,-0.893187,0.165837,0.984991,0.0478703,0.885359,-0.127332,-0.44713
1.30708,-0.105755,0.257,-0.43422,0.116517,-0.893239,0.166709,0.984865,0.0474291,0.885246,-0.128316,-0.447073
1.31409,-0.10775,0.272,-0.434907,0.116617,-0.892892,0.167622,0.984732,0.046967,0.884737,-0.129242,-0.447814
1.32209,-0.109744,0.288,-0.434804,0.116601,-0.892944,0.168492,0.984604,0.0465262,0.884622,-0.130224,-0.447756
1.32909,-0.111738,0.303,-0.435085,0.116643,-0.892802,0.169513,0.984453,0.0460092,0.884289,-0.131323,-0.448093
1.33709,-0.113732,0.319,-0.434981,0.116627,-0.892855,0.170383,0.984324,0.0455682,0.884172,-0.132306,-0.448034
1.34409,-0.115726,0.334,-0.434878,0.116612,-0.892907,0.171253,0.984193,0.0451272,0.884055,-0.133288,-0.447974
1.35209,-0.11772,0.35,-0.434878,0.116612,-0.892907,0.171253,0.984193,0.0451272,0.884055,-0.133288,-0.447974
1.3591,-0.119714,0.365,-0.434775,0.116596,-0.892959,0.172123,0.984061,0.0446863,0.883937,-0.13427,-0.447914
1.3671,-0.121708,0.381,-0.434671,0.11658,-0.893012,0.172992,0.983929,0.0442455,0.883818,-0.135252,-0.447853
1.3751,-0.123701,0.396,-0.434568,0.116564,-0.893064,0.173861,0.983795,0.0438047,0.883698,-0.136233,-0.447792
1.36315,-0.184711,0.396,-0.419389,0.172749,-0.891219,0.261481,0.963109,0.0636364,0.869334,-0.206348,-0.449087
1.35514,-0.181717,0.381,-0.419175,0.172698,-0.891329,0.260416,0.963361,0.0641861,0.869756,-0.205211,-0.44879
1.34814,-0.178723,0.365,-0.41855,0.172552,-0.891651,0.259522,0.963571,0.0646473,0.870324,-0.204345,-0.448083
1.34114,-0.175728,0.35,-0.4187,0.172588,-0.891574,0.258683,0.963767,0.0650799,0.870502,-0.203386,-0.448175
1.33414,-0.172734,0.334,-0.418486,0.172539,-0.891684,0.257619,0.964015,0.0656285,0.87092,-0.20225,-0.447876
1.32614,-0.16974,0.319,-0.418787,0.17261,-0.891529,0.25594,0.964403,0.0664934,0.87127,-0.200332,-0.448057
1.31913,-0.166746,0.303,-0.418937,0.172645,-0.891451,0.2551,0.964596,0.066926,0.871444,-0.199372,-0.448147
1.31213,-0.163751,0.288,-0.418874,0.172631,-0.891484,0.253196,0.965029,0.0679055,0.87203,-0.197277,-0.447935
1.30413,-0.160758,0.272,-0.419024,0.172665,-0.891406,0.252355,0.965219,0.068338,0.872202,-0.196316,-0.448023
1.29713,-0.157763,0.257,-0.418961,0.172652,-0.891439,0.250451,0.965645,0.0693161,0.872781,-0.194221,-0.447808
1.29012,-0.154769,0.241,-0.419112,0.172686,-0.891361,0.249609,0.965831,0.0697486,0.87295,-0.193259,-0.447895
1.28312,-0.151775,0.226,-0.419414,0.172752,-0.891206,0.247923,0.966203,0.0706139,0.873285,-0.191334,-0.448068
1.27512,-0.148781,0.211,-0.418571,0.172569,-0.891638,0.245956,0.966631,0.0716222,0.874245,-0.189324,-0.447048
1.26812,-0.145787,0.195,-0.418722,0.172603,-0.891561,0.245111,0.966814,0.0720551,0.87441,-0.18836,-0.447133
1.26111,-0.142792,0.18,-0.418658,0.17259,-0.891593,0.243206,0.967222,0.0730303,0.874972,-0.186266,-0.44691
1.25411,-0.139798,0.164,-0.41896,0.172656,-0.891438,0.241513,0.96758,0.0738958,0.875296,-0.184335,-0.447076
1.24611,-0.136804,0.149,-0.418896,0.172643,-0.891471,0.239608,0.967979,0.0748693,0.87585,-0.182241,-0.446849
1.23911,-0.13381,0.133,-0.419199,0.172706,-0.891316,0.237912,0.968329,0.0757349,0.876168,-0.180307,-0.447012
1.2321,-0.130815,0.118,-0.419287,0.172724,-0.891271,0.235158,0.968891,0.0771393,0.876869,-0.177246,-0.446861
1.22214,-0.173823,0.118,-0.396028,0.228666,-0.889311,0.316505,0.943138,0.101561,0.861967,-0.24125,-0.445883
1.22814,-0.177818,0.133,-0.395778,0.228594,-0.889441,0.319214,0.942375,0.100157,0.861082,-0.244282,-0.445942
1.23514,-0.181813,0.149,-0.396293,0.228741,-0.889174,0.322006,0.941578,0.0987078,0.859805,-0.247202,-0.446796
1.24215,-0.185807,0.164,-0.396239,0.228725,-0.889201,0.323901,0.94103,0.0977223,0.859117,-0.249292,-0.446958
1.24915,-0.189802,0.18,-0.395989,0.228652,-0.889332,0.326603,0.940241,0.0963152,0.858209,-0.252319,-0.447004
1.25615,-0.193796,0.195,-0.39574,0.228576,-0.889462,0.329303,0.939443,0.0949068,0.857292,-0.255344,-0.447046
1.26316,-0.197791,0.211,-0.396449,0.228788,-0.889092,0.331276,0.938852,0.0938756,0.856203,-0.257318,-0.447999
1.27016,-0.201785,0.226,-0.396396,0.228772,-0.889119,0.333167,0.938281,0.0928858,0.855494,-0.259406,-0.44815
1.27716,-0.205779,0.241,-0.395809,0.228593,-0.889427,0.335573,0.937548,0.0916252,0.854825,-0.262201,-0.447799
1.28317,-0.208775,0.257,-0.395756,0.228575,-0.889455,0.337461,0.936966,0.090634,0.854106,-0.264287,-0.447945
1.29017,-0.212769,0.272,-0.396462,0.228794,-0.889084,0.339425,0.936356,0.0896016,0.853,-0.266254,-0.448888
1.29717,-0.216763,0.288,-0.396409,0.228778,-0.889112,0.341312,0.935764,0.0886086,0.852271,-0.268339,-0.44903
1.30418,-0.220758,0.303,-0.396019,0.228655,-0.889318,0.342905,0.935261,0.087769,0.851813,-0.270194,-0.448788
1.31118,-0.224752,0.319,-0.395966,0.228637,-0.889346,0.34479,0.934661,0.086775,0.851076,-0.272277,-0.448926
1.31818,-0.228747,0.334,-0.396108,0.228682,-0.889271,0.345879,0.934311,0.0861997,0.850568,-0.273436,-0.449185
1.32519,-0.232741,0.35,-0.395719,0.228556,-0.889477,0.347467,0.933799,0.0853602,0.850102,-0.275285,-0.448938
1.33219,-0.236736,0.365,-0.396422,0.228784,-0.889105,0.349421,0.933164,0.0843261,0.848973,-0.277243,-0.449868
1.33919,-0.24073,0.381,-0.396564,0.228831,-0.88903,0.35051,0.932807,0.0837489,0.848457,-0.278402,-0.450125
1.32324,-0.303743,0.396,-0.367215,0.279712,-0.887082,0.443358,0.891034,0.097427,0.817672,-0.357518,-0.451213
1.31724,-0.298747,0.381,-0.367373,0.279781,-0.886995,0.441537,0.891828,0.0984314,0.818586,-0.35548,-0.451167
1.31023,-0.293753,0.365,-0.367531,0.279849,-0.886908,0.439714,0.892617,0.099435,0.819496,-0.35344,-0.451118
1.30423,-0.288758,0.35,-0.36769,0.279916,-0.886821,0.437889,0.893401,0.100438,0.820401,-0.351399,-0.451067
1.29823,-0.283763,0.334,-0.366818,0.279545,-0.887299,0.43562,0.894369,0.101682,0.821997,-0.349226,-0.449846
1.29122,-0.278768,0.319,-0.367207,0.27971,-0.887086,0.433055,0.895453,0.103086,0.823178,-0.346303,-0.449946
1.28522,-0.273773,0.303,-0.367366,0.279776,-0.886999,0.431224,0.896221,0.104086,0.824068,-0.344257,-0.449887
1.27821,-0.268779,0.288,-0.367525,0.279842,-0.886912,0.429391,0.896984,0.105086,0.824954,-0.342211,-0.449826
1.27221,-0.263783,0.272,-0.367184,0.279701,-0.887098,0.426727,0.898084,0.106535,0.826487,-0.339431,-0.449117
1.26621,-0.259788,0.257,-0.367575,0.27986,-0.886886,0.424145,0.899139,0.107937,0.827641,-0.336493,-0.449202
1.2592,-0.254794,0.241,-0.367431,0.279801,-0.886964,0.421953,0.900026,0.109125,0.828824,-0.334162,-0.448761
1.2532,-0.249798,0.226,-0.367088,0.279663,-0.88715,0.419273,0.901102,0.110573,0.830336,-0.331367,-0.448039
1.2462,-0.244804,0.211,-0.367481,0.279819,-0.886938,0.416677,0.902132,0.111973,0.831467,-0.328419,-0.448111
1.24019,-0.239809,0.195,-0.366831,0.279564,-0.887288,0.413638,0.903326,0.113608,0.83327,-0.325341,-0.447006
1.23419,-0.234814,0.18,-0.367225,0.279718,-0.887076,0.411033,0.904337,0.115005,0.834385,-0.322385,-0.447068
1.22718,-0.229819,0.164,-0.367547,0.279841,-0.886904,0.407326,0.905759,0.116988,0.836059,-0.31826,-0.446896
1.22118,-0.224824,0.149,-0.367201,0.27971,-0.887088,0.404612,0.906787,0.118435,0.837527,-0.315437,-0.446147
1.21418,-0.22083,0.133,-0.367525,0.27983,-0.886916,0.400893,0.908177,0.120414,0.839172,-0.311304,-0.44596
1.20817,-0.215834,0.118,-0.367104,0.279675,-0.88714,0.397066,0.909586,0.122442,0.841174,-0.307304,-0.444962
1.1912,-0.256848,0.118,-0.332144,0.325705,-0.88521,0.479506,0.866477,0.138895,0.812252,-0.37833,-0.443973
1.19721,-0.261843,0.133,-0.332348,0.325801,-0.885098,0.484298,0.864226,0.136267,0.809321,-0.383363,-0.445008
1.20321,-0.267838,0.149,-0.332814,0.326025,-0.884841,0.488378,0.862279,0.134019,0.806673,-0.387533,-0.446202
1.20822,-0.273834,0.164,-0.332035,0.325648,-0.885272,0.492638,0.860217,0.131661,0.804401,-0.392403,-0.446049
1.21422,-0.278829,0.18,-0.332232,0.325744,-0.885162,0.496297,0.858421,0.129626,0.802066,-0.396238,-0.446861
1.22023,-0.284825,0.195,-0.332428,0.325842,-0.885053,0.499943,0.856608,0.12759,0.799718,-0.400062,-0.447663
1.22623,-0.29082,0.211,-0.332442,0.32585,-0.885045,0.503196,0.854972,0.125766,0.797669,-0.403541,-0.448195
1.23224,-0.295815,0.226,-0.332637,0.32595,-0.884935,0.506822,0.853126,0.123725,0.795289,-0.407348,-0.44898
1.23724,-0.301811,0.241,-0.332387,0.325823,-0.885075,0.509662,0.851664,0.122121,0.793577,-0.410498,-0.449141
1.24325,-0.307806,0.257,-0.332581,0.325924,-0.884965,0.513265,0.849788,0.120078,0.79117,-0.414286,-0.449909
1.24925,-0.313802,0.272,-0.332332,0.325795,-0.885106,0.516092,0.848301,0.118469,0.789433,-0.417425,-0.450057
1.25525,-0.318797,0.288,-0.332085,0.325663,-0.885248,0.518914,0.846802,0.116858,0.787686,-0.42056,-0.4502
1.26126,-0.324792,0.303,-0.332273,0.325763,-0.88514,0.521411,0.845463,0.115428,0.785955,-0.423168,-0.450781
1.26626,-0.330788,0.319,-0.332282,0.325768,-0.885135,0.523558,0.844302,0.114194,0.784522,-0.425475,-0.451105
1.27227,-0.335783,0.334,-0.332729,0.326013,-0.884877,0.526453,0.842725,0.112527,0.782393,-0.428405,-0.45203
1.27827,-0.341779,0.35,-0.332224,0.325735,-0.885169,0.52884,0.841412,0.111148,0.780997,-0.431186,-0.451799
1.28428,-0.347774,0.365,-0.332233,0.32574,-0.885163,0.530979,0.840227,0.109909,0.77954,-0.433488,-0.452113
1.29028,-0.352769,0.381,-0.332419,0.325844,-0.885055,0.533438,0.838854,0.10848,0.777779,-0.436062,-0.452669
1.26133,-0.411792,0.396,-0.289783,0.368235,-0.883419,0.63151,0.767145,0.112618,0.719181,-0.525253,-0.454849
1.25632,-0.404796,0.381,-0.289526,0.368047,-0.883581,0.628861,0.769073,0.114288,0.721602,-0.52256,-0.454117
1.25132,-0.3988,0.365,-0.289907,0.36832,-0.883342,0.626283,0.770931,0.115907,0.723687,-0.51962,-0.454171
1.24631,-0.392804,0.35,-0.289439,0.367984,-0.883636,0.623158,0.773164,0.117861,0.726566,-0.516532,-0.453097
1.24131,-0.385808,0.334,-0.289823,0.368255,-0.883397,0.620563,0.775001,0.119476,0.728632,-0.513577,-0.453138
1.2363,-0.379812,0.319,-0.290208,0.368523,-0.883159,0.61796,0.776829,0.12109,0.730688,-0.510615,-0.453175
1.2313,-0.372816,0.303,-0.289737,0.368191,-0.883452,0.614806,0.779022,0.123037,0.73353,-0.507503,-0.452078
1.22629,-0.36682,0.288,-0.289912,0.36831,-0.883345,0.611734,0.781137,0.124924,0.736025,-0.504155,-0.451769
1.22129,-0.359824,0.272,-0.28965,0.368129,-0.883507,0.609012,0.782994,0.126589,0.738381,-0.5014,-0.450989
1.21628,-0.353828,0.257,-0.289444,0.36799,-0.883632,0.605248,0.785534,0.128881,0.74155,-0.497513,-0.450093
1.21128,-0.346832,0.241,-0.289894,0.368289,-0.88336,0.601565,0.787991,0.131111,0.744366,-0.49339,-0.449984
1.20627,-0.340836,0.226,-0.289688,0.368151,-0.883485,0.597768,0.790493,0.133396,0.747498,-0.489476,-0.449065
1.20127,-0.33484,0.211,-0.28948,0.368014,-0.88361,0.593955,0.792974,0.135679,0.750612,-0.485548,-0.448134
1.19626,-0.327844,0.195,-0.289936,0.368306,-0.883339,0.59023,0.79537,0.137898,0.75337,-0.481391,-0.447992
1.19126,-0.321848,0.18,-0.289788,0.368208,-0.883428,0.585338,0.798471,0.140792,0.757233,-0.476305,-0.446914
1.18525,-0.314853,0.164,-0.289577,0.368075,-0.883553,0.581476,0.800886,0.143063,0.760283,-0.472337,-0.445945
1.18025,-0.308857,0.149,-0.289647,0.368117,-0.883513,0.576985,0.803656,0.145688,0.763671,-0.467575,-0.445174
1.17524,-0.301861,0.133,-0.289495,0.368024,-0.883601,0.572029,0.806667,0.148566,0.767448,-0.462437,-0.444046
1.17024,-0.295865,0.118,-0.289625,0.368101,-0.883527,0.566428,0.810011,0.151794,0.771542,-0.456491,-0.443102
1.14627,-0.332884,0.118,-0.240543,0.40301,-0.883018,0.656108,0.737929,0.158061,0.715305,-0.541335,-0.441922
1.15027,-0.33988,0.133,-0.240304,0.402829,-0.883167,0.661713,0.733649,0.154583,0.710204,-0.547256,-0.442855
1.15428,-0.346877,0.149,-0.241144,0.403487,-0.882637,0.667338,0.729275,0.151056,0.704634,-0.552591,-0.445122
1.15828,-0.353874,0.164,-0.240904,0.403306,-0.882785,0.672861,0.724903,0.147559,0.699446,-0.558444,-0.446
1.16229,-0.360871,0.18,-0.240947,0.403348,-0.882754,0.677838,0.720896,0.144377,0.694608,-0.563577,-0.447103
1.16729,-0.367867,0.195,-0.240824,0.403254,-0.88283,0.68231,0.71724,0.141491,0.690258,-0.56829,-0.447873
1.1713,-0.374864,0.211,-0.240868,0.403297,-0.882799,0.687222,0.713163,0.138295,0.685353,-0.573368,-0.448932
1.1753,-0.381861,0.226,-0.240421,0.402923,-0.883092,0.691052,0.709937,0.135781,0.681649,-0.577618,-0.449124
1.17931,-0.388857,0.241,-0.240577,0.403058,-0.882988,0.694954,0.706609,0.133201,0.677615,-0.581591,-0.450101
1.18332,-0.395854,0.257,-0.240459,0.402959,-0.883065,0.699306,0.702847,0.1303,0.673165,-0.5862,-0.450797
1.18832,-0.40285,0.272,-0.240884,0.403333,-0.882778,0.702688,0.699885,0.128029,0.669481,-0.589477,-0.452008
1.19233,-0.409847,0.288,-0.240446,0.402949,-0.883073,0.706435,0.696564,0.125494,0.665684,-0.593659,-0.452144
