1.02,0.464,0.766,0,0.576879,-0.816829,0,0.816829,0.576879,1,0,0
1.02,0.464,0.769,0,0.320127,0.947375,0,-0.947375,0.320127,1,0,0
1.02,0.464,0.769,0,0.320127,0.947375,0,-0.947375,0.320127,1,0,0
1.02,0.462,0.769,0,0.314126,0.949381,0,-0.949381,0.314126,1,0,0
1.02,0.458,0.771,0,0.286981,0.957936,0,-0.957936,0.286981,1,0,0
1.02,0.453,0.772,0,0.259902,0.965635,0,-0.965635,0.259902,1,0,0
1.02,0.448,0.773,0,0.233108,0.972451,0,-0.972451,0.233108,1,0,0
1.02,0.443,0.774,0,0.20591,0.978571,0,-0.978571,0.20591,1,0,0
1.02,0.443,0.774,0,0.986122,0.166021,0,-0.166021,0.986122,1,0,0
1.02,0.443,0.775,0,0.985958,0.166993,0,-0.166993,0.985958,1,0,0
1.02,0.442,0.78,0,0.98403,0.178005,0,-0.178005,0.98403,1,0,0
1.02,0.442,0.78,0,0.525046,-0.851074,0,0.851074,0.525046,1,0,0
1.02,0.443,0.781,0,0.531167,-0.847267,0,0.847267,0.531167,1,0,0
1.02,0.447,0.784,0,0.554931,-0.831896,0,0.831896,0.554931,1,0,0
1.02,0.451,0.786,0,0.578017,-0.816024,0,0.816024,0.578017,1,0,0
1.02,0.456,0.789,0,0.6,-0.8,0,0.8,0.6,1,0,0
1.02,0.459,0.792,0,0.623108,-0.782136,0,0.782136,0.623108,1,0,0
1.02,0.459,0.792,0,0.623108,-0.782136,0,0.782136,0.623108,1,0,0
1.02,0.459,0.795,0,0.265063,0.964231,0,-0.964231,0.265063,1,0,0
1.02,0.459,0.795,0,0.265063,0.964231,0,-0.964231,0.265063,1,0,0
1.02,0.458,0.796,0,0.258969,0.965886,0,-0.965886,0.258969,1,0,0
1.02,0.453,0.797,0,0.231936,0.972731,0,-0.972731,0.231936,1,0,0
1.02,0.448,0.798,0,0.203994,0.978972,0,-0.978972,0.203994,1,0,0
1.02,0.443,0.799,0,0.177037,0.984204,0,-0.984204,0.177037,1,0,0
1.02,0.438,0.8,0,0.148976,0.988841,0,-0.988841,0.148976,1,0,0
1.02,0.438,0.8,0,0.975044,0.22201,0,-0.22201,0.975044,1,0,0
1.02,0.438,0.801,0,0.97461,0.22391,0,-0.22391,0.97461,1,0,0
1.02,0.437,0.806,0,0.971996,0.234999,0,-0.234999,0.971996,1,0,0
1.02,0.437,0.806,0,0.573261,-0.819373,0,0.819373,0.573261,1,0,0
1.02,0.438,0.806,0,0.579155,-0.815218,0,0.815218,0.579155,1,0,0
1.02,0.442,0.809,0,0.601758,-0.798679,0,0.798679,0.601758,1,0,0
1.02,0.446,0.812,0,0.623719,-0.781648,0,0.781648,0.623719,1,0,0
1.02,0.45,0.815,0,0.645673,-0.763614,0,0.763614,0.645673,1,0,0
1.02,0.453,0.819,0,0.667029,-0.745032,0,0.745032,0.667029,1,0,0
1.02,0.453,0.819,0,0.667029,-0.745032,0,0.745032,0.667029,1,0,0
1.02,0.453,0.822,0,0.208983,0.977919,0,-0.977919,0.208983,1,0,0
1.02,0.453,0.822,0,0.208983,0.977919,0,-0.977919,0.208983,1,0,0
1.02,0.451,0.822,0,0.203036,0.979171,0,-0.979171,0.203036,1,0,0
1.02,0.446,0.823,0,0.174926,0.984582,0,-0.984582,0.174926,1,0,0
1.02,0.442,0.824,0,0.147998,0.988988,0,-0.988988,0.147998,1,0,0
1.02,0.437,0.824,0,0.119973,0.992777,0,-0.992777,0.119973,1,0,0
1.02,0.432,0.825,0,0.0919779,0.995761,0,-0.995761,0.0919779,1,0,0
1.02,0.432,0.825,0,0.960613,0.277888,0,-0.277888,0.960613,1,0,0
1.02,0.431,0.826,0,0.96,0.28,0,-0.28,0.96,1,0,0
1.02,0.43,0.831,0,0.957024,0.290007,0,-0.290007,0.957024,1,0,0
1.02,0.43,0.831,0,0.619806,-0.784755,0,0.784755,0.619806,1,0,0
1.02,0.431,0.831,0,0.624817,-0.780771,0,0.780771,0.624817,1,0,0
1.02,0.435,0.834,0,0.646748,-0.762703,0,0.762703,0.646748,1,0,0
1.02,0.439,0.838,0,0.66808,-0.744089,0,0.744089,0.66808,1,0,0
1.02,0.442,0.841,0,0.688355,-0.725374,0,0.725374,0.688355,1,0,0
1.02,0.446,0.845,0,0.708604,-0.705606,0,0.705606,0.708604,1,0,0
1.02,0.446,0.845,0,0.708604,-0.705606,0,0.705606,0.708604,1,0,0
1.02,0.445,0.848,0,0.153034,0.988221,0,-0.988221,0.153034,1,0,0
1.02,0.445,0.848,0,0.153034,0.988221,0,-0.988221,0.153034,1,0,0
1.02,0.444,0.848,0,0.146041,0.989279,0,-0.989279,0.146041,1,0,0
1.02,0.439,0.848,0,0.118002,0.993013,0,-0.993013,0.118002,1,0,0
1.02,0.434,0.849,0,0.0899948,0.995942,0,-0.995942,0.0899948,1,0,0
1.02,0.429,0.849,0,0.0620047,0.998076,0,-0.998076,0.0620047,1,0,0
1.02,0.424,0.85,0,0.0340143,0.999421,0,-0.999421,0.0340143,1,0,0
1.02,0.424,0.85,0,0.942935,0.332977,0,-0.332977,0.942935,1,0,0
1.02,0.423,0.85,0,0.942194,0.335069,0,-0.335069,0.942194,1,0,0
1.02,0.422,0.855,0,0.93865,0.344871,0,-0.344871,0.93865,1,0,0
1.02,0.422,0.855,0,0.663867,-0.74785,0,0.74785,0.663867,1,0,0
1.02,0.423,0.856,0,0.66913,-0.743145,0,0.743145,0.66913,1,0,0
1.02,0.426,0.859,0,0.689905,-0.7239,0,0.7239,0.689905,1,0,0
1.02,0.43,0.863,0,0.709601,-0.704604,0,0.704604,0.709601,1,0,0
1.02,0.433,0.866,0,0.729256,-0.684241,0,0.684241,0.729256,1,0,0
1.02,0.437,0.87,0,0.74785,-0.663867,0,0.663867,0.74785,1,0,0
1.02,0.437,0.87,0,0.74785,-0.663867,0,0.663867,0.74785,1,0,0
1.02,0.436,0.873,0,0.0960365,0.995378,0,-0.995378,0.0960365,1,0,0
1.02,0.436,0.873,0,0.0960365,0.995378,0,-0.995378,0.0960365,1,0,0
1.02,0.434,0.873,0,0.0890028,0.996031,0,-0.996031,0.0890028,1,0,0
1.02,0.429,0.873,0,0.0610084,0.998137,0,-0.998137,0.0610084,1,0,0
1.02,0.424,0.874,0,0.033015,0.999455,0,-0.999455,0.033015,1,0,0
1.02,0.419,0.874,0,0.00499994,0.999988,0,-0.999988,0.00499994,1,0,0
1.02,0.414,0.874,0,-0.0229939,0.999736,0,-0.999736,-0.0229939,1,0,0
1.02,0.414,0.874,0,0.922068,0.387028,0,-0.387028,0.922068,1,0,0
1.02,0.414,0.874,0,0.921711,0.387878,0,-0.387878,0.921711,1,0,0
1.02,0.412,0.879,0,0.916959,0.398982,0,-0.398982,0.916959,1,0,0
1.02,0.412,0.879,0,0.706106,-0.708106,0,0.708106,0.706106,1,0,0
1.02,0.413,0.88,0,0.711096,-0.703095,0,0.703095,0.711096,1,0,0
1.02,0.416,0.884,0,0.730223,-0.683209,0,0.683209,0.730223,1,0,0
1.02,0.42,0.887,0,0.748787,-0.662811,0,0.662811,0.748787,1,0,0
1.02,0.423,0.891,0,0.767319,-0.641266,0,0.641266,0.767319,1,0,0
1.02,0.426,0.895,0,0.785241,-0.61919,0,0.61919,0.785241,1,0,0
1.02,0.426,0.895,0,0.785241,-0.61919,0,0.61919,0.785241,1,0,0
1.02,0.425,0.898,0,0.0380105,0.999277,0,-0.999277,0.0380105,1,0,0
1.02,0.425,0.898,0,0.0380105,0.999277,0,-0.999277,0.0380105,1,0,0
1.02,0.424,0.898,0,0.0309851,0.99952,0,-0.99952,0.0309851,1,0,0
1.02,0.419,0.898,0,0.00299999,0.999996,0,-0.999996,0.00299999,1,0,0
1.02,0.414,0.898,0,-0.0249922,0.999688,0,-0.999688,-0.0249922,1,0,0
1.02,0.409,0.898,0,-0.0529785,0.998596,0,-0.998596,-0.0529785,1,0,0
1.02,0.404,0.897,0,-0.0809769,0.996716,0,-0.996716,-0.0809769,1,0,0
1.02,0.404,0.897,0,0.898393,0.439192,0,-0.439192,0.898393,1,0,0
1.02,0.403,0.898,0,0.897603,0.440805,0,-0.440805,0.897603,1,0,0
1.02,0.401,0.903,0,0.892621,0.450808,0,-0.450808,0.892621,1,0,0
1.02,0.401,0.903,0,0.745973,-0.665976,0,0.665976,0.745973,1,0,0
1.02,0.402,0.903,0,0.750217,-0.661191,0,0.661191,0.750217,1,0,0
1.02,0.405,0.907,0,0.768221,-0.640184,0,0.640184,0.768221,1,0,0
1.02,0.408,0.911,0,0.78611,-0.618087,0,0.618087,0.78611,1,0,0
1.02,0.411,0.915,0,0.80299,-0.595993,0,0.595993,0.80299,1,0,0
1.02,0.414,0.919,0,0.819373,-0.573261,0,0.573261,0.819373,1,0,0
1.02,0.414,0.919,0,0.819373,-0.573261,0,0.573261,0.819373,1,0,0
1.02,0.413,0.922,0,-0.019996,0.9998,0,-0.9998,-0.019996,1,0,0
1.02,0.413,0.922,0,-0.019996,0.9998,0,-0.9998,-0.019996,1,0,0
1.02,0.412,0.922,0,-0.0259912,0.999662,0,-0.999662,-0.0259912,1,0,0
1.02,0.407,0.922,0,-0.0539753,0.998542,0,-0.998542,-0.0539753,1,0,0
1.02,0.402,0.921,0,-0.08197,0.996635,0,-0.996635,-0.08197,1,0,0
1.02,0.397,0.921,0,-0.109993,0.993932,0,-0.993932,-0.109993,1,0,0
1.02,0.392,0.92,0,-0.138059,0.990424,0,-0.990424,-0.138059,1,0,0
1.02,0.392,0.92,0,0.871789,0.489881,0,-0.489881,0.871789,1,0,0
1.02,0.391,0.921,0,0.870693,0.491827,0,-0.491827,0.870693,1,0,0
1.02,0.389,0.925,0,0.865335,0.501194,0,-0.501194,0.865335,1,0,0
1.02,0.389,0.925,0,0.783011,-0.622008,0,0.622008,0.783011,1,0,0
1.02,0.39,0.926,0,0.786977,-0.616982,0,0.616982,0.786977,1,0,0
1.02,0.393,0.93,0,0.803823,-0.594869,0,0.594869,0.803823,1,0,0
1.02,0.395,0.934,0,0.820171,-0.572119,0,0.572119,0.820171,1,0,0
1.02,0.398,0.938,0,0.835876,-0.548918,0,0.548918,0.835876,1,0,0
1.02,0.401,0.943,0,0.851074,-0.525046,0,0.525046,0.851074,1,0,0
1.02,0.401,0.943,0,0.851074,-0.525046,0,0.525046,0.851074,1,0,0
1.02,0.399,0.945,0,-0.0770024,0.997031,0,-0.997031,-0.0770024,1,0,0
1.02,0.399,0.945,0,-0.0770024,0.997031,0,-0.997031,-0.0770024,1,0,0
1.02,0.398,0.945,0,-0.084039,0.996462,0,-0.996462,-0.084039,1,0,0
1.02,0.393,0.945,0,-0.111968,0.993712,0,-0.993712,-0.111968,1,0,0
1.02,0.388,0.944,0,-0.140021,0.990149,0,-0.990149,-0.140021,1,0,0
1.02,0.383,0.943,0,-0.166993,0.985958,0,-0.985958,-0.166993,1,0,0
1.02,0.378,0.942,0,-0.194962,0.980811,0,-0.980811,-0.194962,1,0,0
1.02,0.378,0.942,0,0.841763,0.539848,0,-0.539848,0.841763,1,0,0
1.02,0.378,0.943,0,0.841016,0.54101,0,-0.54101,0.841016,1,0,0
1.02,0.375,0.947,0,0.835115,0.550076,0,-0.550076,0.835115,1,0,0
1.02,0.375,0.947,0,0.8173,-0.576212,0,0.576212,0.8173,1,0,0
1.02,0.376,0.948,0,0.820966,-0.570977,0,0.570977,0.820966,1,0,0
1.02,0.379,0.952,0,0.837093,-0.547061,0,0.547061,0.837093,1,0,0
1.02,0.381,0.957,0,0.851796,-0.523874,0,0.523874,0.851796,1,0,0
1.02,0.384,0.961,0,0.866019,-0.500011,0,0.500011,0.866019,1,0,0
1.02,0.386,0.965,0,0.879989,-0.474994,0,0.474994,0.879989,1,0,0
1.02,0.386,0.965,0,0.879989,-0.474994,0,0.474994,0.879989,1,0,0
1.02,0.385,0.968,0,-0.133998,0.990982,0,-0.990982,-0.133998,1,0,0
1.02,0.385,0.968,0,-0.133998,0.990982,0,-0.990982,-0.133998,1,0,0
1.02,0.383,0.968,0,-0.141001,0.990009,0,-0.990009,-0.141001,1,0,0
1.02,0.378,0.967,0,-0.168936,0.985627,0,-0.985627,-0.168936,1,0,0
1.02,0.373,0.966,0,-0.195924,0.980619,0,-0.980619,-0.195924,1,0,0
1.02,0.369,0.965,0,-0.22391,0.97461,0,-0.97461,-0.22391,1,0,0
1.02,0.364,0.964,0,-0.250997,0.967988,0,-0.967988,-0.250997,1,0,0
1.02,0.364,0.964,0,0.809385,0.587279,0,-0.587279,0.809385,1,0,0
1.02,0.363,0.965,0,0.808087,0.589063,0,-0.589063,0.808087,1,0,0
1.02,0.36,0.969,0,0.801676,0.597759,0,-0.597759,0.801676,1,0,0
1.02,0.36,0.969,0,0.849176,-0.52811,0,0.52811,0.849176,1,0,0
1.02,0.361,0.97,0,0.85296,-0.521976,0,0.521976,0.85296,1,0,0
1.02,0.363,0.974,0,0.867133,-0.498076,0,0.498076,0.867133,1,0,0
1.02,0.366,0.978,0,0.880632,-0.473802,0,0.473802,0.880632,1,0,0
1.02,0.368,0.983,0,0.893626,-0.448812,0,0.448812,0.893626,1,0,0
1.02,0.37,0.987,0,0.905723,-0.42387,0,0.42387,0.905723,1,0,0
1.02,0.37,0.987,0,0.905723,-0.42387,0,0.42387,0.905723,1,0,0
1.02,0.368,0.99,0,-0.190923,0.981605,0,-0.981605,-0.190923,1,0,0
1.02,0.368,0.99,0,-0.190923,0.981605,0,-0.981605,-0.190923,1,0,0
1.02,0.367,0.989,0,-0.198039,0.980194,0,-0.980194,-0.198039,1,0,0
1.02,0.362,0.988,0,-0.225079,0.974341,0,-0.974341,-0.225079,1,0,0
1.02,0.358,0.987,0,-0.252869,0.9675,0,-0.9675,-0.252869,1,0,0
1.02,0.353,0.986,0,-0.28,0.96,0,-0.96,-0.28,1,0,0
1.02,0.348,0.984,0,-0.306009,0.952029,0,-0.952029,-0.306009,1,0,0
1.02,0.348,0.984,0,0.774091,0.633074,0,-0.633074,0.774091,1,0,0
1.02,0.347,0.985,0,0.773199,0.634163,0,-0.634163,0.773199,1,0,0
1.02,0.344,0.989,0,0.765921,0.642934,0,-0.642934,0.765921,1,0,0
1.02,0.344,0.989,0,0.878278,-0.478151,0,0.478151,0.878278,1,0,0
1.02,0.345,0.991,0,0.883788,-0.467888,0,0.467888,0.883788,1,0,0
1.02,0.347,0.995,0,0.896419,-0.443207,0,0.443207,0.896419,1,0,0
