0.955586,0.0860356,0.1689,-0.000447135,-0.561497,0.827479,-0.980614,0.162391,0.109663,-0.19595,-0.811388,-0.550684
0.95557,0.0660356,0.194779,-0.000528652,-0.663862,0.747855,-0.977274,0.158874,0.14034,-0.211981,-0.730784,-0.648859
0.955554,0.0460356,0.216408,-0.000570342,-0.716216,0.697879,-0.980477,0.137625,0.14044,-0.196631,-0.684174,-0.702312
0.955538,0.0260356,0.234923,-0.000609867,-0.76585,0.643018,-0.978154,0.134128,0.158822,-0.207881,-0.628874,-0.749202
0.955522,0.00603563,0.251002,-0.000635933,-0.798582,0.601885,-0.979932,0.120473,0.158809,-0.199333,-0.589705,-0.782633
0.955506,-0.0139644,0.265036,-0.000673454,-0.8457,0.533658,-0.97924,0.108732,0.171074,-0.202703,-0.522464,-0.828217
0.955491,-0.0339644,0.277345,-0.000684076,-0.859039,0.51191,-0.981843,0.0976832,0.162611,-0.189694,-0.502504,-0.843508
0.955475,-0.0539644,0.288317,-0.000704876,-0.885159,0.465288,-0.980401,0.0922794,0.174066,-0.197013,-0.456046,-0.867876
0.955459,-0.0739643,0.297842,-0.000733043,-0.92053,0.390671,-0.982871,0.0726608,0.169365,-0.184292,-0.383856,-0.904816
0.955443,-0.0939643,0.306364,-0.000739786,-0.928998,0.370083,-0.98401,0.0665924,0.165196,-0.178112,-0.364043,-0.914193
0.955427,-0.113964,0.313356,-0.000758821,-0.952902,0.303278,-0.974237,0.0691017,0.214681,-0.225527,-0.295302,-0.928404
0.955411,-0.133964,0.31925,-0.000770913,-0.968086,0.250618,-0.983835,0.0456131,0.173168,-0.179073,-0.246433,-0.952472
0.955395,-0.153964,0.323791,-0.00078167,-0.981594,0.190979,-0.975665,0.0426236,0.215083,-0.219264,-0.186164,-0.95774
0.955379,-0.173964,0.327436,-0.000785509,-0.986415,0.164273,-0.97593,0.0365812,0.214993,-0.218082,-0.16015,-0.9627
0.955363,-0.193964,0.330152,-0.000792738,-0.995493,0.0948293,-0.982258,0.0185586,0.186612,-0.187531,-0.092999,-0.977846
0.955347,-0.213964,0.33178,-0.00079526,-0.99866,0.0517367,-0.98105,0.0108033,0.193453,-0.193752,-0.0506025,-0.979745
0.955331,-0.233964,0.332642,-0.000796325,-0.999998,0.00201405,-0.981071,0.00117127,0.193646,-0.193648,-0.00182172,-0.981069
0.955315,-0.253964,0.33256,-0.000796199,-0.999839,-0.0179305,-0.974678,-0.00323354,0.223589,-0.223611,0.0176544,-0.974518
0.955299,-0.273964,0.33134,-0.000794446,-0.997638,-0.0686919,-0.983167,-0.0117712,0.182329,-0.182707,0.0676805,-0.980835
0.955284,-0.293964,0.329119,-0.000788103,-0.989673,-0.143341,-0.982267,-0.0261081,0.18566,-0.187485,0.140945,-0.972103
0.955268,-0.313964,0.325871,-0.000777023,-0.975759,-0.218846,-0.974195,-0.0486566,0.220403,-0.225708,0.213369,-0.950542
0.955252,-0.333964,0.321403,-0.00077716,-0.975931,-0.21808,-0.978239,-0.0445049,0.20265,-0.207478,0.213492,-0.954659
0.955236,-0.353964,0.315571,-0.000757129,-0.950777,-0.309876,-0.977192,-0.0651003,0.202132,-0.212355,0.302961,-0.929042
0.95522,-0.373964,0.30885,-0.00075019,-0.942062,-0.335437,-0.980457,-0.0652991,0.185583,-0.196734,0.329021,-0.923602
0.955204,-0.393964,0.300779,-0.000730251,-0.917024,-0.39883,-0.978564,-0.0814809,0.189139,-0.205943,0.390419,-0.897307
0.955188,-0.413964,0.291805,-0.000715581,-0.898603,-0.438763,-0.97832,-0.0902371,0.186405,-0.207096,0.429384,-0.879057
0.955172,-0.433964,0.281252,-0.000682267,-0.856767,-0.515703,-0.978548,-0.105672,0.176854,-0.206018,0.504761,-0.838315
0.955156,-0.453964,0.268964,-0.000653648,-0.820829,-0.571174,-0.976561,-0.122415,0.17704,-0.21524,0.557902,-0.80151
0.95514,-0.473964,0.254213,-0.000619673,-0.778164,-0.628061,-0.981368,-0.1202,0.149896,-0.192137,0.616452,-0.763591
0.955124,-0.493964,0.23758,-0.000595997,-0.748433,-0.66321,-0.986155,-0.109537,0.124499,-0.165826,0.654102,-0.738006
0.955108,-0.513964,0.218836,-0.000551111,-0.692066,-0.721834,-0.987717,-0.112411,0.108529,-0.156251,0.713028,-0.683503
0.955092,-0.533964,0.197221,-0.000516454,-0.648546,-0.761176,-0.994571,-0.0788763,0.06788,-0.104062,0.757078,-0.644984
0.955076,-0.553964,0.171596,-0.00046739,-0.586933,-0.809635,-0.997026,-0.0621246,0.0456118,-0.0770693,0.807249,-0.585158
0.955061,-0.573964,0.141814,-0.000426259,-0.535281,-0.844674,-0.999846,-0.0145692,0.00973724,-0.0175184,0.844548,-0.535192
0.935061,-0.573948,0.14175,-0.000411777,-0.517095,-0.855928,-0.99993,0.0103538,-0.00577401,0.0118478,0.855865,-0.517063
0.935076,-0.553948,0.173022,-0.000445565,-0.559525,-0.828813,-0.999728,-0.0190916,0.0134261,-0.0233356,0.828593,-0.559364
0.935092,-0.533948,0.199892,-0.000505011,-0.634175,-0.773189,-0.998008,-0.0484522,0.0403927,-0.0630788,0.77167,-0.632888
0.935108,-0.513948,0.222283,-0.000546441,-0.686202,-0.727411,-0.997606,-0.0499268,0.0478478,-0.0691505,0.725695,-0.684532
0.935124,-0.493948,0.241256,-0.000587357,-0.737582,-0.675257,-0.996892,-0.0527643,0.0585015,-0.0787791,0.673192,-0.735259
0.93514,-0.473948,0.25803,-0.000623692,-0.783211,-0.621756,-0.994905,-0.0621977,0.079347,-0.100817,0.618637,-0.779182
0.935156,-0.453948,0.272636,-0.000656097,-0.823904,-0.566729,-0.995228,-0.0547605,0.0807624,-0.0975748,0.564078,-0.819936
0.935172,-0.433948,0.2849,-0.000699518,-0.878431,-0.477869,-0.992868,-0.0563605,0.105057,-0.119218,0.474535,-0.872126
0.935188,-0.413948,0.295333,-0.000717509,-0.901023,-0.433771,-0.993497,-0.0487441,0.102894,-0.113854,0.431024,-0.895129
0.935204,-0.393948,0.304279,-0.000733571,-0.921193,-0.389105,-0.99335,-0.0441277,0.106344,-0.115134,0.386595,-0.915035
0.93522,-0.373948,0.312062,-0.000747357,-0.938506,-0.345263,-0.993866,-0.0374837,0.104041,-0.110584,0.343224,-0.932721
0.935236,-0.353948,0.318812,-0.000763458,-0.958724,-0.284336,-0.991513,-0.0362388,0.124852,-0.130003,0.282018,-0.95056
0.935252,-0.333948,0.324436,-0.000772149,-0.969638,-0.244543,-0.991595,-0.0308961,0.125637,-0.129378,0.242585,-0.961465
0.935268,-0.313948,0.329096,-0.000782705,-0.982894,-0.184171,-0.992889,-0.0211598,0.117146,-0.119039,0.182953,-0.975888
0.935284,-0.293948,0.332302,-0.00078861,-0.99031,-0.138874,-0.993124,-0.0154817,0.116039,-0.117064,0.138011,-0.983488
0.935299,-0.273948,0.334536,-0.000792874,-0.995663,-0.0930265,-0.994513,-0.00894636,0.104229,-0.10461,0.0925987,-0.990193
0.935315,-0.253948,0.335626,-0.000795678,-0.999185,-0.0403573,-0.994221,-0.00354177,0.107291,-0.107346,0.0402095,-0.993408
0.935331,-0.233948,0.335851,-0.000795764,-0.999293,0.0375934,-0.993729,0.00499361,0.111703,-0.111812,-0.0372687,-0.99303
0.935347,-0.213948,0.335031,-0.000795126,-0.998492,0.0548832,-0.994688,0.00643895,0.102734,-0.102932,-0.0545099,-0.993194
0.935363,-0.193948,0.333389,-0.000793115,-0.995966,0.0897272,-0.990631,0.0130359,0.135942,-0.136563,-0.0887787,-0.986645
0.935379,-0.173948,0.33076,-0.000787264,-0.988619,0.150438,-0.993603,0.0177615,0.111522,-0.112925,-0.149388,-0.982309
0.935395,-0.153948,0.327304,-0.000779094,-0.978359,0.206914,-0.994378,0.0226681,0.103439,-0.10589,-0.20567,-0.972876
0.935411,-0.133948,0.322545,-0.00076827,-0.964767,0.263104,-0.994169,0.0291064,0.103826,-0.107826,-0.261491,-0.959164
0.935427,-0.113948,0.3167,-0.000763483,-0.958755,0.284232,-0.990654,0.0394944,0.130559,-0.1364,-0.281476,-0.949824
0.935443,-0.0939484,0.30953,-0.000739682,-0.928867,0.370413,-0.994693,0.0387936,0.0952944,-0.102885,-0.368377,-0.923966
0.935459,-0.0739484,0.301206,-0.000730123,-0.916863,0.399202,-0.993778,0.0451271,0.101828,-0.111377,-0.396644,-0.911191
0.935475,-0.0539484,0.291768,-0.000703074,-0.882896,0.469567,-0.993384,0.0545418,0.101064,-0.11484,-0.46639,-0.877093
0.935491,-0.0339484,0.280983,-0.000690638,-0.867279,0.497822,-0.993024,0.0592951,0.101923,-0.117914,-0.494278,-0.86127
0.935506,-0.0139484,0.268998,-0.000670486,-0.841973,0.53952,-0.993072,0.0639593,0.0985806,-0.117509,-0.535716,-0.836182
0.935522,0.00605155,0.255196,-0.000639895,-0.803558,0.595226,-0.992654,0.0725244,0.0968411,-0.120986,-0.590791,-0.797702
0.935538,0.0260515,0.239335,-0.000605827,-0.760776,0.649014,-0.990785,0.0883611,0.102652,-0.135443,-0.642971,-0.753819
0.935554,0.0460515,0.22101,-0.000559396,-0.70247,0.711713,-0.99065,0.0974879,0.0954432,-0.136429,-0.705005,-0.695957
0.93557,0.0660515,0.199696,-0.000523779,-0.657744,0.753241,-0.990609,0.103327,0.0895381,-0.136723,-0.746121,-0.651621
0.935586,0.0860515,0.174253,-0.000452497,-0.56823,0.82287,-0.98932,0.120195,0.0824562,-0.145759,-0.814044,-0.562215
0.915586,0.0860675,0.177599,-0.000440713,-0.553432,0.832894,-0.999127,0.0350404,0.0227545,-0.041778,-0.832157,-0.552964
0.91557,0.0660675,0.202603,-0.000525136,-0.659448,0.75175,-0.99739,0.054622,0.0472187,-0.0722004,-0.749763,-0.657756
0.915554,0.0460675,0.22388,-0.000572895,-0.719422,0.694573,-0.997532,0.0491783,0.0501149,-0.0702117,-0.69283,-0.717675
0.915538,0.0260675,0.241874,-0.000597128,-0.749853,0.661604,-0.998236,0.0397213,0.0441187,-0.0593623,-0.660411,-0.748554
0.915522,0.00606748,0.257499,-0.000648108,-0.813872,0.581044,-0.998055,0.0367435,0.0503536,-0.0623309,-0.579881,-0.812313
0.915506,-0.0139325,0.271088,-0.000667889,-0.838712,0.544574,-0.998911,0.0259651,0.0387644,-0.0466521,-0.543955,-0.837816
0.915491,-0.0339325,0.28297,-0.000695392,-0.873249,0.487273,-0.998164,0.0301185,0.0525514,-0.0605664,-0.486342,-0.871667
0.915475,-0.0539325,0.293557,-0.000713722,-0.896268,0.443513,-0.998576,0.0243009,0.0475014,-0.0533517,-0.442847,-0.895009
0.915459,-0.0739325,0.302956,-0.000729229,-0.91574,0.401771,-0.998936,0.0191918,0.0419299,-0.0461076,-0.401313,-0.91478
0.915443,-0.0939325,0.311263,-0.000743957,-0.934235,0.356657,-0.999173,0.0151966,0.0377222,-0.0406614,-0.356334,-0.933474
0.915427,-0.113932,0.31834,-0.000754563,-0.947554,0.319594,-0.998241,0.0196572,0.0559241,-0.0592735,-0.31899,-0.945903
0.915411,-0.133932,0.324125,-0.000771266,-0.96853,0.248897,-0.999584,0.00791973,0.0277205,-0.0288193,-0.248772,-0.968133
0.915395,-0.153932,0.328855,-0.000776779,-0.975452,0.220211,-0.999091,0.0101439,0.0414095,-0.0426267,-0.219979,-0.974573
0.915379,-0.173932,0.332328,-0.000789279,-0.991149,0.132749,-0.998674,0.00761391,0.0509104,-0.0514705,-0.132533,-0.989841
0.915363,-0.193932,0.334865,-0.00079166,-0.994139,0.108108,-0.998886,0.00588655,0.0468169,-0.0471788,-0.10795,-0.993036
0.915347,-0.213932,0.336609,-0.000795023,-0.998362,0.0572002,-0.999107,0.00320898,0.0421225,-0.0422371,-0.0571156,-0.997474
0.915331,-0.233932,0.337359,-0.000796268,-0.999925,0.0121815,-0.999101,0.00131195,0.0423843,-0.0423971,-0.0121368,-0.999027
0.915315,-0.253932,0.337297,-0.000795674,-0.99918,-0.0404916,-0.999704,-0.000189926,0.0243312,-0.0243189,0.040499,-0.998884
0.915299,-0.273932,0.336073,-0.000793456,-0.996395,-0.084832,-0.999386,-0.00218167,0.0349724,-0.0350313,0.0848076,-0.995781
0.915284,-0.293932,0.333882,-0.000787948,-0.989478,-0.14468,-0.999271,-0.00474368,0.0378846,-0.0381723,0.144604,-0.988753
0.915268,-0.313932,0.330487,-0.000781811,-0.981772,-0.190061,-0.999771,-0.00329823,0.0211497,-0.021391,0.190034,-0.981544
0.915252,-0.333932,0.326017,-0.000767971,-0.964392,-0.264476,-0.998766,-0.0123954,0.0480988,-0.0496644,0.264187,-0.963192
0.915236,-0.353932,0.320339,-0.00076026,-0.954708,-0.297544,-0.99877,-0.0140241,0.0475501,-0.0495692,0.297214,-0.953523
0.91522,-0.373932,0.313668,-0.00074527,-0.935884,-0.352307,-0.998955,-0.0154044,0.0430342,-0.0457022,0.351971,-0.934895
0.915204,-0.393932,0.305852,-0.000732035,-0.919264,-0.39364,-0.999126,-0.0157838,0.0387177,-0.041805,0.393324,-0.918449
0.915188,-0.413932,0.296822,-0.000717508,-0.901022,-0.433773,-0.999312,-0.0154443,0.0337334,-0.0370938,0.433499,-0.90039
0.915172,-0.433932,0.286424,-0.000692424,-0.869522,-0.493894,-0.99934,-0.0173348,0.0319197,-0.0363165,0.49359,-0.868936
0.915156,-0.453932,0.274086,-0.000659789,-0.82854,-0.559929,-0.999404,-0.0187863,0.0289762,-0.0345269,0.559614,-0.828034
0.91514,-0.473932,0.259566,-0.000629561,-0.790581,-0.612357,-0.999774,-0.0125267,0.0172004,-0.0212692,0.612229,-0.790394
0.915124,-0.493932,0.242691,-0.000592372,-0.74388,-0.668313,-0.999856,-0.010906,0.0130254,-0.0169779,0.668224,-0.743766
0.915108,-0.513932,0.223331,-0.000554401,-0.696198,-0.71785,-0.99999,0.00358813,-0.0027076,0.00446076,0.717841,-0.696193
0.915092,-0.533932,0.200737,-0.000499765,-0.627588,-0.778545,-0.999947,-0.00765818,0.00681517,-0.0102394,0.778508,-0.627551
0.915076,-0.553932,0.173243,-0.000435251,-0.546573,-0.837411,-0.999947,0.00882974,-0.00524339,0.01026,0.837365,-0.546548
0.915061,-0.573932,0.140883,-0.000406212,-0.510107,-0.860111,-0.999662,0.0225547,-0.0129044,0.0259822,0.859815,-0.509944
0.895061,-0.573916,0.139721,-0.000400449,-0.50287,-0.864362,-0.999552,0.0260658,-0.0147015,0.0299232,0.863969,-0.502655
0.895076,-0.553916,0.172631,-0.00043552,-0.546911,-0.837191,-0.999676,0.0215355,-0.0135484,0.025439,0.836914,-0.546743
0.895092,-0.533916,0.200171,-0.000500693,-0.628753,-0.777605,-0.999063,0.0339665,-0.0268212,0.0432764,0.776863,-0.628181
0.895108,-0.513916,0.222887,-0.000544819,-0.684165,-0.729327,-0.998989,0.0331568,-0.0303574,0.0449516,0.728573,-0.683491
0.895124,-0.493916,0.242476,-0.000586986,-0.737117,-0.675765,-0.999146,0.0283593,-0.0300661,0.0413264,0.67517,-0.736504
0.89514,-0.473916,0.259384,-0.000620455,-0.779146,-0.626842,-0.998674,0.0327449,-0.0397124,0.0514677,0.625987,-0.778134
0.895156,-0.453916,0.273901,-0.000665661,-0.835914,-0.54886,-0.999012,0.0249481,-0.0367844,0.0444416,0.548293,-0.835104
0.895172,-0.433916,0.286217,-0.000694384,-0.871984,-0.489534,-0.998888,0.0236827,-0.0407681,0.0471426,0.488961,-0.871031
0.895188,-0.413916,0.296762,-0.000714028,-0.896651,-0.442737,-0.999063,0.019799,-0.0384865,0.0432747,0.442295,-0.895825
0.895204,-0.393916,0.305767,-0.00073361,-0.921242,-0.38899,-0.999523,0.0126892,-0.0281668,0.0308844,0.388783,-0.920811
0.89522,-0.373916,0.313626,-0.000747082,-0.93816,-0.3462,-0.999509,0.0115503,-0.0291431,0.0313396,0.346008,-0.937708
0.895236,-0.353916,0.320283,-0.000759215,-0.953396,-0.301722,-0.999793,0.00685292,-0.0191384,0.0203142,0.301645,-0.953204
0.895252,-0.333916,0.326146,-0.000770037,-0.966986,-0.25483,-0.998775,0.0133508,-0.0476435,0.0494727,0.254481,-0.965812
0.895268,-0.313916,0.330602,-0.000782079,-0.982108,-0.188316,-0.999818,0.00435773,-0.0185743,0.0190626,0.188267,-0.981933
0.895284,-0.293916,0.333973,-0.000788892,-0.990664,-0.136325,-0.999155,0.00638265,-0.0406002,0.0410913,0.136178,-0.989832
0.895299,-0.273917,0.336301,-0.000793158,-0.996021,-0.0891154,-0.999039,0.00469393,-0.0435711,0.043816,0.0889952,-0.995068
0.895315,-0.253917,0.337433,-0.000795926,-0.999496,-0.0317275,-0.999652,0.00163174,-0.0263264,0.0263649,0.0316955,-0.99915
0.895331,-0.233917,0.337558,-0.000796275,-0.999935,0.0114172,-0.999829,0.000584875,-0.0185073,0.0184994,-0.01143,-0.999764
0.895347,-0.213917,0.336836,-0.000794299,-0.997453,0.0713182,-0.999823,-0.000548601,-0.0188081,0.0187993,-0.0713206,-0.997276
0.895363,-0.193917,0.335036,-0.000791797,-0.994311,0.106513,-0.999862,-0.000977684,-0.0165595,0.0165695,-0.106512,-0.994173
0.895379,-0.173917,0.332536,-0.000787131,-0.988452,0.151531,-0.999942,-0.000848069,-0.0107263,0.0107309,-0.151531,-0.988394
0.895395,-0.153917,0.328915,-0.000779986,-0.97948,0.20154,-0.999942,-0.00139907,-0.0106693,0.0107324,-0.201536,-0.979422
0.895411,-0.133917,0.324241,-0.00077171,-0.969086,0.246721,-0.999948,-0.00175104,-0.0100056,0.0101283,-0.246716,-0.969035
0.895427,-0.113917,0.318679,-0.000761403,-0.956144,0.292896,-0.999688,-0.00658539,-0.0240964,0.0249685,-0.292823,-0.95584
0.895443,-0.0939166,0.311739,-0.0007423,-0.932154,0.36206,-0.999999,0.000430285,-0.000942406,0.000722679,-0.362061,-0.932154
0.895459,-0.0739166,0.303644,-0.000732329,-0.919634,0.392776,-0.99999,-0.0010799,-0.00439293,0.00446405,-0.392775,-0.919624
0.895475,-0.0539166,0.294259,-0.000712301,-0.894484,0.4471,-0.999999,9.80625e-05,-0.00139697,0.00120572,-0.447101,-0.894483
0.895491,-0.0339166,0.283638,-0.000696789,-0.875003,0.484117,-1,0.000552942,-0.000439898,0.000117224,-0.484117,-0.875003
0.895506,-0.0139166,0.271709,-0.000675744,-0.848576,0.529073,-0.999997,0.0018169,0.00163689,-0.0023503,-0.529071,-0.848574
0.895522,0.00608341,0.258271,-0.000638208,-0.80144,0.598075,-0.999997,0.00179595,0.00133952,-0.00214766,-0.598073,-0.801439
0.895538,0.0260834,0.242693,-0.000621818,-0.780857,0.624709,-0.999902,0.00920623,0.0105121,-0.0139597,-0.624642,-0.780787
0.895554,0.0460834,0.224763,-0.000583517,-0.73276,0.680487,-0.999977,0.00497695,0.00450179,-0.00668548,-0.680469,-0.732746
0.89557,0.0660834,0.203795,-0.000538757,-0.676552,0.736395,-0.999916,0.0099001,0.00836403,-0.0129491,-0.736328,-0.676501
0.895586,0.0860834,0.178897,-0.000431855,-0.542309,0.840179,-0.99944,0.0283437,0.0177812,-0.0334567,-0.839701,-0.542017
0.875586,0.0860993,0.178049,-0.000451072,-0.566441,0.824103,-0.996803,-0.0655873,-0.0456265,0.0798953,-0.821489,-0.5646
0.87557,0.0660993,0.202865,-0.000531093,-0.666929,0.745121,-0.99835,-0.0424341,-0.0386927,0.0574238,-0.743912,-0.665806
0.875554,0.0460993,0.223707,-0.000577478,-0.725177,0.688563,-0.997969,-0.0434454,-0.0465925,0.0637026,-0.687191,-0.723678
0.875538,0.0260993,0.24171,-0.000614899,-0.772169,0.635417,-0.997902,-0.0406655,-0.050383,0.0647437,-0.634115,-0.770524
0.875522,0.00609933,0.257371,-0.000645061,-0.810045,0.586367,-0.996757,-0.0466642,-0.0655614,0.08047,-0.584508,-0.807388
0.875507,-0.0139007,0.271001,-0.000674404,-0.846893,0.531763,-0.997537,-0.0367295,-0.0597611,0.0701426,-0.530493,-0.844782
0.875491,-0.0339007,0.283055,-0.000688755,-0.864915,0.501917,-0.997698,-0.0334411,-0.0589955,0.0678107,-0.500803,-0.862901
0.875475,-0.0539006,0.293622,-0.00071494,-0.897797,0.440409,-0.998131,-0.0262687,-0.0551705,0.0611009,-0.439625,-0.896101
0.875459,-0.0739006,0.302958,-0.00072937,-0.915918,0.401365,-0.997626,-0.0269723,-0.063364,0.068862,-0.400458,-0.913724
0.875443,-0.0939006,0.311023,-0.000748695,-0.940186,0.340662,-0.997703,-0.0223738,-0.0639418,0.067739,-0.339927,-0.938009
0.875427,-0.113901,0.317645,-0.000760752,-0.955326,0.295552,-0.996148,-0.025192,-0.0839935,0.0876868,-0.294477,-0.951627
0.875411,-0.133901,0.323324,-0.000772122,-0.969604,0.244679,-0.997218,-0.0174902,-0.0724562,0.0745333,-0.244054,-0.966893
0.875395,-0.153901,0.327923,-0.000779607,-0.979004,0.203842,-0.997917,-0.0123888,-0.0633173,0.0645132,-0.203466,-0.976954
0.875379,-0.173901,0.331462,-0.000787407,-0.988798,0.149257,-0.997277,-0.0102309,-0.0730386,0.0737474,-0.148908,-0.986097
0.875363,-0.193901,0.334138,-0.000791806,-0.994323,0.106405,-0.997346,-0.00696127,-0.0724725,0.0728018,-0.10618,-0.991678
0.875347,-0.213901,0.335744,-0.000795113,-0.998476,0.0551826,-0.996992,-0.00348508,-0.0774246,0.0774989,-0.0550782,-0.99547
0.875331,-0.233901,0.336597,-0.000796192,-0.99983,0.018408,-0.996355,-0.000777099,-0.0853032,0.085303,-0.0184088,-0.996185
0.875315,-0.253901,0.33636,-0.000795332,-0.998751,-0.0499631,-0.994944,0.00580795,-0.100262,0.100427,0.0496307,-0.993706
0.875299,-0.273901,0.335013,-0.000791796,-0.99431,-0.106521,-0.994877,0.0115519,-0.100435,0.101094,0.105896,-0.989225
0.875284,-0.293901,0.332585,-0.000787597,-0.989037,-0.147663,-0.994521,0.0162104,-0.103271,0.104533,0.146773,-0.983631
0.875268,-0.313901,0.329252,-0.000779303,-0.978622,-0.205667,-0.996682,0.0174993,-0.0794901,0.0813898,0.204923,-0.975388
0.875252,-0.333901,0.324588,-0.000772831,-0.970494,-0.241122,-0.992905,0.0294163,-0.115215,0.118909,0.239322,-0.963631
0.875236,-0.353901,0.319094,-0.000761094,-0.955756,-0.29416,-0.993714,0.0336521,-0.106768,0.111943,0.29223,-0.949774
0.87522,-0.373901,0.312184,-0.000750729,-0.942739,-0.333529,-0.995721,0.0315255,-0.0868673,0.0924079,0.332037,-0.938729
0.875204,-0.393901,0.304203,-0.000730273,-0.917052,-0.398767,-0.994598,0.0420594,-0.0949034,0.103803,0.396543,-0.912129
0.875188,-0.413901,0.295068,-0.000712632,-0.894898,-0.446269,-0.993832,0.0501239,-0.0989258,0.110897,0.443446,-0.889414
0.875172,-0.433901,0.284473,-0.000685209,-0.860461,-0.509515,-0.994078,0.0559543,-0.0931579,0.108668,0.506434,-0.855404
0.875156,-0.453901,0.271965,-0.000664983,-0.835063,-0.550153,-0.993555,0.0629129,-0.0942928,0.113352,0.546545,-0.829723
0.87514,-0.473901,0.25745,-0.000624822,-0.78463,-0.619964,-0.995272,0.0606995,-0.0758185,0.0971209,0.616986,-0.780958
0.875124,-0.493901,0.240533,-0.000586342,-0.736308,-0.676646,-0.994579,0.0707903,-0.0761702,0.103985,0.672933,-0.732358
0.875108,-0.513901,0.220986,-0.000551717,-0.692827,-0.721104,-0.995368,0.0697054,-0.0662105,0.0961373,0.717727,-0.689656
0.875092,-0.5339,0.198431,-0.000499722,-0.627534,-0.778589,-0.997795,0.0519888,-0.0412619,0.0663712,0.776852,-0.626176
0.875076,-0.5539,0.171348,-0.000438514,-0.55067,-0.834723,-0.999047,0.0366768,-0.023671,0.0436499,0.833917,-0.550162
0.875061,-0.5739,0.138536,-0.00040083,-0.503349,-0.864083,-0.999549,0.0261593,-0.0147748,0.0300407,0.863687,-0.503132
0.855061,-0.573885,0.137182,-0.000400674,-0.503152,-0.864198,-0.999183,0.0351161,-0.019982,0.0404013,0.863484,-0.502755
0.855076,-0.553885,0.168983,-0.000468456,-0.58827,-0.808664,-0.993684,0.0910137,-0.0656331,0.11221,0.803526,-0.584598
0.855092,-0.533885,0.195277,-0.000511852,-0.642766,-0.766063,-0.992061,0.0966623,-0.0804418,0.125755,0.75994,-0.637713
0.855108,-0.513885,0.217274,-0.000557828,-0.700501,-0.713651,-0.986084,0.119027,-0.116063,0.166246,0.703655,-0.690819
0.855124,-0.493885,0.23656,-0.000593627,-0.745457,-0.666554,-0.987514,0.105438,-0.11704,0.157529,0.658162,-0.736212
0.85514,-0.473885,0.253514,-0.000623105,-0.782474,-0.622683,-0.979476,0.125985,-0.157335,0.201559,0.609806,-0.766493
0.855156,-0.453885,0.268131,-0.000659515,-0.828197,-0.560437,-0.979734,0.112793,-0.165528,0.200303,0.54897,-0.811486
0.855172,-0.433885,0.28085,-0.000683343,-0.858118,-0.513452,-0.981484,0.0989234,-0.164022,0.191543,0.503832,-0.842297
0.855188,-0.413885,0.291707,-0.000717667,-0.901222,-0.433357,-0.982685,0.0809294,-0.166676,0.185283,0.425734,-0.885675
0.855204,-0.393885,0.301063,-0.000733241,-0.920779,-0.390085,-0.984411,0.0692743,-0.161669,0.175884,0.383885,-0.906475
0.85522,-0.373885,0.309196,-0.000751191,-0.94332,-0.331883,-0.984497,0.0589105,-0.165214,0.175402,0.326614,-0.92874
0.855236,-0.353885,0.31601,-0.000758691,-0.952738,-0.303791,-0.983559,0.0555709,-0.171823,0.180584,0.298666,-0.937117
0.855252,-0.333885,0.321641,-0.00077225,-0.969765,-0.24404,-0.985188,0.0425853,-0.166107,0.171478,0.240297,-0.955433
0.855268,-0.313885,0.326394,-0.000776421,-0.975003,-0.222192,-0.979049,0.045985,-0.198366,0.203625,0.217382,-0.954611
0.855284,-0.293885,0.330039,-0.000788214,-0.989813,-0.142374,-0.984874,0.0254373,-0.171392,0.173268,0.140085,-0.974861
0.855299,-0.273885,0.332424,-0.000792261,-0.994894,-0.100922,-0.986063,0.0175675,-0.165441,0.166369,0.0993845,-0.981042
0.855315,-0.253885,0.333917,-0.000795131,-0.998498,-0.0547786,-0.986666,0.00969878,-0.162466,0.162754,0.0539191,-0.985192
0.855331,-0.233885,0.334281,-0.000796324,-0.999997,0.00237172,-0.989561,0.000446214,-0.144114,0.144113,-0.00246172,-0.989558
0.855347,-0.213885,0.33364,-0.000794466,-0.997663,0.0683237,-0.990448,-0.00863571,-0.137616,0.137884,-0.0677804,-0.988126
0.855363,-0.193885,0.331968,-0.000792566,-0.995277,0.0970706,-0.9918,-0.0116229,-0.127269,0.127796,-0.0963755,-0.987107
0.855379,-0.173885,0.329437,-0.000788342,-0.989973,0.141254,-0.992683,-0.0162809,-0.119644,0.120744,-0.140315,-0.982717
0.855395,-0.153885,0.325745,-0.00077915,-0.97843,0.206577,-0.990644,-0.0274356,-0.133682,0.136466,-0.204748,-0.969255
0.855411,-0.133885,0.321128,-0.000774042,-0.972015,0.234918,-0.991954,-0.0289941,-0.123237,0.126599,-0.233123,-0.964171
0.855427,-0.113885,0.315478,-0.000759966,-0.954339,0.298723,-0.992206,-0.0365028,-0.119141,0.124605,-0.296486,-0.946874
0.855443,-0.0938847,0.308819,-0.000750689,-0.94269,0.333669,-0.98982,-0.0467873,-0.134411,0.14232,-0.330373,-0.933059
0.855459,-0.0738847,0.300817,-0.000733728,-0.92139,0.388639,-0.98931,-0.0560056,-0.134646,0.145828,-0.384583,-0.911499
0.855475,-0.0538847,0.291372,-0.000710928,-0.892759,0.450534,-0.988396,-0.0678091,-0.135927,0.1519,-0.445403,-0.882351
0.855491,-0.0338847,0.280718,-0.000689842,-0.86628,0.499558,-0.992284,-0.0613425,-0.107744,0.12398,-0.495778,-0.859554
0.855507,-0.0138847,0.268368,-0.000668258,-0.839176,0.54386,-0.989426,-0.0783253,-0.122072,0.145038,-0.538191,-0.83025
0.855522,0.00611526,0.254678,-0.000640241,-0.803993,0.594639,-0.988917,-0.0877746,-0.119742,0.148466,-0.588125,-0.795026
0.855538,0.0261153,0.238813,-0.000606395,-0.761491,0.648176,-0.987498,-0.101716,-0.120422,0.157631,-0.640145,-0.751909
0.855554,0.0461152,0.220538,-0.000564175,-0.708471,0.70574,-0.990895,-0.094622,-0.0957803,0.134636,-0.699368,-0.701967
0.85557,0.0661152,0.199688,-0.000523492,-0.657384,0.753556,-0.988696,-0.112642,-0.0989529,0.149932,-0.74509,-0.649894
0.855586,0.0861152,0.174801,-0.000476045,-0.5978,0.801645,-0.984368,-0.140908,-0.105662,0.176123,-0.789164,-0.588388
0.835586,0.0861312,0.16827,-0.000457784,-0.57487,0.818245,-0.974807,-0.182253,-0.12859,0.22305,-0.79769,-0.560304
0.83557,0.0661312,0.193578,-0.000512276,-0.643298,0.765615,-0.973824,-0.173707,-0.146607,0.227304,-0.745649,-0.62637
0.835554,0.0461312,0.215039,-0.000570057,-0.715858,0.698246,-0.974333,-0.156787,-0.161537,0.225113,-0.680416,-0.697394
0.835538,0.0261312,0.233631,-0.00060102,-0.75474,0.656024,-0.972586,-0.152112,-0.175892,0.232541,-0.638146,-0.733958
0.835522,0.00613119,0.249859,-0.000638655,-0.802001,0.597322,-0.973199,-0.136864,-0.184802,0.229963,-0.581432,-0.780419
0.835507,-0.0138688,0.263947,-0.000666632,-0.837133,0.546999,-0.968513,-0.135642,-0.208768,0.248962,-0.529915,-0.810684
0.835491,-0.0338688,0.276236,-0.000691351,-0.868175,0.496257,-0.965054,-0.129464,-0.227835,0.262048,-0.479073,-0.837747
0.835475,-0.0538688,0.287071,-0.000707758,-0.888778,0.458337,-0.965619,-0.118542,-0.23136,0.25996,-0.442743,-0.858137
0.835459,-0.0738688,0.296455,-0.000731302,-0.918344,0.395784,-0.964276,-0.104195,-0.243546,0.264898,-0.381823,-0.885461
0.835443,-0.0938688,0.304752,-0.000747562,-0.938762,0.344565,-0.977395,-0.0721626,-0.198726,0.211422,-0.336925,-0.917487
0.835427,-0.113869,0.311513,-0.000759223,-0.953407,0.301687,-0.964645,-0.0788117,-0.251492,0.263551,-0.291212,-0.919639
0.835411,-0.133869,0.317354,-0.000771156,-0.968391,0.249435,-0.971729,-0.0581656,-0.228823,0.236098,-0.24256,-0.940969
0.835395,-0.153869,0.321965,-0.00078063,-0.980288,0.197571,-0.979453,-0.0390952,-0.197849,0.201673,-0.193666,-0.960115
0.835379,-0.173869,0.325549,-0.000786753,-0.987977,0.154596,-0.971523,-0.0358757,-0.234215,0.236945,-0.150378,-0.959814
0.835363,-0.193869,0.328265,-0.000791508,-0.993949,0.109842,-0.970442,-0.0257453,-0.239959,0.241335,-0.106785,-0.964549
0.835347,-0.213869,0.329942,-0.000795665,-0.999168,0.0407719,-0.95936,-0.0107425,-0.281982,0.282185,-0.0393393,-0.958553
0.835331,-0.233869,0.330462,-0.000796322,-0.999994,0.0033449,-0.973129,4.72298e-06,-0.230261,0.23026,-0.00343838,-0.973123
0.835315,-0.253869,0.329963,-0.00079599,-0.999577,-0.0290629,-0.968418,0.00801675,-0.249201,0.249329,0.0279466,-0.968015
0.835299,-0.273869,0.328233,-0.000790396,-0.992552,-0.121821,-0.965143,0.0326402,-0.259678,0.26172,0.11737,-0.957981
0.835284,-0.293869,0.325475,-0.000784611,-0.985287,-0.170906,-0.950584,0.0537951,-0.30577,0.310465,0.16222,-0.936641
0.835268,-0.313869,0.321588,-0.000778505,-0.97762,-0.210376,-0.966962,0.0543651,-0.249057,0.25492,0.203232,-0.945364
0.835252,-0.333869,0.316943,-0.000773566,-0.971418,-0.237375,-0.964902,0.0630622,-0.254928,0.262611,0.228846,-0.937371
0.835236,-0.353869,0.311265,-0.000760199,-0.954632,-0.297786,-0.948083,0.0953907,-0.303379,0.318022,0.282096,-0.905143
0.83522,-0.373869,0.30415,-0.000744954,-0.935488,-0.353357,-0.959844,0.0997978,-0.262184,0.280534,0.338972,-0.897997
0.835204,-0.393869,0.295965,-0.000732726,-0.920132,-0.391608,-0.952584,0.119799,-0.2797,0.304275,0.372834,-0.876591
0.835188,-0.413869,0.286344,-0.000707657,-0.888652,-0.458582,-0.960887,0.127603,-0.24579,0.276938,0.440472,-0.853985
0.835172,-0.433869,0.275099,-0.00068965,-0.866038,-0.499977,-0.95065,0.155693,-0.268373,0.310264,0.475119,-0.823407
0.835156,-0.453869,0.26227,-0.000649236,-0.815288,-0.579055,-0.955839,0.170685,-0.239246,0.293891,0.553328,-0.779395
0.83514,-0.473869,0.247278,-0.000629127,-0.790036,-0.61306,-0.958269,0.175731,-0.225477,0.285869,0.587334,-0.757177
0.835124,-0.493869,0.230308,-0.00059515,-0.747369,-0.664409,-0.959109,0.188479,-0.211154,0.283038,0.637114,-0.71692
0.835108,-0.513869,0.211317,-0.0005509,-0.691802,-0.722087,-0.958672,0.205809,-0.196446,0.284514,0.692137,-0.663324
0.835092,-0.533869,0.189859,-0.000509398,-0.639684,-0.768638,-0.967719,0.194035,-0.160841,0.25203,0.743743,-0.619134
0.835061,-0.573869,0.134797,-0.000425591,-0.534442,-0.845205,-0.994863,0.0857872,-0.0537443,0.101231,0.84084,-0.531733
