0.905602,0.106075,0.128682,-0.000406079,-0.50994,0.86021,-0.999598,0.0246019,0.0141123,-0.0283593,-0.859858,-0.509744
0.905594,0.0960754,0.155775,-0.000214938,-0.269912,0.962885,-0.999529,0.029601,0.00807453,-0.0306818,-0.96243,-0.269792
0.905586,0.0860754,0.178258,-0.000424351,-0.532886,0.846187,-0.999188,0.0343136,0.0211079,-0.0402839,-0.845491,-0.532468
0.905578,0.0760754,0.191649,-0.000505787,-0.63515,0.772389,-0.998727,0.0392726,0.0316406,-0.0504303,-0.77139,-0.634362
0.90557,0.0660754,0.203416,-0.000531563,-0.667518,0.744593,-0.998957,0.0343499,0.0300811,-0.0456564,-0.743801,-0.66684
0.905562,0.0560754,0.214447,-0.000540712,-0.679007,0.734131,-0.999604,0.0210188,0.0187043,-0.0281309,-0.733831,-0.67875
0.905554,0.0460754,0.224521,-0.000574844,-0.721869,0.692029,-0.999497,0.0223546,0.0224883,-0.0317037,-0.691669,-0.721519
0.905546,0.0360754,0.233859,-0.000595845,-0.748241,0.663427,-0.999335,0.0246249,0.0268754,-0.0364461,-0.66297,-0.747759
0.905538,0.0260754,0.242439,-0.00061339,-0.770274,0.637713,-0.999174,0.0263797,0.0309022,-0.0406259,-0.637167,-0.769654
0.90553,0.0160754,0.250591,-0.000621997,-0.781083,0.624427,-0.999391,0.0222642,0.0268543,-0.0348778,-0.624031,-0.780621
0.905522,0.00607544,0.258103,-0.000637228,-0.800209,0.599721,-0.999261,0.023555,0.0303678,-0.038427,-0.599259,-0.799633
0.905514,-0.00392455,0.264991,-0.000664174,-0.834046,0.551694,-0.999588,0.0163911,0.0235766,-0.0287069,-0.551451,-0.833713
0.905506,-0.0139246,0.271512,-0.000667525,-0.838255,0.545278,-0.999669,0.0145931,0.0212102,-0.0257369,-0.545083,-0.837987
0.905499,-0.0239245,0.277823,-0.000682889,-0.857548,0.514403,-0.999857,0.0092869,0.0141546,-0.0169155,-0.51432,-0.857432
0.905491,-0.0339245,0.283452,-0.000696317,-0.874411,0.485186,-0.999641,0.0135991,0.0230738,-0.0267741,-0.484996,-0.874106
0.905483,-0.0439245,0.288921,-0.000703366,-0.883262,0.468879,-0.999665,0.0127444,0.0225079,-0.025856,-0.468706,-0.882976
0.905475,-0.0539245,0.294068,-0.000711718,-0.89375,0.448564,-0.999675,0.0120711,0.0224651,-0.0254929,-0.448402,-0.893468
0.905467,-0.0639245,0.298913,-0.000724128,-0.909335,0.416064,-0.999482,0.0140385,0.0289425,-0.0321594,-0.415828,-0.908874
0.905459,-0.0739245,0.303427,-0.000730161,-0.916911,0.399091,-0.999588,0.0121142,0.0260036,-0.0286777,-0.398908,-0.916543
0.905451,-0.0839245,0.307663,-0.000738382,-0.927235,0.37448,-0.999851,0.00713653,0.015699,-0.0172291,-0.374413,-0.927102
0.905443,-0.0939245,0.31162,-0.000745748,-0.936485,0.350707,-0.999899,0.0056788,0.0130378,-0.0142013,-0.350662,-0.936394
0.905435,-0.103925,0.315287,-0.000752194,-0.94458,0.328282,-0.999466,0.011438,0.0306211,-0.032679,-0.328083,-0.944083
0.905427,-0.113925,0.318729,-0.000761086,-0.955745,0.294195,-0.999967,0.00310022,0.00748468,-0.00806552,-0.294179,-0.955716
0.905419,-0.123925,0.321657,-0.000768564,-0.965137,0.261745,-0.999759,0.00648208,0.0209658,-0.0219316,-0.261666,-0.964909
0.905411,-0.133925,0.324354,-0.000769175,-0.965904,0.258899,-0.999757,0.00644205,0.0210638,-0.0220135,-0.25882,-0.965675
0.905403,-0.143925,0.326834,-0.000774932,-0.973133,0.230244,-0.999944,-0.00166649,-0.010409,0.010513,-0.230239,-0.973077
0.905395,-0.153925,0.328988,-0.00078051,-0.980138,0.198316,-0.999985,0.001845,0.0051829,-0.00544585,-0.198309,-0.980124
0.905387,-0.163925,0.330918,-0.000784259,-0.984845,0.173436,-0.999989,0.00158991,0.00450639,-0.00471384,-0.17343,-0.984835
0.905379,-0.173924,0.332607,-0.000787647,-0.9891,0.147241,-0.999649,0.00467909,0.0260847,-0.0264893,-0.147168,-0.988757
0.905371,-0.183924,0.333927,-0.000791977,-0.994538,0.104377,-0.999544,0.0039393,0.0299508,-0.0301984,-0.104305,-0.994087
0.905363,-0.193924,0.335051,-0.000792049,-0.994628,0.103513,-0.999909,0.00218279,0.0133229,-0.0134773,-0.103493,-0.994539
0.905355,-0.203924,0.336081,-0.000793443,-0.996379,0.0850197,-0.999911,0.00192162,0.0131885,-0.0133041,-0.0850017,-0.996292
0.905347,-0.213924,0.336908,-0.00079485,-0.998146,0.0608636,-0.999876,0.00175156,0.0156672,-0.0157448,-0.0608436,-0.998023
0.905339,-0.223924,0.337403,-0.000796075,-0.999683,0.0251538,-0.999924,0.00110532,0.0122828,-0.0123068,-0.0251421,-0.999608
0.905331,-0.233924,0.337612,-0.000796237,-0.999887,0.0150329,-0.999964,0.000922318,0.00838196,-0.00839487,-0.0150257,-0.999852
0.905323,-0.243924,0.337665,-0.00079626,-0.999915,-0.0129901,-1,0.00080073,-0.000338968,0.000349341,0.0129898,-0.999916
0.905315,-0.253924,0.337475,-0.000795931,-0.999503,-0.031508,-0.999993,0.000683663,0.00357377,-0.00355045,0.0315106,-0.999497
0.905307,-0.263924,0.33709,-0.000794744,-0.998012,-0.0630185,-0.999915,-2.67184e-05,0.0130333,-0.0130091,0.0630235,-0.997927
0.905299,-0.273924,0.336402,-0.000793077,-0.995919,-0.0902524,-0.999996,0.00104685,-0.00276454,0.00284774,0.0902498,-0.995915
0.905291,-0.283924,0.335443,-0.000789752,-0.991743,-0.128237,-1,0.00083311,-0.000284472,0.000388959,0.128237,-0.991744
0.905284,-0.293924,0.334143,-0.000789522,-0.991454,-0.130451,-0.999999,0.000884364,-0.000669107,0.000778755,0.13045,-0.991455
0.905276,-0.303924,0.332569,-0.000784258,-0.984845,-0.173438,-0.99987,-0.00202511,0.0160206,-0.016129,0.173428,-0.984715
0.905268,-0.313924,0.330706,-0.000781811,-0.981772,-0.190061,-0.999771,-0.00329823,0.0211497,-0.021391,0.190034,-0.981544
0.90526,-0.323924,0.328643,-0.000776749,-0.975415,-0.220375,-0.999909,-0.0022095,0.013304,-0.0134638,0.220365,-0.975324
0.905252,-0.333924,0.326209,-0.000769585,-0.966419,-0.256971,-1,0.000773663,8.52325e-05,0.000116438,0.256971,-0.966419
0.905244,-0.343924,0.323417,-0.000763885,-0.959261,-0.28252,-0.999944,-0.00225931,0.0103749,-0.0105905,0.282512,-0.959205
0.905236,-0.353924,0.320454,-0.000760321,-0.954786,-0.297295,-0.999993,-0.000344966,0.00366534,-0.00360217,0.297295,-0.954779
0.905228,-0.363924,0.317293,-0.000756398,-0.949859,-0.312678,-0.999934,-0.00285605,0.0110951,-0.0114318,0.312666,-0.949794
0.90522,-0.373924,0.313846,-0.000746482,-0.937406,-0.348237,-0.999963,-0.00227284,0.0082617,-0.00853606,0.34823,-0.93737
0.905212,-0.383924,0.310044,-0.00074067,-0.930108,-0.367286,-0.999997,0.00148376,-0.00174085,0.00216414,0.367283,-0.930107
0.905204,-0.393924,0.306014,-0.000735991,-0.924232,-0.381831,-0.999974,-0.00207424,0.00694823,-0.00721378,0.381827,-0.924206
0.905196,-0.403924,0.301722,-0.000726001,-0.911687,-0.410885,-0.999984,-0.00166197,0.00545453,-0.0056557,0.410882,-0.911671
0.905188,-0.413924,0.297003,-0.000715915,-0.899022,-0.437903,-0.999996,0.0019119,-0.0022903,0.00289626,0.437899,-0.899019
0.90518,-0.423924,0.292015,-0.000708053,-0.889148,-0.457618,-0.999984,-0.00191601,0.00527002,-0.00556263,0.457615,-0.889133
0.905172,-0.433924,0.286554,-0.000694545,-0.872185,-0.489175,-0.999999,0.00131834,-0.000930736,0.00145667,0.489174,-0.872185
0.905164,-0.443924,0.280611,-0.000675572,-0.84836,-0.529419,-0.999925,0.00702985,-0.00998891,0.0121959,0.529373,-0.848302
0.905156,-0.453924,0.274241,-0.00066126,-0.830388,-0.557185,-0.999975,0.00446758,-0.00547139,0.00703265,0.557168,-0.83037
0.905148,-0.463924,0.26731,-0.000646429,-0.811763,-0.583987,-0.999862,0.0102119,-0.0130882,0.0165881,0.583898,-0.811658
0.90514,-0.473924,0.259673,-0.000623268,-0.782679,-0.622426,-0.999965,0.0056529,-0.00610701,0.00829834,0.6224,-0.782655
0.905132,-0.483924,0.251624,-0.000608363,-0.763961,-0.645262,-0.999999,-0.000125756,0.0010917,-0.000915164,0.645262,-0.76396
0.905124,-0.493924,0.242793,-0.00059274,-0.744343,-0.667797,-0.99984,0.0123977,-0.0129313,0.0179045,0.667683,-0.744231
0.905116,-0.503924,0.23337,-0.000570644,-0.716595,-0.697489,-0.999854,0.0123014,-0.0118203,0.0170504,0.697381,-0.716498
0.905108,-0.513924,0.223261,-0.000555324,-0.697356,-0.716724,-0.999526,0.0224581,-0.0210768,0.0307943,0.716373,-0.697038
0.9051,-0.523924,0.212418,-0.000525419,-0.659803,-0.751438,-0.999846,0.0135356,-0.0111858,0.0175516,0.751317,-0.659708
0.905092,-0.533924,0.200669,-0.000499189,-0.626864,-0.779129,-0.999648,0.0209927,-0.0162496,0.0265423,0.778846,-0.626653
0.905084,-0.543924,0.187562,-0.000473492,-0.594595,-0.804025,-0.999877,0.012899,-0.00895025,0.0156929,0.803922,-0.594528
0.905076,-0.553924,0.173066,-0.000433441,-0.544301,-0.83889,-0.999918,0.0109758,-0.00660481,0.0128025,0.838818,-0.544261
0.905069,-0.563924,0.15713,-0.000414418,-0.520412,-0.853915,-0.999689,0.0214969,-0.012616,0.0249221,0.853645,-0.520259
0.905061,-0.573924,0.140323,-0.000402919,-0.505972,-0.86255,-0.999575,0.0253439,-0.0143999,0.0291463,0.862177,-0.505768
0.905053,-0.583924,0.123098,-0.000398765,-0.500755,-0.865589,-0.999464,0.0285462,-0.0160539,0.0327484,0.865118,-0.500498
0.905045,-0.593924,0.105843,-0.000402483,-0.505424,-0.862871,-0.99945,0.0288149,-0.0164121,0.0331586,0.86239,-0.505158
