0.988101,0.73201,0.130256,-0.000224329,-0.281705,0.959501,-0.752414,0.632062,0.185394,-0.65869,-0.721901,-0.2121
0.988077,0.70201,0.212482,-0.000350921,-0.440675,0.897667,-0.773442,0.569121,0.279086,-0.633868,-0.694195,-0.341036
0.988053,0.67201,0.268363,-0.000445391,-0.559307,0.828961,-0.786624,0.512023,0.345043,-0.617432,-0.651927,-0.440192
0.988029,0.64201,0.311191,-0.000474839,-0.596287,0.802771,-0.857062,0.413842,0.306889,-0.515214,-0.687879,-0.511251
0.988005,0.61201,0.346732,-0.000538559,-0.676303,0.736623,-0.83373,0.407046,0.373105,-0.552172,-0.613944,-0.564074
0.987981,0.58201,0.378108,-0.000577411,-0.725093,0.688651,-0.883254,0.323275,0.339641,-0.468895,-0.608058,-0.640628
0.987957,0.55201,0.405826,-0.000616564,-0.77426,0.632868,-0.853272,0.330427,0.403417,-0.521466,-0.53976,-0.660857
0.987933,0.52201,0.429726,-0.000638049,-0.801241,0.598342,-0.82438,0.339105,0.453217,-0.566036,-0.492972,-0.660743
0.987909,0.49201,0.452121,-0.000659732,-0.828469,0.560034,-0.880704,0.265751,0.392092,-0.473666,-0.492966,-0.729812
0.987886,0.46201,0.471303,-0.000691522,-0.86839,0.495882,-0.83725,0.271661,0.474566,-0.54682,-0.414849,-0.727247
0.987862,0.43201,0.489126,-0.000697094,-0.875386,0.483424,-0.876116,0.233593,0.421729,-0.4821,-0.423241,-0.767102
0.987838,0.40201,0.504794,-0.000713907,-0.8965,0.443043,-0.887633,0.204612,0.412603,-0.46055,-0.392965,-0.795909
0.987814,0.37201,0.518263,-0.00072406,-0.909249,0.416252,-0.8494,0.220236,0.4796,-0.52775,-0.353217,-0.772475
0.98779,0.34201,0.530676,-0.000746659,-0.937629,0.347637,-0.854672,0.18108,0.486565,-0.519168,-0.296752,-0.801501
0.987766,0.31201,0.541407,-0.000752948,-0.945526,0.325547,-0.851694,0.171206,0.495283,-0.524039,-0.276893,-0.805428
0.987742,0.28201,0.550381,-0.000768008,-0.964439,0.264306,-0.876309,0.127978,0.464439,-0.481748,-0.231257,-0.845245
0.987718,0.25201,0.557561,-0.000785973,-0.986998,0.160731,-0.811408,0.0945734,0.576779,-0.58448,-0.129965,-0.800932
0.987694,0.22201,0.563546,-0.000780372,-0.979965,0.19917,-0.799713,0.12019,0.588229,-0.600382,-0.15882,-0.783784
0.987671,0.19201,0.567992,-0.000791931,-0.99448,0.104922,-0.869784,0.0524571,0.490637,-0.493433,-0.0908711,-0.865024
0.987647,0.16201,0.571484,-0.000793737,-0.996748,0.080582,-0.859802,0.0418276,0.508911,-0.510626,-0.0688807,-0.857039
0.987623,0.13201,0.574004,-0.000794949,-0.99827,0.058795,-0.862866,0.0304017,0.504518,-0.505433,-0.0503311,-0.861397
0.987599,0.10201,0.574958,-0.000796314,-0.999984,0.00553834,-0.845438,0.0036311,0.534062,-0.534073,-0.00425704,-0.845427
0.987575,0.0720101,0.575073,-0.00079629,-0.999954,0.00955782,-0.852544,0.00567429,0.522625,-0.522655,-0.0077323,-0.852509
0.987551,0.0420101,0.57314,-0.00079525,-0.998647,-0.0519925,-0.770237,-0.0325469,0.636927,-0.637757,0.0405531,-0.769169
0.987527,0.0120101,0.570723,-0.000787472,-0.98888,-0.14871,-0.817004,-0.085115,0.570316,-0.576632,0.121946,-0.807852
0.987503,-0.0179898,0.565983,-0.000781004,-0.980758,-0.195225,-0.838475,-0.105744,0.534581,-0.544939,0.164109,-0.822259
0.987479,-0.0479898,0.559626,-0.000781638,-0.981554,-0.191185,-0.823856,-0.107731,0.556466,-0.566798,0.157944,-0.808575
0.987456,-0.0779898,0.552235,-0.000776876,-0.975574,-0.219669,-0.790369,-0.133977,0.597801,-0.61263,0.174084,-0.77096
0.987432,-0.10799,0.543591,-0.000752269,-0.944673,-0.328012,-0.775402,-0.206578,0.596723,-0.631468,0.25479,-0.732346
0.987408,-0.13799,0.533019,-0.000742595,-0.932525,-0.361104,-0.827745,-0.202043,0.523466,-0.561104,0.299291,-0.771744
0.987384,-0.16799,0.521377,-0.000735758,-0.923939,-0.382539,-0.798367,-0.229811,0.556594,-0.60217,0.305816,-0.737474
0.98736,-0.19799,0.508579,-0.0007246,-0.909928,-0.414766,-0.77271,-0.262767,0.577817,-0.634759,0.320912,-0.70292
0.987336,-0.22799,0.494595,-0.000712996,-0.895355,-0.445352,-0.746138,-0.296035,0.596356,-0.665791,0.332719,-0.667848
0.987312,-0.25799,0.477973,-0.000675423,-0.848173,-0.529719,-0.796413,-0.319893,0.51322,-0.604752,0.422222,-0.67528
0.987288,-0.28799,0.458942,-0.000678052,-0.851474,-0.524397,-0.757121,-0.342138,0.556516,-0.653275,0.397409,-0.644437
0.987264,-0.31799,0.437984,-0.000639379,-0.802911,-0.596099,-0.78283,-0.370512,0.499898,-0.622235,0.466964,-0.628306
0.98724,-0.34799,0.414546,-0.000668577,-0.839576,-0.543241,-0.812082,-0.316549,0.490225,-0.583544,0.441484,-0.681593
0.987217,-0.37799,0.387485,-0.00057355,-0.720245,-0.69372,-0.729967,-0.473843,0.492565,-0.683482,0.506675,-0.525483
0.987193,-0.40799,0.358606,-0.000546828,-0.686688,-0.726952,-0.695477,-0.522089,0.493695,-0.718548,0.505848,-0.47729
0.987169,-0.43799,0.326127,-0.000532056,-0.668138,-0.744037,-0.723087,-0.513692,0.461807,-0.690757,0.538249,-0.482849
0.987145,-0.46799,0.291301,-0.000499752,-0.627571,-0.778559,-0.777059,-0.489803,0.395313,-0.629428,0.605184,-0.487415
0.987121,-0.49799,0.253092,-0.000486047,-0.610361,-0.792123,-0.785054,-0.49043,0.378377,-0.619427,0.622043,-0.478928
0.987097,-0.52799,0.211964,-0.000451662,-0.567181,-0.823593,-0.86841,-0.408154,0.281558,-0.495847,0.715343,-0.492361
0.987073,-0.55799,0.16735,-0.000440055,-0.552606,-0.833442,-0.871949,-0.407838,0.270874,-0.489596,0.726838,-0.481665
0.987049,-0.58799,0.121677,-0.000425066,-0.533783,-0.845621,-0.918646,-0.333882,0.211219,-0.395082,0.776916,-0.490215
0.927049,-0.587942,0.132025,-0.000412068,-0.517461,-0.855707,-0.999662,0.0224644,-0.0131032,0.0260033,0.855412,-0.517295
0.927073,-0.557942,0.181648,-0.000415229,-0.521431,-0.853293,-0.999813,0.0167047,-0.00972141,0.0193231,0.85313,-0.52134
0.927097,-0.527942,0.231459,-0.00040933,-0.514023,-0.857776,-0.999986,0.00477788,-0.00238595,0.00532478,0.857763,-0.514017
0.927121,-0.497942,0.278062,-0.000447312,-0.561719,-0.827328,-0.998788,-0.0404753,0.028021,-0.0492263,0.826337,-0.56102
0.927145,-0.467942,0.32024,-0.000485571,-0.609763,-0.792584,-0.993186,-0.0920747,0.0714449,-0.116541,0.787217,-0.605563
0.927169,-0.437942,0.356813,-0.000527727,-0.662702,-0.748883,-0.988897,-0.110939,0.0988687,-0.1486,0.740621,-0.655285
0.927193,-0.407942,0.389115,-0.000560745,-0.704164,-0.710037,-0.984553,-0.123929,0.123682,-0.175086,0.699138,-0.693218
0.927217,-0.377942,0.417675,-0.000584257,-0.73369,-0.679484,-0.981058,-0.131205,0.142516,-0.193714,0.666696,-0.719716
0.927241,-0.347942,0.443357,-0.000626213,-0.786376,-0.617747,-0.972443,-0.143542,0.183712,-0.233139,0.600839,-0.764616
0.927264,-0.317942,0.467036,-0.000651065,-0.817585,-0.575807,-0.971236,-0.136594,0.195047,-0.238119,0.559372,-0.793979
0.927288,-0.287942,0.488024,-0.000670386,-0.841848,-0.539714,-0.973565,-0.122726,0.192638,-0.228409,0.525576,-0.819511
0.927312,-0.257942,0.506024,-0.000691641,-0.868538,-0.495621,-0.971764,-0.11636,0.205268,-0.235954,0.481769,-0.843934
0.927336,-0.227942,0.521863,-0.000712149,-0.894293,-0.447482,-0.972701,-0.103224,0.207842,-0.232062,0.435414,-0.869806
0.92736,-0.197942,0.535649,-0.000729546,-0.916139,-0.40086,-0.973401,-0.0911887,0.210177,-0.229105,0.390351,-0.891704
0.927384,-0.167942,0.54828,-0.000737959,-0.926704,-0.375792,-0.974604,-0.083486,0.20779,-0.223933,0.366402,-0.903108
0.927408,-0.137942,0.559456,-0.000755434,-0.948648,-0.316333,-0.978652,-0.0643121,0.195202,-0.205522,0.309728,-0.928348
0.927432,-0.107942,0.569097,-0.000760363,-0.954837,-0.297129,-0.973816,-0.0668415,0.21729,-0.227337,0.289514,-0.929785
0.927456,-0.077942,0.577501,-0.00077716,-0.975931,-0.218079,-0.978239,-0.0445049,0.202651,-0.207479,0.213491,-0.954659
0.927479,-0.0479421,0.584038,-0.000777023,-0.975759,-0.218848,-0.974194,-0.048658,0.220406,-0.225712,0.213372,-0.95054
0.927503,-0.0179421,0.589417,-0.000786677,-0.987882,-0.155204,-0.971462,-0.0360584,0.234437,-0.237193,0.15096,-0.959662
0.927527,0.0120579,0.593396,-0.000792148,-0.994752,-0.102312,-0.978016,-0.0205644,0.207515,-0.20853,0.100227,-0.972867
0.927551,0.0420579,0.595793,-0.000795445,-0.998892,-0.047055,-0.970447,-0.0105839,0.241082,-0.241313,0.0458562,-0.969363
0.927575,0.0720579,0.596938,-0.000796199,-0.999839,-0.0179293,-0.974678,-0.00323331,0.22359,-0.223612,0.0176533,-0.974518
0.927599,0.102058,0.597018,-0.000796314,-0.999983,0.00574224,-0.973064,0.00209864,0.230527,-0.230535,-0.00540399,-0.973049
0.927623,0.132058,0.595767,-0.00079526,-0.99866,0.0517382,-0.98105,0.0108036,0.193454,-0.193754,-0.0506039,-0.979744
0.927647,0.162058,0.593559,-0.000792948,-0.995757,0.0920143,-0.981793,0.0182535,0.189074,-0.189952,-0.0901891,-0.977642
0.927671,0.192058,0.590084,-0.000785946,-0.986964,0.160942,-0.970557,0.0395188,0.237606,-0.240869,-0.156017,-0.957936
0.927694,0.222058,0.584976,-0.000784891,-0.985639,0.168865,-0.974875,0.0383688,0.219421,-0.222749,-0.16445,-0.960905
0.927718,0.252058,0.57924,-0.000781198,-0.981002,0.193997,-0.977035,0.0420847,0.20888,-0.213076,-0.189378,-0.958506
0.927742,0.282058,0.572117,-0.000768178,-0.964651,0.263529,-0.976006,0.0581049,0.209848,-0.217743,-0.257045,-0.94155
0.927766,0.312058,0.563084,-0.000762729,-0.957809,0.287405,-0.977717,0.0610486,0.200857,-0.209928,-0.280847,-0.936512
0.92779,0.342058,0.553138,-0.000743689,-0.933899,0.357536,-0.980789,0.0704256,0.181915,-0.19507,-0.350532,-0.916011
0.927814,0.372058,0.540905,-0.000730557,-0.917408,0.397947,-0.979891,0.0800602,0.182768,-0.199533,-0.389811,-0.899018
0.927838,0.402058,0.527473,-0.000723428,-0.908456,0.417981,-0.975947,0.091765,0.197756,-0.218009,-0.407784,-0.88667
0.927862,0.432058,0.512314,-0.00070432,-0.884461,0.466614,-0.980354,0.0926469,0.174131,-0.197243,-0.457324,-0.86715
0.927886,0.462058,0.495533,-0.000687444,-0.863268,0.504745,-0.981802,0.096438,0.163601,-0.189908,-0.495447,-0.847624
0.927909,0.492058,0.476877,-0.000673453,-0.845699,0.533659,-0.97924,0.108733,0.171075,-0.202704,-0.522465,-0.828216
0.927933,0.522058,0.456256,-0.000642859,-0.807281,0.590167,-0.977003,0.126344,0.17176,-0.213223,-0.576485,-0.788797
0.927957,0.552058,0.43313,-0.000607063,-0.762328,0.64719,-0.978295,0.134562,0.157583,-0.207217,-0.633047,-0.745864
0.927981,0.582058,0.407156,-0.000584223,-0.733647,0.67953,-0.978142,0.141718,0.152164,-0.207937,-0.664588,-0.717694
0.928005,0.612058,0.377854,-0.000560146,-0.703413,0.710781,-0.977407,0.150621,0.148289,-0.211367,-0.69464,-0.687605
0.928029,0.642058,0.344248,-0.000510909,-0.641582,0.767054,-0.976242,0.166526,0.138636,-0.216681,-0.74876,-0.626425
0.928053,0.672058,0.30531,-0.000447138,-0.561501,0.827476,-0.980614,0.162391,0.109664,-0.195951,-0.811385,-0.550688
0.928077,0.702058,0.24314,-0.000330122,-0.414556,0.910024,-0.999026,0.040289,0.017991,-0.0441222,-0.909132,-0.414166
0.928101,0.732058,0.188088,-0.000397062,-0.498616,0.866823,-0.992141,0.10866,0.062049,-0.125127,-0.859985,-0.494741
0.868101,0.732105,0.195289,-0.000405867,-0.509674,0.860368,-0.999591,0.0248082,0.0142246,-0.0285941,-0.86001,-0.509475
0.868077,0.702105,0.247597,-0.000345133,-0.433406,0.901199,-0.999831,0.0167127,0.00765461,-0.018379,-0.901044,-0.433339
0.868053,0.672105,0.321384,-0.000451213,-0.566617,0.823981,-0.992942,0.0979759,0.0668303,-0.118597,-0.818135,-0.562663
0.868029,0.642106,0.358437,-0.00051952,-0.652395,0.757879,-0.995074,0.0754708,0.0642845,-0.0991366,-0.754112,-0.64922
0.868005,0.612106,0.391324,-0.000563147,-0.707181,0.707032,-0.993686,0.0797243,0.0789496,-0.112199,-0.702523,-0.702761
0.867981,0.582106,0.419987,-0.000594357,-0.746373,0.665528,-0.994905,0.0675348,0.0748501,-0.100812,-0.662093,-0.74261
0.867957,0.552106,0.445436,-0.000625406,-0.785364,0.619034,-0.995604,0.0584673,0.0731711,-0.0936593,-0.616268,-0.781948
0.867933,0.522106,0.467849,-0.00064585,-0.811037,0.584995,-0.995064,0.0585744,0.0801089,-0.099237,-0.582056,-0.807071
0.867909,0.492106,0.488063,-0.000676694,-0.849769,0.527155,-0.996941,0.0417718,0.0660559,-0.0781524,-0.525498,-0.847198
0.867886,0.462106,0.50595,-0.000686043,-0.861509,0.507742,-0.995718,0.0475255,0.0792932,-0.0924425,-0.505513,-0.857852
0.867862,0.432106,0.522171,-0.000705688,-0.886179,0.463343,-0.997006,0.0364469,0.0681888,-0.0773149,-0.461908,-0.883552
0.867838,0.402106,0.536926,-0.000720252,-0.904467,0.426542,-0.997518,0.0306843,0.0633805,-0.0704137,-0.425438,-0.902244
0.867814,0.372106,0.550335,-0.000738289,-0.927118,0.37477,-0.996798,0.0306468,0.0738514,-0.0799544,-0.373515,-0.924172
0.86779,0.342106,0.562064,-0.000743879,-0.934137,0.356913,-0.996366,0.0310917,0.0792987,-0.0851729,-0.355557,-0.930766
0.867766,0.312106,0.572481,-0.000758272,-0.952211,0.305439,-0.995981,0.0280761,0.0850554,-0.0895663,-0.304146,-0.948405
0.867742,0.282106,0.581385,-0.00076756,-0.963875,0.266354,-0.998118,0.0170727,0.0589061,-0.0613255,-0.265807,-0.962074
0.867718,0.252106,0.588719,-0.000776907,-0.975614,0.219494,-0.995619,0.0212773,0.0910501,-0.0934999,-0.218462,-0.971356
0.867694,0.222106,0.59459,-0.000786788,-0.988021,0.154314,-0.996444,0.0137754,0.0831185,-0.0842486,-0.1537,-0.984519
0.867671,0.192106,0.598996,-0.000788771,-0.990512,0.137424,-0.996512,0.0122457,0.0825438,-0.0834435,-0.13688,-0.987067
0.867647,0.162106,0.602577,-0.000792537,-0.995241,0.0974376,-0.996905,0.00844604,0.0781604,-0.0786115,-0.0970741,-0.992168
0.867623,0.132106,0.604761,-0.000794978,-0.998306,0.0581717,-0.996714,0.00550306,0.080819,-0.0810023,-0.0579162,-0.99503
0.867599,0.102106,0.605991,-0.000796289,-0.999953,0.0096759,-0.996992,0.00154379,0.0774935,-0.0775048,-0.00958509,-0.996946
0.867575,0.0721057,0.606083,-0.000796316,-0.999987,-0.00506834,-0.996955,0.000398689,0.0779759,-0.0779728,0.005115,-0.996942
0.867551,0.0421057,0.60475,-0.000794736,-0.998002,-0.0631815,-0.997265,-0.00387846,0.0738075,-0.0739051,0.0630674,-0.995269
0.867527,0.0121057,0.602423,-0.000792582,-0.995297,-0.0968649,-0.994785,-0.00909454,0.101587,-0.10199,0.0964403,-0.9901
0.867503,-0.0178943,0.598402,-0.000787366,-0.988747,-0.149592,-0.997021,-0.0107616,0.0763774,-0.0771278,0.149207,-0.985793
0.867479,-0.0478943,0.593391,-0.00077891,-0.978128,-0.208003,-0.998953,-0.0087542,0.0449071,-0.0457458,0.20782,-0.977097
0.867456,-0.0778943,0.58635,-0.000772997,-0.970703,-0.240281,-0.99648,-0.0193938,0.081554,-0.0838247,0.239498,-0.967271
0.867432,-0.107894,0.578178,-0.000763816,-0.959174,-0.282814,-0.996242,-0.0237645,0.0832888,-0.0866094,0.281815,-0.955552
0.867408,-0.137894,0.568742,-0.000751221,-0.943358,-0.331777,-0.996761,-0.0259758,0.0761151,-0.0804219,0.330759,-0.940282
0.867384,-0.167894,0.557783,-0.000747377,-0.93853,-0.345196,-0.997179,-0.0252112,0.0707039,-0.0750606,0.344275,-0.935863
0.86736,-0.197894,0.54556,-0.000732678,-0.920071,-0.39175,-0.997439,-0.0273467,0.0660925,-0.0715229,0.390795,-0.917695
0.867336,-0.227894,0.53178,-0.000714335,-0.897037,-0.441954,-0.997323,-0.0316772,0.0659073,-0.0731212,0.440818,-0.894613
0.867312,-0.257894,0.516212,-0.000695245,-0.873065,-0.487604,-0.997246,-0.0355556,0.0650848,-0.0741603,0.486307,-0.870635
0.867288,-0.287894,0.498191,-0.000672359,-0.844326,-0.53583,-0.998306,-0.0306023,0.0494737,-0.0581695,0.534956,-0.842875
0.867264,-0.317894,0.47767,-0.00063905,-0.802497,-0.596655,-0.998658,-0.0303903,0.0419444,-0.0517928,0.595881,-0.801401
0.867241,-0.347894,0.454302,-0.000599936,-0.753379,-0.657586,-0.998972,-0.0293533,0.0345407,-0.0453246,0.656931,-0.752587
0.867217,-0.377894,0.427757,-0.000585053,-0.73469,-0.678403,-0.99827,-0.0394531,0.0435874,-0.0587884,0.677255,-0.733396
0.867193,-0.407894,0.398417,-0.000547676,-0.687753,-0.725945,-0.999192,-0.0287959,0.0280348,-0.0401852,0.725374,-0.687181
0.867169,-0.437894,0.364766,-0.000500313,-0.628276,-0.777991,-0.99945,-0.0254872,0.0212252,-0.033164,0.777573,-0.627917
0.867145,-0.467894,0.325257,-0.000463039,-0.581468,-0.813569,-0.999907,-0.0108153,0.00829894,-0.0136246,0.813497,-0.581409
0.867121,-0.497894,0.279599,-0.000423053,-0.531255,-0.847212,-0.99999,0.00393088,-0.00196556,0.0043745,0.847203,-0.531252
0.867097,-0.527894,0.22944,-0.000402992,-0.506064,-0.862496,-0.999587,0.0249815,-0.0141907,0.0287279,0.862134,-0.505865
0.867073,-0.557894,0.178029,-0.000404792,-0.508324,-0.861166,-0.999359,0.0310419,-0.0178535,0.0358076,0.860606,-0.508011
0.867049,-0.587894,0.128047,-0.000414243,-0.520193,-0.854049,-0.999287,0.0324614,-0.0192872,0.0377566,0.853432,-0.519835
0.807049,-0.587846,0.124142,-0.00041543,-0.521683,-0.85314,-0.999485,0.0275806,-0.0163785,0.0320745,0.852694,-0.521426
0.807073,-0.557846,0.17414,-0.000403181,-0.506301,-0.862356,-0.999512,0.0271399,-0.0154669,0.0312352,0.861929,-0.506065
0.807097,-0.527846,0.225713,-0.000399548,-0.501739,-0.865019,-0.999543,0.0263582,-0.0148269,0.0302395,0.864618,-0.50152
0.807121,-0.497846,0.277063,-0.000408835,-0.513401,-0.858149,-0.999546,0.0260645,-0.0151173,0.0301284,0.857753,-0.513179
0.807145,-0.467846,0.324504,-0.000440818,-0.553564,-0.832807,-0.999001,0.0374635,-0.024373,0.0446918,0.831964,-0.553027
0.807169,-0.437846,0.363993,-0.000500692,-0.628752,-0.777606,-0.999063,0.0339669,-0.0268215,0.043277,0.776863,-0.62818
0.807193,-0.407846,0.397952,-0.000544819,-0.684165,-0.729327,-0.998989,0.0331566,-0.0303572,0.0449513,0.728573,-0.683492
0.807217,-0.377846,0.428007,-0.000571493,-0.717662,-0.696392,-0.998813,0.0343276,-0.0345564,0.0487053,0.695545,-0.716829
0.807241,-0.347846,0.454896,-0.000610707,-0.766904,-0.641761,-0.998234,0.0385841,-0.0451581,0.0593937,0.640601,-0.765574
0.807264,-0.317846,0.478251,-0.000643691,-0.808325,-0.588736,-0.998644,0.0311621,-0.0416933,0.052048,0.587911,-0.807249
0.807288,-0.287846,0.498756,-0.000673615,-0.845903,-0.533337,-0.998476,0.0300051,-0.0463288,0.0551925,0.532492,-0.844633
0.807312,-0.257846,0.5168,-0.000691362,-0.868188,-0.496234,-0.998894,0.0239319,-0.0404784,0.0470187,0.495657,-0.867244
0.807336,-0.227846,0.532597,-0.000714027,-0.89665,-0.442739,-0.999063,0.0197983,-0.038485,0.043273,0.442296,-0.895824
0.80736,-0.197846,0.546508,-0.000730221,-0.916986,-0.398918,-0.997666,0.0279074,-0.0623241,0.0682831,0.397941,-0.914866
0.807384,-0.167846,0.558903,-0.000743527,-0.933696,-0.358067,-0.999609,0.0107074,-0.0258449,0.0279653,0.357908,-0.933338
0.807408,-0.137846,0.569625,-0.000752622,-0.945117,-0.326732,-0.998603,0.0179718,-0.0496856,0.0528307,0.326238,-0.94381
0.807432,-0.107846,0.579321,-0.000763567,-0.958861,-0.283876,-0.999885,0.00503064,-0.0143028,0.0151424,0.283832,-0.958754
0.807456,-0.0778465,0.587675,-0.000774428,-0.9725,-0.232901,-0.998974,0.0112978,-0.0438533,0.0452786,0.232628,-0.971511
0.807479,-0.0478465,0.59437,-0.000780939,-0.980676,-0.195637,-0.998357,0.0119722,-0.0560284,0.0572879,0.195272,-0.979075
0.807503,-0.0178465,0.599728,-0.000787474,-0.988883,-0.148692,-0.998504,0.00890598,-0.0539415,0.0546661,0.148427,-0.987411
0.807527,0.0121535,0.60376,-0.000790995,-0.993304,-0.11553,-0.999615,0.00398913,-0.0274537,0.0277308,0.115464,-0.992925
0.807551,0.0421535,0.606377,-0.000794378,-0.997553,-0.0699168,-0.998839,0.00415875,-0.0479873,0.0481606,0.0697976,-0.996398
0.807575,0.0721535,0.607496,-0.000796211,-0.999855,-0.0170238,-0.999712,0.00120418,-0.0239676,0.0239846,0.0169999,-0.999568
0.807599,0.102153,0.607493,-0.000796275,-0.999935,0.0114168,-0.999829,0.000584868,-0.0185086,0.0185007,-0.0114296,-0.999764
0.807623,0.132153,0.606377,-0.000794835,-0.998126,0.0611804,-0.999515,-0.00111239,-0.0311334,0.0311431,-0.0611755,-0.997641
0.807647,0.162153,0.603934,-0.000792388,-0.995053,0.0993388,-0.999965,-3.45741e-05,-0.00832267,0.00828493,-0.0993419,-0.995019
0.807671,0.192153,0.600579,-0.000789599,-0.991551,0.129714,-0.999275,-0.00415371,-0.0378344,0.0380535,-0.12965,-0.990829
0.807694,0.222153,0.595973,-0.00078432,-0.984922,0.172997,-0.999921,-0.00139917,-0.0124992,0.0125528,-0.172993,-0.984843
0.807718,0.252153,0.589932,-0.000776198,-0.974723,0.223414,-0.999365,-0.0072004,-0.0348864,0.0356132,-0.223299,-0.974099
0.807742,0.282153,0.582776,-0.00077171,-0.969086,0.24672,-0.999948,-0.00175064,-0.010004,0.0101267,-0.246715,-0.969035
0.807766,0.312153,0.574371,-0.000762177,-0.957116,0.289705,-0.999691,-0.00646951,-0.0240038,0.0248487,-0.289633,-0.956815
0.80779,0.342153,0.56425,-0.000748397,-0.939811,0.341693,-0.999751,-0.00691733,-0.0212156,0.0223022,-0.341623,-0.939572
0.807814,0.372153,0.552728,-0.000736037,-0.92429,0.381689,-0.999988,-0.00115199,-0.00471799,0.0048005,-0.381688,-0.924279
0.807838,0.402153,0.539642,-0.000721009,-0.905418,0.424521,-0.99999,-0.00118379,-0.00422318,0.00432629,-0.42452,-0.905408
0.807862,0.432153,0.525022,-0.00070963,-0.891129,0.45375,-0.999997,0.00173165,0.00183691,-0.00242266,-0.453747,-0.891127
0.807886,0.462153,0.508747,-0.00069469,-0.872368,0.48885,-0.999997,-0.000638811,-0.00256104,0.00254645,-0.48885,-0.872364
0.807909,0.492153,0.49083,-0.000675745,-0.848577,0.529072,-0.999997,0.0018163,0.00163594,-0.00234917,-0.529069,-0.848575
0.807933,0.522153,0.471075,-0.000650583,-0.81698,0.576666,-0.999893,-0.00790961,-0.0123338,0.0146377,-0.576612,-0.816887
0.807957,0.552153,0.448677,-0.000624691,-0.784466,0.620172,-0.999998,0.00149763,0.000887088,-0.00162468,-0.62017,-0.784466
0.807981,0.582153,0.423704,-0.000588825,-0.739427,0.673237,-0.999997,-0.00118376,-0.00217476,0.00240503,-0.673236,-0.739424
0.808005,0.612153,0.395453,-0.000561298,-0.704858,0.709348,-0.999937,-0.00753596,-0.00827951,0.0111815,-0.709308,-0.70481
0.808029,0.642153,0.363145,-0.000515711,-0.647612,0.76197,-0.999974,-0.00511652,-0.00502542,0.00715316,-0.761953,-0.647593
0.808053,0.672153,0.326336,-0.000488177,-0.613036,0.790055,-0.999994,-0.00243632,-0.00250834,0.00346253,-0.790051,-0.613031
0.808077,0.702153,0.252615,-0.000276766,-0.347553,0.93766,-0.999625,0.0257591,0.0092528,-0.0273691,-0.937306,-0.34743
0.808101,0.732153,0.197575,-0.000397018,-0.498561,0.866855,-0.999925,0.0107966,0.00575159,-0.0122266,-0.866787,-0.498528
0.748101,0.732201,0.197445,-0.0003832,-0.481209,0.876606,-0.999993,-0.00299209,-0.00207964,0.00362363,-0.876601,-0.481205
0.748077,0.702201,0.256419,-0.000275147,-0.34552,0.938411,-0.999972,0.00714007,0.00233576,-0.00750737,-0.938384,-0.345513
0.748053,0.672201,0.320514,-0.000480511,-0.603409,0.797432,-0.991505,-0.103434,-0.0788646,0.130069,-0.790696,-0.598233
0.748029,0.642201,0.35749,-0.000521806,-0.655266,0.755398,-0.993711,-0.0842444,-0.0737637,0.111973,-0.750686,-0.651101
0.748005,0.612201,0.389444,-0.000568149,-0.713462,0.700693,-0.990916,-0.0938284,-0.0963417,0.134481,-0.694383,-0.706928
0.747981,0.582201,0.418134,-0.000588096,-0.73851,0.674242,-0.992331,-0.0829099,-0.0916784,0.123607,-0.669125,-0.732798
0.747957,0.552201,0.443568,-0.000624976,-0.784823,0.619719,-0.99226,-0.0764684,-0.0978416,0.124177,-0.614984,-0.778701
0.747933,0.522201,0.466191,-0.000649511,-0.815633,0.578569,-0.991527,-0.0746323,-0.106325,0.129902,-0.573735,-0.808674
0.747909,0.492201,0.486255,-0.000670787,-0.842351,0.538928,-0.990217,-0.0746407,-0.117897,0.139536,-0.533735,-0.83406
0.747886,0.462201,0.504593,-0.000689101,-0.865349,0.50117,-0.99439,-0.0524158,-0.0918715,0.10577,-0.498421,-0.860458
0.747862,0.432201,0.521105,-0.00070166,-0.88112,0.472892,-0.992711,-0.0563772,-0.106518,0.120516,-0.46952,-0.874658
0.747838,0.402201,0.536066,-0.00072614,-0.911861,0.410498,-0.990233,-0.0565749,-0.127425,0.139418,-0.406581,-0.902915
0.747814,0.372201,0.548756,-0.000733777,-0.921452,0.388491,-0.993182,-0.0446141,-0.107695,0.116568,-0.385921,-0.915138
0.74779,0.342201,0.560165,-0.000752495,-0.944958,0.327192,-0.992644,-0.0389067,-0.114649,0.121068,-0.324871,-0.937977
0.747766,0.312201,0.569792,-0.000761505,-0.956271,0.29248,-0.992302,-0.0354983,-0.118646,0.12384,-0.290319,-0.948883
0.747742,0.282201,0.578309,-0.000773756,-0.971656,0.236397,-0.991773,-0.0295142,-0.124558,0.128004,-0.234548,-0.96364
0.747718,0.252201,0.585456,-0.000777492,-0.976347,0.216207,-0.992933,-0.0249043,-0.116034,0.118674,-0.214769,-0.969428
0.747694,0.222201,0.591535,-0.000785539,-0.986453,0.164045,-0.993431,-0.0180013,-0.113005,0.114427,-0.163056,-0.979959
0.747671,0.192201,0.596042,-0.000789769,-0.991765,0.128068,-0.992091,-0.015298,-0.124587,0.12552,-0.127153,-0.983909
0.747647,0.162201,0.599436,-0.000792566,-0.995277,0.0970712,-0.9918,-0.0116228,-0.127267,0.127794,-0.0963761,-0.987107
0.747623,0.132201,0.601815,-0.00079519,-0.998573,0.0534049,-0.993191,-0.00543262,-0.116368,0.116492,-0.0531338,-0.991769
0.747599,0.102201,0.602823,-0.000796314,-0.999984,0.0056725,-0.990209,-3.31806e-06,-0.139592,0.13959,-0.00572812,-0.990193
0.747575,0.0722012,0.602593,-0.000796245,-0.999897,-0.0143544,-0.992121,0.00258821,-0.125256,0.12528,0.0141415,-0.992021
0.747551,0.0422013,0.600993,-0.000793917,-0.996974,-0.0777301,-0.988345,0.0126149,-0.151705,0.152227,0.0767037,-0.985365
0.747527,0.0122013,0.598071,-0.000791558,-0.994011,-0.109273,-0.990954,0.0154441,-0.13331,0.134199,0.108179,-0.985032
0.747503,-0.0177987,0.594008,-0.000786246,-0.987341,-0.158613,-0.990448,0.0226397,-0.136019,0.137888,0.156991,-0.977927
0.747479,-0.0477987,0.588291,-0.000774935,-0.973137,-0.230225,-0.987972,0.0363448,-0.1503,0.15463,0.227339,-0.961461
0.747456,-0.0777987,0.581145,-0.000774667,-0.9728,-0.231646,-0.987048,0.0379049,-0.155881,0.160422,0.228525,-0.96023
0.747432,-0.107799,0.573095,-0.000765428,-0.961199,-0.275856,-0.986426,0.0460223,-0.157624,0.164204,0.271991,-0.948187
0.747408,-0.137799,0.563374,-0.000754272,-0.947188,-0.320677,-0.98553,0.0550585,-0.160309,0.169499,0.315916,-0.933524
0.747384,-0.167799,0.552266,-0.000740389,-0.929755,-0.368179,-0.98946,0.0539957,-0.134365,0.144806,0.364198,-0.919995
0.74736,-0.197799,0.539541,-0.0007253,-0.910806,-0.412834,-0.984837,0.0722691,-0.157712,0.17348,0.406459,-0.897048
0.747336,-0.227799,0.525314,-0.00071425,-0.896931,-0.442171,-0.983931,0.0795783,-0.159833,0.178546,0.434952,-0.882575
0.747312,-0.257799,0.509219,-0.000690508,-0.867117,-0.498105,-0.987,0.0806456,-0.139022,0.160718,0.491533,-0.8559
0.747288,-0.287799,0.490803,-0.000663393,-0.833066,-0.553173,-0.986002,0.092776,-0.138536,0.166731,0.545338,-0.821467
0.747264,-0.317799,0.469845,-0.000645726,-0.81088,-0.585212,-0.984926,0.101744,-0.139892,0.172977,0.5763,-0.798722
0.747241,-0.347799,0.44604,-0.000608205,-0.763764,-0.645496,-0.986757,0.105161,-0.123498,0.162204,0.636872,-0.753713
0.747217,-0.377799,0.419537,-0.000570097,-0.715908,-0.698195,-0.987621,0.109919,-0.111901,0.156856,0.689488,-0.707109
0.747193,-0.407799,0.390159,-0.000557828,-0.700501,-0.713651,-0.986084,0.119027,-0.116063,0.166245,0.703655,-0.69082
0.747169,-0.437799,0.356842,-0.000518772,-0.651456,-0.758686,-0.992074,0.0956644,-0.0814651,0.12565,0.752631,-0.646342
0.747145,-0.467799,0.318361,-0.000461419,-0.579434,-0.815019,-0.996196,0.0712886,-0.0501183,0.0871418,0.811895,-0.577263
0.747121,-0.497799,0.273102,-0.000415173,-0.52136,-0.853337,-0.998961,0.0390947,-0.0233995,0.0455605,0.852441,-0.520835
0.747097,-0.527799,0.222122,-0.000399601,-0.501806,-0.86498,-0.999373,0.0308271,-0.0174222,0.0354073,0.864431,-0.501503
0.747073,-0.557799,0.170518,-0.000401797,-0.504563,-0.863375,-0.999483,0.0279569,-0.0158731,0.0321462,0.862922,-0.504313
0.747049,-0.587799,0.120479,-0.000416803,-0.523406,-0.852083,-0.999426,0.0290935,-0.0173823,0.0338881,0.851586,-0.523118
0.687049,-0.587751,0.115606,-0.000415085,-0.52125,-0.853404,-0.997926,0.0551487,-0.0331988,0.064369,0.85162,-0.520192
0.687073,-0.557751,0.164928,-0.000415607,-0.521905,-0.853003,-0.997233,0.0636314,-0.0384466,0.0743433,0.850627,-0.520488
0.687097,-0.527751,0.21551,-0.000422286,-0.530292,-0.847815,-0.992365,0.104789,-0.0650492,0.123337,0.841314,-0.526287
0.687121,-0.497751,0.26237,-0.000446824,-0.561106,-0.827744,-0.989005,0.122658,-0.0826129,0.147884,0.818606,-0.554991
0.687145,-0.467751,0.302735,-0.000477876,-0.600101,-0.799924,-0.969361,0.196772,-0.147039,0.245641,0.775345,-0.581808
0.687169,-0.437751,0.338896,-0.000526753,-0.661478,-0.749965,-0.958635,0.213802,-0.187903,0.284638,0.718843,-0.634228
0.687193,-0.407751,0.370778,-0.000578863,-0.726916,-0.686726,-0.942867,0.229193,-0.241812,0.33317,0.647351,-0.685518
0.687217,-0.377751,0.399704,-0.000562512,-0.706383,-0.70783,-0.936425,0.248727,-0.247474,0.350868,0.66269,-0.661614
0.687241,-0.347751,0.425538,-0.000610655,-0.766839,-0.641839,-0.917941,0.255059,-0.303859,0.396717,0.588985,-0.704068
0.687264,-0.317751,0.449813,-0.000637583,-0.800655,-0.599125,-0.932479,0.216894,-0.288858,0.361222,0.558488,-0.746733
0.687288,-0.287751,0.471479,-0.00066031,-0.829194,-0.55896,-0.926032,0.211484,-0.312633,0.377445,0.517409,-0.768
0.687312,-0.257751,0.490696,-0.000679699,-0.853543,-0.521023,-0.933121,0.187882,-0.306571,0.359562,0.485969,-0.796586
0.687336,-0.227751,0.507601,-0.000698546,-0.87721,-0.480106,-0.932351,0.174155,-0.316845,0.361553,0.447406,-0.81799
0.68736,-0.197751,0.522347,-0.000712102,-0.894233,-0.447601,-0.929511,0.165665,-0.329492,0.368795,0.415815,-0.831317
0.687384,-0.167751,0.53546,-0.000732507,-0.919857,-0.392254,-0.929447,0.14535,-0.339118,0.368954,0.364331,-0.855065
0.687408,-0.137751,0.54738,-0.000744312,-0.934681,-0.355486,-0.935312,0.12643,-0.330465,0.353823,0.332244,-0.874313
0.687432,-0.107751,0.557189,-0.000762631,-0.957686,-0.287816,-0.919058,0.114106,-0.377243,0.394122,0.264232,-0.880255
0.687456,-0.0777509,0.565477,-0.000773544,-0.97139,-0.237488,-0.933768,0.0856934,-0.347468,0.357878,0.22149,-0.907119
0.687479,-0.0477509,0.572799,-0.00077285,-0.970519,-0.241023,-0.93861,0.083852,-0.334634,0.344979,0.225968,-0.911004
0.687503,-0.017751,0.578496,-0.000786343,-0.987462,-0.157855,-0.924197,0.0610051,-0.377013,0.381916,0.145593,-0.912657
0.687527,0.012249,0.583468,-0.000788201,-0.989795,-0.142496,-0.941098,0.0489167,-0.334577,0.338133,0.133839,-0.931533
0.687551,0.042249,0.587123,-0.000793692,-0.996691,-0.0812848,-0.908522,0.0346824,-0.416394,0.417835,0.0735186,-0.905543
0.687575,0.072249,0.589298,-0.000794855,-0.998151,-0.0607786,-0.948777,0.0199554,-0.315315,0.315945,0.0574148,-0.947039
0.687599,0.102249,0.590005,-0.000796157,-0.999787,-0.0206159,-0.946829,0.00738658,-0.321653,0.321737,0.0192637,-0.946633
0.687623,0.132249,0.58901,-0.000795088,-0.998445,0.055744,-0.926283,-0.0202706,-0.376284,0.376828,-0.0519338,-0.924826
0.687647,0.162249,0.587057,-0.000793427,-0.996358,0.0852649,-0.934557,-0.0295995,-0.35458,0.355812,-0.0799662,-0.93113
0.687671,0.192249,0.583555,-0.000788026,-0.989575,0.144014,-0.955851,-0.0415732,-0.290896,0.29385,-0.137885,-0.945854
0.687694,0.222249,0.57894,-0.000786052,-0.987096,0.160125,-0.953055,-0.0477456,-0.299008,0.302795,-0.152843,-0.94072
0.687718,0.252249,0.573331,-0.000774166,-0.972171,0.234269,-0.939579,-0.0794909,-0.332976,0.342332,-0.220372,-0.91337
0.687742,0.282249,0.565606,-0.000770445,-0.967499,0.252875,-0.956403,-0.0731387,-0.282743,0.292048,-0.242068,-0.925263
0.687766,0.312249,0.556803,-0.000756289,-0.949722,0.313094,-0.941793,-0.104583,-0.319512,0.336192,-0.295111,-0.894363
0.68779,0.342249,0.546911,-0.000750482,-0.942429,0.334404,-0.960923,-0.0918889,-0.261121,0.276816,-0.321533,-0.905533
0.687814,0.372249,0.53514,-0.000731872,-0.91906,0.394117,-0.955512,-0.115603,-0.271353,0.294951,-0.376783,-0.878088
0.687838,0.402249,0.521726,-0.000722537,-0.907337,0.420404,-0.958143,-0.119728,-0.26005,0.286288,-0.402995,-0.869272
0.687862,0.432249,0.506838,-0.00070211,-0.881685,0.471837,-0.953689,-0.141335,-0.265521,0.300794,-0.450172,-0.840754
0.687886,0.462249,0.49006,-0.000682204,-0.856689,0.515833,-0.951534,-0.158085,-0.263804,0.307544,-0.491013,-0.81506
0.68791,0.492249,0.471566,-0.000668004,-0.838857,0.544352,-0.94888,-0.171285,-0.265118,0.315636,-0.516702,-0.79586
0.687933,0.522249,0.450628,-0.000641851,-0.806014,0.591896,-0.954427,-0.176154,-0.240913,0.298444,-0.565076,-0.769168
0.687957,0.552249,0.427371,-0.000604431,-0.759023,0.651063,-0.954622,-0.193461,-0.226427,0.297818,-0.621656,-0.724464
0.687981,0.582249,0.400938,-0.000585904,-0.735758,0.677244,-0.955219,-0.199983,-0.218089,0.295898,-0.647044,-0.702693
0.688005,0.612249,0.371328,-0.00054477,-0.684104,0.729385,-0.956776,-0.211768,-0.199335,0.290826,-0.697966,-0.654418
0.688029,0.642249,0.337244,-0.000526585,-0.661267,0.75015,-0.955092,-0.221944,-0.196317,0.29631,-0.716565,-0.631454
0.688053,0.672249,0.299333,-0.000464324,-0.583082,0.812413,-0.951724,-0.249117,-0.179339,0.306955,-0.773276,-0.554818
0.688077,0.702249,0.247641,-0.000356382,-0.447532,0.894268,-0.968707,-0.22181,-0.11139,0.248209,-0.866323,-0.433449
0.688101,0.732249,0.185618,-0.000353424,-0.443818,0.896117,-0.976455,-0.193156,-0.0960493,0.215719,-0.875052,-0.4333
