1.379,-0.53,0.166053,-0.925822,-1.73472e-18,0.377959,-0.0156892,0.999138,-0.0384311,-0.377633,-0.0415103,-0.925024
1.339,-0.53,0.184697,-0.843266,0,0.537497,-0.0222732,0.999141,-0.0349439,-0.537035,-0.0414387,-0.842541
1.299,-0.53,0.210815,-0.82349,-3.46945e-18,0.56733,-0.0235585,0.999137,-0.0341956,-0.566841,-0.0415252,-0.82278
1.259,-0.53,0.236319,-0.866433,0,0.499293,-0.023288,0.998912,-0.0404121,-0.498749,-0.0466419,-0.86549
1.219,-0.53,0.256926,-0.903762,0,0.428034,-0.0177742,0.999137,-0.0375288,-0.427665,-0.0415251,-0.902983
1.179,-0.53,0.273363,-0.935239,1.73472e-18,0.354017,-0.0159987,0.998978,-0.0422654,-0.353655,-0.045192,-0.934284
1.139,-0.53,0.28591,-0.96066,0,0.277726,-0.0115327,0.999137,-0.0398917,-0.277486,-0.0415253,-0.959832
1.099,-0.53,0.294949,-0.979867,0,0.199653,-0.00847682,0.999098,-0.041603,-0.199473,-0.0424578,-0.978983
1.059,-0.53,0.300626,-0.992737,-8.67362e-19,0.120305,-0.00499568,0.999137,-0.0412236,-0.120201,-0.0415252,-0.991881
1.019,-0.53,0.303057,-0.999192,0,0.0401867,-0.00154507,0.999261,-0.0384164,-0.040157,-0.0384474,-0.998453
0.979,-0.53,0.302355,-0.999192,0,-0.0401867,0.00166876,0.999137,-0.0414917,0.040152,-0.0415253,-0.99833
0.939,-0.53,0.298383,-0.992737,0,-0.120304,0.00398708,0.999451,-0.0329009,0.120238,-0.0331416,-0.992192
0.899,-0.53,0.291275,-0.979867,0,-0.199653,0.00829061,0.999137,-0.0406891,0.199481,-0.0415251,-0.979022
0.859,-0.53,0.280593,-0.96066,-8.67362e-19,-0.277726,0.00736438,0.999648,-0.0254736,0.277628,-0.0265167,-0.960323
0.819,-0.53,0.266558,-0.935239,-1.73472e-18,-0.354017,0.0164279,0.998923,-0.0433991,0.353636,-0.0464043,-0.934231
0.779,-0.53,0.2484,-0.903763,0,-0.428034,0.0177742,0.999137,-0.0375289,0.427665,-0.0415252,-0.902983
0.739,-0.53,0.225909,-0.862884,3.46945e-18,-0.505402,0.0209923,0.999137,-0.0358406,0.504965,-0.0415358,-0.86214
0.699,-0.53,0.198737,-0.844396,0,-0.535719,0.022196,0.999141,-0.0349852,0.535259,-0.0414322,-0.843671
0.659,-0.53,0.175783,-0.917488,3.46945e-18,-0.397763,0.0164802,0.999141,-0.0380136,0.397421,-0.0414322,-0.9167
0.659,-0.49,0.170995,-0.917488,-6.93889e-18,-0.397763,0.0493286,0.99228,-0.113782,0.394692,-0.124015,-0.910406
0.699,-0.49,0.193535,-0.844396,0,-0.535719,0.0664372,0.99228,-0.104718,0.531583,-0.124015,-0.837878
0.739,-0.49,0.220625,-0.823491,0,-0.56733,0.0705132,0.992246,-0.102351,0.562931,-0.12429,-0.817105
0.779,-0.49,0.243529,-0.903763,-6.93889e-18,-0.428034,0.0532003,0.992246,-0.112328,0.424715,-0.12429,-0.896755
0.819,-0.49,0.261813,-0.935239,0,-0.354017,0.0440007,0.992246,-0.116241,0.351272,-0.12429,-0.927987
0.859,-0.49,0.276124,-0.96066,0,-0.277726,0.0345185,0.992246,-0.1194,0.275572,-0.12429,-0.953211
0.899,-0.49,0.286782,-0.979867,0,-0.199653,0.0248148,0.992246,-0.121787,0.198105,-0.12429,-0.972269
0.939,-0.49,0.29401,-0.992737,-1.73472e-18,-0.120304,0.0149526,0.992246,-0.123387,0.119372,-0.12429,-0.985039
0.979,-0.49,0.297949,-0.999192,8.67362e-19,-0.0401867,0.0049948,0.992246,-0.12419,0.0398751,-0.12429,-0.991444
1.019,-0.49,0.298673,-0.999192,0,0.0401867,-0.0049948,0.992246,-0.12419,-0.0398751,-0.12429,-0.991444
1.059,-0.49,0.296191,-0.992737,0,0.120305,-0.0149527,0.992246,-0.123387,-0.119372,-0.12429,-0.985039
1.099,-0.49,0.29045,-0.979867,3.46945e-18,0.199653,-0.0248148,0.992246,-0.121788,-0.198105,-0.12429,-0.972269
1.139,-0.49,0.281328,-0.96066,0,0.277726,-0.0345185,0.992246,-0.1194,-0.275572,-0.12429,-0.953211
1.179,-0.49,0.268627,-0.935239,0,0.354017,-0.0440006,0.992246,-0.116241,-0.351272,-0.12429,-0.927987
1.219,-0.49,0.252054,-0.903762,0,0.428034,-0.0532003,0.992246,-0.112328,-0.424715,-0.12429,-0.896755
1.259,-0.49,0.231195,-0.866433,-6.93889e-18,0.499293,-0.062057,0.992246,-0.107689,-0.495421,-0.12429,-0.859715
1.299,-0.49,0.205469,-0.823491,-6.93889e-18,0.56733,-0.0705131,0.992246,-0.102351,-0.562931,-0.124289,-0.817105
1.339,-0.49,0.179487,-0.843265,0,0.537497,-0.0666684,0.992278,-0.104594,-0.533347,-0.124035,-0.836754
1.379,-0.49,0.161408,-0.965527,0,0.260304,-0.0322868,0.992278,-0.119759,-0.258294,-0.124035,-0.958071
1.379,-0.45,0.15623,-0.965527,0,0.260304,-0.0322868,0.992278,-0.119759,-0.258294,-0.124035,-0.958071
1.339,-0.45,0.173558,-0.843265,0,0.537497,-0.0666684,0.992278,-0.104594,-0.533347,-0.124035,-0.836754
1.299,-0.45,0.199385,-0.823491,-6.93889e-18,0.56733,-0.0705131,0.992246,-0.102351,-0.562931,-0.124289,-0.817105
1.259,-0.45,0.225412,-0.866433,0,0.499293,-0.0620569,0.992246,-0.107689,-0.495421,-0.12429,-0.859715
1.219,-0.45,0.24651,-0.903762,-6.93889e-18,0.428035,-0.0532004,0.992246,-0.112329,-0.424716,-0.12429,-0.896755
1.179,-0.45,0.263269,-0.935239,0,0.354017,-0.0440008,0.992246,-0.116241,-0.351272,-0.12429,-0.927987
1.139,-0.45,0.276112,-0.96066,0,0.277726,-0.0345184,0.992246,-0.1194,-0.275572,-0.12429,-0.953211
1.099,-0.45,0.285336,-0.979867,0,0.199653,-0.0248148,0.992246,-0.121787,-0.198105,-0.12429,-0.972269
1.059,-0.45,0.291144,-0.992737,0,0.120304,-0.0149526,0.992246,-0.123387,-0.119372,-0.12429,-0.985039
1.019,-0.45,0.293659,-0.999192,0,0.0401865,-0.00499478,0.992246,-0.12419,-0.0398749,-0.12429,-0.991444
0.979,-0.45,0.292935,-0.999192,0,-0.0401865,0.00499478,0.992246,-0.12419,0.0398749,-0.12429,-0.991444
0.939,-0.45,0.288963,-0.992737,1.73472e-18,-0.120304,0.0149526,0.992246,-0.123387,0.119372,-0.12429,-0.985039
0.899,-0.45,0.281669,-0.979867,0,-0.199653,0.0248148,0.992246,-0.121788,0.198105,-0.12429,-0.972269
0.859,-0.45,0.270908,-0.96066,-6.93889e-18,-0.277726,0.0345185,0.992246,-0.1194,0.275572,-0.12429,-0.953211
0.819,-0.45,0.256456,-0.935239,6.93889e-18,-0.354017,0.0440007,0.992246,-0.116241,0.351272,-0.12429,-0.927987
0.779,-0.45,0.237985,-0.903763,-6.93889e-18,-0.428034,0.0532003,0.992246,-0.112328,0.424715,-0.12429,-0.896755
0.739,-0.45,0.214541,-0.823491,0,-0.56733,0.0705132,0.992246,-0.102351,0.562931,-0.12429,-0.817105
0.699,-0.45,0.187615,-0.844396,0,-0.535719,0.0664372,0.99228,-0.104718,0.531583,-0.124015,-0.837878
0.659,-0.45,0.165547,-0.917488,-6.93889e-18,-0.397763,0.0493286,0.99228,-0.113782,0.394692,-0.124015,-0.910406
0.659,-0.41,0.159244,-0.917488,-6.93889e-18,-0.397763,0.0575676,0.989471,-0.132787,0.393575,-0.144728,-0.907829
0.699,-0.41,0.180767,-0.844396,0,-0.535719,0.0775336,0.989471,-0.122208,0.530079,-0.144728,-0.835506
0.739,-0.41,0.207503,-0.82349,0,-0.56733,0.0822895,0.989425,-0.119445,0.561331,-0.145047,-0.814782
0.779,-0.41,0.231401,-0.866433,-6.93889e-18,-0.499293,0.072421,0.989425,-0.125674,0.494013,-0.145047,-0.85727
0.819,-0.41,0.250259,-0.935239,0,-0.354017,0.0513492,0.989425,-0.135654,0.350273,-0.145047,-0.925348
0.859,-0.41,0.264875,-0.96066,0,-0.277726,0.0402833,0.989425,-0.139341,0.274789,-0.145047,-0.950501
0.899,-0.41,0.275754,-0.979867,0,-0.199653,0.0289591,0.989425,-0.142127,0.197541,-0.145047,-0.969504
0.939,-0.41,0.283125,-0.992737,0,-0.120304,0.0174498,0.989425,-0.143994,0.119032,-0.145047,-0.982239
0.979,-0.41,0.287135,-0.999192,-8.67362e-19,-0.0401865,0.00582894,0.989425,-0.14493,0.0397615,-0.145047,-0.988625
1.019,-0.41,0.287859,-0.999192,1.73472e-18,0.0401865,-0.00582894,0.989425,-0.14493,-0.0397615,-0.145047,-0.988625
1.059,-0.41,0.285306,-0.992737,0,0.120304,-0.0174498,0.989425,-0.143994,-0.119032,-0.145047,-0.982239
1.099,-0.41,0.279422,-0.979867,-3.46945e-18,0.199653,-0.0289591,0.989425,-0.142127,-0.197541,-0.145047,-0.969504
1.139,-0.41,0.270079,-0.96066,6.93889e-18,0.277726,-0.0402833,0.989425,-0.139341,-0.274789,-0.145047,-0.950501
1.179,-0.41,0.257072,-0.935239,-6.93889e-18,0.354017,-0.0513492,0.989425,-0.135654,-0.350273,-0.145047,-0.925348
1.219,-0.41,0.240098,-0.903762,6.93889e-18,0.428035,-0.0620852,0.989425,-0.131088,-0.423508,-0.145047,-0.894205
1.259,-0.41,0.218723,-0.866433,0,0.499293,-0.0724209,0.989425,-0.125674,-0.494013,-0.145047,-0.85727
1.299,-0.41,0.192347,-0.823491,1.38778e-17,0.56733,-0.0822895,0.989425,-0.119445,-0.56133,-0.145047,-0.814782
1.339,-0.41,0.167131,-0.914955,6.93889e-18,0.403556,-0.0584153,0.989468,-0.132441,-0.399305,-0.144752,-0.905319
1.379,-0.41,0.150239,-0.965527,0,0.260304,-0.0376794,0.989468,-0.139761,-0.257563,-0.144751,-0.955358
1.379,-0.37,0.144179,-0.965527,0,0.260304,-0.0376794,0.989468,-0.139761,-0.257563,-0.144751,-0.955358
1.339,-0.37,0.160736,-0.914955,6.93889e-18,0.403556,-0.0584153,0.989468,-0.132441,-0.399305,-0.144752,-0.905319
1.299,-0.37,0.185256,-0.843265,0,0.537497,-0.0778035,0.989468,-0.122064,-0.531836,-0.144751,-0.834384
1.259,-0.37,0.211955,-0.866433,0,0.499293,-0.0724209,0.989425,-0.125674,-0.494013,-0.145047,-0.85727
1.219,-0.37,0.233609,-0.903763,6.93889e-18,0.428034,-0.062085,0.989425,-0.131088,-0.423507,-0.145047,-0.894205
1.179,-0.37,0.250802,-0.935239,-1.38778e-17,0.354018,-0.0513493,0.989425,-0.135654,-0.350274,-0.145047,-0.925348
1.139,-0.37,0.263975,-0.960661,6.93889e-18,0.277725,-0.0402833,0.989425,-0.139341,-0.274788,-0.145047,-0.950501
1.099,-0.37,0.273437,-0.979867,0,0.199653,-0.0289591,0.989425,-0.142127,-0.197542,-0.145047,-0.969504
1.059,-0.37,0.279399,-0.992737,0,0.120304,-0.0174498,0.989425,-0.143994,-0.119032,-0.145047,-0.982239
1.019,-0.37,0.28199,-0.999192,1.73472e-18,0.0401865,-0.00582894,0.989425,-0.14493,-0.0397615,-0.145047,-0.988625
0.979,-0.37,0.281266,-0.999192,-8.67362e-19,-0.0401865,0.00582894,0.989425,-0.14493,0.0397615,-0.145047,-0.988625
0.939,-0.37,0.277218,-0.992737,0,-0.120304,0.0174498,0.989425,-0.143994,0.119032,-0.145047,-0.982239
0.899,-0.37,0.26977,-0.979867,0,-0.199653,0.0289591,0.989425,-0.142127,0.197541,-0.145047,-0.969504
0.859,-0.37,0.258771,-0.96066,0,-0.277726,0.0402833,0.989425,-0.139341,0.274789,-0.145047,-0.950501
0.819,-0.37,0.243989,-0.935239,0,-0.354017,0.0513492,0.989425,-0.135654,0.350273,-0.145047,-0.925348
0.779,-0.37,0.224633,-0.866433,-6.93889e-18,-0.499293,0.072421,0.989425,-0.125674,0.494013,-0.145047,-0.85727
0.739,-0.37,0.200382,-0.82349,0,-0.56733,0.0822895,0.989425,-0.119445,0.561331,-0.145047,-0.814782
0.699,-0.37,0.173838,-0.844397,0,-0.535719,0.0775337,0.989471,-0.122208,0.530078,-0.144728,-0.835506
0.659,-0.37,0.152867,-0.917488,0,-0.397763,0.0575675,0.989471,-0.132786,0.393575,-0.144728,-0.907828
0.659,-0.33,0.14668,-0.917488,0,-0.397763,0.041329,0.994587,-0.0953303,0.39561,-0.103904,-0.912522
0.699,-0.33,0.167115,-0.844397,6.93889e-18,-0.535719,0.0556631,0.994587,-0.0877359,0.532819,-0.103904,-0.839826
0.739,-0.33,0.193474,-0.82349,0,-0.56733,0.0590788,0.994563,-0.0857539,0.564246,-0.104135,-0.819013
0.779,-0.33,0.218067,-0.866433,-6.93889e-18,-0.499293,0.0519938,0.994563,-0.0902258,0.496578,-0.104135,-0.861723
0.819,-0.33,0.237734,-0.903763,-6.93889e-18,-0.428034,0.0445732,0.994563,-0.0941131,0.425707,-0.104135,-0.898849
0.859,-0.33,0.252849,-0.960661,0,-0.277725,0.0289209,0.994563,-0.100038,0.276215,-0.104135,-0.955438
0.899,-0.33,0.263963,-0.979867,0,-0.199653,0.0207909,0.994563,-0.102038,0.198568,-0.104135,-0.974539
0.939,-0.33,0.271487,-0.992737,0,-0.120304,0.0125279,0.994563,-0.103378,0.11965,-0.104135,-0.98734
0.979,-0.33,0.275572,-0.999192,0,-0.0401865,0.00418481,0.994563,-0.104051,0.039968,-0.104135,-0.99376
1.019,-0.33,0.276296,-0.999192,0,0.0401865,-0.00418482,0.994563,-0.104051,-0.0399681,-0.104135,-0.99376
1.059,-0.33,0.273669,-0.992737,0,0.120304,-0.0125279,0.994563,-0.103378,-0.11965,-0.104135,-0.98734
1.099,-0.33,0.267631,-0.979867,0,0.199653,-0.0207908,0.994563,-0.102038,-0.198567,-0.104135,-0.974539
1.139,-0.33,0.258053,-0.960661,3.46945e-18,0.277725,-0.0289209,0.994563,-0.100038,-0.276215,-0.104135,-0.955438
1.179,-0.33,0.244719,-0.935239,-6.93889e-18,0.354018,-0.0368656,0.994563,-0.0973911,-0.352093,-0.104135,-0.930154
1.219,-0.33,0.227314,-0.903763,0,0.428034,-0.0445733,0.994563,-0.0941132,-0.425707,-0.104135,-0.898849
1.259,-0.33,0.205389,-0.866433,6.93889e-18,0.499293,-0.0519938,0.994563,-0.0902259,-0.496578,-0.104135,-0.861723
1.299,-0.33,0.178523,-0.843265,0,0.537497,-0.055857,0.994586,-0.0876325,-0.534587,-0.10392,-0.8387
1.339,-0.33,0.15453,-0.914955,0,0.403556,-0.0419376,0.994586,-0.0950825,-0.401371,-0.10392,-0.910001
1.379,-0.33,0.138299,-0.965527,0,0.260304,-0.0270509,0.994586,-0.100338,-0.258895,-0.10392,-0.960299
1.379,-0.29,0.13397,-0.965527,0,0.260304,-0.0270509,0.994586,-0.100338,-0.258895,-0.10392,-0.960299
1.339,-0.29,0.149963,-0.914955,0,0.403556,-0.0419376,0.994586,-0.0950825,-0.401371,-0.10392,-0.910001
1.299,-0.29,0.173567,-0.843265,0,0.537497,-0.055857,0.994586,-0.0876325,-0.534587,-0.10392,-0.8387
1.259,-0.29,0.200555,-0.866433,0,0.499293,-0.0519937,0.994563,-0.0902258,-0.496578,-0.104135,-0.861723
1.219,-0.29,0.22268,-0.903763,0,0.428034,-0.0445732,0.994563,-0.0941132,-0.425707,-0.104135,-0.898849
1.179,-0.29,0.240241,-0.935239,-6.93889e-18,0.354018,-0.0368656,0.994563,-0.0973911,-0.352093,-0.104135,-0.930154
1.139,-0.29,0.253693,-0.960661,3.46945e-18,0.277725,-0.0289209,0.994563,-0.100038,-0.276215,-0.104135,-0.955438
1.099,-0.29,0.263357,-0.979867,0,0.199653,-0.0207908,0.994563,-0.102038,-0.198567,-0.104135,-0.974539
1.059,-0.29,0.26945,-0.992737,0,0.120304,-0.0125279,0.994563,-0.103378,-0.11965,-0.104135,-0.98734
1.019,-0.29,0.272105,-0.999192,0,0.0401865,-0.00418482,0.994563,-0.104051,-0.0399681,-0.104135,-0.99376
0.979,-0.29,0.271381,-0.999192,0,-0.0401865,0.00418481,0.994563,-0.104051,0.039968,-0.104135,-0.99376
0.939,-0.29,0.267268,-0.992737,0,-0.120304,0.0125279,0.994563,-0.103378,0.11965,-0.104135,-0.98734
0.899,-0.29,0.259689,-0.979867,0,-0.199653,0.0207909,0.994563,-0.102038,0.198568,-0.104135,-0.974539
0.859,-0.29,0.248489,-0.960661,0,-0.277725,0.0289209,0.994563,-0.100038,0.276215,-0.104135,-0.955438
0.819,-0.29,0.2331,-0.903763,6.93889e-18,-0.428034,0.0445732,0.994563,-0.0941131,0.425707,-0.104135,-0.898849
0.779,-0.29,0.213233,-0.866433,0,-0.499293,0.0519937,0.994563,-0.0902258,0.496579,-0.104135,-0.861722
0.739,-0.29,0.188388,-0.82349,0,-0.56733,0.0590788,0.994563,-0.0857539,0.564246,-0.104135,-0.819013
0.699,-0.29,0.162166,-0.844397,6.93889e-18,-0.535719,0.0556631,0.994587,-0.0877359,0.532819,-0.103904,-0.839826
0.659,-0.29,0.142126,-0.917488,0,-0.397763,0.041329,0.994587,-0.0953303,0.39561,-0.103904,-0.912522
0.659,-0.25,0.137571,-0.917488,0,-0.397763,0.041329,0.994587,-0.0953304,0.39561,-0.103904,-0.912522
0.699,-0.25,0.157218,-0.844396,0,-0.535719,0.0556631,0.994587,-0.0877358,0.532819,-0.103904,-0.839826
0.739,-0.25,0.183302,-0.82349,6.93889e-18,-0.56733,0.0590788,0.994563,-0.0857539,0.564246,-0.104135,-0.819013
0.779,-0.25,0.208399,-0.866433,0,-0.499293,0.0519937,0.994563,-0.0902258,0.496579,-0.104135,-0.861722
0.819,-0.25,0.228465,-0.903763,6.93889e-18,-0.428034,0.0445732,0.994563,-0.0941131,0.425707,-0.104135,-0.898849
0.859,-0.25,0.244091,-0.935239,0,-0.354017,0.0368656,0.994563,-0.097391,0.352093,-0.104135,-0.930154
0.899,-0.25,0.255415,-0.979867,0,-0.199653,0.0207909,0.994563,-0.102038,0.198568,-0.104135,-0.974539
0.939,-0.25,0.26305,-0.992737,0,-0.120304,0.0125279,0.994563,-0.103378,0.11965,-0.104135,-0.98734
0.979,-0.25,0.267189,-0.999192,0,-0.0401865,0.00418481,0.994563,-0.104051,0.039968,-0.104135,-0.99376
1.019,-0.25,0.267913,-0.999192,0,0.0401866,-0.00418483,0.994563,-0.104051,-0.0399681,-0.104135,-0.99376
1.059,-0.25,0.265231,-0.992737,0,0.120304,-0.0125278,0.994563,-0.103378,-0.11965,-0.104135,-0.98734
1.099,-0.25,0.259083,-0.979867,-3.46945e-18,0.199654,-0.0207909,0.994563,-0.102038,-0.198568,-0.104135,-0.974539
1.139,-0.25,0.249333,-0.96066,-3.46945e-18,0.277726,-0.028921,0.994563,-0.100038,-0.276216,-0.104135,-0.955437
1.179,-0.25,0.235763,-0.935239,6.93889e-18,0.354018,-0.0368656,0.994563,-0.097391,-0.352093,-0.104135,-0.930154
1.219,-0.25,0.218046,-0.903763,0,0.428034,-0.0445732,0.994563,-0.0941132,-0.425707,-0.104135,-0.898849
1.259,-0.25,0.195703,-0.823491,6.93889e-18,0.56733,-0.0590788,0.994563,-0.0857539,-0.564246,-0.104135,-0.819013
1.299,-0.25,0.168611,-0.843265,0,0.537497,-0.055857,0.994586,-0.0876325,-0.534587,-0.10392,-0.8387
1.339,-0.25,0.145395,-0.914955,-1.38778e-17,0.403556,-0.0419377,0.994586,-0.0950825,-0.401371,-0.10392,-0.910001
1.379,-0.25,0.129641,-0.965527,0,0.260304,-0.0270509,0.994586,-0.100338,-0.258894,-0.10392,-0.960299
1.379,-0.21,0.125771,-0.965527,0,0.260304,-0.0163538,0.998024,-0.0606602,-0.25979,-0.062826,-0.963619
1.339,-0.21,0.141311,-0.914955,0,0.403556,-0.0253538,0.998024,-0.057483,-0.402758,-0.062826,-0.913148
1.299,-0.21,0.16418,-0.843266,0,0.537497,-0.0337688,0.998024,-0.052979,-0.536435,-0.062826,-0.8416
1.259,-0.21,0.191156,-0.82349,3.46945e-18,0.56733,-0.0357173,0.998016,-0.0518444,-0.566205,-0.0629569,-0.821857
1.219,-0.21,0.213903,-0.903763,-3.46945e-18,0.428034,-0.0269476,0.998016,-0.0568979,-0.427185,-0.0629567,-0.90197
1.179,-0.21,0.231759,-0.935239,0,0.354018,-0.0222878,0.998016,-0.0588796,-0.353315,-0.0629568,-0.933383
1.139,-0.21,0.245436,-0.96066,0,0.277726,-0.0174847,0.998016,-0.06048,-0.277175,-0.0629567,-0.958755
1.099,-0.21,0.255261,-0.979867,1.73472e-18,0.199654,-0.0125696,0.998016,-0.0616893,-0.199258,-0.0629568,-0.977923
1.059,-0.21,0.261459,-0.992737,-8.67362e-19,0.120304,-0.00757395,0.998016,-0.0624995,-0.120065,-0.0629567,-0.990768
1.019,-0.21,0.264166,-0.999192,0,0.0401866,-0.00253002,0.998016,-0.062906,-0.0401069,-0.0629568,-0.99721
0.979,-0.21,0.263442,-0.999192,0,-0.0401866,0.00253002,0.998016,-0.0629059,0.0401069,-0.0629567,-0.99721
0.939,-0.21,0.259278,-0.992737,0,-0.120304,0.00757396,0.998016,-0.0624996,0.120065,-0.0629568,-0.990768
0.899,-0.21,0.251594,-0.979867,0,-0.199654,0.0125695,0.998016,-0.0616892,0.199258,-0.0629568,-0.977923
0.859,-0.21,0.240087,-0.935239,3.46945e-18,-0.354018,0.0222878,0.998016,-0.0588795,0.353316,-0.0629567,-0.933383
0.819,-0.21,0.224322,-0.903763,0,-0.428034,0.0269476,0.998016,-0.0568979,0.427185,-0.0629567,-0.90197
0.779,-0.21,0.204078,-0.866433,-3.46945e-18,-0.499293,0.0314339,0.998016,-0.0545478,0.498303,-0.0629567,-0.864714
0.739,-0.21,0.178755,-0.82349,0,-0.56733,0.0357171,0.998016,-0.0518441,0.566205,-0.0629565,-0.821857
0.699,-0.21,0.152793,-0.844396,-3.46945e-18,-0.535719,0.0336516,0.998025,-0.0530415,0.534661,-0.0628159,-0.842729
0.659,-0.21,0.133499,-0.917488,0,-0.397763,0.0249859,0.998025,-0.0576329,0.396977,-0.062816,-0.915676
0.659,-0.17,0.130755,-0.917488,0,-0.397763,0.0249859,0.998025,-0.0576329,0.396977,-0.062816,-0.915676
0.699,-0.17,0.149811,-0.844396,-3.46945e-18,-0.535719,0.0336516,0.998025,-0.0530415,0.534661,-0.0628159,-0.842729
0.739,-0.17,0.175691,-0.82349,0,-0.56733,0.0357171,0.998016,-0.0518441,0.566205,-0.0629565,-0.821857
0.779,-0.17,0.201165,-0.866433,3.46945e-18,-0.499293,0.0314338,0.998016,-0.0545477,0.498303,-0.0629566,-0.864714
0.819,-0.17,0.22153,-0.903763,0,-0.428034,0.0269476,0.998016,-0.056898,0.427185,-0.0629568,-0.90197
0.859,-0.17,0.237389,-0.935239,3.46945e-18,-0.354018,0.0222878,0.998016,-0.0588795,0.353316,-0.0629567,-0.933383
0.899,-0.17,0.249019,-0.979867,0,-0.199654,0.0125695,0.998016,-0.0616892,0.199258,-0.0629568,-0.977923
0.939,-0.17,0.256736,-0.992737,0,-0.120304,0.00757396,0.998016,-0.0624996,0.120065,-0.0629568,-0.990768
0.979,-0.17,0.260916,-0.999192,0,-0.0401866,0.00253002,0.998016,-0.0629059,0.0401069,-0.0629567,-0.99721
1.019,-0.17,0.26164,-0.999192,0,0.0401866,-0.00253002,0.998016,-0.062906,-0.0401069,-0.0629568,-0.99721
1.059,-0.17,0.258917,-0.992737,-8.67362e-19,0.120304,-0.00757395,0.998016,-0.0624995,-0.120065,-0.0629567,-0.990768
1.099,-0.17,0.252686,-0.979867,1.73472e-18,0.199654,-0.0125696,0.998016,-0.0616893,-0.199258,-0.0629568,-0.977923
1.139,-0.17,0.242809,-0.96066,0,0.277726,-0.0174847,0.998016,-0.0604801,-0.277175,-0.0629568,-0.958755
1.179,-0.17,0.229061,-0.935239,0,0.354017,-0.0222878,0.998016,-0.0588796,-0.353315,-0.0629567,-0.933384
1.219,-0.17,0.211111,-0.903763,0,0.428033,-0.0269475,0.998016,-0.0568978,-0.427184,-0.0629565,-0.90197
1.259,-0.17,0.188092,-0.82349,3.46945e-18,0.56733,-0.0357173,0.998016,-0.0518444,-0.566205,-0.0629569,-0.821857
1.299,-0.17,0.161194,-0.843266,0,0.537497,-0.0337688,0.998024,-0.052979,-0.536435,-0.062826,-0.8416
1.339,-0.17,0.138559,-0.914955,0,0.403556,-0.0253538,0.998024,-0.057483,-0.402758,-0.062826,-0.913148
1.379,-0.17,0.123163,-0.965527,0,0.260304,-0.0163538,0.998024,-0.0606602,-0.25979,-0.062826,-0.963619
1.379,-0.13,0.120556,-0.965527,0,0.260304,-0.0163539,0.998024,-0.0606603,-0.25979,-0.0628261,-0.963619
1.339,-0.13,0.135807,-0.914955,0,0.403556,-0.0253538,0.998024,-0.0574829,-0.402758,-0.062826,-0.913148
1.299,-0.13,0.158208,-0.843266,3.46945e-18,0.537497,-0.0337688,0.998024,-0.052979,-0.536435,-0.062826,-0.8416
1.259,-0.13,0.185028,-0.82349,3.46945e-18,0.56733,-0.0357173,0.998016,-0.0518444,-0.566205,-0.0629569,-0.821857
1.219,-0.13,0.208319,-0.903763,0,0.428033,-0.0269475,0.998016,-0.0568978,-0.427184,-0.0629565,-0.90197
1.179,-0.13,0.226363,-0.935239,0,0.354017,-0.0222878,0.998016,-0.0588796,-0.353315,-0.0629567,-0.933384
1.139,-0.13,0.240182,-0.96066,0,0.277726,-0.0174847,0.998016,-0.0604801,-0.277175,-0.0629568,-0.958755
1.099,-0.13,0.250111,-0.979867,-1.73472e-18,0.199653,-0.0125695,0.998016,-0.0616892,-0.199257,-0.0629567,-0.977923
1.059,-0.13,0.256376,-0.992737,8.67362e-19,0.120304,-0.00757398,0.998016,-0.0624996,-0.120066,-0.0629568,-0.990768
1.019,-0.13,0.259115,-0.999192,0,0.0401864,-0.00253001,0.998016,-0.0629059,-0.0401067,-0.0629567,-0.99721
0.979,-0.13,0.258391,-0.999192,0,-0.0401864,0.00253001,0.998016,-0.062906,0.0401067,-0.0629568,-0.99721
0.939,-0.13,0.254194,-0.992737,0,-0.120304,0.00757396,0.998016,-0.0624996,0.120065,-0.0629568,-0.990768
0.899,-0.13,0.246443,-0.979867,0,-0.199654,0.0125695,0.998016,-0.0616892,0.199258,-0.0629568,-0.977923
0.859,-0.13,0.234691,-0.935239,3.46945e-18,-0.354018,0.0222878,0.998016,-0.0588795,0.353316,-0.0629567,-0.933383
0.819,-0.13,0.218738,-0.903763,0,-0.428034,0.0269476,0.998016,-0.056898,0.427185,-0.0629568,-0.90197
0.779,-0.13,0.198253,-0.866433,3.46945e-18,-0.499293,0.0314338,0.998016,-0.0545477,0.498303,-0.0629566,-0.864714
0.739,-0.13,0.172627,-0.823491,0,-0.56733,0.0357172,0.998016,-0.0518443,0.566204,-0.0629567,-0.821857
0.699,-0.13,0.14683,-0.844396,-3.46945e-18,-0.535719,0.0336516,0.998025,-0.0530415,0.534661,-0.0628159,-0.842729
0.659,-0.13,0.128011,-0.917488,0,-0.397763,0.0249858,0.998025,-0.0576328,0.396978,-0.0628159,-0.915676
0.659,-0.09,0.126013,-0.917488,0,-0.397763,0.00858039,0.999767,-0.0197917,0.397671,-0.0215716,-0.917275
0.699,-0.09,0.14466,-0.844396,1.73472e-18,-0.535719,0.0115563,0.999767,-0.018215,0.535594,-0.0215716,-0.8442
0.739,-0.09,0.170396,-0.823491,0,-0.56733,0.0122657,0.999766,-0.017804,0.567197,-0.0216201,-0.823298
0.779,-0.09,0.196133,-0.866433,-1.73472e-18,-0.499293,0.0107948,0.999766,-0.0187324,0.499177,-0.0216201,-0.86623
0.819,-0.09,0.216706,-0.903763,-1.73472e-18,-0.428034,0.00925417,0.999766,-0.0195395,0.427934,-0.0216202,-0.903552
0.859,-0.09,0.232727,-0.935239,8.67362e-19,-0.354017,0.00765395,0.999766,-0.0202201,0.353934,-0.0216203,-0.93502
0.899,-0.09,0.24456,-0.982179,0,-0.187947,0.00406119,0.999767,-0.0212231,0.187903,-0.0216081,-0.98195
0.939,-0.09,0.252242,-0.992929,4.33681e-19,-0.118706,0.0032395,0.999628,-0.0270971,0.118662,-0.02729,-0.99256
0.979,-0.09,0.25612,-0.999192,2.1684e-19,-0.0401864,0.00191546,0.998863,-0.0476259,0.0401407,-0.0476644,-0.998057
1.019,-0.09,0.257036,-0.999192,0,0.0401864,-0.00145101,0.999348,-0.0360778,-0.0401602,-0.036107,-0.998541
1.059,-0.09,0.254435,-0.992737,0,0.120304,-0.00325502,0.999634,-0.0268601,-0.12026,-0.0270566,-0.992374
1.099,-0.09,0.248077,-0.979867,-8.67362e-19,0.199653,-0.00620351,0.999517,-0.0304458,-0.199557,-0.0310714,-0.979393
1.139,-0.09,0.23827,-0.96066,0,0.277726,-0.00600452,0.999766,-0.0207698,-0.277661,-0.0216203,-0.960436
1.179,-0.09,0.224399,-0.935239,0,0.354017,-0.00765391,0.999766,-0.02022,-0.353935,-0.0216202,-0.93502
1.219,-0.09,0.206286,-0.903763,0,0.428034,-0.00925417,0.999766,-0.0195395,-0.427934,-0.0216202,-0.903551
1.259,-0.09,0.182797,-0.823491,-1.73472e-18,0.56733,-0.0122656,0.999766,-0.0178038,-0.567197,-0.02162,-0.823298
1.299,-0.09,0.156034,-0.843266,0,0.537497,-0.0115966,0.999767,-0.0181936,-0.537372,-0.0215751,-0.843069
1.339,-0.09,0.133803,-0.914955,1.73472e-18,0.403556,-0.00870678,0.999767,-0.0197403,-0.403462,-0.0215752,-0.914742
1.379,-0.09,0.118657,-0.965527,0,0.260304,-0.00561611,0.999767,-0.0208314,-0.260243,-0.0215752,-0.965302
1.379,-0.05,0.117763,-0.965527,0,0.260304,-0.00561611,0.999767,-0.0208314,-0.260243,-0.0215752,-0.965302
1.339,-0.05,0.13286,-0.914955,1.73472e-18,0.403556,-0.00870678,0.999767,-0.0197403,-0.403462,-0.0215752,-0.914742
1.299,-0.05,0.15501,-0.843266,0,0.537497,-0.0115966,0.999767,-0.0181936,-0.537372,-0.0215751,-0.843069
1.259,-0.05,0.181747,-0.823491,-1.73472e-18,0.56733,-0.0122656,0.999766,-0.0178038,-0.567197,-0.02162,-0.823298
1.219,-0.05,0.205329,-0.903763,0,0.428034,-0.00925417,0.999766,-0.0195395,-0.427934,-0.0216202,-0.903551
1.179,-0.05,0.223474,-0.935239,0,0.354017,-0.00765387,0.999766,-0.0202199,-0.353934,-0.0216201,-0.93502
1.139,-0.05,0.23737,-0.96066,-8.67362e-19,0.277725,-0.00600447,0.999766,-0.0207696,-0.277661,-0.0216202,-0.960436
1.099,-0.05,0.247137,-0.98138,0,0.192078,-0.00437844,0.99974,-0.0223707,-0.192028,-0.0227952,-0.981125
1.059,-0.05,0.246332,-1,0,0,0,0.999989,-0.00478172,0,-0.00478172,-0.999989
1.019,-0.05,0.246332,-1,0,0,0,0.999989,-0.00478172,0,-0.00478172,-0.999989
0.979,-0.05,0.246332,-1,0,1.79134e-08,-8.56559e-11,0.999989,-0.00478168,-1.79131e-08,-0.00478168,-0.999989
0.939,-0.05,0.246332,-1,0,-3.87951e-07,1.85498e-09,0.999989,-0.00478147,3.87947e-07,-0.00478147,-0.999989
0.899,-0.05,0.24368,-0.982179,0,-0.187947,0.00406119,0.999767,-0.0212231,0.187903,-0.0216081,-0.98195
0.859,-0.05,0.231802,-0.935239,8.67362e-19,-0.354017,0.00765395,0.999766,-0.0202201,0.353934,-0.0216203,-0.93502
0.819,-0.05,0.215749,-0.903763,0,-0.428034,0.00925412,0.999766,-0.0195394,0.427934,-0.02162,-0.903551
0.779,-0.05,0.195135,-0.866433,-1.73472e-18,-0.499293,0.0107948,0.999766,-0.0187324,0.499177,-0.0216201,-0.86623
0.739,-0.05,0.169346,-0.823491,0,-0.56733,0.0122657,0.999766,-0.017804,0.567197,-0.0216201,-0.823298
0.699,-0.05,0.143637,-0.844396,1.73472e-18,-0.535719,0.0115563,0.999767,-0.018215,0.535594,-0.0215716,-0.8442
0.659,-0.05,0.125073,-0.917488,0,-0.397763,0.00858039,0.999767,-0.0197917,0.397671,-0.0215716,-0.917275
0.659,-0.01,0.124132,-0.917488,0,-0.397763,0.0085804,0.999767,-0.0197917,0.397671,-0.0215716,-0.917275
0.699,-0.01,0.142615,-0.844396,1.73472e-18,-0.535719,0.0115563,0.999767,-0.018215,0.535594,-0.0215716,-0.8442
0.739,-0.01,0.168296,-0.823491,0,-0.56733,0.0122657,0.999766,-0.017804,0.567197,-0.0216201,-0.823298
0.779,-0.01,0.194137,-0.866433,0,-0.499293,0.0107948,0.999766,-0.0187324,0.499177,-0.0216202,-0.866231
0.819,-0.01,0.214792,-0.903763,0,-0.428034,0.00925412,0.999766,-0.0195394,0.427934,-0.02162,-0.903551
0.859,-0.01,0.230877,-0.935239,8.67362e-19,-0.354017,0.00765395,0.999766,-0.0202201,0.353934,-0.0216203,-0.93502
0.899,-0.01,0.242799,-0.982179,0,-0.187947,0.00406119,0.999767,-0.0212231,0.187903,-0.0216081,-0.98195
0.939,-0.01,0.246141,-1,0,1.79134e-08,-8.56559e-11,0.999989,-0.00478168,-1.79131e-08,-0.00478168,-0.999989
0.979,-0.01,0.246141,-1,0,1.79134e-08,-8.56559e-11,0.999989,-0.00478168,-1.79131e-08,-0.00478168,-0.999989
1.019,-0.01,0.246141,-1,0,1.79134e-08,-8.56559e-11,0.999989,-0.00478168,-1.79131e-08,-0.00478168,-0.999989
1.059,-0.01,0.246141,-1,0,1.79134e-08,-8.56559e-11,0.999989,-0.00478168,-1.79131e-08,-0.00478168,-0.999989
1.099,-0.01,0.246141,-1,2.06795e-25,2.53652e-07,-1.2129e-09,0.999989,-0.00478176,-2.53649e-07,-0.00478176,-0.999989
1.139,-0.01,0.23647,-0.96066,-8.67362e-19,0.277725,-0.00600447,0.999766,-0.0207696,-0.277661,-0.0216202,-0.960436
1.179,-0.01,0.222549,-0.935239,0,0.354017,-0.00765387,0.999766,-0.0202199,-0.353934,-0.0216201,-0.93502
1.219,-0.01,0.204372,-0.903763,0,0.428034,-0.00925417,0.999766,-0.0195395,-0.427934,-0.0216202,-0.903551
1.259,-0.01,0.180696,-0.823491,1.73472e-18,0.56733,-0.0122657,0.999766,-0.017804,-0.567197,-0.0216201,-0.823298
1.299,-0.01,0.153987,-0.843266,0,0.537497,-0.0115966,0.999767,-0.0181936,-0.537372,-0.0215751,-0.843069
1.339,-0.01,0.131916,-0.914955,-1.73472e-18,0.403556,-0.00870682,0.999767,-0.0197404,-0.403462,-0.0215753,-0.914742
1.379,-0.01,0.116869,-0.965527,0,0.260304,-0.00561609,0.999767,-0.0208314,-0.260243,-0.0215751,-0.965302
1.379,0.03,0.116923,-0.965527,8.67362e-19,0.260304,0.00513569,0.999805,0.0190494,-0.260253,0.0197296,-0.965339
1.339,0.03,0.131973,-0.914955,0,0.403556,0.00796202,0.999805,0.0180518,-0.403477,0.0197297,-0.914777
1.299,0.03,0.154048,-0.843266,0,0.537497,0.0106045,0.999805,0.0166371,-0.537393,0.0197294,-0.843101
1.259,0.03,0.18076,-0.823491,0,0.56733,0.0112165,0.999805,0.0162809,-0.567219,0.0197706,-0.82333
1.219,0.03,0.20443,-0.903763,-8.67362e-19,0.428034,0.00846252,0.999805,0.017868,-0.42795,0.0197707,-0.903586
1.179,0.03,0.222605,-0.935239,8.67362e-19,0.354017,0.00699918,0.999805,0.0184904,-0.353948,0.0197707,-0.935056
1.139,0.03,0.236524,-0.96066,-8.67362e-19,0.277725,0.00549087,0.999805,0.0189931,-0.277671,0.0197709,-0.960473
1.099,0.03,0.245968,-0.995015,1.73472e-18,-0.0997268,-0.00760029,0.997092,0.0758312,0.0994367,0.0762111,-0.992121
1.059,0.03,0.24595,-1,1.29247e-26,1.78865e-08,-8.55221e-11,0.999989,-0.00478137,-1.78863e-08,-0.00478137,-0.999989
1.019,0.03,0.24595,-1,1.29247e-26,1.78865e-08,-8.55221e-11,0.999989,-0.00478137,-1.78863e-08,-0.00478137,-0.999989
0.979,0.03,0.24595,-1,0,0,0,0.999989,-0.00478142,0,-0.00478142,-0.999989
0.939,0.03,0.24595,-1,0,-8.20475e-07,3.9236e-09,0.999989,-0.0047821,8.20466e-07,-0.0047821,-0.999989
0.899,0.03,0.242857,-0.979538,0,-0.201262,-0.00397933,0.999805,0.0193674,0.201222,0.0197719,-0.979346
0.859,0.03,0.230933,-0.935239,0,-0.354018,-0.0069992,0.999805,0.0184904,0.353948,0.0197708,-0.935056
0.819,0.03,0.21485,-0.903763,8.67362e-19,-0.428034,-0.00846252,0.999805,0.017868,0.42795,0.0197707,-0.903586
0.779,0.03,0.194197,-0.866433,1.73472e-18,-0.499293,-0.0098714,0.999805,0.01713,0.499196,0.0197707,-0.866264
0.739,0.03,0.168359,-0.823491,0,-0.56733,-0.0112164,0.999805,0.0162808,0.567219,0.0197705,-0.82333
0.699,0.03,0.142677,-0.844396,0,-0.535719,-0.0105677,0.999805,0.0166567,0.535615,0.0197262,-0.844232
0.659,0.03,0.124189,-0.917488,8.67362e-19,-0.397763,-0.00784644,0.999805,0.0180988,0.397686,0.0197264,-0.91731
0.659,0.07,0.125049,-0.917488,8.67362e-19,-0.397763,-0.00784644,0.999805,0.0180988,0.397686,0.0197264,-0.91731
0.699,0.07,0.143612,-0.844396,0,-0.535719,-0.0105677,0.999805,0.0166567,0.535615,0.0197262,-0.844232
0.739,0.07,0.16932,-0.823491,0,-0.56733,-0.0112164,0.999805,0.0162808,0.567219,0.0197705,-0.82333
0.779,0.07,0.19511,-0.866433,0,-0.499293,-0.00987134,0.999805,0.0171299,0.499195,0.0197706,-0.866264
0.819,0.07,0.215725,-0.903763,8.67362e-19,-0.428034,-0.00846249,0.999805,0.0178679,0.42795,0.0197706,-0.903586
0.859,0.07,0.231779,-0.935239,0,-0.354018,-0.0069992,0.999805,0.0184904,0.353948,0.0197708,-0.935056
0.899,0.07,0.243665,-0.979538,0,-0.201262,-0.00397933,0.999805,0.0193674,0.201222,0.0197719,-0.979346
0.939,0.07,0.251095,-0.990208,0,-0.139597,-0.00393342,0.999603,0.0279011,0.139541,0.028177,-0.989815
0.979,0.07,0.25487,-0.998795,-2.1684e-19,-0.0490708,-0.00178126,0.999341,0.0362561,0.0490385,0.0362999,-0.998137
1.019,0.07,0.255733,-0.998791,2.1684e-19,0.0491499,0.00149425,0.999538,0.030365,-0.0491272,0.0304018,-0.99833
1.059,0.07,0.25334,-0.993098,-4.33681e-19,0.117288,0.00306625,0.999658,0.0259624,-0.117248,0.0261428,-0.992758
1.099,0.07,0.24715,-0.982974,0,0.183745,0.00318047,0.99985,0.0170145,-0.183717,0.0173092,-0.982827
1.139,0.07,0.237347,-0.96066,0,0.277726,0.00549084,0.999805,0.0189929,-0.277672,0.0197707,-0.960473
1.179,0.07,0.223451,-0.935239,0,0.354017,0.00699917,0.999805,0.0184903,-0.353948,0.0197707,-0.935056
1.219,0.07,0.205305,-0.903763,-8.67362e-19,0.428034,0.00846252,0.999805,0.017868,-0.42795,0.0197707,-0.903586
1.259,0.07,0.18172,-0.823491,0,0.56733,0.0112165,0.999805,0.0162809,-0.567219,0.0197706,-0.82333
1.299,0.07,0.154985,-0.843266,0,0.537497,0.0106045,0.999805,0.0166371,-0.537393,0.0197294,-0.843101
1.339,0.07,0.132836,-0.914955,0,0.403556,0.00796202,0.999805,0.0180518,-0.403477,0.0197297,-0.914777
1.379,0.07,0.117741,-0.965527,8.67362e-19,0.260304,0.00513569,0.999805,0.0190494,-0.260253,0.0197296,-0.965339
1.379,0.11,0.118558,-0.965527,0,0.260304,0.00513565,0.999805,0.0190493,-0.260254,0.0197294,-0.965339
1.339,0.11,0.133699,-0.914955,-8.67362e-19,0.403556,0.00796201,0.999805,0.0180517,-0.403477,0.0197296,-0.914777
1.299,0.11,0.155921,-0.843266,0,0.537497,0.0106046,0.999805,0.0166374,-0.537392,0.0197297,-0.843102
1.259,0.11,0.182681,-0.82349,-3.46945e-18,0.56733,0.0112164,0.999805,0.0162808,-0.567219,0.0197705,-0.823329
1.219,0.11,0.206181,-0.903763,-8.67362e-19,0.428034,0.00846252,0.999805,0.017868,-0.42795,0.0197707,-0.903586
1.179,0.11,0.224297,-0.935239,0,0.354017,0.00699917,0.999805,0.0184903,-0.353948,0.0197707,-0.935056
1.139,0.11,0.238171,-0.96066,0,0.277726,0.00549084,0.999805,0.0189929,-0.277672,0.0197707,-0.960473
1.099,0.11,0.247909,-0.979867,8.67362e-19,0.199653,0.00761285,0.999273,0.0373627,-0.199508,0.0381304,-0.979154
1.059,0.11,0.254367,-0.992737,0,0.120304,0.00298071,0.999693,0.0245965,-0.120267,0.0247765,-0.992432
1.019,0.11,0.256962,-0.999192,0,0.0401872,0.00151132,0.999293,0.0375765,-0.0401588,0.0376069,-0.998485
0.979,0.11,0.256324,-0.998795,-2.1684e-19,-0.0490708,-0.00178126,0.999341,0.0362561,0.0490385,0.0362999,-0.998137
0.939,0.11,0.25219,-0.992737,-4.33681e-19,-0.120304,-0.00293527,0.999702,0.0242215,0.120268,0.0243987,-0.992442
0.899,0.11,0.244472,-0.979538,0,-0.201262,-0.00397933,0.999805,0.0193674,0.201222,0.0197719,-0.979346
0.859,0.11,0.232625,-0.935239,0,-0.354018,-0.0069992,0.999805,0.0184904,0.353948,0.0197708,-0.935056
0.819,0.11,0.2166,-0.903763,8.67362e-19,-0.428034,-0.00846249,0.999805,0.0178679,0.42795,0.0197706,-0.903586
0.779,0.11,0.196023,-0.866433,0,-0.499293,-0.00987134,0.999805,0.0171299,0.499195,0.0197706,-0.866264
0.739,0.11,0.17028,-0.82349,1.73472e-18,-0.56733,-0.0112165,0.999805,0.016281,0.56722,0.0197707,-0.823329
0.699,0.11,0.144546,-0.844396,0,-0.535719,-0.0105677,0.999805,0.0166567,0.535615,0.0197262,-0.844232
0.659,0.11,0.125909,-0.917488,0,-0.397763,-0.00784634,0.999805,0.0180985,0.397685,0.0197262,-0.91731
0.659,0.15,0.12802,-0.917488,0,-0.397763,-0.0242537,0.998139,0.0559441,0.397022,0.0609753,-0.915781
0.699,0.15,0.14684,-0.844396,0,-0.535719,-0.0326657,0.998139,0.0514874,0.534722,0.0609754,-0.842825
0.739,0.15,0.172637,-0.82349,3.46945e-18,-0.56733,-0.0346707,0.998131,0.0503251,0.56627,0.0611119,-0.821951
0.779,0.15,0.198263,-0.866433,0,-0.499293,-0.0305127,0.998131,0.0529493,0.49836,0.0611119,-0.864814
0.819,0.15,0.218748,-0.903763,0,-0.428034,-0.026158,0.998131,0.0552308,0.427234,0.061112,-0.902073
0.859,0.15,0.2347,-0.935239,0,-0.354017,-0.0216347,0.998131,0.0571543,0.353356,0.061112,-0.933491
0.899,0.15,0.246437,-0.982263,0,-0.187509,-0.0114525,0.998133,0.0599937,0.187158,0.061077,-0.980429
0.939,0.15,0.24921,-1,0,5.96005e-07,3.9898e-08,0.997757,0.0669425,-5.94668e-07,0.0669425,-0.997757
0.979,0.15,0.24921,-1,0,0,0,0.997757,0.0669425,0,0.0669425,-0.997757
1.019,0.15,0.24921,-1,0,0,0,0.997757,0.0669425,0,0.0669425,-0.997757
1.059,0.15,0.24921,-1,-1.65436e-24,1.9072e-07,1.27673e-08,0.997757,0.0669425,-1.90292e-07,0.0669425,-0.997757
1.099,0.15,0.250035,-0.979032,1.73472e-18,0.203708,0.0112527,0.998473,0.0540813,-0.203397,0.0552396,-0.977537
1.139,0.15,0.240191,-0.96066,-3.46945e-18,0.277726,0.0169724,0.998131,0.0587079,-0.277207,0.061112,-0.958865
1.179,0.15,0.226372,-0.935239,0,0.354017,0.0216348,0.998131,0.0571545,-0.353356,0.0611121,-0.933491
1.219,0.15,0.208328,-0.903763,3.46945e-18,0.428034,0.026158,0.998131,0.0552308,-0.427234,0.061112,-0.902073
1.259,0.15,0.185038,-0.82349,0,0.56733,0.0346707,0.998131,0.0503251,-0.56627,0.061112,-0.821951
1.299,0.15,0.158218,-0.843266,0,0.537497,0.0327794,0.998139,0.0514268,-0.536496,0.0609853,-0.841696
1.339,0.15,0.135816,-0.914955,0,0.403556,0.0246109,0.998139,0.0557987,-0.402805,0.0609852,-0.913252
1.379,0.15,0.120565,-0.965527,-3.46945e-18,0.260304,0.0158747,0.998139,0.0588829,-0.25982,0.0609852,-0.963729
1.379,0.19,0.123096,-0.965527,-3.46945e-18,0.260304,0.0158747,0.998139,0.0588829,-0.25982,0.0609852,-0.963729
1.339,0.19,0.138487,-0.914955,0,0.403556,0.0246109,0.998139,0.0557987,-0.402805,0.0609852,-0.913252
1.299,0.19,0.161116,-0.843266,0,0.537497,0.0327794,0.998139,0.0514268,-0.536496,0.0609853,-0.841696
1.259,0.19,0.188012,-0.82349,0,0.56733,0.0346707,0.998131,0.0503251,-0.56627,0.061112,-0.821951
1.219,0.19,0.211038,-0.903763,3.46945e-18,0.428034,0.026158,0.998131,0.0552308,-0.427234,0.061112,-0.902073
1.179,0.19,0.228991,-0.935239,0,0.354017,0.0216347,0.998131,0.0571544,-0.353356,0.0611121,-0.933491
1.139,0.19,0.242741,-0.96066,3.46945e-18,0.277725,0.0169724,0.998131,0.058708,-0.277206,0.0611122,-0.958865
1.099,0.19,0.251894,-1,0,1.15758e-06,7.74913e-08,0.997757,0.0669425,-1.15498e-06,0.0669425,-0.997757
1.059,0.19,0.251894,-1,-1.65436e-24,1.9072e-07,1.27673e-08,0.997757,0.0669425,-1.90292e-07,0.0669425,-0.997757
1.019,0.19,0.251894,-1,0,0,0,0.997757,0.0669425,0,0.0669425,-0.997757
0.979,0.19,0.251894,-1,0,0,0,0.997757,0.0669425,0,0.0669425,-0.997757
0.939,0.19,0.251894,-1,0,5.96005e-07,3.9898e-08,0.997757,0.0669425,-5.94668e-07,0.0669425,-0.997757
0.899,0.19,0.248929,-0.982263,0,-0.187509,-0.0114525,0.998133,0.0599937,0.187158,0.061077,-0.980429
0.859,0.19,0.237319,-0.935239,0,-0.354017,-0.0216347,0.998131,0.0571543,0.353356,0.061112,-0.933491
0.819,0.19,0.221458,-0.903763,0,-0.428034,-0.026158,0.998131,0.0552308,0.427234,0.0611121,-0.902073
0.779,0.19,0.20109,-0.866433,0,-0.499293,-0.0305128,0.998131,0.0529495,0.49836,0.061112,-0.864814
0.739,0.19,0.175611,-0.82349,3.46945e-18,-0.56733,-0.0346707,0.998131,0.0503251,0.56627,0.0611119,-0.821951
0.699,0.19,0.149734,-0.844396,0,-0.535719,-0.0326657,0.998139,0.0514874,0.534722,0.0609754,-0.842825
0.659,0.19,0.130684,-0.917488,0,-0.397763,-0.0242537,0.998139,0.0559441,0.397022,0.0609753,-0.915781
0.659,0.23,0.133347,-0.917488,0,-0.397763,-0.0242538,0.998139,0.0559442,0.397023,0.0609754,-0.915781
0.699,0.23,0.152628,-0.844397,0,-0.535719,-0.0326656,0.998139,0.0514874,0.534722,0.0609753,-0.842825
0.739,0.23,0.178585,-0.82349,-6.93889e-18,-0.56733,-0.0346706,0.998131,0.050325,0.56627,0.0611118,-0.821951
0.779,0.23,0.203916,-0.866433,0,-0.499293,-0.0305128,0.998131,0.0529495,0.49836,0.061112,-0.864814
0.819,0.23,0.224168,-0.903763,0,-0.428034,-0.026158,0.998131,0.0552308,0.427234,0.0611121,-0.902073
0.859,0.23,0.239937,-0.935239,0,-0.354017,-0.0216347,0.998131,0.0571543,0.353356,0.061112,-0.933491
0.899,0.23,0.251436,-0.979166,0,-0.203063,-0.0131413,0.997904,0.0633668,0.202638,0.0647151,-0.977113
0.939,0.23,0.254577,-1,0,1.22755e-06,8.21753e-08,0.997757,0.0669427,-1.22479e-06,0.0669427,-0.997757
0.979,0.23,0.254577,-1,0,0,0,0.997757,0.0669425,0,0.0669425,-0.997757
1.019,0.23,0.254577,-1,0,0,0,0.997757,0.0669425,0,0.0669425,-0.997757
1.059,0.23,0.254577,-1,-3.30872e-24,-2.24228e-07,-1.50104e-08,0.997757,0.0669425,2.23725e-07,0.0669425,-0.997757
1.099,0.23,0.254696,-0.996537,0,-0.0831497,-0.0108032,0.991524,0.129475,0.0824449,0.129925,-0.98809
1.139,0.23,0.24529,-0.96066,3.46945e-18,0.277725,0.0169724,0.998131,0.058708,-0.277206,0.0611122,-0.958865
1.179,0.23,0.23161,-0.935239,0,0.354017,0.0216347,0.998131,0.0571544,-0.353356,0.0611121,-0.933491
1.219,0.23,0.213748,-0.903763,3.46945e-18,0.428034,0.026158,0.998131,0.0552308,-0.427234,0.061112,-0.902073
1.259,0.23,0.190986,-0.823491,-3.46945e-18,0.56733,0.0346707,0.998131,0.0503252,-0.56627,0.0611121,-0.821951
1.299,0.23,0.164014,-0.843266,0,0.537497,0.0327793,0.998139,0.0514266,-0.536497,0.0609851,-0.841696
1.339,0.23,0.141158,-0.914955,0,0.403556,0.0246109,0.998139,0.0557987,-0.402805,0.0609852,-0.913252
1.379,0.23,0.125627,-0.965527,1.73472e-18,0.260304,0.0158747,0.998139,0.0588829,-0.25982,0.0609853,-0.96373
1.379,0.27,0.129604,-0.965527,0,0.260304,0.0265741,0.994775,0.0985694,-0.258944,0.102089,-0.960482
1.339,0.27,0.145356,-0.914955,0,0.403556,0.0411984,0.994775,0.0934065,-0.401447,0.102089,-0.910175
