0.627137,0.616407,0.754202,0.0304265,-0.573688,0.818508,0.655705,-0.606602,-0.449539,0.754404,0.550378,0.357713
0.627137,0.616407,0.754202,0.0304265,-0.573688,0.818508,0.655705,-0.606602,-0.449539,0.754404,0.550378,0.357713
0.627155,0.59894,0.841472,0.360731,-0.257544,0.896406,0.548404,-0.718845,-0.427218,0.754404,0.645703,-0.118072
0.627155,0.59894,0.841472,0.360731,-0.257544,0.896406,0.548404,-0.718845,-0.427218,0.754404,0.645703,-0.118072
0.627155,0.59894,0.841472,0.360731,-0.257544,0.896406,0.548404,-0.718845,-0.427218,0.754404,0.645703,-0.118072
0.627155,0.59894,0.841472,0.360731,-0.257544,0.896406,0.548404,-0.718845,-0.427218,0.754404,0.645703,-0.118072
0.627137,0.602154,0.702968,0.0304265,-0.259144,0.965359,0.655705,-0.723771,-0.214958,0.754404,0.639531,0.1479
0.627137,0.602154,0.702968,0.0304265,-0.259144,0.965359,0.655705,-0.723771,-0.214958,0.754404,0.639531,0.1479
