0.627137,0.588601,0.712426,0.0304265,-0.183298,0.982586,0.655705,-0.738294,-0.158031,0.754404,0.649095,0.0977259
0.627137,0.588601,0.712426,0.0304265,-0.183298,0.982586,0.655705,-0.738294,-0.158031,0.754404,0.649095,0.0977259
0.627155,0.608837,0.799096,0.360731,0.136727,0.922593,0.548404,-0.831221,-0.0912389,0.754404,0.538867,-0.374829
0.627155,0.608837,0.799096,0.360731,0.136727,0.922593,0.548404,-0.831221,-0.0912389,0.754404,0.538867,-0.374829
0.627155,0.608837,0.799096,0.360731,0.136727,0.922593,0.548404,-0.831221,-0.0912389,0.754404,0.538867,-0.374829
0.627155,0.608837,0.799096,0.360731,0.136727,0.922593,0.548404,-0.831221,-0.0912389,0.754404,0.538867,-0.374829
0.627137,0.554415,0.671691,0.0304265,0.16382,0.986021,0.655705,-0.747819,0.104011,0.754404,0.643374,-0.130171
0.627137,0.554415,0.671691,0.0304265,0.16382,0.986021,0.655705,-0.747819,0.104011,0.754404,0.643374,-0.130171
