0.627137,0.593781,0.719331,0.0304265,-0.211917,0.976814,0.655705,-0.733363,-0.179525,0.754404,0.645964,0.116641
0.627137,0.593781,0.719331,0.0304265,-0.211917,0.976814,0.655705,-0.733363,-0.179525,0.754404,0.645964,0.116641
0.627155,0.611477,0.806556,0.360731,0.109724,0.926193,0.548404,-0.828202,-0.115476,0.754404,0.549584,-0.358931
0.627155,0.611477,0.806556,0.360731,0.109724,0.926193,0.548404,-0.828202,-0.115476,0.754404,0.549584,-0.358931
0.627155,0.611477,0.806556,0.360731,0.109724,0.926193,0.548404,-0.828202,-0.115476,0.754404,0.549584,-0.358931
0.627155,0.611477,0.806556,0.360731,0.109724,0.926193,0.548404,-0.828202,-0.115476,0.754404,0.549584,-0.358931
0.627137,0.560799,0.677616,0.0304265,0.134953,0.990385,0.655705,-0.750538,0.0821265,0.754404,0.646901,-0.111326
0.627137,0.560799,0.677616,0.0304265,0.134953,0.990385,0.655705,-0.750538,0.0821265,0.754404,0.646901,-0.111326
