0.627137,0.600726,0.73703,0.0304265,-0.314282,0.948842,0.655705,-0.710198,-0.256263,0.754404,0.629957,0.184467
0.627137,0.600726,0.73703,0.0304265,-0.314282,0.948842,0.655705,-0.710198,-0.256263,0.754404,0.629957,0.184467
0.627155,0.609074,0.825639,0.360731,0.0109125,0.932606,0.548404,-0.811292,-0.202629,0.754404,0.584539,-0.298643
0.627155,0.609074,0.825639,0.360731,0.0109125,0.932606,0.548404,-0.811292,-0.202629,0.754404,0.584539,-0.298643
0.627155,0.609074,0.825639,0.360731,0.0109125,0.932606,0.548404,-0.811292,-0.202629,0.754404,0.584539,-0.298643
0.627155,0.609074,0.825639,0.360731,0.0109125,0.932606,0.548404,-0.811292,-0.202629,0.754404,0.584539,-0.298643
0.627137,0.572352,0.692053,0.0304265,0.0291944,0.999111,0.655705,-0.755015,0.00209325,0.754404,0.655058,-0.0421154
0.627137,0.572352,0.692053,0.0304265,0.0291944,0.999111,0.655705,-0.755015,0.00209325,0.754404,0.655058,-0.0421154
