0.627137,0.600089,0.738926,0.0304265,-0.320268,0.946838,0.655705,-0.708565,-0.260743,0.754404,0.62878,0.188442
0.627137,0.600089,0.738926,0.0304265,-0.320268,0.946838,0.655705,-0.708565,-0.260743,0.754404,0.62878,0.188442
0.627155,0.607878,0.827586,0.360731,0.00502313,0.932656,0.548404,-0.809996,-0.207748,0.754404,0.586414,-0.294946
0.627155,0.607878,0.827586,0.360731,0.00502313,0.932656,0.548404,-0.809996,-0.207748,0.754404,0.586414,-0.294946
0.627155,0.607878,0.827586,0.360731,0.00502313,0.932656,0.548404,-0.809996,-0.207748,0.754404,0.586414,-0.294946
0.627155,0.607878,0.827586,0.360731,0.00502313,0.932656,0.548404,-0.809996,-0.207748,0.754404,0.586414,-0.294946
0.627137,0.572,0.693771,0.0304265,0.0228847,0.999275,0.655705,-0.755013,-0.00267453,0.754404,0.655311,-0.037978
0.627137,0.572,0.693771,0.0304265,0.0228847,0.999275,0.655705,-0.755013,-0.00267453,0.754404,0.655311,-0.037978
