0.627137,0.596625,0.74391,0.0304265,-0.346545,0.93754,0.655705,-0.701019,-0.280399,0.754404,0.623281,0.205901
0.627137,0.596625,0.74391,0.0304265,-0.346545,0.93754,0.655705,-0.701019,-0.280399,0.754404,0.623281,0.205901
0.627155,0.601939,0.832753,0.360731,-0.020985,0.932434,0.548404,-0.803888,-0.230253,0.754404,0.59441,-0.27848
0.627155,0.601939,0.832753,0.360731,-0.020985,0.932434,0.548404,-0.803888,-0.230253,0.754404,0.59441,-0.27848
0.627155,0.601939,0.832753,0.360731,-0.020985,0.932434,0.548404,-0.803888,-0.230253,0.754404,0.59441,-0.27848
0.627155,0.601939,0.832753,0.360731,-0.020985,0.932434,0.548404,-0.803888,-0.230253,0.754404,0.59441,-0.27848
0.627137,0.569806,0.697989,0.0304265,-0.00498798,0.999525,0.655705,-0.754645,-0.0237263,0.754404,0.656115,-0.0196906
0.627137,0.569806,0.697989,0.0304265,-0.00498798,0.999525,0.655705,-0.754645,-0.0237263,0.754404,0.656115,-0.0196906
