0.627137,0.577833,0.737601,0.0304265,-0.284287,0.958256,0.655705,-0.717905,-0.233802,0.754404,0.635447,0.164565
0.627137,0.577833,0.737601,0.0304265,-0.284287,0.958256,0.655705,-0.717905,-0.233802,0.754404,0.635447,0.164565
0.627155,0.588963,0.825904,0.360731,0.040236,0.931801,0.548404,-0.817263,-0.177015,0.754404,0.574858,-0.316878
0.627155,0.588963,0.825904,0.360731,0.040236,0.931801,0.548404,-0.817263,-0.177015,0.754404,0.574858,-0.316878
0.627155,0.588963,0.825904,0.360731,0.040236,0.931801,0.548404,-0.817263,-0.177015,0.754404,0.574858,-0.316878
0.627155,0.588963,0.825904,0.360731,0.040236,0.931801,0.548404,-0.817263,-0.177015,0.754404,0.574858,-0.316878
0.627137,0.548058,0.693539,0.0304265,0.0606003,0.997698,0.655705,-0.754575,0.0258361,0.754404,0.653409,-0.062695
0.627137,0.548058,0.693539,0.0304265,0.0606003,0.997698,0.655705,-0.754575,0.0258361,0.754404,0.653409,-0.062695
