0.627137,0.577954,0.738874,0.0304265,-0.286155,0.9577,0.655705,-0.717448,-0.235201,0.754404,0.635125,0.165803
0.627137,0.577954,0.738874,0.0304265,-0.286155,0.9577,0.655705,-0.717448,-0.235201,0.754404,0.635125,0.165803
0.627155,0.588913,0.827198,0.360731,0.0384196,0.931878,0.548404,-0.816916,-0.178608,0.754404,0.575475,-0.315757
0.627155,0.588913,0.827198,0.360731,0.0384196,0.931878,0.548404,-0.816916,-0.178608,0.754404,0.575475,-0.315757
0.627155,0.588913,0.827198,0.360731,0.0384196,0.931878,0.548404,-0.816916,-0.178608,0.754404,0.575475,-0.315757
0.627155,0.588913,0.827198,0.360731,0.0384196,0.931878,0.548404,-0.816916,-0.178608,0.754404,0.575475,-0.315757
0.627137,0.548266,0.694754,0.0304265,0.0586554,0.997814,0.655705,-0.754624,0.0243652,0.754404,0.65353,-0.0614212
0.627137,0.548266,0.694754,0.0304265,0.0586554,0.997814,0.655705,-0.754624,0.0243652,0.754404,0.65353,-0.0614212
