0.627137,0.577653,0.745473,0.0304265,-0.297047,0.954378,0.655705,-0.714722,-0.243359,0.754404,0.633195,0.173028
0.627137,0.577653,0.745473,0.0304265,-0.297047,0.954378,0.655705,-0.714722,-0.243359,0.754404,0.633195,0.173028
0.627155,0.587604,0.833916,0.360731,0.0278007,0.932255,0.548404,-0.814829,-0.187903,0.754404,0.579035,-0.30918
0.627155,0.587604,0.833916,0.360731,0.0278007,0.932255,0.548404,-0.814829,-0.187903,0.754404,0.579035,-0.30918
0.627155,0.587604,0.833916,0.360731,0.0278007,0.932255,0.548404,-0.814829,-0.187903,0.754404,0.579035,-0.30918
0.627155,0.587604,0.833916,0.360731,0.0278007,0.932255,0.548404,-0.814829,-0.187903,0.754404,0.579035,-0.30918
0.627137,0.548469,0.701017,0.0304265,0.0472841,0.998418,0.655705,-0.754853,0.0157666,0.754404,0.654188,-0.0539719
0.627137,0.548469,0.701017,0.0304265,0.0472841,0.998418,0.655705,-0.754853,0.0157666,0.754404,0.654188,-0.0539719
