0.627137,0.567001,0.72509,0.0304265,-0.150758,0.988102,0.655705,-0.743109,-0.13357,0.754404,0.651967,0.0762428
0.627137,0.567001,0.72509,0.0304265,-0.150758,0.988102,0.655705,-0.743109,-0.13357,0.754404,0.651967,0.0762428
0.627155,0.590087,0.811045,0.360731,0.167112,0.917576,0.548404,-0.83378,-0.0637463,0.754404,0.526198,-0.392415
0.627155,0.590087,0.811045,0.360731,0.167112,0.917576,0.548404,-0.83378,-0.0637463,0.754404,0.526198,-0.392415
0.627155,0.590087,0.811045,0.360731,0.167112,0.917576,0.548404,-0.83378,-0.0637463,0.754404,0.526198,-0.392415
0.627155,0.590087,0.811045,0.360731,0.167112,0.917576,0.548404,-0.83378,-0.0637463,0.754404,0.526198,-0.392415
0.627137,0.531488,0.685506,0.0304265,0.196284,0.980075,0.655705,-0.743977,0.128643,0.754404,0.638726,-0.151341
0.627137,0.531488,0.685506,0.0304265,0.196284,0.980075,0.655705,-0.743977,0.128643,0.754404,0.638726,-0.151341
