0.627137,0.568581,0.726029,0.0304265,-0.15788,0.986989,0.655705,-0.742126,-0.138925,0.754404,0.651401,0.0809423
0.627137,0.568581,0.726029,0.0304265,-0.15788,0.986989,0.655705,-0.742126,-0.138925,0.754404,0.651401,0.0809423
0.627155,0.591046,0.812149,0.360731,0.16049,0.918758,0.548404,-0.833299,-0.0697572,0.754404,0.529014,-0.388611
0.627155,0.591046,0.812149,0.360731,0.16049,0.918758,0.548404,-0.833299,-0.0697572,0.754404,0.529014,-0.388611
0.627155,0.591046,0.812149,0.360731,0.16049,0.918758,0.548404,-0.833299,-0.0697572,0.754404,0.529014,-0.388611
0.627155,0.591046,0.812149,0.360731,0.16049,0.918758,0.548404,-0.833299,-0.0697572,0.754404,0.529014,-0.388611
0.627137,0.533355,0.686191,0.0304265,0.189212,0.981465,0.655705,-0.744886,0.123275,0.754404,0.6398,-0.146731
0.627137,0.533355,0.686191,0.0304265,0.189212,0.981465,0.655705,-0.744886,0.123275,0.754404,0.6398,-0.146731
