0.627137,0.57477,0.732717,0.0304265,-0.185459,0.982181,0.655705,-0.737944,-0.159654,0.754404,0.648878,0.0991531
0.627137,0.57477,0.732717,0.0304265,-0.185459,0.982181,0.655705,-0.737944,-0.159654,0.754404,0.648878,0.0991531
0.627155,0.594814,0.819432,0.360731,0.134697,0.922892,0.548404,-0.831019,-0.0930666,0.754404,0.539689,-0.373643
0.627155,0.594814,0.819432,0.360731,0.134697,0.922892,0.548404,-0.831019,-0.0930666,0.754404,0.539689,-0.373643
0.627155,0.594814,0.819432,0.360731,0.134697,0.922892,0.548404,-0.831019,-0.0930666,0.754404,0.539689,-0.373643
0.627155,0.594814,0.819432,0.360731,0.134697,0.922892,0.548404,-0.831019,-0.0930666,0.754404,0.539689,-0.373643
0.627137,0.540672,0.691908,0.0304265,0.161651,0.986379,0.655705,-0.748046,0.102366,0.754404,0.643659,-0.128756
0.627137,0.540672,0.691908,0.0304265,0.161651,0.986379,0.655705,-0.748046,0.102366,0.754404,0.643659,-0.128756
