0.627137,0.580838,0.739436,0.0304265,-0.21268,0.976648,0.655705,-0.733223,-0.180099,0.754404,0.645872,0.117146
0.627137,0.580838,0.739436,0.0304265,-0.21268,0.976648,0.655705,-0.733223,-0.180099,0.754404,0.645872,0.117146
0.627155,0.598465,0.826675,0.360731,0.109,0.926279,0.548404,-0.828111,-0.116123,0.754404,0.549864,-0.358502
0.627155,0.598465,0.826675,0.360731,0.109,0.926279,0.548404,-0.828111,-0.116123,0.754404,0.549864,-0.358502
0.627155,0.598465,0.826675,0.360731,0.109,0.926279,0.548404,-0.828111,-0.116123,0.754404,0.549864,-0.358502
0.627155,0.598465,0.826675,0.360731,0.109,0.926279,0.548404,-0.828111,-0.116123,0.754404,0.549864,-0.358502
0.627137,0.547888,0.697695,0.0304265,0.134179,0.99049,0.655705,-0.750601,0.0815397,0.754404,0.646988,-0.11082
0.627137,0.547888,0.697695,0.0304265,0.134179,0.99049,0.655705,-0.750601,0.0815397,0.754404,0.646988,-0.11082
