0.627137,0.586845,0.746296,0.0304265,-0.24034,0.970212,0.655705,-0.727811,-0.200856,0.754404,0.642284,0.135447
0.627137,0.586845,0.746296,0.0304265,-0.24034,0.970212,0.655705,-0.727811,-0.200856,0.754404,0.642284,0.135447
0.627155,0.601987,0.834,0.360731,0.0826413,0.929001,0.548404,-0.824478,-0.139602,0.754404,0.559827,-0.342736
0.627155,0.601987,0.834,0.360731,0.0826413,0.929001,0.548404,-0.824478,-0.139602,0.754404,0.559827,-0.342736
0.627155,0.601987,0.834,0.360731,0.0826413,0.929001,0.548404,-0.824478,-0.139602,0.754404,0.559827,-0.342736
0.627155,0.601987,0.834,0.360731,0.0826413,0.929001,0.548404,-0.824478,-0.139602,0.754404,0.559827,-0.342736
0.627137,0.555094,0.703636,0.0304265,0.105986,0.993902,0.655705,-0.752615,0.060183,0.754404,0.649875,-0.0923952
0.627137,0.555094,0.703636,0.0304265,0.105986,0.993902,0.655705,-0.752615,0.060183,0.754404,0.649875,-0.0923952
