0.627137,0.561204,0.710655,0.0304265,0.0778115,0.996504,0.655705,-0.754017,0.0388562,0.754404,0.65223,-0.0739635
0.627137,0.561204,0.710655,0.0304265,0.0778115,0.996504,0.655705,-0.754017,0.0388562,0.754404,0.65223,-0.0739635
0.627155,0.603225,0.789112,0.360731,0.371327,0.855564,0.548404,-0.826442,0.127464,0.754404,0.423214,-0.50176
0.627155,0.603225,0.789112,0.360731,0.371327,0.855564,0.548404,-0.826442,0.127464,0.754404,0.423214,-0.50176
0.627155,0.603225,0.789112,0.360731,0.371327,0.855564,0.548404,-0.826442,0.127464,0.754404,0.423214,-0.50176
0.627155,0.603225,0.789112,0.360731,0.371327,0.855564,0.548404,-0.826442,0.127464,0.754404,0.423214,-0.50176
0.627137,0.517623,0.680181,0.0304265,0.413943,0.909794,0.655705,-0.695255,0.294402,0.754404,0.587599,-0.292579
0.627137,0.517623,0.680181,0.0304265,0.413943,0.909794,0.655705,-0.695255,0.294402,0.754404,0.587599,-0.292579
