0.627137,0.572103,0.725765,0.0304265,-0.028506,0.99913,0.655705,-0.753877,-0.0414769,0.754404,0.656397,-0.00424638
0.627137,0.572103,0.725765,0.0304265,-0.028506,0.99913,0.655705,-0.753877,-0.0414769,0.754404,0.656397,-0.00424638
0.627155,0.605551,0.808242,0.360731,0.278322,0.890174,0.548404,-0.835307,0.0389341,0.754404,0.47413,-0.453954
0.627155,0.605551,0.808242,0.360731,0.278322,0.890174,0.548404,-0.835307,0.0389341,0.754404,0.47413,-0.453954
0.627155,0.605551,0.808242,0.360731,0.278322,0.890174,0.548404,-0.835307,0.0389341,0.754404,0.47413,-0.453954
0.627155,0.605551,0.808242,0.360731,0.278322,0.890174,0.548404,-0.835307,0.0389341,0.754404,0.47413,-0.453954
0.627137,0.532006,0.690833,0.0304265,0.314936,0.948625,0.655705,-0.722599,0.218866,0.754404,0.615359,-0.228491
0.627137,0.532006,0.690833,0.0304265,0.314936,0.948625,0.655705,-0.722599,0.218866,0.754404,0.615359,-0.228491
