0.627137,0.575199,0.770772,0.0304265,-0.339093,0.940261,0.655705,-0.703222,-0.274827,0.754404,0.624895,0.200948
0.627137,0.575199,0.770772,0.0304265,-0.339093,0.940261,0.655705,-0.703222,-0.274827,0.754404,0.624895,0.200948
0.627155,0.581218,0.85957,0.360731,-0.0135842,0.932571,0.548404,-0.80569,-0.223866,0.754404,0.592181,-0.283188
0.627155,0.581218,0.85957,0.360731,-0.0135842,0.932571,0.548404,-0.80569,-0.223866,0.754404,0.592181,-0.283188
0.627155,0.581218,0.85957,0.360731,-0.0135842,0.932571,0.548404,-0.80569,-0.223866,0.754404,0.592181,-0.283188
0.627155,0.581218,0.85957,0.360731,-0.0135842,0.932571,0.548404,-0.80569,-0.223866,0.754404,0.592181,-0.283188
0.627137,0.548016,0.725065,0.0304265,0.00294474,0.999533,0.655705,-0.754809,-0.0177364,0.754404,0.655938,-0.0248971
0.627137,0.548016,0.725065,0.0304265,0.00294474,0.999533,0.655705,-0.754809,-0.0177364,0.754404,0.655938,-0.0248971
