0.627137,0.574318,0.772087,0.0304265,-0.34116,0.939513,0.655705,-0.702616,-0.276372,0.754404,0.624452,0.202322
0.627137,0.574318,0.772087,0.0304265,-0.34116,0.939513,0.655705,-0.702616,-0.276372,0.754404,0.624452,0.202322
0.627155,0.580141,0.860898,0.360731,-0.015635,0.932539,0.548404,-0.805196,-0.225638,0.754404,0.592802,-0.281885
0.627155,0.580141,0.860898,0.360731,-0.015635,0.932539,0.548404,-0.805196,-0.225638,0.754404,0.592802,-0.281885
0.627155,0.580141,0.860898,0.360731,-0.015635,0.932539,0.548404,-0.805196,-0.225638,0.754404,0.592802,-0.281885
0.627155,0.580141,0.860898,0.360731,-0.015635,0.932539,0.548404,-0.805196,-0.225638,0.754404,0.592802,-0.281885
0.627137,0.547236,0.726321,0.0304265,0.000746646,0.999537,0.655705,-0.754768,-0.0193963,0.754404,0.655991,-0.0234546
0.627137,0.547236,0.726321,0.0304265,0.000746646,0.999537,0.655705,-0.754768,-0.0193963,0.754404,0.655991,-0.0234546
