0.627137,0.564474,0.757764,0.0304265,-0.207798,0.977698,0.655705,-0.734114,-0.176433,0.754404,0.64645,0.113918
0.627137,0.564474,0.757764,0.0304265,-0.207798,0.977698,0.655705,-0.734114,-0.176433,0.754404,0.64645,0.113918
0.627155,0.582537,0.844913,0.360731,0.113626,0.925722,0.548404,-0.828681,-0.111984,0.754404,0.548066,-0.361244
0.627155,0.582537,0.844913,0.360731,0.113626,0.925722,0.548404,-0.828681,-0.111984,0.754404,0.548066,-0.361244
0.627155,0.582537,0.844913,0.360731,0.113626,0.925722,0.548404,-0.828681,-0.111984,0.754404,0.548066,-0.361244
0.627155,0.582537,0.844913,0.360731,0.113626,0.925722,0.548404,-0.828681,-0.111984,0.754404,0.548066,-0.361244
0.627137,0.531316,0.716188,0.0304265,0.139126,0.989807,0.655705,-0.750185,0.0852888,0.754404,0.646426,-0.114051
0.627137,0.531316,0.716188,0.0304265,0.139126,0.989807,0.655705,-0.750185,0.0852888,0.754404,0.646426,-0.114051
