0.627137,0.56594,0.758626,0.0304265,-0.214052,0.976348,0.655705,-0.732969,-0.181129,0.754404,0.645707,0.118053
0.627137,0.56594,0.758626,0.0304265,-0.214052,0.976348,0.655705,-0.732969,-0.181129,0.754404,0.645707,0.118053
0.627155,0.583444,0.845889,0.360731,0.107698,0.926431,0.548404,-0.827948,-0.117287,0.754404,0.550367,-0.357729
0.627155,0.583444,0.845889,0.360731,0.107698,0.926431,0.548404,-0.827948,-0.117287,0.754404,0.550367,-0.357729
0.627155,0.583444,0.845889,0.360731,0.107698,0.926431,0.548404,-0.827948,-0.117287,0.754404,0.550367,-0.357729
0.627155,0.583444,0.845889,0.360731,0.107698,0.926431,0.548404,-0.827948,-0.117287,0.754404,0.550367,-0.357729
0.627137,0.533049,0.716838,0.0304265,0.132787,0.990677,0.655705,-0.750715,0.080485,0.754404,0.647143,-0.109911
0.627137,0.533049,0.716838,0.0304265,0.132787,0.990677,0.655705,-0.750715,0.080485,0.754404,0.647143,-0.109911
