0.627137,0.571942,0.765489,0.0304265,-0.241706,0.969872,0.655705,-0.727527,-0.201881,0.754404,0.642092,0.136352
0.627137,0.571942,0.765489,0.0304265,-0.241706,0.969872,0.655705,-0.727527,-0.201881,0.754404,0.642092,0.136352
0.627155,0.58696,0.853214,0.360731,0.0813325,0.929117,0.548404,-0.824281,-0.140763,0.754404,0.560309,-0.341947
0.627155,0.58696,0.853214,0.360731,0.0813325,0.929117,0.548404,-0.824281,-0.140763,0.754404,0.560309,-0.341947
0.627155,0.58696,0.853214,0.360731,0.0813325,0.929117,0.548404,-0.824281,-0.140763,0.754404,0.560309,-0.341947
0.627155,0.58696,0.853214,0.360731,0.0813325,0.929117,0.548404,-0.824281,-0.140763,0.754404,0.560309,-0.341947
0.627137,0.540251,0.722784,0.0304265,0.104586,0.99405,0.655705,-0.752699,0.0591228,0.754404,0.650005,-0.0914796
0.627137,0.540251,0.722784,0.0304265,0.104586,0.99405,0.655705,-0.752699,0.0591228,0.754404,0.650005,-0.0914796
