0.627137,0.560232,0.74303,0.0304265,0.0206106,0.999324,0.655705,-0.755005,-0.00439271,0.754404,0.655395,-0.0364866
0.627137,0.560232,0.74303,0.0304265,0.0206106,0.999324,0.655705,-0.755005,-0.00439271,0.754404,0.655395,-0.0364866
0.627155,0.597691,0.823765,0.360731,0.321716,0.875427,0.548404,-0.832386,0.0799214,0.754404,0.451257,-0.476698
0.627155,0.597691,0.823765,0.360731,0.321716,0.875427,0.548404,-0.832386,0.0799214,0.754404,0.451257,-0.476698
0.627155,0.597691,0.823765,0.360731,0.321716,0.875427,0.548404,-0.832386,0.0799214,0.754404,0.451257,-0.476698
0.627155,0.597691,0.823765,0.360731,0.321716,0.875427,0.548404,-0.832386,0.0799214,0.754404,0.451257,-0.476698
0.627137,0.518467,0.71011,0.0304265,0.361157,0.932009,0.655705,-0.710975,0.254099,0.754404,0.603391,-0.258445
0.627137,0.518467,0.71011,0.0304265,0.361157,0.932009,0.655705,-0.710975,0.254099,0.754404,0.603391,-0.258445
