0.627137,0.569383,0.758694,0.0304265,-0.0852764,0.995893,0.655705,-0.750299,-0.0842798,0.754404,0.655576,0.0330872
0.627137,0.569383,0.758694,0.0304265,-0.0852764,0.995893,0.655705,-0.750299,-0.0842798,0.754404,0.655576,0.0330872
0.627155,0.598086,0.84294,0.360731,0.227251,0.90456,0.548404,-0.836169,-0.00862944,0.754404,0.499177,-0.426258
0.627155,0.598086,0.84294,0.360731,0.227251,0.90456,0.548404,-0.836169,-0.00862944,0.754404,0.499177,-0.426258
0.627155,0.598086,0.84294,0.360731,0.227251,0.90456,0.548404,-0.836169,-0.00862944,0.754404,0.499177,-0.426258
0.627155,0.598086,0.84294,0.360731,0.227251,0.90456,0.548404,-0.836169,-0.00862944,0.754404,0.499177,-0.426258
0.627137,0.531337,0.721538,0.0304265,0.260482,0.964999,0.655705,-0.733876,0.17742,0.754404,0.627356,-0.193128
0.627137,0.531337,0.721538,0.0304265,0.260482,0.964999,0.655705,-0.733876,0.17742,0.754404,0.627356,-0.193128
