0.627137,0.556884,0.774739,0.0304265,-0.0366531,0.998865,0.655705,-0.753514,-0.0476235,0.754404,0.656409,0.00110682
0.627137,0.556884,0.774739,0.0304265,-0.0366531,0.998865,0.655705,-0.753514,-0.0476235,0.754404,0.656409,0.00110682
0.627155,0.589658,0.857487,0.360731,0.271054,0.892414,0.548404,-0.835596,0.0321207,0.754404,0.477816,-0.450073
0.627155,0.589658,0.857487,0.360731,0.271054,0.892414,0.548404,-0.835596,0.0321207,0.754404,0.477816,-0.450073
0.627155,0.589658,0.857487,0.360731,0.271054,0.892414,0.548404,-0.835596,0.0321207,0.754404,0.477816,-0.450073
0.627155,0.589658,0.857487,0.360731,0.271054,0.892414,0.548404,-0.835596,0.0321207,0.754404,0.477816,-0.450073
0.627137,0.517073,0.739482,0.0304265,0.307189,0.951162,0.655705,-0.72436,0.212965,0.754404,0.617202,-0.223465
0.627137,0.517073,0.739482,0.0304265,0.307189,0.951162,0.655705,-0.72436,0.212965,0.754404,0.617202,-0.223465
