0.627137,0.544902,0.902756,0.0304265,-0.481513,0.87591,0.655705,-0.651787,-0.381084,0.754404,0.585934,0.295899
0.627137,0.544902,0.902756,0.0304265,-0.481513,0.87591,0.655705,-0.651787,-0.381084,0.754404,0.585934,0.295899
0.627137,0.544902,0.902756,0.0304265,-0.481513,0.87591,0.655705,-0.651787,-0.381084,0.754404,0.585934,0.295899
0.627137,0.544902,0.902756,0.0304265,-0.481513,0.87591,0.655705,-0.651787,-0.381084,0.754404,0.585934,0.295899
0.627137,0.489748,0.813711,0.0304265,0.194164,0.980497,0.655705,-0.744254,0.127034,0.754404,0.639051,-0.149959
0.627137,0.489748,0.813711,0.0304265,0.194164,0.980497,0.655705,-0.744254,0.127034,0.754404,0.639051,-0.149959
0.627137,0.489748,0.813711,0.0304265,0.194164,0.980497,0.655705,-0.744254,0.127034,0.754404,0.639051,-0.149959
0.627137,0.489748,0.813711,0.0304265,0.194164,0.980497,0.655705,-0.744254,0.127034,0.754404,0.639051,-0.149959
0.627155,0.537005,0.991407,0.360731,-0.158785,0.919054,0.548404,-0.760946,-0.346719,0.754404,0.629085,-0.187419
0.627155,0.537005,0.991407,0.360731,-0.158785,0.919054,0.548404,-0.760946,-0.346719,0.754404,0.629085,-0.187419
0.627155,0.537005,0.991407,0.360731,-0.158785,0.919054,0.548404,-0.760946,-0.346719,0.754404,0.629085,-0.187419
0.627155,0.537005,0.991407,0.360731,-0.158785,0.919054,0.548404,-0.760946,-0.346719,0.754404,0.629085,-0.187419
0.604824,0.380694,0.861804,0.0983504,-0.0699758,0.992689,0.864794,-0.487565,-0.120048,0.492401,0.870278,0.0125625
0.604824,0.380694,0.861804,0.0983504,-0.0699758,0.992689,0.864794,-0.487565,-0.120048,0.492401,0.870278,0.0125625
0.604824,0.380694,0.861804,0.0983504,-0.0699758,0.992689,0.864794,-0.487565,-0.120048,0.492401,0.870278,0.0125625
0.604824,0.380694,0.861804,0.0983504,-0.0699758,0.992689,0.864794,-0.487565,-0.120048,0.492401,0.870278,0.0125625
0.604824,0.40625,0.861265,0.0983504,-0.405275,0.908889,0.864794,-0.417102,-0.279566,0.492401,0.813497,0.309457
0.604824,0.40625,0.861265,0.0983504,-0.405275,0.908889,0.864794,-0.417102,-0.279566,0.492401,0.813497,0.309457
0.604824,0.40625,0.861265,0.0983504,-0.405275,0.908889,0.864794,-0.417102,-0.279566,0.492401,0.813497,0.309457
0.604824,0.40625,0.861265,0.0983504,-0.405275,0.908889,0.864794,-0.417102,-0.279566,0.492401,0.813497,0.309457
0.627155,0.548075,0.939376,0.360731,0.165126,0.917936,0.548404,-0.83364,-0.0655498,0.754404,0.527045,-0.391276
0.627155,0.548075,0.939376,0.360731,0.165126,0.917936,0.548404,-0.83364,-0.0655498,0.754404,0.527045,-0.391276
0.627155,0.548075,0.939376,0.360731,0.165126,0.917936,0.548404,-0.83364,-0.0655498,0.754404,0.527045,-0.391276
0.627155,0.548075,0.939376,0.360731,0.165126,0.917936,0.548404,-0.83364,-0.0655498,0.754404,0.527045,-0.391276
0.654882,0.442096,0.72843,-0.243817,-0.398593,0.884125,0.867788,-0.496696,0.0153846,0.43301,0.770984,0.466997
0.654882,0.442096,0.72843,-0.243817,-0.398593,0.884125,0.867788,-0.496696,0.0153846,0.43301,0.770984,0.466997
0.627155,0.508807,1.03651,0.360731,-0.463544,0.809321,0.548404,-0.596471,-0.586068,0.754404,0.655248,0.0390434
0.627155,0.508807,1.03651,0.360731,-0.463544,0.809321,0.548404,-0.596471,-0.586068,0.754404,0.655248,0.0390434
0.627155,0.508807,1.03651,0.360731,-0.463544,0.809321,0.548404,-0.596471,-0.586068,0.754404,0.655248,0.0390434
0.627155,0.508807,1.03651,0.360731,-0.463544,0.809321,0.548404,-0.596471,-0.586068,0.754404,0.655248,0.0390434
0.604842,0.393195,1.00768,0.428655,-0.0779102,0.900103,0.757493,-0.511989,-0.405057,0.492401,0.855451,-0.16045
0.604842,0.393195,1.00768,0.428655,-0.0779102,0.900103,0.757493,-0.511989,-0.405057,0.492401,0.855451,-0.16045
0.604842,0.393195,1.00768,0.428655,-0.0779102,0.900103,0.757493,-0.511989,-0.405057,0.492401,0.855451,-0.16045
0.604842,0.393195,1.00768,0.428655,-0.0779102,0.900103,0.757493,-0.511989,-0.405057,0.492401,0.855451,-0.16045
0.604842,0.418504,1.00385,0.428655,0.234642,0.872467,0.757493,-0.61965,-0.205518,0.492401,0.748984,-0.443356
0.604842,0.418504,1.00385,0.428655,0.234642,0.872467,0.757493,-0.61965,-0.205518,0.492401,0.748984,-0.443356
0.604842,0.418504,1.00385,0.428655,0.234642,0.872467,0.757493,-0.61965,-0.205518,0.492401,0.748984,-0.443356
0.604842,0.418504,1.00385,0.428655,0.234642,0.872467,0.757493,-0.61965,-0.205518,0.492401,0.748984,-0.443356
0.654882,0.509565,0.756935,-0.243817,-0.676943,0.694479,0.867788,-0.472004,-0.155423,0.43301,0.564766,0.702526
0.654882,0.509565,0.756935,-0.243817,-0.676943,0.694479,0.867788,-0.472004,-0.155423,0.43301,0.564766,0.702526
0.627155,0.540682,0.886697,0.360731,0.46912,0.806101,0.548404,-0.805785,0.223525,0.754404,0.361436,-0.547939
0.627155,0.540682,0.886697,0.360731,0.46912,0.806101,0.548404,-0.805785,0.223525,0.754404,0.361436,-0.547939
0.627155,0.540682,0.886697,0.360731,0.46912,0.806101,0.548404,-0.805785,0.223525,0.754404,0.361436,-0.547939
0.627155,0.540682,0.886697,0.360731,0.46912,0.806101,0.548404,-0.805785,0.223525,0.754404,0.361436,-0.547939
0.654934,0.476424,1.12864,0.707258,0.150317,0.69079,0.558827,-0.717367,-0.416049,0.433011,0.680286,-0.591365
0.654934,0.476424,1.12864,0.707258,0.150317,0.69079,0.558827,-0.717367,-0.416049,0.433011,0.680286,-0.591365
0.654934,0.404942,1.14475,0.707258,-0.095012,0.700542,0.558827,-0.531807,-0.636312,0.433011,0.841519,-0.32303
0.654934,0.404942,1.14475,0.707258,-0.095012,0.700542,0.558827,-0.531807,-0.636312,0.433011,0.841519,-0.32303
0.654934,0.404942,1.14475,0.707258,-0.095012,0.700542,0.558827,-0.531807,-0.636312,0.433011,0.841519,-0.32303
0.654934,0.404942,1.14475,0.707258,-0.095012,0.700542,0.558827,-0.531807,-0.636312,0.433011,0.841519,-0.32303
0.627137,0.525176,0.853371,0.0304265,-0.152896,0.987774,0.655705,-0.742818,-0.135177,0.754404,0.651801,0.077653
0.627137,0.525176,0.853371,0.0304265,-0.152896,0.987774,0.655705,-0.742818,-0.135177,0.754404,0.651801,0.077653
0.627137,0.525176,0.853371,0.0304265,-0.152896,0.987774,0.655705,-0.742818,-0.135177,0.754404,0.651801,0.077653
0.627137,0.525176,0.853371,0.0304265,-0.152896,0.987774,0.655705,-0.742818,-0.135177,0.754404,0.651801,0.077653
