0.627137,0.469146,0.826239,0.0304265,0.199063,0.979514,0.655705,-0.743609,0.130753,0.754404,0.638294,-0.153152
0.627137,0.469146,0.826239,0.0304265,0.199063,0.979514,0.655705,-0.743609,0.130753,0.754404,0.638294,-0.153152
0.627137,0.469146,0.826239,0.0304265,0.199063,0.979514,0.655705,-0.743609,0.130753,0.754404,0.638294,-0.153152
0.627137,0.469146,0.826239,0.0304265,0.199063,0.979514,0.655705,-0.743609,0.130753,0.754404,0.638294,-0.153152
0.627137,0.524744,0.915007,0.0304265,-0.477129,0.878307,0.655705,-0.653684,-0.377821,0.754404,0.587406,0.292966
0.627137,0.524744,0.915007,0.0304265,-0.477129,0.878307,0.655705,-0.653684,-0.377821,0.754404,0.587406,0.292966
0.627137,0.524744,0.915007,0.0304265,-0.477129,0.878307,0.655705,-0.653684,-0.377821,0.754404,0.587406,0.292966
0.627137,0.524744,0.915007,0.0304265,-0.477129,0.878307,0.655705,-0.653684,-0.377821,0.754404,0.587406,0.292966
0.627155,0.51729,1.0037,0.360731,-0.154188,0.919836,0.548404,-0.76267,-0.34291,0.754404,0.62814,-0.190562
0.627155,0.51729,1.0037,0.360731,-0.154188,0.919836,0.548404,-0.76267,-0.34291,0.754404,0.62814,-0.190562
0.627155,0.51729,1.0037,0.360731,-0.154188,0.919836,0.548404,-0.76267,-0.34291,0.754404,0.62814,-0.190562
0.627155,0.51729,1.0037,0.360731,-0.154188,0.919836,0.548404,-0.76267,-0.34291,0.754404,0.62814,-0.190562
0.604824,0.385886,0.87421,0.0983504,-0.400727,0.910904,0.864794,-0.418495,-0.277477,0.492401,0.815034,0.305387
0.604824,0.385886,0.87421,0.0983504,-0.400727,0.910904,0.864794,-0.418495,-0.277477,0.492401,0.815034,0.305387
0.604824,0.385886,0.87421,0.0983504,-0.400727,0.910904,0.864794,-0.418495,-0.277477,0.492401,0.815034,0.305387
0.604824,0.385886,0.87421,0.0983504,-0.400727,0.910904,0.864794,-0.418495,-0.277477,0.492401,0.815034,0.305387
0.627155,0.5281,0.951611,0.360731,0.169713,0.917099,0.548404,-0.833958,-0.0613818,0.754404,0.525083,-0.393906
0.627155,0.5281,0.951611,0.360731,0.169713,0.917099,0.548404,-0.833958,-0.0613818,0.754404,0.525083,-0.393906
0.627155,0.5281,0.951611,0.360731,0.169713,0.917099,0.548404,-0.833958,-0.0613818,0.754404,0.525083,-0.393906
0.627155,0.5281,0.951611,0.360731,0.169713,0.917099,0.548404,-0.833958,-0.0613818,0.754404,0.525083,-0.393906
0.654882,0.421068,0.741197,-0.243817,-0.394168,0.886107,0.867788,-0.496613,0.0178674,0.43301,0.773309,0.463137
0.654882,0.421068,0.741197,-0.243817,-0.394168,0.886107,0.867788,-0.496613,0.0178674,0.43301,0.773309,0.463137
0.627155,0.489318,1.04894,0.360731,-0.459492,0.811628,0.548404,-0.599393,-0.583079,0.754404,0.655435,0.0357674
0.627155,0.489318,1.04894,0.360731,-0.459492,0.811628,0.548404,-0.599393,-0.583079,0.754404,0.655435,0.0357674
0.627155,0.489318,1.04894,0.360731,-0.459492,0.811628,0.548404,-0.599393,-0.583079,0.754404,0.655435,0.0357674
0.627155,0.489318,1.04894,0.360731,-0.459492,0.811628,0.548404,-0.599393,-0.583079,0.754404,0.655435,0.0357674
0.604842,0.373564,1.02069,0.428655,-0.0734097,0.900481,0.757493,-0.514008,-0.402492,0.492401,0.854638,-0.164725
0.604842,0.373564,1.02069,0.428655,-0.0734097,0.900481,0.757493,-0.514008,-0.402492,0.492401,0.854638,-0.164725
0.604842,0.373564,1.02069,0.428655,-0.0734097,0.900481,0.757493,-0.514008,-0.402492,0.492401,0.854638,-0.164725
0.604842,0.373564,1.02069,0.428655,-0.0734097,0.900481,0.757493,-0.514008,-0.402492,0.492401,0.854638,-0.164725
0.604842,0.398853,1.01673,0.428655,0.239,0.871283,0.757493,-0.62067,-0.202418,0.492401,0.746758,-0.447094
0.604842,0.398853,1.01673,0.428655,0.239,0.871283,0.757493,-0.62067,-0.202418,0.492401,0.746758,-0.447094
0.604842,0.398853,1.01673,0.428655,0.239,0.871283,0.757493,-0.62067,-0.202418,0.492401,0.746758,-0.447094
0.604842,0.398853,1.01673,0.428655,0.239,0.871283,0.757493,-0.62067,-0.202418,0.492401,0.746758,-0.447094
0.654882,0.488678,0.769364,-0.243817,-0.673463,0.697854,0.867788,-0.472775,-0.153062,0.43301,0.568271,0.699694
0.654882,0.488678,0.769364,-0.243817,-0.673463,0.697854,0.867788,-0.472775,-0.153062,0.43301,0.568271,0.699694
0.627155,0.520444,0.898969,0.360731,0.473144,0.803746,0.548404,-0.804658,0.22755,0.754404,0.358693,-0.549739
0.627155,0.520444,0.898969,0.360731,0.473144,0.803746,0.548404,-0.804658,0.22755,0.754404,0.358693,-0.549739
0.627155,0.520444,0.898969,0.360731,0.473144,0.803746,0.548404,-0.804658,0.22755,0.754404,0.358693,-0.549739
0.627155,0.520444,0.898969,0.360731,0.473144,0.803746,0.548404,-0.804658,0.22755,0.754404,0.358693,-0.549739
0.654934,0.457396,1.14123,0.707258,0.153769,0.69003,0.558827,-0.719438,-0.412458,0.433011,0.677322,-0.594758
0.654934,0.457396,1.14123,0.707258,0.153769,0.69003,0.558827,-0.719438,-0.412458,0.433011,0.677322,-0.594758
0.654934,0.385996,1.1577,0.707258,-0.0915089,0.701008,0.558827,-0.534982,-0.633646,0.433011,0.839893,-0.327232
0.654934,0.385996,1.1577,0.707258,-0.0915089,0.701008,0.558827,-0.534982,-0.633646,0.433011,0.839893,-0.327232
0.654934,0.385996,1.1577,0.707258,-0.0915089,0.701008,0.558827,-0.534982,-0.633646,0.433011,0.839893,-0.327232
0.654934,0.385996,1.1577,0.707258,-0.0915089,0.701008,0.558827,-0.534982,-0.633646,0.433011,0.839893,-0.327232
0.627137,0.504771,0.865721,0.0304265,-0.147956,0.988526,0.655705,-0.743484,-0.131462,0.754404,0.652181,0.0743937
0.627137,0.504771,0.865721,0.0304265,-0.147956,0.988526,0.655705,-0.743484,-0.131462,0.754404,0.652181,0.0743937
0.627137,0.504771,0.865721,0.0304265,-0.147956,0.988526,0.655705,-0.743484,-0.131462,0.754404,0.652181,0.0743937
0.627137,0.504771,0.865721,0.0304265,-0.147956,0.988526,0.655705,-0.743484,-0.131462,0.754404,0.652181,0.0743937
