0.627137,0.52951,0.694653,0.0304265,0.281831,0.958981,0.655705,-0.729758,0.193662,0.754404,0.622916,-0.207002
0.627137,0.52951,0.694653,0.0304265,0.281831,0.958981,0.655705,-0.729758,0.193662,0.754404,0.622916,-0.207002
0.627137,0.592472,0.77836,0.0304265,-0.400526,0.91578,0.655705,-0.68351,-0.320726,0.754404,0.61024,0.24183
0.627137,0.592472,0.77836,0.0304265,-0.400526,0.91578,0.655705,-0.68351,-0.320726,0.754404,0.61024,0.24183
0.627155,0.592605,0.867361,0.360731,-0.0752209,0.929631,0.548404,-0.789124,-0.276653,0.754404,0.609611,-0.24341
0.627155,0.592605,0.867361,0.360731,-0.0752209,0.929631,0.548404,-0.789124,-0.276653,0.754404,0.609611,-0.24341
0.627155,0.592605,0.867361,0.360731,-0.0752209,0.929631,0.548404,-0.789124,-0.276653,0.754404,0.609611,-0.24341
0.627155,0.592605,0.867361,0.360731,-0.0752209,0.929631,0.548404,-0.789124,-0.276653,0.754404,0.609611,-0.24341
0.604824,0.425239,0.752389,0.0983504,0.0198689,0.994953,0.864794,-0.496407,-0.0755711,0.492401,0.867862,-0.0660044
0.604824,0.425239,0.752389,0.0983504,0.0198689,0.994953,0.864794,-0.496407,-0.0755711,0.492401,0.867862,-0.0660044
0.604824,0.450642,0.749547,0.0983504,-0.321623,0.941746,0.864794,-0.440623,-0.240795,0.492401,0.838099,0.234803
0.604824,0.450642,0.749547,0.0983504,-0.321623,0.941746,0.864794,-0.440623,-0.240795,0.492401,0.838099,0.234803
0.627155,0.598936,0.814544,0.360731,0.247268,0.899295,0.548404,-0.836155,0.00992773,0.754404,0.489596,-0.43723
0.627155,0.598936,0.814544,0.360731,0.247268,0.899295,0.548404,-0.836155,0.00992773,0.754404,0.489596,-0.43723
0.627155,0.598936,0.814544,0.360731,0.247268,0.899295,0.548404,-0.836155,0.00992773,0.754404,0.489596,-0.43723
0.627155,0.598936,0.814544,0.360731,0.247268,0.899295,0.548404,-0.836155,0.00992773,0.754404,0.489596,-0.43723
0.654882,0.474358,0.614019,-0.243817,-0.317202,0.91648,0.867788,-0.493283,0.0601334,0.43301,0.809972,0.395535
0.654882,0.474358,0.614019,-0.243817,-0.317202,0.91648,0.867788,-0.493283,0.0601334,0.43301,0.809972,0.395535
0.627155,0.568591,0.914828,0.360731,-0.388637,0.847841,0.548404,-0.646913,-0.529865,0.754404,0.656098,-0.0202317
0.627155,0.568591,0.914828,0.360731,-0.388637,0.847841,0.548404,-0.646913,-0.529865,0.754404,0.656098,-0.0202317
0.627155,0.568591,0.914828,0.360731,-0.388637,0.847841,0.548404,-0.646913,-0.529865,0.754404,0.656098,-0.0202317
0.627155,0.568591,0.914828,0.360731,-0.388637,0.847841,0.548404,-0.646913,-0.529865,0.754404,0.656098,-0.0202317
0.604842,0.45085,0.896542,0.428655,0.00361392,0.903461,0.757493,-0.546445,-0.357214,0.492401,0.837487,-0.236974
0.604842,0.45085,0.896542,0.428655,0.00361392,0.903461,0.757493,-0.546445,-0.357214,0.492401,0.837487,-0.236974
0.604842,0.45085,0.896542,0.428655,0.00361392,0.903461,0.757493,-0.546445,-0.357214,0.492401,0.837487,-0.236974
0.604842,0.45085,0.896542,0.428655,0.00361392,0.903461,0.757493,-0.546445,-0.357214,0.492401,0.837487,-0.236974
0.604842,0.47571,0.890448,0.428655,0.312398,0.84774,0.757493,-0.635665,-0.148776,0.492401,0.70593,-0.50912
0.604842,0.47571,0.890448,0.428655,0.312398,0.84774,0.757493,-0.635665,-0.148776,0.492401,0.70593,-0.50912
0.604842,0.47571,0.890448,0.428655,0.312398,0.84774,0.757493,-0.635665,-0.148776,0.492401,0.70593,-0.50912
0.604842,0.47571,0.890448,0.428655,0.312398,0.84774,0.757493,-0.635665,-0.148776,0.492401,0.70593,-0.50912
0.627137,0.598906,0.831148,0.0304265,-0.689587,0.723564,0.655705,-0.532595,-0.535158,0.754404,0.490727,0.43596
0.627137,0.598906,0.831148,0.0304265,-0.689587,0.723564,0.655705,-0.532595,-0.535158,0.754404,0.490727,0.43596
0.627137,0.598906,0.831148,0.0304265,-0.689587,0.723564,0.655705,-0.532595,-0.535158,0.754404,0.490727,0.43596
0.627137,0.598906,0.831148,0.0304265,-0.689587,0.723564,0.655705,-0.532595,-0.535158,0.754404,0.490727,0.43596
0.654882,0.544123,0.636321,-0.243817,-0.611527,0.75272,0.867788,-0.484101,-0.112206,0.43301,0.625844,0.648708
0.654882,0.544123,0.636321,-0.243817,-0.611527,0.75272,0.867788,-0.484101,-0.112206,0.43301,0.625844,0.648708
0.627155,0.586821,0.762746,0.360731,0.539933,0.76049,0.548404,-0.782333,0.295311,0.754404,0.310528,-0.578313
0.627155,0.586821,0.762746,0.360731,0.539933,0.76049,0.548404,-0.782333,0.295311,0.754404,0.310528,-0.578313
0.627155,0.586821,0.762746,0.360731,0.539933,0.76049,0.548404,-0.782333,0.295311,0.754404,0.310528,-0.578313
0.627155,0.586821,0.762746,0.360731,0.539933,0.76049,0.548404,-0.782333,0.295311,0.754404,0.310528,-0.578313
0.604842,0.496987,0.876219,0.428655,0.583502,0.689768,0.757493,-0.648214,0.0776068,0.492401,0.489228,-0.719859
0.604842,0.496987,0.876219,0.428655,0.583502,0.689768,0.757493,-0.648214,0.0776068,0.492401,0.489228,-0.719859
0.654934,0.544652,1.0095,0.707258,0.212027,0.674412,0.558827,-0.751977,-0.349632,0.433011,0.62416,-0.650328
0.654934,0.544652,1.0095,0.707258,0.212027,0.674412,0.558827,-0.751977,-0.349632,0.433011,0.62416,-0.650328
0.627137,0.568371,0.730955,0.0304265,-0.063156,0.99754,0.655705,-0.751984,-0.0676095,0.754404,0.656149,0.0185314
0.627137,0.568371,0.730955,0.0304265,-0.063156,0.99754,0.655705,-0.751984,-0.0676095,0.754404,0.656149,0.0185314
