0.627137,0.527509,0.700489,0.0304265,0.228136,0.973154,0.655705,-0.739387,0.152833,0.754404,0.633451,-0.172087
0.627137,0.527509,0.700489,0.0304265,0.228136,0.973154,0.655705,-0.739387,0.152833,0.754404,0.633451,-0.172087
0.627137,0.585725,0.787563,0.0304265,-0.450769,0.892122,0.655705,-0.664642,-0.358192,0.754404,0.595867,0.275349
0.627137,0.585725,0.787563,0.0304265,-0.450769,0.892122,0.655705,-0.664642,-0.358192,0.754404,0.595867,0.275349
0.674504,0.548674,0.609642,-0.303548,-0.124239,0.944682,0.683918,-0.71873,0.125236,0.663411,0.6841,0.303138
0.674504,0.548674,0.609642,-0.303548,-0.124239,0.944682,0.683918,-0.71873,0.125236,0.663411,0.6841,0.303138
0.627155,0.580915,0.876435,0.360731,-0.126736,0.924019,0.548404,-0.772541,-0.320053,0.754404,0.622189,-0.209177
0.627155,0.580915,0.876435,0.360731,-0.126736,0.924019,0.548404,-0.772541,-0.320053,0.754404,0.622189,-0.209177
0.627155,0.580915,0.876435,0.360731,-0.126736,0.924019,0.548404,-0.772541,-0.320053,0.754404,0.622189,-0.209177
0.627155,0.580915,0.876435,0.360731,-0.126736,0.924019,0.548404,-0.772541,-0.320053,0.754404,0.622189,-0.209177
0.604824,0.420193,0.752345,0.0983504,-0.0354204,0.994521,0.864794,-0.491444,-0.103024,0.492401,0.870189,-0.0177024
0.604824,0.420193,0.752345,0.0983504,-0.0354204,0.994521,0.864794,-0.491444,-0.103024,0.492401,0.870189,-0.0177024
0.604824,0.445714,0.750918,0.0983504,-0.373431,0.92243,0.864794,-0.42657,-0.264895,0.492401,0.823764,0.280987
0.604824,0.445714,0.750918,0.0983504,-0.373431,0.92243,0.864794,-0.42657,-0.264895,0.492401,0.823764,0.280987
0.627155,0.59017,0.824051,0.360731,0.196941,0.91164,0.548404,-0.835415,-0.0365267,0.754404,0.513123,-0.409364
0.627155,0.59017,0.824051,0.360731,0.196941,0.91164,0.548404,-0.835415,-0.0365267,0.754404,0.513123,-0.409364
0.627155,0.59017,0.824051,0.360731,0.196941,0.91164,0.548404,-0.835415,-0.0365267,0.754404,0.513123,-0.409364
0.627155,0.59017,0.824051,0.360731,0.196941,0.91164,0.548404,-0.835415,-0.0365267,0.754404,0.513123,-0.409364
0.654882,0.47692,0.616917,-0.243817,-0.367613,0.897449,0.867788,-0.495861,0.0326441,0.43301,0.786754,0.439909
0.654882,0.47692,0.616917,-0.243817,-0.367613,0.897449,0.867788,-0.495861,0.0326441,0.43301,0.786754,0.439909
0.627155,0.554302,0.922494,0.360731,-0.435126,0.824948,0.548404,-0.616486,-0.564976,0.754404,0.656209,0.0162385
0.627155,0.554302,0.922494,0.360731,-0.435126,0.824948,0.548404,-0.616486,-0.564976,0.754404,0.656209,0.0162385
0.627155,0.554302,0.922494,0.360731,-0.435126,0.824948,0.548404,-0.616486,-0.564976,0.754404,0.656209,0.0162385
0.627155,0.554302,0.922494,0.360731,-0.435126,0.824948,0.548404,-0.616486,-0.564976,0.754404,0.656209,0.0162385
0.604842,0.437758,0.897698,0.428655,-0.0465689,0.902267,0.757493,-0.525763,-0.387011,0.492401,0.849356,-0.190095
0.604842,0.437758,0.897698,0.428655,-0.0465689,0.902267,0.757493,-0.525763,-0.387011,0.492401,0.849356,-0.190095
0.604842,0.437758,0.897698,0.428655,-0.0465689,0.902267,0.757493,-0.525763,-0.387011,0.492401,0.849356,-0.190095
0.604842,0.437758,0.897698,0.428655,-0.0465689,0.902267,0.757493,-0.525763,-0.387011,0.492401,0.849356,-0.190095
0.604842,0.462919,0.892994,0.428655,0.264833,0.863781,0.757493,-0.626421,-0.18385,0.492401,0.733117,-0.469128
0.604842,0.462919,0.892994,0.428655,0.264833,0.863781,0.757493,-0.626421,-0.18385,0.492401,0.733117,-0.469128
0.604842,0.462919,0.892994,0.428655,0.264833,0.863781,0.757493,-0.626421,-0.18385,0.492401,0.733117,-0.469128
0.604842,0.462919,0.892994,0.428655,0.264833,0.863781,0.757493,-0.626421,-0.18385,0.492401,0.733117,-0.469128
0.627137,0.589218,0.840628,0.0304265,-0.728708,0.684148,0.655705,-0.502051,-0.563912,0.754404,0.465757,0.462542
0.627137,0.589218,0.840628,0.0304265,-0.728708,0.684148,0.655705,-0.502051,-0.563912,0.754404,0.465757,0.462542
0.627137,0.589218,0.840628,0.0304265,-0.728708,0.684148,0.655705,-0.502051,-0.563912,0.754404,0.465757,0.462542
0.627137,0.589218,0.840628,0.0304265,-0.728708,0.684148,0.655705,-0.502051,-0.563912,0.754404,0.465757,0.462542
0.654882,0.54534,0.643059,-0.243817,-0.652389,0.717595,0.867788,-0.477122,-0.138919,0.43301,0.588849,0.682466
0.654882,0.54534,0.643059,-0.243817,-0.652389,0.717595,0.867788,-0.477122,-0.138919,0.43301,0.588849,0.682466
0.627155,0.58095,0.771661,0.360731,0.496863,0.789304,0.548404,-0.797527,0.251405,0.754404,0.342167,-0.560174
0.627155,0.58095,0.771661,0.360731,0.496863,0.789304,0.548404,-0.797527,0.251405,0.754404,0.342167,-0.560174
0.627155,0.58095,0.771661,0.360731,0.496863,0.789304,0.548404,-0.797527,0.251405,0.754404,0.342167,-0.560174
0.627155,0.58095,0.771661,0.360731,0.496863,0.789304,0.548404,-0.797527,0.251405,0.754404,0.342167,-0.560174
0.604842,0.484953,0.879968,0.428655,0.544292,0.721111,0.757493,-0.651524,0.0414859,0.492401,0.528453,-0.691577
0.604842,0.484953,0.879968,0.428655,0.544292,0.721111,0.757493,-0.651524,0.0414859,0.492401,0.528453,-0.691577
0.654934,0.525142,1.01569,0.707258,0.174243,0.685146,0.558827,-0.731398,-0.390856,0.433011,0.659315,-0.614659
0.654934,0.525142,1.01569,0.707258,0.174243,0.685146,0.558827,-0.731398,-0.390856,0.433011,0.659315,-0.614659
0.654934,0.525142,1.01569,0.707258,0.174243,0.685146,0.558827,-0.731398,-0.390856,0.433011,0.659315,-0.614659
0.654934,0.525142,1.01569,0.707258,0.174243,0.685146,0.558827,-0.731398,-0.390856,0.433011,0.659315,-0.614659
0.627137,0.564294,0.738894,0.0304265,-0.118461,0.992492,0.655705,-0.747069,-0.10927,0.754404,0.654107,0.0549446
0.627137,0.564294,0.738894,0.0304265,-0.118461,0.992492,0.655705,-0.747069,-0.10927,0.754404,0.654107,0.0549446
