0.627137,0.494914,0.722261,0.0304265,0.385412,0.922243,0.655705,-0.704085,0.27261,0.754404,0.596424,-0.27414
0.627137,0.494914,0.722261,0.0304265,0.385412,0.922243,0.655705,-0.704085,0.27261,0.754404,0.596424,-0.27414
0.627137,0.566686,0.798549,0.0304265,-0.297563,0.954217,0.655705,-0.71459,-0.243746,0.754404,0.633101,0.173371
0.627137,0.566686,0.798549,0.0304265,-0.297563,0.954217,0.655705,-0.71459,-0.243746,0.754404,0.633101,0.173371
0.627137,0.566686,0.798549,0.0304265,-0.297563,0.954217,0.655705,-0.71459,-0.243746,0.754404,0.633101,0.173371
0.627137,0.566686,0.798549,0.0304265,-0.297563,0.954217,0.655705,-0.71459,-0.243746,0.754404,0.633101,0.173371
0.627155,0.576589,0.886997,0.360731,0.0272961,0.93227,0.548404,-0.814727,-0.188344,0.754404,0.579202,-0.308867
0.627155,0.576589,0.886997,0.360731,0.0272961,0.93227,0.548404,-0.814727,-0.188344,0.754404,0.579202,-0.308867
0.627155,0.576589,0.886997,0.360731,0.0272961,0.93227,0.548404,-0.814727,-0.188344,0.754404,0.579202,-0.308867
0.627155,0.576589,0.886997,0.360731,0.0272961,0.93227,0.548404,-0.814727,-0.188344,0.754404,0.579202,-0.308867
0.604824,0.422549,0.785481,0.0983504,-0.216287,0.971364,0.864794,-0.464396,-0.190964,0.492401,0.858811,0.14137
0.604824,0.422549,0.785481,0.0983504,-0.216287,0.971364,0.864794,-0.464396,-0.190964,0.492401,0.858811,0.14137
0.627155,0.577083,0.833804,0.360731,0.344505,0.866712,0.548404,-0.83001,0.101667,0.754404,0.438633,-0.488339
0.627155,0.577083,0.833804,0.360731,0.344505,0.866712,0.548404,-0.83001,0.101667,0.754404,0.438633,-0.488339
0.627155,0.577083,0.833804,0.360731,0.344505,0.866712,0.548404,-0.83001,0.101667,0.754404,0.438633,-0.488339
0.627155,0.577083,0.833804,0.360731,0.344505,0.866712,0.548404,-0.83001,0.101667,0.754404,0.438633,-0.488339
0.654882,0.431243,0.648169,-0.243817,-0.214666,0.945765,0.867788,-0.483699,0.113926,0.43301,0.848501,0.304219
0.654882,0.431243,0.648169,-0.243817,-0.214666,0.945765,0.867788,-0.483699,0.113926,0.43301,0.848501,0.304219
0.627155,0.557932,0.936813,0.360731,-0.293205,0.885383,0.548404,-0.701175,-0.455639,0.754404,0.649911,-0.092141
0.627155,0.557932,0.936813,0.360731,-0.293205,0.885383,0.548404,-0.701175,-0.455639,0.754404,0.649911,-0.092141
0.627155,0.557932,0.936813,0.360731,-0.293205,0.885383,0.548404,-0.701175,-0.455639,0.754404,0.649911,-0.092141
0.627155,0.557932,0.936813,0.360731,-0.293205,0.885383,0.548404,-0.701175,-0.455639,0.754404,0.649911,-0.092141
0.604842,0.438895,0.931565,0.428655,0.102781,0.897603,0.757493,-0.58236,-0.295061,0.492401,0.806407,-0.327488
0.604842,0.438895,0.931565,0.428655,0.102781,0.897603,0.757493,-0.58236,-0.295061,0.492401,0.806407,-0.327488
0.604842,0.438895,0.931565,0.428655,0.102781,0.897603,0.757493,-0.58236,-0.295061,0.492401,0.806407,-0.327488
0.604842,0.438895,0.931565,0.428655,0.102781,0.897603,0.757493,-0.58236,-0.295061,0.492401,0.806407,-0.327488
0.604842,0.462936,0.922778,0.428655,0.403581,0.808317,0.757493,-0.648156,-0.078088,0.492401,0.645768,-0.583545
0.604842,0.462936,0.922778,0.428655,0.403581,0.808317,0.757493,-0.648156,-0.078088,0.492401,0.645768,-0.583545
0.627137,0.578877,0.850312,0.0304265,-0.605979,0.794898,0.655705,-0.588129,-0.47345,0.754404,0.535624,0.379449
0.627137,0.578877,0.850312,0.0304265,-0.605979,0.794898,0.655705,-0.588129,-0.47345,0.754404,0.535624,0.379449
0.627137,0.578877,0.850312,0.0304265,-0.605979,0.794898,0.655705,-0.588129,-0.47345,0.754404,0.535624,0.379449
0.627137,0.578877,0.850312,0.0304265,-0.605979,0.794898,0.655705,-0.588129,-0.47345,0.754404,0.535624,0.379449
0.604842,0.413299,0.931599,0.428655,-0.210415,0.878624,0.757493,-0.446322,-0.476446,0.492401,0.869783,-0.0319302
0.604842,0.413299,0.931599,0.428655,-0.210415,0.878624,0.757493,-0.446322,-0.476446,0.492401,0.869783,-0.0319302
0.604842,0.413299,0.931599,0.428655,-0.210415,0.878624,0.757493,-0.446322,-0.476446,0.492401,0.869783,-0.0319302
0.604842,0.413299,0.931599,0.428655,-0.210415,0.878624,0.757493,-0.446322,-0.476446,0.492401,0.869783,-0.0319302
0.654882,0.503035,0.662677,-0.243817,-0.525191,0.815308,0.867788,-0.493493,-0.058379,0.43301,0.693281,0.576077
0.654882,0.503035,0.662677,-0.243817,-0.525191,0.815308,0.867788,-0.493493,-0.058379,0.43301,0.693281,0.576077
0.627155,0.559354,0.78365,0.360731,0.620162,0.696615,0.548404,-0.745182,0.379416,0.754404,0.245159,-0.60891
0.627155,0.559354,0.78365,0.360731,0.620162,0.696615,0.548404,-0.745182,0.379416,0.754404,0.245159,-0.60891
0.627155,0.559354,0.78365,0.360731,0.620162,0.696615,0.548404,-0.745182,0.379416,0.754404,0.245159,-0.60891
0.627155,0.559354,0.78365,0.360731,0.620162,0.696615,0.548404,-0.745182,0.379416,0.754404,0.245159,-0.60891
0.627155,0.523362,0.977244,0.360731,-0.578342,0.731706,0.548404,-0.503052,-0.667976,0.754404,0.64223,0.135698
0.627155,0.523362,0.977244,0.360731,-0.578342,0.731706,0.548404,-0.503052,-0.667976,0.754404,0.64223,0.135698
0.627155,0.523362,0.977244,0.360731,-0.578342,0.731706,0.548404,-0.503052,-0.667976,0.754404,0.64223,0.135698
0.627155,0.523362,0.977244,0.360731,-0.578342,0.731706,0.548404,-0.503052,-0.667976,0.754404,0.64223,0.135698
0.627137,0.537526,0.754077,0.0304265,0.0467436,0.998443,0.655705,-0.754861,0.015358,0.754404,0.654217,-0.0536178
0.627137,0.537526,0.754077,0.0304265,0.0467436,0.998443,0.655705,-0.754861,0.015358,0.754404,0.654217,-0.0536178
