0.627137,0.565306,0.790983,0.0304265,-0.142321,0.989353,0.655705,-0.744221,-0.127224,0.754404,0.652594,0.0706768
0.627137,0.565306,0.790983,0.0304265,-0.142321,0.989353,0.655705,-0.744221,-0.127224,0.754404,0.652594,0.0706768
0.627137,0.565306,0.790983,0.0304265,-0.142321,0.989353,0.655705,-0.744221,-0.127224,0.754404,0.652594,0.0706768
0.627137,0.565306,0.790983,0.0304265,-0.142321,0.989353,0.655705,-0.744221,-0.127224,0.754404,0.652594,0.0706768
0.627137,0.482335,0.727055,0.0304265,0.526919,0.849371,0.655705,-0.651885,0.380917,0.754404,0.545346,-0.365338
0.627137,0.482335,0.727055,0.0304265,0.526919,0.849371,0.655705,-0.651885,0.380917,0.754404,0.545346,-0.365338
0.627155,0.589124,0.876738,0.360731,0.174935,0.916117,0.548404,-0.834294,-0.0566294,0.754404,0.52283,-0.396891
0.627155,0.589124,0.876738,0.360731,0.174935,0.916117,0.548404,-0.834294,-0.0566294,0.754404,0.52283,-0.396891
0.627155,0.589124,0.876738,0.360731,0.174935,0.916117,0.548404,-0.834294,-0.0566294,0.754404,0.52283,-0.396891
0.627155,0.589124,0.876738,0.360731,0.174935,0.916117,0.548404,-0.834294,-0.0566294,0.754404,0.52283,-0.396891
0.604824,0.420923,0.800961,0.0983504,-0.0593539,0.99338,0.864794,-0.488821,-0.114826,0.492401,0.870363,0.00325319
0.604824,0.420923,0.800961,0.0983504,-0.0593539,0.99338,0.864794,-0.488821,-0.114826,0.492401,0.870363,0.00325319
0.627155,0.581168,0.824141,0.360731,0.477716,0.801037,0.548404,-0.803348,0.232131,0.754404,0.355555,-0.551774
0.627155,0.581168,0.824141,0.360731,0.477716,0.801037,0.548404,-0.803348,0.232131,0.754404,0.355555,-0.551774
0.627155,0.581168,0.824141,0.360731,0.477716,0.801037,0.548404,-0.803348,0.232131,0.754404,0.355555,-0.551774
0.627155,0.581168,0.824141,0.360731,0.477716,0.801037,0.548404,-0.803348,0.232131,0.754404,0.355555,-0.551774
0.627155,0.578611,0.928884,0.360731,-0.148945,0.9207,0.548404,-0.764611,-0.33856,0.754404,0.627044,-0.194137
0.627155,0.578611,0.928884,0.360731,-0.148945,0.9207,0.548404,-0.764611,-0.33856,0.754404,0.627044,-0.194137
0.627155,0.578611,0.928884,0.360731,-0.148945,0.9207,0.548404,-0.764611,-0.33856,0.754404,0.627044,-0.194137
0.627155,0.578611,0.928884,0.360731,-0.148945,0.9207,0.548404,-0.764611,-0.33856,0.754404,0.627044,-0.194137
0.604842,0.46025,0.942598,0.428655,0.24396,0.869907,0.757493,-0.621813,-0.198878,0.492401,0.744199,-0.451342
0.604842,0.46025,0.942598,0.428655,0.24396,0.869907,0.757493,-0.621813,-0.198878,0.492401,0.744199,-0.451342
0.604842,0.46025,0.942598,0.428655,0.24396,0.869907,0.757493,-0.621813,-0.198878,0.492401,0.744199,-0.451342
0.604842,0.46025,0.942598,0.428655,0.24396,0.869907,0.757493,-0.621813,-0.198878,0.492401,0.744199,-0.451342
0.604842,0.482591,0.930107,0.428655,0.526773,0.734006,0.757493,-0.652334,0.0257879,0.492401,0.54495,-0.678653
0.604842,0.482591,0.930107,0.428655,0.526773,0.734006,0.757493,-0.652334,0.0257879,0.492401,0.54495,-0.678653
0.627137,0.585559,0.840155,0.0304265,-0.472117,0.881011,0.655705,-0.655826,-0.37409,0.754404,0.589065,0.289615
0.627137,0.585559,0.840155,0.0304265,-0.472117,0.881011,0.655705,-0.655826,-0.37409,0.754404,0.589065,0.289615
0.627137,0.585559,0.840155,0.0304265,-0.472117,0.881011,0.655705,-0.655826,-0.37409,0.754404,0.589065,0.289615
0.627137,0.585559,0.840155,0.0304265,-0.472117,0.881011,0.655705,-0.655826,-0.37409,0.754404,0.589065,0.289615
0.604842,0.434984,0.946695,0.428655,-0.0682782,0.900884,0.757493,-0.516293,-0.399557,0.492401,0.853686,-0.169591
0.604842,0.434984,0.946695,0.428655,-0.0682782,0.900884,0.757493,-0.516293,-0.399557,0.492401,0.853686,-0.169591
0.604842,0.434984,0.946695,0.428655,-0.0682782,0.900884,0.757493,-0.516293,-0.399557,0.492401,0.853686,-0.169591
0.604842,0.434984,0.946695,0.428655,-0.0682782,0.900884,0.757493,-0.516293,-0.399557,0.492401,0.853686,-0.169591
0.604824,0.446471,0.800149,0.0983504,-0.395531,0.913172,0.864794,-0.420069,-0.275088,0.492401,0.816761,0.300739
0.604824,0.446471,0.800149,0.0983504,-0.395531,0.913172,0.864794,-0.420069,-0.275088,0.492401,0.816761,0.300739
0.654882,0.480894,0.666938,-0.243817,-0.389113,0.888338,0.867788,-0.496503,0.0206965,0.43301,0.775935,0.458724
0.654882,0.480894,0.666938,-0.243817,-0.389113,0.888338,0.867788,-0.496503,0.0206965,0.43301,0.775935,0.458724
0.627155,0.550897,0.97429,0.360731,-0.454861,0.814233,0.548404,-0.602706,-0.579654,0.754404,0.655628,0.0320325
0.627155,0.550897,0.97429,0.360731,-0.454861,0.814233,0.548404,-0.602706,-0.579654,0.754404,0.655628,0.0320325
0.627155,0.550897,0.97429,0.360731,-0.454861,0.814233,0.548404,-0.602706,-0.579654,0.754404,0.655628,0.0320325
0.627155,0.550897,0.97429,0.360731,-0.454861,0.814233,0.548404,-0.602706,-0.579654,0.754404,0.655628,0.0320325
0.627137,0.529456,0.751704,0.0304265,0.20464,0.978364,0.655705,-0.742852,0.134987,0.754404,0.637411,-0.156786
0.627137,0.529456,0.751704,0.0304265,0.20464,0.978364,0.655705,-0.742852,0.134987,0.754404,0.637411,-0.156786
