0.627137,0.521215,0.764676,0.0304265,0.0868622,0.995756,0.655705,-0.753633,0.0457054,0.754404,0.651531,-0.0798864
0.627137,0.521215,0.764676,0.0304265,0.0868622,0.995756,0.655705,-0.753633,0.0457054,0.754404,0.651531,-0.0798864
0.627137,0.566404,0.85917,0.0304265,-0.573519,0.818627,0.655705,-0.606695,-0.449413,0.754404,0.550452,0.357599
0.627137,0.566404,0.85917,0.0304265,-0.573519,0.818627,0.655705,-0.606695,-0.449413,0.754404,0.550452,0.357599
0.627137,0.566404,0.85917,0.0304265,-0.573519,0.818627,0.655705,-0.606695,-0.449413,0.754404,0.550452,0.357599
0.627137,0.566404,0.85917,0.0304265,-0.573519,0.818627,0.655705,-0.606695,-0.449413,0.754404,0.550452,0.357599
0.627155,0.548955,0.946444,0.360731,-0.257359,0.896459,0.548404,-0.718933,-0.427069,0.754404,0.645679,-0.118205
0.627155,0.548955,0.946444,0.360731,-0.257359,0.896459,0.548404,-0.718933,-0.427069,0.754404,0.645679,-0.118205
0.627155,0.548955,0.946444,0.360731,-0.257359,0.896459,0.548404,-0.718933,-0.427069,0.754404,0.645679,-0.118205
0.627155,0.548955,0.946444,0.360731,-0.257359,0.896459,0.548404,-0.718933,-0.427069,0.754404,0.645679,-0.118205
0.604824,0.407595,0.800679,0.0983504,-0.177045,0.979276,0.864794,-0.471701,-0.172132,0.492401,0.863802,0.106715
0.604824,0.407595,0.800679,0.0983504,-0.177045,0.979276,0.864794,-0.471701,-0.172132,0.492401,0.863802,0.106715
0.627155,0.565593,0.895918,0.360731,0.0647691,0.930418,0.548404,-0.821643,-0.155424,0.754404,0.566311,-0.331912
0.627155,0.565593,0.895918,0.360731,0.0647691,0.930418,0.548404,-0.821643,-0.155424,0.754404,0.566311,-0.331912
0.627155,0.565593,0.895918,0.360731,0.0647691,0.930418,0.548404,-0.821643,-0.155424,0.754404,0.566311,-0.331912
0.627155,0.565593,0.895918,0.360731,0.0647691,0.930418,0.548404,-0.821643,-0.155424,0.754404,0.566311,-0.331912
0.654882,0.483077,0.674737,-0.243817,-0.491975,0.835771,0.867788,-0.495442,-0.038484,0.43301,0.715889,0.547727
0.654882,0.483077,0.674737,-0.243817,-0.491975,0.835771,0.867788,-0.495442,-0.038484,0.43301,0.715889,0.547727
0.627155,0.516039,0.988233,0.360731,-0.548445,0.754374,0.548404,-0.52951,-0.647203,0.754404,0.647168,0.109759
0.627155,0.516039,0.988233,0.360731,-0.548445,0.754374,0.548404,-0.52951,-0.647203,0.754404,0.647168,0.109759
0.627155,0.516039,0.988233,0.360731,-0.548445,0.754374,0.548404,-0.52951,-0.647203,0.754404,0.647168,0.109759
0.627155,0.516039,0.988233,0.360731,-0.548445,0.754374,0.548404,-0.52951,-0.647203,0.754404,0.647168,0.109759
0.604842,0.404229,0.947051,0.428655,-0.174908,0.886376,0.757493,-0.465123,-0.458109,0.492401,0.867795,-0.0668861
0.604842,0.404229,0.947051,0.428655,-0.174908,0.886376,0.757493,-0.465123,-0.458109,0.492401,0.867795,-0.0668861
0.604842,0.404229,0.947051,0.428655,-0.174908,0.886376,0.757493,-0.465123,-0.458109,0.492401,0.867795,-0.0668861
0.604842,0.404229,0.947051,0.428655,-0.174908,0.886376,0.757493,-0.465123,-0.458109,0.492401,0.867795,-0.0668861
0.604842,0.429803,0.945988,0.428655,0.138799,0.892743,0.757493,-0.593756,-0.2714,0.492401,0.792584,-0.359656
0.604842,0.429803,0.945988,0.428655,0.138799,0.892743,0.757493,-0.593756,-0.2714,0.492401,0.792584,-0.359656
0.604842,0.429803,0.945988,0.428655,0.138799,0.892743,0.757493,-0.593756,-0.2714,0.492401,0.792584,-0.359656
0.604842,0.429803,0.945988,0.428655,0.138799,0.892743,0.757493,-0.593756,-0.2714,0.492401,0.792584,-0.359656
0.627137,0.477359,0.7346,0.0304265,0.422192,0.905996,0.655705,-0.692551,0.300707,0.754404,0.584916,-0.297905
0.627137,0.477359,0.7346,0.0304265,0.422192,0.905996,0.655705,-0.692551,0.300707,0.754404,0.584916,-0.297905
0.627155,0.563948,0.842748,0.360731,0.379085,0.852155,0.548404,-0.82525,0.134967,0.754404,0.418638,-0.505585
0.627155,0.563948,0.842748,0.360731,0.379085,0.852155,0.548404,-0.82525,0.134967,0.754404,0.418638,-0.505585
0.627155,0.563948,0.842748,0.360731,0.379085,0.852155,0.548404,-0.82525,0.134967,0.754404,0.418638,-0.505585
0.627155,0.563948,0.842748,0.360731,0.379085,0.852155,0.548404,-0.82525,0.134967,0.754404,0.418638,-0.505585
0.696834,0.585115,0.664068,-0.061087,0.370226,0.926931,0.373999,-0.852519,0.365153,0.925415,0.368977,-0.0863863
0.696834,0.585115,0.664068,-0.061087,0.370226,0.926931,0.373999,-0.852519,0.365153,0.925415,0.368977,-0.0863863
0.696852,0.656342,0.75303,0.269218,0.347289,0.898283,0.266698,-0.923127,0.276964,0.925416,0.165006,-0.341143
0.696852,0.656342,0.75303,0.269218,0.347289,0.898283,0.266698,-0.923127,0.276964,0.925416,0.165006,-0.341143
0.696852,0.656342,0.75303,0.269218,0.347289,0.898283,0.266698,-0.923127,0.276964,0.925416,0.165006,-0.341143
0.696852,0.656342,0.75303,0.269218,0.347289,0.898283,0.266698,-0.923127,0.276964,0.925416,0.165006,-0.341143
0.654934,0.473871,1.07631,0.707258,0.0746407,0.703004,0.558827,-0.668104,-0.491273,0.433011,0.740315,-0.514233
0.654934,0.473871,1.07631,0.707258,0.0746407,0.703004,0.558827,-0.668104,-0.491273,0.433011,0.740315,-0.514233
0.654934,0.473871,1.07631,0.707258,0.0746407,0.703004,0.558827,-0.668104,-0.491273,0.433011,0.740315,-0.514233
0.654934,0.473871,1.07631,0.707258,0.0746407,0.703004,0.558827,-0.668104,-0.491273,0.433011,0.740315,-0.514233
0.627137,0.55214,0.807939,0.0304265,-0.258945,0.965413,0.655705,-0.723815,-0.214809,0.754404,0.639562,0.147768
0.627137,0.55214,0.807939,0.0304265,-0.258945,0.965413,0.655705,-0.723815,-0.214809,0.754404,0.639562,0.147768
0.627137,0.55214,0.807939,0.0304265,-0.258945,0.965413,0.655705,-0.723815,-0.214809,0.754404,0.639562,0.147768
0.627137,0.55214,0.807939,0.0304265,-0.258945,0.965413,0.655705,-0.723815,-0.214809,0.754404,0.639562,0.147768
