0.627137,0.523338,0.785927,0.0304265,0.112716,0.993161,0.655705,-0.75219,0.0652791,0.754404,0.649234,-0.0967947
0.627137,0.523338,0.785927,0.0304265,0.112716,0.993161,0.655705,-0.75219,0.0652791,0.754404,0.649234,-0.0967947
0.627137,0.570967,0.879214,0.0304265,-0.552047,0.833258,0.655705,-0.618172,-0.433492,0.754404,0.559561,0.343171
0.627137,0.570967,0.879214,0.0304265,-0.552047,0.833258,0.655705,-0.618172,-0.433492,0.754404,0.559561,0.343171
0.627137,0.570967,0.879214,0.0304265,-0.552047,0.833258,0.655705,-0.618172,-0.433492,0.754404,0.559561,0.343171
0.627137,0.570967,0.879214,0.0304265,-0.552047,0.833258,0.655705,-0.618172,-0.433492,0.754404,0.559561,0.343171
0.627155,0.555792,0.966912,0.360731,-0.23397,0.902846,0.548404,-0.729791,-0.408238,0.754404,0.642388,-0.134948
0.627155,0.555792,0.966912,0.360731,-0.23397,0.902846,0.548404,-0.729791,-0.408238,0.754404,0.642388,-0.134948
0.627155,0.555792,0.966912,0.360731,-0.23397,0.902846,0.548404,-0.729791,-0.408238,0.754404,0.642388,-0.134948
0.627155,0.555792,0.966912,0.360731,-0.23397,0.902846,0.548404,-0.729791,-0.408238,0.754404,0.642388,-0.134948
0.604824,0.410692,0.824871,0.0983504,-0.15153,0.983548,0.864794,-0.476016,-0.159813,0.492401,0.866284,0.0842262
0.604824,0.410692,0.824871,0.0983504,-0.15153,0.983548,0.864794,-0.476016,-0.159813,0.492401,0.866284,0.0842262
0.627155,0.571112,0.91597,0.360731,0.0889315,0.92842,0.548404,-0.825405,-0.134015,0.754404,0.557492,-0.34652
0.627155,0.571112,0.91597,0.360731,0.0889315,0.92842,0.548404,-0.825405,-0.134015,0.754404,0.557492,-0.34652
0.627155,0.571112,0.91597,0.360731,0.0889315,0.92842,0.548404,-0.825405,-0.134015,0.754404,0.557492,-0.34652
0.627155,0.571112,0.91597,0.360731,0.0889315,0.92842,0.548404,-0.825405,-0.134015,0.754404,0.557492,-0.34652
0.654882,0.482874,0.697009,-0.243817,-0.470085,0.848277,0.867788,-0.496275,-0.0255929,0.43301,0.729885,0.528934
0.654882,0.482874,0.697009,-0.243817,-0.470085,0.848277,0.867788,-0.496275,-0.0255929,0.43301,0.729885,0.528934
0.627155,0.523973,1.00954,0.360731,-0.528651,0.768375,0.548404,-0.546154,-0.633221,0.754404,0.649803,0.0928997
0.627155,0.523973,1.00954,0.360731,-0.528651,0.768375,0.548404,-0.546154,-0.633221,0.754404,0.649803,0.0928997
0.627155,0.523973,1.00954,0.360731,-0.528651,0.768375,0.548404,-0.546154,-0.633221,0.754404,0.649803,0.0928997
0.627155,0.523973,1.00954,0.360731,-0.528651,0.768375,0.548404,-0.546154,-0.633221,0.754404,0.649803,0.0928997
0.604842,0.411131,0.97128,0.428655,-0.151809,0.890623,0.757493,-0.476874,-0.445865,0.492401,0.865763,-0.0894201
0.604842,0.411131,0.97128,0.428655,-0.151809,0.890623,0.757493,-0.476874,-0.445865,0.492401,0.865763,-0.0894201
0.604842,0.411131,0.97128,0.428655,-0.151809,0.890623,0.757493,-0.476874,-0.445865,0.492401,0.865763,-0.0894201
0.604842,0.411131,0.97128,0.428655,-0.151809,0.890623,0.757493,-0.476874,-0.445865,0.492401,0.865763,-0.0894201
0.604842,0.436669,0.969552,0.428655,0.161957,0.888833,0.757493,-0.60061,-0.255875,0.492401,0.782967,-0.380136
0.604842,0.436669,0.969552,0.428655,0.161957,0.888833,0.757493,-0.60061,-0.255875,0.492401,0.782967,-0.380136
0.604842,0.436669,0.969552,0.428655,0.161957,0.888833,0.757493,-0.60061,-0.255875,0.492401,0.782967,-0.380136
0.604842,0.436669,0.969552,0.428655,0.161957,0.888833,0.757493,-0.60061,-0.255875,0.492401,0.782967,-0.380136
0.627137,0.478714,0.757,0.0304265,0.445599,0.894715,0.655705,-0.684501,0.318606,0.754404,0.576975,-0.313008
0.627137,0.478714,0.757,0.0304265,0.445599,0.894715,0.655705,-0.684501,0.318606,0.754404,0.576975,-0.313008
0.627155,0.568085,0.862861,0.360731,0.401107,0.842013,0.548404,-0.821463,0.156373,0.754404,0.405355,-0.516296
0.627155,0.568085,0.862861,0.360731,0.401107,0.842013,0.548404,-0.821463,0.156373,0.754404,0.405355,-0.516296
0.627155,0.568085,0.862861,0.360731,0.401107,0.842013,0.548404,-0.821463,0.156373,0.754404,0.405355,-0.516296
0.627155,0.568085,0.862861,0.360731,0.401107,0.842013,0.548404,-0.821463,0.156373,0.754404,0.405355,-0.516296
0.604842,0.460076,0.959194,0.428655,0.456189,0.779838,0.757493,-0.651903,-0.0350235,0.492401,0.605735,-0.625001
0.604842,0.460076,0.959194,0.428655,0.456189,0.779838,0.757493,-0.651903,-0.0350235,0.492401,0.605735,-0.625001
0.654934,0.48411,1.09869,0.707258,0.0928887,0.700827,0.558827,-0.680647,-0.473741,0.433011,0.726699,-0.533302
0.654934,0.48411,1.09869,0.707258,0.0928887,0.700827,0.558827,-0.680647,-0.473741,0.433011,0.726699,-0.533302
0.654934,0.48411,1.09869,0.707258,0.0928887,0.700827,0.558827,-0.680647,-0.473741,0.433011,0.726699,-0.533302
0.654934,0.48411,1.09869,0.707258,0.0928887,0.700827,0.558827,-0.680647,-0.473741,0.433011,0.726699,-0.533302
0.654934,0.411543,1.10885,0.707258,-0.15241,0.690331,0.558827,-0.47757,-0.677966,0.433011,0.865273,-0.252594
0.654934,0.411543,1.10885,0.707258,-0.15241,0.690331,0.558827,-0.47757,-0.677966,0.433011,0.865273,-0.252594
0.654934,0.411543,1.10885,0.707258,-0.15241,0.690331,0.558827,-0.47757,-0.677966,0.433011,0.865273,-0.252594
0.654934,0.411543,1.10885,0.707258,-0.15241,0.690331,0.558827,-0.47757,-0.677966,0.433011,0.865273,-0.252594
0.627137,0.555377,0.828371,0.0304265,-0.233763,0.971817,0.655705,-0.729154,-0.195922,0.754404,0.643186,0.131094
0.627137,0.555377,0.828371,0.0304265,-0.233763,0.971817,0.655705,-0.729154,-0.195922,0.754404,0.643186,0.131094
0.627137,0.555377,0.828371,0.0304265,-0.233763,0.971817,0.655705,-0.729154,-0.195922,0.754404,0.643186,0.131094
0.627137,0.555377,0.828371,0.0304265,-0.233763,0.971817,0.655705,-0.729154,-0.195922,0.754404,0.643186,0.131094
