0.627137,0.51738,0.794083,0.0304265,0.0289251,0.999118,0.655705,-0.755015,0.00188969,0.754404,0.655069,-0.0419388
0.627137,0.51738,0.794083,0.0304265,0.0289251,0.999118,0.655705,-0.755015,0.00188969,0.754404,0.655069,-0.0419388
0.627137,0.51738,0.794083,0.0304265,0.0289251,0.999118,0.655705,-0.755015,0.00188969,0.754404,0.655069,-0.0419388
0.627137,0.51738,0.794083,0.0304265,0.0289251,0.999118,0.655705,-0.755015,0.00188969,0.754404,0.655069,-0.0419388
0.627137,0.557007,0.89104,0.0304265,-0.620063,0.783962,0.655705,-0.57959,-0.483867,0.754404,0.52877,0.388943
0.627137,0.557007,0.89104,0.0304265,-0.620063,0.783962,0.655705,-0.57959,-0.483867,0.754404,0.52877,0.388943
0.627137,0.557007,0.89104,0.0304265,-0.620063,0.783962,0.655705,-0.57959,-0.483867,0.754404,0.52877,0.388943
0.627137,0.557007,0.89104,0.0304265,-0.620063,0.783962,0.655705,-0.57959,-0.483867,0.754404,0.52877,0.388943
0.627155,0.534523,0.977155,0.360731,-0.308953,0.880012,0.548404,-0.692936,-0.468074,0.754404,0.651451,-0.0805327
0.627155,0.534523,0.977155,0.360731,-0.308953,0.880012,0.548404,-0.692936,-0.468074,0.754404,0.651451,-0.0805327
0.627155,0.534523,0.977155,0.360731,-0.308953,0.880012,0.548404,-0.692936,-0.468074,0.754404,0.651451,-0.0805327
0.627155,0.534523,0.977155,0.360731,-0.308953,0.880012,0.548404,-0.692936,-0.468074,0.754404,0.651451,-0.0805327
0.674504,0.556284,0.709303,-0.303548,-0.310638,0.900757,0.683918,-0.729256,-0.0210187,0.663411,0.609663,0.433815
0.674504,0.556284,0.709303,-0.303548,-0.310638,0.900757,0.683918,-0.729256,-0.0210187,0.663411,0.609663,0.433815
0.604824,0.401861,0.823431,0.0983504,-0.23358,0.967351,0.864794,-0.460916,-0.199218,0.492401,0.856152,0.156668
0.604824,0.401861,0.823431,0.0983504,-0.23358,0.967351,0.864794,-0.460916,-0.199218,0.492401,0.856152,0.156668
0.627155,0.554066,0.927679,0.360731,0.0106611,0.932609,0.548404,-0.811237,-0.202848,0.754404,0.58462,-0.298485
0.627155,0.554066,0.927679,0.360731,0.0106611,0.932609,0.548404,-0.811237,-0.202848,0.754404,0.58462,-0.298485
0.627155,0.554066,0.927679,0.360731,0.0106611,0.932609,0.548404,-0.811237,-0.202848,0.754404,0.58462,-0.298485
0.627155,0.554066,0.927679,0.360731,0.0106611,0.932609,0.548404,-0.811237,-0.202848,0.754404,0.58462,-0.298485
0.654882,0.484525,0.702082,-0.243817,-0.539652,0.80581,0.867788,-0.492374,-0.0671731,0.43301,0.682894,0.588352
0.654882,0.484525,0.702082,-0.243817,-0.539652,0.80581,0.867788,-0.492374,-0.0671731,0.43301,0.682894,0.588352
0.604842,0.390005,0.969361,0.428655,-0.226056,0.874731,0.757493,-0.437752,-0.484332,0.492401,0.870214,-0.0164091
0.604842,0.390005,0.969361,0.428655,-0.226056,0.874731,0.757493,-0.437752,-0.484332,0.492401,0.870214,-0.0164091
0.604842,0.390005,0.969361,0.428655,-0.226056,0.874731,0.757493,-0.437752,-0.484332,0.492401,0.870214,-0.0164091
0.604842,0.390005,0.969361,0.428655,-0.226056,0.874731,0.757493,-0.437752,-0.484332,0.492401,0.870214,-0.0164091
0.654882,0.413003,0.686296,-0.243817,-0.231503,0.941785,0.867788,-0.485654,0.10528,0.43301,0.842939,0.319307
0.654882,0.413003,0.686296,-0.243817,-0.231503,0.941785,0.867788,-0.485654,0.10528,0.43301,0.842939,0.319307
0.604842,0.415598,0.969783,0.428655,0.0867526,0.899293,0.757493,-0.577004,-0.305403,0.492401,0.812121,-0.31305
0.604842,0.415598,0.969783,0.428655,0.0867526,0.899293,0.757493,-0.577004,-0.305403,0.492401,0.812121,-0.31305
0.604842,0.415598,0.969783,0.428655,0.0867526,0.899293,0.757493,-0.577004,-0.305403,0.492401,0.812121,-0.31305
0.604842,0.415598,0.969783,0.428655,0.0867526,0.899293,0.757493,-0.577004,-0.305403,0.492401,0.812121,-0.31305
0.627137,0.475342,0.761512,0.0304265,0.368899,0.928971,0.655705,-0.708836,0.260006,0.754404,0.60122,-0.263456
0.627137,0.475342,0.761512,0.0304265,0.368899,0.928971,0.655705,-0.708836,0.260006,0.754404,0.60122,-0.263456
0.627155,0.555509,0.874503,0.360731,0.328989,0.872719,0.548404,-0.831692,0.0868448,0.754404,0.447275,-0.480436
0.627155,0.555509,0.874503,0.360731,0.328989,0.872719,0.548404,-0.831692,0.0868448,0.754404,0.447275,-0.480436
0.627155,0.555509,0.874503,0.360731,0.328989,0.872719,0.548404,-0.831692,0.0868448,0.754404,0.447275,-0.480436
0.627155,0.555509,0.874503,0.360731,0.328989,0.872719,0.548404,-0.831692,0.0868448,0.754404,0.447275,-0.480436
0.696834,0.587011,0.697353,-0.061087,0.315806,0.946855,0.373999,-0.872274,0.31506,0.925415,0.373369,-0.0648264
0.696834,0.587011,0.697353,-0.061087,0.315806,0.946855,0.373999,-0.872274,0.31506,0.925415,0.373369,-0.0648264
0.696852,0.652955,0.790298,0.269218,0.29457,0.916924,0.266698,-0.937645,0.222922,0.925416,0.184527,-0.330992
0.696852,0.652955,0.790298,0.269218,0.29457,0.916924,0.266698,-0.937645,0.222922,0.925416,0.184527,-0.330992
0.696852,0.652955,0.790298,0.269218,0.29457,0.916924,0.266698,-0.937645,0.222922,0.925416,0.184527,-0.330992
0.696852,0.652955,0.790298,0.269218,0.29457,0.916924,0.266698,-0.937645,0.222922,0.925416,0.184527,-0.330992
0.604842,0.439792,0.961427,0.428655,0.389097,0.815388,0.757493,-0.64666,-0.089638,0.492401,0.656075,-0.571933
0.604842,0.439792,0.961427,0.428655,0.389097,0.815388,0.757493,-0.64666,-0.089638,0.492401,0.656075,-0.571933
0.654934,0.452029,1.10245,0.707258,0.0337146,0.706151,0.558827,-0.638465,-0.52922,0.433011,0.768912,-0.4704
0.654934,0.452029,1.10245,0.707258,0.0337146,0.706151,0.558827,-0.638465,-0.52922,0.433011,0.768912,-0.4704
0.654934,0.452029,1.10245,0.707258,0.0337146,0.706151,0.558827,-0.638465,-0.52922,0.433011,0.768912,-0.4704
0.654934,0.452029,1.10245,0.707258,0.0337146,0.706151,0.558827,-0.638465,-0.52922,0.433011,0.768912,-0.4704
0.627137,0.545742,0.839068,0.0304265,-0.314538,0.948757,0.655705,-0.710128,-0.256455,0.754404,0.629908,0.184637
0.627137,0.545742,0.839068,0.0304265,-0.314538,0.948757,0.655705,-0.710128,-0.256455,0.754404,0.629908,0.184637
0.627137,0.545742,0.839068,0.0304265,-0.314538,0.948757,0.655705,-0.710128,-0.256455,0.754404,0.629908,0.184637
0.627137,0.545742,0.839068,0.0304265,-0.314538,0.948757,0.655705,-0.710128,-0.256455,0.754404,0.629908,0.184637
