0.627137,0.480704,0.772256,0.0304265,0.309873,0.950291,0.655705,-0.723756,0.21501,0.754404,0.616568,-0.225207
0.627137,0.480704,0.772256,0.0304265,0.309873,0.950291,0.655705,-0.723756,0.21501,0.754404,0.616568,-0.225207
0.627137,0.546098,0.854077,0.0304265,-0.373458,0.927148,0.655705,-0.692635,-0.300514,0.754404,0.617079,0.223804
0.627137,0.546098,0.854077,0.0304265,-0.373458,0.927148,0.655705,-0.692635,-0.300514,0.754404,0.617079,0.223804
0.627137,0.546098,0.854077,0.0304265,-0.373458,0.927148,0.655705,-0.692635,-0.300514,0.754404,0.617079,0.223804
0.627137,0.546098,0.854077,0.0304265,-0.373458,0.927148,0.655705,-0.692635,-0.300514,0.754404,0.617079,0.223804
0.627155,0.548845,0.943036,0.360731,-0.0478869,0.93144,0.548404,-0.796908,-0.253358,0.754404,0.602199,-0.261208
0.627155,0.548845,0.943036,0.360731,-0.0478869,0.93144,0.548404,-0.796908,-0.253358,0.754404,0.602199,-0.261208
0.627155,0.548845,0.943036,0.360731,-0.0478869,0.93144,0.548404,-0.796908,-0.253358,0.754404,0.602199,-0.261208
0.627155,0.548845,0.943036,0.360731,-0.0478869,0.93144,0.548404,-0.796908,-0.253358,0.754404,0.602199,-0.261208
0.604824,0.403482,0.829442,0.0983504,-0.293827,0.950785,0.864794,-0.447505,-0.227751,0.492401,0.844633,0.210088
0.604824,0.403482,0.829442,0.0983504,-0.293827,0.950785,0.864794,-0.447505,-0.227751,0.492401,0.844633,0.210088
0.627155,0.553622,0.890056,0.360731,0.273572,0.891645,0.548404,-0.835502,0.0344798,0.754404,0.476544,-0.45142
0.627155,0.553622,0.890056,0.360731,0.273572,0.891645,0.548404,-0.835502,0.0344798,0.754404,0.476544,-0.45142
0.627155,0.553622,0.890056,0.360731,0.273572,0.891645,0.548404,-0.835502,0.0344798,0.754404,0.476544,-0.45142
0.627155,0.553622,0.890056,0.360731,0.273572,0.891645,0.548404,-0.835502,0.0344798,0.754404,0.476544,-0.45142
0.654882,0.423208,0.693276,-0.243817,-0.29015,0.925401,0.867788,-0.491304,0.0745942,0.43301,0.821239,0.371577
0.654882,0.423208,0.693276,-0.243817,-0.29015,0.925401,0.867788,-0.491304,0.0745942,0.43301,0.821239,0.371577
0.627155,0.526235,0.991188,0.360731,-0.36357,0.858889,0.548404,-0.662195,-0.510638,0.754404,0.655221,-0.0394913
0.627155,0.526235,0.991188,0.360731,-0.36357,0.858889,0.548404,-0.662195,-0.510638,0.754404,0.655221,-0.0394913
0.627155,0.526235,0.991188,0.360731,-0.36357,0.858889,0.548404,-0.662195,-0.510638,0.754404,0.655221,-0.0394913
0.627155,0.526235,0.991188,0.360731,-0.36357,0.858889,0.548404,-0.662195,-0.510638,0.754404,0.655221,-0.0394913
0.604842,0.408008,0.976368,0.428655,0.0301454,0.902965,0.757493,-0.5567,-0.341011,0.492401,0.830166,-0.261467
0.604842,0.408008,0.976368,0.428655,0.0301454,0.902965,0.757493,-0.5567,-0.341011,0.492401,0.830166,-0.261467
0.604842,0.408008,0.976368,0.428655,0.0301454,0.902965,0.757493,-0.5567,-0.341011,0.492401,0.830166,-0.261467
0.604842,0.408008,0.976368,0.428655,0.0301454,0.902965,0.757493,-0.5567,-0.341011,0.492401,0.830166,-0.261467
0.604842,0.432678,0.969546,0.428655,0.33716,0.838199,0.757493,-0.63976,-0.130043,0.492401,0.690674,-0.529633
0.604842,0.432678,0.969546,0.428655,0.33716,0.838199,0.757493,-0.63976,-0.130043,0.492401,0.690674,-0.529633
0.604842,0.432678,0.969546,0.428655,0.33716,0.838199,0.757493,-0.63976,-0.130043,0.492401,0.690674,-0.529633
0.604842,0.432678,0.969546,0.428655,0.33716,0.838199,0.757493,-0.63976,-0.130043,0.492401,0.690674,-0.529633
0.627137,0.55408,0.906654,0.0304265,-0.668039,0.743504,0.655705,-0.548082,-0.519286,0.754404,0.503319,0.42136
0.627137,0.55408,0.906654,0.0304265,-0.668039,0.743504,0.655705,-0.548082,-0.519286,0.754404,0.503319,0.42136
0.627137,0.55408,0.906654,0.0304265,-0.668039,0.743504,0.655705,-0.548082,-0.519286,0.754404,0.503319,0.42136
0.627137,0.55408,0.906654,0.0304265,-0.668039,0.743504,0.655705,-0.548082,-0.519286,0.754404,0.503319,0.42136
0.654882,0.493598,0.71352,-0.243817,-0.589157,0.770355,0.867788,-0.487187,-0.0979402,0.43301,0.644625,0.630048
0.654882,0.493598,0.71352,-0.243817,-0.589157,0.770355,0.867788,-0.487187,-0.0979402,0.43301,0.644625,0.630048
0.627155,0.53999,0.838637,0.360731,0.562034,0.744305,0.548404,-0.773323,0.318159,0.754404,0.29341,-0.587184
0.627155,0.53999,0.838637,0.360731,0.562034,0.744305,0.548404,-0.773323,0.318159,0.754404,0.29341,-0.587184
0.627155,0.53999,0.838637,0.360731,0.562034,0.744305,0.548404,-0.773323,0.318159,0.754404,0.29341,-0.587184
0.627155,0.53999,0.838637,0.360731,0.562034,0.744305,0.548404,-0.773323,0.318159,0.754404,0.29341,-0.587184
0.654934,0.505087,1.08652,0.707258,0.231742,0.667894,0.558827,-0.761921,-0.327397,0.433011,0.604791,-0.668378
0.654934,0.505087,1.08652,0.707258,0.231742,0.667894,0.558827,-0.761921,-0.327397,0.433011,0.604791,-0.668378
0.627137,0.520615,0.807401,0.0304265,-0.0338329,0.998964,0.655705,-0.753645,-0.0454959,0.754404,0.65641,-0.000746449
0.627137,0.520615,0.807401,0.0304265,-0.0338329,0.998964,0.655705,-0.753645,-0.0454959,0.754404,0.65641,-0.000746449
0.627137,0.520615,0.807401,0.0304265,-0.0338329,0.998964,0.655705,-0.753645,-0.0454959,0.754404,0.65641,-0.000746449
0.627137,0.520615,0.807401,0.0304265,-0.0338329,0.998964,0.655705,-0.753645,-0.0454959,0.754404,0.65641,-0.000746449
