0.627137,0.482539,0.772768,0.0304265,0.303789,0.952253,0.655705,-0.725116,0.210376,0.754404,0.617996,-0.221259
0.627137,0.482539,0.772768,0.0304265,0.303789,0.952253,0.655705,-0.725116,0.210376,0.754404,0.617996,-0.221259
0.627137,0.547408,0.855006,0.0304265,-0.37938,0.92474,0.655705,-0.690698,-0.304938,0.754404,0.615635,0.227746
0.627137,0.547408,0.855006,0.0304265,-0.37938,0.92474,0.655705,-0.690698,-0.304938,0.754404,0.615635,0.227746
0.627137,0.547408,0.855006,0.0304265,-0.37938,0.92474,0.655705,-0.690698,-0.304938,0.754404,0.615635,0.227746
0.627137,0.547408,0.855006,0.0304265,-0.37938,0.92474,0.655705,-0.690698,-0.304938,0.754404,0.615635,0.227746
0.627155,0.549586,0.943981,0.360731,-0.0538431,0.931114,0.548404,-0.795272,-0.25845,0.754404,0.603858,-0.257352
0.627155,0.549586,0.943981,0.360731,-0.0538431,0.931114,0.548404,-0.795272,-0.25845,0.754404,0.603858,-0.257352
0.627155,0.549586,0.943981,0.360731,-0.0538431,0.931114,0.548404,-0.795272,-0.25845,0.754404,0.603858,-0.257352
0.627155,0.549586,0.943981,0.360731,-0.0538431,0.931114,0.548404,-0.795272,-0.25845,0.754404,0.603858,-0.257352
0.604824,0.404953,0.829459,0.0983504,-0.299902,0.948887,0.864794,-0.446039,-0.230608,0.492401,0.843272,0.215485
0.604824,0.404953,0.829459,0.0983504,-0.299902,0.948887,0.864794,-0.446039,-0.230608,0.492401,0.843272,0.215485
0.627155,0.554701,0.891032,0.360731,0.267864,0.893377,0.548404,-0.835706,0.0291355,0.754404,0.479421,-0.448363
0.627155,0.554701,0.891032,0.360731,0.267864,0.893377,0.548404,-0.835706,0.0291355,0.754404,0.479421,-0.448363
0.627155,0.554701,0.891032,0.360731,0.267864,0.893377,0.548404,-0.835706,0.0291355,0.754404,0.479421,-0.448363
0.627155,0.554701,0.891032,0.360731,0.267864,0.893377,0.548404,-0.835706,0.0291355,0.754404,0.479421,-0.448363
0.654882,0.425549,0.693423,-0.243817,-0.296063,0.923526,0.867788,-0.491771,0.0714505,0.43301,0.818846,0.376822
0.654882,0.425549,0.693423,-0.243817,-0.296063,0.923526,0.867788,-0.491771,0.0714505,0.43301,0.818846,0.376822
0.627155,0.526669,0.991987,0.360731,-0.369056,0.856546,0.548404,-0.658916,-0.514862,0.754404,0.65546,-0.0353
0.627155,0.526669,0.991987,0.360731,-0.369056,0.856546,0.548404,-0.658916,-0.514862,0.754404,0.65546,-0.0353
0.627155,0.526669,0.991987,0.360731,-0.369056,0.856546,0.548404,-0.658916,-0.514862,0.754404,0.65546,-0.0353
0.627155,0.526669,0.991987,0.360731,-0.369056,0.856546,0.548404,-0.658916,-0.514862,0.754404,0.65546,-0.0353
0.604842,0.408538,0.976411,0.428655,0.0243697,0.903139,0.757493,-0.554508,-0.344565,0.492401,0.831821,-0.256153
0.604842,0.408538,0.976411,0.428655,0.0243697,0.903139,0.757493,-0.554508,-0.344565,0.492401,0.831821,-0.256153
0.604842,0.408538,0.976411,0.428655,0.0243697,0.903139,0.757493,-0.554508,-0.344565,0.492401,0.831821,-0.256153
0.604842,0.408538,0.976411,0.428655,0.0243697,0.903139,0.757493,-0.554508,-0.344565,0.492401,0.831821,-0.256153
0.604842,0.433252,0.969748,0.428655,0.331792,0.840339,0.757493,-0.638915,-0.134132,0.492401,0.694047,-0.525204
0.604842,0.433252,0.969748,0.428655,0.331792,0.840339,0.757493,-0.638915,-0.134132,0.492401,0.694047,-0.525204
0.604842,0.433252,0.969748,0.428655,0.331792,0.840339,0.757493,-0.638915,-0.134132,0.492401,0.694047,-0.525204
0.604842,0.433252,0.969748,0.428655,0.331792,0.840339,0.757493,-0.638915,-0.134132,0.492401,0.694047,-0.525204
0.627137,0.555053,0.907633,0.0304265,-0.672781,0.739216,0.655705,-0.544749,-0.522781,0.754404,0.500614,0.424571
0.627137,0.555053,0.907633,0.0304265,-0.672781,0.739216,0.655705,-0.544749,-0.522781,0.754404,0.500614,0.424571
0.627137,0.555053,0.907633,0.0304265,-0.672781,0.739216,0.655705,-0.544749,-0.522781,0.754404,0.500614,0.424571
0.627137,0.555053,0.907633,0.0304265,-0.672781,0.739216,0.655705,-0.544749,-0.522781,0.754404,0.500614,0.424571
0.654882,0.495808,0.714116,-0.243817,-0.594072,0.766571,0.867788,-0.486551,-0.101054,0.43301,0.640583,0.634158
0.654882,0.495808,0.714116,-0.243817,-0.594072,0.766571,0.867788,-0.486551,-0.101054,0.43301,0.640583,0.634158
0.627155,0.541399,0.839527,0.360731,0.557263,0.747885,0.548404,-0.775342,0.313207,0.754404,0.297159,-0.585295
0.627155,0.541399,0.839527,0.360731,0.557263,0.747885,0.548404,-0.775342,0.313207,0.754404,0.297159,-0.585295
0.627155,0.541399,0.839527,0.360731,0.557263,0.747885,0.548404,-0.775342,0.313207,0.754404,0.297159,-0.585295
0.627155,0.541399,0.839527,0.360731,0.557263,0.747885,0.548404,-0.775342,0.313207,0.754404,0.297159,-0.585295
0.654934,0.504911,1.08719,0.707258,0.227465,0.669362,0.558827,-0.759811,-0.332263,0.433011,0.609054,-0.664496
0.654934,0.504911,1.08719,0.707258,0.227465,0.669362,0.558827,-0.759811,-0.332263,0.433011,0.609054,-0.664496
0.627137,0.522224,0.808168,0.0304265,-0.0402212,0.998727,0.655705,-0.753339,-0.050315,0.754404,0.656401,0.00345172
0.627137,0.522224,0.808168,0.0304265,-0.0402212,0.998727,0.655705,-0.753339,-0.050315,0.754404,0.656401,0.00345172
0.627137,0.522224,0.808168,0.0304265,-0.0402212,0.998727,0.655705,-0.753339,-0.050315,0.754404,0.656401,0.00345172
0.627137,0.522224,0.808168,0.0304265,-0.0402212,0.998727,0.655705,-0.753339,-0.050315,0.754404,0.656401,0.00345172
