0.604842,0.465971,0.692325,0.428655,0.0799441,-0.899924,0.757493,0.511073,0.406213,0.492401,-0.855812,0.158517
0.604842,0.473786,0.695951,0.428655,0.175091,-0.88634,0.757493,0.465029,0.458206,0.492401,-0.867808,0.0667067
0.604842,0.473786,0.695951,0.428655,0.175091,-0.88634,0.757493,0.465029,0.458206,0.492401,-0.867808,0.0667067
0.604842,0.472248,0.696014,0.428655,0.180695,-0.885214,0.757493,0.46212,0.461139,0.492401,-0.868213,0.0612147
0.604842,0.470321,0.698336,0.428655,0.205814,-0.879713,0.757493,0.44881,0.474103,0.492401,-0.869603,0.0364819
0.604842,0.467362,0.699711,0.428655,0.230496,-0.873571,0.757493,0.435286,0.486549,0.492401,-0.870286,0.0119885
0.604842,0.464355,0.701136,0.428655,0.254557,-0.866865,0.757493,0.42167,0.498396,0.492401,-0.870285,-0.0120746
0.604842,0.461352,0.70262,0.428655,0.278623,-0.859432,0.757493,0.407613,0.509957,0.492401,-0.86961,-0.0363297
0.604842,0.475144,0.707677,0.428655,0.443539,-0.787101,0.757493,0.298376,0.580668,0.492401,-0.84513,-0.208077
0.604842,0.475209,0.708709,0.428655,0.444315,-0.786663,0.757493,0.297803,0.580962,0.492401,-0.844925,-0.208911
0.604842,0.474948,0.714073,0.428655,0.453082,-0.781647,0.757493,0.29129,0.584256,0.492401,-0.842536,-0.218344
0.604842,0.487347,0.721901,0.428655,0.598851,-0.676486,0.757493,0.169865,0.630357,0.492401,-0.782639,-0.380811
0.604842,0.488765,0.723229,0.428655,0.603712,-0.672151,0.757493,0.165317,0.631565,0.492401,-0.779873,-0.386444
0.604842,0.494381,0.727547,0.428655,0.622491,-0.654798,0.757493,0.147378,0.63599,0.492401,-0.768625,-0.408358
0.604842,0.499944,0.730897,0.428655,0.640589,-0.637103,0.757493,0.129504,0.639869,0.492401,-0.756884,-0.429729
0.604842,0.506425,0.735248,0.428655,0.657682,-0.619442,0.757493,0.112051,0.643155,0.492401,-0.744915,-0.450158
0.604842,0.510973,0.739744,0.428655,0.675492,-0.59997,0.757493,0.0932202,0.646153,0.492401,-0.731451,-0.471722
0.604842,0.510973,0.739744,0.428655,0.675492,-0.59997,0.757493,0.0932202,0.646153,0.492401,-0.731451,-0.471722
0.604842,0.516221,0.748549,0.428655,0.735293,-0.524975,0.757493,0.0241911,0.652395,0.492401,-0.677317,-0.54661
0.604842,0.516221,0.748549,0.428655,0.735293,-0.524975,0.757493,0.0241911,0.652395,0.492401,-0.677317,-0.54661
0.604842,0.515513,0.749911,0.428655,0.738594,-0.520321,0.757493,0.0200709,0.652535,0.492401,-0.673852,-0.550876
0.604842,0.511776,0.752532,0.428655,0.752815,-0.499524,0.757493,0.00186779,0.65284,0.492401,-0.658229,-0.569452
0.604842,0.508024,0.755233,0.428655,0.766806,-0.477768,0.757493,-0.016822,0.652626,0.492401,-0.641658,-0.588062
0.604842,0.504176,0.757897,0.428655,0.779636,-0.456533,0.757493,-0.0347354,0.651918,0.492401,-0.625269,-0.605458
0.604842,0.50032,0.760654,0.428655,0.792304,-0.434177,0.757493,-0.0532609,0.650667,0.492401,-0.607798,-0.622995
0.604842,0.493731,0.751772,0.428655,0.71842,-0.547839,0.757493,0.0446958,0.651311,0.492401,-0.694172,-0.525039
0.604842,0.493825,0.752881,0.428655,0.719486,-0.546438,0.757493,0.0434261,0.651397,0.492401,-0.693147,-0.526391
0.604842,0.49337,0.75852,0.428655,0.725665,-0.538205,0.757493,0.0360023,0.65185,0.492401,-0.687106,-0.534254
0.604842,0.501634,0.770583,0.428655,0.817637,-0.384349,0.757493,-0.0933972,0.646128,0.492401,-0.568108,-0.65939
0.604842,0.502888,0.77105,0.428655,0.820388,-0.378443,0.757493,-0.0980541,0.645437,0.492401,-0.563338,-0.663469
0.604842,0.507841,0.775881,0.428655,0.830664,-0.355319,0.757493,-0.116091,0.642438,0.492401,-0.544536,-0.678986
0.815798,0.814493,0.794598,0.924145,0.193991,-0.329127,0.365374,-0.700479,0.613051,-0.11162,-0.686802,-0.718223
0.815798,0.818839,0.808073,0.924145,0.203262,-0.323483,0.365374,-0.717612,0.592904,-0.11162,-0.666121,-0.737444
0.815798,0.821887,0.822516,0.924145,0.212337,-0.3176,0.365374,-0.734107,0.572355,-0.11162,-0.644981,-0.756003
0.815798,0.821887,0.822516,0.924145,0.212337,-0.3176,0.365374,-0.734107,0.572355,-0.11162,-0.644981,-0.756003
0.815798,0.819425,0.86469,0.924145,0.24488,-0.293242,0.365374,-0.790763,0.491117,-0.11162,-0.561006,-0.820252
0.815798,0.819425,0.86469,0.924145,0.24488,-0.293242,0.365374,-0.790763,0.491117,-0.11162,-0.561006,-0.820252
0.815798,0.817159,0.866916,0.924145,0.246657,-0.291748,0.365374,-0.793733,0.486302,-0.11162,-0.55601,-0.823646
0.815798,0.810724,0.878378,0.924145,0.254907,-0.284569,0.365374,-0.807327,0.463384,-0.11162,-0.532208,-0.839223
0.815798,0.805077,0.889308,0.924145,0.262576,-0.277508,0.365374,-0.819669,0.441185,-0.11162,-0.509113,-0.853431
0.815798,0.798085,0.899549,0.924145,0.270318,-0.269972,0.365374,-0.831817,0.417831,-0.11162,-0.484777,-0.867486
0.815798,0.790815,0.910684,0.924145,0.277811,-0.262255,0.365374,-0.84325,0.394249,-0.11162,-0.460164,-0.88079
0.815798,0.799587,0.856139,0.924145,0.235532,-0.300802,0.365374,-0.774919,0.515754,-0.11162,-0.586537,-0.802194
0.815798,0.798518,0.857948,0.924145,0.236193,-0.300283,0.365374,-0.776051,0.514049,-0.11162,-0.584771,-0.803482
0.815798,0.797164,0.866783,0.924145,0.239315,-0.297801,0.365374,-0.781376,0.505919,-0.11162,-0.576351,-0.809544
0.815798,0.798402,0.811757,0.924145,0.192344,-0.330092,0.365374,-0.697407,0.616543,-0.11162,-0.690382,-0.714782
0.815798,0.799517,0.814115,0.924145,0.194453,-0.328854,0.365374,-0.701339,0.612067,-0.11162,-0.685792,-0.719187
0.767179,0.771992,0.816507,0.924145,0.35514,-0.140828,0.365374,-0.713891,0.597379,0.111618,-0.603519,-0.789498
0.767179,0.776353,0.830054,0.924145,0.358984,-0.130718,0.365374,-0.730516,0.57693,0.111618,-0.580928,-0.806266
0.767179,0.779443,0.842364,0.924145,0.362454,-0.120764,0.365374,-0.746155,0.556556,0.111618,-0.558462,-0.821986
0.767179,0.78327,0.855912,0.924145,0.365726,-0.110459,0.365374,-0.761604,0.53522,0.111618,-0.53498,-0.837459
0.767179,0.78327,0.855912,0.924145,0.365726,-0.110459,0.365374,-0.761604,0.53522,0.111618,-0.53498,-0.837459
0.767179,0.77922,0.894548,0.924145,0.375363,-0.0711295,0.365374,-0.813975,0.451603,0.111618,-0.443336,-0.889379
0.767179,0.77922,0.894548,0.924145,0.375363,-0.0711295,0.365374,-0.813975,0.451603,0.111618,-0.443336,-0.889379
0.767179,0.777883,0.896911,0.924145,0.375857,-0.068473,0.365374,-0.817149,0.445835,0.111618,-0.437034,-0.892492
0.767179,0.771366,0.906335,0.924145,0.377643,-0.0578147,0.365374,-0.829432,0.422544,0.111618,-0.411616,-0.904496
0.767179,0.764591,0.91667,0.924145,0.379121,-0.0471586,0.365374,-0.841001,0.399023,0.111618,-0.385985,-0.915728
0.767179,0.757562,0.925923,0.924145,0.380296,-0.0364986,0.365374,-0.85187,0.37526,0.111618,-0.36013,-0.926201
0.767179,0.750277,0.936099,0.924145,0.381169,-0.0258285,0.365374,-0.86205,0.351243,0.111618,-0.334036,-0.935928
0.767179,0.759484,0.886334,0.924145,0.373019,-0.0825439,0.365374,-0.799824,0.476217,0.111618,-0.470253,-0.875445
0.767179,0.758403,0.887078,0.924145,0.373202,-0.0817159,0.365374,-0.800879,0.474441,0.111618,-0.468309,-0.876486
0.767179,0.756998,0.895572,0.924145,0.374033,-0.0778215,0.365374,-0.805781,0.466067,0.111618,-0.459148,-0.88132
0.767179,0.759302,0.845149,0.924145,0.35824,-0.132743,0.365374,-0.727246,0.581047,0.111618,-0.585472,-0.802972
0.767179,0.760363,0.84853,0.924145,0.359169,-0.130211,0.365374,-0.73133,0.575898,0.111618,-0.579788,-0.807086
0.767179,0.76344,0.861086,0.924145,0.362712,-0.119988,0.365374,-0.747344,0.554959,0.111618,-0.556703,-0.823179
0.767179,0.767254,0.874389,0.924145,0.365882,-0.109942,0.365374,-0.76236,0.534143,0.111618,-0.533795,-0.838215
0.767179,0.769797,0.886928,0.924145,0.368847,-0.0995443,0.365374,-0.77717,0.512355,0.111618,-0.509861,-0.852985
0.767179,0.773091,0.900209,0.924145,0.371452,-0.0893335,0.365374,-0.791006,0.490726,0.111618,-0.486142,-0.866722
0.767179,0.773091,0.900209,0.924145,0.371452,-0.0893335,0.365374,-0.791006,0.490726,0.111618,-0.486142,-0.866722
0.767179,0.766996,0.938663,0.924145,0.378828,-0.0494582,0.365374,-0.838564,0.404118,0.111618,-0.391535,-0.913369
0.767179,0.766996,0.938663,0.924145,0.378828,-0.0494582,0.365374,-0.838564,0.404118,0.111618,-0.391535,-0.913369
0.767179,0.764524,0.940999,0.924145,0.379168,-0.046781,0.365374,-0.841398,0.398185,0.111618,-0.385073,-0.916112
0.767179,0.757485,0.950251,0.924145,0.380332,-0.036119,0.365374,-0.852244,0.374409,0.111618,-0.359205,-0.92656
0.767179,0.750191,0.960425,0.924145,0.381195,-0.0254473,0.365374,-0.862401,0.350381,0.111618,-0.3331,-0.936262
0.767179,0.742642,0.96953,0.924145,0.381758,-0.0147572,0.365374,-0.871879,0.326081,0.111618,-0.306738,-0.945227
0.767179,0.734841,0.978552,0.924145,0.382021,-0.0040652,0.365374,-0.880665,0.301548,0.111618,-0.280159,-0.953442
0.767179,0.746817,0.929702,0.924145,0.377174,-0.0608019,0.365374,-0.826062,0.429096,0.111618,-0.418762,-0.90121
0.767179,0.746765,0.930009,0.924145,0.37723,-0.0604542,0.365374,-0.826457,0.428334,0.111618,-0.417931,-0.901596
0.767179,0.744065,0.939024,0.924145,0.377932,-0.0558937,0.365374,-0.83157,0.418321,0.111618,-0.407011,-0.906578
0.767179,0.749306,0.88872,0.924145,0.365333,-0.111751,0.365374,-0.759708,0.537909,0.111618,-0.537936,-0.835563
0.767179,0.750229,0.892105,0.924145,0.366115,-0.109165,0.365374,-0.763493,0.532522,0.111618,-0.532014,-0.839347
0.767179,0.752767,0.905404,0.924145,0.368987,-0.0990226,0.365374,-0.777894,0.511256,0.111618,-0.508654,-0.853705
0.767179,0.756048,0.917683,0.924145,0.371577,-0.0888092,0.365374,-0.791697,0.489609,0.111618,-0.484918,-0.867408
0.767179,0.758041,0.93122,0.924145,0.373951,-0.0782147,0.365374,-0.80529,0.466914,0.111618,-0.460074,-0.880837
0.767179,0.759762,0.94473,0.924145,0.376024,-0.0675507,0.365374,-0.81824,0.443829,0.111618,-0.434844,-0.893562
0.767179,0.759762,0.94473,0.924145,0.376024,-0.0675507,0.365374,-0.81824,0.443829,0.111618,-0.434844,-0.893562
0.767179,0.751619,0.982793,0.924145,0.381063,-0.0273525,0.365374,-0.860638,0.354687,0.111618,-0.337776,-0.934585
0.767179,0.751619,0.982793,0.924145,0.381063,-0.0273525,0.365374,-0.860638,0.354687,0.111618,-0.337776,-0.934585
0.767179,0.750015,0.985087,0.924145,0.381245,-0.0246731,0.365374,-0.86311,0.348629,0.111618,-0.331198,-0.936936
0.767179,0.74245,0.994177,0.924145,0.381787,-0.0139937,0.365374,-0.872529,0.324337,0.111618,-0.304847,-0.945838
0.767179,0.734631,1.00319,0.924145,0.382029,-0.00330159,0.365374,-0.881266,0.299787,0.111618,-0.278253,-0.954001
0.767179,0.726559,1.01213,0.924145,0.381971,0.00739838,0.365374,-0.889316,0.274989,0.111618,-0.251427,-0.961419
0.767179,0.718232,1.02,0.924145,0.381613,0.0181131,0.365374,-0.896681,0.249928,0.111618,-0.224352,-0.968095
0.767179,0.733081,0.971669,0.924145,0.380036,-0.0391047,0.365374,-0.849277,0.38109,0.111618,-0.36647,-0.92371
0.767179,0.731947,0.97326,0.924145,0.380106,-0.0384221,0.365374,-0.84996,0.379565,0.111618,-0.364811,-0.924367
0.767179,0.729085,0.981931,0.924145,0.380512,-0.0341719,0.365374,-0.854149,0.370042,0.111618,-0.354458,-0.928386
0.767179,0.737175,0.93226,0.924145,0.371198,-0.0903819,0.365374,-0.789617,0.492957,0.111618,-0.488587,-0.865346
0.767179,0.737981,0.934409,0.924145,0.371769,-0.088006,0.365374,-0.792754,0.487897,0.111618,-0.483042,-0.868454
0.767179,0.739984,0.947692,0.924145,0.374061,-0.0776878,0.365374,-0.805947,0.465779,0.111618,-0.458833,-0.881484
0.767179,0.741692,0.961199,0.924145,0.376118,-0.0670225,0.365374,-0.818863,0.442679,0.111618,-0.433588,-0.894172
0.767179,0.743167,0.974456,0.924145,0.377836,-0.0565399,0.365374,-0.830854,0.419743,0.111618,-0.408561,-0.90588
0.767179,0.744371,0.987739,0.924145,0.379272,-0.0459317,0.365374,-0.842288,0.3963,0.111618,-0.38302,-0.916972
0.767179,0.744371,0.987739,0.924145,0.379272,-0.0459317,0.365374,-0.842288,0.3963,0.111618,-0.38302,-0.916972
0.767179,0.734153,1.02559,0.924145,0.382008,-0.00521071,0.365374,-0.879757,0.304187,0.111618,-0.283017,-0.952598
0.767179,0.734153,1.02559,0.924145,0.382008,-0.00521071,0.365374,-0.879757,0.304187,0.111618,-0.283017,-0.952598
0.767179,0.732526,1.02751,0.924145,0.382032,-0.00291981,0.365374,-0.881565,0.298906,0.111618,-0.277299,-0.954278
0.767179,0.724445,1.03645,0.924145,0.381964,0.00777964,0.365374,-0.88959,0.274102,0.111618,-0.250467,-0.961669
0.767179,0.716109,1.04431,0.924145,0.381595,0.0184933,0.365374,-0.89693,0.249035,0.111618,-0.223387,-0.968318
0.767179,0.707514,1.0531,0.924145,0.380923,0.0292278,0.365374,-0.903585,0.223687,0.111618,-0.19604,-0.974223
0.767179,0.698653,1.06083,0.924145,0.379944,0.0399894,0.365374,-0.90955,0.198043,0.111618,-0.168409,-0.979377
0.767179,0.716269,1.01338,0.924145,0.381651,-0.0172937,0.365374,-0.869693,0.331868,0.111618,-0.313012,-0.943167
0.767179,0.71506,1.0151,0.924145,0.381689,-0.0164416,0.365374,-0.870432,0.329925,0.111618,-0.310906,-0.943864
0.767179,0.712026,1.02259,0.924145,0.381844,-0.0123216,0.365374,-0.873941,0.320513,0.111618,-0.300702,-0.947164
0.767179,0.722938,0.97353,0.924145,0.375778,-0.0689018,0.365374,-0.81664,0.446767,0.111618,-0.438052,-0.891993
0.767179,0.723621,0.976667,0.924145,0.376212,-0.0664943,0.365374,-0.819484,0.441529,0.111618,-0.432332,-0.89478
0.767179,0.725083,0.989921,0.924145,0.377915,-0.0560114,0.365374,-0.83144,0.41858,0.111618,-0.407294,-0.906451
0.767179,0.725275,1.0032,0.924145,0.379335,-0.0454034,0.365374,-0.842839,0.395126,0.111618,-0.381743,-0.917504
0.767179,0.726206,1.01642,0.924145,0.380459,-0.034759,0.365374,-0.853577,0.37136,0.111618,-0.35589,-0.927838
0.767179,0.726856,1.03068,0.924145,0.38129,-0.0239791,0.365374,-0.863744,0.347057,0.111618,-0.329492,-0.937537
0.767179,0.726856,1.03068,0.924145,0.38129,-0.0239791,0.365374,-0.863744,0.347057,0.111618,-0.329492,-0.937537
0.767179,0.71372,1.06674,0.924145,0.381683,0.0165914,0.365374,-0.895678,0.253501,0.111618,-0.22821,-0.967193
0.767179,0.71372,1.06674,0.924145,0.381683,0.0165914,0.365374,-0.895678,0.253501,0.111618,-0.22821,-0.967193
0.767179,0.711853,1.06896,0.924145,0.381556,0.0192855,0.365374,-0.897445,0.247172,0.111618,-0.221376,-0.96878
0.767179,0.703251,1.07772,0.924145,0.380865,0.0299847,0.365374,-0.904028,0.221891,0.111618,-0.194104,-0.97461
0.767179,0.694374,1.08544,0.924145,0.379864,0.0407421,0.365374,-0.90994,0.19624,0.111618,-0.166468,-0.979709
0.767179,0.685399,1.09275,0.924145,0.378611,0.0510945,0.365374,-0.914957,0.171332,0.111618,-0.139667,-0.983887
0.767179,0.676019,1.10029,0.924145,0.377005,0.0618401,0.365374,-0.919459,0.145245,0.111618,-0.111633,-0.987461
0.767179,0.696277,1.05411,0.924145,0.382011,0.00497431,0.365374,-0.887553,0.280627,0.111618,-0.257523,-0.959804
0.767179,0.696122,1.05555,0.924145,0.382003,0.00550211,0.365374,-0.88794,0.279401,0.111618,-0.256196,-0.960159
0.767179,0.691886,1.06299,0.924145,0.381922,0.0096338,0.365374,-0.89091,0.26978,0.111618,-0.245796,-0.962874
0.767179,0.705616,1.01455,0.924145,0.379104,-0.0472991,0.365374,-0.840853,0.399334,0.111618,-0.386324,-0.915584
0.767179,0.706178,1.01766,0.924145,0.379398,-0.0448752,0.365374,-0.843388,0.393952,0.111618,-0.380465,-0.918035
0.767179,0.707032,1.03115,0.924145,0.380535,-0.0339139,0.365374,-0.8544,0.369463,0.111618,-0.353829,-0.928626
0.767179,0.706735,1.04513,0.924145,0.381322,-0.0234545,0.365374,-0.86422,0.345869,0.111618,-0.328202,-0.93799
0.767179,0.707161,1.05814,0.924145,0.381827,-0.0128531,0.365374,-0.873494,0.321729,0.111618,-0.30202,-0.946745
0.767179,0.706245,1.07136,0.924145,0.382038,-0.00190843,0.365374,-0.882353,0.296571,0.111618,-0.274772,-0.955009
0.767179,0.706245,1.07136,0.924145,0.382038,-0.00190843,0.365374,-0.882353,0.296571,0.111618,-0.274772,-0.955009
0.767179,0.692228,1.10757,0.924145,0.380105,0.0384314,0.365374,-0.90873,0.20177,0.111618,-0.172423,-0.978679
0.767179,0.692228,1.10757,0.924145,0.380105,0.0384314,0.365374,-0.90873,0.20177,0.111618,-0.172423,-0.978679
0.767179,0.689234,1.10974,0.924145,0.379824,0.0411182,0.365374,-0.910134,0.195339,0.111618,-0.165498,-0.979873
0.767179,0.680104,1.11734,0.924145,0.378509,0.0518407,0.365374,-0.915293,0.169528,0.111618,-0.137727,-0.984161
0.767179,0.670863,1.12458,0.924145,0.376944,0.0622097,0.365374,-0.919601,0.144343,0.111618,-0.110664,-0.98757
0.767179,0.662203,1.13204,0.924145,0.375009,0.0729729,0.365374,-0.923356,0.117964,0.111618,-0.0823534,-0.990333
0.767179,0.652431,1.13915,0.924145,0.372829,0.0834004,0.365374,-0.926286,0.0921736,0.111618,-0.0547094,-0.992244
0.767179,0.675317,1.0942,0.924145,0.381095,0.0268955,0.365374,-0.902199,0.229214,0.111618,-0.202,-0.973004
0.767179,0.674029,1.09589,0.924145,0.381035,0.0277362,0.365374,-0.902702,0.227223,0.111618,-0.199853,-0.973448
0.767179,0.669596,1.10324,0.924145,0.380713,0.0318508,0.365374,-0.905104,0.217458,0.111618,-0.189325,-0.97555
0.767179,0.68617,1.05551,0.924145,0.381201,-0.0253532,0.365374,-0.862487,0.350168,0.111618,-0.332869,-0.936344
0.767179,0.686538,1.05885,0.924145,0.381374,-0.0226051,0.365374,-0.864988,0.343943,0.111618,-0.326112,-0.938718
0.767179,0.685944,1.07186,0.924145,0.381855,-0.0120007,0.365374,-0.87421,0.319778,0.111618,-0.299906,-0.947416
0.767179,0.686101,1.0848,0.924145,0.382041,-0.00139099,0.365374,-0.882754,0.295376,0.111618,-0.273478,-0.95538
0.767179,0.684966,1.09877,0.924145,0.381928,0.00936913,0.365374,-0.890723,0.270397,0.111618,-0.246463,-0.962703
0.767179,0.683636,1.11151,0.924145,0.381522,0.0199518,0.365374,-0.897875,0.245604,0.111618,-0.219684,-0.969165
0.767179,0.683636,1.11151,0.924145,0.381522,0.0199518,0.365374,-0.897875,0.245604,0.111618,-0.219684,-0.969165
0.767179,0.666668,1.14706,0.924145,0.377256,0.0602877,0.365374,-0.918854,0.149029,0.111618,-0.115697,-0.986993
0.767179,0.666668,1.14706,0.924145,0.377256,0.0602877,0.365374,-0.918854,0.149029,0.111618,-0.115697,-0.986993
0.767179,0.664521,1.14822,0.924145,0.376809,0.0630229,0.365374,-0.919911,0.142359,0.111618,-0.108533,-0.987807
0.767179,0.655002,1.15539,0.924145,0.374921,0.0734225,0.365374,-0.923497,0.116857,0.111618,-0.0811659,-0.990431
0.767179,0.646092,1.16271,0.924145,0.372667,0.0841216,0.365374,-0.926463,0.0903811,0.111618,-0.0527893,-0.992348
0.767179,0.636032,1.16975,0.924145,0.370151,0.0945772,0.365374,-0.928639,0.0642696,0.111618,-0.0248383,-0.993441
0.767179,0.62593,1.17538,0.924145,0.367442,0.104611,0.365374,-0.930044,0.038986,0.111618,0.0021933,-0.993749
0.767179,0.651272,1.13197,0.924145,0.378904,0.0488752,0.365374,-0.913938,0.17669,0.111618,-0.14543,-0.983052
0.767179,0.650063,1.1334,0.924145,0.378835,0.0494085,0.365374,-0.914185,0.175404,0.111618,-0.144046,-0.983256
0.767179,0.645352,1.14084,0.924145,0.378247,0.0537228,0.365374,-0.916125,0.164974,0.111618,-0.132831,-0.984834
0.767179,0.664625,1.09421,0.924145,0.382029,-0.00328035,0.365374,-0.881283,0.299738,0.111618,-0.278199,-0.954016
0.767179,0.664378,1.09994,0.924145,0.382041,0.00117009,0.365374,-0.884714,0.289451,0.111618,-0.267067,-0.957192
0.767179,0.663235,1.11275,0.924145,0.381862,0.0117607,0.365374,-0.892399,0.264814,0.111618,-0.240429,-0.964228
