0.658953,0.206337,0.85746,0.308961,0.0323502,0.950524,0.951075,-0.0105054,-0.308782,-3.49349e-06,0.999421,-0.0340132
0.907818,0.14888,0.550814,0.92986,0.282473,-0.235733,-0.179072,0.907191,0.380706,0.321394,-0.31179,0.894143
0.907818,0.267799,0.474761,0.92986,0.346063,-0.124905,-0.179072,0.722272,0.668025,0.321394,-0.598802,0.733581
0.907818,0.405558,0.443966,0.92986,0.367913,0.000988095,-0.179072,0.450235,0.874769,0.321394,-0.813589,0.484539
0.907818,0.545542,0.462146,0.92986,0.345388,0.126762,-0.179072,0.123894,0.976004,0.321394,-0.930246,0.177054
0.907818,0.670866,0.527106,0.92986,0.281203,0.237247,-0.179072,-0.21739,0.959518,0.321394,-0.934701,-0.151787
0.907818,0.766415,0.631012,0.92986,0.183101,0.319116,-0.179072,-0.532455,0.8273,0.321394,-0.826418,-0.46232
0.907818,0.820663,0.761332,0.92986,0.0629144,0.362496,-0.179072,-0.783297,0.595297,0.321394,-0.618456,-0.71709
0.907818,0.827067,0.902346,0.92986,-0.0648606,0.362152,-0.179072,-0.939662,0.291493,0.321394,-0.335899,-0.885368
0.907818,0.784856,1.03705,0.92986,-0.184812,0.318128,-0.179072,-0.98269,-0.0474693,0.321394,-0.0128282,-0.946859
0.907818,0.69912,1.14919,0.92986,-0.282473,0.235733,-0.179072,-0.907191,-0.380706,0.321394,0.31179,-0.894143
0.907818,0.580201,1.22524,0.92986,-0.346063,0.124905,-0.179072,-0.722272,-0.668025,0.321394,0.598802,-0.733581
0.907818,0.442442,1.25603,0.92986,-0.367913,-0.000988095,-0.179072,-0.450235,-0.874769,0.321394,0.813589,-0.484539
0.907818,0.302458,1.23785,0.92986,-0.345388,-0.126762,-0.179072,-0.123894,-0.976004,0.321394,0.930246,-0.177054
0.907818,0.177134,1.17289,0.92986,-0.281203,-0.237247,-0.179072,0.21739,-0.959518,0.321394,0.934701,0.151787
0.907818,0.0815853,1.06899,0.92986,-0.183101,-0.319116,-0.179072,0.532455,-0.8273,0.321394,0.826418,0.46232
0.907818,0.0273373,0.938668,0.92986,-0.0629144,-0.362496,-0.179072,0.783297,-0.595297,0.321394,0.618456,0.71709
0.907818,0.0209326,0.797654,0.92986,0.0648606,-0.362152,-0.179072,0.939662,-0.291493,0.321394,0.335899,0.885368
0.907818,0.0631438,0.662954,0.92986,0.184812,-0.318128,-0.179072,0.98269,0.0474693,0.321394,0.0128282,0.946859
0.907818,0.14888,0.550814,0.92986,0.282473,-0.235733,-0.179072,0.907191,0.380706,0.321394,-0.31179,0.894143
0.809114,0.150817,0.607747,0.796489,0.272119,-0.539959,-0.0275851,0.908431,0.417125,0.604023,-0.31734,0.731062
0.809114,0.250148,0.528923,0.796489,0.440385,-0.414325,-0.0275851,0.710981,0.70267,0.604023,-0.54824,0.578437
0.809114,0.370447,0.488825,0.796489,0.555534,-0.238718,-0.0275851,0.427776,0.903464,0.604023,-0.713014,0.356043
0.809114,0.497206,0.49229,0.796489,0.603678,-0.0343174,-0.0275851,0.0929749,0.995286,0.604023,-0.791788,0.090706
0.809114,0.615135,0.538901,0.796489,0.579009,0.174222,-0.0275851,-0.25304,0.967062,0.604023,-0.775061,-0.185572
0.809114,0.71001,0.623034,0.796489,0.484503,0.361748,-0.0275851,-0.568535,0.822197,0.604023,-0.66485,-0.439467
0.809114,0.770389,0.734543,0.796489,0.331559,0.505642,-0.0275851,-0.815456,0.578162,0.604023,-0.474448,-0.640356
0.809114,0.788987,0.859978,0.796489,0.138624,0.588547,-0.0275851,-0.964021,0.264392,0.604023,-0.226821,-0.764008
0.809114,0.763563,0.984209,0.796489,-0.0710315,0.600466,-0.0275851,-0.996311,-0.0812673,0.604023,0.0481646,-0.79551
0.809114,0.697183,1.09225,0.796489,-0.272119,0.539959,-0.0275851,-0.908431,-0.417125,0.604023,0.31734,-0.731062
0.809114,0.597852,1.17108,0.796489,-0.440385,0.414325,-0.0275851,-0.710981,-0.70267,0.604023,0.54824,-0.578437
0.809114,0.477553,1.21118,0.796489,-0.555534,0.238718,-0.0275851,-0.427776,-0.903464,0.604023,0.713014,-0.356043
0.809114,0.350794,1.20771,0.796489,-0.603678,0.0343174,-0.0275851,-0.0929749,-0.995286,0.604023,0.791788,-0.090706
0.809114,0.232865,1.1611,0.796489,-0.579009,-0.174222,-0.0275851,0.25304,-0.967062,0.604023,0.775061,0.185572
0.809114,0.13799,1.07697,0.796489,-0.484503,-0.361748,-0.0275851,0.568535,-0.822197,0.604023,0.66485,0.439467
0.809114,0.0776113,0.965457,0.796489,-0.331559,-0.505642,-0.0275851,0.815456,-0.578162,0.604023,0.474448,0.640356
0.809114,0.0590126,0.840022,0.796489,-0.138624,-0.588547,-0.0275851,0.964021,-0.264392,0.604023,0.226821,0.764008
0.809114,0.0844367,0.715791,0.796489,0.0710315,-0.600466,-0.0275851,0.996311,0.0812673,0.604023,-0.0481646,0.79551
0.809114,0.150817,0.607747,0.796489,0.272119,-0.539959,-0.0275851,0.908431,0.417125,0.604023,-0.31734,0.731062
0.735846,0.153786,0.694985,0.567051,0.263941,-0.780249,0.127229,0.907833,0.399565,0.813797,-0.325844,0.481207
0.735846,0.2231,0.611915,0.567051,0.514884,-0.642921,0.127229,0.716425,0.685965,0.813797,-0.470776,0.340741
0.735846,0.316646,0.557562,0.567051,0.703725,-0.428047,0.127229,0.438605,0.889628,0.813797,-0.558925,0.159177
0.735846,0.42314,0.538481,0.567051,0.807686,-0.161545,0.127229,0.107883,0.985989,0.813797,-0.579659,-0.041586
0.735846,0.529738,0.556973,0.567051,0.814228,0.124442,0.127229,-0.235851,0.963425,0.813797,-0.530478,-0.237333
0.735846,0.623582,0.610809,0.567051,0.722562,0.39542,0.127229,-0.551138,0.824657,0.813797,-0.417314,-0.404454
0.735846,0.693354,0.693495,0.567051,0.543745,0.618704,0.127229,-0.79995,0.586424,0.813797,-0.253815,-0.522793
0.735846,0.730637,0.795058,0.567051,0.299344,0.767363,0.127229,-0.952276,0.277459,0.813797,-0.0597026,-0.578074
0.735846,0.730936,0.903248,0.567051,0.0188373,0.823467,0.127229,-0.989743,-0.0649709,0.813797,0.141611,-0.563631
0.735846,0.694214,1.00501,0.567051,-0.263941,0.780249,0.127229,-0.907833,-0.399565,0.813797,0.325844,-0.481207
0.735846,0.6249,1.08808,0.567051,-0.514884,0.642921,0.127229,-0.716425,-0.685965,0.813797,0.470776,-0.340741
0.735846,0.531354,1.14244,0.567051,-0.703725,0.428047,0.127229,-0.438605,-0.889628,0.813797,0.558925,-0.159177
0.735846,0.42486,1.16152,0.567051,-0.807686,0.161545,0.127229,-0.107883,-0.985989,0.813797,0.579659,0.041586
0.735846,0.318262,1.14303,0.567051,-0.814228,-0.124442,0.127229,0.235851,-0.963425,0.813797,0.530478,0.237333
0.735846,0.224418,1.08919,0.567051,-0.722562,-0.39542,0.127229,0.551138,-0.824657,0.813797,0.417314,0.404454
0.735846,0.154646,1.0065,0.567051,-0.543745,-0.618704,0.127229,0.79995,-0.586424,0.813797,0.253815,0.522793
0.735846,0.117363,0.904942,0.567051,-0.299344,-0.767363,0.127229,0.952276,-0.277459,0.813797,0.0597026,0.578074
0.735846,0.117064,0.796752,0.567051,-0.0188373,-0.823467,0.127229,0.989743,0.0649709,0.813797,-0.141611,0.563631
0.735846,0.153786,0.694985,0.567051,0.263941,-0.780249,0.127229,0.907833,0.399565,0.813797,-0.325844,0.481207
0.696852,0.157429,0.802007,0.269218,0.258925,-0.92762,0.266698,0.90547,0.330145,0.925416,-0.336275,0.174714
0.696852,0.189919,0.713729,0.269218,0.560575,-0.78312,0.266698,0.737948,0.619924,0.925416,-0.375751,0.0491644
0.696852,0.250644,0.641886,0.269218,0.794611,-0.544164,0.266698,0.481417,0.834931,0.925416,-0.369906,-0.082315
0.696852,0.332278,0.595146,0.269218,0.932805,-0.239574,0.266698,0.166821,0.949233,0.925416,-0.319444,-0.203866
0.696852,0.424974,0.579145,0.269218,0.95849,0.0939122,0.266698,-0.167896,0.949043,0.925416,-0.230453,-0.300828
0.696852,0.517554,0.595812,0.269218,0.868566,0.416071,0.266698,-0.482363,0.834385,0.925416,-0.113666,-0.361505
0.696852,0.598849,0.643139,0.269218,0.67388,0.688046,0.266698,-0.738649,0.619088,0.925416,0.016831,-0.37858
0.696852,0.659055,0.715416,0.269218,0.397914,0.877032,0.266698,-0.905844,0.329119,0.925416,0.145298,-0.349992
0.696852,0.69091,0.803926,0.269218,0.0739545,0.960236,0.266698,-0.96378,-0.000545659,0.925416,0.25624,-0.27919
0.696852,0.690571,0.897993,0.269218,-0.258925,0.92762,0.266698,-0.90547,-0.330145,0.925416,0.336275,-0.174714
0.696852,0.658081,0.986271,0.269218,-0.560575,0.78312,0.266698,-0.737948,-0.619924,0.925416,0.375751,-0.0491644
0.696852,0.597356,1.05811,0.269218,-0.794611,0.544164,0.266698,-0.481417,-0.834931,0.925416,0.369906,0.082315
0.696852,0.515722,1.10485,0.269218,-0.932805,0.239574,0.266698,-0.166821,-0.949233,0.925416,0.319444,0.203866
0.696852,0.423026,1.12086,0.269218,-0.95849,-0.0939122,0.266698,0.167896,-0.949043,0.925416,0.230453,0.300828
0.696852,0.330446,1.10419,0.269218,-0.868566,-0.416071,0.266698,0.482363,-0.834385,0.925416,0.113666,0.361505
0.696852,0.249151,1.05686,0.269218,-0.67388,-0.688046,0.266698,0.738649,-0.619088,0.925416,-0.016831,0.37858
0.696852,0.188945,0.984584,0.269218,-0.397914,-0.877032,0.266698,0.905844,-0.329119,0.925416,-0.145298,0.349992
0.696852,0.15709,0.896074,0.269218,-0.0739545,-0.960236,0.266698,0.96378,0.000545659,0.925416,-0.25624,0.27919
0.696852,0.157429,0.802007,0.269218,0.258925,-0.92762,0.266698,0.90547,0.330145,0.925416,-0.336275,0.174714
0.696834,0.161305,0.915904,-0.061087,0.257677,-0.964298,0.373999,0.901628,0.217238,0.925415,-0.347376,-0.151449
0.696834,0.154607,0.822082,-0.061087,0.571947,-0.818013,0.373999,0.772953,0.512512,0.925415,-0.274628,-0.261125
0.696834,0.180402,0.731628,-0.061087,0.817231,-0.573064,0.373999,0.551049,0.745969,0.925415,-0.168756,-0.339305
0.696834,0.235578,0.655451,-0.061087,0.963945,-0.258994,0.373999,0.26268,0.889452,0.925415,-0.0425295,-0.376561
0.696834,0.313481,0.60274,-0.061087,0.994393,0.0863139,0.373999,-0.0573719,0.925653,0.925415,0.0888267,-0.368397
0.696834,0.404714,0.579852,-0.061087,0.904903,0.421211,0.373999,-0.370504,0.850207,0.925415,0.209469,-0.3158
0.696834,0.498273,0.589548,-0.061087,0.706268,0.705304,0.373999,-0.638948,0.672213,0.925415,0.304846,-0.225112
0.696834,0.582874,0.630658,-0.061087,0.422447,0.904327,0.373999,-0.830325,0.413141,0.925415,0.363455,-0.107272
0.696834,0.648312,0.698224,-0.061087,0.087672,0.994275,0.373999,-0.921553,0.104238,0.925415,0.378225,0.0235057
0.696834,0.686695,0.784096,-0.061087,-0.257677,0.964298,0.373999,-0.901628,-0.217238,0.925415,0.347376,0.151449
0.696834,0.693393,0.877918,-0.061087,-0.571947,0.818013,0.373999,-0.772953,-0.512512,0.925415,0.274628,0.261125
0.696834,0.667598,0.968372,-0.061087,-0.817231,0.573064,0.373999,-0.551049,-0.745969,0.925415,0.168756,0.339305
0.696834,0.612422,1.04455,-0.061087,-0.963945,0.258994,0.373999,-0.26268,-0.889452,0.925415,0.0425295,0.376561
0.696834,0.534519,1.09726,-0.061087,-0.994393,-0.0863139,0.373999,0.0573719,-0.925653,0.925415,-0.0888267,0.368397
0.696834,0.443286,1.12015,-0.061087,-0.904903,-0.421211,0.373999,0.370504,-0.850207,0.925415,-0.209469,0.3158
0.696834,0.349727,1.11045,-0.061087,-0.706268,-0.705304,0.373999,0.638948,-0.672213,0.925415,-0.304846,0.225112
0.696834,0.265126,1.06934,-0.061087,-0.422447,-0.904327,0.373999,0.830325,-0.413141,0.925415,-0.363455,0.107272
0.696834,0.199688,1.00178,-0.061087,-0.087672,-0.994275,0.373999,0.921553,-0.104238,0.925415,-0.378225,-0.0235057
0.696834,0.161305,0.915904,-0.061087,0.257677,-0.964298,0.373999,0.901628,0.217238,0.925415,-0.347376,-0.151449
0.735794,0.164948,1.02294,-0.384024,0.260347,-0.885858,0.43619,0.896768,0.0744628,0.813796,-0.357807,-0.457941
0.735794,0.121422,0.923907,-0.384024,0.547627,-0.743391,0.43619,0.817219,0.376685,0.813796,-0.179604,-0.552701
0.735794,0.114392,0.815962,-0.384024,0.768856,-0.511259,0.43619,0.639101,0.633473,0.813796,0.0202628,-0.580797
0.735794,0.144705,0.712123,-0.384024,0.897349,-0.217462,0.43619,0.383898,0.813856,0.813796,0.217685,-0.538841
0.735794,0.208706,0.624914,-0.384024,0.917609,0.102564,0.43619,0.0823907,0.896075,0.813796,0.388851,-0.431892
0.735794,0.298674,0.564853,-0.384024,0.827192,0.410219,0.43619,-0.229054,0.870214,0.813796,0.513117,-0.272851
0.735794,0.403758,0.539185,-0.384024,0.637003,0.668396,0.43619,-0.512871,0.739393,0.813796,0.575492,-0.0808994
0.735794,0.511283,0.551007,-0.384024,0.369982,0.845955,0.43619,-0.734828,0.51939,0.813796,0.568455,0.120809
0.735794,0.608281,0.598891,-0.384024,0.0583355,0.921479,0.43619,-0.868154,0.236741,0.813796,0.492854,0.307947
0.735794,0.683052,0.677062,-0.384024,-0.260347,0.885858,0.43619,-0.896768,-0.0744628,0.813796,0.357807,0.457941
0.735794,0.726578,0.776093,-0.384024,-0.547627,0.743391,0.43619,-0.817219,-0.376685,0.813796,0.179604,0.552701
0.735794,0.733608,0.884038,-0.384024,-0.768856,0.511259,0.43619,-0.639101,-0.633473,0.813796,-0.0202628,0.580797
0.735794,0.703295,0.987877,-0.384024,-0.897349,0.217462,0.43619,-0.383898,-0.813856,0.813796,-0.217685,0.538841
0.735794,0.639294,1.07509,-0.384024,-0.917609,-0.102564,0.43619,-0.0823907,-0.896075,0.813796,-0.388851,0.431892
0.735794,0.549326,1.13515,-0.384024,-0.827192,-0.410219,0.43619,0.229054,-0.870214,0.813796,-0.513117,0.272851
0.735794,0.444242,1.16081,-0.384024,-0.637003,-0.668396,0.43619,0.512871,-0.739393,0.813796,-0.575492,0.0808994
0.735794,0.336717,1.14899,-0.384024,-0.369982,-0.845955,0.43619,0.734828,-0.51939,0.813796,-0.568455,-0.120809
0.735794,0.239719,1.10111,-0.384024,-0.0583355,-0.921479,0.43619,0.868154,-0.236741,0.813796,-0.492854,-0.307947
0.735794,0.164948,1.02294,-0.384024,0.260347,-0.885858,0.43619,0.896768,0.0744628,0.813796,-0.357807,-0.457941
0.809034,0.167918,1.1102,-0.660642,0.266612,-0.701762,0.44577,0.891479,-0.0809606,0.604021,-0.366311,-0.707796
0.809034,0.094368,1.00692,-0.660642,0.49055,-0.568254,0.44577,0.865406,0.228826,0.604021,-0.102139,-0.790396
0.809034,0.0605767,0.884718,-0.660642,0.655321,-0.366206,0.44577,0.734953,0.511012,0.604021,0.174352,-0.777663
0.809034,0.0706197,0.758326,-0.660642,0.74105,-0.119988,0.44577,0.515853,0.731563,0.604021,0.429814,-0.671132
0.809034,0.123286,0.642991,-0.660642,0.737398,0.140702,0.44577,0.234534,0.863877,0.604021,0.633434,-0.483653
0.809034,0.212222,0.552625,-0.660642,0.644804,0.384422,0.44577,-0.075073,0.891994,0.604021,0.760652,-0.237838
0.809034,0.326702,0.498127,-0.660642,0.474438,0.581774,0.44577,-0.375625,0.812524,0.604021,0.796125,0.0366637
0.809034,0.452918,0.486069,-0.660642,0.246847,0.708956,0.44577,-0.630872,0.635051,0.604021,0.735573,0.306743
0.809034,0.575645,0.517907,-0.660642,-0.0105168,0.750628,0.44577,-0.810026,0.380982,0.604021,0.5863,0.539825
0.809034,0.680082,0.589801,-0.660642,-0.266612,0.701762,0.44577,-0.891479,0.0809606,0.604021,0.366311,0.707796
0.809034,0.753632,0.693078,-0.660642,-0.49055,0.568254,0.44577,-0.865406,-0.228826,0.604021,0.102139,0.790396
0.809034,0.787423,0.815282,-0.660642,-0.655321,0.366206,0.44577,-0.734953,-0.511012,0.604021,-0.174352,0.777663
0.809034,0.77738,0.941674,-0.660642,-0.74105,0.119988,0.44577,-0.515853,-0.731563,0.604021,-0.429814,0.671132
0.809034,0.724714,1.05701,-0.660642,-0.737398,-0.140702,0.44577,-0.234534,-0.863877,0.604021,-0.633434,0.483653
0.809034,0.635778,1.14737,-0.660642,-0.644804,-0.384422,0.44577,0.075073,-0.891994,0.604021,-0.760652,0.237838
0.809034,0.521298,1.20187,-0.660642,-0.474438,-0.581774,0.44577,0.375625,-0.812524,0.604021,-0.796125,-0.0366637
0.809034,0.395082,1.21393,-0.660642,-0.246847,-0.708956,0.44577,0.630872,-0.635051,0.604021,-0.735573,-0.306743
0.809034,0.272355,1.18209,-0.660642,0.0105168,-0.750628,0.44577,0.810026,-0.380982,0.604021,-0.5863,-0.539825
0.809034,0.167918,1.1102,-0.660642,0.266612,-0.701762,0.44577,0.891479,-0.0809606,0.604021,-0.366311,-0.707796
0.90772,0.169856,1.16716,-0.857576,0.275718,-0.434214,0.401584,0.886397,-0.230285,0.321392,-0.371861,-0.870877
0.90772,0.0767069,1.06111,-0.857576,0.4076,-0.313727,0.401584,0.911703,0.0867679,0.321392,-0.0515775,-0.94554
0.90772,0.0254461,0.929601,-0.857576,0.49032,-0.155399,0.401584,0.827044,0.393356,0.321392,0.274927,-0.906158
0.90772,0.0222568,0.788487,-0.857576,0.5139,0.0216716,0.401584,0.642631,0.652499,0.321392,0.568271,-0.757479
0.90772,0.0675236,0.654792,-0.857576,0.475496,0.196129,0.401584,0.380708,0.832942,0.321392,0.793073,-0.517438
0.90772,0.155787,0.544643,-0.857576,0.37974,0.34693,0.401584,0.0728658,0.912919,0.321392,0.922219,-0.214985
0.90772,0.2764,0.471324,-0.857576,0.238182,0.455886,0.401584,-0.243765,0.882785,0.321392,0.940132,0.113397
0.90772,0.414817,0.443679,-0.857576,0.0678954,0.509856,0.401584,-0.530995,0.746174,0.321392,0.844651,0.428103
0.90772,0.554341,0.465042,-0.857576,-0.11058,0.502329,0.401584,-0.754178,0.519563,0.321392,0.647292,0.691173
0.90772,0.678144,0.532837,-0.857576,-0.275718,0.434214,0.401584,-0.886397,0.230285,0.321392,0.371861,0.870877
0.90772,0.771293,0.638886,-0.857576,-0.4076,0.313727,0.401584,-0.911703,-0.0867679,0.321392,0.0515775,0.94554
0.90772,0.822554,0.770399,-0.857576,-0.49032,0.155399,0.401584,-0.827044,-0.393356,0.321392,-0.274927,0.906158
0.90772,0.825743,0.911513,-0.857576,-0.5139,-0.0216716,0.401584,-0.642631,-0.652499,0.321392,-0.568271,0.757479
0.90772,0.780476,1.04521,-0.857576,-0.475496,-0.196129,0.401584,-0.380708,-0.832942,0.321392,-0.793073,0.517438
0.90772,0.692213,1.15536,-0.857576,-0.37974,-0.34693,0.401584,-0.0728658,-0.912919,0.321392,-0.922219,0.214985
0.90772,0.5716,1.22868,-0.857576,-0.238182,-0.455886,0.401584,0.243765,-0.882785,0.321392,-0.940132,-0.113397
0.90772,0.433183,1.25632,-0.857576,-0.0678954,-0.509856,0.401584,0.530995,-0.746174,0.321392,-0.844651,-0.428103
0.90772,0.293659,1.23496,-0.857576,0.11058,-0.502329,0.401584,0.754178,-0.519563,0.321392,-0.647292,-0.691173
0.90772,0.169856,1.16716,-0.857576,0.275718,-0.434214,0.401584,0.886397,-0.230285,0.321392,-0.371861,-0.870877
0.883612,0.274743,0.479988,0.961642,0.231824,-0.146638,-0.0812368,0.751276,0.654969,0.262003,-0.617933,0.741291
0.883612,0.410296,0.451253,0.961642,0.267996,-0.0585059,-0.0812368,0.481956,0.872421,0.262003,-0.834204,0.48524
0.883612,0.547502,0.470614,0.961642,0.271844,0.0366826,-0.0812368,0.154505,0.984647,0.262003,-0.949857,0.170662
0.883612,0.669811,0.535734,0.961642,0.242904,0.127447,-0.0812368,-0.191582,0.978109,0.262003,-0.950944,-0.1645
0.883612,0.762473,0.638759,0.961642,0.184666,0.202839,-0.0812368,-0.514561,0.853597,0.262003,-0.837332,-0.479822
0.883612,0.814309,0.767263,0.961642,0.104154,0.253765,-0.0812368,-0.775476,0.626129,0.262003,-0.622726,-0.737269
0.883612,0.819068,0.905746,0.961642,0.01108,0.274084,-0.0812368,-0.942858,0.32314,0.262003,-0.33301,-0.905792
0.883612,0.776177,1.03751,0.961642,-0.0833306,0.261345,-0.0812368,-0.996517,-0.0188243,0.262003,-0.00312851,-0.965062
0.883612,0.690807,1.14665,0.961642,-0.16769,0.217083,-0.0812368,-0.929981,-0.358518,0.262003,0.327131,-0.907932
0.883612,0.573257,1.22001,0.961642,-0.231824,0.146638,-0.0812368,-0.751276,-0.654969,0.262003,0.617933,-0.741291
0.883612,0.437704,1.24875,0.961642,-0.267996,0.0585059,-0.0812368,-0.481956,-0.872421,0.262003,0.834204,-0.48524
0.883612,0.300498,1.22939,0.961642,-0.271844,-0.0366826,-0.0812368,-0.154505,-0.984647,0.262003,0.949857,-0.170662
0.883612,0.178189,1.16427,0.961642,-0.242904,-0.127447,-0.0812368,0.191582,-0.978109,0.262003,0.950944,0.1645
0.883612,0.0855274,1.06124,0.961642,-0.184666,-0.202839,-0.0812368,0.514561,-0.853597,0.262003,0.837332,0.479822
0.883612,0.033691,0.932737,0.961642,-0.104154,-0.253765,-0.0812368,0.775476,-0.626129,0.262003,0.622726,0.737269
0.883612,0.0289316,0.794254,0.961642,-0.01108,-0.274084,-0.0812368,0.942858,-0.32314,0.262003,0.33301,0.905792
0.883612,0.0718233,0.662495,0.961642,0.0833306,-0.261345,-0.0812368,0.996517,0.0188243,0.262003,0.00312851,0.965062
0.883612,0.157193,0.553351,0.961642,0.16769,-0.217083,-0.0812368,0.929981,0.358518,0.262003,-0.327131,0.907932
0.883612,0.274743,0.479988,0.961642,0.231824,-0.146638,-0.0812368,0.751276,0.654969,0.262003,-0.617933,0.741291
0.763622,0.277099,0.549203,0.856221,0.220921,-0.46699,0.156285,0.750826,0.641744,0.492403,-0.622458,0.608346
0.763622,0.388837,0.5171,0.856221,0.367318,-0.363268,0.156285,0.486057,0.859839,0.492403,-0.792986,0.358765
0.763622,0.504816,0.52515,0.856221,0.469411,-0.21573,0.156285,0.162661,0.974226,0.492403,-0.867868,0.0659119
0.763622,0.611047,0.572381,0.856221,0.514886,-0.042172,0.156285,-0.180353,0.971106,0.492403,-0.838072,-0.234891
0.763622,0.694718,0.653098,0.856221,0.498258,0.136473,0.156285,-0.501615,0.850857,0.492403,-0.707193,-0.507363
0.763622,0.745736,0.757563,0.856221,0.421533,0.298657,0.156285,-0.762374,0.627982,0.492403,-0.491015,-0.71864
0.763622,0.757949,0.873178,0.856221,0.293965,0.424818,0.156285,-0.931179,0.329363,0.492403,-0.215614,-0.843238
0.763622,0.729882,0.985998,0.856221,0.13094,0.499741,0.156285,-0.987671,-0.00898238,0.492403,0.0857931,-0.866128
0.763622,0.664921,1.08241,0.856221,-0.0478777,0.514387,0.156285,-0.925035,-0.346244,0.492403,0.376853,-0.784552
0.763622,0.570901,1.1508,0.856221,-0.220921,0.46699,0.156285,-0.750826,-0.641744,0.492403,0.622458,-0.608346
0.763622,0.459163,1.1829,0.856221,-0.367318,0.363268,0.156285,-0.486057,-0.859839,0.492403,0.792986,-0.358765
0.763622,0.343184,1.17485,0.856221,-0.469411,0.21573,0.156285,-0.162661,-0.974226,0.492403,0.867868,-0.0659119
0.763622,0.236953,1.12762,0.856221,-0.514886,0.042172,0.156285,0.180353,-0.971106,0.492403,0.838072,0.234891
0.763622,0.153282,1.0469,0.856221,-0.498258,-0.136473,0.156285,0.501615,-0.850857,0.492403,0.707193,0.507363
0.763622,0.102264,0.942437,0.856221,-0.421533,-0.298657,0.156285,0.762374,-0.627982,0.492403,0.491015,0.71864
0.763622,0.0900515,0.826822,0.856221,-0.293965,-0.424818,0.156285,0.931179,-0.329363,0.492403,0.215614,0.843238
0.763622,0.118118,0.714002,0.856221,-0.13094,-0.499741,0.156285,0.987671,0.00898238,0.492403,-0.0857931,0.866128
0.763622,0.183079,0.617586,0.856221,0.0478777,-0.514387,0.156285,0.925035,0.346244,0.492403,-0.376853,0.784552
0.763622,0.277099,0.549203,0.856221,0.220921,-0.46699,0.156285,0.750826,0.641744,0.492403,-0.622458,0.608346
0.674556,0.280708,0.655259,0.647527,0.211902,-0.731988,0.374957,0.74764,0.548125,0.663413,-0.62939,0.404663
0.674556,0.355955,0.617995,0.647527,0.449478,-0.615369,0.374957,0.515082,0.770777,0.663413,-0.729836,0.164994
0.674556,0.439409,0.608714,0.647527,0.632839,-0.424527,0.374957,0.220397,0.900462,0.663413,-0.742253,-0.0945747
0.674556,0.521005,0.628535,0.647527,0.739871,-0.182482,0.374957,-0.100871,0.921538,0.663413,-0.665143,-0.342737
0.674556,0.5909,0.675069,0.647527,0.757664,0.0815744,0.374957,-0.409972,0.831463,0.663413,-0.507807,-0.549559
0.674556,0.640665,0.742702,0.647527,0.684071,0.335791,0.374957,-0.669624,0.641101,0.663413,-0.289222,-0.690097
0.674556,0.664297,0.823276,0.647527,0.527969,0.549507,0.374957,-0.848511,0.373413,0.663413,-0.035753,-0.747399
0.674556,0.658945,0.907074,0.647527,0.308187,0.696944,0.374957,-0.925054,0.0606853,0.663413,0.222029,-0.714554
0.674556,0.625256,0.983988,0.647527,0.0512319,0.760319,0.374957,-0.890022,-0.259361,0.663413,0.453031,-0.595523
0.674556,0.567292,1.04474,0.647527,-0.211902,0.731988,0.374957,-0.74764,-0.548125,0.663413,0.62939,-0.404663
0.674556,0.492045,1.08201,0.647527,-0.449478,0.615369,0.374957,-0.515082,-0.770777,0.663413,0.729836,-0.164994
0.674556,0.408591,1.09129,0.647527,-0.632839,0.424527,0.374957,-0.220397,-0.900462,0.663413,0.742253,0.0945747
0.674556,0.326995,1.07146,0.647527,-0.739871,0.182482,0.374957,0.100871,-0.921538,0.663413,0.665143,0.342737
0.674556,0.2571,1.02493,0.647527,-0.757664,-0.0815744,0.374957,0.409972,-0.831463,0.663413,0.507807,0.549559
0.674556,0.207335,0.957298,0.647527,-0.684071,-0.335791,0.374957,0.669624,-0.641101,0.663413,0.289222,0.690097
0.674556,0.183703,0.876724,0.647527,-0.527969,-0.549507,0.374957,0.848511,-0.373413,0.663413,0.035753,0.747399
0.674556,0.189055,0.792926,0.647527,-0.308187,-0.696944,0.374957,0.925054,-0.0606853,0.663413,-0.222029,0.714554
0.674556,0.222744,0.716012,0.647527,-0.0512319,-0.760319,0.374957,0.890022,0.259361,0.663413,-0.453031,0.595523
0.674556,0.280708,0.655259,0.647527,0.211902,-0.731988,0.374957,0.74764,0.548125,0.663413,-0.62939,0.404663
0.627155,0.285136,0.785364,0.360731,0.205855,-0.909668,0.548404,0.742102,0.385406,0.754404,-0.637894,0.154808
0.627155,0.315618,0.741768,0.360731,0.504565,-0.784402,0.548404,0.565531,0.615977,0.754404,-0.652371,-0.0727007
0.627155,0.359171,0.711226,0.360731,0.742418,-0.564525,0.548404,0.320749,0.772252,0.754404,-0.588163,-0.291441
0.627155,0.410545,0.697422,0.360731,0.890723,-0.276559,0.548404,0.0372795,0.835382,0.754404,-0.453014,-0.475028
0.627155,0.463541,0.702022,0.360731,0.931595,0.0447653,0.548404,-0.250686,0.797753,0.754404,-0.263225,-0.601321
0.627155,0.511768,0.72447,0.360731,0.860102,0.36069,0.548404,-0.508416,0.663903,0.754404,-0.0416869,-0.655085
0.627155,0.549408,0.762058,0.360731,0.684869,0.63311,0.548404,-0.704823,0.449976,0.754404,0.184879,-0.629836
0.627155,0.571923,0.810254,0.360731,0.42703,0.829167,0.548404,-0.816217,0.181776,0.754404,0.389146,-0.52862
0.627155,0.576596,0.863244,0.360731,0.117685,0.925215,0.548404,-0.829164,-0.108349,0.754404,0.546477,-0.363644
0.627155,0.562864,0.914636,0.360731,-0.205855,0.909668,0.548404,-0.742102,-0.385406,0.754404,0.637894,-0.154808
0.627155,0.532382,0.958232,0.360731,-0.504565,0.784402,0.548404,-0.565531,-0.615977,0.754404,0.652371,0.0727007
0.627155,0.488829,0.988774,0.360731,-0.742418,0.564525,0.548404,-0.320749,-0.772252,0.754404,0.588163,0.291441
0.627155,0.437455,1.00258,0.360731,-0.890723,0.276559,0.548404,-0.0372795,-0.835382,0.754404,0.453014,0.475028
0.627155,0.384459,0.997978,0.360731,-0.931595,-0.0447653,0.548404,0.250686,-0.797753,0.754404,0.263225,0.601321
0.627155,0.336232,0.97553,0.360731,-0.860102,-0.36069,0.548404,0.508416,-0.663903,0.754404,0.0416869,0.655085
0.627155,0.298592,0.937942,0.360731,-0.684869,-0.63311,0.548404,0.704823,-0.449976,0.754404,-0.184879,0.629836
0.627155,0.276077,0.889746,0.360731,-0.42703,-0.829167,0.548404,0.816217,-0.181776,0.754404,-0.389146,0.52862
0.627155,0.271404,0.836756,0.360731,-0.117685,-0.925215,0.548404,0.829164,0.108349,0.754404,-0.546477,0.363644
0.627155,0.285136,0.785364,0.360731,0.205855,-0.909668,0.548404,0.742102,0.385406,0.754404,-0.637894,0.154808
0.627137,0.289849,0.923825,0.0304265,0.203509,-0.9786,0.655705,0.73488,0.173212,0.754404,-0.646943,-0.111082
0.627137,0.272689,0.873491,0.0304265,0.525937,-0.849979,0.655705,0.631319,0.41411,0.754404,-0.569935,-0.32565
0.627137,0.27378,0.820323,0.0304265,0.784929,-0.618838,0.655705,0.451612,0.60506,0.754404,-0.424185,-0.500941
0.627137,0.29299,0.770734,0.0304265,0.949247,-0.313056,0.655705,0.217434,0.723031,0.754404,-0.227272,-0.61581
0.627137,0.328001,0.730706,0.0304265,0.999072,0.030485,0.655705,-0.0429701,0.753794,0.754404,-0.00294617,-0.656404
0.627137,0.374591,0.705067,0.0304265,0.928394,0.370349,0.655705,-0.298191,0.693638,0.754404,0.221735,-0.617825
0.627137,0.427141,0.696909,0.0304265,0.745738,0.665544,0.655705,-0.517446,0.549819,0.754404,0.419671,-0.504728
0.627137,0.479312,0.707216,0.0304265,0.473135,0.880464,0.655705,-0.67429,0.339684,0.754404,0.566989,-0.330753
0.627137,0.524811,0.734744,0.0304265,0.143465,0.989188,0.655705,-0.749804,0.0885776,0.754404,0.64592,-0.116885
0.627137,0.558151,0.776175,0.0304265,-0.203509,0.9786,0.655705,-0.73488,-0.173212,0.754404,0.646943,0.111082
0.627137,0.575311,0.826509,0.0304265,-0.525937,0.849979,0.655705,-0.631319,-0.41411,0.754404,0.569935,0.32565
0.627137,0.57422,0.879677,0.0304265,-0.784929,0.618838,0.655705,-0.451612,-0.60506,0.754404,0.424185,0.500941
0.627137,0.55501,0.929266,0.0304265,-0.949247,0.313056,0.655705,-0.217434,-0.723031,0.754404,0.227272,0.61581
0.627137,0.519999,0.969294,0.0304265,-0.999072,-0.030485,0.655705,0.0429701,-0.753794,0.754404,0.00294617,0.656404
0.627137,0.473409,0.994933,0.0304265,-0.928394,-0.370349,0.655705,0.298191,-0.693638,0.754404,-0.221735,0.617825
0.627137,0.420859,1.00309,0.0304265,-0.745738,-0.665544,0.655705,0.517446,-0.549819,0.754404,-0.419671,0.504728
0.627137,0.368688,0.992784,0.0304265,-0.473135,-0.880464,0.655705,0.67429,-0.339684,0.754404,-0.566989,0.330753
0.627137,0.323189,0.965256,0.0304265,-0.143465,-0.989188,0.655705,0.749804,-0.0885776,0.754404,-0.64592,0.116885
0.627137,0.289849,0.923825,0.0304265,0.203509,-0.9786,0.655705,0.73488,0.173212,0.754404,-0.646943,-0.111082
0.674504,0.294277,1.05394,-0.303548,0.205147,-0.930469,0.683918,0.726846,-0.0628628,0.663411,-0.655447,-0.360936
0.674504,0.232348,0.997276,-0.303548,0.511014,-0.804191,0.683918,0.704512,0.189524,0.663411,-0.492471,-0.563345
0.674504,0.193535,0.922845,-0.303548,0.755246,-0.580915,0.683918,0.597203,0.419052,0.663411,-0.270096,-0.697806
0.674504,0.182519,0.839628,-0.303548,0.908384,-0.287572,0.683918,0.417864,0.598035,0.663411,-0.0151432,-0.748102
0.674504,0.200629,0.757662,-0.303548,0.951957,0.040456,0.683918,0.188123,0.704887,0.663411,0.241636,-0.708165
0.674504,0.245682,0.686834,-0.303548,0.88071,0.363605,0.683918,-0.0643077,0.726719,0.663411,0.46927,-0.582813
0.674504,0.312242,0.635685,-0.303548,0.703237,0.642897,0.683918,-0.308982,0.660898,0.663411,0.640303,-0.387165
0.674504,0.392282,0.610386,-0.303548,0.440942,0.844647,0.683918,-0.516389,0.515363,0.663411,0.734107,-0.14482
0.674504,0.476147,0.613989,-0.303548,0.125464,0.94452,0.683918,-0.661511,0.307668,0.663411,0.739366,0.114993
0.674504,0.553723,0.646057,-0.303548,-0.205147,0.930469,0.683918,-0.726846,0.0628628,0.663411,0.655447,0.360936
0.674504,0.615652,0.702724,-0.303548,-0.511014,0.804191,0.683918,-0.704512,-0.189524,0.663411,0.492471,0.563345
0.674504,0.654465,0.777155,-0.303548,-0.755246,0.580915,0.683918,-0.597203,-0.419052,0.663411,0.270096,0.697806
0.674504,0.665481,0.860372,-0.303548,-0.908384,0.287572,0.683918,-0.417864,-0.598035,0.663411,0.0151432,0.748102
0.674504,0.647371,0.942338,-0.303548,-0.951957,-0.040456,0.683918,-0.188123,-0.704887,0.663411,-0.241636,0.708165
0.674504,0.602318,1.01317,-0.303548,-0.88071,-0.363605,0.683918,0.0643077,-0.726719,0.663411,-0.46927,0.582813
0.674504,0.535758,1.06431,-0.303548,-0.703237,-0.642897,0.683918,0.308982,-0.660898,0.663411,-0.640303,0.387165
0.674504,0.455718,1.08961,-0.303548,-0.440942,-0.844647,0.683918,0.516389,-0.515363,0.663411,-0.734107,0.14482
0.674504,0.371853,1.08601,-0.303548,-0.125464,-0.94452,0.683918,0.661511,-0.307668,0.663411,-0.739366,-0.114993
0.674504,0.294277,1.05394,-0.303548,0.205147,-0.930469,0.683918,0.726846,-0.0628628,0.663411,-0.655447,-0.360936
0.763543,0.297887,1.16002,-0.60091,0.210572,-0.771081,0.629641,0.718967,-0.294345,0.492402,-0.662379,-0.564619
0.763543,0.199459,1.09819,-0.60091,0.461598,-0.65256,0.629641,0.77628,-0.0306921,0.492402,-0.429321,-0.757116
0.763543,0.128114,1.00643,-0.60091,0.656949,-0.45533,0.629641,0.739962,0.236662,0.492402,-0.144481,-0.858292
0.763543,0.0924568,0.895794,-0.60091,0.773062,-0.20318,0.629641,0.614394,0.475472,0.492402,0.157785,-0.855947
0.763543,0.0967888,0.779638,-0.60091,0.795932,0.0734757,0.629641,0.41472,0.656932,0.492402,0.441021,-0.750361
0.763543,0.140587,0.671969,-0.60091,0.722801,0.341269,0.629641,0.165025,0.759157,0.492402,0.671062,-0.554271
0.763543,0.218569,0.585772,-0.60091,0.56249,0.567901,0.629641,-0.104574,0.769816,0.492402,0.820164,-0.291327
0.763543,0.32133,0.531446,-0.60091,0.334334,0.726035,0.629641,-0.36156,0.687624,0.492402,0.870342,0.00675474
0.763543,0.436473,0.515542,-0.60091,0.0658527,0.796599,0.629641,-0.574937,0.522495,0.492402,0.815544,0.304022
0.763543,0.550113,0.539978,-0.60091,-0.210572,0.771081,0.629641,-0.718967,0.294345,0.492402,0.662379,0.564619
0.763543,0.648541,0.601808,-0.60091,-0.461598,0.65256,0.629641,-0.77628,0.0306921,0.492402,0.429321,0.757116
0.763543,0.719886,0.693573,-0.60091,-0.656949,0.45533,0.629641,-0.739962,-0.236662,0.492402,0.144481,0.858292
0.763543,0.755543,0.804206,-0.60091,-0.773062,0.20318,0.629641,-0.614394,-0.475472,0.492402,-0.157785,0.855947
0.763543,0.751211,0.920362,-0.60091,-0.795932,-0.0734757,0.629641,-0.41472,-0.656932,0.492402,-0.441021,0.750361
0.763543,0.707413,1.02803,-0.60091,-0.722801,-0.341269,0.629641,-0.165025,-0.759157,0.492402,-0.671062,0.554271
0.763543,0.629431,1.11423,-0.60091,-0.56249,-0.567901,0.629641,0.104574,-0.769816,0.492402,-0.820164,0.291327
0.763543,0.52667,1.16855,-0.60091,-0.334334,-0.726035,0.629641,0.36156,-0.687624,0.492402,-0.870342,-0.00675474
0.763543,0.411527,1.18446,-0.60091,-0.0658527,-0.796599,0.629641,0.574937,-0.522495,0.492402,-0.815544,-0.304022
0.763543,0.297887,1.16002,-0.60091,0.210572,-0.771081,0.629641,0.718967,-0.294345,0.492402,-0.662379,-0.564619
0.883514,0.300244,1.22927,-0.825794,0.219128,-0.51966,0.499419,0.712196,-0.493313,0.262001,-0.666903,-0.697564
0.883514,0.17799,1.16407,-0.825794,0.383648,-0.413375,0.499419,0.837968,-0.219977,0.262001,-0.388103,-0.88359
0.883514,0.0854085,1.06099,-0.825794,0.501893,-0.25723,0.499419,0.862669,0.0798908,0.262001,-0.0624922,-0.963042
0.883514,0.0336661,0.932458,-0.825794,0.559603,-0.0700593,0.499419,0.783319,0.370123,0.262001,0.270656,-0.926337
0.883514,0.0290037,0.793983,-0.825794,0.549817,0.125561,0.499419,0.60949,0.615713,0.262001,0.57116,-0.777902
0.883514,0.0719837,0.662265,-0.825794,0.473714,0.306037,0.499419,0.362147,0.787039,0.262001,0.802773,-0.535641
0.883514,0.157422,0.55319,-0.825794,0.340475,0.449601,0.499419,0.0711238,0.863436,0.262001,0.93756,-0.228773
0.883514,0.275014,0.479915,-0.825794,0.166169,0.538936,0.499419,-0.228478,0.83569,0.262001,0.959263,0.105688
0.883514,0.410575,0.451277,-0.825794,-0.0281791,0.563267,0.499419,-0.500522,0.707148,0.262001,0.865265,0.427401
0.883514,0.547756,0.470732,-0.825794,-0.219128,0.51966,0.499419,-0.712196,0.493313,0.262001,0.666903,0.697564
0.883514,0.67001,0.535931,-0.825794,-0.383648,0.413375,0.499419,-0.837968,0.219977,0.262001,0.388103,0.88359
0.883514,0.762591,0.639012,-0.825794,-0.501893,0.25723,0.499419,-0.862669,-0.0798908,0.262001,0.0624922,0.963042
0.883514,0.814334,0.767542,-0.825794,-0.559603,0.0700593,0.499419,-0.783319,-0.370123,0.262001,-0.270656,0.926337
0.883514,0.818996,0.906017,-0.825794,-0.549817,-0.125561,0.499419,-0.60949,-0.615713,0.262001,-0.57116,0.777902
0.883514,0.776016,1.03774,-0.825794,-0.473714,-0.306037,0.499419,-0.362147,-0.787039,0.262001,-0.802773,0.535641
0.883514,0.690578,1.14681,-0.825794,-0.340475,-0.449601,0.499419,-0.0711238,-0.863436,0.262001,-0.93756,0.228773
0.883514,0.572986,1.22009,-0.825794,-0.166169,-0.538936,0.499419,0.228478,-0.83569,0.262001,-0.959263,-0.105688
0.883514,0.437425,1.24872,-0.825794,0.0281791,-0.563267,0.499419,0.500522,-0.707148,0.262001,-0.865265,-0.427401
0.883514,0.300244,1.22927,-0.825794,0.219128,-0.51966,0.499419,0.712196,-0.493313,0.262001,-0.666903,-0.697564
0.875863,0.418609,0.453788,0.985232,0.151879,-0.0790671,-0.00862081,0.50518,0.862971,0.17101,-0.849545,0.499029
0.875863,0.554447,0.475839,0.985232,0.169762,-0.0223532,-0.00862081,0.17956,0.983709,0.17101,-0.968989,0.178372
0.875863,0.67455,0.543019,0.985232,0.167169,0.0370569,-0.00862081,-0.167717,0.985798,0.17101,-0.971558,-0.163799
0.875863,0.764434,0.647225,0.985232,0.144414,0.0919973,-0.00862081,-0.494765,0.868984,0.17101,-0.856944,-0.486213
0.875863,0.813256,0.77589,0.985232,0.104239,0.135842,-0.00862081,-0.762137,0.647358,0.17101,-0.638969,-0.749983
0.875863,0.815128,0.913492,0.985232,0.0514924,0.163301,-0.00862081,-0.937584,0.347652,0.17101,-0.343925,-0.923294
0.875863,0.769825,1.04344,0.985232,-0.00746526,0.171064,-0.00862081,-0.999945,0.00601318,0.17101,-0.00739909,-0.985241
0.875863,0.68281,1.15005,0.985232,-0.0655225,0.158195,-0.00862081,-0.941697,-0.336351,0.17101,0.33002,-0.928355
0.875863,0.564578,1.22047,0.985232,-0.115677,0.126244,-0.00862081,-0.769867,-0.638146,0.17101,0.627633,-0.759495
0.875863,0.429391,1.24621,0.985232,-0.151879,0.0790671,-0.00862081,-0.50518,-0.862971,0.17101,0.849545,-0.499029
0.875863,0.293553,1.22416,0.985232,-0.169762,0.0223532,-0.00862081,-0.17956,-0.983709,0.17101,0.968989,-0.178372
0.875863,0.17345,1.15698,0.985232,-0.167169,-0.0370569,-0.00862081,0.167717,-0.985798,0.17101,0.971558,0.163799
0.875863,0.0835661,1.05277,0.985232,-0.144414,-0.0919973,-0.00862081,0.494765,-0.868984,0.17101,0.856944,0.486213
0.875863,0.0347438,0.92411,0.985232,-0.104239,-0.135842,-0.00862081,0.762137,-0.647358,0.17101,0.638969,0.749983
0.875863,0.0328715,0.786508,0.985232,-0.0514924,-0.163301,-0.00862081,0.937584,-0.347652,0.17101,0.343925,0.923294
0.875863,0.0781751,0.656563,0.985232,0.00746526,-0.171064,-0.00862081,0.999945,-0.00601318,0.17101,0.00739909,0.985241
0.875863,0.16519,0.549949,0.985232,0.0655225,-0.158195,-0.00862081,0.941697,0.336351,0.17101,-0.33002,0.928355
0.875863,0.283422,0.479527,0.985232,0.115677,-0.126244,-0.00862081,0.769867,0.638146,0.17101,-0.627633,0.759495
0.875863,0.418609,0.453788,0.985232,0.151879,-0.0790671,-0.00862081,0.50518,0.862971,0.17101,-0.849545,0.499029
0.749059,0.421099,0.526936,0.900555,0.140569,-0.41139,0.292759,0.503476,0.812899,0.321393,-0.852498,0.412255
0.749059,0.531768,0.545426,0.900555,0.272795,-0.338503,0.292759,0.195085,0.936074,0.321393,-0.942085,0.0958214
0.749059,0.629439,0.600653,0.900555,0.372118,-0.224787,0.292759,-0.136836,0.946345,0.321393,-0.918044,-0.23217
0.749059,0.702331,0.685955,0.900555,0.426558,-0.083959,0.292759,-0.452253,0.842472,0.321393,-0.783272,-0.532157
0.749059,0.741653,0.791043,0.900555,0.429549,0.0669959,0.292759,-0.713121,0.636985,0.321393,-0.554027,-0.767959
0.749059,0.74266,0.903242,0.900555,0.38073,0.20987,0.292759,-0.887977,0.354668,0.321393,-0.257957,-0.911134
0.749059,0.705233,1.00902,0.900555,0.28599,0.327431,0.292759,-0.955729,0.0295734,0.321393,0.0692257,-0.944412
0.749059,0.633884,1.09562,0.900555,0.156754,0.405499,0.292759,-0.908206,-0.299089,0.321393,0.388059,-0.863781
0.749059,0.537221,1.15259,0.900555,0.00861238,0.434657,0.292759,-0.75114,-0.591676,0.321393,0.660086,-0.678964
0.749059,0.426901,1.17306,0.900555,-0.140569,0.41139,0.292759,-0.503476,-0.812899,0.321393,0.852498,-0.412255
0.749059,0.316232,1.15457,0.900555,-0.272795,0.338503,0.292759,-0.195085,-0.936074,0.321393,0.942085,-0.0958214
0.749059,0.218561,1.09935,0.900555,-0.372118,0.224787,0.292759,0.136836,-0.946345,0.321393,0.918044,0.23217
0.749059,0.145669,1.01404,0.900555,-0.426558,0.083959,0.292759,0.452253,-0.842472,0.321393,0.783272,0.532157
0.749059,0.106347,0.908957,0.900555,-0.429549,-0.0669959,0.292759,0.713121,-0.636985,0.321393,0.554027,0.767959
0.749059,0.10534,0.796758,0.900555,-0.38073,-0.20987,0.292759,0.887977,-0.354668,0.321393,0.257957,0.911134
0.749059,0.142767,0.690981,0.900555,-0.28599,-0.327431,0.292759,0.955729,-0.0295734,0.321393,-0.0692257,0.944412
0.749059,0.214116,0.604383,0.900555,-0.156754,-0.405499,0.292759,0.908206,0.299089,0.321393,-0.388059,0.863781
0.749059,0.310779,0.547411,0.900555,-0.00861238,-0.434657,0.292759,0.75114,0.591676,0.321393,-0.660086,0.678964
0.749059,0.421099,0.526936,0.900555,0.140569,-0.41139,0.292759,0.503476,0.812899,0.321393,-0.852498,0.412255
0.654934,0.424913,0.639016,0.707258,0.130925,-0.694726,0.558827,0.498368,0.662828,0.433011,-0.857023,0.27931
0.654934,0.497019,0.652052,0.707258,0.36064,-0.60805,0.558827,0.241612,0.793307,0.433011,-0.900867,-0.0306532
0.654934,0.560317,0.688964,0.707258,0.546856,-0.448034,0.558827,-0.0442854,0.828101,0.433011,-0.836054,-0.336919
0.654934,0.607174,0.745299,0.707258,0.667113,-0.233978,0.558827,-0.324842,0.763014,0.433011,-0.670401,-0.602548
0.654934,0.631937,0.814262,0.707258,0.706907,0.00829838,0.558827,-0.566217,0.605896,0.433011,-0.423887,-0.795501
0.654934,0.63162,0.887536,0.707258,0.661437,0.249574,0.558827,-0.739299,0.375698,0.433011,-0.126246,-0.892504
0.654934,0.606261,0.956283,0.707258,0.536188,0.460748,0.558827,-0.82321,0.100186,0.433011,0.186622,-0.881858
0.654934,0.558919,1.01221,0.707258,0.346267,0.616349,0.558827,-0.80783,-0.187411,0.433011,0.47698,-0.764847
0.654934,0.495303,1.04857,0.707258,0.114581,0.697608,0.558827,-0.695014,-0.452403,0.433011,0.709808,-0.555585
0.654934,0.423087,1.06098,0.707258,-0.130925,0.694726,0.558827,-0.498368,-0.662828,0.433011,0.857023,-0.27931
0.654934,0.350981,1.04795,0.707258,-0.36064,0.60805,0.558827,-0.241612,-0.793307,0.433011,0.900867,0.0306532
0.654934,0.287683,1.01104,0.707258,-0.546856,0.448034,0.558827,0.0442854,-0.828101,0.433011,0.836054,0.336919
0.654934,0.240826,0.954701,0.707258,-0.667113,0.233978,0.558827,0.324842,-0.763014,0.433011,0.670401,0.602548
0.654934,0.216063,0.885738,0.707258,-0.706907,-0.00829838,0.558827,0.566217,-0.605896,0.433011,0.423887,0.795501
0.654934,0.21638,0.812464,0.707258,-0.661437,-0.249574,0.558827,0.739299,-0.375698,0.433011,0.126246,0.892504
0.654934,0.241739,0.743717,0.707258,-0.536188,-0.460748,0.558827,0.82321,-0.100186,0.433011,-0.186622,0.881858
0.654934,0.289081,0.68779,0.707258,-0.346267,-0.616349,0.558827,0.80783,0.187411,0.433011,-0.47698,0.764847
