0.658953,0.403283,0.994322,0.308961,0.935886,0.169296,0.951075,-0.304026,-0.0550003,-3.49349e-06,0.178006,-0.984029
0.907818,0.091421,0.985664,0.92986,-0.1707,-0.325919,-0.179072,0.563861,-0.806222,0.321394,0.808036,0.493744
0.907818,0.0422222,0.853356,0.92986,-0.0489345,-0.364646,-0.179072,0.8056,-0.564749,0.321394,0.590436,0.740332
0.907818,0.0412425,0.7122,0.92986,0.0787329,-0.359392,-0.179072,0.950172,-0.25516,0.321394,0.30162,0.897625
0.907818,0.0886001,0.579222,0.92986,0.196904,-0.310789,-0.179072,0.980139,0.0852064,0.321394,-0.0235762,0.946652
0.907818,0.178583,0.47046,0.92986,0.291325,-0.224701,-0.179072,0.891887,0.415295,0.321394,-0.345928,0.881498
0.907818,0.300338,0.399034,0.92986,0.350609,-0.111511,-0.179072,0.696061,0.695293,0.321394,-0.626557,0.710023
0.907818,0.439179,0.373558,0.92986,0.367604,0.0151291,-0.179072,0.416279,0.891429,0.321394,-0.831613,0.452908
0.907818,0.578361,0.397104,0.92986,0.34026,0.139944,-0.179072,0.0862875,0.980045,0.321394,-0.936364,0.141166
0.907818,0.701095,0.466834,0.92986,0.271876,0.247881,-0.179072,-0.254111,0.950453,0.321394,-0.928176,-0.187602
0.907818,0.792579,0.574336,0.92986,0.1707,0.325919,-0.179072,-0.563861,0.806222,0.321394,-0.808036,-0.493744
0.907818,0.841778,0.706644,0.92986,0.0489345,0.364646,-0.179072,-0.8056,0.564749,0.321394,-0.590436,-0.740332
0.907818,0.842758,0.8478,0.92986,-0.0787329,0.359392,-0.179072,-0.950172,0.25516,0.321394,-0.30162,-0.897625
0.907818,0.7954,0.980778,0.92986,-0.196904,0.310789,-0.179072,-0.980139,-0.0852064,0.321394,0.0235762,-0.946652
0.907818,0.705417,1.08954,0.92986,-0.291325,0.224701,-0.179072,-0.891887,-0.415295,0.321394,0.345928,-0.881498
0.907818,0.583662,1.16097,0.92986,-0.350609,0.111511,-0.179072,-0.696061,-0.695293,0.321394,0.626557,-0.710023
0.907818,0.444821,1.18644,0.92986,-0.367604,-0.0151291,-0.179072,-0.416279,-0.891429,0.321394,0.831613,-0.452908
0.907818,0.305639,1.1629,0.92986,-0.34026,-0.139944,-0.179072,-0.0862875,-0.980045,0.321394,0.936364,-0.141166
0.907818,0.182905,1.09317,0.92986,-0.271876,-0.247881,-0.179072,0.254111,-0.950453,0.321394,0.928176,0.187602
0.907818,0.091421,0.985664,0.92986,-0.1707,-0.325919,-0.179072,0.563861,-0.806222,0.321394,0.808036,0.493744
0.809114,0.147477,0.995804,0.796489,-0.47024,-0.380104,-0.0275851,0.599718,-0.799736,0.604023,0.647466,0.464697
0.809114,0.0914294,0.882057,0.796489,-0.311878,-0.518012,-0.0275851,0.837076,-0.54639,0.604023,0.449484,0.658119
0.809114,0.0776658,0.756,0.796489,-0.115899,-0.593441,-0.0275851,0.973471,-0.227142,0.604023,0.197286,0.772162
0.809114,0.107846,0.632838,0.796489,0.0940594,-0.597292,-0.0275851,0.992451,0.119503,0.604023,-0.0787065,0.793071
0.809114,0.178331,0.527425,0.796489,0.292673,-0.5291,-0.0275851,0.891726,0.451734,0.604023,-0.345206,0.718324
0.809114,0.280617,0.452477,0.796489,0.455985,-0.397092,-0.0275851,0.683446,0.729479,0.604023,-0.570069,0.556936
0.809114,0.402369,0.417033,0.796489,0.5643,-0.217188,-0.0275851,0.392733,0.919239,0.604023,-0.726173,0.328374
0.809114,0.528901,0.425368,0.796489,0.604551,-0.0110882,-0.0275851,0.0546498,0.998124,0.604023,-0.79469,0.0602046
0.809114,0.644952,0.476477,0.796489,0.571884,0.196349,-0.0275851,-0.290025,0.956622,0.604023,-0.767355,-0.215226
0.809114,0.736523,0.564196,0.796489,0.47024,0.380104,-0.0275851,-0.599718,0.799736,0.604023,-0.647466,-0.464697
0.809114,0.792571,0.677943,0.796489,0.311878,0.518012,-0.0275851,-0.837076,0.54639,0.604023,-0.449484,-0.658119
0.809114,0.806334,0.804,0.796489,0.115899,0.593441,-0.0275851,-0.973471,0.227142,0.604023,-0.197286,-0.772162
0.809114,0.776154,0.927162,0.796489,-0.0940594,0.597292,-0.0275851,-0.992451,-0.119503,0.604023,0.0787065,-0.793071
0.809114,0.705669,1.03257,0.796489,-0.292673,0.5291,-0.0275851,-0.891726,-0.451734,0.604023,0.345206,-0.718324
0.809114,0.603383,1.10752,0.796489,-0.455985,0.397092,-0.0275851,-0.683446,-0.729479,0.604023,0.570069,-0.556936
0.809114,0.481631,1.14297,0.796489,-0.5643,0.217188,-0.0275851,-0.392733,-0.919239,0.604023,0.726173,-0.328374
0.809114,0.355099,1.13463,0.796489,-0.604551,0.0110882,-0.0275851,-0.0546498,-0.998124,0.604023,0.79469,-0.0602046
0.809114,0.239048,1.08352,0.796489,-0.571884,-0.196349,-0.0275851,0.290025,-0.956622,0.604023,0.767355,0.215226
0.809114,0.147477,0.995804,0.796489,-0.47024,-0.380104,-0.0275851,0.599718,-0.799736,0.604023,0.647466,0.464697
0.735846,0.233372,1.01134,0.567051,-0.706829,-0.422901,0.127229,0.582429,-0.802863,0.813797,0.401459,0.420196
0.735846,0.16683,0.926036,0.567051,-0.519561,-0.639147,0.127229,0.821899,-0.555243,0.813797,0.233533,0.532162
0.735846,0.133478,0.823115,0.567051,-0.269627,-0.778302,0.127229,0.962237,-0.240651,0.813797,0.0374387,0.579942
0.735846,0.137338,0.714994,0.567051,0.0128287,-0.823583,0.127229,0.986514,0.102966,0.813797,-0.163171,0.557772
0.735846,0.177944,0.614713,0.567051,0.293737,-0.769527,0.127229,0.891804,0.434164,0.813797,-0.3441,0.468326
0.735846,0.2504,0.534369,0.567051,0.539216,-0.622655,0.127229,0.689529,0.712996,0.813797,-0.483525,0.322394
0.735846,0.345966,0.483651,0.567051,0.719658,-0.400681,0.127229,0.404086,0.90583,0.813797,-0.56463,0.137576
0.735846,0.453115,0.468678,0.567051,0.813298,-0.13038,0.127229,0.0699046,0.989407,0.813797,-0.577632,-0.0638359
0.735846,0.558923,0.491254,0.567051,0.808843,0.155647,0.127229,-0.272708,0.953647,0.813797,-0.520964,-0.257548
0.735846,0.650628,0.548658,0.567051,0.706829,0.422901,0.127229,-0.582429,0.802863,0.813797,-0.401459,-0.420196
0.735846,0.71717,0.633964,0.567051,0.519561,0.639147,0.127229,-0.821899,0.555243,0.813797,-0.233533,-0.532162
0.735846,0.750522,0.736885,0.567051,0.269627,0.778302,0.127229,-0.962237,0.240651,0.813797,-0.0374387,-0.579942
0.735846,0.746662,0.845006,0.567051,-0.0128287,0.823583,0.127229,-0.986514,-0.102966,0.813797,0.163171,-0.557772
0.735846,0.706056,0.945287,0.567051,-0.293737,0.769527,0.127229,-0.891804,-0.434164,0.813797,0.3441,-0.468326
0.735846,0.6336,1.02563,0.567051,-0.539216,0.622655,0.127229,-0.689529,-0.712996,0.813797,0.483525,-0.322394
0.735846,0.538034,1.07635,0.567051,-0.719658,0.400681,0.127229,-0.404086,-0.90583,0.813797,0.56463,-0.137576
0.735846,0.430885,1.09132,0.567051,-0.813298,0.13038,0.127229,-0.0699046,-0.989407,0.813797,0.577632,0.0638359
0.735846,0.325077,1.06875,0.567051,-0.808843,-0.155647,0.127229,0.272708,-0.953647,0.813797,0.520964,0.257548
0.735846,0.233372,1.01134,0.567051,-0.706829,-0.422901,0.127229,0.582429,-0.802863,0.813797,0.401459,0.420196
0.696852,0.338745,1.0304,0.269218,-0.851931,-0.449149,0.266698,0.514078,-0.815228,0.925416,0.0996866,0.365607
0.696852,0.259329,0.979987,0.269218,-0.646935,-0.71344,0.266698,0.761899,-0.590238,0.925416,-0.0313702,0.377653
0.696852,0.201946,0.90545,0.269218,-0.363909,-0.891679,0.266698,0.917825,-0.294058,0.925416,-0.158643,0.344149
0.696852,0.173517,0.815781,0.269218,-0.0369907,-0.962369,0.266698,0.963047,0.0375906,0.925416,-0.266782,0.269135
0.696852,0.17747,0.721796,0.269218,0.29439,-0.916982,0.266698,0.892111,0.364705,0.925416,-0.342742,0.161659
0.696852,0.21333,0.634832,0.269218,0.590262,-0.760994,0.266698,0.713574,0.647831,0.925416,-0.377363,0.0346851
0.696852,0.276771,0.565377,0.269218,0.81494,-0.513219,0.266698,0.448969,0.852818,0.925416,-0.366468,-0.0964724
0.696852,0.360141,0.521809,0.269218,0.941325,-0.203542,0.266698,0.130212,0.954944,0.925416,-0.311372,-0.215994
0.696852,0.453385,0.509382,0.269218,0.954172,0.130685,0.266698,-0.204251,0.941888,0.925416,-0.21872,-0.309463
0.696852,0.545255,0.529596,0.269218,0.851931,0.449149,0.266698,-0.514078,0.815228,0.925416,-0.0996866,-0.365607
0.696852,0.624671,0.580013,0.269218,0.646935,0.71344,0.266698,-0.761899,0.590238,0.925416,0.0313702,-0.377653
0.696852,0.682054,0.65455,0.269218,0.363909,0.891679,0.266698,-0.917825,0.294058,0.925416,0.158643,-0.344149
0.696852,0.710483,0.744219,0.269218,0.0369907,0.962369,0.266698,-0.963047,-0.0375906,0.925416,0.266782,-0.269135
0.696852,0.70653,0.838204,0.269218,-0.29439,0.916982,0.266698,-0.892111,-0.364705,0.925416,0.342742,-0.161659
0.696852,0.67067,0.925168,0.269218,-0.590262,0.760994,0.266698,-0.713574,-0.647831,0.925416,0.377363,-0.0346851
0.696852,0.607229,0.994623,0.269218,-0.81494,0.513219,0.266698,-0.448969,-0.852818,0.925416,0.366468,0.0964724
0.696852,0.523859,1.03819,0.269218,-0.941325,0.203542,0.266698,-0.130212,-0.954944,0.925416,0.311372,0.215994
0.696852,0.430615,1.05062,0.269218,-0.954172,-0.130685,0.266698,0.204251,-0.941888,0.925416,0.21872,0.309463
0.696852,0.338745,1.0304,0.269218,-0.851931,-0.449149,0.266698,0.514078,-0.815228,0.925416,0.0996866,0.365607
0.696834,0.450888,1.05069,-0.061087,-0.888044,-0.455682,0.373999,0.40291,-0.835337,0.925415,-0.221453,0.307515
0.696834,0.35777,1.0374,-0.061087,-0.678636,-0.73193,0.373999,0.664314,-0.647157,0.925415,-0.313274,0.213228
0.696834,0.274812,0.993073,-0.061087,-0.387374,-0.919896,0.373999,0.845591,-0.38092,0.925415,-0.367309,0.0932229
0.696834,0.21202,0.923042,-0.061087,-0.0493898,-0.99691,0.373999,0.924878,-0.0687384,0.925415,-0.377042,-0.0380264
0.696834,0.176966,0.835758,-0.061087,0.294552,-0.953681,0.373999,0.892611,0.251734,0.925415,-0.341298,-0.164689
0.696834,0.173879,0.741748,-0.061087,0.602966,-0.795424,0.373999,0.752682,0.541844,0.925415,-0.264388,-0.271488
0.696834,0.203132,0.652352,-0.061087,0.838654,-0.541228,0.373999,0.521968,0.766599,0.925415,-0.155589,-0.345541
0.696834,0.261196,0.578353,-0.061087,0.973188,-0.221751,0.373999,0.228298,0.898891,0.925415,-0.028024,-0.377917
0.696834,0.341067,0.528675,-0.061087,0.990341,0.124472,0.373999,-0.0929093,0.922764,0.925415,0.102921,-0.364711
0.696834,0.433112,0.50931,-0.061087,0.888044,0.455682,0.373999,-0.40291,0.835337,0.925415,0.221453,-0.307515
0.696834,0.52623,0.522595,-0.061087,0.678636,0.73193,0.373999,-0.664314,0.647157,0.925415,0.313274,-0.213228
0.696834,0.609188,0.566927,-0.061087,0.387374,0.919896,0.373999,-0.845591,0.38092,0.925415,0.367309,-0.0932229
0.696834,0.67198,0.636958,-0.061087,0.0493898,0.99691,0.373999,-0.924878,0.0687384,0.925415,0.377042,0.0380264
0.696834,0.707034,0.724242,-0.061087,-0.294552,0.953681,0.373999,-0.892611,-0.251734,0.925415,0.341298,0.164689
0.696834,0.710121,0.818252,-0.061087,-0.602966,0.795424,0.373999,-0.752682,-0.541844,0.925415,0.264388,0.271488
0.696834,0.680868,0.907648,-0.061087,-0.838654,0.541228,0.373999,-0.521968,-0.766599,0.925415,0.155589,0.345541
0.696834,0.622804,0.981647,-0.061087,-0.973188,0.221751,0.373999,-0.228298,-0.898891,0.925415,0.028024,0.377917
0.696834,0.542933,1.03133,-0.061087,-0.990341,-0.124472,0.373999,0.0929093,-0.922764,0.925415,-0.102921,0.364711
0.696834,0.450888,1.05069,-0.061087,-0.888044,-0.455682,0.373999,0.40291,-0.835337,0.925415,-0.221453,0.307515
0.735794,0.556273,1.06975,-0.384024,-0.810812,-0.441711,0.43619,0.262333,-0.860767,0.813796,-0.523225,0.252926
0.735794,0.45028,1.09136,-0.384024,-0.61084,-0.692387,0.43619,0.540912,-0.719133,0.813796,-0.578176,0.0587191
0.735794,0.343289,1.07542,-0.384024,-0.337192,-0.859551,0.43619,0.754249,-0.490761,0.813796,-0.563391,-0.14257
0.735794,0.248203,1.02384,-0.384024,-0.022873,-0.92304,0.43619,0.876613,-0.203196,0.813796,-0.480653,-0.326663
0.735794,0.176492,0.942853,-0.384024,0.294205,-0.875197,0.43619,0.893244,0.108877,0.813796,-0.33994,-0.471356
0.735794,0.136805,0.842222,-0.384024,0.575797,-0.721792,0.43619,0.802136,0.407819,0.813796,-0.158226,-0.559196
0.735794,0.133929,0.734087,-0.384024,0.787939,-0.481329,0.43619,0.614279,0.657571,0.813796,0.0425722,-0.579589
0.735794,0.168212,0.63149,-0.384024,0.905045,-0.18281,0.43619,0.352331,0.82801,0.813796,0.238236,-0.530075
0.735794,0.235517,0.546805,-0.384024,0.912989,0.137759,0.43619,0.0478869,0.89858,0.813796,0.405165,-0.416626
0.735794,0.327727,0.490247,-0.384024,0.810812,0.441711,0.43619,-0.262333,0.860767,0.813796,0.523225,-0.252926
0.735794,0.43372,0.468637,-0.384024,0.61084,0.692387,0.43619,-0.540912,0.719133,0.813796,0.578176,-0.0587191
0.735794,0.540711,0.484582,-0.384024,0.337192,0.859551,0.43619,-0.754249,0.490761,0.813796,0.563391,0.14257
0.735794,0.635797,0.53616,-0.384024,0.022873,0.92304,0.43619,-0.876613,0.203196,0.813796,0.480653,0.326663
0.735794,0.707508,0.617147,-0.384024,-0.294205,0.875197,0.43619,-0.893244,-0.108877,0.813796,0.33994,0.471356
0.735794,0.747195,0.717778,-0.384024,-0.575797,0.721792,0.43619,-0.802136,-0.407819,0.813796,0.158226,0.559196
0.735794,0.750071,0.825913,-0.384024,-0.787939,0.481329,0.43619,-0.614279,-0.657571,0.813796,-0.0425722,0.579589
0.735794,0.715788,0.92851,-0.384024,-0.905045,0.18281,0.43619,-0.352331,-0.82801,0.813796,-0.238236,0.530075
0.735794,0.648483,1.0132,-0.384024,-0.912989,-0.137759,0.43619,-0.0478869,-0.89858,0.813796,-0.405165,0.416626
0.735794,0.556273,1.06975,-0.384024,-0.810812,-0.441711,0.43619,0.262333,-0.860767,0.813796,-0.523225,0.252926
0.809034,0.642191,1.0853,-0.660642,-0.629552,-0.408922,0.44577,0.109304,-0.888449,0.604021,-0.769232,0.208425
0.809034,0.525701,1.13535,-0.660642,-0.451725,-0.599581,0.44577,0.406579,-0.797485,0.604021,-0.794127,-0.0672376
0.809034,0.399115,1.14255,-0.660642,-0.219414,-0.717921,0.44577,0.654815,-0.610332,0.604021,-0.723239,-0.33479
0.809034,0.277702,1.10602,-0.660642,0.0393613,-0.749669,0.44577,0.824071,-0.349565,0.604021,-0.565117,-0.561962
0.809034,0.176106,1.03016,-0.660642,0.293389,-0.690996,0.44577,0.893932,-0.0466345,0.604021,-0.338834,-0.721353
0.809034,0.10658,0.924136,-0.660642,0.51203,-0.548979,0.44577,0.855971,0.261921,0.604021,-0.0716825,-0.793738
0.809034,0.0775108,0.800723,-0.660642,0.668913,-0.340746,0.44577,0.714768,0.538884,0.604021,0.204115,-0.770387
0.809034,0.0924046,0.674811,-0.660642,0.745115,-0.0914153,0.44577,0.487353,0.75085,0.604021,0.455293,-0.654115
0.809034,0.149465,0.561586,-0.660642,0.731445,0.168942,0.44577,0.201156,0.872253,0.604021,0.651556,-0.458948
0.809034,0.241809,0.474705,-0.660642,0.629552,0.408922,0.44577,-0.109304,0.888449,0.604021,0.769232,-0.208425
0.809034,0.358299,0.424647,-0.660642,0.451725,0.599581,0.44577,-0.406579,0.797485,0.604021,0.794127,0.0672376
0.809034,0.484885,0.41745,-0.660642,0.219414,0.717921,0.44577,-0.654815,0.610332,0.604021,0.723239,0.33479
0.809034,0.606298,0.453982,-0.660642,-0.0393613,0.749669,0.44577,-0.824071,0.349565,0.604021,0.565117,0.561962
0.809034,0.707894,0.529836,-0.660642,-0.293389,0.690996,0.44577,-0.893932,0.0466345,0.604021,0.338834,0.721353
0.809034,0.77742,0.635864,-0.660642,-0.51203,0.548979,0.44577,-0.855971,-0.261921,0.604021,0.0716825,0.793738
0.809034,0.806489,0.759277,-0.660642,-0.668913,0.340746,0.44577,-0.714768,-0.538884,0.604021,-0.204115,0.770387
0.809034,0.791595,0.885189,-0.660642,-0.745115,0.0914153,0.44577,-0.487353,-0.75085,0.604021,-0.455293,0.654115
0.809034,0.734535,0.998414,-0.660642,-0.731445,-0.168942,0.44577,-0.201156,-0.872253,0.604021,-0.651556,0.458948
0.809034,0.642191,1.0853,-0.660642,-0.629552,-0.408922,0.44577,0.109304,-0.888449,0.604021,-0.769232,0.208425
0.90772,0.698278,1.09544,-0.857576,-0.366124,-0.36127,0.401584,-0.0377216,-0.915045,0.321392,-0.929801,0.179379
0.90772,0.574935,1.16407,-0.857576,-0.220483,-0.464704,0.401584,0.277517,-0.872763,0.321392,-0.935078,-0.14945
0.90772,0.435559,1.18637,-0.857576,-0.0482476,-0.512089,0.401584,0.559283,-0.725212,0.321392,-0.827571,-0.460253
0.90772,0.296959,1.15966,-0.857576,0.129807,-0.497708,0.401584,0.773592,-0.49019,0.321392,-0.620247,-0.715542
0.90772,0.175853,1.08716,-0.857576,0.292204,-0.423296,0.401584,0.894593,-0.196044,0.321392,-0.338112,-0.884527
0.90772,0.0868489,0.977609,-0.857576,0.419358,-0.297828,0.401584,0.907694,0.121747,0.321392,-0.0151952,-0.946824
0.90772,0.040681,0.844223,-0.857576,0.495931,-0.136438,0.401584,0.811313,0.424855,0.321392,0.309554,-0.894921
0.90772,0.0429181,0.70309,-0.857576,0.512687,0.0414087,0.401584,0.617076,0.676718,0.321392,0.596967,-0.735077
0.90772,0.0932904,0.571234,-0.857576,0.467606,0.214261,0.401584,0.348411,0.84696,0.321392,0.812376,-0.486571
0.90772,0.185722,0.464559,-0.857576,0.366124,0.36127,0.401584,0.0377216,0.915045,0.321392,0.929801,-0.179379
0.90772,0.309065,0.39593,-0.857576,0.220483,0.464704,0.401584,-0.277517,0.872763,0.321392,0.935078,0.14945
0.90772,0.448441,0.373626,-0.857576,0.0482476,0.512089,0.401584,-0.559283,0.725212,0.321392,0.827571,0.460253
0.90772,0.587041,0.400336,-0.857576,-0.129807,0.497708,0.401584,-0.773592,0.49019,0.321392,0.620247,0.715542
0.90772,0.708147,0.47284,-0.857576,-0.292204,0.423296,0.401584,-0.894593,0.196044,0.321392,0.338112,0.884527
0.90772,0.797151,0.582391,-0.857576,-0.419358,0.297828,0.401584,-0.907694,-0.121747,0.321392,0.0151952,0.946824
0.90772,0.843319,0.715777,-0.857576,-0.495931,0.136438,0.401584,-0.811313,-0.424855,0.321392,-0.309554,0.894921
0.90772,0.841082,0.85691,-0.857576,-0.512687,-0.0414087,0.401584,-0.617076,-0.676718,0.321392,-0.596967,0.735077
0.90772,0.79071,0.988766,-0.857576,-0.467606,-0.214261,0.401584,-0.348411,-0.84696,0.321392,-0.812376,0.486571
0.90772,0.698278,1.09544,-0.857576,-0.366124,-0.36127,0.401584,-0.0377216,-0.915045,0.321392,-0.929801,0.179379
0.883612,0.0487992,0.847674,0.961642,-0.094323,-0.257581,-0.0812368,0.79897,-0.595858,0.262003,0.593927,0.760661
0.883612,0.0493663,0.70911,0.961642,-0.000536676,-0.274308,-0.0812368,0.954582,-0.28666,0.262003,0.297948,0.917922
0.883612,0.0972908,0.579097,0.961642,0.0933144,-0.257948,-0.0812368,0.995057,0.0571141,0.262003,-0.0339684,0.964469
0.883612,0.186792,0.473315,0.961642,0.17591,-0.210477,-0.0812368,0.915514,0.393999,0.262003,-0.361788,0.894687
0.883612,0.307076,0.404524,0.961642,0.237289,-0.137619,-0.0812368,0.725546,0.683362,0.262003,-0.64597,0.716992
0.883612,0.443633,0.381021,0.961642,0.270047,-0.0481615,-0.0812368,0.448066,0.890302,0.262003,-0.852239,0.452817
0.883612,0.579993,0.405641,0.961642,0.270233,0.0471045,-0.0812368,0.116543,0.989858,0.262003,-0.955715,0.134026
0.883612,0.699709,0.475414,0.961642,0.237826,0.136689,-0.0812368,-0.229036,0.970022,0.262003,-0.943918,-0.200931
0.883612,0.788342,0.581925,0.961642,0.176733,0.209787,-0.0812368,-0.546991,0.833188,0.262003,-0.818271,-0.511652
0.883612,0.835201,0.712326,0.961642,0.094323,0.257581,-0.0812368,-0.79897,0.595858,0.262003,-0.593927,-0.760661
0.883612,0.834634,0.85089,0.961642,0.000536676,0.274308,-0.0812368,-0.954582,0.28666,0.262003,-0.297948,-0.917922
0.883612,0.786709,0.980903,0.961642,-0.0933144,0.257948,-0.0812368,-0.995057,-0.0571141,0.262003,0.0339684,-0.964469
0.883612,0.697208,1.08668,0.961642,-0.17591,0.210477,-0.0812368,-0.915514,-0.393999,0.262003,0.361788,-0.894687
0.883612,0.576924,1.15548,0.961642,-0.237289,0.137619,-0.0812368,-0.725546,-0.683362,0.262003,0.64597,-0.716992
0.883612,0.440367,1.17898,0.961642,-0.270047,0.0481615,-0.0812368,-0.448066,-0.890302,0.262003,0.852239,-0.452817
0.883612,0.304007,1.15436,0.961642,-0.270233,-0.0471045,-0.0812368,-0.116543,-0.989858,0.262003,0.955715,-0.134026
0.883612,0.184291,1.08459,0.961642,-0.237826,-0.136689,-0.0812368,0.229036,-0.970022,0.262003,0.943918,0.200931
0.883612,0.0956579,0.978075,0.961642,-0.176733,-0.209787,-0.0812368,0.546991,-0.833188,0.262003,0.818271,0.511652
0.883612,0.0487992,0.847674,0.961642,-0.094323,-0.257581,-0.0812368,0.79897,-0.595858,0.262003,0.593927,0.760661
0.763622,0.116948,0.860002,0.856221,-0.409742,-0.314639,0.156285,0.785948,-0.598214,0.492403,0.46303,0.736982
0.763622,0.109189,0.744003,0.856221,-0.277419,-0.435804,0.156285,0.943151,-0.293327,0.492403,0.183043,0.850902
0.763622,0.141572,0.632346,0.856221,-0.111635,-0.504404,0.156285,0.986596,0.0469394,0.492403,-0.119022,0.862191
0.763622,0.210191,0.538498,0.856221,0.0676141,-0.512166,0.156285,0.911043,0.381544,0.492403,-0.40673,0.769486
0.763622,0.306769,0.473779,0.856221,0.238708,-0.458154,0.156285,0.725604,0.670129,0.492403,-0.645381,0.583971
0.763622,0.419658,0.445994,0.856221,0.38101,-0.348881,0.156285,0.452647,0.877887,0.492403,-0.80619,0.32802
0.763622,0.535242,0.458496,0.856221,0.477356,-0.197528,0.156285,0.125094,0.979758,0.492403,-0.86976,0.0325045
0.763622,0.63958,0.509776,0.856221,0.516127,-0.0223498,0.156285,-0.217547,0.963456,0.492403,-0.828424,-0.266931
0.763622,0.720087,0.593649,0.856221,0.492644,0.155524,0.156285,-0.533949,0.830947,0.492403,-0.687168,-0.534171
0.763622,0.767052,0.699998,0.856221,0.409742,0.314639,0.156285,-0.785948,0.598214,0.492403,-0.46303,-0.736982
0.763622,0.774811,0.815997,0.856221,0.277419,0.435804,0.156285,-0.943151,0.293327,0.492403,-0.183043,-0.850902
0.763622,0.742428,0.927654,0.856221,0.111635,0.504404,0.156285,-0.986596,-0.0469394,0.492403,0.119022,-0.862191
0.763622,0.673809,1.0215,0.856221,-0.0676141,0.512166,0.156285,-0.911043,-0.381544,0.492403,0.40673,-0.769486
0.763622,0.577231,1.08622,0.856221,-0.238708,0.458154,0.156285,-0.725604,-0.670129,0.492403,0.645381,-0.583971
0.763622,0.464342,1.11401,0.856221,-0.38101,0.348881,0.156285,-0.452647,-0.877887,0.492403,0.80619,-0.32802
0.763622,0.348758,1.1015,0.856221,-0.477356,0.197528,0.156285,-0.125094,-0.979758,0.492403,0.86976,-0.0325045
0.763622,0.24442,1.05022,0.856221,-0.516127,0.0223498,0.156285,0.217547,-0.963456,0.492403,0.828424,0.266931
0.763622,0.163913,0.966351,0.856221,-0.492644,-0.155524,0.156285,0.533949,-0.830947,0.492403,0.687168,0.534171
0.763622,0.116948,0.860002,0.856221,-0.409742,-0.314639,0.156285,0.785948,-0.598214,0.492403,0.46303,0.736982
0.674556,0.221371,0.878891,0.647527,-0.670659,-0.361837,0.374957,0.693772,-0.614888,0.663413,0.262483,0.700704
0.674556,0.200854,0.797468,0.647527,-0.506457,-0.569394,0.374957,0.862237,-0.340522,0.663413,0.00699837,0.748221
0.674556,0.209422,0.713937,0.647527,-0.28117,-0.708274,0.374957,0.926703,-0.0250836,0.663413,-0.24933,0.705491
0.674556,0.246043,0.638375,0.647527,-0.0219692,-0.761726,0.374957,0.879395,0.29338,0.663413,-0.475586,0.577669
0.674556,0.306299,0.579895,0.647527,0.239881,-0.723302,0.374957,0.726019,0.576458,0.663413,-0.644479,0.380171
0.674556,0.382923,0.545551,0.647527,0.472799,-0.597638,0.374957,0.485074,0.790006,0.663413,-0.735639,0.136819
0.674556,0.466672,0.539484,0.647527,0.64869,-0.399889,0.374957,0.185623,0.908268,0.663413,-0.738069,-0.123035
0.674556,0.547446,0.562427,0.647527,0.746339,-0.153908,0.374957,-0.136218,0.91698,0.663413,-0.651478,-0.36805
0.674556,0.615501,0.611613,0.647527,0.753969,0.110637,0.374957,-0.441628,0.81509,0.663413,-0.486308,-0.568672
0.674556,0.662629,0.681109,0.647527,0.670659,0.361837,0.374957,-0.693772,0.614888,0.663413,-0.262483,-0.700704
0.674556,0.683146,0.762532,0.647527,0.506457,0.569394,0.374957,-0.862237,0.340522,0.663413,-0.00699837,-0.748221
0.674556,0.674578,0.846063,0.647527,0.28117,0.708274,0.374957,-0.926703,0.0250836,0.663413,0.24933,-0.705491
0.674556,0.637957,0.921625,0.647527,0.0219692,0.761726,0.374957,-0.879395,-0.29338,0.663413,0.475586,-0.577669
0.674556,0.577701,0.980105,0.647527,-0.239881,0.723302,0.374957,-0.726019,-0.576458,0.663413,0.644479,-0.380171
0.674556,0.501077,1.01445,0.647527,-0.472799,0.597638,0.374957,-0.485074,-0.790006,0.663413,0.735639,-0.136819
0.674556,0.417328,1.02052,0.647527,-0.64869,0.399889,0.374957,-0.185623,-0.908268,0.663413,0.738069,0.123035
0.674556,0.336554,0.997573,0.647527,-0.746339,0.153908,0.374957,0.136218,-0.91698,0.663413,0.651478,0.36805
0.674556,0.268499,0.948387,0.647527,-0.753969,-0.110637,0.374957,0.441628,-0.81509,0.663413,0.486308,0.568672
0.674556,0.221371,0.878891,0.647527,-0.670659,-0.361837,0.374957,0.693772,-0.614888,0.663413,0.262483,0.700704
0.627155,0.349472,0.902064,0.360731,-0.845603,-0.393483,0.548404,0.533559,-0.64387,0.754404,0.0164762,0.656203
0.627155,0.313304,0.863056,0.360731,-0.660027,-0.658967,0.548404,0.721598,-0.422552,0.754404,-0.208952,0.622264
0.627155,0.292659,0.814031,0.360731,-0.394843,-0.844969,0.548404,0.822601,-0.150268,0.754404,-0.409178,0.513271
0.627155,0.290026,0.760901,0.360731,-0.0820346,-0.929055,0.548404,0.824387,0.14014,0.754404,-0.56005,0.34237
0.627155,0.305723,0.710074,0.360731,0.240668,-0.901084,0.548404,0.72674,0.413646,0.754404,-0.643373,0.130174
0.627155,0.337858,0.667682,0.360731,0.534343,-0.764428,0.548404,0.541437,0.63726,0.754404,-0.649095,-0.0977226
0.627155,0.382553,0.638837,0.360731,0.763568,-0.535572,0.548404,0.290828,0.78401,0.754404,-0.576527,-0.313833
0.627155,0.434419,0.627018,0.360731,0.900695,-0.242117,0.548404,0.00514188,0.836198,0.754404,-0.434421,-0.49209
0.627155,0.487199,0.633651,0.360731,0.929186,0.0805404,0.548404,-0.281165,0.787528,0.754404,-0.239917,-0.610994
0.627155,0.534528,0.657936,0.360731,0.845603,0.393483,0.548404,-0.533559,0.64387,0.754404,-0.0164762,-0.656203
0.627155,0.570696,0.696944,0.360731,0.660027,0.658967,0.548404,-0.721598,0.422552,0.754404,0.208952,-0.622264
0.627155,0.591341,0.745969,0.360731,0.394843,0.844969,0.548404,-0.822601,0.150268,0.754404,0.409178,-0.513271
0.627155,0.593974,0.799099,0.360731,0.0820346,0.929055,0.548404,-0.824387,-0.14014,0.754404,0.56005,-0.34237
0.627155,0.578277,0.849926,0.360731,-0.240668,0.901084,0.548404,-0.72674,-0.413646,0.754404,0.643373,-0.130174
0.627155,0.546142,0.892318,0.360731,-0.534343,0.764428,0.548404,-0.541437,-0.63726,0.754404,0.649095,0.0977226
0.627155,0.501447,0.921163,0.360731,-0.763568,0.535572,0.548404,-0.290828,-0.78401,0.754404,0.576527,0.313833
0.627155,0.449581,0.932982,0.360731,-0.900695,0.242117,0.548404,-0.00514188,-0.836198,0.754404,0.434421,0.49209
0.627155,0.396801,0.926349,0.360731,-0.929186,-0.0805404,0.548404,0.281165,-0.787528,0.754404,0.239917,0.610994
0.627155,0.349472,0.902064,0.360731,-0.845603,-0.393483,0.548404,0.533559,-0.64387,0.754404,0.0164762,0.656203
0.627137,0.485801,0.926725,0.0304265,-0.913473,-0.405761,0.655705,0.324633,-0.681663,0.754404,-0.245319,0.608846
0.627137,0.432977,0.932857,0.0304265,-0.719605,-0.693716,0.655705,0.538198,-0.529523,0.754404,-0.438762,0.488224
0.627137,0.381241,0.920553,0.0304265,-0.438943,-0.898,0.655705,0.686848,-0.313515,0.754404,-0.579284,0.308715
0.627137,0.336833,0.891296,0.0304265,-0.105337,-0.993971,0.655705,0.752654,-0.0596915,0.754404,-0.649935,0.0919708
0.627137,0.30511,0.848614,0.0304265,0.240973,-0.970055,0.655705,0.727679,0.201331,0.754404,-0.642195,-0.135867
0.627137,0.289898,0.797657,0.0304265,0.558219,-0.829135,0.655705,0.614935,0.43807,0.754404,-0.556997,-0.347317
0.627137,0.293032,0.744571,0.0304265,0.808136,-0.58821,0.655705,0.428021,0.621972,0.754404,-0.404617,-0.516875
0.627137,0.314133,0.695757,0.0304265,0.960579,-0.276338,0.655705,0.189482,0.730854,0.754404,-0.203434,-0.624091
0.627137,0.350657,0.657105,0.0304265,0.997162,0.0688643,0.655705,-0.0719123,0.751585,0.754404,0.0222866,-0.656032
0.627137,0.398199,0.633275,0.0304265,0.913473,0.405761,0.655705,-0.324633,0.681663,0.754404,0.245319,-0.608846
0.627137,0.451023,0.627143,0.0304265,0.719605,0.693716,0.655705,-0.538198,0.529523,0.754404,0.438762,-0.488224
0.627137,0.502759,0.639447,0.0304265,0.438943,0.898,0.655705,-0.686848,0.313515,0.754404,0.579284,-0.308715
0.627137,0.547167,0.668704,0.0304265,0.105337,0.993971,0.655705,-0.752654,0.0596915,0.754404,0.649935,-0.0919708
0.627137,0.57889,0.711386,0.0304265,-0.240973,0.970055,0.655705,-0.727679,-0.201331,0.754404,0.642195,0.135867
0.627137,0.594102,0.762343,0.0304265,-0.558219,0.829135,0.655705,-0.614935,-0.43807,0.754404,0.556997,0.347317
0.627137,0.590968,0.815429,0.0304265,-0.808136,0.58821,0.655705,-0.428021,-0.621972,0.754404,0.404617,0.516875
0.627137,0.569867,0.864243,0.0304265,-0.960579,0.276338,0.655705,-0.189482,-0.730854,0.754404,0.203434,0.624091
0.627137,0.533343,0.902895,0.0304265,-0.997162,-0.0688643,0.655705,0.0719123,-0.751585,0.754404,-0.0222866,0.656032
0.627137,0.485801,0.926725,0.0304265,-0.913473,-0.405761,0.655705,0.324633,-0.681663,0.754404,-0.245319,0.608846
0.674504,0.613915,0.9499,-0.303548,-0.866083,-0.397188,0.683918,0.0921935,-0.72371,0.663411,-0.491325,0.564345
0.674504,0.545438,0.998452,-0.303548,-0.678006,-0.669453,0.683918,0.334157,-0.648533,0.663411,-0.654712,0.362267
0.674504,0.464485,1.02066,-0.303548,-0.40815,-0.860971,0.683918,0.535816,-0.495133,0.663411,-0.739131,0.116495
0.674504,0.38082,1.01383,-0.303548,-0.0890664,-0.948644,0.683918,0.672848,-0.282013,0.663411,-0.734399,-0.143328
0.674504,0.304534,0.978806,-0.303548,0.24076,-0.921896,0.683918,0.728725,-0.0348781,0.663411,-0.641089,-0.385863
0.674504,0.244828,0.9198,-0.303548,0.541548,-0.783954,0.683918,0.696706,0.216464,0.663411,-0.470453,-0.581858
0.674504,0.208905,0.843933,-0.303548,0.777017,-0.551456,0.683918,0.580655,0.441697,0.663411,-0.243074,-0.707672
0.674504,0.201096,0.760354,-0.303548,0.918766,-0.252444,0.683918,0.394568,0.613655,0.663411,0.0136231,-0.748131
0.674504,0.222344,0.679145,-0.303548,0.949698,0.077017,0.683918,0.16089,0.711597,0.663411,0.268677,-0.698354
0.674504,0.270085,0.6101,-0.303548,0.866083,0.397188,0.683918,-0.0921935,0.72371,0.663411,0.491325,-0.564345
0.674504,0.338562,0.561548,-0.303548,0.678006,0.669453,0.683918,-0.334157,0.648533,0.663411,0.654712,-0.362267
0.674504,0.419515,0.539344,-0.303548,0.40815,0.860971,0.683918,-0.535816,0.495133,0.663411,0.739131,-0.116495
0.674504,0.50318,0.546167,-0.303548,0.0890664,0.948644,0.683918,-0.672848,0.282013,0.663411,0.734399,0.143328
0.674504,0.579466,0.581194,-0.303548,-0.24076,0.921896,0.683918,-0.728725,0.0348781,0.663411,0.641089,0.385863
0.674504,0.639172,0.6402,-0.303548,-0.541548,0.783954,0.683918,-0.696706,-0.216464,0.663411,0.470453,0.581858
0.674504,0.675095,0.716067,-0.303548,-0.777017,0.551456,0.683918,-0.580655,-0.441697,0.663411,0.243074,0.707672
0.674504,0.682904,0.799646,-0.303548,-0.918766,0.252444,0.683918,-0.394568,-0.613655,0.663411,-0.0136231,0.748131
0.674504,0.661656,0.880855,-0.303548,-0.949698,-0.077017,0.683918,-0.16089,-0.711597,0.663411,-0.268677,0.698354
0.674504,0.613915,0.9499,-0.303548,-0.866083,-0.397188,0.683918,0.0921935,-0.72371,0.663411,-0.491325,0.564345
0.763543,0.71836,0.968794,-0.60091,-0.70915,-0.3688,0.629641,-0.135723,-0.764939,0.492402,-0.691871,0.528067
0.763543,0.637122,1.05193,-0.60091,-0.540246,-0.589102,0.629641,0.134086,-0.765228,0.492402,-0.830756,0.259587
0.763543,0.53235,1.10227,-0.60091,-0.30618,-0.73835,0.629641,0.387723,-0.673219,0.492402,-0.869439,-0.0402036
0.763543,0.41668,1.11373,-0.60091,-0.0351847,-0.798542,0.629641,0.594595,-0.500009,0.492402,-0.803255,-0.335145
0.763543,0.304064,1.08495,-0.60091,0.240054,-0.762417,0.629641,0.72975,-0.266492,0.492402,-0.640187,-0.589662
0.763543,0.208085,1.01938,-0.60091,0.48634,-0.634335,0.629641,0.776886,-0.000831105,0.492402,-0.399902,-0.773058
0.763543,0.14032,0.924938,-0.60091,0.673965,-0.429742,0.629641,0.730318,0.26493,0.492402,-0.111384,-0.863212
0.763543,0.108942,0.813017,-0.60091,0.7803,-0.173315,0.629641,0.595664,0.498736,0.492402,0.190569,-0.849249
0.763543,0.117735,0.697113,-0.60091,0.79252,0.104015,0.629641,0.389163,0.672388,0.492402,0.469537,-0.732855
0.763543,0.16564,0.591206,-0.60091,0.70915,0.3688,0.629641,0.135723,0.764939,0.492402,0.691871,-0.528067
0.763543,0.246878,0.508071,-0.60091,0.540246,0.589102,0.629641,-0.134086,0.765228,0.492402,0.830756,-0.259587
0.763543,0.35165,0.457735,-0.60091,0.30618,0.73835,0.629641,-0.387723,0.673219,0.492402,0.869439,0.0402036
0.763543,0.46732,0.446268,-0.60091,0.0351847,0.798542,0.629641,-0.594595,0.500009,0.492402,0.803255,0.335145
0.763543,0.579936,0.475055,-0.60091,-0.240054,0.762417,0.629641,-0.72975,0.266492,0.492402,0.640187,0.589662
0.763543,0.675915,0.540622,-0.60091,-0.48634,0.634335,0.629641,-0.776886,0.000831105,0.492402,0.399902,0.773058
0.763543,0.74368,0.635062,-0.60091,-0.673965,0.429742,0.629641,-0.730318,-0.26493,0.492402,0.111384,0.863212
0.763543,0.775058,0.746983,-0.60091,-0.7803,0.173315,0.629641,-0.595664,-0.498736,0.492402,-0.190569,0.849249
0.763543,0.766265,0.862887,-0.60091,-0.79252,-0.104015,0.629641,-0.389163,-0.672388,0.492402,-0.469537,0.732855
0.763543,0.71836,0.968794,-0.60091,-0.70915,-0.3688,0.629641,-0.135723,-0.764939,0.492402,-0.691871,0.528067
0.883514,0.78654,0.981127,-0.825794,-0.461601,-0.32402,0.499419,-0.331628,-0.800377,0.262001,-0.822768,0.504388
0.883514,0.696972,1.08684,-0.825794,-0.322942,-0.462356,0.499419,-0.0378829,-0.865532,0.262001,-0.94566,0.192567
0.883514,0.576651,1.15554,-0.825794,-0.145331,-0.544925,0.499419,0.260431,-0.826291,0.262001,-0.954492,-0.142481
0.883514,0.440089,1.17894,-0.825794,0.0498089,-0.561768,0.499419,0.527333,-0.687386,0.262001,-0.848197,-0.460344
0.883514,0.303757,1.15423,-0.825794,0.238941,-0.510853,0.499419,0.730631,-0.465573,0.262001,-0.639598,-0.722683
0.883514,0.1841,1.08438,-0.825794,0.399253,-0.398323,0.499419,0.845804,-0.187605,0.262001,-0.353853,-0.897855
0.883514,0.0955489,0.977817,-0.825794,0.51141,-0.237748,0.499419,0.858961,0.112991,0.262001,-0.025429,-0.964733
0.883514,0.048785,0.847394,-0.825794,0.561883,-0.0484977,0.499419,0.768514,0.399958,0.262001,0.306063,-0.915249
0.883514,0.0494487,0.708842,-0.825794,0.544584,0.146602,0.499419,0.585373,0.638685,0.262001,0.600638,-0.755373
0.883514,0.0974599,0.578873,-0.825794,0.461601,0.32402,0.499419,0.331628,0.800377,0.262001,0.822768,-0.504388
0.883514,0.187028,0.473163,-0.825794,0.322942,0.462356,0.499419,0.0378829,0.865532,0.262001,0.94566,-0.192567
0.883514,0.307349,0.404462,-0.825794,0.145331,0.544925,0.499419,-0.260431,0.826291,0.262001,0.954492,0.142481
0.883514,0.443911,0.381056,-0.825794,-0.0498089,0.561768,0.499419,-0.527333,0.687386,0.262001,0.848197,0.460344
0.883514,0.580243,0.405769,-0.825794,-0.238941,0.510853,0.499419,-0.730631,0.465573,0.262001,0.639598,0.722683
0.883514,0.6999,0.47562,-0.825794,-0.399253,0.398323,0.499419,-0.845804,0.187605,0.262001,0.353853,0.897855
0.883514,0.788451,0.582183,-0.825794,-0.51141,0.237748,0.499419,-0.858961,-0.112991,0.262001,0.025429,0.964733
0.883514,0.835215,0.712606,-0.825794,-0.561883,0.0484977,0.499419,-0.768514,-0.399958,0.262001,-0.306063,0.915249
0.883514,0.834551,0.851158,-0.825794,-0.544584,-0.146602,0.499419,-0.585373,-0.638685,0.262001,-0.600638,0.755373
0.883514,0.78654,0.981127,-0.825794,-0.461601,-0.32402,0.499419,-0.331628,-0.800377,0.262001,-0.822768,0.504388
0.875863,0.0536011,0.701521,0.985232,-0.0451775,-0.16516,-0.00862081,0.950254,-0.311356,0.17101,0.308182,0.935831
0.875863,0.103866,0.573413,0.985232,0.014035,-0.170651,-0.00862081,0.999437,0.0324267,0.17101,-0.0304767,0.984798
0.875863,0.194915,0.470223,0.985232,0.0715547,-0.155559,-0.00862081,0.928073,0.372299,0.17101,-0.365459,0.914984
0.875863,0.315766,0.404397,0.985232,0.120444,-0.121705,-0.00862081,0.74477,0.667266,0.17101,-0.656362,0.734809
0.875863,0.451842,0.383874,0.985232,0.154806,-0.0731708,-0.00862081,0.471636,0.881751,0.17101,-0.868098,0.466005
0.875863,0.586732,0.41113,0.985232,0.170496,-0.0158114,-0.00862081,0.141616,0.989884,0.17101,-0.975129,0.140995
0.875863,0.704165,0.482876,0.985232,0.165621,0.0434551,-0.00862081,-0.205484,0.978622,0.17101,-0.964544,-0.201022
0.875863,0.789976,0.590461,0.985232,0.140771,0.0974802,-0.00862081,-0.527801,0.849324,0.17101,-0.837622,-0.518792
0.875863,0.833817,0.720906,0.985232,0.0989409,0.139748,-0.00862081,-0.786457,0.617585,0.17101,-0.609669,-0.773989
0.875863,0.830399,0.858479,0.985232,0.0451775,0.16516,-0.00862081,-0.950254,0.311356,0.17101,-0.308182,-0.935831
0.875863,0.780134,0.986587,0.985232,-0.014035,0.170651,-0.00862081,-0.999437,-0.0324267,0.17101,0.0304767,-0.984798
0.875863,0.689085,1.08978,0.985232,-0.0715547,0.155559,-0.00862081,-0.928073,-0.372299,0.17101,0.365459,-0.914984
0.875863,0.568234,1.1556,0.985232,-0.120444,0.121705,-0.00862081,-0.74477,-0.667266,0.17101,0.656362,-0.734809
0.875863,0.432158,1.17613,0.985232,-0.154806,0.0731708,-0.00862081,-0.471636,-0.881751,0.17101,0.868098,-0.466005
0.875863,0.297268,1.14887,0.985232,-0.170496,0.0158114,-0.00862081,-0.141616,-0.989884,0.17101,0.975129,-0.140995
0.875863,0.179835,1.07712,0.985232,-0.165621,-0.0434551,-0.00862081,0.205484,-0.978622,0.17101,0.964544,0.201022
0.875863,0.0940235,0.969539,0.985232,-0.140771,-0.0974802,-0.00862081,0.527801,-0.849324,0.17101,0.837622,0.518792
0.875863,0.0501828,0.839094,0.985232,-0.0989409,-0.139748,-0.00862081,0.786457,-0.617585,0.17101,0.609669,0.773989
0.875863,0.0536011,0.701521,0.985232,-0.0451775,-0.16516,-0.00862081,0.950254,-0.311356,0.17101,0.308182,0.935831
0.749059,0.125622,0.714549,0.900555,-0.372382,-0.224349,0.292759,0.900953,-0.320275,0.321393,0.222745,0.920376
0.749059,0.167087,0.610288,0.900555,-0.273193,-0.338182,0.292759,0.956159,0.0071843,0.321393,-0.105475,0.941053
0.749059,0.241712,0.526497,0.900555,-0.141052,-0.411224,0.292759,0.896039,0.333777,0.321393,-0.420974,0.848226
0.749059,0.340493,0.473283,0.900555,0.00810114,-0.434667,0.292759,0.727843,0.620111,0.321393,-0.685696,0.65309
0.749059,0.451518,0.457063,0.900555,0.156277,-0.405683,0.292759,0.471858,0.83165,0.321393,-0.867714,0.379182
0.749059,0.561396,0.479794,0.900555,0.285604,-0.327767,0.292759,0.15896,0.942881,0.321393,-0.945072,0.0595392
0.749059,0.656872,0.538734,0.900555,0.380483,-0.210318,0.292759,-0.17311,0.940386,0.321393,-0.908441,-0.267285
0.749059,0.726431,0.626775,0.900555,0.42947,-0.0675011,0.292759,-0.484301,0.824466,0.321393,-0.762238,-0.561871
0.749059,0.761684,0.733296,0.900555,0.426657,0.0834572,0.292759,-0.737079,0.609104,0.321393,-0.524099,-0.788687
0.749059,0.758378,0.845451,0.900555,0.372382,0.224349,0.292759,-0.900953,0.320275,0.321393,-0.222745,-0.920376
0.749059,0.716913,0.949712,0.900555,0.273193,0.338182,0.292759,-0.956159,-0.0071843,0.321393,0.105475,-0.941053
0.749059,0.642288,1.0335,0.900555,0.141052,0.411224,0.292759,-0.896039,-0.333777,0.321393,0.420974,-0.848226
0.749059,0.543507,1.08672,0.900555,-0.00810114,0.434667,0.292759,-0.727843,-0.620111,0.321393,0.685696,-0.65309
0.749059,0.432482,1.10294,0.900555,-0.156277,0.405683,0.292759,-0.471858,-0.83165,0.321393,0.867714,-0.379182
0.749059,0.322604,1.08021,0.900555,-0.285604,0.327767,0.292759,-0.15896,-0.942881,0.321393,0.945072,-0.0595392
0.749059,0.227128,1.02127,0.900555,-0.380483,0.210318,0.292759,0.17311,-0.940386,0.321393,0.908441,0.267285
0.749059,0.157569,0.933225,0.900555,-0.42947,0.0675011,0.292759,0.484301,-0.824466,0.321393,0.762238,0.561871
0.749059,0.122316,0.826704,0.900555,-0.426657,-0.0834572,0.292759,0.737079,-0.609104,0.321393,0.524099,0.788687
0.749059,0.125622,0.714549,0.900555,-0.372382,-0.224349,0.292759,0.900953,-0.320275,0.321393,0.222745,0.920376
0.654934,0.235976,0.734511,0.707258,-0.651355,-0.274814,0.558827,0.753194,-0.347004,0.433011,0.0918475,0.896697
0.654934,0.263959,0.66679,0.707258,-0.518082,-0.481017,0.558827,0.826453,-0.0684694,0.433011,-0.22038,0.874033
0.654934,0.313416,0.612724,0.707258,-0.32232,-0.629203,0.558827,0.800029,0.218323,0.433011,-0.506027,0.745948
0.654934,0.378383,0.578834,0.707258,-0.0876818,-0.701497,0.558827,0.677111,0.478783,0.433011,-0.730639,0.527891
0.654934,0.451022,0.569207,0.707258,0.157532,-0.689181,0.558827,0.472522,0.681494,0.433011,-0.867125,0.246162
0.654934,0.522574,0.585005,0.707258,0.383746,-0.593739,0.558827,0.210941,0.802007,0.433011,-0.899023,-0.0652577
0.654934,0.584407,0.624322,0.707258,0.563673,-0.426683,0.558827,-0.0760828,0.825786,0.433011,-0.822486,-0.368806
0.654934,0.629063,0.682417,0.707258,0.675614,-0.208163,0.558827,-0.35393,0.749964,0.433011,-0.646745,-0.627871
0.654934,0.651157,0.752281,0.707258,0.706066,0.035464,0.558827,-0.589088,0.583684,0.433011,-0.392997,-0.811206
0.654934,0.648024,0.825489,0.707258,0.651355,0.274814,0.558827,-0.753194,0.347004,0.433011,-0.0918475,-0.896697
0.654934,0.620041,0.89321,0.707258,0.518082,0.481017,0.558827,-0.826453,0.0684694,0.433011,0.22038,-0.874033
0.654934,0.570584,0.947276,0.707258,0.32232,0.629203,0.558827,-0.800029,-0.218323,0.433011,0.506027,-0.745948
0.654934,0.505617,0.981166,0.707258,0.0876818,0.701497,0.558827,-0.677111,-0.478783,0.433011,0.730639,-0.527891
0.654934,0.432978,0.990793,0.707258,-0.157532,0.689181,0.558827,-0.472522,-0.681494,0.433011,0.867125,-0.246162
0.654934,0.361426,0.974995,0.707258,-0.383746,0.593739,0.558827,-0.210941,-0.802007,0.433011,0.899023,0.0652577
0.654934,0.299593,0.935678,0.707258,-0.563673,0.426683,0.558827,0.0760828,-0.825786,0.433011,0.822486,0.368806
