0.658953,0.325153,1.07873,0.308961,0.872096,0.379462,0.951075,-0.283303,-0.123273,-3.49349e-06,0.398983,-0.916958
0.907818,0.0235925,0.998762,0.92986,-0.0913867,-0.356384,-0.179072,0.733762,-0.655383,0.321394,0.673232,0.665931
0.907818,0.00605522,0.858696,0.92986,0.0360152,-0.366148,-0.179072,0.913665,-0.364897,0.321394,0.40487,0.856029
0.907818,0.0374809,0.72108,0.92986,0.159073,-0.331748,-0.179072,0.983366,-0.0303991,0.321394,0.0876738,0.942878
0.907818,0.114079,0.60251,0.92986,0.262944,-0.257335,-0.179072,0.934459,0.307765,0.321394,-0.240097,0.916002
0.907818,0.226611,0.51729,0.92986,0.335101,-0.151884,-0.179072,0.772842,0.608809,0.321394,-0.538908,0.778642
0.907818,0.361504,0.475697,0.92986,0.366839,-0.0281128,-0.179072,0.51801,0.836421,0.321394,-0.772719,0.547367
0.907818,0.502487,0.482748,0.92986,0.354331,0.099049,-0.179072,0.200697,0.963148,0.321394,-0.913329,0.250071
0.907818,0.632556,0.537593,0.92986,0.299086,0.214264,-0.179072,-0.140822,0.973705,0.321394,-0.943778,-0.0773872
0.907818,0.736023,0.633617,0.92986,0.207766,0.303636,-0.179072,-0.465357,0.86682,0.321394,-0.860393,-0.395511
0.907818,0.800408,0.759238,0.92986,0.0913867,0.356384,-0.179072,-0.733762,0.655383,0.321394,-0.673232,-0.665931
0.907818,0.817945,0.899304,0.92986,-0.0360152,0.366148,-0.179072,-0.913665,0.364897,0.321394,-0.40487,-0.856029
0.907818,0.786519,1.03692,0.92986,-0.159073,0.331748,-0.179072,-0.983366,0.0303991,0.321394,-0.0876738,-0.942878
0.907818,0.709921,1.15549,0.92986,-0.262944,0.257335,-0.179072,-0.934459,-0.307765,0.321394,0.240097,-0.916002
0.907818,0.597389,1.24071,0.92986,-0.335101,0.151884,-0.179072,-0.772842,-0.608809,0.321394,0.538908,-0.778642
0.907818,0.462496,1.2823,0.92986,-0.366839,0.0281128,-0.179072,-0.51801,-0.836421,0.321394,0.772719,-0.547367
0.907818,0.321513,1.27525,0.92986,-0.354331,-0.099049,-0.179072,-0.200697,-0.963148,0.321394,0.913329,-0.250071
0.907818,0.191444,1.22041,0.92986,-0.299086,-0.214264,-0.179072,0.140822,-0.973705,0.321394,0.943778,0.0773872
0.907818,0.0879774,1.12438,0.92986,-0.207766,-0.303636,-0.179072,0.465357,-0.86682,0.321394,0.860393,0.395511
0.907818,0.0235925,0.998762,0.92986,-0.0913867,-0.356384,-0.179072,0.733762,-0.655383,0.321394,0.673232,0.665931
0.809114,0.0758276,1.02149,0.796489,-0.370511,-0.477835,-0.0275851,0.767175,-0.640844,0.604023,0.523607,0.600826
0.809114,0.0473667,0.89792,0.796489,-0.184737,-0.57574,-0.0275851,0.940091,-0.339807,0.604023,0.286535,0.743676
0.809114,0.0628859,0.772067,0.796489,0.0233189,-0.604203,-0.0275851,0.999617,0.00221574,0.604023,0.0149022,0.796828
0.809114,0.120513,0.659111,0.796489,0.228562,-0.559789,-0.0275851,0.938575,0.343971,0.604023,-0.258528,0.75387
0.809114,0.213299,0.572678,0.796489,0.406237,-0.447857,-0.0275851,0.764327,0.644239,0.604023,-0.500775,0.619984
0.809114,0.33005,0.523192,0.796489,0.534914,-0.281907,-0.0275851,0.49789,0.866802,0.604023,-0.682622,0.411319
0.809114,0.456686,0.516621,0.796489,0.599073,-0.0819541,-0.0275851,0.1714,0.984815,0.604023,-0.782134,0.153043
0.809114,0.577932,0.553759,0.796489,0.590974,0.127883,-0.0275851,-0.175764,0.984046,0.604023,-0.78731,-0.123692
0.809114,0.679164,0.630125,0.796489,0.511595,0.322296,-0.0275851,-0.501727,0.864586,0.604023,-0.697524,-0.385508
0.809114,0.748172,0.73651,0.796489,0.370511,0.477835,-0.0275851,-0.767175,0.640844,0.604023,-0.523607,-0.600826
0.809114,0.776633,0.86008,0.796489,0.184737,0.57574,-0.0275851,-0.940091,0.339807,0.604023,-0.286535,-0.743676
0.809114,0.761114,0.985933,0.796489,-0.0233189,0.604203,-0.0275851,-0.999617,-0.00221574,0.604023,-0.0149022,-0.796828
0.809114,0.703487,1.09889,0.796489,-0.228562,0.559789,-0.0275851,-0.938575,-0.343971,0.604023,0.258528,-0.75387
0.809114,0.610701,1.18532,0.796489,-0.406237,0.447857,-0.0275851,-0.764327,-0.644239,0.604023,0.500775,-0.619984
0.809114,0.49395,1.23481,0.796489,-0.534914,0.281907,-0.0275851,-0.49789,-0.866802,0.604023,0.682622,-0.411319
0.809114,0.367314,1.24138,0.796489,-0.599073,0.0819541,-0.0275851,-0.1714,-0.984815,0.604023,0.782134,-0.153043
0.809114,0.246068,1.20424,0.796489,-0.590974,-0.127883,-0.0275851,0.175764,-0.984046,0.604023,0.78731,0.123692
0.809114,0.144836,1.12787,0.796489,-0.511595,-0.322296,-0.0275851,0.501727,-0.864586,0.604023,0.697524,0.385508
0.809114,0.0758276,1.02149,0.796489,-0.370511,-0.477835,-0.0275851,0.767175,-0.640844,0.604023,0.523607,0.600826
0.735846,0.155868,1.05632,0.567051,-0.590974,-0.573762,0.127229,0.751064,-0.647854,0.813797,0.294367,0.501081
0.735846,0.110669,0.958021,0.567051,-0.359096,-0.741285,0.127229,0.927349,-0.351905,0.813797,0.105235,0.571542
0.735846,0.101814,0.850194,0.567051,-0.0839053,-0.819398,0.127229,0.991781,-0.0135102,0.813797,-0.0965904,0.573066
0.735846,0.130373,0.745842,0.567051,0.201405,-0.79868,0.127229,0.93659,0.326514,0.813797,-0.286765,0.50547
0.735846,0.1929,0.65755,0.567051,0.462424,-0.681629,0.127229,0.768433,0.627155,0.813797,-0.442352,0.376907
0.735846,0.281854,0.595968,0.567051,0.667667,-0.482363,0.127229,0.507591,0.852153,0.813797,-0.544585,0.202883
0.735846,0.386505,0.568525,0.567051,0.79238,-0.224918,0.127229,0.185526,0.974368,0.813797,-0.581132,0.00438883
0.735846,0.494231,0.578529,0.567051,0.82152,0.0596564,0.127229,-0.158916,0.97906,0.813797,-0.547587,-0.194635
0.735846,0.592039,0.624774,0.567051,0.751572,0.337035,0.127229,-0.48419,0.865663,0.813797,-0.447994,-0.370183
0.735846,0.668132,0.701683,0.567051,0.590974,0.573762,0.127229,-0.751064,0.647854,0.813797,-0.294367,-0.501081
0.735846,0.713331,0.799979,0.567051,0.359096,0.741285,0.127229,-0.927349,0.351905,0.813797,-0.105235,-0.571542
0.735846,0.722186,0.907806,0.567051,0.0839053,0.819398,0.127229,-0.991781,0.0135102,0.813797,0.0965904,-0.573066
0.735846,0.693627,1.01216,0.567051,-0.201405,0.79868,0.127229,-0.93659,-0.326514,0.813797,0.286765,-0.50547
0.735846,0.6311,1.10045,0.567051,-0.462424,0.681629,0.127229,-0.768433,-0.627155,0.813797,0.442352,-0.376907
0.735846,0.542146,1.16203,0.567051,-0.667667,0.482363,0.127229,-0.507591,-0.852153,0.813797,0.544585,-0.202883
0.735846,0.437495,1.18948,0.567051,-0.79238,0.224918,0.127229,-0.185526,-0.974368,0.813797,0.581132,-0.00438883
0.735846,0.329769,1.17947,0.567051,-0.82152,-0.0596564,0.127229,0.158916,-0.97906,0.813797,0.547587,0.194635
0.735846,0.231961,1.13323,0.567051,-0.751572,-0.337035,0.127229,0.48419,-0.865663,0.813797,0.447994,0.370183
0.735846,0.155868,1.05632,0.567051,-0.590974,-0.573762,0.127229,0.751064,-0.647854,0.813797,0.294367,0.501081
0.696852,0.254059,1.09904,0.269218,-0.726186,-0.632595,0.266698,0.687372,-0.675567,0.925416,0.0131632,0.378725
0.696852,0.188326,1.03175,0.269218,-0.466031,-0.842815,0.266698,0.876976,-0.399731,0.925416,-0.117162,0.360387
0.696852,0.14957,0.946039,0.269218,-0.149667,-0.951379,0.266698,0.960804,-0.0756802,0.925416,-0.233356,0.298581
0.696852,0.142468,0.85224,0.269218,0.18475,-0.945193,0.266698,0.928745,0.257498,0.925416,-0.321404,0.200762
0.696852,0.167875,0.761669,0.269218,0.496883,-0.825002,0.266698,0.784665,0.559619,0.925416,-0.370686,0.0787281
0.696852,0.222727,0.685249,0.269218,0.749085,-0.605305,0.266698,0.545943,0.794241,0.925416,-0.375257,-0.0528017
0.696852,0.300409,0.632198,0.269218,0.910936,-0.312598,0.266698,0.241372,0.933066,0.925416,-0.334567,-0.177963
0.696852,0.39155,0.608916,0.269218,0.962915,0.0178123,0.266698,-0.0923114,0.959349,0.925416,-0.253523,-0.281659
0.696852,0.485157,0.61821,0.269218,0.898752,0.346074,0.266698,-0.414861,0.869921,0.925416,-0.141901,-0.351383
0.696852,0.569941,0.658958,0.269218,0.726186,0.632595,0.266698,-0.687372,0.675567,0.925416,-0.0131632,-0.378725
0.696852,0.635674,0.726247,0.269218,0.466031,0.842815,0.266698,-0.876976,0.399731,0.925416,0.117162,-0.360387
0.696852,0.67443,0.811961,0.269218,0.149667,0.951379,0.266698,-0.960804,0.0756802,0.925416,0.233356,-0.298581
0.696852,0.681532,0.90576,0.269218,-0.18475,0.945193,0.266698,-0.928745,-0.257498,0.925416,0.321404,-0.200762
0.696852,0.656125,0.996331,0.269218,-0.496883,0.825002,0.266698,-0.784665,-0.559619,0.925416,0.370686,-0.0787281
0.696852,0.601273,1.07275,0.269218,-0.749085,0.605305,0.266698,-0.545943,-0.794241,0.925416,0.375257,0.0528017
0.696852,0.523591,1.1258,0.269218,-0.910936,0.312598,0.266698,-0.241372,-0.933066,0.925416,0.334567,0.177963
0.696852,0.43245,1.14908,0.269218,-0.962915,-0.0178123,0.266698,0.0923114,-0.959349,0.925416,0.253523,0.281659
0.696852,0.338843,1.13979,0.269218,-0.898752,-0.346074,0.266698,0.414861,-0.869921,0.925416,0.141901,0.351383
0.696852,0.254059,1.09904,0.269218,-0.726186,-0.632595,0.266698,0.687372,-0.675567,0.925416,0.0131632,0.378725
0.696834,0.358558,1.14451,-0.061087,-0.759837,-0.647237,0.373999,0.583782,-0.720641,0.925415,-0.286088,0.248517
0.696834,0.270971,1.11022,-0.061087,-0.492646,-0.868083,0.373999,0.795049,-0.477516,0.925415,-0.353832,0.135682
0.696834,0.200394,1.04804,-0.061087,-0.166033,-0.984226,0.373999,0.910422,-0.176796,0.925415,-0.378899,0.0064813
0.696834,0.15534,0.965473,-0.061087,0.180605,-0.981657,0.373999,0.915985,0.145249,0.925415,-0.358266,-0.123501
0.696834,0.141243,0.872476,-0.061087,0.50546,-0.860685,0.373999,0.811066,0.449775,0.925415,-0.29442,-0.238587
0.696834,0.159803,0.780265,-0.061087,0.769348,-0.635902,0.373999,0.608321,0.700051,0.925415,-0.195063,-0.324896
0.696834,0.208782,0.699963,-0.061087,0.940442,-0.33442,0.373999,0.332203,0.86589,0.925415,-0.072178,-0.372018
0.696834,0.282272,0.641255,-0.061087,0.998105,0.00739815,0.373999,0.0160166,0.927291,0.925415,0.0594123,-0.374268
0.696834,0.371409,0.611223,-0.061087,0.935382,0.348324,0.373999,-0.302101,0.876846,0.925415,0.183837,-0.331377
0.696834,0.465442,0.613489,-0.061087,0.759837,0.647237,0.373999,-0.583782,0.720641,0.925415,0.286088,-0.248517
0.696834,0.553029,0.64778,-0.061087,0.492646,0.868083,0.373999,-0.795049,0.477516,0.925415,0.353832,-0.135682
0.696834,0.623606,0.709959,-0.061087,0.166033,0.984226,0.373999,-0.910422,0.176796,0.925415,0.378899,-0.0064813
0.696834,0.66866,0.792527,-0.061087,-0.180605,0.981657,0.373999,-0.915985,-0.145249,0.925415,0.358266,0.123501
0.696834,0.682757,0.885524,-0.061087,-0.50546,0.860685,0.373999,-0.811066,-0.449775,0.925415,0.29442,0.238587
0.696834,0.664197,0.977735,-0.061087,-0.769348,0.635902,0.373999,-0.608321,-0.700051,0.925415,0.195063,0.324896
0.696834,0.615218,1.05804,-0.061087,-0.940442,0.33442,0.373999,-0.332203,-0.86589,0.925415,0.072178,0.372018
0.696834,0.541728,1.11674,-0.061087,-0.998105,-0.00739815,0.373999,-0.0160166,-0.927291,0.925415,-0.0594123,0.374268
0.696834,0.452591,1.14678,-0.061087,-0.935382,-0.348324,0.373999,0.302101,-0.876846,0.925415,-0.183837,0.331377
0.696834,0.358558,1.14451,-0.061087,-0.759837,-0.647237,0.373999,0.583782,-0.720641,0.925415,-0.286088,0.248517
0.735794,0.456761,1.18724,-0.384024,-0.68787,-0.615923,0.43619,0.452787,-0.777639,0.813796,-0.567291,0.126161
0.735794,0.348637,1.18396,-0.384024,-0.435728,-0.814043,0.43619,0.691449,-0.57588,0.813796,-0.576229,-0.0754725
0.735794,0.248156,1.1439,-0.384024,-0.131031,-0.913978,0.43619,0.846712,-0.30466,0.813796,-0.515665,-0.268003
0.735794,0.167437,1.07188,-0.384024,0.18947,-0.903674,0.43619,0.899849,0.00330521,0.813796,-0.392904,-0.428208
0.735794,0.116215,0.976606,-0.384024,0.487118,-0.784373,0.43619,0.844451,0.310872,0.813796,-0.222753,-0.536765
0.735794,0.10067,0.869556,-0.384024,0.726013,-0.570466,0.43619,0.687199,0.580943,0.813796,-0.0257352,-0.58058
0.735794,0.122676,0.763644,-0.384024,0.87734,-0.287751,0.43619,0.447062,0.780944,0.813796,0.174387,-0.554369
0.735794,0.179578,0.671646,-0.384024,0.922846,0.02967,0.43619,0.153002,0.886752,0.813796,0.353476,-0.461293
0.735794,0.264514,0.604658,-0.384024,0.857044,0.343513,0.43619,-0.159512,0.885604,0.813796,0.48993,-0.312578
0.735794,0.367239,0.57076,-0.384024,0.68787,0.615923,0.43619,-0.452787,0.777639,0.813796,0.567291,-0.126161
0.735794,0.475363,0.57404,-0.384024,0.435728,0.814043,0.43619,-0.691449,0.57588,0.813796,0.576229,0.0754725
0.735794,0.575844,0.614103,-0.384024,0.131031,0.913978,0.43619,-0.846712,0.30466,0.813796,0.515665,0.268003
0.735794,0.656563,0.686116,-0.384024,-0.18947,0.903674,0.43619,-0.899849,-0.00330521,0.813796,0.392904,0.428208
0.735794,0.707785,0.781394,-0.384024,-0.487118,0.784373,0.43619,-0.844451,-0.310872,0.813796,0.222753,0.536765
0.735794,0.72333,0.888444,-0.384024,-0.726013,0.570466,0.43619,-0.687199,-0.580943,0.813796,0.0257352,0.58058
0.735794,0.701324,0.994356,-0.384024,-0.87734,0.287751,0.43619,-0.447062,-0.780944,0.813796,-0.174387,0.554369
0.735794,0.644422,1.08635,-0.384024,-0.922846,-0.02967,0.43619,-0.153002,-0.886752,0.813796,-0.353476,0.461293
0.735794,0.559486,1.15334,-0.384024,-0.857044,-0.343513,0.43619,0.159512,-0.885604,0.813796,-0.48993,0.312578
0.735794,0.456761,1.18724,-0.384024,-0.68787,-0.615923,0.43619,0.452787,-0.777639,0.813796,-0.567291,0.126161
0.809034,0.536822,1.22208,-0.660642,-0.518964,-0.542429,0.44577,0.310187,-0.839686,0.604021,-0.79653,0.0264157
0.809034,0.411956,1.24408,-0.660642,-0.302144,-0.687213,0.44577,0.57867,-0.682957,0.604021,-0.757528,-0.247607
0.809034,0.287095,1.22205,-0.660642,-0.0488824,-0.749108,0.44577,0.777357,-0.443852,0.604021,-0.627157,-0.491764
0.809034,0.177299,1.15864,-0.660642,0.210276,-0.72065,0.44577,0.882283,-0.151213,0.604021,-0.421142,-0.676608
0.809034,0.0958113,1.0615,-0.660642,0.444071,-0.605271,0.44577,0.880793,0.159665,0.604021,-0.16433,-0.779842
0.809034,0.0524609,0.942352,-0.660642,0.624305,-0.416887,0.44577,0.773066,0.451285,0.604021,0.112302,-0.789016
0.809034,0.0524762,0.815561,-0.660642,0.729239,-0.178221,0.44577,0.572096,0.688473,0.604021,0.375389,-0.703023
0.809034,0.0958555,0.696423,-0.660642,0.746216,0.0819415,0.44577,0.302123,0.842622,0.604021,0.593198,-0.532235
0.809034,0.177366,0.599306,-0.660642,0.673188,0.332221,0.44577,-0.0042912,0.895137,0.604021,0.739459,-0.297252
0.809034,0.287178,0.535924,-0.660642,0.518964,0.542429,0.44577,-0.310187,0.839686,0.604021,0.79653,-0.0264157
0.809034,0.412044,0.513922,-0.660642,0.302144,0.687213,0.44577,-0.57867,0.682957,0.604021,0.757528,0.247607
0.809034,0.536905,0.535954,-0.660642,0.0488824,0.749108,0.44577,-0.777357,0.443852,0.604021,0.627157,0.491764
0.809034,0.646701,0.599363,-0.660642,-0.210276,0.72065,0.44577,-0.882283,0.151213,0.604021,0.421142,0.676608
0.809034,0.728189,0.696499,-0.660642,-0.444071,0.605271,0.44577,-0.880793,-0.159665,0.604021,0.16433,0.779842
0.809034,0.771539,0.815648,-0.660642,-0.624305,0.416887,0.44577,-0.773066,-0.451285,0.604021,-0.112302,0.789016
0.809034,0.771524,0.942439,-0.660642,-0.729239,0.178221,0.44577,-0.572096,-0.688473,0.604021,-0.375389,0.703023
0.809034,0.728145,1.06158,-0.660642,-0.746216,-0.0819415,0.44577,-0.302123,-0.842622,0.604021,-0.593198,0.532235
0.809034,0.646634,1.15869,-0.660642,-0.673188,-0.332221,0.44577,0.0042912,-0.895137,0.604021,-0.739459,0.297252
0.809034,0.536822,1.22208,-0.660642,-0.518964,-0.542429,0.44577,0.310187,-0.839686,0.604021,-0.79653,0.0264157
0.90772,0.589086,1.24482,-0.857576,-0.273491,-0.435621,0.401584,0.173183,-0.899299,0.321392,-0.946155,-0.0386884
0.90772,0.45329,1.28332,-0.857576,-0.108007,-0.502889,0.401584,0.470317,-0.785832,0.321392,-0.875863,-0.359959
0.90772,0.312513,1.27306,-0.857576,0.0705052,-0.509501,0.401584,0.710724,-0.577583,0.321392,-0.699929,-0.637814
0.90772,0.183737,1.21527,-0.857576,0.240513,-0.45466,0.401584,0.865407,-0.299668,0.321392,-0.439573,-0.838739
0.90772,0.0824915,1.11692,-0.857576,0.381511,-0.344981,0.401584,0.915709,0.0143907,0.321392,-0.126198,-0.938499
0.90772,0.0209901,0.989873,-0.857576,0.476494,-0.193691,0.401584,0.855563,0.326714,0.321392,0.202399,-0.925063
0.90772,0.00665024,0.849453,-0.857576,0.514004,-0.0190399,0.401584,0.692224,0.59963,0.321392,0.506583,-0.800051
0.90772,0.0412015,0.712597,-0.857576,0.489518,0.157908,0.401584,0.445392,0.800223,0.321392,0.749666,-0.57854
0.90772,0.120477,0.595812,-0.857576,0.405989,0.31581,0.401584,0.144839,0.904296,0.321392,0.902328,-0.287249
0.90772,0.234914,0.513183,-0.857576,0.273491,0.435621,0.401584,-0.173183,0.899299,0.321392,0.946155,0.0386884
0.90772,0.37071,0.474678,-0.857576,0.108007,0.502889,0.401584,-0.470317,0.785832,0.321392,0.875863,0.359959
0.90772,0.511487,0.484939,-0.857576,-0.0705052,0.509501,0.401584,-0.710724,0.577583,0.321392,0.699929,0.637814
0.90772,0.640263,0.54273,-0.857576,-0.240513,0.45466,0.401584,-0.865407,0.299668,0.321392,0.439573,0.838739
0.90772,0.741508,0.641081,-0.857576,-0.381511,0.344981,0.401584,-0.915709,-0.0143907,0.321392,0.126198,0.938499
0.90772,0.80301,0.768127,-0.857576,-0.476494,0.193691,0.401584,-0.855563,-0.326714,0.321392,-0.202399,0.925063
0.90772,0.81735,0.908547,-0.857576,-0.514004,0.0190399,0.401584,-0.692224,-0.59963,0.321392,-0.506583,0.800051
0.90772,0.782798,1.0454,-0.857576,-0.489518,-0.157908,0.401584,-0.445392,-0.800223,0.321392,-0.749666,0.57854
0.90772,0.703523,1.16219,-0.857576,-0.405989,-0.31581,0.401584,-0.144839,-0.904296,0.321392,-0.902328,0.287249
0.90772,0.589086,1.24482,-0.857576,-0.273491,-0.435621,0.401584,0.173183,-0.899299,0.321392,-0.946155,-0.0386884
0.883612,0.0137603,0.854674,0.961642,-0.0327223,-0.272349,-0.0812368,0.914348,-0.396697,0.262003,0.403605,0.876617
0.883612,0.0460969,0.719935,0.961642,0.0624001,-0.267116,-0.0812368,0.994884,-0.0600479,0.262003,0.0794443,0.961792
0.883612,0.122567,0.604382,0.961642,0.149996,-0.229665,-0.0812368,0.955423,0.283844,0.262003,-0.254299,0.93096
0.883612,0.233947,0.521951,0.961642,0.2195,-0.164513,-0.0812368,0.800724,0.5935,0.262003,-0.55737,0.787841
0.883612,0.366803,0.482586,0.961642,0.26253,-0.0795181,-0.0812368,0.549445,0.831571,0.262003,-0.793214,0.549697
0.883612,0.50511,0.491035,0.961642,0.273894,0.0150678,-0.0812368,0.231896,0.969343,0.262003,-0.933384,0.245251
0.883612,0.632187,0.546277,0.961642,0.252223,0.107836,-0.0812368,-0.113624,0.990197,0.262003,-0.960975,-0.088776
0.883612,0.732706,0.641651,0.961642,0.20013,0.187598,-0.0812368,-0.445439,0.891619,0.262003,-0.872658,-0.412095
0.883612,0.794543,0.765653,0.961642,0.123898,0.244733,-0.0812368,-0.723528,0.685499,0.262003,-0.679086,-0.685709
0.883612,0.81024,0.903326,0.961642,0.0327223,0.272349,-0.0812368,-0.914348,0.396697,0.262003,-0.403605,-0.876617
0.883612,0.777903,1.03806,0.961642,-0.0624001,0.267116,-0.0812368,-0.994884,0.0600479,0.262003,-0.0794443,-0.961792
0.883612,0.701433,1.15362,0.961642,-0.149996,0.229665,-0.0812368,-0.955423,-0.283844,0.262003,0.254299,-0.93096
0.883612,0.590053,1.23605,0.961642,-0.2195,0.164513,-0.0812368,-0.800724,-0.5935,0.262003,0.55737,-0.787841
0.883612,0.457197,1.27541,0.961642,-0.26253,0.0795181,-0.0812368,-0.549445,-0.831571,0.262003,0.793214,-0.549697
0.883612,0.31889,1.26697,0.961642,-0.273894,-0.0150678,-0.0812368,-0.231896,-0.969343,0.262003,0.933384,-0.245251
0.883612,0.191813,1.21172,0.961642,-0.252223,-0.107836,-0.0812368,0.113624,-0.990197,0.262003,0.960975,0.088776
0.883612,0.0912944,1.11635,0.961642,-0.20013,-0.187598,-0.0812368,0.445439,-0.891619,0.262003,0.872658,0.412095
0.883612,0.0294572,0.992347,0.961642,-0.123898,-0.244733,-0.0812368,0.723528,-0.685499,0.262003,0.679086,0.685709
0.883612,0.0137603,0.854674,0.961642,-0.0327223,-0.272349,-0.0812368,0.914348,-0.396697,0.262003,0.403605,0.876617
0.763622,0.0772644,0.882306,0.856221,-0.326643,-0.400238,0.156285,0.902214,-0.401977,0.492403,0.281629,0.823543
0.763622,0.0963207,0.76762,0.856221,-0.170054,-0.487819,0.156285,0.985288,-0.0691594,0.492403,-0.0170233,0.870201
0.763622,0.153453,0.666369,0.856221,0.00704555,-0.516562,0.156285,0.949521,0.272,0.492403,-0.313623,0.811899
0.763622,0.241769,0.590763,0.856221,0.183295,-0.483,0.156285,0.799229,0.580352,0.492403,-0.572395,0.65567
0.763622,0.350618,0.549924,0.856221,0.337437,-0.391181,0.156285,0.552538,0.818704,0.492403,-0.762128,0.420358
0.763622,0.466871,0.548776,0.856221,0.450879,-0.252179,0.156285,0.239202,0.95831,0.492403,-0.859936,0.134344
0.763622,0.576505,0.587458,0.856221,0.509938,-0.0827616,0.156285,-0.102985,0.982328,0.492403,-0.854024,-0.167873
0.763622,0.666297,0.661304,0.856221,0.507491,0.0966386,0.156285,-0.43275,0.887864,0.492403,-0.745104,-0.449843
0.763622,0.725418,0.761407,0.856221,0.443833,0.264383,0.156285,-0.710319,0.68631,0.492403,-0.546314,-0.677555
0.763622,0.746736,0.875694,0.856221,0.326643,0.400238,0.156285,-0.902214,0.401977,0.492403,-0.281629,-0.823543
0.763622,0.727679,0.99038,0.856221,0.170054,0.487819,0.156285,-0.985288,0.0691594,0.492403,0.0170233,-0.870201
0.763622,0.670547,1.09163,0.856221,-0.00704555,0.516562,0.156285,-0.949521,-0.272,0.492403,0.313623,-0.811899
0.763622,0.582231,1.16724,0.856221,-0.183295,0.483,0.156285,-0.799229,-0.580352,0.492403,0.572395,-0.65567
0.763622,0.473382,1.20808,0.856221,-0.337437,0.391181,0.156285,-0.552538,-0.818704,0.492403,0.762128,-0.420358
0.763622,0.357129,1.20922,0.856221,-0.450879,0.252179,0.156285,-0.239202,-0.95831,0.492403,0.859936,-0.134344
0.763622,0.247495,1.17054,0.856221,-0.509938,0.0827616,0.156285,0.102985,-0.982328,0.492403,0.854024,0.167873
0.763622,0.157703,1.0967,0.856221,-0.507491,-0.0966386,0.156285,0.43275,-0.887864,0.492403,0.745104,0.449843
0.763622,0.0985821,0.996593,0.856221,-0.443833,-0.264383,0.156285,0.710319,-0.68631,0.492403,0.546314,0.677555
0.763622,0.0772644,0.882306,0.856221,-0.326643,-0.400238,0.156285,0.902214,-0.401977,0.492403,0.281629,0.823543
0.674556,0.17457,0.924645,0.647527,-0.569775,-0.506029,0.374957,0.81632,-0.43935,0.663413,0.0947519,0.74223
0.674556,0.173277,0.840686,0.647527,-0.362342,-0.670386,0.374957,0.917356,-0.133657,0.663413,-0.16482,0.729875
0.674556,0.200778,0.761349,0.647527,-0.111204,-0.753885,0.374957,0.907746,0.188158,0.663413,-0.404512,0.629487
0.674556,0.253755,0.696202,0.647527,0.153346,-0.746454,0.374957,0.788649,0.487279,0.663413,-0.595414,0.453173
0.674556,0.325819,0.653103,0.647527,0.399401,-0.64899,0.374957,0.574428,0.727626,0.663413,-0.714501,0.222199
0.674556,0.408278,0.637251,0.647527,0.597282,-0.473248,0.374957,0.290923,0.880211,0.663413,-0.747408,-0.0355746
0.674556,0.491186,0.650557,0.647527,0.723122,-0.240425,0.374957,-0.0276713,0.926629,0.663413,-0.690166,-0.289058
0.674556,0.564542,0.691417,0.647527,0.761742,0.0213962,0.374957,-0.342928,0.861282,0.663413,-0.549681,-0.507676
0.674556,0.6195,0.754902,0.647527,0.708486,0.280637,0.374957,-0.616823,0.692052,0.663413,-0.342895,-0.665061
0.674556,0.64943,0.833355,0.647527,0.569775,0.506029,0.374957,-0.81632,0.43935,0.663413,-0.0947519,-0.74223
0.674556,0.650723,0.917314,0.647527,0.362342,0.670386,0.374957,-0.917356,0.133657,0.663413,0.16482,-0.729875
0.674556,0.623222,0.996651,0.647527,0.111204,0.753885,0.374957,-0.907746,-0.188158,0.663413,0.404512,-0.629487
0.674556,0.570245,1.0618,0.647527,-0.153346,0.746454,0.374957,-0.788649,-0.487279,0.663413,0.595414,-0.453173
0.674556,0.498181,1.1049,0.647527,-0.399401,0.64899,0.374957,-0.574428,-0.727626,0.663413,0.714501,-0.222199
0.674556,0.415722,1.12075,0.647527,-0.597282,0.473248,0.374957,-0.290923,-0.880211,0.663413,0.747408,0.0355746
0.674556,0.332814,1.10744,0.647527,-0.723122,0.240425,0.374957,0.0276713,-0.926629,0.663413,0.690166,0.289058
0.674556,0.259458,1.06658,0.647527,-0.761742,-0.0213962,0.374957,0.342928,-0.861282,0.663413,0.549681,0.507676
0.674556,0.2045,1.0031,0.647527,-0.708486,-0.280637,0.374957,0.616823,-0.692052,0.663413,0.342895,0.665061
0.674556,0.17457,0.924645,0.647527,-0.569775,-0.506029,0.374957,0.81632,-0.43935,0.663413,0.0947519,0.74223
0.627155,0.29394,0.976584,0.360731,-0.732795,-0.576961,0.548404,0.667027,-0.50431,0.754404,-0.134487,0.642485
0.627155,0.267684,0.93032,0.360731,-0.49127,-0.792797,0.548404,0.799284,-0.24576,0.754404,-0.34612,0.557741
0.627155,0.258834,0.877866,0.360731,-0.19049,-0.91301,0.548404,0.835136,0.0424325,0.754404,-0.516005,0.405725
0.627155,0.268459,0.825549,0.360731,0.133266,-0.9231,0.548404,0.770259,0.325507,0.754404,-0.623652,0.204773
0.627155,0.295397,0.779679,0.360731,0.440947,-0.821851,0.548404,0.612476,0.56932,0.754404,-0.656078,-0.0208778
0.627155,0.336399,0.745788,0.360731,0.695444,-0.621474,0.548404,0.380821,0.744466,0.754404,-0.609371,-0.24401
0.627155,0.38652,0.727965,0.360731,0.866061,-0.346139,0.548404,0.103232,0.829817,0.754404,-0.489165,-0.437712
0.627155,0.439713,0.728358,0.360731,0.932217,-0.0290536,0.548404,-0.186808,0.81508,0.754404,-0.309958,-0.578619
0.627155,0.489565,0.746922,0.360731,0.885934,0.291536,0.548404,-0.454316,0.702033,0.754404,-0.0933661,-0.649736
0.627155,0.53006,0.781416,0.360731,0.732795,0.576961,0.548404,-0.667027,0.50431,0.754404,0.134487,-0.642485
0.627155,0.556316,0.82768,0.360731,0.49127,0.792797,0.548404,-0.799284,0.24576,0.754404,0.34612,-0.557741
0.627155,0.565166,0.880134,0.360731,0.19049,0.91301,0.548404,-0.835136,-0.0424325,0.754404,0.516005,-0.405725
0.627155,0.555541,0.932451,0.360731,-0.133266,0.9231,0.548404,-0.770259,-0.325507,0.754404,0.623652,-0.204773
0.627155,0.528603,0.978321,0.360731,-0.440947,0.821851,0.548404,-0.612476,-0.56932,0.754404,0.656078,0.0208778
0.627155,0.487601,1.01221,0.360731,-0.695444,0.621474,0.548404,-0.380821,-0.744466,0.754404,0.609371,0.24401
0.627155,0.43748,1.03004,0.360731,-0.866061,0.346139,0.548404,-0.103232,-0.829817,0.754404,0.489165,0.437712
0.627155,0.384287,1.02964,0.360731,-0.932217,0.0290536,0.548404,0.186808,-0.81508,0.754404,0.309958,0.578619
0.627155,0.334435,1.01108,0.360731,-0.885934,-0.291536,0.548404,0.454316,-0.702033,0.754404,0.0933661,0.649736
0.627155,0.29394,0.976584,0.360731,-0.732795,-0.576961,0.548404,0.667027,-0.50431,0.754404,-0.134487,0.642485
0.627137,0.420977,1.03186,0.0304265,-0.796039,-0.60448,0.655705,0.472341,-0.589021,0.754404,-0.378438,0.536338
0.627137,0.368154,1.02571,0.0304265,-0.541288,-0.840287,0.655705,0.645312,-0.391948,0.754404,-0.539054,0.37456
0.627137,0.32062,1.00187,0.0304265,-0.221249,-0.974742,0.655705,0.740449,-0.147601,0.754404,-0.634652,0.167604
0.627137,0.284108,0.963204,0.0304265,0.125475,-0.99163,0.655705,0.746277,0.114549,0.754404,-0.653702,-0.059568
0.627137,0.263021,0.914384,0.0304265,0.457066,-0.888912,0.655705,0.662093,0.362883,0.754404,-0.593905,-0.279555
0.627137,0.259903,0.861296,0.0304265,0.733527,-0.678979,0.655705,0.498051,0.567447,0.754404,-0.462475,-0.465823
0.627137,0.275131,0.810344,0.0304265,0.921514,-0.38715,0.655705,0.273936,0.70357,0.754404,-0.275264,-0.595906
0.627137,0.306867,0.767672,0.0304265,0.998354,-0.0486259,0.655705,0.0167811,0.754831,0.754404,-0.0548511,-0.654115
0.627137,0.351284,0.738429,0.0304265,0.954776,0.295764,0.655705,-0.242398,0.715049,0.754404,0.172177,-0.633427
0.627137,0.403023,0.72614,0.0304265,0.796039,0.60448,0.655705,-0.472341,0.589021,0.754404,0.378438,-0.536338
0.627137,0.455846,0.732288,0.0304265,0.541288,0.840287,0.655705,-0.645312,0.391948,0.754404,0.539054,-0.37456
0.627137,0.50338,0.756132,0.0304265,0.221249,0.974742,0.655705,-0.740449,0.147601,0.754404,0.634652,-0.167604
0.627137,0.539892,0.794796,0.0304265,-0.125475,0.99163,0.655705,-0.746277,-0.114549,0.754404,0.653702,0.059568
0.627137,0.560979,0.843616,0.0304265,-0.457066,0.888912,0.655705,-0.662093,-0.362883,0.754404,0.593905,0.279555
0.627137,0.564097,0.896704,0.0304265,-0.733527,0.678979,0.655705,-0.498051,-0.567447,0.754404,0.462475,0.465823
0.627137,0.548869,0.947656,0.0304265,-0.921514,0.38715,0.655705,-0.273936,-0.70357,0.754404,0.275264,0.595906
0.627137,0.517133,0.990328,0.0304265,-0.998354,0.0486259,0.655705,-0.0167811,-0.754831,0.754404,0.0548511,0.654115
0.627137,0.472716,1.01957,0.0304265,-0.954776,-0.295764,0.655705,0.242398,-0.715049,0.754404,-0.172177,0.633427
0.627137,0.420977,1.03186,0.0304265,-0.796039,-0.60448,0.655705,0.472341,-0.589021,0.754404,-0.378438,0.536338
0.674504,0.540358,1.0838,-0.303548,-0.75188,-0.585265,0.683918,0.255745,-0.683265,0.663411,-0.607677,0.436593
0.674504,0.46257,1.11535,-0.303548,-0.506363,-0.807127,0.683918,0.474012,-0.554589,0.663411,-0.720353,0.202426
0.674504,0.378682,1.1184,-0.303548,-0.199772,-0.931638,0.683918,0.635106,-0.359022,0.663411,-0.746144,-0.0561576
0.674504,0.298813,1.09256,-0.303548,0.130915,-0.94378,0.683918,0.719597,-0.120151,0.663411,-0.681939,-0.307967
0.674504,0.232596,1.04097,-0.303548,0.445811,-0.842087,0.683918,0.717294,0.133212,0.663411,-0.535482,-0.522632
0.674504,0.188018,0.969844,-0.303548,0.706936,-0.638827,0.683918,0.628475,0.370507,0.663411,-0.324438,-0.674259
0.674504,0.170455,0.887759,-0.303548,0.882794,-0.358514,0.683918,0.463852,0.563114,0.663411,-0.0742622,-0.744561
0.674504,0.182026,0.804617,-0.303548,0.952175,-0.0349598,0.683918,0.243283,0.687801,0.663411,0.184871,-0.725057
0.674504,0.221336,0.730448,-0.303548,0.906708,0.292811,0.683918,-0.00663093,0.729529,0.663411,0.421706,-0.618101
0.674504,0.283642,0.674195,-0.303548,0.75188,0.585265,0.683918,-0.255745,0.683265,0.663411,0.607677,-0.436593
0.674504,0.36143,0.642646,-0.303548,0.506363,0.807127,0.683918,-0.474012,0.554589,0.663411,0.720353,-0.202426
0.674504,0.445318,0.639604,-0.303548,0.199772,0.931638,0.683918,-0.635106,0.359022,0.663411,0.746144,0.0561576
0.674504,0.525187,0.665436,-0.303548,-0.130915,0.94378,0.683918,-0.719597,0.120151,0.663411,0.681939,0.307967
0.674504,0.591404,0.717028,-0.303548,-0.445811,0.842087,0.683918,-0.717294,-0.133212,0.663411,0.535482,0.522632
0.674504,0.635982,0.788156,-0.303548,-0.706936,0.638827,0.683918,-0.628475,-0.370507,0.663411,0.324438,0.674259
0.674504,0.653545,0.870241,-0.303548,-0.882794,0.358514,0.683918,-0.463852,-0.563114,0.663411,0.0742622,0.744561
0.674504,0.641974,0.953383,-0.303548,-0.952175,0.0349598,0.683918,-0.243283,-0.687801,0.663411,-0.184871,0.725057
0.674504,0.602664,1.02755,-0.303548,-0.906708,-0.292811,0.683918,0.00663093,-0.729529,0.663411,-0.421706,0.618101
0.674504,0.540358,1.0838,-0.303548,-0.75188,-0.585265,0.683918,0.255745,-0.683265,0.663411,-0.607677,0.436593
0.763543,0.637684,1.12615,-0.60091,-0.605643,-0.521635,0.629641,0.0433624,-0.775675,0.492402,-0.794554,0.35528
0.763543,0.539543,1.18844,-0.60091,-0.390708,-0.697319,0.629641,0.306044,-0.714066,0.492402,-0.86815,0.0621007
0.763543,0.426018,1.2134,-0.60091,-0.128648,-0.788896,0.629641,0.531812,-0.566329,0.492402,-0.837034,-0.238569
0.763543,0.310802,1.19802,-0.60091,0.148928,-0.78532,0.629641,0.693436,-0.350285,0.492402,-0.704959,-0.510464
0.763543,0.207792,1.14417,-0.60091,0.408542,-0.687023,0.629641,0.771421,-0.091991,0.492402,-0.487856,-0.72079
0.763543,0.129412,1.05834,-0.60091,0.618879,-0.505861,0.629641,0.756361,0.177398,0.492402,-0.21191,-0.844177
0.763543,0.0851171,0.950872,-0.60091,0.754571,-0.263684,0.629641,0.650073,0.425391,0.492402,0.0895954,-0.865744
0.763543,0.0802489,0.834737,-0.60091,0.79925,0.0102963,0.629641,0.465377,0.622075,0.492402,0.380294,-0.78289
0.763543,0.115395,0.723941,-0.60091,0.747528,0.283035,0.629641,0.224549,0.743727,0.492402,0.625124,-0.605608
0.763543,0.186316,0.631847,-0.60091,0.605643,0.521635,0.629641,-0.0433624,0.775675,0.492402,0.794554,-0.35528
0.763543,0.284457,0.569564,-0.60091,0.390708,0.697319,0.629641,-0.306044,0.714066,0.492402,0.86815,-0.0621007
0.763543,0.397982,0.544603,-0.60091,0.128648,0.788896,0.629641,-0.531812,0.566329,0.492402,0.837034,0.238569
0.763543,0.513198,0.559975,-0.60091,-0.148928,0.78532,0.629641,-0.693436,0.350285,0.492402,0.704959,0.510464
0.763543,0.616208,0.613827,-0.60091,-0.408542,0.687023,0.629641,-0.771421,0.091991,0.492402,0.487856,0.72079
0.763543,0.694588,0.699662,-0.60091,-0.618879,0.505861,0.629641,-0.756361,-0.177398,0.492402,0.21191,0.844177
0.763543,0.738883,0.807128,-0.60091,-0.754571,0.263684,0.629641,-0.650073,-0.425391,0.492402,-0.0895954,0.865744
0.763543,0.743751,0.923263,-0.60091,-0.79925,-0.0102963,0.629641,-0.465377,-0.622075,0.492402,-0.380294,0.78289
0.763543,0.708605,1.03406,-0.60091,-0.747528,-0.283035,0.629641,-0.224549,-0.743727,0.492402,-0.625124,0.605608
0.763543,0.637684,1.12615,-0.60091,-0.605643,-0.521635,0.629641,0.0433624,-0.775675,0.492402,-0.794554,0.35528
0.883514,0.701217,1.1538,-0.825794,-0.374967,-0.421265,0.499419,-0.139189,-0.855106,0.262001,-0.91653,0.302207
0.883514,0.589789,1.23614,-0.825794,-0.208272,-0.524106,0.499419,0.161669,-0.851143,0.262001,-0.964617,-0.0294898
0.883514,0.456917,1.27541,-0.825794,-0.0164572,-0.563731,0.499419,0.443027,-0.744518,0.262001,-0.896357,-0.35763
0.883514,0.318628,1.26687,-0.825794,0.177343,-0.535363,0.499419,0.670949,-0.548094,0.262001,-0.719984,-0.642634
0.883514,0.1916,1.21154,-0.825794,0.349753,-0.442422,0.499419,0.817945,-0.285562,0.262001,-0.45677,-0.850128
0.883514,0.0911559,1.11611,-0.825794,0.479977,-0.296118,0.499419,0.866285,0.0114131,0.262001,-0.138462,-0.955083
0.883514,0.0294103,0.992071,-0.825794,0.552309,-0.114098,0.499419,0.810138,0.307012,0.262001,0.196546,-0.944841
0.883514,0.0138107,0.854399,-0.825794,0.558025,0.0816837,0.499419,0.656277,0.56558,0.262001,0.507847,-0.820638
0.883514,0.0462386,0.719694,-0.825794,0.496434,0.267613,0.499419,0.423259,0.755932,0.262001,0.757895,-0.597453
0.883514,0.122783,0.604203,-0.825794,0.374967,0.421265,0.499419,0.139189,0.855106,0.262001,0.91653,-0.302207
0.883514,0.234211,0.521857,-0.825794,0.208272,0.524106,0.499419,-0.161669,0.851143,0.262001,0.964617,0.0294898
0.883514,0.367083,0.482588,-0.825794,0.0164572,0.563731,0.499419,-0.443027,0.744518,0.262001,0.896357,0.35763
0.883514,0.505372,0.491132,-0.825794,-0.177343,0.535363,0.499419,-0.670949,0.548094,0.262001,0.719984,0.642634
0.883514,0.6324,0.546459,-0.825794,-0.349753,0.442422,0.499419,-0.817945,0.285562,0.262001,0.45677,0.850128
0.883514,0.732844,0.641895,-0.825794,-0.479977,0.296118,0.499419,-0.866285,-0.0114131,0.262001,0.138462,0.955083
0.883514,0.79459,0.765929,-0.825794,-0.552309,0.114098,0.499419,-0.810138,-0.307012,0.262001,-0.196546,0.944841
0.883514,0.810189,0.903601,-0.825794,-0.558025,-0.0816837,0.499419,-0.656277,-0.56558,0.262001,-0.507847,0.820638
0.883514,0.777761,1.03831,-0.825794,-0.496434,-0.267613,0.499419,-0.423259,-0.755932,0.262001,-0.757895,0.597453
0.883514,0.701217,1.1538,-0.825794,-0.374967,-0.421265,0.499419,-0.139189,-0.855106,0.262001,-0.91653,0.302207
0.875863,0.0519597,0.71352,0.985232,-0.0060874,-0.171119,-0.00862081,0.996337,-0.0850787,0.17101,0.0852974,0.98157
0.875863,0.13027,0.600358,0.985232,0.0528059,-0.162881,-0.00862081,0.965349,0.260819,0.17101,-0.255563,0.951548
0.875863,0.242562,0.520805,0.985232,0.10533,-0.134998,-0.00862081,0.817926,0.575259,0.17101,-0.565599,0.806754
0.875863,0.37529,0.484456,0.985232,0.14515,-0.0908313,-0.00862081,0.571849,0.820314,0.17101,-0.807416,0.564655
0.875863,0.512446,0.495694,0.985232,0.167462,-0.0357094,-0.00862081,0.256798,0.966427,0.17101,-0.951846,0.254449
0.875863,0.637487,0.553165,0.985232,0.169576,0.0237196,-0.00862081,-0.0892259,0.995974,0.17101,-0.98147,-0.0864463
0.875863,0.73533,0.649936,0.985232,0.151237,0.0802877,-0.00862081,-0.424488,0.905392,0.17101,-0.892713,-0.416915
0.875863,0.794176,0.774336,0.985232,0.114656,0.127172,-0.00862081,-0.708551,0.705607,0.17101,-0.696283,-0.697098
0.875863,0.806925,0.91136,0.985232,0.0642464,0.158717,-0.00862081,-0.907152,0.420715,0.17101,-0.41587,-0.893201
0.875863,0.77204,1.04448,0.985232,0.0060874,0.171119,-0.00862081,-0.996337,0.0850787,0.17101,-0.0852974,-0.98157
0.875863,0.69373,1.15764,0.985232,-0.0528059,0.162881,-0.00862081,-0.965349,-0.260819,0.17101,0.255563,-0.951548
0.875863,0.581438,1.23719,0.985232,-0.10533,0.134998,-0.00862081,-0.817926,-0.575259,0.17101,0.565599,-0.806754
0.875863,0.44871,1.27354,0.985232,-0.14515,0.0908313,-0.00862081,-0.571849,-0.820314,0.17101,0.807416,-0.564655
0.875863,0.311554,1.26231,0.985232,-0.167462,0.0357094,-0.00862081,-0.256798,-0.966427,0.17101,0.951846,-0.254449
0.875863,0.186513,1.20484,0.985232,-0.169576,-0.0237196,-0.00862081,0.0892259,-0.995974,0.17101,0.98147,0.0864463
0.875863,0.0886697,1.10806,0.985232,-0.151237,-0.0802877,-0.00862081,0.424488,-0.905392,0.17101,0.892713,0.416915
0.875863,0.0298244,0.983664,0.985232,-0.114656,-0.127172,-0.00862081,0.708551,-0.705607,0.17101,0.696283,0.697098
0.875863,0.0170752,0.84664,0.985232,-0.0642464,-0.158717,-0.00862081,0.907152,-0.420715,0.17101,0.41587,0.893201
0.875863,0.0519597,0.71352,0.985232,-0.0060874,-0.171119,-0.00862081,0.996337,-0.0850787,0.17101,0.0852974,0.98157
0.749059,0.119072,0.742721,0.900555,-0.31099,-0.303787,0.292759,0.950396,-0.105068,0.321393,0.00568349,0.946929
0.749059,0.183347,0.650752,0.900555,-0.188334,-0.391831,0.292759,0.929016,0.226323,0.321393,-0.318528,0.891766
0.749059,0.275202,0.586313,0.900555,-0.0429619,-0.432614,0.292759,0.795582,0.530416,0.321393,-0.60432,0.729043
0.749059,0.383557,0.557177,0.900555,0.107592,-0.421218,0.292759,0.56619,0.770533,0.321393,-0.817223,0.478387
0.749059,0.495342,0.566857,0.900555,0.245169,-0.359017,0.292759,0.268507,0.917713,0.321393,-0.931556,0.17003
0.749059,0.597075,0.614186,0.900555,0.353174,-0.253513,0.292759,-0.0615626,0.954202,0.321393,-0.93353,-0.158835
0.749059,0.676485,0.693456,0.900555,0.418582,-0.117432,0.292759,-0.384206,0.875601,0.321393,-0.822906,-0.468542
0.749059,0.723995,0.795105,0.900555,0.433502,0.0328135,0.292759,-0.660509,0.69139,0.321393,-0.613028,-0.721736
0.749059,0.733873,0.906873,0.900555,0.396136,0.179101,0.292759,-0.857145,0.423786,0.321393,-0.32921,-0.887878
0.749059,0.704928,1.01528,0.900555,0.31099,0.303787,0.292759,-0.950396,0.105068,0.321393,-0.00568349,-0.946929
0.749059,0.640653,1.10725,0.900555,0.188334,0.391831,0.292759,-0.929016,-0.226323,0.321393,0.318528,-0.891766
0.749059,0.548798,1.17169,0.900555,0.0429619,0.432614,0.292759,-0.795582,-0.530416,0.321393,0.60432,-0.729043
0.749059,0.440443,1.20082,0.900555,-0.107592,0.421218,0.292759,-0.56619,-0.770533,0.321393,0.817223,-0.478387
0.749059,0.328658,1.19114,0.900555,-0.245169,0.359017,0.292759,-0.268507,-0.917713,0.321393,0.931556,-0.17003
0.749059,0.226925,1.14381,0.900555,-0.353174,0.253513,0.292759,0.0615626,-0.954202,0.321393,0.93353,0.158835
0.749059,0.147515,1.06454,0.900555,-0.418582,0.117432,0.292759,0.384206,-0.875601,0.321393,0.822906,0.468542
0.749059,0.100005,0.962895,0.900555,-0.433502,-0.0328135,0.292759,0.660509,-0.69139,0.321393,0.613028,0.721736
0.749059,0.0901271,0.851127,0.900555,-0.396136,-0.179101,0.292759,0.857145,-0.423786,0.321393,0.32921,0.887878
0.749059,0.119072,0.742721,0.900555,-0.31099,-0.303787,0.292759,0.950396,-0.105068,0.321393,0.00568349,0.946929
0.654934,0.221904,0.787465,0.707258,-0.570948,-0.416898,0.558827,0.812708,-0.164978,0.433011,-0.116292,0.893856
0.654934,0.264675,0.727969,0.707258,-0.393928,-0.587032,0.558827,0.820122,0.122933,0.433011,-0.414995,0.800175
0.654934,0.325216,0.686689,0.707258,-0.169395,-0.686361,0.558827,0.728616,0.396018,0.433011,-0.663644,0.609982
0.654934,0.396224,0.668605,0.707258,0.0755703,-0.702905,0.558827,0.549229,0.621336,0.433011,-0.832248,0.346216
0.654934,0.469135,0.675897,0.707258,0.31142,-0.634668,0.558827,0.303597,0.771713,0.433011,-0.90047,0.0406913
0.654934,0.535154,0.707687,0.707258,0.509709,-0.489881,0.558827,0.0213468,0.829009,0.433011,-0.860082,-0.269742
0.654934,0.58632,0.76014,0.707258,0.646519,-0.286007,0.558827,-0.263478,0.786315,0.433011,-0.715956,-0.54764
0.654934,0.61646,0.826929,0.707258,0.705349,-0.047636,0.558827,-0.516524,0.648779,0.433011,-0.485475,-0.759484
0.654934,0.621939,0.899998,0.707258,0.679104,0.19648,0.558827,-0.70727,0.432991,0.433011,-0.196438,-0.879724
0.654934,0.602096,0.970535,0.707258,0.570948,0.416898,0.558827,-0.812708,0.164978,0.433011,0.116292,-0.893856
0.654934,0.559325,1.03003,0.707258,0.393928,0.587032,0.558827,-0.820122,-0.122933,0.433011,0.414995,-0.800175
0.654934,0.498784,1.07131,0.707258,0.169395,0.686361,0.558827,-0.728616,-0.396018,0.433011,0.663644,-0.609982
0.654934,0.427776,1.0894,0.707258,-0.0755703,0.702905,0.558827,-0.549229,-0.621336,0.433011,0.832248,-0.346216
0.654934,0.354865,1.0821,0.707258,-0.31142,0.634668,0.558827,-0.303597,-0.771713,0.433011,0.90047,-0.0406913
0.654934,0.288846,1.05031,0.707258,-0.509709,0.489881,0.558827,-0.0213468,-0.829009,0.433011,0.860082,0.269742
0.654934,0.23768,0.99786,0.707258,-0.646519,0.286007,0.558827,0.263478,-0.786315,0.433011,0.715956,0.54764
0.654934,0.20754,0.931071,0.707258,-0.705349,0.047636,0.558827,0.516524,-0.648779,0.433011,0.485475,0.759484
