0.658953,0.544467,1.07428,0.308961,0.730636,-0.608863,0.951075,-0.237352,0.197789,-3.49349e-06,-0.640184,-0.768222
0.907818,0.337614,1.30783,0.92986,-0.359473,-0.0783617,-0.179072,-0.256141,-0.949908,0.321394,0.897313,-0.302546
0.907818,0.204587,1.26061,0.92986,-0.310993,-0.196583,-0.179072,0.0841942,-0.980227,0.321394,0.946676,0.0225986
0.907818,0.0957325,1.17074,0.92986,-0.225002,-0.291093,-0.179072,0.414374,-0.892316,0.321394,0.881855,0.345018
0.907818,0.0241804,1.04906,0.92986,-0.111873,-0.350493,-0.179072,0.694574,-0.696778,0.321394,0.71067,0.625823
0.907818,-0.00143929,0.910241,0.92986,0.0147494,-0.367619,-0.179072,0.890998,-0.417199,0.321394,0.453767,0.831145
0.907818,0.0219636,0.771035,0.92986,0.139593,-0.340404,-0.179072,0.979955,-0.0872995,0.321394,0.142133,0.936218
0.907818,0.0915664,0.648228,0.92986,0.2476,-0.272132,-0.179072,0.950715,0.25313,0.321394,-0.186644,0.928369
0.907818,0.198974,0.556634,0.92986,0.325742,-0.171036,-0.179072,0.806804,0.563028,0.321394,-0.492909,0.808546
0.907818,0.331231,0.507298,0.92986,0.364595,-0.049311,-0.179072,0.565581,0.805016,0.321394,-0.739722,0.5912
0.907818,0.472386,0.506173,0.92986,0.359473,0.0783617,-0.179072,0.256141,0.949908,0.321394,-0.897313,0.302546
0.907818,0.605413,0.553393,0.92986,0.310993,0.196583,-0.179072,-0.0841942,0.980227,0.321394,-0.946676,-0.0225986
0.907818,0.714267,0.643263,0.92986,0.225002,0.291093,-0.179072,-0.414374,0.892316,0.321394,-0.881855,-0.345018
0.907818,0.78582,0.764944,0.92986,0.111873,0.350493,-0.179072,-0.694574,0.696778,0.321394,-0.71067,-0.625823
0.907818,0.811439,0.903759,0.92986,-0.0147494,0.367619,-0.179072,-0.890998,0.417199,0.321394,-0.453767,-0.831145
0.907818,0.788036,1.04297,0.92986,-0.139593,0.340404,-0.179072,-0.979955,0.0872995,0.321394,-0.142133,-0.936218
0.907818,0.718434,1.16577,0.92986,-0.2476,0.272132,-0.179072,-0.950715,-0.25313,0.321394,0.186644,-0.928369
0.907818,0.611026,1.25737,0.92986,-0.325742,0.171036,-0.179072,-0.806804,-0.563028,0.321394,0.492909,-0.808546
0.907818,0.478769,1.3067,0.92986,-0.364595,0.049311,-0.179072,-0.565581,-0.805016,0.321394,0.739722,-0.5912
0.907818,0.337614,1.30783,0.92986,-0.359473,-0.0783617,-0.179072,-0.256141,-0.949908,0.321394,0.897313,-0.302546
0.809114,0.381376,1.27136,0.796489,-0.593321,0.116512,-0.0275851,-0.228147,-0.973236,0.604023,0.771958,-0.198084
0.809114,0.258183,1.24131,0.796489,-0.597389,-0.0934426,-0.0275851,0.118478,-0.992573,0.604023,0.793152,0.0778875
0.809114,0.152698,1.17093,0.796489,-0.529402,-0.292126,-0.0275851,0.450813,-0.892192,0.604023,0.71868,0.344464
0.809114,0.0776442,1.06872,0.796489,-0.397562,-0.455575,-0.0275851,0.728773,-0.684199,0.604023,0.557524,0.569493
0.809114,0.0420745,0.947005,0.796489,-0.217771,-0.564075,-0.0275851,0.918833,-0.393682,0.604023,0.329123,0.725833
0.809114,0.0502789,0.820465,0.796489,-0.0117125,-0.604539,-0.0275851,0.998068,-0.0556805,0.604023,0.0610252,0.794627
0.809114,0.101268,0.704362,0.796489,0.195758,-0.572087,-0.0275851,0.956921,0.289037,0.604023,-0.214434,0.767577
0.809114,0.188892,0.6127,0.796489,0.379618,-0.470632,-0.0275851,0.800355,0.598892,0.604023,-0.464028,0.647946
0.809114,0.302581,0.556535,0.796489,0.51769,-0.312413,-0.0275851,0.547255,0.836512,0.604023,-0.657655,0.450163
0.809114,0.428624,0.542641,0.796489,0.593321,-0.116512,-0.0275851,0.228147,0.973236,0.604023,-0.771958,0.198084
0.809114,0.551817,0.572695,0.796489,0.597389,0.0934426,-0.0275851,-0.118478,0.992573,0.604023,-0.793152,-0.0778875
0.809114,0.657302,0.64307,0.796489,0.529402,0.292126,-0.0275851,-0.450813,0.892192,0.604023,-0.71868,-0.344464
0.809114,0.732356,0.745279,0.796489,0.397562,0.455575,-0.0275851,-0.728773,0.684199,0.604023,-0.557524,-0.569493
0.809114,0.767926,0.866995,0.796489,0.217771,0.564075,-0.0275851,-0.918833,0.393682,0.604023,-0.329123,-0.725833
0.809114,0.759721,0.993535,0.796489,0.0117125,0.604539,-0.0275851,-0.998068,0.0556805,0.604023,-0.0610252,-0.794627
0.809114,0.708732,1.10964,0.796489,-0.195758,0.572087,-0.0275851,-0.956921,-0.289037,0.604023,0.214434,-0.767577
0.809114,0.621108,1.2013,0.796489,-0.379618,0.470632,-0.0275851,-0.800355,-0.598892,0.604023,0.464028,-0.647946
0.809114,0.507419,1.25747,0.796489,-0.51769,0.312413,-0.0275851,-0.547255,-0.836512,0.604023,0.657655,-0.450163
0.809114,0.381376,1.27136,0.796489,-0.593321,0.116512,-0.0275851,-0.228147,-0.973236,0.604023,0.771958,-0.198084
0.735846,0.448433,1.21548,0.567051,-0.778023,0.270431,0.127229,-0.241645,-0.961988,0.813797,0.579903,-0.0380376
0.735846,0.340308,1.21173,0.567051,-0.823596,-0.0119781,0.127229,0.101947,-0.98662,0.813797,0.55794,0.162595
0.735846,0.239986,1.17123,0.567051,-0.76983,-0.292942,0.127229,0.433243,-0.892252,0.813797,0.468681,0.343616
0.735846,0.159567,1.09885,0.567051,-0.623211,-0.538573,0.127229,0.712283,-0.690264,0.813797,0.322893,0.483192
0.735846,0.108751,1.00334,0.567051,-0.401424,-0.719244,0.127229,0.905412,-0.405021,0.813797,0.138159,0.564488
0.735846,0.0936665,0.896207,0.567051,-0.13122,-0.813163,0.127229,0.989334,-0.0709263,0.813797,-0.0632393,0.577698
0.735846,0.116134,0.790376,0.567051,0.154812,-0.809003,0.127229,0.953928,0.271723,0.813797,-0.25701,0.521229
0.735846,0.173442,0.698611,0.567051,0.422171,-0.707266,0.127229,0.803465,0.581599,0.813797,-0.419781,0.401893
0.735846,0.25868,0.631981,0.567051,0.63861,-0.520221,0.127229,0.556091,0.821325,0.813797,-0.531921,0.234082
0.735846,0.361567,0.598522,0.567051,0.778023,-0.270431,0.127229,0.241645,0.961988,0.813797,-0.579903,0.0380376
0.735846,0.469692,0.602271,0.567051,0.823596,0.0119781,0.127229,-0.101947,0.98662,0.813797,-0.55794,-0.162595
0.735846,0.570014,0.642774,0.567051,0.76983,0.292942,0.127229,-0.433243,0.892252,0.813797,-0.468681,-0.343616
0.735846,0.650433,0.715147,0.567051,0.623211,0.538573,0.127229,-0.712283,0.690264,0.813797,-0.322893,-0.483192
0.735846,0.701249,0.81066,0.567051,0.401424,0.719244,0.127229,-0.905412,0.405021,0.813797,-0.138159,-0.564488
0.735846,0.716333,0.917793,0.567051,0.13122,0.813163,0.127229,-0.989334,0.0709263,0.813797,0.0632393,-0.577698
0.735846,0.693866,1.02362,0.567051,-0.154812,0.809003,0.127229,-0.953928,-0.271723,0.813797,0.25701,-0.521229
0.735846,0.636558,1.11539,0.567051,-0.422171,0.707266,0.127229,-0.803465,-0.581599,0.813797,0.419781,-0.401893
0.735846,0.55132,1.18202,0.567051,-0.63861,0.520221,0.127229,-0.556091,-0.821325,0.813797,0.531921,-0.234082
0.735846,0.448433,1.21548,0.567051,-0.778023,0.270431,0.127229,-0.241645,-0.961988,0.813797,0.579903,-0.0380376
0.696852,0.530697,1.14692,0.269218,-0.891303,0.36483,0.266698,-0.295005,-0.917521,0.925416,0.344312,0.158288
0.696852,0.441058,1.17545,0.269218,-0.96233,0.0379845,0.266698,0.036596,-0.963085,0.925416,0.26941,0.266504
0.696852,0.347069,1.17159,0.269218,-0.917286,-0.293442,0.266698,0.363784,-0.892487,0.925416,0.162013,0.342575
0.696852,0.260068,1.13582,0.269218,-0.761604,-0.589476,0.266698,0.647093,-0.714243,0.925416,0.0350748,0.377327
0.696852,0.190548,1.07245,0.269218,-0.514061,-0.81441,0.266698,0.852354,-0.449849,0.925416,-0.0960939,0.366568
0.696852,0.146893,0.989125,0.269218,-0.204514,-0.941114,0.266698,0.954809,-0.131198,0.925416,-0.215672,0.311595
0.696852,0.134371,0.895895,0.269218,0.129699,-0.954306,0.266698,0.942099,0.203278,0.925416,-0.309237,0.219039
0.696852,0.15449,0.804004,0.269218,0.448269,-0.852394,0.266698,0.815758,0.513236,0.925416,-0.365504,0.100064
0.696852,0.204824,0.724536,0.269218,0.712772,-0.647672,0.266698,0.591025,0.76129,0.925416,-0.377685,-0.0309802
0.696852,0.279303,0.667075,0.269218,0.891303,-0.36483,0.266698,0.295005,0.917521,0.925416,-0.344312,-0.158288
0.696852,0.368942,0.638554,0.269218,0.96233,-0.0379845,0.266698,-0.036596,0.963085,0.925416,-0.26941,-0.266504
0.696852,0.462931,0.64241,0.269218,0.917286,0.293442,0.266698,-0.363784,0.892487,0.925416,-0.162013,-0.342575
0.696852,0.549932,0.678181,0.269218,0.761604,0.589476,0.266698,-0.647093,0.714243,0.925416,-0.0350748,-0.377327
0.696852,0.619452,0.74155,0.269218,0.514061,0.81441,0.266698,-0.852354,0.449849,0.925416,0.0960939,-0.366568
0.696852,0.663107,0.824875,0.269218,0.204514,0.941114,0.266698,-0.954809,0.131198,0.925416,0.215672,-0.311595
0.696852,0.675629,0.918105,0.269218,-0.129699,0.954306,0.266698,-0.942099,-0.203278,0.925416,0.309237,-0.219039
0.696852,0.65551,1.01,0.269218,-0.448269,0.852394,0.266698,-0.815758,-0.513236,0.925416,0.365504,-0.100064
0.696852,0.605176,1.08946,0.269218,-0.712772,0.647672,0.266698,-0.591025,-0.76129,0.925416,0.377685,0.0309802
0.696852,0.530697,1.14692,0.269218,-0.891303,0.36483,0.266698,-0.295005,-0.917521,0.925416,0.344312,0.158288
0.696834,0.618246,1.07397,-0.061087,-0.919496,0.388324,0.373999,-0.381793,-0.845198,0.925415,0.0936022,0.367213
0.696834,0.548279,1.13683,-0.061087,-0.996858,0.0504193,0.373999,-0.0696935,-0.924807,0.925415,-0.037637,0.377081
0.696834,0.461031,1.17198,-0.061087,-0.953985,-0.293567,0.373999,0.250812,-0.892871,0.925415,-0.164337,0.341468
0.696834,0.367025,1.17516,-0.061087,-0.796047,-0.602145,0.373999,0.541066,-0.753241,0.925415,-0.271215,0.264668
0.696834,0.277599,1.146,-0.061087,-0.542093,-0.838095,0.373999,0.766059,-0.52276,0.925415,-0.34538,0.155946
0.696834,0.203539,1.08801,-0.061087,-0.222756,-0.972958,0.373999,0.898655,-0.229226,0.925415,-0.377888,0.0284143
0.696834,0.153779,1.00819,-0.061087,0.123449,-0.990469,0.373999,0.922859,0.0919563,0.925415,-0.364817,-0.102545
0.696834,0.13432,0.916167,-0.061087,0.454765,-0.888514,0.373999,0.835753,0.402047,0.925415,-0.307743,-0.221135
0.696834,0.147508,0.823036,-0.061087,0.731229,-0.679391,0.373999,0.647843,0.663645,0.925415,-0.213551,-0.313053
0.696834,0.191754,0.740033,-0.061087,0.919496,-0.388324,0.373999,0.381793,0.845198,0.925415,-0.0936022,-0.367213
0.696834,0.261721,0.677168,-0.061087,0.996858,-0.0504193,0.373999,0.0696935,0.924807,0.925415,0.037637,-0.377081
0.696834,0.348969,0.642024,-0.061087,0.953985,0.293567,0.373999,-0.250812,0.892871,0.925415,0.164337,-0.341468
0.696834,0.442975,0.63884,-0.061087,0.796047,0.602145,0.373999,-0.541066,0.753241,0.925415,0.271215,-0.264668
0.696834,0.532401,0.668,-0.061087,0.542093,0.838095,0.373999,-0.766059,0.52276,0.925415,0.34538,-0.155946
0.696834,0.606461,0.725987,-0.061087,0.222756,0.972958,0.373999,-0.898655,0.229226,0.925415,0.377888,-0.0284143
0.696834,0.656221,0.805807,-0.061087,-0.123449,0.990469,0.373999,-0.922859,-0.0919563,0.925415,0.364817,0.102545
0.696834,0.67568,0.897833,-0.061087,-0.454765,0.888514,0.373999,-0.835753,-0.402047,0.925415,0.307743,0.221135
0.696834,0.662492,0.990964,-0.061087,-0.731229,0.679391,0.373999,-0.647843,-0.663645,0.925415,0.213551,0.313053
0.696834,0.618246,1.07397,-0.061087,-0.919496,0.388324,0.373999,-0.381793,-0.845198,0.925415,0.0936022,0.367213
0.735794,0.700519,1.00541,-0.384024,-0.859202,0.338079,0.43619,-0.49154,-0.753742,0.813796,-0.141988,0.563538
0.735794,0.64904,1.10055,-0.384024,-0.923016,0.0238262,0.43619,-0.204101,-0.876402,0.813796,-0.326167,0.48099
0.735794,0.568127,1.17234,-0.384024,-0.8755,-0.293301,0.43619,0.107955,-0.893356,0.813796,-0.471005,0.340427
0.735794,0.467537,1.21213,-0.384024,-0.722386,-0.575051,0.43619,0.40699,-0.802557,0.813796,-0.559032,0.158804
0.735794,0.359405,1.21512,-0.384024,-0.482142,-0.787442,0.43619,0.656936,-0.614958,0.813796,-0.579633,-0.0419737
0.735794,0.256772,1.18094,-0.384024,-0.183744,-0.904856,0.43619,0.827646,-0.353186,0.813796,-0.530321,-0.237688
0.735794,0.172018,1.11372,-0.384024,0.136816,-0.91313,0.43619,0.89853,-0.0488148,0.813796,-0.417044,-0.404734
0.735794,0.115365,1.02157,-0.384024,0.440874,-0.811268,0.43619,0.861037,0.261444,0.813796,-0.253466,-0.522964
0.735794,0.0936457,0.915602,-0.384024,0.691756,-0.611555,0.43619,0.719691,0.540169,0.813796,-0.0593162,-0.578116
0.735794,0.109481,0.808594,-0.384024,0.859202,-0.338079,0.43619,0.49154,0.753742,0.813796,0.141988,-0.563538
0.735794,0.16096,0.713455,-0.384024,0.923016,-0.0238262,0.43619,0.204101,0.876402,0.813796,0.326167,-0.48099
0.735794,0.241873,0.64166,-0.384024,0.8755,0.293301,0.43619,-0.107955,0.893356,0.813796,0.471005,-0.340427
0.735794,0.342463,0.60187,-0.384024,0.722386,0.575051,0.43619,-0.40699,0.802557,0.813796,0.559032,-0.158804
0.735794,0.450595,0.598882,-0.384024,0.482142,0.787442,0.43619,-0.656936,0.614958,0.813796,0.579633,0.0419737
0.735794,0.553228,0.633058,-0.384024,0.183744,0.904856,0.43619,-0.827646,0.353186,0.813796,0.530321,0.237688
0.735794,0.637982,0.700276,-0.384024,-0.136816,0.91313,0.43619,-0.89853,0.0488148,0.813796,0.417044,0.404734
0.735794,0.694635,0.792427,-0.384024,-0.440874,0.811268,0.43619,-0.861037,-0.261444,0.813796,0.253466,0.522964
0.735794,0.716354,0.898398,-0.384024,-0.691756,0.611555,0.43619,-0.719691,-0.540169,0.813796,0.0593162,0.578116
0.735794,0.700519,1.00541,-0.384024,-0.859202,0.338079,0.43619,-0.49154,-0.753742,0.813796,-0.141988,0.563538
0.809034,0.767594,0.94951,-0.660642,-0.717694,0.220156,0.44577,-0.611008,-0.654185,0.604021,-0.334043,0.723584
0.809034,0.731188,1.07096,-0.660642,-0.749709,-0.0385871,0.44577,-0.350416,-0.82371,0.604021,-0.561378,0.565697
0.809034,0.655438,1.17264,-0.660642,-0.691298,-0.292676,0.44577,-0.0475576,-0.893883,0.604021,-0.721003,0.339579
0.809034,0.549482,1.24227,-0.660642,-0.549507,-0.511463,0.44577,0.261037,-0.856241,0.604021,-0.793664,0.0725022
0.809034,0.426099,1.27147,-0.660642,-0.341437,-0.668561,0.44577,0.538146,-0.715324,0.604021,-0.770597,-0.203319
0.809034,0.300172,1.2567,-0.660642,-0.0921847,-0.74502,0.44577,0.750347,-0.488128,0.604021,-0.654585,-0.454617
0.809034,0.186888,1.19976,-0.660642,0.168186,-0.731619,0.44577,0.872045,-0.202056,0.604021,-0.459621,-0.651082
0.809034,0.0999115,1.10751,-0.660642,0.408272,-0.629973,0.44577,0.888561,0.108386,0.604021,-0.209219,-0.769016
0.809034,0.0497334,0.991068,-0.660642,0.599114,-0.452344,0.44577,0.797904,0.405756,0.604021,0.0664175,-0.794196
0.809034,0.0424057,0.86449,-0.660642,0.717694,-0.220156,0.44577,0.611008,0.654185,0.604021,0.334043,-0.723584
0.809034,0.0788122,0.743039,-0.660642,0.749709,0.0385871,0.44577,0.350416,0.82371,0.604021,0.561378,-0.565697
0.809034,0.154562,0.641364,-0.660642,0.691298,0.292676,0.44577,0.0475576,0.893883,0.604021,0.721003,-0.339579
0.809034,0.260518,0.571729,-0.660642,0.549507,0.511463,0.44577,-0.261037,0.856241,0.604021,0.793664,-0.0725022
0.809034,0.383901,0.542532,-0.660642,0.341437,0.668561,0.44577,-0.538146,0.715324,0.604021,0.770597,0.203319
0.809034,0.509828,0.557296,-0.660642,0.0921847,0.74502,0.44577,-0.750347,0.488128,0.604021,0.654585,0.454617
0.809034,0.623112,0.614239,-0.660642,-0.168186,0.731619,0.44577,-0.872045,0.202056,0.604021,0.459621,0.651082
0.809034,0.710089,0.706494,-0.660642,-0.408272,0.629973,0.44577,-0.888561,-0.108386,0.604021,0.209219,0.769016
0.809034,0.760267,0.822932,-0.660642,-0.599114,0.452344,0.44577,-0.797904,-0.405756,0.604021,-0.0664175,0.794196
0.809034,0.767594,0.94951,-0.660642,-0.717694,0.220156,0.44577,-0.611008,-0.654185,0.604021,-0.334043,0.723584
0.90772,0.811381,0.913022,-0.857576,-0.512039,0.0487764,0.401584,-0.725789,-0.558534,0.321392,-0.459398,0.828046
0.90772,0.784813,1.05165,-0.857576,-0.497841,-0.129293,0.401584,-0.490989,-0.773085,0.321392,-0.714901,0.620986
0.90772,0.712435,1.17283,-0.857576,-0.423597,-0.291767,0.401584,-0.196968,-0.89439,0.321392,-0.884177,0.339025
0.90772,0.602975,1.26195,-0.857576,-0.298261,-0.41905,0.401584,0.12081,-0.907819,0.321392,-0.946808,0.0161729
0.90772,0.469637,1.30825,-0.857576,-0.13695,-0.49579,0.401584,0.424017,-0.811751,0.321392,-0.89524,-0.30863
0.90772,0.328502,1.30616,-0.857576,0.0408792,-0.512729,0.401584,0.676081,-0.617775,0.321392,-0.735693,-0.596207
0.90772,0.196595,1.25593,-0.857576,0.213778,-0.467827,0.401584,0.846599,-0.349285,0.321392,-0.48741,-0.811873
0.90772,0.0898236,1.1636,-0.857576,0.360891,-0.366497,0.401584,0.915006,-0.0386665,0.321392,-0.180339,-0.929615
0.90772,0.0210676,1.04033,-0.857576,0.464476,-0.220962,0.401584,0.873049,0.276616,0.321392,0.148484,-0.935232
0.90772,-0.00138061,0.900978,-0.857576,0.512039,-0.0487764,0.401584,0.725789,0.558534,0.321392,0.459398,-0.828046
0.90772,0.0251867,0.762351,-0.857576,0.497841,0.129293,0.401584,0.490989,0.773085,0.321392,0.714901,-0.620986
0.90772,0.0975651,0.641171,-0.857576,0.423597,0.291767,0.401584,0.196968,0.89439,0.321392,0.884177,-0.339025
0.90772,0.207025,0.552053,-0.857576,0.298261,0.41905,0.401584,-0.12081,0.907819,0.321392,0.946808,-0.0161729
0.90772,0.340363,0.505748,-0.857576,0.13695,0.49579,0.401584,-0.424017,0.811751,0.321392,0.89524,0.30863
0.90772,0.481498,0.507839,-0.857576,-0.0408792,0.512729,0.401584,-0.676081,0.617775,0.321392,0.735693,0.596207
0.90772,0.613405,0.558075,-0.857576,-0.213778,0.467827,0.401584,-0.846599,0.349285,0.321392,0.48741,0.811873
0.90772,0.720176,0.650397,-0.857576,-0.360891,0.366497,0.401584,-0.915006,0.0386665,0.321392,0.180339,0.929615
0.90772,0.788932,0.773668,-0.857576,-0.464476,0.220962,0.401584,-0.873049,-0.276616,0.321392,-0.148484,0.935232
0.90772,0.811381,0.913022,-0.857576,-0.512039,0.0487764,0.401584,-0.725789,-0.558534,0.321392,-0.459398,0.828046
0.883612,0.204453,1.25192,0.961642,-0.258045,-0.093048,-0.0812368,0.0560865,-0.995116,0.262003,0.964504,0.0329724
0.883612,0.0985787,1.16252,0.961642,-0.210658,-0.175693,-0.0812368,0.393054,-0.91592,0.262003,0.89506,0.360864
0.883612,0.0296638,1.04231,0.961642,-0.137864,-0.237147,-0.0812368,0.682613,-0.726251,0.262003,0.717658,0.645229
0.883612,0.0060199,0.905779,0.961642,-0.0484404,-0.269997,-0.0812368,0.889839,-0.448985,0.262003,0.453697,0.851771
0.883612,0.0304989,0.769394,0.961642,0.0468254,-0.270282,-0.0812368,0.989737,-0.117566,0.262003,0.135013,0.955576
0.883612,0.100148,0.649605,0.961642,0.136443,-0.237967,-0.0812368,0.970258,0.228034,0.262003,-0.199956,0.944125
0.883612,0.206567,0.560863,0.961642,0.209604,-0.176949,-0.0812368,0.833752,0.54613,0.262003,-0.510807,0.818798
0.883612,0.33692,0.513869,0.961642,0.257484,-0.094589,-0.0812368,0.596683,0.798354,0.262003,-0.760047,0.594713
0.883612,0.475485,0.514293,0.961642,0.274307,-0.000819952,-0.0812368,0.287645,0.954285,0.262003,-0.917614,0.298896
0.883612,0.605547,0.562084,0.961642,0.258045,0.093048,-0.0812368,-0.0560865,0.995116,0.262003,-0.964504,-0.0329724
0.883612,0.711421,0.651476,0.961642,0.210658,0.175693,-0.0812368,-0.393054,0.91592,0.262003,-0.89506,-0.360864
0.883612,0.780336,0.771688,0.961642,0.137864,0.237147,-0.0812368,-0.682613,0.726251,0.262003,-0.717658,-0.645229
0.883612,0.80398,0.908221,0.961642,0.0484404,0.269997,-0.0812368,-0.889839,0.448985,0.262003,-0.453697,-0.851771
0.883612,0.779501,1.04461,0.961642,-0.0468254,0.270282,-0.0812368,-0.989737,0.117566,0.262003,-0.135013,-0.955576
0.883612,0.709852,1.16439,0.961642,-0.136443,0.237967,-0.0812368,-0.970258,-0.228034,0.262003,0.199956,-0.944125
0.883612,0.603433,1.25314,0.961642,-0.209604,0.176949,-0.0812368,-0.833752,-0.54613,0.262003,0.510807,-0.818798
0.883612,0.47308,1.30013,0.961642,-0.257484,0.094589,-0.0812368,-0.596683,-0.798354,0.262003,0.760047,-0.594713
0.883612,0.334515,1.29971,0.961642,-0.274307,0.000819952,-0.0812368,-0.287645,-0.954285,0.262003,0.917614,-0.298896
0.883612,0.204453,1.25192,0.961642,-0.258045,-0.093048,-0.0812368,0.0560865,-0.995116,0.262003,0.964504,0.0329724
0.763622,0.257656,1.20758,0.856221,-0.504289,0.112156,0.156285,0.0459205,-0.986644,0.492403,0.862313,0.118131
0.763622,0.163737,1.13906,0.856221,-0.512236,-0.0670852,0.156285,0.380603,-0.911436,0.492403,0.769906,0.405935
0.763622,0.0989185,1.04255,0.856221,-0.4584,-0.238234,0.156285,0.66938,-0.726296,0.492403,0.584637,0.644778
0.763622,0.0710177,0.929686,0.856221,-0.349274,-0.380649,0.156285,0.877419,-0.453554,0.492403,0.328852,0.805851
0.763622,0.0834001,0.81409,0.856221,-0.198021,-0.477152,0.156285,0.979629,-0.126106,0.492403,0.0334027,0.869726
0.763622,0.134572,0.709699,0.856221,-0.0228828,-0.516103,0.156285,0.963681,0.216552,0.492403,-0.266076,0.828699
0.763622,0.218362,0.629106,0.856221,0.155015,-0.492805,0.156285,0.831498,0.53309,0.492403,-0.533461,0.68772
0.763622,0.324663,0.582031,0.856221,0.314215,-0.410067,0.156285,0.599025,0.78533,0.492403,-0.736503,0.463791
0.763622,0.440654,0.574152,0.856221,0.435517,-0.277869,0.156285,0.294301,0.942848,0.492403,-0.850713,0.183922
0.763622,0.552344,0.60642,0.856221,0.504289,-0.112156,0.156285,-0.0459205,0.986644,0.492403,-0.862313,-0.118131
0.763622,0.646263,0.674941,0.856221,0.512236,0.0670852,0.156285,-0.380603,0.911436,0.492403,-0.769906,-0.405935
0.763622,0.711081,0.771453,0.856221,0.4584,0.238234,0.156285,-0.66938,0.726296,0.492403,-0.584637,-0.644778
0.763622,0.738982,0.884314,0.856221,0.349274,0.380649,0.156285,-0.877419,0.453554,0.492403,-0.328852,-0.805851
0.763622,0.7266,0.99991,0.856221,0.198021,0.477152,0.156285,-0.979629,0.126106,0.492403,-0.0334027,-0.869726
0.763622,0.675428,1.1043,0.856221,0.0228828,0.516103,0.156285,-0.963681,-0.216552,0.492403,0.266076,-0.828699
0.763622,0.591638,1.18489,0.856221,-0.155015,0.492805,0.156285,-0.831498,-0.53309,0.492403,0.533461,-0.68772
0.763622,0.485337,1.23197,0.856221,-0.314215,0.410067,0.156285,-0.599025,-0.78533,0.492403,0.736503,-0.463791
0.763622,0.369346,1.23985,0.856221,-0.435517,0.277869,0.156285,-0.294301,-0.942848,0.492403,0.850713,-0.183922
0.763622,0.257656,1.20758,0.856221,-0.504289,0.112156,0.156285,0.0459205,-0.986644,0.492403,0.862313,0.118131
0.674556,0.339178,1.13965,0.647527,-0.707984,0.281901,0.374957,-0.0260406,-0.926676,0.663413,0.705749,0.248602
0.674556,0.263578,1.1031,0.647527,-0.761703,0.0227558,0.374957,0.292472,-0.879697,0.663413,0.57816,0.474989
0.674556,0.205035,1.04291,0.647527,-0.72355,-0.239134,0.374957,0.575708,-0.726614,0.663413,0.380837,0.644086
0.674556,0.170612,0.966319,0.647527,-0.598126,-0.472181,0.374957,0.789505,-0.48589,0.663413,0.137579,0.735497
0.674556,0.164459,0.882576,0.647527,-0.400559,-0.648276,0.374957,0.908076,-0.186561,0.663413,-0.122273,0.738196
0.674556,0.187319,0.801779,0.647527,-0.154678,-0.746179,0.374957,0.91712,0.135271,0.663413,-0.367377,0.651857
0.674556,0.236434,0.733673,0.647527,0.109858,-0.754082,0.374957,0.815545,0.440786,0.663413,-0.56817,0.486895
0.674556,0.305881,0.686473,0.647527,0.361144,-0.671032,0.374957,0.615604,0.693137,0.663413,-0.700433,0.263206
0.674556,0.387283,0.665872,0.647527,0.568871,-0.507045,0.374957,0.341412,0.861884,0.663413,-0.748213,0.00777105
0.674556,0.470822,0.674354,0.647527,0.707984,-0.281901,0.374957,0.0260406,0.926676,0.663413,-0.705749,-0.248602
0.674556,0.546422,0.710897,0.647527,0.761703,-0.0227558,0.374957,-0.292472,0.879697,0.663413,-0.57816,-0.474989
0.674556,0.604965,0.771093,0.647527,0.72355,0.239134,0.374957,-0.575708,0.726614,0.663413,-0.380837,-0.644086
0.674556,0.639388,0.847681,0.647527,0.598126,0.472181,0.374957,-0.789505,0.48589,0.663413,-0.137579,-0.735497
0.674556,0.645541,0.931424,0.647527,0.400559,0.648276,0.374957,-0.908076,0.186561,0.663413,0.122273,-0.738196
0.674556,0.622681,1.01222,0.647527,0.154678,0.746179,0.374957,-0.91712,-0.135271,0.663413,0.367377,-0.651857
0.674556,0.573566,1.08033,0.647527,-0.109858,0.754082,0.374957,-0.815545,-0.440786,0.663413,0.56817,-0.486895
0.674556,0.504119,1.12753,0.647527,-0.361144,0.671032,0.374957,-0.615604,-0.693137,0.663413,0.700433,-0.263206
0.674556,0.422717,1.14813,0.647527,-0.568871,0.507045,0.374957,-0.341412,-0.861884,0.663413,0.748213,-0.00777105
0.674556,0.339178,1.13965,0.647527,-0.707984,0.281901,0.374957,-0.0260406,-0.926676,0.663413,0.705749,0.248602
0.627155,0.439185,1.05631,0.360731,-0.84456,0.395715,0.548404,-0.151117,-0.822446,0.754404,0.513694,0.408647
0.627155,0.386058,1.05899,0.360731,-0.92897,0.082994,0.548404,0.139289,-0.824531,0.754404,0.342948,0.559697
0.627155,0.335215,1.04335,0.360731,-0.901332,-0.239738,0.548404,0.412895,-0.727166,0.754404,0.130839,0.643238
0.627155,0.292789,1.01126,0.360731,-0.76498,-0.533553,0.548404,0.6367,-0.542094,0.754404,-0.0970522,0.649195
0.627155,0.263898,0.966592,0.360731,-0.53636,-0.763014,0.548404,0.78371,-0.291638,0.754404,-0.313237,0.57685
0.627155,0.252026,0.914739,0.360731,-0.243047,-0.900445,0.548404,0.836192,-0.00600542,0.754404,-0.491641,0.434929
0.627155,0.258605,0.861952,0.360731,0.0795808,-0.929268,0.548404,0.787817,0.280351,0.754404,-0.610746,0.240548
0.627155,0.282841,0.814598,0.360731,0.39261,-0.846008,0.548404,0.64442,0.532893,0.754404,-0.656186,0.0171539
0.627155,0.321811,0.77839,0.360731,0.658285,-0.660707,0.548404,0.423297,0.721161,0.754404,-0.62248,-0.208309
0.627155,0.370815,0.757694,0.360731,0.84456,-0.395715,0.548404,0.151117,0.822446,0.754404,-0.513694,-0.408647
0.627155,0.423942,0.755006,0.360731,0.92897,-0.082994,0.548404,-0.139289,0.824531,0.754404,-0.342948,-0.559697
0.627155,0.474785,0.770651,0.360731,0.901332,0.239738,0.548404,-0.412895,0.727166,0.754404,-0.130839,-0.643238
0.627155,0.517211,0.802742,0.360731,0.76498,0.533553,0.548404,-0.6367,0.542094,0.754404,0.0970522,-0.649195
0.627155,0.546102,0.847408,0.360731,0.53636,0.763014,0.548404,-0.78371,0.291638,0.754404,0.313237,-0.57685
0.627155,0.557974,0.899261,0.360731,0.243047,0.900445,0.548404,-0.836192,0.00600542,0.754404,0.491641,-0.434929
0.627155,0.551395,0.952048,0.360731,-0.0795808,0.929268,0.548404,-0.787817,-0.280351,0.754404,0.610746,-0.240548
0.627155,0.527159,0.999402,0.360731,-0.39261,0.846008,0.548404,-0.64442,-0.532893,0.754404,0.656186,-0.0171539
0.627155,0.488189,1.03561,0.360731,-0.658285,0.660707,0.548404,-0.423297,-0.721161,0.754404,0.62248,0.208309
0.627155,0.439185,1.05631,0.360731,-0.84456,0.395715,0.548404,-0.151117,-0.822446,0.754404,0.513694,0.408647
0.627137,0.545615,0.967614,0.0304265,-0.897546,0.43987,0.655705,-0.314224,-0.686524,0.754404,0.309313,0.578964
0.627137,0.516404,1.01205,0.0304265,-0.993862,0.106364,0.655705,-0.0604688,-0.752592,0.754404,0.0926419,0.64984
0.627137,0.473756,1.04382,0.0304265,-0.970303,-0.239972,0.655705,0.20058,-0.727887,0.754404,-0.135203,0.642335
0.627137,0.422814,1.05908,0.0304265,-0.829711,-0.557363,0.655705,0.437435,-0.615388,0.754404,-0.346741,0.557355
0.627137,0.369724,1.056,0.0304265,-0.589044,-0.807528,0.655705,0.621529,-0.428664,0.754404,-0.516457,0.40515
0.627137,0.320889,1.03495,0.0304265,-0.27733,-0.960293,0.655705,0.730658,-0.190236,0.754404,-0.62388,0.204078
0.627137,0.282199,0.99847,0.0304265,0.0678345,-0.997233,0.655705,0.751659,0.0711361,0.754404,-0.656054,-0.0216091
0.627137,0.25832,0.950953,0.0304265,0.404817,-0.913891,0.655705,0.681998,0.323929,0.754404,-0.609099,-0.24469
0.627137,0.252133,0.898135,0.0304265,0.692973,-0.720321,0.655705,0.530079,0.53765,0.754404,-0.488677,-0.438257
0.627137,0.264385,0.846386,0.0304265,0.897546,-0.43987,0.655705,0.314224,0.686524,0.754404,-0.309313,-0.578964
0.627137,0.293596,0.801948,0.0304265,0.993862,-0.106364,0.655705,0.0604688,0.752592,0.754404,-0.0926419,-0.64984
0.627137,0.336244,0.770181,0.0304265,0.970303,0.239972,0.655705,-0.20058,0.727887,0.754404,0.135203,-0.642335
0.627137,0.387186,0.754916,0.0304265,0.829711,0.557363,0.655705,-0.437435,0.615388,0.754404,0.346741,-0.557355
0.627137,0.440276,0.757995,0.0304265,0.589044,0.807528,0.655705,-0.621529,0.428664,0.754404,0.516457,-0.40515
0.627137,0.489111,0.779046,0.0304265,0.27733,0.960293,0.655705,-0.730658,0.190236,0.754404,0.62388,-0.204078
0.627137,0.527801,0.81553,0.0304265,-0.0678345,0.997233,0.655705,-0.751659,-0.0711361,0.754404,0.656054,0.0216091
0.627137,0.55168,0.863047,0.0304265,-0.404817,0.913891,0.655705,-0.681998,-0.323929,0.754404,0.609099,0.24469
0.627137,0.557867,0.915865,0.0304265,-0.692973,0.720321,0.655705,-0.530079,-0.53765,0.754404,0.488677,0.438257
0.627137,0.545615,0.967614,0.0304265,-0.897546,0.43987,0.655705,-0.314224,-0.686524,0.754404,0.309313,0.578964
0.674504,0.645632,0.884267,-0.303548,-0.860549,0.409039,0.683918,-0.495687,-0.535305,0.663411,0.117259,0.73901
0.674504,0.638896,0.967939,-0.303548,-0.948552,0.090046,0.683918,-0.282708,-0.672557,0.663411,-0.142569,0.734547
0.674504,0.603948,1.04426,-0.303548,-0.922145,-0.239808,0.683918,-0.0356307,-0.728688,0.663411,-0.385201,0.641487
0.674504,0.545004,1.10403,-0.303548,-0.784513,-0.540738,0.683918,0.215744,-0.696929,0.663411,-0.581372,0.471054
0.674504,0.469173,1.14003,-0.303548,-0.552258,-0.776447,0.683918,0.441097,-0.581111,0.663411,-0.707421,0.243805
0.674504,0.385603,1.14792,-0.303548,-0.253392,-0.918505,0.683918,0.613247,-0.395201,0.663411,-0.748144,-0.0128506
0.674504,0.304371,1.12676,-0.303548,0.0760362,-0.949777,0.683918,0.711431,-0.161625,0.663411,-0.698631,-0.267956
0.674504,0.235278,1.07909,-0.303548,0.396294,-0.866493,0.683918,0.723805,0.091446,0.663411,-0.564852,-0.490742
0.674504,0.186655,1.01066,-0.303548,0.668752,-0.678697,0.683918,0.648878,0.333487,0.663411,-0.362943,-0.654337
0.674504,0.164368,0.929733,-0.303548,0.860549,-0.409039,0.683918,0.495687,0.535305,0.663411,-0.117259,-0.73901
0.674504,0.171104,0.846061,-0.303548,0.948552,-0.090046,0.683918,0.282708,0.672557,0.663411,0.142569,-0.734547
0.674504,0.206052,0.769739,-0.303548,0.922145,0.239808,0.683918,0.0356307,0.728688,0.663411,0.385201,-0.641487
0.674504,0.264996,0.709973,-0.303548,0.784513,0.540738,0.683918,-0.215744,0.696929,0.663411,0.581372,-0.471054
0.674504,0.340827,0.673971,-0.303548,0.552258,0.776447,0.683918,-0.441097,0.581111,0.663411,0.707421,-0.243805
0.674504,0.424397,0.666076,-0.303548,0.253392,0.918505,0.683918,-0.613247,0.395201,0.663411,0.748144,0.0128506
0.674504,0.505629,0.68724,-0.303548,-0.0760362,0.949777,0.683918,-0.711431,0.161625,0.663411,0.698631,0.267956
0.674504,0.574722,0.73491,-0.303548,-0.396294,0.866493,0.683918,-0.723805,-0.091446,0.663411,0.564852,0.490742
0.674504,0.623345,0.803337,-0.303548,-0.668752,0.678697,0.683918,-0.648878,-0.333487,0.663411,0.362943,0.654337
0.674504,0.645632,0.884267,-0.303548,-0.860549,0.409039,0.683918,-0.495687,-0.535305,0.663411,0.117259,0.73901
0.763543,0.727172,0.816317,-0.60091,-0.738033,0.306942,0.629641,-0.673619,-0.387028,0.492402,-0.0393057,0.86948
0.763543,0.738758,0.931975,-0.60091,-0.798505,0.0360094,0.629641,-0.500623,-0.594078,0.492402,-0.334315,0.803601
0.763543,0.710088,1.04462,-0.60091,-0.762665,-0.239267,0.629641,-0.267245,-0.729474,0.492402,-0.589001,0.640795
0.763543,0.644619,1.14067,-0.60091,-0.634837,-0.485684,0.629641,-0.00163339,-0.776885,0.492402,-0.772645,0.4007
0.763543,0.55025,1.20853,-0.60091,-0.430437,-0.673521,0.629641,0.264175,-0.730592,0.492402,-0.863096,0.112275
0.763543,0.438361,1.24002,-0.60091,-0.174121,-0.780121,0.629641,0.498121,-0.596178,0.492402,-0.849445,-0.189692
0.763543,0.322448,1.23135,-0.60091,0.103197,-0.792627,0.629641,0.671985,-0.389857,0.492402,-0.733339,-0.46878
0.763543,0.216492,1.18356,-0.60091,0.368067,-0.70953,0.629641,0.764799,-0.136513,0.492402,-0.528781,-0.691326
0.763543,0.133273,1.1024,-0.60091,0.588544,-0.540854,0.629641,0.765366,0.133296,0.492402,-0.260444,-0.830487
0.763543,0.0828283,0.997683,-0.60091,0.738033,-0.306942,0.629641,0.673619,0.387028,0.492402,0.0393057,-0.86948
0.763543,0.0712422,0.882025,-0.60091,0.798505,-0.0360094,0.629641,0.500623,0.594078,0.492402,0.334315,-0.803601
0.763543,0.0999123,0.769379,-0.60091,0.762665,0.239267,0.629641,0.267245,0.729474,0.492402,0.589001,-0.640795
0.763543,0.165381,0.673332,-0.60091,0.634837,0.485684,0.629641,0.00163339,0.776885,0.492402,0.772645,-0.4007
0.763543,0.25975,0.60547,-0.60091,0.430437,0.673521,0.629641,-0.264175,0.730592,0.492402,0.863096,-0.112275
0.763543,0.371639,0.573976,-0.60091,0.174121,0.780121,0.629641,-0.498121,0.596178,0.492402,0.849445,0.189692
0.763543,0.487552,0.58265,-0.60091,-0.103197,0.792627,0.629641,-0.671985,0.389857,0.492402,0.733339,0.46878
0.763543,0.593508,0.630445,-0.60091,-0.368067,0.70953,0.629641,-0.764799,0.136513,0.492402,0.528781,0.691326
0.763543,0.676727,0.711597,-0.60091,-0.588544,0.540854,0.629641,-0.765366,-0.133296,0.492402,0.260444,0.830487
0.763543,0.727172,0.816317,-0.60091,-0.738033,0.306942,0.629641,-0.673619,-0.387028,0.492402,-0.0393057,0.86948
0.883514,0.780399,0.771961,-0.825794,-0.544774,0.145893,0.499419,-0.826559,-0.259578,0.262001,-0.141496,0.954638
0.883514,0.803946,0.908499,-0.825794,-0.561819,-0.0492288,0.499419,-0.687931,-0.526623,0.262001,-0.459468,0.848672
0.883514,0.779374,1.04486,-0.825794,-0.5111,-0.238413,0.499419,-0.466328,-0.73015,0.262001,-0.722022,0.640344
0.883514,0.709647,1.16459,-0.825794,-0.398735,-0.398842,0.499419,-0.188479,-0.84561,0.262001,-0.897489,0.35478
0.883514,0.603175,1.25325,-0.825794,-0.238276,-0.511164,0.499419,0.112104,-0.859077,0.262001,-0.964706,0.0264252
0.883514,0.4728,1.30015,-0.825794,-0.049078,-0.561832,0.499419,0.399164,-0.768927,0.262001,-0.915565,-0.305117
0.883514,0.334248,1.29962,-0.825794,0.14604,-0.544735,0.499419,0.63808,-0.586032,0.262001,-0.755993,-0.599858
0.883514,0.204229,1.25175,-0.825794,0.323543,-0.461935,0.499419,0.800034,-0.332454,0.262001,-0.505238,-0.822247
0.883514,0.0984263,1.16229,-0.825794,0.462022,-0.323419,0.499419,0.865492,-0.0387767,0.262001,-0.193543,-0.945461
0.883514,0.0296009,1.04204,-0.825794,0.544774,-0.145893,0.499419,0.826559,0.259578,0.262001,0.141496,-0.954638
0.883514,0.00605426,0.905501,-0.825794,0.561819,0.0492288,0.499419,0.687931,0.526623,0.262001,0.459468,-0.848672
0.883514,0.0306263,0.769144,-0.825794,0.5111,0.238413,0.499419,0.466328,0.73015,0.262001,0.722022,-0.640344
0.883514,0.100353,0.649414,-0.825794,0.398735,0.398842,0.499419,0.188479,0.84561,0.262001,0.897489,-0.35478
0.883514,0.206825,0.560753,-0.825794,0.238276,0.511164,0.499419,-0.112104,0.859077,0.262001,0.964706,-0.0264252
0.883514,0.3372,0.513855,-0.825794,0.049078,0.561832,0.499419,-0.399164,0.768927,0.262001,0.915565,0.305117
0.883514,0.475752,0.514375,-0.825794,-0.14604,0.544735,0.499419,-0.63808,0.586032,0.262001,0.755993,0.599858
0.883514,0.605771,0.562252,-0.825794,-0.323543,0.461935,0.499419,-0.800034,0.332454,0.262001,0.505238,0.822247
0.883514,0.711574,0.651711,-0.825794,-0.462022,0.323419,0.499419,-0.865492,0.0387767,0.262001,0.193543,0.945461
0.883514,0.780399,0.771961,-0.825794,-0.544774,0.145893,0.499419,-0.826559,-0.259578,0.262001,-0.141496,0.954638
0.875863,0.0954785,1.1544,0.985232,-0.155633,-0.0713941,-0.00862081,0.37134,-0.928457,0.17101,0.915361,0.364514
0.875863,0.0295275,1.03362,0.985232,-0.121829,-0.120318,-0.00862081,0.666496,-0.745458,0.17101,0.735486,0.655603
0.875863,0.00886395,0.897567,0.985232,-0.0733307,-0.15473,-0.00862081,0.881264,-0.472546,0.17101,0.466902,0.867617
0.875863,0.0359803,0.762649,0.985232,-0.0159875,-0.170479,-0.00862081,0.989737,-0.142639,0.17101,0.142002,0.974983
0.875863,0.107606,0.645142,0.985232,0.043284,-0.165666,-0.00862081,0.978834,0.204474,0.17101,-0.200026,0.964751
0.875863,0.215101,0.559219,0.985232,0.0973348,-0.140871,-0.00862081,0.849869,0.526923,0.17101,-0.517927,0.838157
0.875863,0.345502,0.515244,0.985232,0.139646,-0.0990852,-0.00862081,0.618397,0.785818,0.17101,-0.773359,0.610468
0.875863,0.483078,0.51852,0.985232,0.165113,-0.045348,-0.00862081,0.312338,0.949932,0.17101,-0.935512,0.309148
0.875863,0.611238,0.568653,0.985232,0.170665,0.0138588,-0.00862081,-0.0313946,0.99947,0.17101,-0.984829,-0.0294596
0.875863,0.714521,0.659595,0.985232,0.155633,0.0713941,-0.00862081,-0.37134,0.928457,0.17101,-0.915361,-0.364514
0.875863,0.780473,0.780378,0.985232,0.121829,0.120318,-0.00862081,-0.666496,0.745458,0.17101,-0.735486,-0.655603
0.875863,0.801136,0.916433,0.985232,0.0733307,0.15473,-0.00862081,-0.881264,0.472546,0.17101,-0.466902,-0.867617
0.875863,0.77402,1.05135,0.985232,0.0159875,0.170479,-0.00862081,-0.989737,0.142639,0.17101,-0.142002,-0.974983
0.875863,0.702394,1.16886,0.985232,-0.043284,0.165666,-0.00862081,-0.978834,-0.204474,0.17101,0.200026,-0.964751
0.875863,0.594899,1.25478,0.985232,-0.0973348,0.140871,-0.00862081,-0.849869,-0.526923,0.17101,0.517927,-0.838157
0.875863,0.464498,1.29876,0.985232,-0.139646,0.0990852,-0.00862081,-0.618397,-0.785818,0.17101,0.773359,-0.610468
0.875863,0.326922,1.29548,0.985232,-0.165113,0.045348,-0.00862081,-0.312338,-0.949932,0.17101,0.935512,-0.309148
0.875863,0.198762,1.24535,0.985232,-0.170665,-0.0138588,-0.00862081,0.0313946,-0.99947,0.17101,0.984829,0.0294596
0.875863,0.0954785,1.1544,0.985232,-0.155633,-0.0713941,-0.00862081,0.37134,-0.928457,0.17101,0.915361,0.364514
0.749059,0.151704,1.10755,0.900555,-0.411078,0.141477,0.292759,0.332851,-0.896383,0.321393,0.848661,0.420098
0.749059,0.0983877,1.00882,0.900555,-0.434675,-0.00765225,0.292759,0.619359,-0.728483,0.321393,0.653798,0.685022
0.749059,0.0820531,0.897815,0.900555,-0.405844,-0.155858,0.292759,0.831163,-0.472716,0.321393,0.380078,0.867322
0.749059,0.104671,0.787915,0.900555,-0.328062,-0.285266,0.292759,0.942716,-0.159934,0.321393,0.0605151,0.94501
0.749059,0.163512,0.692378,0.900555,-0.210711,-0.380266,0.292759,0.940564,0.172139,0.321393,-0.266347,0.908717
0.749059,0.251481,0.622727,0.900555,-0.0679445,-0.4294,0.292759,0.824966,0.48345,0.321393,-0.561084,0.762818
0.749059,0.357966,0.587364,0.900555,0.0830165,-0.426743,0.292759,0.609865,0.736449,0.321393,-0.788145,0.524913
0.749059,0.470125,0.590554,0.900555,0.223965,-0.372614,0.292759,0.321205,0.900622,0.321393,-0.920145,0.223695
0.749059,0.574428,0.631912,0.900555,0.337899,-0.273542,0.292759,-0.00619687,0.956166,0.321393,-0.941162,-0.104504
0.749059,0.658296,0.70645,0.900555,0.411078,-0.141477,0.292759,-0.332851,0.896383,0.321393,-0.848661,-0.420098
0.749059,0.711612,0.805177,0.900555,0.434675,0.00765225,0.292759,-0.619359,0.728483,0.321393,-0.653798,-0.685022
0.749059,0.727947,0.916185,0.900555,0.405844,0.155858,0.292759,-0.831163,0.472716,0.321393,-0.380078,-0.867322
0.749059,0.705329,1.02609,0.900555,0.328062,0.285266,0.292759,-0.942716,0.159934,0.321393,-0.0605151,-0.94501
0.749059,0.646488,1.12162,0.900555,0.210711,0.380266,0.292759,-0.940564,-0.172139,0.321393,0.266347,-0.908717
0.749059,0.558519,1.19127,0.900555,0.0679445,0.4294,0.292759,-0.824966,-0.48345,0.321393,0.561084,-0.762818
0.749059,0.452034,1.22664,0.900555,-0.0830165,0.426743,0.292759,-0.609865,-0.736449,0.321393,0.788145,-0.524913
0.749059,0.339875,1.22345,0.900555,-0.223965,0.372614,0.292759,-0.321205,-0.900622,0.321393,0.920145,-0.223695
0.749059,0.235572,1.18209,0.900555,-0.337899,0.273542,0.292759,0.00619687,-0.956166,0.321393,0.941162,0.104504
0.749059,0.151704,1.10755,0.900555,-0.411078,0.141477,0.292759,0.332851,-0.896383,0.321393,0.848661,0.420098
0.654934,0.237857,1.03576,0.707258,-0.62887,0.32297,0.558827,0.217497,-0.800254,0.433011,0.74647,0.505256
0.654934,0.203899,0.970825,0.707258,-0.701406,0.0884061,0.558827,0.478083,-0.677605,0.433011,0.528645,0.730093
0.654934,0.194198,0.898196,0.707258,-0.689343,-0.15682,0.558827,0.681006,-0.473226,0.433011,0.247057,0.866871
0.654934,0.209922,0.826628,0.707258,-0.594135,-0.383132,0.558827,0.801789,-0.211769,0.433011,-0.0643293,0.89909
0.654934,0.249175,0.764754,0.707258,-0.427265,-0.563233,0.558827,0.825865,0.07523,0.433011,-0.367957,0.822867
0.654934,0.307224,0.720038,0.707258,-0.208861,-0.675399,0.558827,0.750329,0.353155,0.433011,-0.627203,0.647393
0.654934,0.377065,0.697871,0.707258,0.0347349,-0.706102,0.558827,0.584292,0.588485,0.433011,-0.8108,0.393834
0.654934,0.450276,0.700929,0.707258,0.274141,-0.651639,0.558827,0.347781,0.752835,0.433011,-0.896602,0.0927734
0.654934,0.518026,0.728842,0.707258,0.480482,-0.518578,0.558827,0.0693228,0.826381,0.433011,-0.874261,-0.219477
0.654934,0.572143,0.778243,0.707258,0.62887,-0.32297,0.558827,-0.217497,0.800254,0.433011,-0.74647,-0.505256
0.654934,0.606101,0.843175,0.707258,0.701406,-0.0884061,0.558827,-0.478083,0.677605,0.433011,-0.528645,-0.730093
0.654934,0.615802,0.915804,0.707258,0.689343,0.15682,0.558827,-0.681006,0.473226,0.433011,-0.247057,-0.866871
0.654934,0.600078,0.987372,0.707258,0.594135,0.383132,0.558827,-0.801789,0.211769,0.433011,0.0643293,-0.89909
0.654934,0.560825,1.04925,0.707258,0.427265,0.563233,0.558827,-0.825865,-0.07523,0.433011,0.367957,-0.822867
0.654934,0.502776,1.09396,0.707258,0.208861,0.675399,0.558827,-0.750329,-0.353155,0.433011,0.627203,-0.647393
0.654934,0.432935,1.11613,0.707258,-0.0347349,0.706102,0.558827,-0.584292,-0.588485,0.433011,0.8108,-0.393834
0.654934,0.359724,1.11307,0.707258,-0.274141,0.651639,0.558827,-0.347781,-0.752835,0.433011,0.896602,-0.0927734
