0.658953,0.540844,1.08985,0.308961,0.763704,-0.566834,0.951075,-0.248094,0.184135,-3.49349e-06,-0.595992,-0.802991
0.907818,0.321191,1.31141,0.92986,-0.3545,-0.0984429,-0.179072,-0.202344,-0.962803,0.321394,0.9129,-0.251632
0.907818,0.191028,1.25678,0.92986,-0.299452,-0.213752,-0.179072,0.139157,-0.973945,0.321394,0.943909,0.0757732
0.907818,0.0873975,1.16094,0.92986,-0.208285,-0.30328,-0.179072,0.463874,-0.867614,0.321394,0.861068,0.394039
0.907818,0.0227978,1.03543,0.92986,-0.091996,-0.356227,-0.179072,0.73264,-0.656636,0.321394,0.67437,0.664779
0.907818,0.0050211,0.895391,0.92986,0.035389,-0.366209,-0.179072,0.913039,-0.366459,0.321394,0.406333,0.855336
0.907818,0.0362114,0.75772,0.92986,0.158506,-0.33202,-0.179072,0.983313,-0.0320807,0.321394,0.0892861,0.942727
0.907818,0.112607,0.63902,0.92986,0.262504,-0.257785,-0.179072,0.934984,0.306167,0.321394,-0.23853,0.916411
0.907818,0.224993,0.553607,0.92986,0.334841,-0.152457,-0.179072,0.773882,0.607486,0.321394,-0.537576,0.779563
0.907818,0.359814,0.511784,0.92986,0.36679,-0.0287401,-0.179072,0.519439,0.835533,0.321394,-0.771782,0.548687
0.907818,0.500809,0.518594,0.92986,0.3545,0.0984429,-0.179072,0.202344,0.962803,0.321394,-0.9129,0.251632
0.907818,0.630972,0.573217,0.92986,0.299452,0.213752,-0.179072,-0.139157,0.973945,0.321394,-0.943909,-0.0757732
0.907818,0.734603,0.669063,0.92986,0.208285,0.30328,-0.179072,-0.463874,0.867614,0.321394,-0.861068,-0.394039
0.907818,0.799202,0.794574,0.92986,0.091996,0.356227,-0.179072,-0.73264,0.656636,0.321394,-0.67437,-0.664779
0.907818,0.816979,0.934609,0.92986,-0.035389,0.366209,-0.179072,-0.913039,0.366459,0.321394,-0.406333,-0.855336
0.907818,0.785789,1.07228,0.92986,-0.158506,0.33202,-0.179072,-0.983313,0.0320807,0.321394,-0.0892861,-0.942727
0.907818,0.709393,1.19098,0.92986,-0.262504,0.257785,-0.179072,-0.934984,-0.306167,0.321394,0.23853,-0.916411
0.907818,0.597007,1.27639,0.92986,-0.334841,0.152457,-0.179072,-0.773882,-0.607486,0.321394,0.537576,-0.779563
0.907818,0.462186,1.31822,0.92986,-0.36679,0.0287401,-0.179072,-0.519439,-0.835533,0.321394,0.771782,-0.548687
0.907818,0.321191,1.31141,0.92986,-0.3545,-0.0984429,-0.179072,-0.202344,-0.962803,0.321394,0.9129,-0.251632
0.809114,0.366934,1.27745,0.796489,-0.598932,0.0829784,-0.0275851,-0.173083,-0.984521,0.604023,0.781871,-0.154381
0.809114,0.245625,1.24052,0.796489,-0.591192,-0.126873,-0.0275851,0.174081,-0.984345,0.604023,0.78752,0.122345
0.809114,0.144262,1.16433,0.796489,-0.512146,-0.321421,-0.0275851,0.500248,-0.865443,0.604023,0.698182,0.384315
0.809114,0.0750718,1.05807,0.796489,-0.371327,-0.477201,-0.0275851,0.766078,-0.642155,0.604023,0.524633,0.59993
0.809114,0.0463996,0.934543,0.796489,-0.185721,-0.575424,-0.0275851,0.939508,-0.341414,0.604023,0.287806,0.743185
0.809114,0.0617036,0.808664,0.796489,0.0222857,-0.604242,-0.0275851,0.999619,0.000506354,0.604023,0.0162647,0.796801
0.809114,0.119138,0.69561,0.796489,0.227604,-0.560179,-0.0275851,0.939162,0.342366,0.604023,-0.257238,0.754311
0.809114,0.211775,0.609018,0.796489,0.405471,-0.448551,-0.0275851,0.765427,0.642931,0.604023,-0.499714,0.62084
0.809114,0.328442,0.559332,0.796489,0.534431,-0.282821,-0.0275851,0.499371,0.865949,0.604023,-0.681918,0.412486
0.809114,0.455066,0.552545,0.796489,0.598932,-0.0829784,-0.0275851,0.173083,0.984521,0.604023,-0.781871,0.154381
0.809114,0.576375,0.589475,0.796489,0.591192,0.126873,-0.0275851,-0.174081,0.984345,0.604023,-0.78752,-0.122345
0.809114,0.677738,0.665669,0.796489,0.512146,0.321421,-0.0275851,-0.500248,0.865443,0.604023,-0.698182,-0.384315
0.809114,0.746928,0.771935,0.796489,0.371327,0.477201,-0.0275851,-0.766078,0.642155,0.604023,-0.524633,-0.59993
0.809114,0.7756,0.895457,0.796489,0.185721,0.575424,-0.0275851,-0.939508,0.341414,0.604023,-0.287806,-0.743185
0.809114,0.760296,1.02134,0.796489,-0.0222857,0.604242,-0.0275851,-0.999619,-0.000506354,0.604023,-0.0162647,-0.796801
0.809114,0.702862,1.13439,0.796489,-0.227604,0.560179,-0.0275851,-0.939162,-0.342366,0.604023,0.257238,-0.754311
0.809114,0.610225,1.22098,0.796489,-0.405471,0.448551,-0.0275851,-0.765427,-0.642931,0.604023,0.499714,-0.62084
0.809114,0.493558,1.27067,0.796489,-0.534431,0.282821,-0.0275851,-0.499371,-0.865949,0.604023,0.681918,-0.412486
0.809114,0.366934,1.27745,0.796489,-0.598932,0.0829784,-0.0275851,-0.173083,-0.984521,0.604023,0.781871,-0.154381
0.735846,0.437026,1.22543,0.567051,-0.791994,0.226272,0.127229,-0.187192,-0.974049,0.813797,0.581124,-0.00538258
0.735846,0.329283,1.21561,0.567051,-0.82162,-0.0582515,0.127229,0.157242,-0.97933,0.813797,0.547919,0.193698
0.735846,0.231396,1.16953,0.567051,-0.752147,-0.335749,0.127229,0.482709,-0.86649,0.813797,0.448627,0.369416
0.735846,0.155172,1.09275,0.567051,-0.591954,-0.572751,0.127229,0.749955,-0.649138,0.813797,0.295223,0.500577
0.735846,0.109804,0.994536,0.567051,-0.360363,-0.74067,0.127229,0.926746,-0.35349,0.813797,0.106212,0.571361
0.735846,0.100765,0.886725,0.567051,-0.0853064,-0.819253,0.127229,0.991757,-0.0152062,0.813797,-0.0956103,0.57323
0.735846,0.129145,0.782323,0.567051,0.200039,-0.799023,0.127229,0.937147,0.324912,0.813797,-0.285901,0.505959
0.735846,0.191521,0.693925,0.567051,0.461257,-0.682418,0.127229,0.769504,0.62584,0.813797,-0.441707,0.377663
0.735846,0.28037,0.632191,0.567051,0.666841,-0.483504,0.127229,0.509047,0.851283,0.813797,-0.544237,0.203814
0.735846,0.384974,0.604569,0.567051,0.791994,-0.226272,0.127229,0.187192,0.974049,0.813797,-0.581124,0.00538258
0.735846,0.492717,0.614388,0.567051,0.82162,0.0582515,0.127229,-0.157242,0.97933,0.813797,-0.547919,-0.193698
0.735846,0.590604,0.660467,0.567051,0.752147,0.335749,0.127229,-0.482709,0.86649,0.813797,-0.448627,-0.369416
0.735846,0.666828,0.737245,0.567051,0.591954,0.572751,0.127229,-0.749955,0.649138,0.813797,-0.295223,-0.500577
0.735846,0.712196,0.835464,0.567051,0.360363,0.74067,0.127229,-0.926746,0.35349,0.813797,-0.106212,-0.571361
0.735846,0.721235,0.943275,0.567051,0.0853064,0.819253,0.127229,-0.991757,0.0152062,0.813797,0.0956103,-0.57323
0.735846,0.692855,1.04768,0.567051,-0.200039,0.799023,0.127229,-0.937147,-0.324912,0.813797,0.285901,-0.505959
0.735846,0.630479,1.13608,0.567051,-0.461257,0.682418,0.127229,-0.769504,-0.62584,0.813797,0.441707,-0.377663
0.735846,0.54163,1.19781,0.567051,-0.666841,0.483504,0.127229,-0.509047,-0.851283,0.813797,0.544237,-0.203814
0.735846,0.437026,1.22543,0.567051,-0.791994,0.226272,0.127229,-0.187192,-0.974049,0.813797,0.581124,-0.00538258
0.696852,0.523013,1.16161,0.269218,-0.9104,0.314155,0.266698,-0.242968,-0.932652,0.925416,0.334871,0.177391
0.696852,0.431912,1.18505,0.269218,-0.962944,-0.0161657,0.266698,0.0906708,-0.959506,0.925416,0.254005,0.281225
0.696852,0.338289,1.17592,0.269218,-0.899342,-0.344537,0.266698,0.413373,-0.870629,0.925416,0.142502,0.35114
0.696852,0.253436,1.13531,0.269218,-0.727267,-0.631352,0.266698,0.686216,-0.676742,0.925416,0.0138108,0.378702
0.696852,0.187587,1.06813,0.269218,-0.467472,-0.842016,0.266698,0.876292,-0.40123,0.925416,-0.116546,0.360587
0.696852,0.148685,0.982488,0.269218,-0.151293,-0.951121,0.266698,0.960673,-0.0773231,0.925416,-0.232845,0.29898
0.696852,0.141423,0.888701,0.269218,0.183133,-0.945507,0.266698,0.929184,0.25591,0.925416,-0.32106,0.201311
0.696852,0.166675,0.798086,0.269218,0.495472,-0.825851,0.266698,0.785621,0.558276,0.925416,-0.37055,0.0793619
0.696852,0.221396,0.721573,0.269218,0.748049,-0.606585,0.266698,0.5473,0.793306,0.925416,-0.375347,-0.05216
0.696852,0.298987,0.66839,0.269218,0.9104,-0.314155,0.266698,0.242968,0.932652,0.925416,-0.334871,-0.177391
0.696852,0.390088,0.644951,0.269218,0.962944,0.0161657,0.266698,-0.0906708,0.959506,0.925416,-0.254005,-0.281225
0.696852,0.483711,0.654085,0.269218,0.899342,0.344537,0.266698,-0.413373,0.870629,0.925416,-0.142502,-0.35114
0.696852,0.568564,0.694689,0.269218,0.727267,0.631352,0.266698,-0.686216,0.676742,0.925416,-0.0138108,-0.378702
0.696852,0.634413,0.761865,0.269218,0.467472,0.842016,0.266698,-0.876292,0.40123,0.925416,0.116546,-0.360587
0.696852,0.673315,0.847512,0.269218,0.151293,0.951121,0.266698,-0.960673,0.0773231,0.925416,0.232845,-0.29898
0.696852,0.680577,0.941299,0.269218,-0.183133,0.945507,0.266698,-0.929184,-0.25591,0.925416,0.32106,-0.201311
0.696852,0.655325,1.03191,0.269218,-0.495472,0.825851,0.266698,-0.785621,-0.558276,0.925416,0.37055,-0.0793619
0.696852,0.600604,1.10843,0.269218,-0.748049,0.606585,0.266698,-0.5473,-0.793306,0.925416,0.375347,0.05216
0.696852,0.523013,1.16161,0.269218,-0.9104,0.314155,0.266698,-0.242968,-0.932652,0.925416,0.334871,0.177391
0.696834,0.614524,1.09369,-0.061087,-0.939869,0.336028,0.373999,-0.333683,-0.865321,0.925415,0.0728141,0.371894
0.696834,0.541135,1.15252,-0.061087,-0.998116,-0.00569135,0.373999,-0.0176023,-0.927262,0.925415,-0.0587722,0.374369
0.696834,0.452049,1.18271,-0.061087,-0.935976,-0.346724,0.373999,0.300602,-0.877362,0.925415,-0.18327,0.331691
0.696834,0.358012,1.1806,-0.061087,-0.760943,-0.645937,0.373999,0.582549,-0.721639,0.925415,-0.285662,0.249006
0.696834,0.270367,1.14646,-0.061087,-0.494129,-0.86724,0.373999,0.794231,-0.478875,0.925415,-0.3536,0.136286
0.696834,0.199684,1.0844,-0.061087,-0.167716,-0.983941,0.373999,0.910118,-0.178352,0.925415,-0.378888,0.00712922
0.696834,0.154488,1.00191,-0.061087,0.178926,-0.981964,0.373999,0.916232,0.143683,0.925415,-0.358476,-0.122888
0.696834,0.140232,0.908939,-0.061087,0.503987,-0.861548,0.373999,0.811834,0.448387,0.925415,-0.294827,-0.238083
0.696834,0.158635,0.816696,-0.061087,0.76826,-0.637217,0.373999,0.609517,0.699009,0.925415,-0.195618,-0.324562
0.696834,0.207476,0.736311,-0.061087,0.939869,-0.336028,0.373999,0.333683,0.865321,0.925415,-0.0728141,-0.371894
0.696834,0.280865,0.677478,-0.061087,0.998116,0.00569135,0.373999,0.0176023,0.927262,0.925415,0.0587722,-0.374369
0.696834,0.369951,0.647293,-0.061087,0.935976,0.346724,0.373999,-0.300602,0.877362,0.925415,0.18327,-0.331691
0.696834,0.463988,0.649398,-0.061087,0.760943,0.645937,0.373999,-0.582549,0.721639,0.925415,0.285662,-0.249006
0.696834,0.551633,0.683539,-0.061087,0.494129,0.86724,0.373999,-0.794231,0.478875,0.925415,0.3536,-0.136286
0.696834,0.622316,0.745597,-0.061087,0.167716,0.983941,0.373999,-0.910118,0.178352,0.925415,0.378888,-0.00712922
0.696834,0.667512,0.828088,-0.061087,-0.178926,0.981964,0.373999,-0.916232,-0.143683,0.925415,0.358476,0.122888
0.696834,0.681768,0.921061,-0.061087,-0.503987,0.861548,0.373999,-0.811834,-0.448387,0.925415,0.294827,0.238083
0.696834,0.663365,1.0133,-0.061087,-0.76826,0.637217,0.373999,-0.609517,-0.699009,0.925415,0.195618,0.324562
0.696834,0.614524,1.09369,-0.061087,-0.939869,0.336028,0.373999,-0.333683,-0.865321,0.925415,0.0728141,0.371894
0.735794,0.700521,1.02986,-0.384024,-0.876846,0.289251,0.43619,-0.448397,-0.780179,0.813796,-0.173439,0.554667
0.735794,0.643776,1.12196,-0.384024,-0.922896,-0.0280919,0.43619,-0.154518,-0.886489,0.813796,-0.352686,0.461896
0.735794,0.558955,1.18909,-0.384024,-0.85763,-0.342047,0.43619,0.157997,-0.885875,0.813796,-0.489395,0.313415
0.735794,0.456288,1.22316,-0.384024,-0.688922,-0.614746,0.43619,0.451456,-0.778412,0.813796,-0.567075,0.127131
0.735794,0.348159,1.22007,-0.384024,-0.43712,-0.813297,0.43619,0.690463,-0.577061,0.813796,-0.576357,-0.074487
0.735794,0.247609,1.18018,-0.384024,-0.132594,-0.913753,0.43619,0.846189,-0.306108,0.813796,-0.516123,-0.267121
0.735794,0.166767,1.1083,-0.384024,0.187924,-0.903997,0.43619,0.899853,0.00176643,0.813796,-0.393636,-0.427536
0.735794,0.115383,1.01311,-0.384024,0.485776,-0.785205,0.43619,0.844981,0.309428,0.813796,-0.223671,-0.536383
0.735794,0.0996545,0.906088,-0.384024,0.725036,-0.571706,0.43619,0.688192,0.579767,0.813796,-0.026728,-0.580536
0.735794,0.121479,0.800139,-0.384024,0.876846,-0.289251,0.43619,0.448397,0.780179,0.813796,0.173439,-0.554667
0.735794,0.178224,0.708044,-0.384024,0.922896,0.0280919,0.43619,0.154518,0.886489,0.813796,0.352686,-0.461896
0.735794,0.263045,0.640911,-0.384024,0.85763,0.342047,0.43619,-0.157997,0.885875,0.813796,0.489395,-0.313415
0.735794,0.365712,0.606837,-0.384024,0.688922,0.614746,0.43619,-0.451456,0.778412,0.813796,0.567075,-0.127131
0.735794,0.473841,0.609932,-0.384024,0.43712,0.813297,0.43619,-0.690463,0.577061,0.813796,0.576357,0.074487
0.735794,0.574391,0.649823,-0.384024,0.132594,0.913753,0.43619,-0.846189,0.306108,0.813796,0.516123,0.267121
0.735794,0.655233,0.721698,-0.384024,-0.187924,0.903997,0.43619,-0.899853,-0.00176643,0.813796,0.393636,0.427536
0.735794,0.706617,0.816888,-0.384024,-0.485776,0.785205,0.43619,-0.844981,-0.309428,0.813796,0.223671,0.536383
0.735794,0.722346,0.923912,-0.384024,-0.725036,0.571706,0.43619,-0.688192,-0.579767,0.813796,0.026728,0.580536
0.735794,0.700521,1.02986,-0.384024,-0.876846,0.289251,0.43619,-0.448397,-0.780179,0.813796,-0.173439,0.554667
0.809034,0.770632,0.977824,-0.660642,-0.728933,0.179468,0.44577,-0.573272,-0.687494,0.604021,-0.374186,0.703664
0.809034,0.727456,1.09704,-0.660642,-0.746355,-0.0806653,0.44577,-0.303563,-0.842104,0.604021,-0.592287,0.533249
0.809034,0.646112,1.19429,-0.660642,-0.673755,-0.331069,0.44577,0.00276048,-0.895143,0.604021,-0.73895,0.298516
0.809034,0.536409,1.25786,-0.660642,-0.51989,-0.541541,0.44577,0.308751,-0.840215,0.604021,-0.796484,0.0277777
0.809034,0.41158,1.28008,-0.660642,-0.303319,-0.686695,0.44577,0.577502,-0.683945,0.604021,-0.757951,-0.246311
0.809034,0.286681,1.25826,-0.660642,-0.0501633,-0.749023,0.44577,0.776597,-0.445181,0.604021,-0.627997,-0.490691
0.809034,0.176777,1.19504,-0.660642,0.209043,-0.721009,0.44577,0.882023,-0.152721,0.604021,-0.422298,-0.675887
0.809034,0.0951238,1.09804,-0.660642,0.443036,-0.60603,0.44577,0.881065,0.158159,0.604021,-0.165664,-0.77956
0.809034,0.0515698,0.978966,-0.660642,0.623592,-0.417954,0.44577,0.773837,0.449962,0.604021,0.110952,-0.789207
0.809034,0.0513683,0.852176,-0.660642,0.728933,-0.179468,0.44577,0.573272,0.687494,0.604021,0.374186,-0.703664
0.809034,0.0945437,0.732964,-0.660642,0.746355,0.0806653,0.44577,0.303563,0.842104,0.604021,0.592287,-0.533249
0.809034,0.175888,0.635707,-0.660642,0.673755,0.331069,0.44577,-0.00276048,0.895143,0.604021,0.73895,-0.298516
0.809034,0.285591,0.572138,-0.660642,0.51989,0.541541,0.44577,-0.308751,0.840215,0.604021,0.796484,-0.0277777
0.809034,0.41042,0.549923,-0.660642,0.303319,0.686695,0.44577,-0.577502,0.683945,0.604021,0.757951,0.246311
0.809034,0.535319,0.571741,-0.660642,0.0501633,0.749023,0.44577,-0.776597,0.445181,0.604021,0.627997,0.490691
0.809034,0.645223,0.634962,-0.660642,-0.209043,0.721009,0.44577,-0.882023,0.152721,0.604021,0.422298,0.675887
0.809034,0.726876,0.731959,-0.660642,-0.443036,0.60603,0.44577,-0.881065,-0.158159,0.604021,0.165664,0.77956
0.809034,0.77043,0.851034,-0.660642,-0.623592,0.417954,0.44577,-0.773837,-0.449962,0.604021,-0.110952,0.789207
0.809034,0.770632,0.977824,-0.660642,-0.728933,0.179468,0.44577,-0.573272,-0.687494,0.604021,-0.374186,0.703664
0.90772,0.8164,0.943854,-0.857576,-0.513971,0.0199189,0.401584,-0.693248,-0.598446,0.321392,-0.505214,0.800916
0.90772,0.782082,1.08077,-0.857576,-0.489787,-0.157071,0.401584,-0.44676,-0.79946,0.321392,-0.748675,0.579821
0.90772,0.703007,1.19769,-0.857576,-0.406528,-0.315115,0.401584,-0.146385,-0.904047,0.321392,-0.901835,0.288792
0.90772,0.588712,1.28051,-0.857576,-0.274236,-0.435152,0.401584,0.171645,-0.899593,0.321392,-0.94622,-0.0370703
0.90772,0.452981,1.31925,-0.857576,-0.108866,-0.502703,0.401584,0.468973,-0.786635,0.321392,-0.876477,-0.358461
0.90772,0.312187,1.30923,-0.857576,0.0696338,-0.509621,0.401584,0.709735,-0.578797,0.321392,-0.701018,-0.636616
0.90772,0.183312,1.25166,-0.857576,0.239735,-0.455071,0.401584,0.864893,-0.301148,0.321392,-0.441006,-0.837986
0.90772,0.0818989,1.15348,-0.857576,0.380921,-0.345633,0.401584,0.915732,0.0128248,0.321392,-0.127802,-0.938282
0.90772,0.0201803,1.02654,-0.857576,0.476162,-0.194506,0.401584,0.856121,0.32525,0.321392,0.200817,-0.925408
0.90772,0.0056003,0.886146,-0.857576,0.513971,-0.0199189,0.401584,0.693248,0.598446,0.321392,0.505214,-0.800916
0.90772,0.0399175,0.749231,-0.857576,0.489787,0.157071,0.401584,0.44676,0.79946,0.321392,0.748675,-0.579821
0.90772,0.118993,0.632311,-0.857576,0.406528,0.315115,0.401584,0.146385,0.904047,0.321392,0.901835,-0.288792
0.90772,0.233288,0.549487,-0.857576,0.274236,0.435152,0.401584,-0.171645,0.899593,0.321392,0.94622,0.0370703
0.90772,0.369019,0.510749,-0.857576,0.108866,0.502703,0.401584,-0.468973,0.786635,0.321392,0.876477,0.358461
0.90772,0.509813,0.52077,-0.857576,-0.0696338,0.509621,0.401584,-0.709735,0.578797,0.321392,0.701018,0.636616
0.90772,0.638688,0.578341,-0.857576,-0.239735,0.455071,0.401584,-0.864893,0.301148,0.321392,0.441006,0.837986
0.90772,0.740101,0.676517,-0.857576,-0.380921,0.345633,0.401584,-0.915732,-0.0128248,0.321392,0.127802,0.938282
0.90772,0.80182,0.803459,-0.857576,-0.476162,0.194506,0.401584,-0.856121,-0.32525,0.321392,-0.200817,0.925408
0.90772,0.8164,0.943854,-0.857576,-0.513971,0.0199189,0.401584,-0.693248,-0.598446,0.321392,-0.505214,0.800916
0.883612,0.191383,1.2481,0.961642,-0.252407,-0.107405,-0.0812368,0.111931,-0.99039,0.262003,0.961126,0.0871326
0.883612,0.0907008,1.1529,0.961642,-0.20045,-0.187256,-0.0812368,0.443914,-0.892379,0.262003,0.873362,0.410602
0.883612,0.0286516,1.029,0.961642,-0.124316,-0.244521,-0.0812368,0.722354,-0.686735,0.262003,0.680257,0.684547
0.883612,0.0127193,0.891355,0.961642,-0.0331879,-0.272293,-0.0812368,0.913668,-0.39826,0.262003,0.405104,0.875925
0.883612,0.0448255,0.756561,0.961642,0.0619432,-0.267223,-0.0812368,0.99478,-0.0617491,0.262003,0.0810888,0.961654
0.883612,0.121098,0.640877,0.961642,0.149603,-0.229921,-0.0812368,0.955907,0.28221,0.262003,-0.252707,0.931394
0.883612,0.232336,0.558256,0.961642,0.219219,-0.164888,-0.0812368,0.801737,0.59213,0.262003,-0.556022,0.788793
0.883612,0.365125,0.518664,0.961642,0.262393,-0.0799669,-0.0812368,0.550866,0.83063,0.262003,-0.792273,0.551052
0.883612,0.503446,0.526876,0.961642,0.273919,0.0145994,-0.0812368,0.233553,0.968945,0.262003,-0.932964,0.246846
0.883612,0.630617,0.581901,0.961642,0.252407,0.107405,-0.0812368,-0.111931,0.99039,0.262003,-0.961126,-0.0871326
0.883612,0.731299,0.677103,0.961642,0.20045,0.187256,-0.0812368,-0.443914,0.892379,0.262003,-0.873362,-0.410602
0.883612,0.793348,0.800999,0.961642,0.124316,0.244521,-0.0812368,-0.722354,0.686735,0.262003,-0.680257,-0.684547
0.883612,0.809281,0.938645,0.961642,0.0331879,0.272293,-0.0812368,-0.913668,0.39826,0.262003,-0.405104,-0.875925
0.883612,0.777175,1.07344,0.961642,-0.0619432,0.267223,-0.0812368,-0.99478,0.0617491,0.262003,-0.0810888,-0.961654
0.883612,0.700902,1.18912,0.961642,-0.149603,0.229921,-0.0812368,-0.955907,-0.28221,0.262003,0.252707,-0.931394
0.883612,0.589664,1.27174,0.961642,-0.219219,0.164888,-0.0812368,-0.801737,-0.59213,0.262003,0.556022,-0.788793
0.883612,0.456875,1.31134,0.961642,-0.262393,0.0799669,-0.0812368,-0.550866,-0.83063,0.262003,0.792273,-0.551052
0.883612,0.318554,1.30312,0.961642,-0.273919,-0.0145994,-0.0812368,-0.233553,-0.968945,0.262003,0.932964,-0.246846
0.883612,0.191383,1.2481,0.961642,-0.252407,-0.107405,-0.0812368,0.111931,-0.99039,0.262003,0.961126,0.0871326
0.763622,0.246994,1.20682,0.856221,-0.509796,0.0836335,0.156285,0.101305,-0.982503,0.492403,0.85431,0.166413
0.763622,0.157075,1.13313,0.856221,-0.507656,-0.0957706,0.156285,0.431231,-0.888603,0.492403,0.745872,0.448568
0.763622,0.0977837,1.03313,0.856221,-0.444285,-0.263623,0.156285,0.709145,-0.687524,0.492403,0.547471,0.67662
0.763622,0.0762705,0.918878,0.856221,-0.327327,-0.399679,0.156285,0.901525,-0.403519,0.492403,0.283037,0.823061
0.763622,0.0951307,0.80416,0.856221,-0.170888,-0.487528,0.156285,0.985168,-0.0708442,0.492403,-0.0155352,0.870229
0.763622,0.152089,0.702811,0.856221,0.0061622,-0.516573,0.156285,0.949985,0.270376,0.492403,-0.312234,0.812434
0.763622,0.240277,0.627055,0.856221,0.182469,-0.483313,0.156285,0.80022,0.578984,0.492403,-0.571273,0.656648
0.763622,0.349055,0.586029,0.856221,0.336768,-0.391757,0.156285,0.553937,0.817758,0.492403,-0.761408,0.42166
0.763622,0.465306,0.584682,0.856221,0.450447,-0.25295,0.156285,0.240841,0.957899,0.492403,-0.859705,0.135814
0.763622,0.575006,0.623177,0.856221,0.509796,-0.0836335,0.156285,-0.101305,0.982503,0.492403,-0.85431,-0.166413
0.763622,0.664925,0.696869,0.856221,0.507656,0.0957706,0.156285,-0.431231,0.888603,0.492403,-0.745872,-0.448568
0.763622,0.724216,0.796871,0.856221,0.444285,0.263623,0.156285,-0.709145,0.687524,0.492403,-0.547471,-0.67662
0.763622,0.745729,0.911122,0.856221,0.327327,0.399679,0.156285,-0.901525,0.403519,0.492403,-0.283037,-0.823061
0.763622,0.726869,1.02584,0.856221,0.170888,0.487528,0.156285,-0.985168,0.0708442,0.492403,0.0155352,-0.870229
0.763622,0.669911,1.12719,0.856221,-0.0061622,0.516573,0.156285,-0.949985,-0.270376,0.492403,0.312234,-0.812434
0.763622,0.581723,1.20295,0.856221,-0.182469,0.483313,0.156285,-0.80022,-0.578984,0.492403,0.571273,-0.656648
0.763622,0.472945,1.24397,0.856221,-0.336768,0.391757,0.156285,-0.553937,-0.817758,0.492403,0.761408,-0.42166
0.763622,0.356694,1.24532,0.856221,-0.450447,0.25295,0.156285,-0.240841,-0.957899,0.492403,0.859705,-0.135814
0.763622,0.246994,1.20682,0.856221,-0.509796,0.0836335,0.156285,0.101305,-0.982503,0.492403,0.85431,0.166413
0.674556,0.332205,1.14358,0.647527,-0.722709,0.241662,0.374957,0.0260867,-0.926675,0.663413,0.69066,0.287877
0.674556,0.258779,1.10284,0.647527,-0.761778,-0.0200935,0.374957,0.341455,-0.861867,0.663413,0.550548,0.506735
0.674556,0.203712,1.03945,0.647527,-0.708965,-0.279425,0.374957,0.615639,-0.693106,0.663413,0.344032,0.664474
0.674556,0.173648,0.961051,0.647527,-0.57064,-0.505054,0.374957,0.815567,-0.440746,0.663413,0.096021,0.742067
0.674556,0.172212,0.877094,0.647527,-0.363487,-0.669766,0.374957,0.917127,-0.135225,0.663413,-0.163572,0.730156
0.674556,0.199577,0.79771,0.647527,-0.112493,-0.753694,0.374957,0.908067,0.186606,0.663413,-0.403435,0.630178
0.674556,0.252443,0.732473,0.647527,0.15207,-0.746716,0.374957,0.789481,0.485929,0.663413,-0.594639,0.45419
0.674556,0.324433,0.689251,0.647527,0.39829,-0.649672,0.374957,0.575672,0.726642,0.663413,-0.71412,0.223421
0.674556,0.406865,0.673257,0.647527,0.596472,-0.474269,0.374957,0.292428,0.879712,0.663413,-0.747467,-0.0342964
0.674556,0.489795,0.686422,0.647527,0.722709,-0.241662,0.374957,-0.0260867,0.926675,0.663413,-0.69066,-0.287877
0.674556,0.563221,0.727156,0.647527,0.761778,0.0200935,0.374957,-0.341455,0.861867,0.663413,-0.550548,-0.506735
0.674556,0.618288,0.790547,0.647527,0.708965,0.279425,0.374957,-0.615639,0.693106,0.663413,-0.344032,-0.664474
0.674556,0.648352,0.868949,0.647527,0.57064,0.505054,0.374957,-0.815567,0.440746,0.663413,-0.096021,-0.742067
0.674556,0.649788,0.952906,0.647527,0.363487,0.669766,0.374957,-0.917127,0.135225,0.663413,0.163572,-0.730156
0.674556,0.622423,1.03229,0.647527,0.112493,0.753694,0.374957,-0.908067,-0.186606,0.663413,0.403435,-0.630178
0.674556,0.569557,1.09753,0.647527,-0.15207,0.746716,0.374957,-0.789481,-0.485929,0.663413,0.594639,-0.45419
0.674556,0.497567,1.14075,0.647527,-0.39829,0.649672,0.374957,-0.575672,-0.726642,0.663413,0.71412,-0.223421
0.674556,0.415135,1.15674,0.647527,-0.596472,0.474269,0.374957,-0.292428,-0.879712,0.663413,0.747467,0.0342964
0.674556,0.332205,1.14358,0.647527,-0.722709,0.241662,0.374957,0.0260867,-0.926675,0.663413,0.69066,0.287877
0.627155,0.436739,1.06599,0.360731,-0.865467,0.347619,0.548404,-0.104651,-0.829639,0.754404,0.489913,0.436875
0.627155,0.383544,1.06569,0.360731,-0.932166,0.0306477,0.548404,0.185414,-0.815399,0.754404,0.310947,0.578088
0.627155,0.333661,1.04721,0.360731,-0.886432,-0.29002,0.548404,0.453115,-0.702809,0.754404,0.0944771,0.649575
0.627155,0.293107,1.01279,0.360731,-0.733781,-0.575707,0.548404,0.666163,-0.50545,0.754404,-0.133388,0.642714
0.627155,0.266772,0.966567,0.360731,-0.492625,-0.791956,0.548404,0.798863,-0.247126,0.754404,-0.345165,0.558332
0.627155,0.257833,0.914128,0.360731,-0.192051,-0.912682,0.548404,0.835208,0.0410043,0.754404,-0.51531,0.406607
0.627155,0.267368,0.861795,0.360731,0.131687,-0.923326,0.548404,0.770814,0.324189,0.754404,-0.623301,0.205839
0.627155,0.294227,0.815878,0.360731,0.439541,-0.822603,0.548404,0.613449,0.568272,0.754404,-0.656112,-0.0197558
0.627155,0.335171,0.781917,0.360731,0.694381,-0.622662,0.548404,0.382093,0.743813,0.754404,-0.609787,-0.242968
0.627155,0.385261,0.764008,0.360731,0.865467,-0.347619,0.548404,0.104651,0.829639,0.754404,-0.489913,-0.436875
0.627155,0.438456,0.764311,0.360731,0.932166,-0.0306477,0.548404,-0.185414,0.815399,0.754404,-0.310947,-0.578088
0.627155,0.488339,0.782789,0.360731,0.886432,0.29002,0.548404,-0.453115,0.702809,0.754404,-0.0944771,-0.649575
0.627155,0.528893,0.817214,0.360731,0.733781,0.575707,0.548404,-0.666163,0.50545,0.754404,0.133388,-0.642714
0.627155,0.555228,0.863433,0.360731,0.492625,0.791956,0.548404,-0.798863,0.247126,0.754404,0.345165,-0.558332
0.627155,0.564167,0.915872,0.360731,0.192051,0.912682,0.548404,-0.835208,-0.0410043,0.754404,0.51531,-0.406607
0.627155,0.554632,0.968205,0.360731,-0.131687,0.923326,0.548404,-0.770814,-0.324189,0.754404,0.623301,-0.205839
0.627155,0.527773,1.01412,0.360731,-0.439541,0.822603,0.548404,-0.613449,-0.568272,0.754404,0.656112,0.0197558
0.627155,0.486829,1.04808,0.360731,-0.694381,0.622662,0.548404,-0.382093,-0.743813,0.754404,0.609787,0.242968
0.627155,0.436739,1.06599,0.360731,-0.865467,0.347619,0.548404,-0.104651,-0.829639,0.754404,0.489913,0.436875
0.627137,0.547986,0.983422,0.0304265,-0.920851,0.388726,0.655705,-0.275139,-0.7031,0.754404,0.276282,0.595435
0.627137,0.516323,1.02615,0.0304265,-0.998269,0.050333,0.655705,-0.0180719,-0.754801,0.754404,0.0559696,0.65402
0.627137,0.471957,1.05547,0.0304265,-0.955281,-0.294131,0.655705,0.241175,-0.715462,0.754404,-0.171094,0.63372
0.627137,0.420238,1.06784,0.0304265,-0.797072,-0.603118,0.655705,0.471333,-0.589828,0.754404,-0.377521,0.536985
0.627137,0.367405,1.06179,0.0304265,-0.542724,-0.83936,0.655705,0.644641,-0.393051,0.754404,-0.538413,0.375481
0.627137,0.31983,1.03802,0.0304265,-0.222916,-0.974363,0.655705,0.740196,-0.148867,0.754404,-0.634365,0.168689
0.627137,0.283252,0.999423,0.0304265,0.123779,-0.991843,0.655705,0.746472,0.113273,0.754404,-0.653803,-0.0584501
0.627137,0.262082,0.950639,0.0304265,0.455545,-0.889693,0.655705,0.662713,0.36175,0.754404,-0.594383,-0.278539
0.627137,0.258873,0.897556,0.0304265,0.732365,-0.680232,0.655705,0.499021,0.566595,0.754404,-0.463271,-0.465032
0.627137,0.274014,0.846578,0.0304265,0.920851,-0.388726,0.655705,0.275139,0.7031,0.754404,-0.276282,-0.595435
0.627137,0.305677,0.803852,0.0304265,0.998269,-0.050333,0.655705,0.0180719,0.754801,0.754404,-0.0559696,-0.65402
0.627137,0.350043,0.774533,0.0304265,0.955281,0.294131,0.655705,-0.241175,0.715462,0.754404,0.171094,-0.63372
0.627137,0.401762,0.762156,0.0304265,0.797072,0.603118,0.655705,-0.471333,0.589828,0.754404,0.377521,-0.536985
0.627137,0.454595,0.768214,0.0304265,0.542724,0.83936,0.655705,-0.644641,0.393051,0.754404,0.538413,-0.375481
0.627137,0.50217,0.791976,0.0304265,0.222916,0.974363,0.655705,-0.740196,0.148867,0.754404,0.634365,-0.168689
0.627137,0.538748,0.830577,0.0304265,-0.123779,0.991843,0.655705,-0.746472,-0.113273,0.754404,0.653803,0.0584501
0.627137,0.559918,0.879361,0.0304265,-0.455545,0.889693,0.655705,-0.662713,-0.36175,0.754404,0.594383,0.278539
0.627137,0.563127,0.932444,0.0304265,-0.732365,0.680232,0.655705,-0.499021,-0.566595,0.754404,0.463271,0.465032
0.627137,0.547986,0.983422,0.0304265,-0.920851,0.388726,0.655705,-0.275139,-0.7031,0.754404,0.276282,0.595435
0.674504,0.65253,0.905828,-0.303548,-0.88218,0.360023,0.683918,-0.464815,-0.56232,0.663411,0.0755353,0.744432
0.674504,0.641101,0.988989,-0.303548,-0.952113,0.036588,0.683918,-0.244458,-0.687384,0.663411,-0.183631,0.725372
0.674504,0.601918,1.06323,-0.303548,-0.907208,-0.29126,0.683918,0.0053834,-0.729539,0.663411,-0.420649,0.618822
0.674504,0.539708,1.11958,-0.303548,-0.752879,-0.583979,0.683918,0.254576,-0.683701,0.663411,-0.60693,0.437632
0.674504,0.461974,1.15127,-0.303548,-0.507743,-0.80626,0.683918,0.473063,-0.555399,0.663411,-0.720006,0.203657
0.674504,0.378091,1.15445,-0.303548,-0.201365,-0.931295,0.683918,0.634491,-0.360107,0.663411,-0.746239,-0.0548816
0.674504,0.298178,1.12876,-0.303548,0.129301,-0.944002,0.683918,0.719391,-0.121382,0.663411,-0.682465,-0.306801
0.674504,0.231873,1.07728,-0.303548,0.444371,-0.842848,0.683918,0.717521,0.131985,0.663411,-0.536375,-0.521715
0.674504,0.187173,1.00623,-0.303548,0.705843,-0.640035,0.683918,0.629108,0.369432,0.663411,-0.325591,-0.673703
0.674504,0.16947,0.924172,-0.303548,0.88218,-0.360023,0.683918,0.464815,0.56232,0.663411,-0.0755353,-0.744432
0.674504,0.180899,0.841011,-0.303548,0.952113,-0.036588,0.683918,0.244458,0.687384,0.663411,0.183631,-0.725372
0.674504,0.220082,0.766774,-0.303548,0.907208,0.29126,0.683918,-0.0053834,0.729539,0.663411,0.420649,-0.618822
0.674504,0.282292,0.710415,-0.303548,0.752879,0.583979,0.683918,-0.254576,0.683701,0.663411,0.60693,-0.437632
0.674504,0.360026,0.678732,-0.303548,0.507743,0.80626,0.683918,-0.473063,0.555399,0.663411,0.720006,-0.203657
0.674504,0.443909,0.675547,-0.303548,0.201365,0.931295,0.683918,-0.634491,0.360107,0.663411,0.746239,0.0548816
0.674504,0.523822,0.701243,-0.303548,-0.129301,0.944002,0.683918,-0.719391,0.121382,0.663411,0.682465,0.306801
0.674504,0.590127,0.752722,-0.303548,-0.444371,0.842848,0.683918,-0.717521,-0.131985,0.663411,0.536375,0.521715
0.674504,0.634827,0.823773,-0.303548,-0.705843,0.640035,0.683918,-0.629108,-0.369432,0.663411,0.325591,0.673703
0.674504,0.65253,0.905828,-0.303548,-0.88218,0.360023,0.683918,-0.464815,-0.56232,0.663411,0.0755353,0.744432
0.763543,0.737759,0.842569,-0.60091,-0.754119,0.264974,0.629641,-0.6508,-0.424278,0.492402,-0.0881148,0.865896
0.763543,0.742826,0.958695,-0.60091,-0.799266,-0.00892951,0.629641,-0.46644,-0.621278,0.492402,-0.378955,0.783539
0.763543,0.70787,1.06955,-0.60091,-0.748011,-0.281756,0.629641,-0.225821,-0.743342,0.492402,-0.624087,0.606676
0.763543,0.637107,1.16177,-0.60091,-0.606534,-0.520599,0.629641,0.0420359,-0.775748,0.492402,-0.793946,0.356638
0.763543,0.539072,1.22422,-0.60091,-0.3919,-0.69665,0.629641,0.304822,-0.714588,0.492402,-0.868042,0.0635851
0.763543,0.425589,1.24937,-0.60091,-0.129997,-0.788674,0.629641,0.530843,-0.567238,0.492402,-0.83744,-0.237137
0.763543,0.310347,1.2342,-0.60091,0.147585,-0.785573,0.629641,0.692836,-0.35147,0.492402,-0.705831,-0.509258
0.763543,0.207245,1.18052,-0.60091,0.407366,-0.68772,0.629641,0.771263,-0.09331,0.492402,-0.489088,-0.719954
0.763543,0.128719,1.09482,-0.60091,0.618013,-0.506918,0.629641,0.756664,0.176105,0.492402,-0.213353,-0.843813
0.763543,0.0842405,0.987431,-0.60091,0.754119,-0.264974,0.629641,0.6508,0.424278,0.492402,0.0881148,-0.865896
0.763543,0.0791737,0.871305,-0.60091,0.799266,0.00892951,0.629641,0.46644,0.621278,0.492402,0.378955,-0.783539
0.763543,0.11413,0.760448,-0.60091,0.748011,0.281756,0.629641,0.225821,0.743342,0.492402,0.624087,-0.606676
0.763543,0.184893,0.668233,-0.60091,0.606534,0.520599,0.629641,-0.0420359,0.775748,0.492402,0.793946,-0.356638
0.763543,0.282928,0.605782,-0.60091,0.3919,0.69665,0.629641,-0.304822,0.714588,0.492402,0.868042,-0.0635851
0.763543,0.396411,0.580627,-0.60091,0.129997,0.788674,0.629641,-0.530843,0.567238,0.492402,0.83744,0.237137
0.763543,0.511653,0.595803,-0.60091,-0.147585,0.785573,0.629641,-0.692836,0.35147,0.492402,0.705831,0.509258
0.763543,0.614755,0.649478,-0.60091,-0.407366,0.68772,0.629641,-0.771263,0.09331,0.492402,0.489088,0.719954
0.763543,0.693281,0.735179,-0.60091,-0.618013,0.506918,0.629641,-0.756664,-0.176105,0.492402,0.213353,0.843813
0.763543,0.737759,0.842569,-0.60091,-0.754119,0.264974,0.629641,-0.6508,-0.424278,0.492402,-0.0881148,0.865896
0.883514,0.793396,0.801275,-0.825794,-0.552113,0.115042,0.499419,-0.810662,-0.305626,0.262001,-0.19493,0.945176
0.883514,0.809231,0.93892,-0.825794,-0.558164,-0.0807294,0.499419,-0.657243,-0.564457,0.262001,-0.506443,0.821505
0.883514,0.777033,1.07368,-0.825794,-0.496891,-0.266764,0.499419,-0.424551,-0.755207,0.262001,-0.756872,0.598749
0.883514,0.700687,1.1893,-0.825794,-0.375686,-0.420623,0.499419,-0.140651,-0.854867,0.262001,-0.916011,0.303774
0.883514,0.5894,1.27184,-0.825794,-0.209168,-0.523749,0.499419,0.160213,-0.851418,0.262001,-0.964666,-0.0278402
0.883514,0.456595,1.31133,-0.825794,-0.0174212,-0.563703,0.499419,0.441753,-0.745275,0.262001,-0.896968,-0.356096
0.883514,0.318291,1.30303,-0.825794,0.176427,-0.535666,0.499419,0.670011,-0.549241,0.262001,-0.721082,-0.641402
0.883514,0.191169,1.24792,-0.825794,0.348996,-0.443019,0.499419,0.817456,-0.28696,0.262001,-0.458223,-0.849345
0.883514,0.0905618,1.15265,-0.825794,0.47947,-0.296938,0.499419,0.866303,0.00993173,0.262001,-0.140095,-0.954845
0.883514,0.0286042,1.02873,-0.825794,0.552113,-0.115042,0.499419,0.810662,0.305626,0.262001,0.19493,-0.945176
0.883514,0.0127692,0.89108,-0.825794,0.558164,0.0807294,0.499419,0.657243,0.564457,0.262001,0.506443,-0.821505
0.883514,0.0449667,0.756319,-0.825794,0.496891,0.266764,0.499419,0.424551,0.755207,0.262001,0.756872,-0.598749
0.883514,0.121313,0.640698,-0.825794,0.375686,0.420623,0.499419,0.140651,0.854867,0.262001,0.916011,-0.303774
0.883514,0.2326,0.558162,-0.825794,0.209168,0.523749,0.499419,-0.160213,0.851418,0.262001,0.964666,0.0278402
0.883514,0.365405,0.518665,-0.825794,0.0174212,0.563703,0.499419,-0.441753,0.745275,0.262001,0.896968,0.356096
0.883514,0.503709,0.526973,-0.825794,-0.176427,0.535666,0.499419,-0.670011,0.549241,0.262001,0.721082,0.641402
0.883514,0.630831,0.582082,-0.825794,-0.348996,0.443019,0.499419,-0.817456,0.28696,0.262001,0.458223,0.849345
0.883514,0.731438,0.677346,-0.825794,-0.47947,0.296938,0.499419,-0.866303,-0.00993173,0.262001,0.140095,0.954845
0.883514,0.793396,0.801275,-0.825794,-0.552113,0.115042,0.499419,-0.810662,-0.305626,0.262001,-0.19493,0.945176
0.875863,0.0880618,1.14462,0.985232,-0.151374,-0.0800289,-0.00862081,0.422939,-0.906117,0.17101,0.893425,0.415388
0.875863,0.029004,1.02032,0.985232,-0.114874,-0.126976,-0.00862081,0.707343,-0.706818,0.17101,0.697474,0.695907
0.875863,0.0160204,0.883316,0.985232,-0.0645177,-0.158607,-0.00862081,0.906431,-0.422266,0.17101,0.417397,0.892488
0.875863,0.0506773,0.750136,0.985232,-0.00638001,-0.171108,-0.00862081,0.99619,-0.0867824,0.17101,0.0869758,0.981423
0.875863,0.128794,0.63684,0.985232,0.0525273,-0.162971,-0.00862081,0.965794,0.259168,0.17101,-0.253936,0.951983
0.875863,0.24095,0.557096,0.985232,0.105099,-0.135178,-0.00862081,0.818908,0.573859,0.17101,-0.564219,0.80772
0.875863,0.373615,0.520519,0.985232,0.144994,-0.0910794,-0.00862081,0.573251,0.819335,0.17101,-0.806449,0.566035
0.875863,0.51079,0.531523,0.985232,0.167401,-0.0359957,-0.00862081,0.258451,0.965986,0.17101,-0.95141,0.256077
0.875863,0.635929,0.58878,0.985232,0.169617,0.0234296,-0.00862081,-0.0875226,0.996125,0.17101,-0.981616,-0.0847678
0.875863,0.733938,0.685384,0.985232,0.151374,0.0800289,-0.00862081,-0.422939,0.906117,0.17101,-0.893425,-0.415388
0.875863,0.792996,0.809682,0.985232,0.114874,0.126976,-0.00862081,-0.707343,0.706818,0.17101,-0.697474,-0.695907
0.875863,0.80598,0.946684,0.985232,0.0645177,0.158607,-0.00862081,-0.906431,0.422266,0.17101,-0.417397,-0.892488
0.875863,0.771323,1.07986,0.985232,0.00638001,0.171108,-0.00862081,-0.99619,0.0867824,0.17101,-0.0869758,-0.981423
0.875863,0.693206,1.19316,0.985232,-0.0525273,0.162971,-0.00862081,-0.965794,-0.259168,0.17101,0.253936,-0.951983
0.875863,0.58105,1.2729,0.985232,-0.105099,0.135178,-0.00862081,-0.818908,-0.573859,0.17101,0.564219,-0.80772
0.875863,0.448385,1.30948,0.985232,-0.144994,0.0910794,-0.00862081,-0.573251,-0.819335,0.17101,0.806449,-0.566035
0.875863,0.31121,1.29848,0.985232,-0.167401,0.0359957,-0.00862081,-0.258451,-0.965986,0.17101,0.95141,-0.256077
0.875863,0.186071,1.24122,0.985232,-0.169617,-0.0234296,-0.00862081,0.0875226,-0.996125,0.17101,0.981616,0.0847678
0.875863,0.0880618,1.14462,0.985232,-0.151374,-0.0800289,-0.00862081,0.422939,-0.906117,0.17101,0.893425,0.415388
0.749059,0.146832,1.101,0.900555,-0.41838,0.118148,0.292759,0.382708,-0.876257,0.321393,0.823706,0.467135
0.749059,0.0991492,0.999428,0.900555,-0.433558,-0.0320722,0.292759,0.659326,-0.692518,0.321393,0.614261,0.720687
0.749059,0.0890799,0.887677,0.900555,-0.396442,-0.178423,0.292759,0.856419,-0.425252,0.321393,0.330727,0.887314
0.749059,0.117839,0.779222,0.900555,-0.311509,-0.303254,0.292759,0.950215,-0.106693,0.321393,0.00730277,0.946918
0.749059,0.181957,0.687143,0.900555,-0.189004,-0.391508,0.292759,0.929401,0.224734,0.321393,-0.317003,0.892309
0.749059,0.273702,0.622548,0.900555,-0.0437016,-0.43254,0.292759,0.796488,0.529055,0.321393,-0.603073,0.730075
0.749059,0.382007,0.593226,0.900555,0.106871,-0.421402,0.292759,0.567507,0.769564,0.321393,-0.816404,0.479783
0.749059,0.493808,0.602715,0.900555,0.244554,-0.359436,0.292759,0.270075,0.917252,0.321393,-0.931264,0.171622
0.749059,0.595622,0.64987,0.900555,0.35274,-0.254117,0.292759,-0.0599308,0.954306,0.321393,-0.9338,-0.157239
0.749059,0.675168,0.729004,0.900555,0.41838,-0.118148,0.292759,-0.382708,0.876257,0.321393,-0.823706,-0.467135
0.749059,0.722851,0.830572,0.900555,0.433558,0.0320722,0.292759,-0.659326,0.692518,0.321393,-0.614261,-0.720687
0.749059,0.73292,0.942323,0.900555,0.396442,0.178423,0.292759,-0.856419,0.425252,0.321393,-0.330727,-0.887314
0.749059,0.704161,1.05078,0.900555,0.311509,0.303254,0.292759,-0.950215,0.106693,0.321393,-0.00730277,-0.946918
0.749059,0.640043,1.14286,0.900555,0.189004,0.391508,0.292759,-0.929401,-0.224734,0.321393,0.317003,-0.892309
0.749059,0.548298,1.20745,0.900555,0.0437016,0.43254,0.292759,-0.796488,-0.529055,0.321393,0.603073,-0.730075
0.749059,0.439993,1.23677,0.900555,-0.106871,0.421402,0.292759,-0.567507,-0.769564,0.321393,0.816404,-0.479783
0.749059,0.328192,1.22728,0.900555,-0.244554,0.359436,0.292759,-0.270075,-0.917252,0.321393,0.931264,-0.171622
0.749059,0.226378,1.18013,0.900555,-0.35274,0.254117,0.292759,0.0599308,-0.954306,0.321393,0.9338,0.157239
0.749059,0.146832,1.101,0.900555,-0.41838,0.118148,0.292759,0.382708,-0.876257,0.321393,0.823706,0.467135
0.654934,0.236884,1.03416,0.707258,-0.646029,0.287112,0.558827,0.262133,-0.786764,0.433011,0.716891,0.546414
0.654934,0.20663,0.967421,0.707258,-0.705266,0.0488421,0.558827,0.515414,-0.649662,0.433011,0.486773,0.758653
0.654934,0.201026,0.894361,0.707258,-0.679439,-0.195319,0.558827,0.706528,-0.4342,0.433011,0.197942,0.879387
0.654934,0.220748,0.82379,0.707258,-0.571661,-0.415921,0.558827,0.812425,-0.166368,0.433011,-0.114763,0.894053
0.654934,0.263417,0.764221,0.707258,-0.394932,-0.586358,0.558827,0.820331,0.121531,0.433011,-0.413626,0.800884
0.654934,0.323887,0.722837,0.707258,-0.170568,-0.686071,0.558827,0.729293,0.394771,0.433011,-0.6626,0.611116
0.654934,0.394864,0.704632,0.707258,0.0743682,-0.703033,0.558827,0.550291,0.620396,0.433011,-0.831654,0.347639
0.654934,0.467787,0.7118,0.707258,0.310335,-0.6352,0.558827,0.304916,0.771193,0.433011,-0.900399,0.042231
0.654934,0.533861,0.743477,0.707258,0.50887,-0.490752,0.558827,0.0227644,0.828971,0.433011,-0.860542,-0.26827
0.654934,0.585116,0.795842,0.707258,0.646029,-0.287112,0.558827,-0.262133,0.786764,0.433011,-0.716891,-0.546414
0.654934,0.61537,0.862579,0.707258,0.705266,-0.0488421,0.558827,-0.515414,0.649662,0.433011,-0.486773,-0.758653
0.654934,0.620974,0.935639,0.707258,0.679439,0.195319,0.558827,-0.706528,0.4342,0.433011,-0.197942,-0.879387
0.654934,0.601252,1.00621,0.707258,0.571661,0.415921,0.558827,-0.812425,0.166368,0.433011,0.114763,-0.894053
0.654934,0.558583,1.06578,0.707258,0.394932,0.586358,0.558827,-0.820331,-0.121531,0.433011,0.413626,-0.800884
0.654934,0.498113,1.10716,0.707258,0.170568,0.686071,0.558827,-0.729293,-0.394771,0.433011,0.6626,-0.611116
0.654934,0.427136,1.12537,0.707258,-0.0743682,0.703033,0.558827,-0.550291,-0.620396,0.433011,0.831654,-0.347639
0.654934,0.354213,1.1182,0.707258,-0.310335,0.6352,0.558827,-0.304916,-0.771193,0.433011,0.900399,-0.042231
