0.658953,0.207368,0.90633,0.308961,0.0361509,0.950388,0.951075,-0.0117401,-0.308737,-3.49349e-06,0.999277,-0.0380094
0.907818,0.148685,0.599917,0.92986,0.281528,-0.236861,-0.179072,0.908706,0.377076,0.321394,-0.308212,0.895383
0.907818,0.2673,0.523388,0.92986,0.345561,-0.126288,-0.179072,0.724937,0.665131,0.321394,-0.595864,0.73597
0.907818,0.404935,0.492043,0.92986,0.367914,-0.000483124,-0.179072,0.45373,0.872962,0.321394,-0.811645,0.487788
0.907818,0.54499,0.509663,0.92986,0.345892,0.12538,-0.179072,0.127796,0.975501,0.321394,-0.929531,0.180772
0.907818,0.670573,0.574122,0.92986,0.282149,0.236121,-0.179072,-0.213552,0.960379,0.321394,-0.935301,-0.148048
0.907818,0.766536,0.677645,0.92986,0.184376,0.318382,-0.179072,-0.529142,0.829422,0.321394,-0.82826,-0.459011
0.907818,0.821305,0.807746,0.92986,0.0643635,0.362241,-0.179072,-0.78091,0.598425,0.321394,-0.621318,-0.714611
0.907818,0.828273,0.948733,0.92986,-0.0634119,0.362409,-0.179072,-0.938489,0.295248,0.321394,-0.339437,-0.884018
0.907818,0.786601,1.0836,0.92986,-0.183539,0.318865,-0.179072,-0.982872,-0.0435393,0.321394,-0.0166144,-0.9468
0.907818,0.701315,1.19608,0.92986,-0.281528,0.236861,-0.179072,-0.908706,-0.377076,0.321394,0.308212,-0.895383
0.907818,0.5827,1.27261,0.92986,-0.345561,0.126288,-0.179072,-0.724937,-0.665131,0.321394,0.595864,-0.73597
0.907818,0.445065,1.30396,0.92986,-0.367914,0.000483124,-0.179072,-0.45373,-0.872962,0.321394,0.811645,-0.487788
0.907818,0.30501,1.28634,0.92986,-0.345892,-0.12538,-0.179072,-0.127796,-0.975501,0.321394,0.929531,-0.180772
0.907818,0.179427,1.22188,0.92986,-0.282149,-0.236121,-0.179072,0.213552,-0.960379,0.321394,0.935301,0.148048
0.907818,0.0834638,1.11836,0.92986,-0.184376,-0.318382,-0.179072,0.529142,-0.829422,0.321394,0.82826,0.459011
0.907818,0.028695,0.988254,0.92986,-0.0643635,-0.362241,-0.179072,0.78091,-0.598425,0.321394,0.621318,0.714611
0.907818,0.0217265,0.847267,0.92986,0.0634119,-0.362409,-0.179072,0.938489,-0.295248,0.321394,0.339437,0.884018
0.907818,0.0633987,0.712399,0.92986,0.183539,-0.318865,-0.179072,0.982872,0.0435393,0.321394,0.0166144,0.9468
0.907818,0.148685,0.599917,0.92986,0.281528,-0.236861,-0.179072,0.908706,0.377076,0.321394,-0.308212,0.895383
0.809114,0.150851,0.656841,0.796489,0.269958,-0.541043,-0.0275851,0.910091,0.413489,0.604023,-0.314415,0.732325
0.809114,0.249865,0.57762,0.796489,0.438725,-0.416083,-0.0275851,0.713785,0.699822,0.604023,-0.545923,0.580624
0.809114,0.370003,0.537042,0.796489,0.554575,-0.240937,-0.0275851,0.431385,0.901746,0.604023,-0.711585,0.358892
0.809114,0.496775,0.54,0.796489,0.603536,-0.0367311,-0.0275851,0.0969541,0.994907,0.604023,-0.791419,0.0938715
0.809114,0.614889,0.586139,0.796489,0.579701,0.171905,-0.0275851,-0.249171,0.968067,0.604023,-0.775797,-0.182471
0.809114,0.710101,0.669892,0.796489,0.485946,0.359808,-0.0275851,-0.565242,0.824463,0.604023,-0.666602,-0.436805
0.809114,0.770924,0.781159,0.796489,0.333578,0.504312,-0.0275851,-0.813137,0.581418,0.604023,-0.477005,-0.638453
0.809114,0.790024,0.906519,0.796489,0.140976,0.587988,-0.0275851,-0.962956,0.268245,0.604023,-0.229874,-0.763095
0.809114,0.765097,1.03085,0.796489,-0.0686298,0.600745,-0.0275851,-0.996628,-0.0772826,0.604023,0.0449832,-0.795696
0.809114,0.699149,1.13916,0.796489,-0.269958,0.541043,-0.0275851,-0.910091,-0.413489,0.604023,0.314415,-0.732325
0.809114,0.600135,1.21838,0.796489,-0.438725,0.416083,-0.0275851,-0.713785,-0.699822,0.604023,0.545923,-0.580624
0.809114,0.479997,1.25896,0.796489,-0.554575,0.240937,-0.0275851,-0.431385,-0.901746,0.604023,0.711585,-0.358892
0.809114,0.353225,1.256,0.796489,-0.603536,0.0367311,-0.0275851,-0.0969541,-0.994907,0.604023,0.791419,-0.0938715
0.809114,0.235111,1.20986,0.796489,-0.579701,-0.171905,-0.0275851,0.249171,-0.968067,0.604023,0.775797,0.182471
0.809114,0.139899,1.12611,0.796489,-0.485946,-0.359808,-0.0275851,0.565242,-0.824463,0.604023,0.666602,0.436805
0.809114,0.0790757,1.01484,0.796489,-0.333578,-0.504312,-0.0275851,0.813137,-0.581418,0.604023,0.477005,0.638453
0.809114,0.0599756,0.889481,0.796489,-0.140976,-0.587988,-0.0275851,0.962956,-0.268245,0.604023,0.229874,0.763095
0.809114,0.0849028,0.765149,0.796489,0.0686298,-0.600745,-0.0275851,0.996628,0.0772826,0.604023,-0.0449832,0.795696
0.809114,0.150851,0.656841,0.796489,0.269958,-0.541043,-0.0275851,0.910091,0.413489,0.604023,-0.314415,0.732325
0.735846,0.154169,0.744067,0.567051,0.260819,-0.781298,0.127229,0.909424,0.395931,0.813797,-0.323917,0.482506
0.735846,0.22315,0.660721,0.567051,0.512309,-0.644975,0.127229,0.719162,0.683095,0.813797,-0.469409,0.342621
0.735846,0.316477,0.605993,0.567051,0.702008,-0.430858,0.127229,0.442159,0.887867,0.813797,-0.558284,0.161411
0.735846,0.422894,0.586487,0.567051,0.807033,-0.164773,0.127229,0.111825,0.98555,0.813797,-0.579821,-0.0392677
0.735846,0.529565,0.604553,0.567051,0.814719,0.121186,0.127229,-0.231996,0.96436,0.813797,-0.531423,-0.23521
0.735846,0.623624,0.658013,0.567051,0.724138,0.392527,0.127229,-0.547836,0.826855,0.813797,-0.418928,-0.402782
0.735846,0.693726,0.74042,0.567051,0.546215,0.616525,0.127229,-0.797598,0.589618,0.813797,-0.255904,-0.521773
0.735846,0.731415,0.841832,0.567051,0.30241,0.76616,0.127229,-0.951159,0.281265,0.813797,-0.0620137,-0.577831
0.735846,0.732146,0.95002,0.567051,0.02213,0.823385,0.127229,-0.989995,-0.0610126,0.813797,0.139356,-0.564193
0.735846,0.695831,1.05193,0.567051,-0.260819,0.781298,0.127229,-0.909424,-0.395931,0.813797,0.323917,-0.482506
0.735846,0.62685,1.13528,0.567051,-0.512309,0.644975,0.127229,-0.719162,-0.683095,0.813797,0.469409,-0.342621
0.735846,0.533523,1.19001,0.567051,-0.702008,0.430858,0.127229,-0.442159,-0.887867,0.813797,0.558284,-0.161411
0.735846,0.427106,1.20951,0.567051,-0.807033,0.164773,0.127229,-0.111825,-0.98555,0.813797,0.579821,0.0392677
0.735846,0.320435,1.19145,0.567051,-0.814719,-0.121186,0.127229,0.231996,-0.96436,0.813797,0.531423,0.23521
0.735846,0.226376,1.13799,0.567051,-0.724138,-0.392527,0.127229,0.547836,-0.826855,0.813797,0.418928,0.402782
0.735846,0.156274,1.05558,0.567051,-0.546215,-0.616525,0.127229,0.797598,-0.589618,0.813797,0.255904,0.521773
0.735846,0.118585,0.954168,0.567051,-0.30241,-0.76616,0.127229,0.951159,-0.281265,0.813797,0.0620137,0.577831
0.735846,0.117854,0.84598,0.567051,-0.02213,-0.823385,0.127229,0.989995,0.0610126,0.813797,-0.139356,0.564193
0.735846,0.154169,0.744067,0.567051,0.260819,-0.781298,0.127229,0.909424,0.395931,0.813797,-0.323917,0.482506
0.696852,0.158239,0.851073,0.269218,0.255214,-0.928648,0.266698,0.906783,0.326522,0.925416,-0.335574,0.176057
0.696852,0.190376,0.762666,0.269218,0.557439,-0.785356,0.266698,0.740421,0.616968,0.925416,-0.375551,0.0506666
0.696852,0.250813,0.690581,0.269218,0.792429,-0.547337,0.266698,0.484752,0.832999,0.925416,-0.370232,-0.0808351
0.696852,0.332259,0.643515,0.269218,0.93184,-0.243302,0.266698,0.170616,0.948558,0.925416,-0.320257,-0.202587
0.696852,0.424891,0.627143,0.269218,0.958857,0.0900787,0.266698,-0.1641,0.949707,0.925416,-0.231654,-0.299904
0.696852,0.517536,0.64344,0.269218,0.870223,0.412595,0.266698,-0.479022,0.836307,0.925416,-0.115111,-0.361048
0.696852,0.59902,0.690441,0.269218,0.676626,0.685346,0.266698,-0.736168,0.622037,0.925416,0.015317,-0.378644
0.696852,0.659515,0.762477,0.269218,0.401418,0.875434,0.266698,-0.90452,0.332739,0.925416,0.143897,-0.35057
0.696852,0.691723,0.850859,0.269218,0.0777937,0.959932,0.266698,-0.963775,0.0033083,0.925416,0.255121,-0.280213
0.696852,0.691761,0.944927,0.269218,-0.255214,0.928648,0.266698,-0.906783,-0.326522,0.925416,0.335574,-0.176057
0.696852,0.659624,1.03333,0.269218,-0.557439,0.785356,0.266698,-0.740421,-0.616968,0.925416,0.375551,-0.0506666
0.696852,0.599187,1.10542,0.269218,-0.792429,0.547337,0.266698,-0.484752,-0.832999,0.925416,0.370232,0.0808351
0.696852,0.517741,1.15249,0.269218,-0.93184,0.243302,0.266698,-0.170616,-0.948558,0.925416,0.320257,0.202587
0.696852,0.425109,1.16886,0.269218,-0.958857,-0.0900787,0.266698,0.1641,-0.949707,0.925416,0.231654,0.299904
0.696852,0.332464,1.15256,0.269218,-0.870223,-0.412595,0.266698,0.479022,-0.836307,0.925416,0.115111,0.361048
0.696852,0.25098,1.10556,0.269218,-0.676626,-0.685346,0.266698,0.736168,-0.622037,0.925416,-0.015317,0.378644
0.696852,0.190485,1.03352,0.269218,-0.401418,-0.875434,0.266698,0.90452,-0.332739,0.925416,-0.143897,0.35057
0.696852,0.158277,0.945141,0.269218,-0.0777937,-0.959932,0.266698,0.963775,-0.0033083,0.925416,-0.255121,0.280213
0.696852,0.158239,0.851073,0.269218,0.255214,-0.928648,0.266698,0.906783,0.326522,0.925416,-0.335574,0.176057
0.696834,0.162571,0.964954,-0.061087,0.253819,-0.965321,0.373999,0.902489,0.213631,0.925415,-0.347979,-0.150058
0.696834,0.155498,0.87116,-0.061087,0.568671,-0.820294,0.373999,0.774996,0.509417,0.925415,-0.27567,-0.260024
0.696834,0.180931,0.780603,-0.061087,0.814933,-0.576327,0.373999,0.554027,0.74376,0.925415,-0.170111,-0.338628
0.696834,0.235802,0.704206,-0.061087,0.962902,-0.262847,0.373999,0.266235,0.888394,0.925415,-0.044035,-0.376388
0.696834,0.313493,0.651184,-0.061087,0.994731,0.0823368,0.373999,-0.0536699,0.925875,0.925415,0.0873528,-0.368749
0.696834,0.404634,0.627931,-0.061087,0.90658,0.417589,0.373999,-0.367101,0.851682,0.925415,0.208205,-0.316635
0.696834,0.498231,0.637253,-0.061087,0.709083,0.702474,0.373999,-0.636254,0.674763,0.925415,0.303944,-0.226329
0.696834,0.582996,0.678024,-0.061087,0.42606,0.90263,0.373999,-0.828666,0.416458,0.925415,0.363023,-0.108725
0.696834,0.648703,0.745328,-0.061087,0.0916472,0.993916,0.373999,-0.921129,0.107922,0.925415,0.378316,0.021993
0.696834,0.687429,0.831046,-0.061087,-0.253819,0.965321,0.373999,-0.902489,-0.213631,0.925415,0.347979,0.150058
0.696834,0.694502,0.92484,-0.061087,-0.568671,0.820294,0.373999,-0.774996,-0.509417,0.925415,0.27567,0.260024
0.696834,0.669069,1.0154,-0.061087,-0.814933,0.576327,0.373999,-0.554027,-0.74376,0.925415,0.170111,0.338628
0.696834,0.614198,1.09179,-0.061087,-0.962902,0.262847,0.373999,-0.266235,-0.888394,0.925415,0.044035,0.376388
0.696834,0.536507,1.14482,-0.061087,-0.994731,-0.0823368,0.373999,0.0536699,-0.925875,0.925415,-0.0873528,0.368749
0.696834,0.445366,1.16807,-0.061087,-0.90658,-0.417589,0.373999,0.367101,-0.851682,0.925415,-0.208205,0.316635
0.696834,0.351769,1.15875,-0.061087,-0.709083,-0.702474,0.373999,0.636254,-0.674763,0.925415,-0.303944,0.226329
0.696834,0.267004,1.11798,-0.061087,-0.42606,-0.90263,0.373999,0.828666,-0.416458,0.925415,-0.363023,0.108725
0.696834,0.201297,1.05067,-0.061087,-0.0916472,-0.993916,0.373999,0.921129,-0.107922,0.925415,-0.378316,-0.021993
0.696834,0.162571,0.964954,-0.061087,0.253819,-0.965321,0.373999,0.902489,0.213631,0.925415,-0.347979,-0.150058
0.735794,0.166641,1.07197,-0.384024,0.256802,-0.886892,0.43619,0.897059,0.0708762,0.813796,-0.359635,-0.456507
0.735794,0.12272,0.973117,-0.384024,0.54465,-0.745575,0.43619,0.818719,0.373414,0.813796,-0.181812,-0.551978
0.735794,0.115259,0.865201,-0.384024,0.766805,-0.51433,0.43619,0.641629,0.630913,0.813796,0.0179401,-0.580874
0.735794,0.145156,0.761241,-0.384024,0.896473,-0.221049,0.43619,0.387149,0.812314,0.813796,0.215529,-0.539707
0.735794,0.208807,0.673776,-0.384024,0.918012,0.0988937,0.43619,0.0859733,0.895738,0.813796,0.387121,-0.433443
0.735794,0.298534,0.613357,-0.384024,0.828825,0.406908,0.43619,-0.225572,0.871123,0.813796,0.512021,-0.2749
0.735794,0.403515,0.587269,-0.384024,0.63967,0.665844,0.43619,-0.50991,0.741438,0.813796,0.575164,-0.0832001
0.735794,0.511087,0.59866,-0.384024,0.373361,0.844468,0.43619,-0.732745,0.522324,0.813796,0.568934,0.118535
0.735794,0.608276,0.646156,-0.384024,0.0620198,0.921238,0.43619,-0.867201,0.24021,0.813796,0.494081,0.305973
0.735794,0.683359,0.724028,-0.384024,-0.256802,0.886892,0.43619,-0.897059,-0.0708762,0.813796,0.359635,0.456507
0.735794,0.72728,0.822883,-0.384024,-0.54465,0.745575,0.43619,-0.818719,-0.373414,0.813796,0.181812,0.551978
0.735794,0.734741,0.930799,-0.384024,-0.766805,0.51433,0.43619,-0.641629,-0.630913,0.813796,-0.0179401,0.580874
0.735794,0.704844,1.03476,-0.384024,-0.896473,0.221049,0.43619,-0.387149,-0.812314,0.813796,-0.215529,0.539707
0.735794,0.641193,1.12222,-0.384024,-0.918012,-0.0988937,0.43619,-0.0859733,-0.895738,0.813796,-0.387121,0.433443
0.735794,0.551466,1.18264,-0.384024,-0.828825,-0.406908,0.43619,0.225572,-0.871123,0.813796,-0.512021,0.2749
0.735794,0.446485,1.20873,-0.384024,-0.63967,-0.665844,0.43619,0.50991,-0.741438,0.813796,-0.575164,0.0832001
0.735794,0.338913,1.19734,-0.384024,-0.373361,-0.844468,0.43619,0.732745,-0.522324,0.813796,-0.568934,-0.118535
0.735794,0.241724,1.14984,-0.384024,-0.0620198,-0.921238,0.43619,0.867201,-0.24021,0.813796,-0.494081,-0.305973
0.735794,0.166641,1.07197,-0.384024,0.256802,-0.886892,0.43619,0.897059,0.0708762,0.813796,-0.359635,-0.456507
0.809034,0.16996,1.15922,-0.660642,0.263804,-0.702823,0.44577,0.891148,-0.0845248,0.604021,-0.369138,-0.706325
0.809034,0.0959981,1.05624,-0.660642,0.488274,-0.570211,0.44577,0.866314,0.225363,0.604021,-0.105299,-0.789981
0.809034,0.0617185,0.934171,-0.660642,0.653851,-0.368824,0.44577,0.73699,0.508069,0.604021,0.171241,-0.778354
0.809034,0.0712559,0.80774,-0.660642,0.740564,-0.12295,0.44577,0.518775,0.729494,0.604021,0.427127,-0.672846
0.809034,0.12346,0.692195,-0.660642,0.737954,0.137752,0.44577,0.237987,0.862932,0.604021,0.631495,-0.486182
0.809034,0.212035,0.601474,-0.660642,0.646336,0.38184,0.44577,-0.0715055,0.892287,0.604021,0.759695,-0.240878
0.809034,0.326296,0.546518,-0.660642,0.47676,0.579872,0.44577,-0.372373,0.814019,0.604021,0.796265,0.0334798
0.809034,0.452462,0.533957,-0.660642,0.24968,0.707963,0.44577,-0.628327,0.637569,0.604021,0.736793,0.303799
0.809034,0.575316,0.565304,-0.660642,-0.00751508,0.750664,0.44577,-0.808496,0.384218,0.604021,0.588454,0.537476
0.809034,0.68004,0.636779,-0.660642,-0.263804,0.702823,0.44577,-0.891148,0.0845248,0.604021,0.369138,0.706325
0.809034,0.754002,0.739761,-0.660642,-0.488274,0.570211,0.44577,-0.866314,-0.225363,0.604021,0.105299,0.789981
0.809034,0.788282,0.861829,-0.660642,-0.653851,0.368824,0.44577,-0.73699,-0.508069,0.604021,-0.171241,0.778354
0.809034,0.778744,0.98826,-0.660642,-0.740564,0.12295,0.44577,-0.518775,-0.729494,0.604021,-0.427127,0.672846
0.809034,0.72654,1.1038,-0.660642,-0.737954,-0.137752,0.44577,-0.237987,-0.862932,0.604021,-0.631495,0.486182
0.809034,0.637965,1.19453,-0.660642,-0.646336,-0.38184,0.44577,0.0715055,-0.892287,0.604021,-0.759695,0.240878
0.809034,0.523704,1.24948,-0.660642,-0.47676,-0.579872,0.44577,0.372373,-0.814019,0.604021,-0.796265,-0.0334798
0.809034,0.397538,1.26204,-0.660642,-0.24968,-0.707963,0.44577,0.628327,-0.637569,0.604021,-0.736793,-0.303799
0.809034,0.274684,1.2307,-0.660642,0.00751508,-0.750664,0.44577,0.808496,-0.384218,0.604021,-0.588454,-0.537476
0.809034,0.16996,1.15922,-0.660642,0.263804,-0.702823,0.44577,0.891148,-0.0845248,0.604021,-0.369138,-0.706325
0.90772,0.172127,1.21618,-0.857576,0.27398,-0.435313,0.401584,0.885469,-0.233828,0.321392,-0.37534,-0.869383
0.90772,0.0785539,1.1105,-0.857576,0.406343,-0.315354,0.401584,0.912042,0.0831215,0.321392,-0.0553581,-0.945327
0.90772,0.0267676,0.979194,-0.857576,0.489695,-0.157359,0.401584,0.82861,0.390046,0.321392,0.271301,-0.90725
0.90772,0.023014,0.838094,-0.857576,0.513982,0.0196165,0.401584,0.645235,0.649924,0.321392,0.565237,-0.759746
0.90772,0.0677459,0.704219,-0.857576,0.476276,0.194226,0.401584,0.384036,0.831413,0.321392,0.790998,-0.520605
0.90772,0.155568,0.593718,-0.857576,0.381124,0.345409,0.401584,0.0765158,0.91262,0.321392,0.921352,-0.218671
0.90772,0.275887,0.519917,-0.857576,0.240003,0.45493,0.401584,-0.240233,0.883752,0.321392,0.940578,0.109637
0.90772,0.414192,0.491719,-0.857576,0.0699336,0.50958,0.401584,-0.528007,0.748291,0.321392,0.846356,0.424722
0.90772,0.5538,0.512524,-0.857576,-0.108571,0.502767,0.401584,-0.752094,0.522575,0.321392,0.650051,0.688579
0.90772,0.677873,0.579823,-0.857576,-0.27398,0.435313,0.401584,-0.885469,0.233828,0.321392,0.37534,0.869383
0.90772,0.771446,0.685499,-0.857576,-0.406343,0.315354,0.401584,-0.912042,-0.0831215,0.321392,0.0553581,0.945327
0.90772,0.823232,0.816806,-0.857576,-0.489695,0.157359,0.401584,-0.82861,-0.390046,0.321392,-0.271301,0.90725
0.90772,0.826986,0.957906,-0.857576,-0.513982,-0.0196165,0.401584,-0.645235,-0.649924,0.321392,-0.565237,0.759746
0.90772,0.782254,1.09178,-0.857576,-0.476276,-0.194226,0.401584,-0.384036,-0.831413,0.321392,-0.790998,0.520605
0.90772,0.694432,1.20228,-0.857576,-0.381124,-0.345409,0.401584,-0.0765158,-0.91262,0.321392,-0.921352,0.218671
0.90772,0.574113,1.27608,-0.857576,-0.240003,-0.45493,0.401584,0.240233,-0.883752,0.321392,-0.940578,-0.109637
0.90772,0.435808,1.30428,-0.857576,-0.0699336,-0.50958,0.401584,0.528007,-0.748291,0.321392,-0.846356,-0.424722
0.90772,0.2962,1.28348,-0.857576,0.108571,-0.502767,0.401584,0.752094,-0.522575,0.321392,-0.650051,-0.688579
0.90772,0.172127,1.21618,-0.857576,0.27398,-0.435313,0.401584,0.885469,-0.233828,0.321392,-0.37534,-0.869383
0.883612,0.274265,0.528588,0.961642,0.231236,-0.147564,-0.0812368,0.753889,0.65196,0.262003,-0.614964,0.743756
0.883612,0.409702,0.499311,0.961642,0.26776,-0.0595771,-0.0812368,0.485441,0.870487,0.262003,-0.832257,0.488572
0.883612,0.546984,0.518123,0.961642,0.271989,0.0355952,-0.0812368,0.158441,0.984021,0.262003,-0.949167,0.174459
0.883612,0.669553,0.582753,0.961642,0.243412,0.126474,-0.0812368,-0.187669,0.978867,0.262003,-0.951594,-0.160696
0.883612,0.762625,0.685407,0.961642,0.185475,0.202099,-0.0812368,-0.511143,0.855648,0.262003,-0.839244,-0.476469
0.883612,0.814975,0.813702,0.961642,0.105168,0.253347,-0.0812368,-0.772966,0.629224,0.262003,-0.62567,-0.734773
0.883612,0.820288,0.952166,0.961642,0.0121759,0.274038,-0.0812368,-0.941558,0.326908,0.262003,-0.33663,-0.904453
0.883612,0.777924,1.0841,0.961642,-0.0822848,0.261676,-0.0812368,-0.996584,-0.0148393,0.262003,-0.00698757,-0.965042
0.883612,0.692991,1.19358,0.961642,-0.166821,0.217752,-0.0812368,-0.931408,-0.354796,0.262003,0.323498,-0.909233
0.883612,0.575735,1.26741,0.961642,-0.231236,0.147564,-0.0812368,-0.753889,-0.65196,0.262003,0.614964,-0.743756
0.883612,0.440298,1.29669,0.961642,-0.26776,0.0595771,-0.0812368,-0.485441,-0.870487,0.262003,0.832257,-0.488572
0.883612,0.303016,1.27788,0.961642,-0.271989,-0.0355952,-0.0812368,-0.158441,-0.984021,0.262003,0.949167,-0.174459
0.883612,0.180447,1.21325,0.961642,-0.243412,-0.126474,-0.0812368,0.187669,-0.978867,0.262003,0.951594,0.160696
0.883612,0.0873748,1.11059,0.961642,-0.185475,-0.202099,-0.0812368,0.511143,-0.855648,0.262003,0.839244,0.476469
0.883612,0.035025,0.982298,0.961642,-0.105168,-0.253347,-0.0812368,0.772966,-0.629224,0.262003,0.62567,0.734773
0.883612,0.0297119,0.843834,0.961642,-0.0121759,-0.274038,-0.0812368,0.941558,-0.326908,0.262003,0.33663,0.904453
0.883612,0.0720764,0.711905,0.961642,0.0822848,-0.261676,-0.0812368,0.996584,0.0148393,0.262003,0.00698757,0.965042
0.883612,0.157009,0.60242,0.961642,0.166821,-0.217752,-0.0812368,0.931408,0.354796,0.262003,-0.323498,0.909233
0.883612,0.274265,0.528588,0.961642,0.231236,-0.147564,-0.0812368,0.753889,0.65196,0.262003,-0.614964,0.743756
0.763622,0.276897,0.597793,0.856221,0.219052,-0.46787,0.156285,0.753386,0.638736,0.492403,-0.62002,0.61083
0.763622,0.388506,0.565243,0.856221,0.365862,-0.364734,0.156285,0.489491,0.857889,0.492403,-0.791545,0.361933
0.763622,0.504516,0.572829,0.856221,0.468545,-0.217605,0.156285,0.166556,0.973568,0.492403,-0.867597,0.0693818
0.763622,0.610936,0.619635,0.856221,0.514713,-0.0442306,0.156285,-0.176469,0.97182,0.492403,-0.839005,-0.231538
0.763622,0.694929,0.700017,0.856221,0.4988,0.134479,0.156285,-0.498208,0.852856,0.492403,-0.709216,-0.504531
0.763622,0.746364,0.804278,0.856221,0.422724,0.296969,0.156285,-0.759856,0.631025,0.492403,-0.493885,-0.71667
0.763622,0.759039,0.919843,0.856221,0.295661,0.42364,0.156285,-0.929855,0.333084,0.492403,-0.218984,-0.842369
0.763622,0.731423,1.03277,0.856221,0.132938,0.499213,0.156285,-0.987699,-0.00503282,0.492403,0.0823289,-0.866465
0.763622,0.666848,1.12945,0.856221,-0.0458204,0.514574,0.156285,-0.926412,-0.342542,0.492403,0.373712,-0.786052
0.763622,0.573103,1.19821,0.856221,-0.219052,0.46787,0.156285,-0.753386,-0.638736,0.492403,0.62002,-0.61083
0.763622,0.461494,1.23076,0.856221,-0.365862,0.364734,0.156285,-0.489491,-0.857889,0.492403,0.791545,-0.361933
0.763622,0.345484,1.22317,0.856221,-0.468545,0.217605,0.156285,-0.166556,-0.973568,0.492403,0.867597,-0.0693818
0.763622,0.239064,1.17636,0.856221,-0.514713,0.0442306,0.156285,0.176469,-0.97182,0.492403,0.839005,0.231538
0.763622,0.155071,1.09598,0.856221,-0.4988,-0.134479,0.156285,0.498208,-0.852856,0.492403,0.709216,0.504531
0.763622,0.103636,0.991722,0.856221,-0.422724,-0.296969,0.156285,0.759856,-0.631025,0.492403,0.493885,0.71667
0.763622,0.0909615,0.876157,0.856221,-0.295661,-0.42364,0.156285,0.929855,-0.333084,0.492403,0.218984,0.842369
0.763622,0.118577,0.763227,0.856221,-0.132938,-0.499213,0.156285,0.987699,0.00503282,0.492403,-0.0823289,0.866465
0.763622,0.183152,0.666552,0.856221,0.0458204,-0.514574,0.156285,0.926412,0.342542,0.492403,-0.373712,0.786052
0.763622,0.276897,0.597793,0.856221,0.219052,-0.46787,0.156285,0.753386,0.638736,0.492403,-0.62002,0.61083
0.674556,0.280931,0.703834,0.647527,0.208973,-0.73283,0.374957,0.749826,0.545131,0.663413,-0.627767,0.407176
0.674556,0.356028,0.666269,0.647527,0.447013,-0.617162,0.374957,0.51816,0.768711,0.663413,-0.72917,0.167911
0.674556,0.439444,0.656654,0.647527,0.631137,-0.427055,0.374957,0.223996,0.899574,0.663413,-0.742625,-0.0916058
0.674556,0.521118,0.676149,0.647527,0.739136,-0.185439,0.374957,-0.0971847,0.921934,0.663413,-0.666508,-0.340074
0.674556,0.591199,0.722403,0.647527,0.757984,0.078544,0.374957,-0.406644,0.833095,0.663413,-0.510001,-0.547524
0.674556,0.641234,0.789836,0.647527,0.685409,0.333053,0.374957,-0.667055,0.643773,0.663413,-0.29198,-0.688935
0.674556,0.665188,0.870316,0.647527,0.530162,0.547391,0.374957,-0.847011,0.376803,0.663413,-0.0387414,-0.74725
0.674556,0.660171,0.954134,0.647527,0.310971,0.695706,0.374957,-0.924804,0.0643839,0.663413,0.21917,-0.715436
0.674556,0.62679,1.03118,0.647527,0.0542718,0.760108,0.374957,-0.891052,-0.2558,0.663413,0.450646,-0.597329
0.674556,0.569069,1.09217,0.647527,-0.208973,0.73283,0.374957,-0.749826,-0.545131,0.663413,0.627767,-0.407176
0.674556,0.493972,1.12973,0.647527,-0.447013,0.617162,0.374957,-0.51816,-0.768711,0.663413,0.72917,-0.167911
0.674556,0.410556,1.13935,0.647527,-0.631137,0.427055,0.374957,-0.223996,-0.899574,0.663413,0.742625,0.0916058
0.674556,0.328882,1.11985,0.647527,-0.739136,0.185439,0.374957,0.0971847,-0.921934,0.663413,0.666508,0.340074
0.674556,0.258801,1.0736,0.647527,-0.757984,-0.078544,0.374957,0.406644,-0.833095,0.663413,0.510001,0.547524
0.674556,0.208766,1.00616,0.647527,-0.685409,-0.333053,0.374957,0.667055,-0.643773,0.663413,0.29198,0.688935
0.674556,0.184812,0.925684,0.647527,-0.530162,-0.547391,0.374957,0.847011,-0.376803,0.663413,0.0387414,0.74725
0.674556,0.189829,0.841866,0.647527,-0.310971,-0.695706,0.374957,0.924804,-0.0643839,0.663413,-0.21917,0.715436
0.674556,0.22321,0.764818,0.647527,-0.0542718,-0.760108,0.374957,0.891052,0.2558,0.663413,-0.450646,0.597329
0.674556,0.280931,0.703834,0.647527,0.208973,-0.73283,0.374957,0.749826,0.545131,0.663413,-0.627767,0.407176
0.627155,0.285879,0.83392,0.360731,0.202216,-0.910484,0.548404,0.743637,0.382436,0.754404,-0.63727,0.157357
0.627155,0.316186,0.790202,0.360731,0.501425,-0.786414,0.548404,0.56799,0.613711,0.754404,-0.652657,-0.0700914
0.627155,0.359617,0.759486,0.360731,0.740154,-0.56749,0.548404,0.323834,0.770963,0.754404,-0.589324,-0.289086
0.627155,0.410935,0.745477,0.360731,0.88961,-0.280118,0.548404,0.0406197,0.835226,0.754404,-0.45491,-0.473213
0.627155,0.463949,0.749865,0.360731,0.931766,0.0410396,0.548404,-0.247494,0.798749,0.754404,-0.265627,-0.600263
0.627155,0.512265,0.77212,0.360731,0.861538,0.357248,0.548404,-0.505757,0.66593,0.754404,-0.0443061,-0.654913
0.627155,0.550056,0.809558,0.360731,0.687395,0.630366,0.548404,-0.703018,0.452791,0.754404,0.182359,-0.63057
0.627155,0.572763,0.857663,0.360731,0.430342,0.827453,0.548404,-0.815484,0.185038,0.754404,0.387029,-0.530172
0.627155,0.577648,0.910633,0.360731,0.121383,0.924737,0.548404,-0.829591,-0.105033,0.754404,0.545018,-0.365827
0.627155,0.564121,0.96208,0.360731,-0.202216,0.910484,0.548404,-0.743637,-0.382436,0.754404,0.63727,-0.157357
0.627155,0.533814,1.0058,0.360731,-0.501425,0.786414,0.548404,-0.56799,-0.613711,0.754404,0.652657,0.0700914
0.627155,0.490383,1.03651,0.360731,-0.740154,0.56749,0.548404,-0.323834,-0.770963,0.754404,0.589324,0.289086
0.627155,0.439065,1.05052,0.360731,-0.88961,0.280118,0.548404,-0.0406197,-0.835226,0.754404,0.45491,0.473213
0.627155,0.386051,1.04613,0.360731,-0.931766,-0.0410396,0.548404,0.247494,-0.798749,0.754404,0.265627,0.600263
0.627155,0.337735,1.02388,0.360731,-0.861538,-0.357248,0.548404,0.505757,-0.66593,0.754404,0.0443061,0.654913
0.627155,0.299944,0.986442,0.360731,-0.687395,-0.630366,0.548404,0.703018,-0.452791,0.754404,-0.182359,0.63057
0.627155,0.277237,0.938337,0.360731,-0.430342,-0.827453,0.548404,0.815484,-0.185038,0.754404,-0.387029,0.530172
0.627155,0.272352,0.885367,0.360731,-0.121383,-0.924737,0.548404,0.829591,0.105033,0.754404,-0.545018,0.365827
0.627155,0.285879,0.83392,0.360731,0.202216,-0.910484,0.548404,0.743637,0.382436,0.754404,-0.63727,0.157357
0.627137,0.291145,0.972361,0.0304265,0.199594,-0.979406,0.655705,0.735567,0.170272,0.754404,-0.647382,-0.108494
0.627137,0.273784,0.922096,0.0304265,0.522534,-0.852076,0.655705,0.63297,0.411582,0.754404,-0.571233,-0.323369
0.627137,0.274663,0.868924,0.0304265,0.782448,-0.621972,0.655705,0.454028,0.603249,0.754404,-0.426185,-0.49924
0.627137,0.293674,0.819259,0.0304265,0.947988,-0.31685,0.655705,0.220323,0.722156,0.754404,-0.229732,-0.614896
0.627137,0.328525,0.779091,0.0304265,0.999186,0.0264897,0.655705,-0.0399555,0.753959,0.754404,-0.00557097,-0.656387
0.627137,0.375012,0.753266,0.0304265,0.929868,0.366634,0.655705,-0.295415,0.694825,0.754404,0.219262,-0.618707
0.627137,0.427529,0.744897,0.0304265,0.748394,0.662557,0.655705,-0.515243,0.551884,0.754404,0.41765,-0.506402
0.627137,0.47974,0.754996,0.0304265,0.476652,0.878565,0.655705,-0.672926,0.342377,0.754404,0.565662,-0.333018
0.627137,0.52535,0.782342,0.0304265,0.14742,0.988606,0.655705,-0.749443,0.0915752,0.754404,0.645447,-0.119467
0.627137,0.558855,0.823639,0.0304265,-0.199594,0.979406,0.655705,-0.735567,-0.170272,0.754404,0.647382,0.108494
0.627137,0.576216,0.873904,0.0304265,-0.522534,0.852076,0.655705,-0.63297,-0.411582,0.754404,0.571233,0.323369
0.627137,0.575337,0.927076,0.0304265,-0.782448,0.621972,0.655705,-0.454028,-0.603249,0.754404,0.426185,0.49924
0.627137,0.556326,0.976741,0.0304265,-0.947988,0.31685,0.655705,-0.220323,-0.722156,0.754404,0.229732,0.614896
0.627137,0.521475,1.01691,0.0304265,-0.999186,-0.0264897,0.655705,0.0399555,-0.753959,0.754404,0.00557097,0.656387
0.627137,0.474988,1.04273,0.0304265,-0.929868,-0.366634,0.655705,0.295415,-0.694825,0.754404,-0.219262,0.618707
0.627137,0.422471,1.0511,0.0304265,-0.748394,-0.662557,0.655705,0.515243,-0.551884,0.754404,-0.41765,0.506402
0.627137,0.37026,1.041,0.0304265,-0.476652,-0.878565,0.655705,0.672926,-0.342377,0.754404,-0.565662,0.333018
0.627137,0.32465,1.01366,0.0304265,-0.14742,-0.988606,0.655705,0.749443,-0.0915752,0.754404,-0.645447,0.119467
0.627137,0.291145,0.972361,0.0304265,0.199594,-0.979406,0.655705,0.735567,0.170272,0.754404,-0.647382,-0.108494
0.674504,0.296094,1.10246,-0.303548,0.201425,-0.931282,0.683918,0.726588,-0.0657688,0.663411,-0.656885,-0.358312
0.674504,0.233938,1.04604,-0.303548,0.507794,-0.806228,0.683918,0.705264,0.186705,0.663411,-0.49472,-0.561371
0.674504,0.194828,0.971766,-0.303548,0.752917,-0.58393,0.683918,0.598874,0.41666,0.663411,-0.272884,-0.696721
0.674504,0.183479,0.888594,-0.303548,0.907226,-0.291202,0.683918,0.420252,0.59636,0.663411,-0.0181346,-0.748035
0.674504,0.201262,0.806556,-0.303548,0.952111,0.036649,0.683918,0.19094,0.704129,0.663411,0.238802,-0.709125
0.674504,0.246031,0.735548,-0.303548,0.882157,0.36008,0.683918,-0.0614012,0.726971,0.663411,0.466936,-0.584685
0.674504,0.312386,0.684134,-0.303548,0.705802,0.64008,0.683918,-0.306337,0.662128,0.663411,0.63875,-0.389723
0.674504,0.392324,0.658515,-0.303548,0.444317,0.842877,0.683918,-0.514324,0.517424,0.663411,0.733522,-0.147754
0.674504,0.476203,0.661782,-0.303548,0.12924,0.94401,0.683918,-0.660276,0.31031,0.663411,0.73982,0.112036
0.674504,0.553906,0.69354,-0.303548,-0.201425,0.931282,0.683918,-0.726588,0.0657688,0.663411,0.656885,0.358312
0.674504,0.616062,0.749959,-0.303548,-0.507794,0.806228,0.683918,-0.705264,-0.186705,0.663411,0.49472,0.561371
0.674504,0.655172,0.824234,-0.303548,-0.752917,0.58393,0.683918,-0.598874,-0.41666,0.663411,0.272884,0.696721
0.674504,0.666521,0.907406,-0.303548,-0.907226,0.291202,0.683918,-0.420252,-0.59636,0.663411,0.0181346,0.748035
0.674504,0.648738,0.989444,-0.303548,-0.952111,-0.036649,0.683918,-0.19094,-0.704129,0.663411,-0.238802,0.709125
0.674504,0.603969,1.06045,-0.303548,-0.882157,-0.36008,0.683918,0.0614012,-0.726971,0.663411,-0.466936,0.584685
0.674504,0.537614,1.11187,-0.303548,-0.705802,-0.64008,0.683918,0.306337,-0.662128,0.663411,-0.63875,0.389723
0.674504,0.457676,1.13748,-0.303548,-0.444317,-0.842877,0.683918,0.514324,-0.517424,0.663411,-0.733522,0.147754
0.674504,0.373797,1.13422,-0.303548,-0.12924,-0.94401,0.683918,0.660276,-0.31031,0.663411,-0.73982,-0.112036
0.674504,0.296094,1.10246,-0.303548,0.201425,-0.931282,0.683918,0.726588,-0.0657688,0.663411,-0.656885,-0.358312
0.763543,0.300128,1.20852,-0.60091,0.207487,-0.771917,0.629641,0.717785,-0.297217,0.492402,-0.664631,-0.561966
0.763543,0.201453,1.14709,-0.60091,0.458985,-0.6544,0.629641,0.776151,-0.033796,0.492402,-0.432345,-0.755393
0.763543,0.129742,1.05561,-0.60091,0.655123,-0.457953,0.629641,0.740902,0.233701,0.492402,-0.147912,-0.857708
0.763543,0.0936426,0.94512,-0.60091,0.772243,-0.20627,0.629641,0.61629,0.473011,0.492402,0.154361,-0.856571
0.763543,0.09751,0.828947,-0.60091,0.79622,0.0702924,0.629641,0.417344,0.655269,0.492402,0.438017,-0.752118
0.763543,0.140878,0.721103,-0.60091,0.72416,0.338376,0.629641,0.16806,0.758491,0.492402,0.668841,-0.55695
0.763543,0.218515,0.634596,-0.60091,0.564757,0.565647,0.629641,-0.101495,0.770228,0.492402,0.818993,-0.294604
0.763543,0.321057,0.579859,-0.60091,0.337235,0.724693,0.629641,-0.358807,0.689065,0.492402,0.870362,0.00327437
0.763543,0.436136,0.563494,-0.60091,0.0690376,0.796329,0.629641,-0.572843,0.52479,0.492402,0.816753,0.300758
0.763543,0.549872,0.587476,-0.60091,-0.207487,0.771917,0.629641,-0.717785,0.297217,0.492402,0.664631,0.561966
0.763543,0.648547,0.648912,-0.60091,-0.458985,0.6544,0.629641,-0.776151,0.033796,0.492402,0.432345,0.755393
0.763543,0.720258,0.740391,-0.60091,-0.655123,0.457953,0.629641,-0.740902,-0.233701,0.492402,0.147912,0.857708
0.763543,0.756357,0.85088,-0.60091,-0.772243,0.20627,0.629641,-0.61629,-0.473011,0.492402,-0.154361,0.856571
0.763543,0.75249,0.967053,-0.60091,-0.79622,-0.0702924,0.629641,-0.417344,-0.655269,0.492402,-0.438017,0.752118
0.763543,0.709122,1.0749,-0.60091,-0.72416,-0.338376,0.629641,-0.16806,-0.758491,0.492402,-0.668841,0.55695
0.763543,0.631485,1.1614,-0.60091,-0.564757,-0.565647,0.629641,0.101495,-0.770228,0.492402,-0.818993,0.294604
0.763543,0.528943,1.21614,-0.60091,-0.337235,-0.724693,0.629641,0.358807,-0.689065,0.492402,-0.870362,-0.00327437
0.763543,0.413864,1.23251,-0.60091,-0.0690376,-0.796329,0.629641,0.572843,-0.52479,0.492402,-0.816753,-0.300758
0.763543,0.300128,1.20852,-0.60091,0.207487,-0.771917,0.629641,0.717785,-0.297217,0.492402,-0.664631,-0.561966
0.883514,0.302762,1.27776,-0.825794,0.217049,-0.520532,0.499419,0.710217,-0.496157,0.262001,-0.669687,-0.694892
0.883514,0.180248,1.21305,-0.825794,0.381992,-0.414905,0.499419,0.837082,-0.223326,0.262001,-0.391633,-0.882031
0.883514,0.0872549,1.11034,-0.825794,0.500861,-0.259235,0.499419,0.862982,0.0764405,0.262001,-0.0663427,-0.962785
0.883514,0.0349989,0.982019,-0.825794,0.559319,-0.0722965,0.499419,0.784793,0.366988,0.262001,0.26695,-0.927412
0.883514,0.0297828,0.843563,-0.825794,0.550314,0.123362,0.499419,0.611947,0.613271,0.262001,0.568045,-0.78018
0.883514,0.0722358,0.711674,-0.825794,0.474934,0.304141,0.499419,0.365291,0.785584,0.262001,0.800625,-0.538847
0.883514,0.157237,0.602258,-0.825794,0.34227,0.448236,0.499419,0.074576,0.863145,0.262001,0.936637,-0.232521
0.883514,0.274535,0.528514,-0.825794,0.168323,0.538267,0.499419,-0.225134,0.836597,0.262001,0.959678,0.101851
0.883514,0.409981,0.499334,-0.825794,-0.0259265,0.563375,0.499419,-0.49769,0.709144,0.262001,0.866967,0.423938
0.883514,0.547238,0.51824,-0.825794,-0.217049,0.520532,0.499419,-0.710217,0.496157,0.262001,0.669687,0.694892
0.883514,0.669752,0.58295,-0.825794,-0.381992,0.414905,0.499419,-0.837082,0.223326,0.262001,0.391633,0.882031
0.883514,0.762745,0.68566,-0.825794,-0.500861,0.259235,0.499419,-0.862982,-0.0764405,0.262001,0.0663427,0.962785
0.883514,0.815001,0.813981,-0.825794,-0.559319,0.0722965,0.499419,-0.784793,-0.366988,0.262001,-0.26695,0.927412
0.883514,0.820217,0.952437,-0.825794,-0.550314,-0.123362,0.499419,-0.611947,-0.613271,0.262001,-0.568045,0.78018
0.883514,0.777764,1.08433,-0.825794,-0.474934,-0.304141,0.499419,-0.365291,-0.785584,0.262001,-0.800625,0.538847
0.883514,0.692763,1.19374,-0.825794,-0.34227,-0.448236,0.499419,-0.074576,-0.863145,0.262001,-0.936637,0.232521
0.883514,0.575465,1.26749,-0.825794,-0.168323,-0.538267,0.499419,0.225134,-0.836597,0.262001,-0.959678,-0.101851
0.883514,0.440019,1.29667,-0.825794,0.0259265,-0.563375,0.499419,0.49769,-0.709144,0.262001,-0.866967,-0.423938
0.883514,0.302762,1.27776,-0.825794,0.217049,-0.520532,0.499419,0.710217,-0.496157,0.262001,-0.669687,-0.694892
0.875863,0.418025,0.501813,0.985232,0.151561,-0.0796738,-0.00862081,0.508627,0.860944,0.17101,-0.847542,0.502422
0.875863,0.553949,0.52332,0.985232,0.169671,-0.0230318,-0.00862081,0.183493,0.982983,0.17101,-0.968268,0.182245
0.875863,0.674321,0.59002,0.985232,0.167316,0.0363881,-0.00862081,-0.163773,0.98646,0.17101,-0.972206,-0.159912
0.875863,0.76462,0.693866,0.985232,0.14478,0.0914191,-0.00862081,-0.491286,0.870956,0.17101,-0.858881,-0.482782
0.875863,0.813957,0.822334,0.985232,0.104782,0.135424,-0.00862081,-0.759542,0.650401,0.17101,-0.641963,-0.747422
0.875863,0.816379,0.959928,0.985232,0.052145,0.163094,-0.00862081,-0.936186,0.351398,0.17101,-0.347615,-0.921911
0.875863,0.771596,1.09005,0.985232,-0.00678115,0.171093,-0.00862081,-0.999913,0.0100117,0.17101,-0.0113388,-0.985204
0.875863,0.685007,1.19701,0.985232,-0.0648894,0.158455,-0.00862081,-0.943035,-0.332582,0.17101,0.326305,-0.929667
0.875863,0.567059,1.26791,0.985232,-0.115171,0.126706,-0.00862081,-0.772413,-0.635062,0.17101,0.624591,-0.761999
0.875863,0.431975,1.29419,0.985232,-0.151561,0.0796738,-0.00862081,-0.508627,-0.860944,0.17101,0.847542,-0.502422
0.875863,0.296051,1.27268,0.985232,-0.169671,0.0230318,-0.00862081,-0.183493,-0.982983,0.17101,0.968268,-0.182245
0.875863,0.175679,1.20598,0.985232,-0.167316,-0.0363881,-0.00862081,0.163773,-0.98646,0.17101,0.972206,0.159912
0.875863,0.0853797,1.10213,0.985232,-0.14478,-0.0914191,-0.00862081,0.491286,-0.870956,0.17101,0.858881,0.482782
0.875863,0.0360433,0.973666,0.985232,-0.104782,-0.135424,-0.00862081,0.759542,-0.650401,0.17101,0.641963,0.747422
0.875863,0.0336208,0.836072,0.985232,-0.052145,-0.163094,-0.00862081,0.936186,-0.351398,0.17101,0.347615,0.921911
0.875863,0.0784044,0.705947,0.985232,0.00678115,-0.171093,-0.00862081,0.999913,-0.0100117,0.17101,0.0113388,0.985204
0.875863,0.164993,0.598987,0.985232,0.0648894,-0.158455,-0.00862081,0.943035,0.332582,0.17101,-0.326305,0.929667
0.875863,0.282941,0.528092,0.985232,0.115171,-0.126706,-0.00862081,0.772413,0.635062,0.17101,-0.624591,0.761999
0.875863,0.418025,0.501813,0.985232,0.151561,-0.0796738,-0.00862081,0.508627,0.860944,0.17101,-0.847542,0.502422
0.749059,0.420807,0.57495,0.900555,0.138922,-0.411949,0.292759,0.506722,0.810879,0.321393,-0.850843,0.415661
0.749059,0.531549,0.592998,0.900555,0.271439,-0.339591,0.292759,0.198826,0.935286,0.321393,-0.941695,0.0995879
0.749059,0.62944,0.647834,0.900555,0.371216,-0.226273,0.292759,-0.133051,0.946884,0.321393,-0.918965,-0.228497
0.749059,0.702673,0.732843,0.900555,0.426219,-0.085664,0.292759,-0.448881,0.844274,0.321393,-0.785394,-0.529021
0.749059,0.742414,0.837773,0.900555,0.429814,0.0652777,0.292759,-0.710568,0.639832,0.321393,-0.557093,-0.765738
0.749059,0.743871,0.949967,0.900555,0.381567,0.208346,0.292759,-0.886551,0.358216,0.321393,-0.261598,-0.910095
0.749059,0.706866,1.05589,0.900555,0.287297,0.326285,0.292759,-0.955603,0.033395,0.321393,0.0654487,-0.944682
0.749059,0.635865,1.14278,0.900555,0.158375,0.404868,0.292759,-0.909395,-0.295454,0.321393,0.384602,-0.865325
0.749059,0.53943,1.20013,0.900555,0.0103504,0.434619,0.292759,-0.7535,-0.588668,0.321393,0.657366,-0.681598
0.749059,0.429193,1.22105,0.900555,-0.138922,0.411949,0.292759,-0.506722,-0.810879,0.321393,0.850843,-0.415661
0.749059,0.318451,1.203,0.900555,-0.271439,0.339591,0.292759,-0.198826,-0.935286,0.321393,0.941695,-0.0995879
0.749059,0.22056,1.14817,0.900555,-0.371216,0.226273,0.292759,0.133051,-0.946884,0.321393,0.918965,0.228497
0.749059,0.147327,1.06316,0.900555,-0.426219,0.085664,0.292759,0.448881,-0.844274,0.321393,0.785394,0.529021
0.749059,0.107586,0.958227,0.900555,-0.429814,-0.0652777,0.292759,0.710568,-0.639832,0.321393,0.557093,0.765738
0.749059,0.106129,0.846033,0.900555,-0.381567,-0.208346,0.292759,0.886551,-0.358216,0.321393,0.261598,0.910095
0.749059,0.143134,0.740106,0.900555,-0.287297,-0.326285,0.292759,0.955603,-0.033395,0.321393,-0.0654487,0.944682
0.749059,0.214135,0.653225,0.900555,-0.158375,-0.404868,0.292759,0.909395,0.295454,0.321393,-0.384602,0.865325
0.749059,0.31057,0.595866,0.900555,-0.0103504,-0.434619,0.292759,0.7535,0.588668,0.321393,-0.657366,0.681598
0.749059,0.420807,0.57495,0.900555,0.138922,-0.411949,0.292759,0.506722,0.810879,0.321393,-0.850843,0.415661
0.654934,0.425069,0.687014,0.707258,0.128146,-0.695244,0.558827,0.501015,0.66083,0.433011,-0.855899,0.282735
0.654934,0.497227,0.699762,0.707258,0.358206,-0.609487,0.558827,0.244783,0.792334,0.433011,-0.900983,-0.0270506
0.654934,0.560672,0.73642,0.707258,0.54506,-0.450217,0.558827,-0.0409736,0.828271,0.433011,-0.837395,-0.333574
0.654934,0.607754,0.792567,0.707258,0.666172,-0.236644,0.558827,-0.321788,0.764306,0.433011,-0.672805,-0.599863
0.654934,0.632793,0.861431,0.707258,0.706934,0.00547154,0.558827,-0.56379,0.608155,0.433011,-0.427065,-0.793799
0.654934,0.632769,0.934706,0.707258,0.66243,0.246927,0.558827,-0.737791,0.378651,0.433011,-0.129814,-0.891992
0.654934,0.607685,1.00355,0.707258,0.538026,0.4586,0.558827,-0.822803,0.103477,0.433011,0.183094,-0.882598
0.654934,0.560566,1.05967,0.707258,0.348729,0.614959,0.558827,-0.808573,-0.184179,0.433011,0.473918,-0.766749
0.654934,0.497096,1.09629,0.707258,0.117369,0.697145,0.558827,-0.696817,-0.44962,0.433011,0.707581,-0.558419
0.654934,0.424931,1.10899,0.707258,-0.128146,0.695244,0.558827,-0.501015,-0.66083,0.433011,0.855899,-0.282735
0.654934,0.352773,1.09624,0.707258,-0.358206,0.609487,0.558827,-0.244783,-0.792334,0.433011,0.900983,0.0270506
0.654934,0.289328,1.05958,0.707258,-0.54506,0.450217,0.558827,0.0409736,-0.828271,0.433011,0.837395,0.333574
0.654934,0.242246,1.00343,0.707258,-0.666172,0.236644,0.558827,0.321788,-0.764306,0.433011,0.672805,0.599863
0.654934,0.217207,0.934569,0.707258,-0.706934,-0.00547154,0.558827,0.56379,-0.608155,0.433011,0.427065,0.793799
0.654934,0.217231,0.861294,0.707258,-0.66243,-0.246927,0.558827,0.737791,-0.378651,0.433011,0.129814,0.891992
0.654934,0.242315,0.792447,0.707258,-0.538026,-0.4586,0.558827,0.822803,-0.103477,0.433011,-0.183094,0.882598
0.654934,0.289434,0.736331,0.707258,-0.348729,-0.614959,0.558827,0.808573,0.184179,0.433011,-0.473918,0.766749
