0.658953,0.489495,1.15663,0.308961,0.836935,-0.451755,0.951075,-0.271884,0.146751,-3.49349e-06,-0.474993,-0.87999
0.907818,0.240408,1.34448,0.92986,-0.336772,-0.148142,-0.179072,-0.0625323,-0.981847,0.321394,0.939508,-0.118453
0.907818,0.119398,1.2718,0.92986,-0.265794,-0.254391,-0.179072,0.27705,-0.944021,0.321394,0.923362,0.210021
0.907818,0.0305441,1.16212,0.92986,-0.162758,-0.329956,-0.179072,0.583216,-0.792333,0.321394,0.795845,0.513164
0.907818,-0.0154367,1.02865,0.92986,-0.040091,-0.365724,-0.179072,0.819038,-0.545078,0.321394,0.572337,0.754411
0.907818,-0.0129984,0.887516,0.92986,0.0874118,-0.35738,-0.179072,0.956072,-0.232078,0.321394,0.279797,0.904665
0.907818,0.0375651,0.755724,0.92986,0.204371,-0.305931,-0.179072,0.977789,0.108914,0.321394,-0.0464906,0.945803
0.907818,0.130155,0.649173,0.92986,0.296681,-0.217582,-0.179072,0.88157,0.436769,0.321394,-0.367171,0.872864
0.907818,0.253604,0.580716,0.92986,0.353206,-0.102989,-0.179072,0.679021,0.711943,0.321394,-0.643565,0.694644
0.907818,0.393021,0.558608,0.92986,0.367129,0.0240254,-0.179072,0.394573,0.901247,0.321394,-0.842335,0.43264
0.907818,0.531592,0.585518,0.92986,0.336772,0.148142,-0.179072,0.0625323,0.981847,0.321394,-0.939508,0.118453
0.907818,0.652602,0.658199,0.92986,0.265794,0.254391,-0.179072,-0.27705,0.944021,0.321394,-0.923362,-0.210021
0.907818,0.741456,0.767885,0.92986,0.162758,0.329956,-0.179072,-0.583216,0.792333,0.321394,-0.795845,-0.513164
0.907818,0.787437,0.901345,0.92986,0.040091,0.365724,-0.179072,-0.819038,0.545078,0.321394,-0.572337,-0.754411
0.907818,0.784998,1.04248,0.92986,-0.0874118,0.35738,-0.179072,-0.956072,0.232078,0.321394,-0.279797,-0.904665
0.907818,0.734435,1.17428,0.92986,-0.204371,0.305931,-0.179072,-0.977789,-0.108914,0.321394,0.0464906,-0.945803
0.907818,0.641845,1.28083,0.92986,-0.296681,0.217582,-0.179072,-0.88157,-0.436769,0.321394,0.367171,-0.872864
0.907818,0.518396,1.34928,0.92986,-0.353206,0.102989,-0.179072,-0.679021,-0.711943,0.321394,0.643565,-0.694644
0.907818,0.378979,1.37139,0.92986,-0.367129,-0.0240254,-0.179072,-0.394573,-0.901247,0.321394,0.842335,-0.43264
0.907818,0.240408,1.34448,0.92986,-0.336772,-0.148142,-0.179072,-0.0625323,-0.981847,0.321394,0.939508,-0.118453
0.809114,0.290537,1.31742,0.796489,-0.604642,-0.00355307,-0.0275851,-0.0304662,-0.999155,0.604023,0.795914,-0.0409451
0.809114,0.175759,1.26352,0.796489,-0.566962,-0.210139,-0.0275851,0.313102,-0.949319,0.604023,0.761919,0.233743
0.809114,0.086338,1.17361,0.796489,-0.460899,-0.391378,-0.0275851,0.618906,-0.78498,0.604023,0.636025,0.480238
0.809114,0.0330611,1.05854,0.796489,-0.299244,-0.525412,-0.0275851,0.850061,-0.525962,0.604023,0.433417,0.66881
0.809114,0.0223538,0.932185,0.796489,-0.101496,-0.596073,-0.0275851,0.978685,-0.203505,0.604023,0.178532,0.776713
0.809114,0.0555075,0.80979,0.796489,0.108494,-0.594839,-0.0275851,0.989266,0.143498,0.604023,-0.0978861,0.790933
0.809114,0.128524,0.706115,0.796489,0.305398,-0.521859,-0.0275851,0.880527,0.473193,0.604023,-0.362498,0.709755
0.809114,0.232595,0.633666,0.796489,0.465467,-0.385935,-0.0275851,0.665583,0.745814,0.604023,-0.583387,0.54297
0.809114,0.35517,0.60118,0.796489,0.569393,-0.203461,-0.0275851,0.37036,0.928479,0.604023,-0.733911,0.310695
0.809114,0.481463,0.612577,0.796489,0.604642,0.00355307,-0.0275851,0.0304662,0.999155,0.604023,-0.795914,0.0409451
0.809114,0.596241,0.66648,0.796489,0.566962,0.210139,-0.0275851,-0.313102,0.949319,0.604023,-0.761919,-0.233743
0.809114,0.685662,0.75639,0.796489,0.460899,0.391378,-0.0275851,-0.618906,0.78498,0.604023,-0.636025,-0.480238
0.809114,0.738939,0.871461,0.796489,0.299244,0.525412,-0.0275851,-0.850061,0.525962,0.604023,-0.433417,-0.66881
0.809114,0.749646,0.997815,0.796489,0.101496,0.596073,-0.0275851,-0.978685,0.203505,0.604023,-0.178532,-0.776713
0.809114,0.716492,1.12021,0.796489,-0.108494,0.594839,-0.0275851,-0.989266,-0.143498,0.604023,0.0978861,-0.790933
0.809114,0.643476,1.22388,0.796489,-0.305398,0.521859,-0.0275851,-0.880527,-0.473193,0.604023,0.362498,-0.709755
0.809114,0.539405,1.29633,0.796489,-0.465467,0.385935,-0.0275851,-0.665583,-0.745814,0.604023,0.583387,-0.54297
0.809114,0.41683,1.32882,0.796489,-0.569393,0.203461,-0.0275851,-0.37036,-0.928479,0.604023,0.733911,-0.310695
0.809114,0.290537,1.31742,0.796489,-0.604642,-0.00355307,-0.0275851,-0.0304662,-0.999155,0.604023,0.795914,-0.0409451
0.735846,0.367351,1.27596,0.567051,-0.816217,0.110649,0.127229,-0.0459276,-0.990809,0.813797,0.575917,0.0778034
0.735846,0.26212,1.25083,0.567051,-0.804837,-0.175186,0.127229,0.295719,-0.946764,0.813797,0.514575,0.270087
0.735846,0.171831,1.19122,0.567051,-0.696382,-0.439892,0.127229,0.601697,-0.788526,0.813797,0.391167,0.429793
0.735846,0.107375,1.10433,0.567051,-0.503933,-0.65154,0.127229,0.835102,-0.535179,0.813797,0.220579,0.537661
0.735846,0.076524,1.00063,0.567051,-0.250703,-0.784603,0.127229,0.967782,-0.217282,0.813797,0.0233856,0.580678
0.735846,0.0830009,0.892636,0.567051,0.0327663,-0.823031,0.127229,0.983732,0.126822,0.813797,-0.176628,0.553657
0.735846,0.126024,0.793368,0.567051,0.312283,-0.762189,0.127229,0.88103,0.45563,0.813797,-0.355338,0.459857
0.735846,0.200404,0.714802,0.567051,0.554134,-0.609416,0.127229,0.672063,0.729482,0.813797,-0.491189,0.310592
0.735846,0.297169,0.666413,0.567051,0.729149,-0.383139,0.127229,0.382035,0.915348,0.813797,-0.567796,0.123864
0.735846,0.404649,0.654038,0.567051,0.816217,-0.110649,0.127229,0.0459276,0.990809,0.813797,-0.575917,-0.0778034
0.735846,0.50988,0.67917,0.567051,0.804837,0.175186,0.127229,-0.295719,0.946764,0.813797,-0.514575,-0.270087
0.735846,0.600169,0.738777,0.567051,0.696382,0.439892,0.127229,-0.601697,0.788526,0.813797,-0.391167,-0.429793
0.735846,0.664625,0.82567,0.567051,0.503933,0.65154,0.127229,-0.835102,0.535179,0.813797,-0.220579,-0.537661
0.735846,0.695476,0.929368,0.567051,0.250703,0.784603,0.127229,-0.967782,0.217282,0.813797,-0.0233856,-0.580678
0.735846,0.688999,1.03736,0.567051,-0.0327663,0.823031,0.127229,-0.983732,-0.126822,0.813797,0.176628,-0.553657
0.735846,0.645976,1.13663,0.567051,-0.312283,0.762189,0.127229,-0.88103,-0.45563,0.813797,0.355338,-0.459857
0.735846,0.571596,1.2152,0.567051,-0.554134,0.609416,0.127229,-0.672063,-0.729482,0.813797,0.491189,-0.310592
0.735846,0.474831,1.26359,0.567051,-0.729149,0.383139,0.127229,-0.382035,-0.915348,0.813797,0.567796,-0.123864
0.735846,0.367351,1.27596,0.567051,-0.816217,0.110649,0.127229,-0.0459276,-0.990809,0.813797,0.575917,0.0778034
0.696852,0.461583,1.2251,0.269218,-0.945977,0.18069,0.266698,-0.107052,-0.957816,0.925416,0.306051,0.22347
0.696852,0.368066,1.23526,0.269218,-0.950727,-0.15375,0.266698,0.226997,-0.936667,0.925416,0.211163,0.314669
0.696852,0.276712,1.21283,0.269218,-0.840806,-0.469646,0.266698,0.533666,-0.802541,0.925416,0.0908049,0.367914
0.696852,0.19854,1.16051,0.269218,-0.629471,-0.728895,0.266698,0.775968,-0.571618,0.925416,-0.0405051,0.376783
0.696852,0.142979,1.0846,0.269218,-0.342212,-0.900229,0.266698,0.924676,-0.271748,0.925416,-0.16693,0.340206
0.696852,0.116729,0.994269,0.269218,-0.013678,-0.962982,0.266698,0.961854,0.0608978,0.925416,-0.27322,0.262596
0.696852,0.122957,0.900408,0.269218,0.316506,-0.909585,0.266698,0.883019,0.386199,0.925416,-0.346556,0.153313
0.696852,0.160912,0.814338,0.269218,0.608515,-0.746479,0.266698,0.697679,0.664918,0.925416,-0.378092,0.0255379
0.696852,0.226016,0.746439,0.269218,0.827128,-0.493337,0.266698,0.428188,0.863439,0.925416,-0.364025,-0.105317
0.696852,0.310417,0.704902,0.269218,0.945977,-0.18069,0.266698,0.107052,0.957816,0.925416,-0.306051,-0.22347
0.696852,0.403934,0.694737,0.269218,0.950727,0.15375,0.266698,-0.226997,0.936667,0.925416,-0.211163,-0.314669
0.696852,0.495288,0.71717,0.269218,0.840806,0.469646,0.266698,-0.533666,0.802541,0.925416,-0.0908049,-0.367914
0.696852,0.57346,0.769494,0.269218,0.629471,0.728895,0.266698,-0.775968,0.571618,0.925416,0.0405051,-0.376783
0.696852,0.629021,0.8454,0.269218,0.342212,0.900229,0.266698,-0.924676,0.271748,0.925416,0.16693,-0.340206
0.696852,0.655271,0.935731,0.269218,0.013678,0.962982,0.266698,-0.961854,-0.0608978,0.925416,0.27322,-0.262596
0.696852,0.649043,1.02959,0.269218,-0.316506,0.909585,0.266698,-0.883019,-0.386199,0.925416,0.346556,-0.153313
0.696852,0.611088,1.11566,0.269218,-0.608515,0.746479,0.266698,-0.697679,-0.664918,0.925416,0.378092,-0.0255379
0.696852,0.545984,1.18356,0.269218,-0.827128,0.493337,0.266698,-0.428188,-0.863439,0.925416,0.364025,0.105317
0.696852,0.461583,1.2251,0.269218,-0.945977,0.18069,0.266698,-0.107052,-0.957816,0.925416,0.306051,0.22347
0.696834,0.561869,1.17097,-0.061087,-0.978272,0.198122,0.373999,-0.206466,-0.904155,0.925415,0.0188653,0.378485
0.696834,0.480818,1.2187,-0.061087,-0.987037,-0.148415,0.373999,0.115225,-0.920244,0.925415,-0.111722,0.362112
0.696834,0.388331,1.23583,-0.061087,-0.87675,-0.477051,0.373999,0.423018,-0.825337,0.925415,-0.228834,0.302063
0.696834,0.295563,1.22029,-0.061087,-0.660715,-0.748147,0.373999,0.679789,-0.630882,0.925415,-0.318345,0.20558
0.696834,0.213702,1.17396,-0.061087,-0.364987,-0.929006,0.373999,0.854567,-0.360334,0.925415,-0.369459,0.0843019
0.696834,0.152624,1.10243,-0.061087,-0.0252371,-0.997813,0.373999,0.926272,-0.0463242,0.925415,-0.376011,-0.0471445
0.696834,0.119694,1.01432,-0.061087,0.317557,-0.946269,0.373999,0.886254,0.273273,0.925415,-0.33721,-0.172905
0.696834,0.118884,0.920267,-0.061087,0.622049,-0.780591,0.373999,0.739342,0.559909,0.925415,-0.257737,-0.27781
0.696834,0.150293,0.831606,-0.061087,0.851513,-0.520763,0.373999,0.503254,0.779013,0.925415,-0.147177,-0.349207
0.696834,0.210131,0.759034,-0.061087,0.978272,-0.198122,0.373999,0.206466,0.904155,0.925415,-0.0188653,-0.378485
0.696834,0.291182,0.711304,-0.061087,0.987037,0.148415,0.373999,-0.115225,0.920244,0.925415,0.111722,-0.362112
0.696834,0.383669,0.694174,-0.061087,0.87675,0.477051,0.373999,-0.423018,0.825337,0.925415,0.228834,-0.302063
0.696834,0.476437,0.70971,-0.061087,0.660715,0.748147,0.373999,-0.679789,0.630882,0.925415,0.318345,-0.20558
0.696834,0.558298,0.756037,-0.061087,0.364987,0.929006,0.373999,-0.854567,0.360334,0.925415,0.369459,-0.0843019
0.696834,0.619376,0.827568,-0.061087,0.0252371,0.997813,0.373999,-0.926272,0.0463242,0.925415,0.376011,0.0471445
0.696834,0.652306,0.915676,-0.061087,-0.317557,0.946269,0.373999,-0.886254,-0.273273,0.925415,0.33721,0.172905
0.696834,0.653116,1.00973,-0.061087,-0.622049,0.780591,0.373999,-0.739342,-0.559909,0.925415,0.257737,0.27781
0.696834,0.621707,1.09839,-0.061087,-0.851513,0.520763,0.373999,-0.503254,-0.779013,0.925415,0.147177,0.349207
0.696834,0.561869,1.17097,-0.061087,-0.978272,0.198122,0.373999,-0.206466,-0.904155,0.925415,0.0188653,0.378485
0.735794,0.656112,1.1201,-0.384024,-0.909206,0.160842,0.43619,-0.332179,-0.836299,0.813796,-0.251001,0.524151
0.735794,0.586777,1.20313,-0.384024,-0.909385,-0.159824,0.43619,-0.0261156,-0.899476,0.813796,-0.415134,0.406694
0.735794,0.493224,1.25744,-0.384024,-0.79988,-0.461214,0.43619,0.283098,-0.854163,0.813796,-0.529196,0.240183
0.735794,0.386739,1.27647,-0.384024,-0.593896,-0.706974,0.43619,0.558166,-0.705825,0.813796,-0.579429,0.0447025
0.735794,0.280165,1.25794,-0.384024,-0.316281,-0.867463,0.43619,0.765911,-0.472355,0.813796,-0.559774,-0.15617
0.735794,0.186356,1.20408,-0.384024,-0.00051673,-0.923323,0.43619,0.881276,-0.181911,0.813796,-0.472602,-0.338205
0.735794,0.116627,1.12138,-0.384024,0.31531,-0.867817,0.43619,0.890345,0.130474,0.813796,-0.328428,-0.479449
0.735794,0.0793881,1.01981,-0.384024,0.593105,-0.707639,0.43619,0.792026,0.427121,0.813796,-0.14464,-0.562863
0.735794,0.0791314,0.911641,-0.384024,0.799363,-0.462109,0.43619,0.598177,0.672252,0.813796,0.0565933,-0.578388
0.735794,0.115888,0.809904,-0.384024,0.909206,-0.160842,0.43619,0.332179,0.836299,0.813796,0.251001,-0.524151
0.735794,0.185223,0.726873,-0.384024,0.909385,0.159824,0.43619,0.0261156,0.899476,0.813796,0.415134,-0.406694
0.735794,0.278776,0.672565,-0.384024,0.79988,0.461214,0.43619,-0.283098,0.854163,0.813796,0.529196,-0.240183
0.735794,0.385261,0.653528,-0.384024,0.593896,0.706974,0.43619,-0.558166,0.705825,0.813796,0.579429,-0.0447025
0.735794,0.491835,0.672059,-0.384024,0.316281,0.867463,0.43619,-0.765911,0.472355,0.813796,0.559774,0.15617
0.735794,0.585644,0.725923,-0.384024,0.00051673,0.923323,0.43619,-0.881276,0.181911,0.813796,0.472602,0.338205
0.735794,0.655373,0.808624,-0.384024,-0.31531,0.867817,0.43619,-0.890345,-0.130474,0.813796,0.328428,0.479449
0.735794,0.692612,0.910186,-0.384024,-0.593105,0.707639,0.43619,-0.792026,-0.427121,0.813796,0.14464,0.562863
0.735794,0.692869,1.01836,-0.384024,-0.799363,0.462109,0.43619,-0.598177,-0.672252,0.813796,-0.0565933,0.578388
0.735794,0.656112,1.1201,-0.384024,-0.909206,0.160842,0.43619,-0.332179,-0.836299,0.813796,-0.251001,0.524151
0.809034,0.732946,1.07862,-0.660642,-0.74711,0.073347,0.44577,-0.469029,-0.762431,0.604021,-0.470998,0.642899
0.809034,0.673161,1.19043,-0.660642,-0.72714,-0.186603,0.44577,-0.179977,-0.876868,0.604021,-0.662478,0.443037
0.809034,0.57874,1.27505,-0.660642,-0.619466,-0.424046,0.44577,0.130784,-0.885542,0.604021,-0.774053,0.189738
0.809034,0.461072,1.32228,-0.660642,-0.437075,-0.610342,0.44577,0.42577,-0.787407,0.604021,-0.792266,-0.0864461
0.809034,0.334349,1.32641,-0.660642,-0.201967,-0.723023,0.44577,0.669401,-0.594298,0.604021,-0.71492,-0.352204
0.809034,0.213856,1.28694,-0.660642,0.0575015,-0.748496,0.44577,0.832294,-0.329509,0.604021,-0.551345,-0.57548
0.809034,0.114126,1.20865,-0.660642,0.310034,-0.683689,0.44577,0.894799,-0.0249761,0.604021,-0.321269,-0.729346
0.809034,0.0471882,1.10097,-0.660642,0.525173,-0.53642,0.44577,0.849378,0.282569,0.604021,-0.0524428,-0.795241
0.809034,0.0211159,0.976891,-0.660642,0.676967,-0.32445,0.44577,0.70151,0.556033,0.604021,0.222708,-0.765219
0.809034,0.039054,0.851377,-0.660642,0.74711,-0.073347,0.44577,0.469029,0.762431,0.604021,0.470998,-0.642899
0.809034,0.0988389,0.739566,-0.660642,0.72714,0.186603,0.44577,0.179977,0.876868,0.604021,0.662478,-0.443037
0.809034,0.19326,0.654947,-0.660642,0.619466,0.424046,0.44577,-0.130784,0.885542,0.604021,0.774053,-0.189738
0.809034,0.310928,0.607724,-0.660642,0.437075,0.610342,0.44577,-0.42577,0.787407,0.604021,0.792266,0.0864461
0.809034,0.437651,0.603594,-0.660642,0.201967,0.723023,0.44577,-0.669401,0.594298,0.604021,0.71492,0.352204
0.809034,0.558144,0.643055,-0.660642,-0.0575015,0.748496,0.44577,-0.832294,0.329509,0.604021,0.551345,0.57548
0.809034,0.657874,0.721348,-0.660642,-0.310034,0.683689,0.44577,-0.894799,0.0249761,0.604021,0.321269,0.729346
0.809034,0.724812,0.829028,-0.660642,-0.525173,0.53642,0.44577,-0.849378,-0.282569,0.604021,0.0524428,0.795241
0.809034,0.750884,0.953109,-0.660642,-0.676967,0.32445,0.44577,-0.70151,-0.556033,0.604021,-0.222708,0.765219
0.809034,0.732946,1.07862,-0.660642,-0.74711,0.073347,0.44577,-0.469029,-0.762431,0.604021,-0.470998,0.642899
0.90772,0.783103,1.05155,-0.857576,-0.511534,-0.0538102,0.401584,-0.60051,-0.691461,0.321392,-0.61459,0.720407
0.90772,0.729553,1.18215,-0.857576,-0.462281,-0.22552,0.401584,-0.327801,-0.855147,0.321392,-0.823919,0.466759
0.90772,0.634565,1.28655,-0.857576,-0.357269,-0.370029,0.401584,-0.0155545,-0.91569,0.321392,-0.933872,0.156813
0.90772,0.509597,1.35218,-0.857576,-0.209166,-0.469907,0.401584,0.298568,-0.865787,0.321392,-0.931186,-0.172047
0.90772,0.369721,1.3711,-0.857576,-0.0358342,-0.513107,0.401584,0.576679,-0.711458,0.321392,-0.816185,-0.480156
0.90772,0.231809,1.34104,-0.857576,0.14182,-0.494419,0.401584,0.785234,-0.471316,0.321392,-0.60274,-0.73035
0.90772,0.112494,1.26563,-0.857576,0.302368,-0.416096,0.401584,0.899078,-0.174326,0.321392,-0.316596,-0.892454
0.90772,0.0261683,1.15395,-0.857576,0.426446,-0.287587,0.401584,0.90448,0.14369,0.321392,0.00773475,-0.946915
0.90772,-0.0167564,1.01949,-0.857576,0.499089,-0.12439,0.401584,0.800788,0.444374,0.321392,0.331132,-0.887163
0.90772,-0.0111027,0.87845,-0.857576,0.511534,0.0538102,0.401584,0.60051,0.691461,0.321392,0.61459,-0.720407
0.90772,0.0424475,0.747852,-0.857576,0.462281,0.22552,0.401584,0.327801,0.855147,0.321392,0.823919,-0.466759
0.90772,0.137435,0.643446,-0.857576,0.357269,0.370029,0.401584,0.0155545,0.91569,0.321392,0.933872,-0.156813
0.90772,0.262403,0.577824,-0.857576,0.209166,0.469907,0.401584,-0.298568,0.865787,0.321392,0.931186,0.172047
0.90772,0.402279,0.558901,-0.857576,0.0358342,0.513107,0.401584,-0.576679,0.711458,0.321392,0.816185,0.480156
0.90772,0.540191,0.588959,-0.857576,-0.14182,0.494419,0.401584,-0.785234,0.471316,0.321392,0.60274,0.73035
0.90772,0.659506,0.664374,-0.857576,-0.302368,0.416096,0.401584,-0.899078,0.174326,0.321392,0.316596,0.892454
0.90772,0.745832,0.776049,-0.857576,-0.426446,0.287587,0.401584,-0.90448,-0.14369,0.321392,-0.00773475,0.946915
0.90772,0.788756,0.910513,-0.857576,-0.499089,0.12439,0.401584,-0.800788,-0.444374,0.321392,-0.331132,0.887163
0.90772,0.783103,1.05155,-0.857576,-0.511534,-0.0538102,0.401584,-0.60051,-0.691461,0.321392,-0.61459,0.720407
0.883612,0.120991,1.26326,0.961642,-0.234446,-0.142407,-0.0812368,0.252456,-0.964192,0.262003,0.938776,0.223727
0.883612,0.0349635,1.15463,0.961642,-0.171601,-0.214005,-0.0812368,0.567004,-0.819699,0.262003,0.805642,0.531315
0.883612,-0.00872411,1.02313,0.961642,-0.0880586,-0.25979,-0.0812368,0.813163,-0.576338,0.262003,0.575335,0.774818
0.883612,-0.00480212,0.884624,0.961642,0.00610529,-0.27424,-0.0812368,0.961243,-0.263463,0.262003,0.275635,0.924867
0.883612,0.0462564,0.755809,0.961642,0.0995328,-0.255613,-0.0812368,0.993382,0.0811907,0.262003,-0.0573112,0.963364
0.883612,0.138293,0.652226,0.961642,0.180955,-0.206156,-0.0812368,0.905705,0.416051,0.262003,-0.383345,0.885664
0.883612,0.260207,0.586367,0.961642,0.240552,-0.131833,-0.0812368,0.708787,0.70073,0.262003,-0.663141,0.701141
0.883612,0.397293,0.566178,0.961642,0.271134,-0.0416088,-0.0812368,0.426378,0.90089,0.262003,-0.862953,0.432049
0.883612,0.533017,0.594092,0.961642,0.269014,0.0536338,-0.0812368,0.0925418,0.992389,0.262003,-0.95868,0.110846
0.883612,0.651009,0.666743,0.961642,0.234446,0.142407,-0.0812368,-0.252456,0.964192,0.262003,-0.938776,-0.223727
0.883612,0.737037,0.775369,0.961642,0.171601,0.214005,-0.0812368,-0.567004,0.819699,0.262003,-0.805642,-0.531315
0.883612,0.780724,0.906867,0.961642,0.0880586,0.25979,-0.0812368,-0.813163,0.576338,0.262003,-0.575335,-0.774818
0.883612,0.776802,1.04538,0.961642,-0.00610529,0.27424,-0.0812368,-0.961243,0.263463,0.262003,-0.275635,-0.924867
0.883612,0.725744,1.17419,0.961642,-0.0995328,0.255613,-0.0812368,-0.993382,-0.0811907,0.262003,0.0573112,-0.963364
0.883612,0.633707,1.27777,0.961642,-0.180955,0.206156,-0.0812368,-0.905705,-0.416051,0.262003,0.383345,-0.885664
0.883612,0.511793,1.34363,0.961642,-0.240552,0.131833,-0.0812368,-0.708787,-0.70073,0.262003,0.663141,-0.701141
0.883612,0.374707,1.36382,0.961642,-0.271134,0.0416088,-0.0812368,-0.426378,-0.90089,0.262003,0.862953,-0.432049
0.883612,0.238983,1.33591,0.961642,-0.269014,-0.0536338,-0.0812368,-0.0925418,-0.992389,0.262003,0.95868,-0.110846
0.883612,0.120991,1.26326,0.961642,-0.234446,-0.142407,-0.0812368,0.252456,-0.964192,0.262003,0.938776,0.223727
0.763622,0.181935,1.23036,0.856221,-0.516516,0.00984632,0.156285,0.240811,-0.957906,0.492403,0.821718,0.286912
0.763622,0.103483,1.14456,0.856221,-0.488734,-0.167407,0.156285,0.553912,-0.817775,0.492403,0.674033,0.550653
0.763622,0.0591065,1.03711,0.856221,-0.402004,-0.324468,0.156285,0.800203,-0.579008,0.492403,0.445049,0.747977
0.763622,0.0541584,0.920955,0.856221,-0.266785,-0.442393,0.156285,0.949977,-0.270405,0.492403,0.162386,0.855085
0.763622,0.0892352,0.810115,0.856221,-0.0993889,-0.50696,0.156285,0.98517,0.0708141,0.492403,-0.139863,0.859056
0.763622,0.160106,0.717956,0.856221,0.0799954,-0.510379,0.156285,0.901537,0.403492,0.492403,-0.425243,0.759413
0.763622,0.258223,0.655594,0.856221,0.249731,-0.452239,0.156285,0.709166,0.687502,0.492403,-0.659332,0.568173
0.763622,0.371752,0.630551,0.856221,0.389345,-0.339553,0.156285,0.431258,0.888589,0.492403,-0.813896,0.308403
0.763622,0.487,0.645848,0.856221,0.481999,-0.185912,0.156285,0.101335,0.9825,0.492403,-0.870292,0.0114355
0.763622,0.590065,0.699639,0.856221,0.516516,-0.00984632,0.156285,-0.240811,0.957906,0.492403,-0.821718,-0.286912
0.763622,0.668517,0.785437,0.856221,0.488734,0.167407,0.156285,-0.553912,0.817775,0.492403,-0.674033,-0.550653
0.763622,0.712893,0.892892,0.856221,0.402004,0.324468,0.156285,-0.800203,0.579008,0.492403,-0.445049,-0.747977
0.763622,0.717842,1.00905,0.856221,0.266785,0.442393,0.156285,-0.949977,0.270405,0.492403,-0.162386,-0.855085
0.763622,0.682765,1.11989,0.856221,0.0993889,0.50696,0.156285,-0.98517,-0.0708141,0.492403,0.139863,-0.859056
0.763622,0.611894,1.21204,0.856221,-0.0799954,0.510379,0.156285,-0.901537,-0.403492,0.492403,0.425243,-0.759413
0.763622,0.513777,1.27441,0.856221,-0.249731,0.452239,0.156285,-0.709166,-0.687502,0.492403,0.659332,-0.568173
0.763622,0.400248,1.29945,0.856221,-0.389345,0.339553,0.156285,-0.431258,-0.888589,0.492403,0.813896,-0.308403
0.763622,0.285,1.28415,0.856221,-0.481999,0.185912,0.156285,-0.101335,-0.9825,0.492403,0.870292,-0.0114355
0.763622,0.181935,1.23036,0.856221,-0.516516,0.00984632,0.156285,0.240811,-0.957906,0.492403,0.821718,0.286912
0.674556,0.275317,1.17996,0.647527,-0.749847,0.135792,0.374957,0.158381,-0.913413,0.663413,0.642375,0.383716
0.674556,0.208473,1.12914,0.647527,-0.751069,-0.12886,0.374957,0.461235,-0.804158,0.663413,0.472396,0.58028
0.674556,0.163041,1.05852,0.647527,-0.661701,-0.37797,0.374957,0.708457,-0.59791,0.663413,0.24544,0.706854
0.674556,0.144502,0.976624,0.647527,-0.492522,-0.58149,0.374957,0.870229,-0.319545,0.663413,-0.0111204,0.748171
0.674556,0.15509,0.893325,0.647527,-0.263938,-0.714875,0.374957,0.927038,-0.00263803,0.663413,-0.266339,0.699248
0.674556,0.19353,0.818672,0.647527,-0.00351911,-0.762035,0.374957,0.872033,0.314587,0.663413,-0.489434,0.565984
0.674556,0.255184,0.761668,0.647527,0.257324,-0.717282,0.374957,0.711848,0.593868,0.663413,-0.653495,0.364455
0.674556,0.332617,0.729189,0.647527,0.487131,-0.586014,0.374957,0.465804,0.80152,0.663413,-0.738736,0.118967
0.674556,0.416489,0.725152,0.647527,0.658182,-0.384065,0.374957,0.163576,0.912496,0.663413,-0.734874,-0.14087
0.674556,0.496683,0.750044,0.647527,0.749847,-0.135792,0.374957,-0.158381,0.913413,0.663413,-0.642375,-0.383716
0.674556,0.563527,0.800864,0.647527,0.751069,0.12886,0.374957,-0.461235,0.804158,0.663413,-0.472396,-0.58028
0.674556,0.608959,0.87148,0.647527,0.661701,0.37797,0.374957,-0.708457,0.59791,0.663413,-0.24544,-0.706854
0.674556,0.627498,0.953376,0.647527,0.492522,0.58149,0.374957,-0.870229,0.319545,0.663413,0.0111204,-0.748171
0.674556,0.61691,1.03667,0.647527,0.263938,0.714875,0.374957,-0.927038,0.00263803,0.663413,0.266339,-0.699248
0.674556,0.57847,1.11133,0.647527,0.00351911,0.762035,0.374957,-0.872033,-0.314587,0.663413,0.489434,-0.565984
0.674556,0.516816,1.16833,0.647527,-0.257324,0.717282,0.374957,-0.711848,-0.593868,0.663413,0.653495,-0.364455
0.674556,0.439383,1.20081,0.647527,-0.487131,0.586014,0.374957,-0.465804,-0.80152,0.663413,0.738736,-0.118967
0.674556,0.355511,1.20485,0.647527,-0.658182,0.384065,0.374957,-0.163576,-0.912496,0.663413,0.734874,0.14087
0.674556,0.275317,1.17996,0.647527,-0.749847,0.135792,0.374957,0.158381,-0.913413,0.663413,0.642375,0.383716
0.627155,0.389874,1.11812,0.360731,-0.906294,0.220237,0.548404,0.0151065,-0.836077,0.754404,0.422378,0.502464
0.627155,0.33727,1.11021,0.360731,-0.926963,-0.103015,0.548404,0.300151,-0.780489,0.754404,0.225053,0.616624
0.627155,0.290544,1.08479,0.360731,-0.835827,-0.413843,0.548404,0.548992,-0.630762,0.754404,0.000582729,0.65641
0.627155,0.255331,1.04492,0.360731,-0.643878,-0.674755,0.548404,0.731617,-0.404956,0.754404,-0.223958,0.617023
0.627155,0.235878,0.995405,0.360731,-0.374268,-0.854281,0.548404,0.825998,-0.130306,0.754404,-0.421486,0.503213
0.627155,0.234533,0.942226,0.360731,-0.0595153,-0.930769,0.548404,0.820752,0.16006,0.754404,-0.568176,0.328709
0.627155,0.251456,0.891795,0.360731,0.262416,-0.894992,0.548404,0.716511,0.431121,0.754404,-0.646336,0.114558
0.627155,0.284608,0.850193,0.360731,0.552695,-0.751266,0.548404,0.525848,0.650183,0.754404,-0.646538,-0.11341
0.627155,0.329989,0.822439,0.360731,0.776312,-0.516926,0.548404,0.27176,0.790822,0.754404,-0.568759,-0.3277
0.627155,0.382126,0.811879,0.360731,0.906294,-0.220237,0.548404,-0.0151065,0.836077,0.754404,-0.422378,-0.502464
0.627155,0.43473,0.819788,0.360731,0.926963,0.103015,0.548404,-0.300151,0.780489,0.754404,-0.225053,-0.616624
0.627155,0.481456,0.845212,0.360731,0.835827,0.413843,0.548404,-0.548992,0.630762,0.754404,-0.000582729,-0.65641
0.627155,0.516669,0.885084,0.360731,0.643878,0.674755,0.548404,-0.731617,0.404956,0.754404,0.223958,-0.617023
0.627155,0.536122,0.934595,0.360731,0.374268,0.854281,0.548404,-0.825998,0.130306,0.754404,0.421486,-0.503213
0.627155,0.537467,0.987774,0.360731,0.0595153,0.930769,0.548404,-0.820752,-0.16006,0.754404,0.568176,-0.328709
0.627155,0.520544,1.03821,0.360731,-0.262416,0.894992,0.548404,-0.716511,-0.431121,0.754404,0.646336,-0.114558
0.627155,0.487392,1.07981,0.360731,-0.552695,0.751266,0.548404,-0.525848,-0.650183,0.754404,0.646538,0.11341
0.627155,0.442011,1.10756,0.360731,-0.776312,0.516926,0.548404,-0.27176,-0.790822,0.754404,0.568759,0.3277
0.627155,0.389874,1.11812,0.360731,-0.906294,0.220237,0.548404,0.0151065,-0.836077,0.754404,0.422378,0.502464
0.627137,0.511789,1.05231,0.0304265,-0.966988,0.252999,0.655705,-0.17173,-0.735228,0.754404,0.188263,0.628833
0.627137,0.47434,1.09007,0.0304265,-0.995202,-0.0929884,0.655705,0.0900894,-0.749623,0.754404,-0.0381645,0.6553
0.627137,0.426236,1.11274,0.0304265,-0.90338,-0.42776,0.655705,0.341043,-0.673603,0.754404,-0.259989,0.602727
0.627137,0.373278,1.11759,0.0304265,-0.702597,-0.710937,0.655705,0.550861,-0.516337,0.754404,-0.450454,0.477457
0.627137,0.321855,1.10404,0.0304265,-0.417071,-0.908365,0.655705,0.694238,-0.296792,0.754404,-0.586589,0.294598
0.627137,0.278169,1.07372,0.0304265,-0.0812393,-0.99623,0.655705,0.753879,-0.04145,0.754404,-0.651972,0.0762069
0.627137,0.247489,1.03028,0.0304265,0.264391,-0.963936,0.655705,0.722591,0.218891,0.754404,-0.638717,-0.151376
0.627137,0.233515,0.978969,0.0304265,0.578131,-0.815376,0.655705,0.604148,0.452831,0.754404,-0.548424,-0.360701
0.627137,0.237933,0.925974,0.0304265,0.822141,-0.56847,0.655705,0.412836,0.632153,0.754404,-0.391983,-0.526521
0.627137,0.260211,0.877686,0.0304265,0.966988,-0.252999,0.655705,0.17173,0.735228,0.754404,-0.188263,-0.628833
0.627137,0.29766,0.839929,0.0304265,0.995202,0.0929884,0.655705,-0.0900894,0.749623,0.754404,0.0381645,-0.6553
0.627137,0.345764,0.817257,0.0304265,0.90338,0.42776,0.655705,-0.341043,0.673603,0.754404,0.259989,-0.602727
0.627137,0.398722,0.812406,0.0304265,0.702597,0.710937,0.655705,-0.550861,0.516337,0.754404,0.450454,-0.477457
0.627137,0.450145,0.82596,0.0304265,0.417071,0.908365,0.655705,-0.694238,0.296792,0.754404,0.586589,-0.294598
0.627137,0.493831,0.856284,0.0304265,0.0812393,0.99623,0.655705,-0.753879,0.04145,0.754404,0.651972,-0.0762069
0.627137,0.524511,0.89972,0.0304265,-0.264391,0.963936,0.655705,-0.722591,-0.218891,0.754404,0.638717,0.151376
0.627137,0.538485,0.951031,0.0304265,-0.578131,0.815376,0.655705,-0.604148,-0.452831,0.754404,0.548424,0.360701
0.627137,0.534067,1.00403,0.0304265,-0.822141,0.56847,0.655705,-0.412836,-0.632153,0.754404,0.391983,0.526521
0.627137,0.511789,1.05231,0.0304265,-0.966988,0.252999,0.655705,-0.17173,-0.735228,0.754404,0.188263,0.628833
0.674504,0.626358,0.990474,-0.303548,-0.924609,0.230124,0.683918,-0.379594,-0.623029,0.663411,-0.0317336,0.747582
0.674504,0.60315,1.07114,-0.303548,-0.947555,-0.0999895,0.683918,-0.143613,-0.715284,0.663411,-0.285508,0.691643
0.674504,0.553751,1.13901,-0.303548,-0.856212,-0.418042,0.683918,0.10969,-0.721266,0.663411,-0.504846,0.552283
0.674504,0.484118,1.18589,-0.303548,-0.661597,-0.685673,0.683918,0.349762,-0.640252,0.663411,-0.663291,0.346309
0.674504,0.402651,1.20613,-0.303548,-0.387184,-0.870602,0.683918,0.547648,-0.482015,0.663411,-0.741735,0.0985646
0.674504,0.319176,1.19728,-0.303548,-0.0660708,-0.950523,0.683918,0.679479,-0.265639,0.663411,-0.730714,-0.161068
0.674504,0.24376,1.16042,-0.303548,0.263012,-0.915797,0.683918,0.729356,-0.0172233,0.663411,-0.631558,-0.401273
0.674504,0.185501,1.09999,-0.303548,0.560371,-0.770612,0.683918,0.691261,0.23327,0.663411,-0.456227,-0.593079
0.674504,0.151425,1.02327,-0.303548,0.790141,-0.53248,0.683918,0.56979,0.455627,0.663411,-0.225868,-0.71335
0.674504,0.145642,0.939526,-0.303548,0.924609,-0.230124,0.683918,0.379594,0.623029,0.663411,0.0317336,-0.747582
0.674504,0.16885,0.858856,-0.303548,0.947555,0.0999895,0.683918,0.143613,0.715284,0.663411,0.285508,-0.691643
0.674504,0.218249,0.790987,-0.303548,0.856212,0.418042,0.683918,-0.10969,0.721266,0.663411,0.504846,-0.552283
0.674504,0.287882,0.744107,-0.303548,0.661597,0.685673,0.683918,-0.349762,0.640252,0.663411,0.663291,-0.346309
0.674504,0.369349,0.723871,-0.303548,0.387184,0.870602,0.683918,-0.547648,0.482015,0.663411,0.741735,-0.0985646
0.674504,0.452824,0.732717,-0.303548,0.0660708,0.950523,0.683918,-0.679479,0.265639,0.663411,0.730714,0.161068
0.674504,0.52824,0.769581,-0.303548,-0.263012,0.915797,0.683918,-0.729356,0.0172233,0.663411,0.631558,0.401273
0.674504,0.586499,0.830015,-0.303548,-0.560371,0.770612,0.683918,-0.691261,-0.23327,0.663411,0.456227,0.593079
0.674504,0.620575,0.90673,-0.303548,-0.790141,0.53248,0.683918,-0.56979,-0.455627,0.663411,0.225868,0.71335
0.674504,0.626358,0.990474,-0.303548,-0.924609,0.230124,0.683918,-0.379594,-0.623029,0.663411,-0.0317336,0.747582
0.763543,0.71976,0.940057,-0.60091,-0.784268,0.154371,0.629641,-0.583413,-0.513013,0.492402,-0.211076,0.844386
0.763543,0.708163,1.05571,-0.60091,-0.789769,-0.123174,0.629641,-0.372768,-0.681613,0.492402,-0.487144,0.721271
0.763543,0.657708,1.16043,-0.60091,-0.700012,-0.385862,0.629641,-0.117162,-0.768001,0.492402,-0.704455,0.51116
0.763543,0.574481,1.24157,-0.60091,-0.525823,-0.60201,0.629641,0.152576,-0.761757,0.492402,-0.836798,0.239395
0.763543,0.468521,1.28936,-0.60091,-0.288213,-0.745547,0.629641,0.40391,-0.663633,0.492402,-0.868211,-0.0612435
0.763543,0.352607,1.29802,-0.60091,-0.0158393,-0.799159,0.629641,0.606527,-0.485466,0.492402,-0.794905,-0.354496
0.763543,0.240721,1.26652,-0.60091,0.258445,-0.756382,0.629641,0.735989,-0.248744,0.492402,-0.625721,-0.60499
0.763543,0.146358,1.19864,-0.60091,0.501556,-0.622373,0.629641,0.776678,0.0179799,0.492402,-0.381067,-0.782514
0.763543,0.0808989,1.10259,-0.60091,0.684173,-0.413297,0.629641,0.72369,0.282535,0.492402,-0.0904501,-0.865656
0.763543,0.0522398,0.989943,-0.60091,0.784268,-0.154371,0.629641,0.583413,0.513013,0.492402,0.211076,-0.844386
0.763543,0.0638371,0.874286,-0.60091,0.789769,0.123174,0.629641,0.372768,0.681613,0.492402,0.487144,-0.721271
0.763543,0.114292,0.76957,-0.60091,0.700012,0.385862,0.629641,0.117162,0.768001,0.492402,0.704455,-0.51116
0.763543,0.197519,0.688427,-0.60091,0.525823,0.60201,0.629641,-0.152576,0.761757,0.492402,0.836798,-0.239395
0.763543,0.303479,0.640642,-0.60091,0.288213,0.745547,0.629641,-0.40391,0.663633,0.492402,0.868211,0.0612435
0.763543,0.419393,0.631979,-0.60091,0.0158393,0.799159,0.629641,-0.606527,0.485466,0.492402,0.794905,0.354496
0.763543,0.531279,0.663484,-0.60091,-0.258445,0.756382,0.629641,-0.735989,0.248744,0.492402,0.625721,0.60499
0.763543,0.625642,0.731356,-0.60091,-0.501556,0.622373,0.629641,-0.776678,-0.0179799,0.492402,0.381067,0.782514
0.763543,0.691101,0.827409,-0.60091,-0.684173,0.413297,0.629641,-0.72369,-0.282535,0.492402,0.0904501,0.865656
0.763543,0.71976,0.940057,-0.60091,-0.784268,0.154371,0.629641,-0.583413,-0.513013,0.492402,-0.211076,0.844386
0.883514,0.780731,0.907147,-0.825794,-0.562892,0.0348787,0.499419,-0.758604,-0.418449,0.262001,-0.328134,0.90757
0.883514,0.776713,1.04564,-0.825794,-0.540875,-0.159745,0.499419,-0.569737,-0.652672,0.262001,-0.618752,0.740609
0.883514,0.725569,1.17441,-0.825794,-0.45362,-0.335101,0.499419,-0.312151,-0.808172,0.262001,-0.83474,0.484319
0.883514,0.633468,1.27792,-0.825794,-0.311652,-0.47004,0.499419,-0.0169147,-0.866195,0.262001,-0.950046,0.169613
0.883514,0.511519,1.34369,-0.825794,-0.132094,-0.548284,0.499419,0.280362,-0.819742,0.262001,-0.950762,-0.165551
0.883514,0.37443,1.36378,-0.825794,0.0633964,-0.560397,0.499419,0.543822,-0.674417,0.262001,-0.836802,-0.480747
0.883514,0.238737,1.33577,-0.825794,0.25124,-0.504918,0.499419,0.74169,-0.447746,0.262001,-0.621912,-0.737957
0.883514,0.120806,1.26305,-0.825794,0.408781,-0.388539,0.499419,0.850099,-0.167071,0.262001,-0.33201,-0.906159
0.883514,0.0348607,1.15437,-0.825794,0.517016,-0.225296,0.499419,0.855973,0.133756,0.262001,-0.00206246,-0.965065
0.883514,-0.00873149,1.02285,-0.825794,0.562892,-0.0348787,0.499419,0.758604,0.418449,0.262001,0.328134,-0.90757
0.883514,-0.00471326,0.884358,-0.825794,0.540875,0.159745,0.499419,0.569737,0.652672,0.262001,0.618752,-0.740609
0.883514,0.0464308,0.75559,-0.825794,0.45362,0.335101,0.499419,0.312151,0.808172,0.262001,0.83474,-0.484319
0.883514,0.138532,0.652079,-0.825794,0.311652,0.47004,0.499419,0.0169147,0.866195,0.262001,0.950046,-0.169613
0.883514,0.260481,0.586311,-0.825794,0.132094,0.548284,0.499419,-0.280362,0.819742,0.262001,0.950762,0.165551
0.883514,0.39757,0.566219,-0.825794,-0.0633964,0.560397,0.499419,-0.543822,0.674417,0.262001,0.836802,0.480747
0.883514,0.533263,0.594226,-0.825794,-0.25124,0.504918,0.499419,-0.74169,0.447746,0.262001,0.621912,0.737957
0.883514,0.651194,0.666953,-0.825794,-0.408781,0.388539,0.499419,-0.850099,0.167071,0.262001,0.33201,0.906159
0.883514,0.737139,0.77563,-0.825794,-0.517016,0.225296,0.499419,-0.855973,-0.133756,0.262001,0.00206246,0.965065
0.883514,0.780731,0.907147,-0.825794,-0.562892,0.0348787,0.499419,-0.758604,-0.418449,0.262001,-0.328134,0.90757
0.875863,0.0335362,1.14606,0.985232,-0.138369,-0.10086,-0.00862081,0.548211,-0.836296,0.17101,0.824814,0.538922
0.875863,-0.00713313,1.01459,0.985232,-0.0955282,-0.142103,-0.00862081,0.80118,-0.598362,0.17101,0.59075,0.788524
0.875863,-0.000384832,0.877139,0.985232,-0.0411652,-0.166205,-0.00862081,0.957514,-0.288257,0.17101,0.285432,0.943019
0.875863,0.0529672,0.750286,0.985232,0.0181629,-0.170261,-0.00862081,0.998359,0.0566166,0.17101,-0.0543126,0.983771
0.875863,0.146488,0.649331,0.985232,0.0753003,-0.153781,-0.00862081,0.918786,0.394661,0.17101,-0.387507,0.905866
0.875863,0.268897,0.586451,0.985232,0.123355,-0.118753,-0.00862081,0.728395,0.685103,0.17101,-0.673962,0.718701
0.875863,0.405431,0.569228,0.985232,0.156532,-0.0694011,-0.00862081,0.450148,0.892912,0.17101,-0.879127,0.444849
0.875863,0.539621,0.599742,0.985232,0.170829,-0.0116786,-0.00862081,0.117607,0.993023,0.17101,-0.978257,0.117343
0.875863,0.655282,0.674311,0.985232,0.164521,0.0474525,-0.00862081,-0.22912,0.97336,0.17101,-0.959394,-0.224318
0.875863,0.738464,0.783942,0.985232,0.138369,0.10086,-0.00862081,-0.548211,0.836296,0.17101,-0.824814,-0.538922
0.875863,0.779133,0.915411,0.985232,0.0955282,0.142103,-0.00862081,-0.80118,0.598362,0.17101,-0.59075,-0.788524
0.875863,0.772385,1.05286,0.985232,0.0411652,0.166205,-0.00862081,-0.957514,0.288257,0.17101,-0.285432,-0.943019
0.875863,0.719033,1.17971,0.985232,-0.0181629,0.170261,-0.00862081,-0.998359,-0.0566166,0.17101,0.0543126,-0.983771
0.875863,0.625512,1.28067,0.985232,-0.0753003,0.153781,-0.00862081,-0.918786,-0.394661,0.17101,0.387507,-0.905866
0.875863,0.503103,1.34355,0.985232,-0.123355,0.118753,-0.00862081,-0.728395,-0.685103,0.17101,0.673962,-0.718701
0.875863,0.366569,1.36077,0.985232,-0.156532,0.0694011,-0.00862081,-0.450148,-0.892912,0.17101,0.879127,-0.444849
0.875863,0.232379,1.33026,0.985232,-0.170829,0.0116786,-0.00862081,-0.117607,-0.993023,0.17101,0.978257,-0.117343
0.875863,0.116718,1.25569,0.985232,-0.164521,-0.0474525,-0.00862081,0.22912,-0.97336,0.17101,0.959394,0.224318
0.875863,0.0335362,1.14606,0.985232,-0.138369,-0.10086,-0.00862081,0.548211,-0.836296,0.17101,0.824814,0.538922
0.749059,0.0979422,1.11129,0.900555,-0.430979,0.0570825,0.292759,0.504122,-0.812498,0.321393,0.74841,0.580163
0.749059,0.0652789,1.00395,0.900555,-0.424511,-0.0937634,0.292759,0.751611,-0.591078,0.321393,0.504848,0.801146
0.749059,0.0712993,0.891907,0.900555,-0.366841,-0.2333,0.292759,0.908444,-0.298366,0.321393,0.200394,0.925499
0.749059,0.115277,0.788681,0.900555,-0.264924,-0.344697,0.292759,0.955705,0.0303337,0.321393,-0.12823,0.938224
0.749059,0.191908,0.706722,0.900555,-0.131054,-0.414519,0.292759,0.887694,0.355375,0.321393,-0.441388,0.837785
0.749059,0.29195,0.655915,0.900555,0.0186234,-0.434343,0.292759,0.712614,0.637552,0.321393,-0.701309,0.636296
0.749059,0.403335,0.642388,0.900555,0.166054,-0.40178,0.292759,0.451583,0.842832,0.321393,-0.876641,0.358061
0.749059,0.512629,0.667773,0.900555,0.293457,-0.320755,0.292759,0.136084,0.946453,0.321393,-0.946237,0.0366387
0.749059,0.60665,0.729007,0.900555,0.385464,-0.201043,0.292759,-0.195829,0.935918,0.321393,-0.901703,-0.289203
0.749059,0.674058,0.818706,0.900555,0.430979,-0.0570825,0.292759,-0.504122,0.812498,0.321393,-0.74841,-0.580163
0.749059,0.706721,0.926051,0.900555,0.424511,0.0937634,0.292759,-0.751611,0.591078,0.321393,-0.504848,-0.801146
0.749059,0.700701,1.03809,0.900555,0.366841,0.2333,0.292759,-0.908444,0.298366,0.321393,-0.200394,-0.925499
0.749059,0.656723,1.14132,0.900555,0.264924,0.344697,0.292759,-0.955705,-0.0303337,0.321393,0.12823,-0.938224
0.749059,0.580092,1.22328,0.900555,0.131054,0.414519,0.292759,-0.887694,-0.355375,0.321393,0.441388,-0.837785
0.749059,0.48005,1.27409,0.900555,-0.0186234,0.434343,0.292759,-0.712614,-0.637552,0.321393,0.701309,-0.636296
0.749059,0.368665,1.28761,0.900555,-0.166054,0.40178,0.292759,-0.451583,-0.842832,0.321393,0.876641,-0.358061
0.749059,0.259371,1.26223,0.900555,-0.293457,0.320755,0.292759,-0.136084,-0.946453,0.321393,0.946237,-0.0366387
0.749059,0.16535,1.20099,0.900555,-0.385464,0.201043,0.292759,0.195829,-0.935918,0.321393,0.901703,0.289203
0.749059,0.0979422,1.11129,0.900555,-0.430979,0.0570825,0.292759,0.504122,-0.812498,0.321393,0.74841,0.580163
0.654934,0.196629,1.05803,0.707258,-0.680456,0.191744,0.558827,0.371985,-0.741174,0.433011,0.631353,0.643347
0.654934,0.176233,0.987646,0.707258,-0.705,-0.0525496,0.558827,0.603048,-0.569249,0.433011,0.37324,0.820484
0.654934,0.181138,0.914536,0.707258,-0.64451,-0.290505,0.558827,0.761375,-0.328665,0.433011,0.0701088,0.898658
0.654934,0.210752,0.847512,0.707258,-0.506283,-0.493421,0.558827,0.827868,-0.0484384,0.433011,-0.241478,0.868441
0.654934,0.261504,0.794659,0.707258,-0.306991,-0.636823,0.558827,0.794508,0.23763,0.433011,-0.52394,0.733477
0.654934,0.327272,0.762352,0.707258,-0.0706707,-0.703414,0.558827,0.665319,0.495037,0.433011,-0.743206,0.510045
0.654934,0.400123,0.754487,0.707258,0.174173,-0.685164,0.558827,0.455883,0.692736,0.433011,-0.872831,0.225094
0.654934,0.471271,0.772013,0.707258,0.398009,-0.584273,0.558827,0.19146,0.80688,0.433011,-0.89718,-0.0870067
0.654934,0.532134,0.812816,0.707258,0.573839,-0.41291,0.558827,-0.0960553,0.823702,0.433011,-0.813315,-0.388613
0.654934,0.575371,0.871975,0.707258,0.680456,-0.191744,0.558827,-0.371985,0.741174,0.433011,-0.631353,-0.643347
0.654934,0.595767,0.942354,0.707258,0.705,0.0525496,0.558827,-0.603048,0.569249,0.433011,-0.37324,-0.820484
0.654934,0.590862,1.01546,0.707258,0.64451,0.290505,0.558827,-0.761375,0.328665,0.433011,-0.0701088,-0.898658
0.654934,0.561248,1.08249,0.707258,0.506283,0.493421,0.558827,-0.827868,0.0484384,0.433011,0.241478,-0.868441
0.654934,0.510496,1.13534,0.707258,0.306991,0.636823,0.558827,-0.794508,-0.23763,0.433011,0.52394,-0.733477
0.654934,0.444728,1.16765,0.707258,0.0706707,0.703414,0.558827,-0.665319,-0.495037,0.433011,0.743206,-0.510045
0.654934,0.371877,1.17551,0.707258,-0.174173,0.685164,0.558827,-0.455883,-0.692736,0.433011,0.872831,-0.225094
0.654934,0.300729,1.15799,0.707258,-0.398009,0.584273,0.558827,-0.19146,-0.80688,0.433011,0.89718,0.0870067
