0.658953,0.206315,0.9048,0.308961,0.0294692,0.950618,0.951075,-0.00956951,-0.308812,-3.49349e-06,0.99952,-0.030984
0.907818,0.149788,0.597982,0.92986,0.283186,-0.234876,-0.179072,0.906033,0.383454,0.321394,-0.314499,0.893194
0.907818,0.268937,0.522289,0.92986,0.34644,-0.123856,-0.179072,0.720244,0.670211,0.321394,-0.601023,0.731763
0.907818,0.406789,0.491912,0.92986,0.367909,0.00210317,-0.179072,0.447582,0.87613,0.321394,-0.815054,0.482071
0.907818,0.546717,0.510516,0.92986,0.345002,0.127809,-0.179072,0.120936,0.976375,0.321394,-0.930778,0.174233
0.907818,0.671844,0.575856,0.92986,0.280483,0.238098,-0.179072,-0.220298,0.958855,0.321394,-0.934237,-0.154619
0.907818,0.767077,0.680051,0.92986,0.182133,0.31967,-0.179072,-0.53496,0.825682,0.321394,-0.825013,-0.464822
0.907818,0.82093,0.810534,0.92986,0.0618155,0.362685,-0.179072,-0.785098,0.592921,0.321394,-0.61628,-0.718961
0.907818,0.826907,0.951567,0.92986,-0.0659579,0.361954,-0.179072,-0.940541,0.288644,0.321394,-0.333214,-0.886382
0.907818,0.784288,1.08614,0.92986,-0.185776,0.317567,-0.179072,-0.982542,-0.0504474,0.321394,-0.00995835,-0.946893
0.907818,0.698212,1.19802,0.92986,-0.283186,0.234876,-0.179072,-0.906033,-0.383454,0.321394,0.314499,-0.893194
0.907818,0.579063,1.27371,0.92986,-0.34644,0.123856,-0.179072,-0.720244,-0.670211,0.321394,0.601023,-0.731763
0.907818,0.441211,1.30409,0.92986,-0.367909,-0.00210317,-0.179072,-0.447582,-0.87613,0.321394,0.815054,-0.482071
0.907818,0.301283,1.28548,0.92986,-0.345002,-0.127809,-0.179072,-0.120936,-0.976375,0.321394,0.930778,-0.174233
0.907818,0.176156,1.22014,0.92986,-0.280483,-0.238098,-0.179072,0.220298,-0.958855,0.321394,0.934237,0.154619
0.907818,0.0809232,1.11595,0.92986,-0.182133,-0.31967,-0.179072,0.53496,-0.825682,0.321394,0.825013,0.464822
0.907818,0.0270704,0.985466,0.92986,-0.0618155,-0.362685,-0.179072,0.785098,-0.592921,0.321394,0.61628,0.718961
0.907818,0.0210931,0.844433,0.92986,0.0659579,-0.361954,-0.179072,0.940541,-0.288644,0.321394,0.333214,0.886382
0.907818,0.0637124,0.709861,0.92986,0.185776,-0.317567,-0.179072,0.982542,0.0504474,0.321394,0.00995835,0.946893
0.907818,0.149788,0.597982,0.92986,0.283186,-0.234876,-0.179072,0.906033,0.383454,0.321394,-0.314499,0.893194
0.809114,0.151553,0.65492,0.796489,0.273754,-0.539132,-0.0275851,0.907162,0.419876,0.604023,-0.319555,0.730097
0.809114,0.251122,0.576397,0.796489,0.441639,-0.412989,-0.0275851,0.708848,0.704822,0.604023,-0.549991,0.576772
0.809114,0.371542,0.536664,0.796489,0.556255,-0.237033,-0.0275851,0.425036,0.904756,0.604023,-0.71409,0.353881
0.809114,0.49829,0.540514,0.796489,0.603779,-0.0324876,-0.0275851,0.0899579,0.995563,0.604023,-0.79206,0.0883058
0.809114,0.616077,0.587481,0.796489,0.578478,0.175976,-0.0275851,-0.25597,0.966291,0.604023,-0.774495,-0.18792
0.809114,0.710697,0.671902,0.796489,0.483404,0.363215,-0.0275851,-0.571024,0.82047,0.604023,-0.663515,-0.44148
0.809114,0.770737,0.783594,0.796489,0.330025,0.506644,-0.0275851,-0.817204,0.575688,0.604023,-0.472505,-0.641791
0.809114,0.788956,0.909084,0.796489,0.136839,0.588965,-0.0275851,-0.964818,0.261469,0.604023,-0.224504,-0.764692
0.809114,0.763155,1.03324,0.796489,-0.0728511,0.600248,-0.0275851,-0.99606,-0.0842865,0.604023,0.0505755,-0.795361
0.809114,0.696447,1.14108,0.796489,-0.273754,0.539132,-0.0275851,-0.907162,-0.419876,0.604023,0.319555,-0.730097
0.809114,0.596878,1.2196,0.796489,-0.441639,0.412989,-0.0275851,-0.708848,-0.704822,0.604023,0.549991,-0.576772
0.809114,0.476458,1.25934,0.796489,-0.556255,0.237033,-0.0275851,-0.425036,-0.904756,0.604023,0.71409,-0.353881
0.809114,0.34971,1.25549,0.796489,-0.603779,0.0324876,-0.0275851,-0.0899579,-0.995563,0.604023,0.79206,-0.0883058
0.809114,0.231923,1.20852,0.796489,-0.578478,-0.175976,-0.0275851,0.25597,-0.966291,0.604023,0.774495,0.18792
0.809114,0.137303,1.1241,0.796489,-0.483404,-0.363215,-0.0275851,0.571024,-0.82047,0.604023,0.663515,0.44148
0.809114,0.0772629,1.01241,0.796489,-0.330025,-0.506644,-0.0275851,0.817204,-0.575688,0.604023,0.472505,0.641791
0.809114,0.0590445,0.886916,0.796489,-0.136839,-0.588965,-0.0275851,0.964818,-0.261469,0.604023,0.224504,0.764692
0.809114,0.084845,0.762762,0.796489,0.0728511,-0.600248,-0.0275851,0.99606,0.0842865,0.604023,-0.0505755,0.795361
0.809114,0.151553,0.65492,0.796489,0.273754,-0.539132,-0.0275851,0.907162,0.419876,0.604023,-0.319555,0.730097
0.735846,0.154257,0.742167,0.567051,0.266305,-0.779445,0.127229,0.906618,0.402314,0.813797,-0.327301,0.480217
0.735846,0.223823,0.659307,0.567051,0.516831,-0.641357,0.127229,0.714342,0.688133,0.813797,-0.471806,0.339313
0.735846,0.317533,0.605238,0.567051,0.705019,-0.425912,0.127229,0.435907,0.890953,0.813797,-0.559405,0.157482
0.735846,0.424084,0.58648,0.567051,0.808172,-0.159096,0.127229,0.104894,0.986311,0.813797,-0.57953,-0.0433426
0.735846,0.530625,0.605295,0.567051,0.813847,0.12691,0.127229,-0.23877,0.962705,0.813797,-0.529756,-0.23894
0.735846,0.624306,0.659415,0.567051,0.72136,0.397608,0.127229,-0.553635,0.822983,0.813797,-0.416086,-0.405717
0.735846,0.693827,0.742313,0.567051,0.541867,0.620349,0.127229,-0.801723,0.583997,0.813797,-0.252229,-0.523559
0.735846,0.730802,0.843988,0.567051,0.297017,0.768267,0.127229,-0.953112,0.274572,0.813797,-0.0579503,-0.578252
0.735846,0.730773,0.952178,0.567051,0.0163414,0.823521,0.127229,-0.989542,-0.0679703,0.813797,0.143319,-0.5632
0.735846,0.693743,1.05383,0.567051,-0.266305,0.779445,0.127229,-0.906618,-0.402314,0.813797,0.327301,-0.480217
0.735846,0.624177,1.13669,0.567051,-0.516831,0.641357,0.127229,-0.714342,-0.688133,0.813797,0.471806,-0.339313
0.735846,0.530467,1.19076,0.567051,-0.705019,0.425912,0.127229,-0.435907,-0.890953,0.813797,0.559405,-0.157482
0.735846,0.423916,1.20952,0.567051,-0.808172,0.159096,0.127229,-0.104894,-0.986311,0.813797,0.57953,0.0433426
0.735846,0.317375,1.1907,0.567051,-0.813847,-0.12691,0.127229,0.23877,-0.962705,0.813797,0.529756,0.23894
0.735846,0.223694,1.13658,0.567051,-0.72136,-0.397608,0.127229,0.553635,-0.822983,0.813797,0.416086,0.405717
0.735846,0.154173,1.05369,0.567051,-0.541867,-0.620349,0.127229,0.801723,-0.583997,0.813797,0.252229,0.523559
0.735846,0.117198,0.952012,0.567051,-0.297017,-0.768267,0.127229,0.953112,-0.274572,0.813797,0.0579503,0.578252
0.735846,0.117227,0.843822,0.567051,-0.0163414,-0.823521,0.127229,0.989542,0.0679703,0.813797,-0.143319,0.5632
0.735846,0.154257,0.742167,0.567051,0.266305,-0.779445,0.127229,0.906618,0.402314,0.813797,-0.327301,0.480217
0.696852,0.157575,0.849199,0.269218,0.261736,-0.926831,0.266698,0.904466,0.332888,0.925416,-0.336803,0.173694
0.696852,0.190334,0.76102,0.269218,0.562946,-0.781418,0.266698,0.736065,0.622158,0.925416,-0.375898,0.0480254
0.696852,0.251275,0.689362,0.269218,0.796257,-0.541753,0.266698,0.478885,0.836386,0.925416,-0.369655,-0.0834357
0.696852,0.33305,0.642869,0.269218,0.933527,-0.236746,0.266698,0.163944,0.949734,0.925416,-0.318825,-0.204833
0.696852,0.425795,0.627149,0.269218,0.958201,0.0968168,0.266698,-0.170772,0.94853,0.925416,-0.22954,-0.301525
0.696852,0.518324,0.644097,0.269218,0.867301,0.418702,0.266698,-0.484889,0.832919,0.925416,-0.11257,-0.361848
0.696852,0.599475,0.69167,0.269218,0.671792,0.690085,0.266698,-0.740522,0.616846,0.925416,0.0179783,-0.378527
0.696852,0.659462,0.764129,0.269218,0.395254,0.878234,0.266698,-0.906837,0.326372,0.925416,0.146358,-0.34955
0.696852,0.691048,0.852735,0.269218,0.0710438,0.960455,0.266698,-0.963774,-0.0034667,0.925416,0.257085,-0.278412
0.696852,0.690425,0.946801,0.269218,-0.261736,0.926831,0.266698,-0.904466,-0.332888,0.925416,0.336803,-0.173694
0.696852,0.657666,1.03498,0.269218,-0.562946,0.781418,0.266698,-0.736065,-0.622158,0.925416,0.375898,-0.0480254
0.696852,0.596725,1.10664,0.269218,-0.796257,0.541753,0.266698,-0.478885,-0.836386,0.925416,0.369655,0.0834357
0.696852,0.51495,1.15313,0.269218,-0.933527,0.236746,0.266698,-0.163944,-0.949734,0.925416,0.318825,0.204833
0.696852,0.422205,1.16885,0.269218,-0.958201,-0.0968168,0.266698,0.170772,-0.94853,0.925416,0.22954,0.301525
0.696852,0.329676,1.1519,0.269218,-0.867301,-0.418702,0.266698,0.484889,-0.832919,0.925416,0.11257,0.361848
0.696852,0.248525,1.10433,0.269218,-0.671792,-0.690085,0.266698,0.740522,-0.616846,0.925416,-0.0179783,0.378527
0.696852,0.188538,1.03187,0.269218,-0.395254,-0.878234,0.266698,0.906837,-0.326372,0.925416,-0.146358,0.34955
0.696852,0.156952,0.943265,0.269218,-0.0710438,-0.960455,0.266698,0.963774,0.0034667,0.925416,-0.257085,0.278412
0.696852,0.157575,0.849199,0.269218,0.261736,-0.926831,0.266698,0.904466,0.332888,0.925416,-0.336803,0.173694
0.696834,0.161107,0.963107,-0.061087,0.260599,-0.963513,0.373999,0.900965,0.21997,0.925415,-0.346915,-0.152501
0.696834,0.154693,0.869266,-0.061087,0.574423,-0.816276,0.373999,0.771396,0.514852,0.925415,-0.273835,-0.261956
0.696834,0.180762,0.77889,-0.061087,0.818964,-0.570584,0.373999,0.548785,0.747636,0.925415,-0.167727,-0.339815
0.696834,0.236169,0.702881,-0.061087,0.964726,-0.256071,0.373999,0.259983,0.890244,0.925415,-0.041388,-0.376688
0.696834,0.314231,0.650406,-0.061087,0.994127,0.0893273,0.373999,-0.0601771,0.925475,0.925415,0.0899428,-0.368126
0.696834,0.405533,0.627795,-0.061087,0.903622,0.423952,0.373999,-0.373079,0.84908,0.925415,0.210425,-0.315163
0.696834,0.499062,0.637774,-0.061087,0.704127,0.707441,0.373999,-0.640982,0.670274,0.925415,0.305527,-0.224187
0.696834,0.583538,0.67914,-0.061087,0.419704,0.905603,0.373999,-0.831573,0.410623,0.925415,0.363778,-0.10617
0.696834,0.648771,0.746904,-0.061087,0.0846582,0.994536,0.373999,-0.921864,0.101444,0.925415,0.378152,0.0246519
0.696834,0.686893,0.832893,-0.061087,-0.260599,0.963513,0.373999,-0.900965,-0.21997,0.925415,0.346915,0.152501
0.696834,0.693307,0.926734,-0.061087,-0.574423,0.816276,0.373999,-0.771396,-0.514852,0.925415,0.273835,0.261956
0.696834,0.667238,1.01711,-0.061087,-0.818964,0.570584,0.373999,-0.548785,-0.747636,0.925415,0.167727,0.339815
0.696834,0.611831,1.09312,-0.061087,-0.964726,0.256071,0.373999,-0.259983,-0.890244,0.925415,0.041388,0.376688
0.696834,0.533769,1.14559,-0.061087,-0.994127,-0.0893273,0.373999,0.0601771,-0.925475,0.925415,-0.0899428,0.368126
0.696834,0.442467,1.16821,-0.061087,-0.903622,-0.423952,0.373999,0.373079,-0.84908,0.925415,-0.210425,0.315163
0.696834,0.348938,1.15823,-0.061087,-0.704127,-0.707441,0.373999,0.640982,-0.670274,0.925415,-0.305527,0.224187
0.696834,0.264462,1.11686,-0.061087,-0.419704,-0.905603,0.373999,0.831573,-0.410623,0.925415,-0.363778,0.10617
0.696834,0.199229,1.0491,-0.061087,-0.0846582,-0.994536,0.373999,0.921864,-0.101444,0.925415,-0.378152,-0.0246519
0.696834,0.161107,0.963107,-0.061087,0.260599,-0.963513,0.373999,0.900965,0.21997,0.925415,-0.346915,-0.152501
0.735794,0.164425,1.07015,-0.384024,0.26303,-0.885065,0.43619,0.896539,0.0771804,0.813796,-0.356417,-0.459023
0.735794,0.1212,0.97099,-0.384024,0.549878,-0.741728,0.43619,0.816074,0.37916,0.813796,-0.177928,-0.553243
0.735794,0.114497,0.863024,-0.384024,0.770402,-0.508927,0.43619,0.637178,0.635408,0.813796,0.022023,-0.580733
0.735794,0.145125,0.759277,-0.384024,0.898004,-0.214742,0.43619,0.381429,0.815015,0.813796,0.219317,-0.538178
0.735794,0.209389,0.672262,-0.384024,0.917294,0.105344,0.43619,0.0796745,0.89632,0.813796,0.390159,-0.430711
0.735794,0.299538,0.612475,-0.384024,0.825944,0.412724,0.43619,-0.23169,0.869516,0.813796,0.513941,-0.271294
0.735794,0.4047,0.587125,-0.384024,0.634974,0.670324,0.43619,-0.515109,0.737835,0.813796,0.575735,-0.0791548
0.735794,0.512189,0.599272,-0.384024,0.367416,0.847072,0.43619,-0.736399,0.51716,0.813796,0.568086,0.122532
0.735794,0.609041,0.64745,-0.384024,0.0555424,0.921651,0.43619,-0.868868,0.234108,0.813796,0.491918,0.309439
0.735794,0.683575,0.725848,-0.384024,-0.26303,0.885065,0.43619,-0.896539,-0.0771804,0.813796,0.356417,0.459023
0.735794,0.7268,0.82501,-0.384024,-0.549878,0.741728,0.43619,-0.816074,-0.37916,0.813796,0.177928,0.553243
0.735794,0.733503,0.932976,-0.384024,-0.770402,0.508927,0.43619,-0.637178,-0.635408,0.813796,-0.022023,0.580733
0.735794,0.702875,1.03672,-0.384024,-0.898004,0.214742,0.43619,-0.381429,-0.815015,0.813796,-0.219317,0.538178
0.735794,0.638611,1.12374,-0.384024,-0.917294,-0.105344,0.43619,-0.0796745,-0.89632,0.813796,-0.390159,0.430711
0.735794,0.548462,1.18353,-0.384024,-0.825944,-0.412724,0.43619,0.23169,-0.869516,0.813796,-0.513941,0.271294
0.735794,0.4433,1.20887,-0.384024,-0.634974,-0.670324,0.43619,0.515109,-0.737835,0.813796,-0.575735,0.0791548
0.735794,0.335811,1.19673,-0.384024,-0.367416,-0.847072,0.43619,0.736399,-0.51716,0.813796,-0.568086,-0.122532
0.735794,0.238959,1.14855,-0.384024,-0.0555424,-0.921651,0.43619,0.868868,-0.234108,0.813796,-0.491918,-0.309439
0.735794,0.164425,1.07015,-0.384024,0.26303,-0.885065,0.43619,0.896539,0.0771804,0.813796,-0.356417,-0.459023
0.809034,0.16713,1.15742,-0.660642,0.268738,-0.700951,0.44577,0.89172,-0.0782583,0.604021,-0.364164,-0.708903
0.809034,0.0938939,1.05392,-0.660642,0.492271,-0.566765,0.44577,0.864709,0.231447,0.604021,-0.0997429,-0.790702
0.809034,0.0604732,0.931616,-0.660642,0.656428,-0.364218,0.44577,0.733401,0.513237,0.604021,0.176708,-0.777131
0.809034,0.0708992,0.805255,-0.660642,0.74141,-0.117742,0.44577,0.513634,0.733123,0.604021,0.431846,-0.669826
0.809034,0.123914,0.690081,-0.660642,0.736968,0.142936,0.44577,0.231915,0.864583,0.604021,0.634897,-0.481731
0.809034,0.213124,0.599985,-0.660642,0.643636,0.386374,0.44577,-0.0777762,0.891762,0.604021,0.761369,-0.235532
0.809034,0.327769,0.545833,-0.660642,0.472672,0.583209,0.44577,-0.378086,0.811381,0.604021,0.79601,0.0390764
0.809034,0.45402,0.534159,-0.660642,0.244697,0.709701,0.44577,-0.632794,0.633136,0.604021,0.73464,0.308971
0.809034,0.576651,0.566369,-0.660642,-0.0127917,0.750592,0.44577,-0.811177,0.378525,0.604021,0.584661,0.541599
0.809034,0.68087,0.638578,-0.660642,-0.268738,0.700951,0.44577,-0.89172,0.0782583,0.604021,0.364164,0.708903
0.809034,0.754106,0.742078,-0.660642,-0.492271,0.566765,0.44577,-0.864709,-0.231447,0.604021,0.0997429,0.790702
0.809034,0.787527,0.864384,-0.660642,-0.656428,0.364218,0.44577,-0.733401,-0.513237,0.604021,-0.176708,0.777131
0.809034,0.777101,0.990745,-0.660642,-0.74141,0.117742,0.44577,-0.513634,-0.733123,0.604021,-0.431846,0.669826
0.809034,0.724086,1.10592,-0.660642,-0.736968,-0.142936,0.44577,-0.231915,-0.864583,0.604021,-0.634897,0.481731
0.809034,0.634876,1.19602,-0.660642,-0.643636,-0.386374,0.44577,0.0777762,-0.891762,0.604021,-0.761369,0.235532
0.809034,0.520231,1.25017,-0.660642,-0.472672,-0.583209,0.44577,0.378086,-0.811381,0.604021,-0.79601,-0.0390764
0.809034,0.39398,1.26184,-0.660642,-0.244697,-0.709701,0.44577,0.632794,-0.633136,0.604021,-0.73464,-0.308971
0.809034,0.271349,1.22963,-0.660642,0.0127917,-0.750592,0.44577,0.811177,-0.378525,0.604021,-0.584661,-0.541599
0.809034,0.16713,1.15742,-0.660642,0.268738,-0.700951,0.44577,0.89172,-0.0782583,0.604021,-0.364164,-0.708903
0.90772,0.168896,1.21439,-0.857576,0.277033,-0.433377,0.401584,0.887091,-0.227598,0.321392,-0.36922,-0.872
0.90772,0.0760687,1.10806,-0.857576,0.408549,-0.31249,0.401584,0.911436,0.0895307,0.321392,-0.0487115,-0.945692
0.90772,0.0252067,0.976392,-0.857576,0.490789,-0.153913,0.401584,0.825848,0.395861,0.321392,0.277672,-0.905321
0.90772,0.0224451,0.835269,-0.857576,0.513832,0.0232291,0.401584,0.640651,0.654444,0.321392,0.570564,-0.755754
0.90772,0.0681169,0.701713,-0.857576,0.474899,0.197569,0.401584,0.378182,0.834092,0.321392,0.794638,-0.515032
0.90772,0.156713,0.591831,-0.857576,0.378687,0.348079,0.401584,0.0700985,0.913136,0.321392,0.922867,-0.212189
0.90772,0.277549,0.518878,-0.857576,0.236799,0.456606,0.401584,-0.24644,0.882042,0.321392,0.939784,0.116246
0.90772,0.416048,0.491653,-0.857576,0.0663498,0.510059,0.401584,-0.533254,0.744561,0.321392,0.843349,0.430661
0.90772,0.555507,0.513439,-0.857576,-0.112102,0.501992,0.401584,-0.755749,0.517275,0.321392,0.645195,0.693131
0.90772,0.679104,0.581609,-0.857576,-0.277033,0.433377,0.401584,-0.887091,0.227598,0.321392,0.36922,0.872
0.90772,0.771931,0.68794,-0.857576,-0.408549,0.31249,0.401584,-0.911436,-0.0895307,0.321392,0.0487115,0.945692
0.90772,0.822793,0.819608,-0.857576,-0.490789,0.153913,0.401584,-0.825848,-0.395861,0.321392,-0.277672,0.905321
0.90772,0.825555,0.960731,-0.857576,-0.513832,-0.0232291,0.401584,-0.640651,-0.654444,0.321392,-0.570564,0.755754
0.90772,0.779883,1.09429,-0.857576,-0.474899,-0.197569,0.401584,-0.378182,-0.834092,0.321392,-0.794638,0.515032
0.90772,0.691287,1.20417,-0.857576,-0.378687,-0.348079,0.401584,-0.0700985,-0.913136,0.321392,-0.922867,0.212189
0.90772,0.570451,1.27712,-0.857576,-0.236799,-0.456606,0.401584,0.24644,-0.882042,0.321392,-0.939784,-0.116246
0.90772,0.431952,1.30435,-0.857576,-0.0663498,-0.510059,0.401584,0.533254,-0.744561,0.321392,-0.843349,-0.430661
0.90772,0.292493,1.28256,-0.857576,0.112102,-0.501992,0.401584,0.755749,-0.517275,0.321392,-0.645195,-0.693131
0.90772,0.168896,1.21439,-0.857576,0.277033,-0.433377,0.401584,0.887091,-0.227598,0.321392,-0.36922,-0.872
0.883612,0.275865,0.527537,0.961642,0.232267,-0.145934,-0.0812368,0.749288,0.657243,0.262003,-0.620177,0.739415
0.883612,0.411505,0.499214,0.961642,0.268172,-0.0576934,-0.0812368,0.47931,0.873878,0.262003,-0.835671,0.48271
0.883612,0.548651,0.51899,0.961642,0.271732,0.0375063,-0.0812368,0.15152,0.98511,0.262003,-0.95037,0.167783
0.883612,0.670763,0.58448,0.961642,0.242517,0.128182,-0.0812368,-0.194545,0.977524,0.262003,-0.950441,-0.167382
0.883612,0.763111,0.687785,0.961642,0.18405,0.203397,-0.0812368,-0.517146,0.852033,0.262003,-0.835874,-0.482357
0.883612,0.814558,0.816446,0.961642,0.103385,0.25408,-0.0812368,-0.777371,0.623775,0.262003,-0.620489,-0.739153
0.883612,0.818898,0.954943,0.961642,0.0102492,0.274117,-0.0812368,-0.943833,0.320281,0.262003,-0.330264,-0.906797
0.883612,0.775607,1.08657,0.961642,-0.0841223,0.261091,-0.0812368,-0.996455,-0.0218445,0.262003,-0.000203568,-0.965067
0.883612,0.689907,1.19546,0.961642,-0.168347,0.216574,-0.0812368,-0.928891,-0.361335,0.262003,0.329881,-0.906936
0.883612,0.572135,1.26846,0.961642,-0.232267,0.145934,-0.0812368,-0.749288,-0.657243,0.262003,0.620177,-0.739415
0.883612,0.436495,1.29679,0.961642,-0.268172,0.0576934,-0.0812368,-0.47931,-0.873878,0.262003,0.835671,-0.48271
0.883612,0.299349,1.27701,0.961642,-0.271732,-0.0375063,-0.0812368,-0.15152,-0.98511,0.262003,0.95037,-0.167783
0.883612,0.177237,1.21152,0.961642,-0.242517,-0.128182,-0.0812368,0.194545,-0.977524,0.262003,0.950441,0.167382
0.883612,0.0848887,1.10821,0.961642,-0.18405,-0.203397,-0.0812368,0.517146,-0.852033,0.262003,0.835874,0.482357
0.883612,0.033442,0.979554,0.961642,-0.103385,-0.25408,-0.0812368,0.777371,-0.623775,0.262003,0.620489,0.739153
0.883612,0.0291024,0.841057,0.961642,-0.0102492,-0.274117,-0.0812368,0.943833,-0.320281,0.262003,0.330264,0.906797
0.883612,0.0723932,0.709428,0.961642,0.0841223,-0.261091,-0.0812368,0.996455,0.0218445,0.262003,0.000203568,0.965067
0.883612,0.158093,0.600544,0.961642,0.168347,-0.216574,-0.0812368,0.928891,0.361335,0.262003,-0.329881,0.906936
0.883612,0.275865,0.527537,0.961642,0.232267,-0.145934,-0.0812368,0.749288,0.657243,0.262003,-0.620177,0.739415
0.763622,0.278011,0.596759,0.856221,0.222335,-0.466319,0.156285,0.748878,0.644016,0.492403,-0.624299,0.606457
0.763622,0.389846,0.564995,0.856221,0.368417,-0.362153,0.156285,0.483448,0.861309,0.492403,-0.79407,0.35636
0.763622,0.5058,0.573396,0.856221,0.470063,-0.214306,0.156285,0.159708,0.974714,0.492403,-0.868064,0.0632813
0.763622,0.611888,0.620949,0.856221,0.515012,-0.0406113,0.156285,-0.183296,0.970555,0.492403,-0.837356,-0.23743
0.763622,0.695314,0.701919,0.856221,0.497842,0.137982,0.156285,-0.504191,0.849333,0.492403,-0.705652,-0.509504
0.763622,0.746015,0.806539,0.856221,0.420626,0.299933,0.156285,-0.764274,0.625668,0.492403,-0.488835,-0.720125
0.763622,0.757877,0.92219,0.856221,0.292676,0.425707,0.156285,-0.932173,0.326539,0.492403,-0.213058,-0.843887
0.763622,0.729468,1.03492,0.856221,0.129425,0.500135,0.156285,-0.987639,-0.0119758,0.492403,0.0884178,-0.865864
0.763622,0.664215,1.13114,0.856221,-0.0494365,0.514239,0.156285,-0.923981,-0.349046,0.492403,0.379229,-0.783406
0.763622,0.569989,1.19924,0.856221,-0.222335,0.466319,0.156285,-0.748878,-0.644016,0.492403,0.624299,-0.606457
0.763622,0.458154,1.23101,0.856221,-0.368417,0.362153,0.156285,-0.483448,-0.861309,0.492403,0.79407,-0.35636
0.763622,0.3422,1.2226,0.856221,-0.470063,0.214306,0.156285,-0.159708,-0.974714,0.492403,0.868064,-0.0632813
0.763622,0.236112,1.17505,0.856221,-0.515012,0.0406113,0.156285,0.183296,-0.970555,0.492403,0.837356,0.23743
0.763622,0.152686,1.09408,0.856221,-0.497842,-0.137982,0.156285,0.504191,-0.849333,0.492403,0.705652,0.509504
0.763622,0.101985,0.989461,0.856221,-0.420626,-0.299933,0.156285,0.764274,-0.625668,0.492403,0.488835,0.720125
0.763622,0.0901233,0.87381,0.856221,-0.292676,-0.425707,0.156285,0.932173,-0.326539,0.492403,0.213058,0.843887
0.763622,0.118532,0.761076,0.856221,-0.129425,-0.500135,0.156285,0.987639,0.0119758,0.492403,-0.0884178,0.865864
0.763622,0.183785,0.664857,0.856221,0.0494365,-0.514239,0.156285,0.923981,0.349046,0.492403,-0.379229,0.783406
0.763622,0.278011,0.596759,0.856221,0.222335,-0.466319,0.156285,0.748878,0.644016,0.492403,-0.624299,0.606457
0.674556,0.281299,0.702826,0.647527,0.21412,-0.731343,0.374957,0.745975,0.550389,0.663413,-0.630614,0.402753
0.674556,0.356659,0.665789,0.647527,0.451341,-0.614004,0.374957,0.512743,0.772335,0.663413,-0.730333,0.162782
0.674556,0.44014,0.656761,0.647527,0.634123,-0.422607,0.374957,0.217667,0.901126,0.663413,-0.741963,-0.0968239
0.674556,0.521676,0.67683,0.647527,0.740421,-0.180238,0.374957,-0.103663,0.921228,0.663413,-0.664101,-0.344751
0.674556,0.59143,0.723575,0.647527,0.757413,0.0838704,0.374957,-0.41249,0.830216,0.663413,-0.506139,-0.551096
0.674556,0.640989,0.791359,0.647527,0.68305,0.337863,0.374957,-0.671564,0.639068,0.663413,-0.287129,-0.690971
0.674556,0.664376,0.872005,0.647527,0.526301,0.551104,0.374957,-0.849638,0.370839,0.663413,-0.0334876,-0.747504
0.674556,0.658771,0.955786,0.647527,0.306073,0.697874,0.374957,-0.925233,0.0578813,0.663413,0.224193,-0.713877
0.674556,0.624849,1.0326,0.647527,0.0489273,0.76047,0.374957,-0.889232,-0.262058,0.663413,0.454833,-0.594147
0.674556,0.566701,1.09317,0.647527,-0.21412,0.731343,0.374957,-0.745975,-0.550389,0.663413,0.630614,-0.402753
0.674556,0.491341,1.13021,0.647527,-0.451341,0.614004,0.374957,-0.512743,-0.772335,0.663413,0.730333,-0.162782
0.674556,0.40786,1.13924,0.647527,-0.634123,0.422607,0.374957,-0.217667,-0.901126,0.663413,0.741963,0.0968239
0.674556,0.326324,1.11917,0.647527,-0.740421,0.180238,0.374957,0.103663,-0.921228,0.663413,0.664101,0.344751
0.674556,0.25657,1.07242,0.647527,-0.757413,-0.0838704,0.374957,0.41249,-0.830216,0.663413,0.506139,0.551096
0.674556,0.207011,1.00464,0.647527,-0.68305,-0.337863,0.374957,0.671564,-0.639068,0.663413,0.287129,0.690971
0.674556,0.183624,0.923995,0.647527,-0.526301,-0.551104,0.374957,0.849638,-0.370839,0.663413,0.0334876,0.747504
0.674556,0.189229,0.840214,0.647527,-0.306073,-0.697874,0.374957,0.925233,-0.0578813,0.663413,-0.224193,0.713877
0.674556,0.223151,0.763403,0.647527,-0.0489273,-0.76047,0.374957,0.889232,0.262058,0.663413,-0.454833,0.594147
0.674556,0.281299,0.702826,0.647527,0.21412,-0.731343,0.374957,0.745975,0.550389,0.663413,-0.630614,0.402753
0.627155,0.285333,0.832943,0.360731,0.208611,-0.90904,0.548404,0.74093,0.387654,0.754404,-0.63836,0.152874
0.627155,0.315946,0.78944,0.360731,0.50694,-0.782869,0.548404,0.563662,0.617688,0.754404,-0.652148,-0.0746776
0.627155,0.359592,0.75903,0.360731,0.744125,-0.562273,0.548404,0.318407,0.773221,0.754404,-0.587277,-0.293222
0.627155,0.411007,0.745382,0.360731,0.891558,-0.273858,0.548404,0.0347474,0.835491,0.754404,-0.451573,-0.476399
0.627155,0.463989,0.750142,0.360731,0.931455,0.0475886,0.548404,-0.253103,0.796989,0.754404,-0.261401,-0.602116
0.627155,0.512148,0.772736,0.360731,0.859005,0.363295,0.548404,-0.510425,0.662359,0.754404,-0.0397012,-0.655208
0.627155,0.549674,0.810439,0.360731,0.682947,0.635183,0.548404,-0.706183,0.447838,0.754404,0.186787,-0.629273
0.627155,0.572043,0.858703,0.360731,0.424515,0.830458,0.548404,-0.816765,0.179301,0.754404,0.390747,-0.527438
0.627155,0.576555,0.911706,0.360731,0.11488,0.925568,0.548404,-0.828832,-0.110862,0.754404,0.547576,-0.361986
0.627155,0.562667,0.963057,0.360731,-0.208611,0.90904,0.548404,-0.74093,-0.387654,0.754404,0.63836,-0.152874
0.627155,0.532054,1.00656,0.360731,-0.50694,0.782869,0.548404,-0.563662,-0.617688,0.754404,0.652148,0.0746776
0.627155,0.488408,1.03697,0.360731,-0.744125,0.562273,0.548404,-0.318407,-0.773221,0.754404,0.587277,0.293222
0.627155,0.436993,1.05062,0.360731,-0.891558,0.273858,0.548404,-0.0347474,-0.835491,0.754404,0.451573,0.476399
0.627155,0.384011,1.04586,0.360731,-0.931455,-0.0475886,0.548404,0.253103,-0.796989,0.754404,0.261401,0.602116
0.627155,0.335852,1.02326,0.360731,-0.859005,-0.363295,0.548404,0.510425,-0.662359,0.754404,0.0397012,0.655208
0.627155,0.298326,0.985561,0.360731,-0.682947,-0.635183,0.548404,0.706183,-0.447838,0.754404,-0.186787,0.629273
0.627155,0.275957,0.937297,0.360731,-0.424515,-0.830458,0.548404,0.816765,-0.179301,0.754404,-0.390747,0.527438
0.627155,0.271445,0.884294,0.360731,-0.11488,-0.925568,0.548404,0.828832,0.110862,0.754404,-0.547576,0.361986
0.627155,0.285333,0.832943,0.360731,0.208611,-0.90904,0.548404,0.74093,0.387654,0.754404,-0.63836,0.152874
0.627137,0.289625,0.971418,0.0304265,0.206474,-0.977979,0.655705,0.734352,0.175439,0.754404,-0.646603,-0.113042
0.627137,0.272619,0.921032,0.0304265,0.528511,-0.848381,0.655705,0.630061,0.416022,0.754404,-0.568946,-0.327376
0.627137,0.273871,0.867868,0.0304265,0.786801,-0.616456,0.655705,0.449776,0.606426,0.754404,-0.422665,-0.502224
0.627137,0.29323,0.818337,0.0304265,0.950192,-0.310178,0.655705,0.215242,0.723687,0.754404,-0.225404,-0.616496
0.627137,0.328363,0.778416,0.0304265,0.998975,0.0335129,0.655705,-0.0452545,0.75366,0.754404,-0.000956716,-0.65641
0.627137,0.375031,0.752918,0.0304265,0.927267,0.373161,0.655705,-0.300292,0.692731,0.754404,0.223606,-0.61715
0.627137,0.427605,0.744919,0.0304265,0.743718,0.667801,0.655705,-0.51911,0.548248,0.754404,0.421199,-0.503454
0.627137,0.479744,0.755384,0.0304265,0.470465,0.881894,0.655705,-0.675316,0.337638,0.754404,0.567989,-0.329033
0.627137,0.52516,0.78305,0.0304265,0.140466,0.989618,0.655705,-0.750069,0.0863047,0.754404,0.646271,-0.114927
0.627137,0.558375,0.824582,0.0304265,-0.206474,0.977979,0.655705,-0.734352,-0.175439,0.754404,0.646603,0.113042
0.627137,0.575381,0.874968,0.0304265,-0.528511,0.848381,0.655705,-0.630061,-0.416022,0.754404,0.568946,0.327376
0.627137,0.574129,0.928132,0.0304265,-0.786801,0.616456,0.655705,-0.449776,-0.606426,0.754404,0.422665,0.502224
0.627137,0.55477,0.977663,0.0304265,-0.950192,0.310178,0.655705,-0.215242,-0.723687,0.754404,0.225404,0.616496
0.627137,0.519637,1.01758,0.0304265,-0.998975,-0.0335129,0.655705,0.0452545,-0.75366,0.754404,0.000956716,0.65641
0.627137,0.472969,1.04308,0.0304265,-0.927267,-0.373161,0.655705,0.300292,-0.692731,0.754404,-0.223606,0.61715
0.627137,0.420395,1.05108,0.0304265,-0.743718,-0.667801,0.655705,0.51911,-0.548248,0.754404,-0.421199,0.503454
0.627137,0.368256,1.04062,0.0304265,-0.470465,-0.881894,0.655705,0.675316,-0.337638,0.754404,-0.567989,0.329033
0.627137,0.32284,1.01295,0.0304265,-0.140466,-0.989618,0.655705,0.750069,-0.0863047,0.754404,-0.646271,0.114927
0.627137,0.289625,0.971418,0.0304265,0.206474,-0.977979,0.655705,0.734352,0.175439,0.754404,-0.646603,-0.113042
0.674504,0.29366,1.10155,-0.303548,0.207966,-0.929843,0.683918,0.727033,-0.0606595,0.663411,-0.65435,-0.362921
0.674504,0.231902,1.04469,-0.303548,0.513449,-0.802638,0.683918,0.703934,0.191659,0.663411,-0.490761,-0.564835
0.674504,0.193315,0.970146,-0.303548,0.757003,-0.578623,0.683918,0.595931,0.42086,0.663411,-0.26798,-0.698622
0.674504,0.182551,0.886896,-0.303548,0.909251,-0.284818,0.683918,0.416049,0.599299,0.663411,-0.0128758,-0.748144
0.674504,0.20091,0.804986,-0.303548,0.95183,0.0433411,0.683918,0.185986,0.705454,0.663411,0.243781,-0.707429
0.674504,0.246177,0.734294,-0.303548,0.879604,0.366272,0.683918,-0.0665099,0.726521,0.663411,0.471034,-0.581388
0.674504,0.312892,0.683348,-0.303548,0.701285,0.645026,0.683918,-0.310984,0.659959,0.663411,0.641474,-0.385223
0.674504,0.393008,0.658291,-0.303548,0.43838,0.845979,0.683918,-0.517948,0.513796,0.663411,0.734542,-0.142594
0.674504,0.476862,0.662148,-0.303548,0.122601,0.944896,0.683918,-0.662441,0.305661,0.663411,0.739014,0.117234
0.674504,0.55434,0.694451,-0.303548,-0.207966,0.929843,0.683918,-0.727033,0.0606595,0.663411,0.65435,0.362921
0.674504,0.616098,0.751306,-0.303548,-0.513449,0.802638,0.683918,-0.703934,-0.191659,0.663411,0.490761,0.564835
0.674504,0.654685,0.825854,-0.303548,-0.757003,0.578623,0.683918,-0.595931,-0.42086,0.663411,0.26798,0.698622
0.674504,0.665449,0.909104,-0.303548,-0.909251,0.284818,0.683918,-0.416049,-0.599299,0.663411,0.0128758,0.748144
0.674504,0.64709,0.991014,-0.303548,-0.95183,-0.0433411,0.683918,-0.185986,-0.705454,0.663411,-0.243781,0.707429
0.674504,0.601823,1.06171,-0.303548,-0.879604,-0.366272,0.683918,0.0665099,-0.726521,0.663411,-0.471034,0.581388
0.674504,0.535108,1.11265,-0.303548,-0.701285,-0.645026,0.683918,0.310984,-0.659959,0.663411,-0.641474,0.385223
0.674504,0.454992,1.13771,-0.303548,-0.43838,-0.845979,0.683918,0.517948,-0.513796,0.663411,-0.734542,0.142594
0.674504,0.371138,1.13385,-0.303548,-0.122601,-0.944896,0.683918,0.662441,-0.305661,0.663411,-0.739014,-0.117234
0.674504,0.29366,1.10155,-0.303548,0.207966,-0.929843,0.683918,0.727033,-0.0606595,0.663411,-0.65435,-0.362921
0.763543,0.296948,1.20764,-0.60091,0.212908,-0.770439,0.629641,0.719856,-0.292164,0.492402,-0.660664,-0.566624
0.763543,0.198708,1.14551,-0.60091,0.463574,-0.651158,0.629641,0.77637,-0.0283392,0.492402,-0.427025,-0.758413
0.763543,0.127641,1.05353,-0.60091,0.658326,-0.453336,0.629641,0.739241,0.238904,0.492402,-0.141879,-0.858726
0.763543,0.0923195,0.942789,-0.60091,0.773674,-0.200836,0.629641,0.61295,0.477332,0.492402,0.160379,-0.855464
0.763543,0.0970035,0.826647,-0.60091,0.795706,0.0758877,0.629641,0.412727,0.658186,0.492402,0.443293,-0.749021
0.763543,0.141128,0.71911,-0.60091,0.721764,0.343459,0.629641,0.162724,0.759654,0.492402,0.672739,-0.552234
0.763543,0.219371,0.633151,-0.60091,0.560766,0.569603,0.629641,-0.106907,0.769496,0.492402,0.821043,-0.28884
0.763543,0.322296,0.579136,-0.60091,0.332132,0.727045,0.629641,-0.363642,0.686525,0.492402,0.870317,0.00939257
0.763543,0.437487,0.563581,-0.60091,0.0634381,0.796795,0.629641,-0.576517,0.52075,0.492402,0.814618,0.306492
0.763543,0.551052,0.588362,-0.60091,-0.212908,0.770439,0.629641,-0.719856,0.292164,0.492402,0.660664,0.566624
0.763543,0.649292,0.650489,-0.60091,-0.463574,0.651158,0.629641,-0.77637,0.0283392,0.492402,0.427025,0.758413
0.763543,0.720359,0.742471,-0.60091,-0.658326,0.453336,0.629641,-0.739241,-0.238904,0.492402,0.141879,0.858726
0.763543,0.75568,0.853211,-0.60091,-0.773674,0.200836,0.629641,-0.61295,-0.477332,0.492402,-0.160379,0.855464
0.763543,0.750996,0.969353,-0.60091,-0.795706,-0.0758877,0.629641,-0.412727,-0.658186,0.492402,-0.443293,0.749021
0.763543,0.706872,1.07689,-0.60091,-0.721764,-0.343459,0.629641,-0.162724,-0.759654,0.492402,-0.672739,0.552234
0.763543,0.628629,1.16285,-0.60091,-0.560766,-0.569603,0.629641,0.106907,-0.769496,0.492402,-0.821043,0.28884
0.763543,0.525704,1.21686,-0.60091,-0.332132,-0.727045,0.629641,0.363642,-0.686525,0.492402,-0.870317,-0.00939257
0.763543,0.410513,1.23242,-0.60091,-0.0634381,-0.796795,0.629641,0.576517,-0.52075,0.492402,-0.814618,-0.306492
0.763543,0.296948,1.20764,-0.60091,0.212908,-0.770439,0.629641,0.719856,-0.292164,0.492402,-0.660664,-0.566624
0.883514,0.299095,1.27689,-0.825794,0.220702,-0.518994,0.499419,0.713687,-0.491152,0.262001,-0.664786,-0.699582
0.883514,0.177039,1.21132,-0.825794,0.384899,-0.41221,0.499419,0.838631,-0.217437,0.262001,-0.385423,-0.884762
0.883514,0.0847706,1.10796,-0.825794,0.502671,-0.255707,0.499419,0.862423,0.082505,0.262001,-0.0595731,-0.963227
0.883514,0.033418,0.979275,-0.825794,0.559813,-0.0683629,0.499419,0.782194,0.372495,0.262001,0.273463,-0.925513
0.883514,0.0291753,0.840787,-0.825794,0.549434,0.127227,0.499419,0.607621,0.617557,0.262001,0.573515,-0.776168
0.883514,0.0725543,0.709199,-0.825794,0.472784,0.307472,0.499419,0.35976,0.788133,0.262001,0.804393,-0.533205
0.883514,0.158323,0.600384,-0.825794,0.33911,0.450631,0.499419,0.0685066,0.863648,0.262001,0.938249,-0.225931
0.883514,0.276136,0.527465,-0.825794,0.164535,0.539437,0.499419,-0.23101,0.834994,0.262001,0.958938,0.108595
0.883514,0.411784,0.499239,-0.825794,-0.0298862,0.563179,0.499419,-0.502663,0.705628,0.262001,0.863966,0.430022
0.883514,0.548905,0.519109,-0.825794,-0.220702,0.518994,0.499419,-0.713687,0.491152,0.262001,0.664786,0.699582
0.883514,0.670961,0.584678,-0.825794,-0.384899,0.41221,0.499419,-0.838631,0.217437,0.262001,0.385423,0.884762
0.883514,0.763229,0.68804,-0.825794,-0.502671,0.255707,0.499419,-0.862423,-0.082505,0.262001,0.0595731,0.963227
0.883514,0.814582,0.816725,-0.825794,-0.559813,0.0683629,0.499419,-0.782194,-0.372495,0.262001,-0.273463,0.925513
0.883514,0.818825,0.955213,-0.825794,-0.549434,-0.127227,0.499419,-0.607621,-0.617557,0.262001,-0.573515,0.776168
0.883514,0.775446,1.0868,-0.825794,-0.472784,-0.307472,0.499419,-0.35976,-0.788133,0.262001,-0.804393,0.533205
0.883514,0.689677,1.19562,-0.825794,-0.33911,-0.450631,0.499419,-0.0685066,-0.863648,0.262001,-0.938249,0.225931
0.883514,0.571864,1.26853,-0.825794,-0.164535,-0.539437,0.499419,0.23101,-0.834994,0.262001,-0.958938,-0.108595
0.883514,0.436216,1.29676,-0.825794,0.0298862,-0.563179,0.499419,0.502663,-0.705628,0.262001,-0.863966,-0.430022
0.883514,0.299095,1.27689,-0.825794,0.220702,-0.518994,0.499419,0.713687,-0.491152,0.262001,-0.664786,-0.699582
0.875863,0.41981,0.501774,0.985232,0.152118,-0.0786064,-0.00862081,0.502562,0.864498,0.17101,-0.851053,0.496451
0.875863,0.55558,0.524236,0.985232,0.169829,-0.0218386,-0.00862081,0.176578,0.984249,0.17101,-0.969525,0.175434
0.875863,0.675479,0.59178,0.985232,0.167056,0.0375634,-0.00862081,-0.170704,0.985285,0.17101,-0.971057,-0.166743
0.875863,0.765047,0.696258,0.985232,0.144134,0.0924346,-0.00862081,-0.497396,0.867481,0.17101,-0.855466,-0.488808
0.875863,0.813479,0.82507,0.985232,0.103827,0.136157,-0.00862081,-0.764095,0.645046,0.17101,-0.636693,-0.751916
0.875863,0.814934,0.962678,0.985232,0.0509973,0.163457,-0.00862081,-0.938633,0.344809,0.17101,-0.341125,-0.924332
0.875863,0.769237,1.09248,0.985232,-0.00798369,0.171041,-0.00862081,-0.999958,0.0029825,0.17101,-0.00441296,-0.985259
0.875863,0.681899,1.19883,0.985232,-0.0660017,0.157995,-0.00862081,-0.940674,-0.339203,0.17101,0.332832,-0.92735
0.875863,0.563455,1.2689,0.985232,-0.116059,0.125893,-0.00862081,-0.76793,-0.640476,0.17101,0.629932,-0.757589
0.875863,0.42819,1.29423,0.985232,-0.152118,0.0786064,-0.00862081,-0.502562,-0.864498,0.17101,0.851053,-0.496451
0.875863,0.29242,1.27176,0.985232,-0.169829,0.0218386,-0.00862081,-0.176578,-0.984249,0.17101,0.969525,-0.175434
0.875863,0.172521,1.20422,0.985232,-0.167056,-0.0375634,-0.00862081,0.170704,-0.985285,0.17101,0.971057,0.166743
0.875863,0.0829531,1.09974,0.985232,-0.144134,-0.0924346,-0.00862081,0.497396,-0.867481,0.17101,0.855466,0.488808
0.875863,0.034521,0.97093,0.985232,-0.103827,-0.136157,-0.00862081,0.764095,-0.645046,0.17101,0.636693,0.751916
0.875863,0.0330658,0.833322,0.985232,-0.0509973,-0.163457,-0.00862081,0.938633,-0.344809,0.17101,0.341125,0.924332
0.875863,0.078763,0.703516,0.985232,0.00798369,-0.171041,-0.00862081,0.999958,-0.0029825,0.17101,0.00441296,0.985259
0.875863,0.166101,0.597166,0.985232,0.0660017,-0.157995,-0.00862081,0.940674,0.339203,0.17101,-0.332832,0.92735
0.875863,0.284545,0.527102,0.985232,0.116059,-0.125893,-0.00862081,0.76793,0.640476,0.17101,-0.629932,0.757589
0.875863,0.41981,0.501774,0.985232,0.152118,-0.0786064,-0.00862081,0.502562,0.864498,0.17101,-0.851053,0.496451
0.749059,0.422078,0.574928,0.900555,0.141815,-0.410962,0.292759,0.50101,0.814421,0.321393,-0.853743,0.409669
0.749059,0.532691,0.593754,0.900555,0.273819,-0.337674,0.292759,0.192247,0.936661,0.321393,-0.942372,0.0929657
0.749059,0.630194,0.649277,0.900555,0.372798,-0.223658,0.292759,-0.139704,0.945926,0.321393,-0.917336,-0.234951
0.749059,0.702827,0.734799,0.900555,0.426811,-0.0826658,0.292759,-0.454804,0.841098,0.321393,-0.781656,-0.534529
0.749059,0.74183,0.840006,0.900555,0.429344,0.0682975,0.292759,-0.715049,0.634821,0.321393,-0.551696,-0.769635
0.749059,0.742497,0.952208,0.900555,0.380092,0.211023,0.292759,-0.889048,0.351976,0.321393,-0.255194,-0.911911
0.749059,0.70475,1.05787,0.900555,0.284996,0.328296,0.292759,-0.955814,0.0266767,0.321393,0.0720878,-0.944198
0.749059,0.633139,1.14425,0.900555,0.155525,0.405972,0.292759,-0.907295,-0.30184,0.321393,0.390675,-0.862601
0.749059,0.536303,1.20093,0.900555,0.00729498,0.434681,0.292759,-0.749344,-0.59395,0.321393,0.662141,-0.676961
0.749059,0.425922,1.22107,0.900555,-0.141815,0.410962,0.292759,-0.50101,-0.814421,0.321393,0.853743,-0.409669
0.749059,0.315309,1.20225,0.900555,-0.273819,0.337674,0.292759,-0.192247,-0.936661,0.321393,0.942372,-0.0929657
0.749059,0.217806,1.14672,0.900555,-0.372798,0.223658,0.292759,0.139704,-0.945926,0.321393,0.917336,0.234951
0.749059,0.145173,1.0612,0.900555,-0.426811,0.0826658,0.292759,0.454804,-0.841098,0.321393,0.781656,0.534529
0.749059,0.10617,0.955994,0.900555,-0.429344,-0.0682975,0.292759,0.715049,-0.634821,0.321393,0.551696,0.769635
0.749059,0.105503,0.843792,0.900555,-0.380092,-0.211023,0.292759,0.889048,-0.351976,0.321393,0.255194,0.911911
0.749059,0.14325,0.738129,0.900555,-0.284996,-0.328296,0.292759,0.955814,-0.0266767,0.321393,-0.0720878,0.944198
0.749059,0.214861,0.651748,0.900555,-0.155525,-0.405972,0.292759,0.907295,0.30184,0.321393,-0.390675,0.862601
0.749059,0.311697,0.595069,0.900555,-0.00729498,-0.434681,0.292759,0.749344,0.59395,0.321393,-0.662141,0.676961
0.749059,0.422078,0.574928,0.900555,0.141815,-0.410962,0.292759,0.50101,0.814421,0.321393,-0.853743,0.409669
0.654934,0.425553,0.68702,0.707258,0.13303,-0.694326,0.558827,0.496357,0.664335,0.433011,-0.857865,0.276711
0.654934,0.497618,0.700274,0.707258,0.362481,-0.606954,0.558827,0.239207,0.794035,0.433011,-0.90077,-0.0333835
0.654934,0.560805,0.737378,0.707258,0.548212,-0.446375,0.558827,-0.046795,0.827963,0.433011,-0.835029,-0.339452
0.654934,0.607491,0.793854,0.707258,0.66782,-0.231956,0.558827,-0.327153,0.762026,0.433011,-0.668572,-0.604577
0.654934,0.632045,0.862893,0.707258,0.706879,0.0104409,0.558827,-0.568051,0.604177,0.433011,-0.421474,-0.796782
0.654934,0.631506,0.936165,0.707258,0.660678,0.251578,0.558827,-0.740434,0.373456,0.433011,-0.123541,-0.892883
0.654934,0.605938,1.00483,0.707258,0.534789,0.462371,0.558827,-0.82351,0.0976901,0.433011,0.189293,-0.881289
0.654934,0.558426,1.06062,0.707258,0.344397,0.617395,0.558827,-0.807258,-0.189858,0.433011,0.479296,-0.763398
0.654934,0.494701,1.09679,0.707258,0.112466,0.697953,0.558827,-0.693639,-0.454507,0.433011,0.711489,-0.553431
0.654934,0.422447,1.10898,0.707258,-0.13303,0.694326,0.558827,-0.496357,-0.664335,0.433011,0.857865,-0.276711
0.654934,0.350382,1.09573,0.707258,-0.362481,0.606954,0.558827,-0.239207,-0.794035,0.433011,0.90077,0.0333835
0.654934,0.287195,1.05862,0.707258,-0.548212,0.446375,0.558827,0.046795,-0.827963,0.433011,0.835029,0.339452
0.654934,0.240509,1.00215,0.707258,-0.66782,0.231956,0.558827,0.327153,-0.762026,0.433011,0.668572,0.604577
0.654934,0.215955,0.933107,0.707258,-0.706879,-0.0104409,0.558827,0.568051,-0.604177,0.433011,0.421474,0.796782
0.654934,0.216494,0.859835,0.707258,-0.660678,-0.251578,0.558827,0.740434,-0.373456,0.433011,0.123541,0.892883
0.654934,0.242062,0.791165,0.707258,-0.534789,-0.462371,0.558827,0.82351,-0.0976901,0.433011,-0.189293,0.881289
0.654934,0.289574,0.735382,0.707258,-0.344397,-0.617395,0.558827,0.807258,0.189858,0.433011,-0.479296,0.763398
