0.658953,0.566256,1.03275,0.308961,0.67156,-0.673462,0.951075,-0.218162,0.218774,-3.49349e-06,-0.708105,-0.706107
0.907818,0.381753,1.28433,0.92986,-0.365155,-0.0449783,-0.179072,-0.342394,-0.922334,0.321394,0.865695,-0.383768
0.907818,0.244948,1.24954,0.92986,-0.32775,-0.167156,-0.179072,-0.00628869,-0.983816,0.321394,0.944744,-0.0645385
0.907818,0.128292,1.17005,0.92986,-0.250813,-0.269173,-0.179072,0.330575,-0.926635,0.321394,0.909842,0.262475
0.907818,0.0458547,1.05547,0.92986,-0.143625,-0.338723,-0.179072,0.627567,-0.757689,0.321394,0.7652,0.55783
0.907818,0.00758029,0.919597,0.92986,-0.0191135,-0.367418,-0.179072,0.848865,-0.497354,0.321394,0.528264,0.785903
0.907818,0.0180849,0.778829,0.92986,0.107704,-0.351797,-0.179072,0.967777,-0.177031,0.321394,0.227611,0.919184
0.907818,0.0761014,0.650143,0.92986,0.22153,-0.293744,-0.179072,0.969961,0.164645,0.321394,-0.100495,0.941598
0.907818,0.174632,0.549061,0.92986,0.308637,-0.200262,-0.179072,0.855154,0.486462,0.321394,-0.41648,0.850441
0.907818,0.301793,0.487774,0.92986,0.358517,-0.0826246,-0.179072,0.637202,0.749604,0.321394,-0.682231,0.656709
0.907818,0.442247,0.473675,0.92986,0.365155,0.0449783,-0.179072,0.342394,0.922334,0.321394,-0.865695,0.383768
0.907818,0.579052,0.508464,0.92986,0.32775,0.167156,-0.179072,0.00628869,0.983816,0.321394,-0.944744,0.0645385
0.907818,0.695708,0.587945,0.92986,0.250813,0.269173,-0.179072,-0.330575,0.926635,0.321394,-0.909842,-0.262475
0.907818,0.778145,0.702532,0.92986,0.143625,0.338723,-0.179072,-0.627567,0.757689,0.321394,-0.7652,-0.55783
0.907818,0.81642,0.838403,0.92986,0.0191135,0.367418,-0.179072,-0.848865,0.497354,0.321394,-0.528264,-0.785903
0.907818,0.805915,0.979171,0.92986,-0.107704,0.351797,-0.179072,-0.967777,0.177031,0.321394,-0.227611,-0.919184
0.907818,0.747899,1.10786,0.92986,-0.22153,0.293744,-0.179072,-0.969961,-0.164645,0.321394,0.100495,-0.941598
0.907818,0.649368,1.20894,0.92986,-0.308637,0.200262,-0.179072,-0.855154,-0.486462,0.321394,0.41648,-0.850441
0.907818,0.522207,1.27023,0.92986,-0.358517,0.0826246,-0.179072,-0.637202,-0.749604,0.321394,0.682231,-0.656709
0.907818,0.381753,1.28433,0.92986,-0.365155,-0.0449783,-0.179072,-0.342394,-0.922334,0.321394,0.865695,-0.383768
0.809114,0.421977,1.24399,0.796489,-0.580095,0.170571,-0.0275851,-0.316664,-0.948136,0.604023,0.750475,-0.268222
0.809114,0.296542,1.22539,0.796489,-0.60345,-0.0381203,-0.0275851,0.0267147,-0.999262,0.604023,0.796954,0.00463177
0.809114,0.185033,1.16501,0.796489,-0.554019,-0.242213,-0.0275851,0.366871,-0.929863,0.604023,0.747307,0.276927
0.809114,0.1009,1.07013,0.796489,-0.437766,-0.417092,-0.0275851,0.662778,-0.748308,0.604023,0.607525,0.51582
0.809114,0.05429,0.952205,0.796489,-0.268712,-0.541663,-0.0275851,0.878744,-0.476496,0.604023,0.394466,0.692498
0.809114,0.050825,0.825446,0.796489,-0.0672468,-0.600901,-0.0275851,0.98872,-0.147211,0.604023,0.133828,0.78565
0.809114,0.0909231,0.705147,0.796489,0.142329,-0.587662,-0.0275851,0.979442,0.199829,0.604023,-0.142951,0.784042
0.809114,0.169748,0.605817,0.796489,0.334738,-0.503543,-0.0275851,0.852029,0.522767,0.604023,-0.402488,0.687866
0.809114,0.277792,0.539436,0.796489,0.486772,-0.358688,-0.0275851,0.621849,0.782651,0.604023,-0.613479,0.508724
0.809114,0.402023,0.514013,0.796489,0.580095,-0.170571,-0.0275851,0.316664,0.948136,0.604023,-0.750475,0.268222
0.809114,0.527458,0.532612,0.796489,0.60345,0.0381203,-0.0275851,-0.0267147,0.999262,0.604023,-0.796954,-0.00463177
0.809114,0.638967,0.59299,0.796489,0.554019,0.242213,-0.0275851,-0.366871,0.929863,0.604023,-0.747307,-0.276927
0.809114,0.7231,0.687866,0.796489,0.437766,0.417092,-0.0275851,-0.662778,0.748308,0.604023,-0.607525,-0.51582
0.809114,0.76971,0.805795,0.796489,0.268712,0.541663,-0.0275851,-0.878744,0.476496,0.604023,-0.394466,-0.692498
0.809114,0.773175,0.932554,0.796489,0.0672468,0.600901,-0.0275851,-0.98872,0.147211,0.604023,-0.133828,-0.78565
0.809114,0.733077,1.05285,0.796489,-0.142329,0.587662,-0.0275851,-0.979442,-0.199829,0.604023,0.142951,-0.784042
0.809114,0.654252,1.15218,0.796489,-0.334738,0.503543,-0.0275851,-0.852029,-0.522767,0.604023,0.402488,-0.687866
0.809114,0.546208,1.21856,0.796489,-0.486772,0.358688,-0.0275851,-0.621849,-0.782651,0.604023,0.613479,-0.508724
0.809114,0.421977,1.24399,0.796489,-0.580095,0.170571,-0.0275851,-0.316664,-0.948136,0.604023,0.750475,-0.268222
0.735846,0.483612,1.18218,0.567051,-0.749863,0.34082,0.127229,-0.329071,-0.935695,0.813797,0.573949,-0.0911952
0.735846,0.375601,1.18839,0.567051,-0.821208,0.0637975,0.127229,0.0108014,-0.991815,0.813797,0.570526,0.110607
0.735846,0.271979,1.15728,0.567051,-0.793503,-0.22092,0.127229,0.349371,-0.928306,0.813797,0.49829,0.299068
0.735846,0.185247,1.09261,0.567051,-0.67009,-0.478991,0.127229,0.6458,-0.752831,0.813797,0.365952,0.451457
0.735846,0.125864,1.00217,0.567051,-0.465854,-0.679289,0.127229,0.864337,-0.486553,0.813797,0.189475,0.549394
0.735846,0.100993,0.896878,0.567051,-0.20543,-0.797654,0.127229,0.978622,-0.161589,0.813797,-0.00985546,0.581065
0.735846,0.113634,0.789429,0.567051,0.0797731,-0.819811,0.127229,0.974871,0.182864,0.813797,-0.207997,0.542652
0.735846,0.162263,0.692784,0.567051,0.355354,-0.743086,0.127229,0.853536,0.505262,0.813797,-0.381051,0.438787
0.735846,0.241014,0.618599,0.567051,0.588074,-0.576734,0.127229,0.629252,0.766717,0.813797,-0.508145,0.281998
0.735846,0.340388,0.575822,0.567051,0.749863,-0.34082,0.127229,0.329071,0.935695,0.813797,-0.573949,0.0911952
0.735846,0.448399,0.569613,0.567051,0.821208,-0.0637975,0.127229,-0.0108014,0.991815,0.813797,-0.570526,-0.110607
0.735846,0.552021,0.600721,0.567051,0.793503,0.22092,0.127229,-0.349371,0.928306,0.813797,-0.49829,-0.299068
0.735846,0.638753,0.665393,0.567051,0.67009,0.478991,0.127229,-0.6458,0.752831,0.813797,-0.365952,-0.451457
0.735846,0.698136,0.755829,0.567051,0.465854,0.679289,0.127229,-0.864337,0.486553,0.813797,-0.189475,-0.549394
0.735846,0.723007,0.861122,0.567051,0.20543,0.797654,0.127229,-0.978622,0.161589,0.813797,0.00985546,-0.581065
0.735846,0.710366,0.968571,0.567051,-0.0797731,0.819811,0.127229,-0.974871,-0.182864,0.813797,0.207997,-0.542652
0.735846,0.661737,1.06522,0.567051,-0.355354,0.743086,0.127229,-0.853536,-0.505262,0.813797,0.381051,-0.438787
0.735846,0.582986,1.1394,0.567051,-0.588074,0.576734,0.127229,-0.629252,-0.766717,0.813797,0.508145,-0.281998
0.735846,0.483612,1.18218,0.567051,-0.749863,0.34082,0.127229,-0.329071,-0.935695,0.813797,0.573949,-0.0911952
0.696852,0.559225,1.10635,0.269218,-0.853983,0.445235,0.266698,-0.378117,-0.88651,0.925416,0.357407,0.12596
0.696852,0.472587,1.14299,0.269218,-0.954761,0.126304,0.266698,-0.0521091,-0.96237,0.925416,0.292772,0.240604
0.696852,0.378642,1.1478,0.269218,-0.940381,-0.20786,0.266698,0.280184,-0.922155,0.925416,0.192825,0.326228
0.696852,0.288721,1.12018,0.269218,-0.812576,-0.516954,0.266698,0.578682,-0.770714,0.925416,0.0696193,0.372504
0.696852,0.213668,1.06347,0.269218,-0.586763,-0.763695,0.266698,0.807383,-0.526313,0.925416,-0.0619831,0.37385
0.696852,0.162538,0.984509,0.269218,-0.290178,-0.918324,0.266698,0.938701,-0.218431,0.925416,-0.186109,0.330105
0.696852,0.141496,0.892825,0.269218,0.041407,-0.962189,0.266698,0.956799,0.115796,0.925416,-0.287788,0.246544
0.696852,0.153081,0.799473,0.269218,0.367998,-0.89,0.266698,0.859492,0.436057,0.925416,-0.354755,0.133246
0.696852,0.195895,0.715714,0.269218,0.650203,-0.710463,0.266698,0.658518,0.703723,0.925416,-0.378934,0.00387703
0.696852,0.264775,0.651649,0.269218,0.853983,-0.445235,0.266698,0.378117,0.88651,0.925416,-0.357407,-0.12596
0.696852,0.351413,0.615006,0.269218,0.954761,-0.126304,0.266698,0.0521091,0.96237,0.925416,-0.292772,-0.240604
0.696852,0.445358,0.610205,0.269218,0.940381,0.20786,0.266698,-0.280184,0.922155,0.925416,-0.192825,-0.326228
0.696852,0.535279,0.637824,0.269218,0.812576,0.516954,0.266698,-0.578682,0.770714,0.925416,-0.0696193,-0.372504
0.696852,0.610332,0.694533,0.269218,0.586763,0.763695,0.266698,-0.807383,0.526313,0.925416,0.0619831,-0.37385
0.696852,0.661462,0.773491,0.269218,0.290178,0.918324,0.266698,-0.938701,0.218431,0.925416,0.186109,-0.330105
0.696852,0.682504,0.865175,0.269218,-0.041407,0.962189,0.266698,-0.956799,-0.115796,0.925416,0.287788,-0.246544
0.696852,0.670919,0.958527,0.269218,-0.367998,0.89,0.266698,-0.859492,-0.436057,0.925416,0.354755,-0.133246
0.696852,0.628105,1.04229,0.269218,-0.650203,0.710463,0.266698,-0.658518,-0.703723,0.925416,0.378934,-0.00387703
0.696852,0.559225,1.10635,0.269218,-0.853983,0.445235,0.266698,-0.378117,-0.88651,0.925416,0.357407,0.12596
0.696834,0.639694,1.02565,-0.061087,-0.879897,0.471222,0.373999,-0.457887,-0.806514,0.925415,0.126969,0.357051
0.696834,0.575804,1.09469,-0.061087,-0.988,0.141861,0.373999,-0.154429,-0.914482,0.925415,-0.00280709,0.378944
0.696834,0.492157,1.1377,-0.061087,-0.976936,-0.20461,0.373999,0.167655,-0.912149,0.925415,-0.132244,0.355131
0.696834,0.398842,1.14952,-0.061087,-0.848038,-0.526402,0.373999,0.469518,-0.799799,0.925415,-0.245731,0.288484
0.696834,0.307113,1.1287,-0.061087,-0.616855,-0.784702,0.373999,0.71475,-0.59098,0.925415,-0.329579,0.187041
0.696834,0.228036,1.07777,-0.061087,-0.31127,-0.948356,0.373999,0.873772,-0.310881,0.925415,-0.373675,0.0630385
0.696834,0.171147,1.00286,-0.061087,0.0318585,-0.997624,0.373999,0.927405,0.00671519,0.925415,-0.3727,-0.0685674
0.696834,0.143309,0.913016,-0.061087,0.371145,-0.926564,0.373999,0.869179,0.323501,0.925415,-0.326772,-0.191903
0.696834,0.147879,0.819067,-0.061087,0.665665,-0.743746,0.373999,0.706117,0.601269,0.925415,-0.24143,-0.292093
0.696834,0.184306,0.732347,-0.061087,0.879897,-0.471222,0.373999,0.457887,0.806514,0.925415,-0.126969,-0.357051
0.696834,0.248196,0.663315,-0.061087,0.988,-0.141861,0.373999,0.154429,0.914482,0.925415,0.00280709,-0.378944
0.696834,0.331843,0.620298,-0.061087,0.976936,0.20461,0.373999,-0.167655,0.912149,0.925415,0.132244,-0.355131
0.696834,0.425158,0.608484,-0.061087,0.848038,0.526402,0.373999,-0.469518,0.799799,0.925415,0.245731,-0.288484
0.696834,0.516887,0.629299,-0.061087,0.616855,0.784702,0.373999,-0.71475,0.59098,0.925415,0.329579,-0.187041
0.696834,0.595964,0.680231,-0.061087,0.31127,0.948356,0.373999,-0.873772,0.310881,0.925415,0.373675,-0.0630385
0.696834,0.652853,0.755138,-0.061087,-0.0318585,0.997624,0.373999,-0.927405,-0.00671519,0.925415,0.3727,0.0685674
0.696834,0.680691,0.844984,-0.061087,-0.371145,0.926564,0.373999,-0.869179,-0.323501,0.925415,0.326772,0.191903
0.696834,0.676121,0.938933,-0.061087,-0.665665,0.743746,0.373999,-0.706117,-0.601269,0.925415,0.24143,0.292093
0.696834,0.639694,1.02565,-0.061087,-0.879897,0.471222,0.373999,-0.457887,-0.806514,0.925415,0.126969,0.357051
0.735794,0.715315,0.949818,-0.384024,-0.824478,0.415646,0.43619,-0.55876,-0.705355,0.813796,-0.0895726,0.574206
0.735794,0.672802,1.04929,-0.384024,-0.916915,0.108591,0.43619,-0.283817,-0.853924,0.813796,-0.280561,0.508942
0.735794,0.598832,1.12822,-0.384024,-0.898759,-0.211561,0.43619,0.0253586,-0.899497,0.813796,-0.437709,0.382291
0.735794,0.502328,1.17709,-0.384024,-0.772199,-0.506196,0.43619,0.331475,-0.836578,0.813796,-0.542063,0.209531
0.735794,0.394928,1.19,-0.384024,-0.5525,-0.739776,0.43619,0.597612,-0.672755,0.813796,-0.581037,0.011498
0.735794,0.289588,1.16541,-0.384024,-0.266162,-0.884129,0.43619,0.791667,-0.427787,0.813796,-0.549929,-0.187922
0.735794,0.199012,1.10627,-0.384024,0.0522791,-0.921842,0.43619,0.890235,-0.131223,0.813796,-0.452491,-0.364675
0.735794,0.134126,1.01972,-0.384024,0.364415,-0.848368,0.43619,0.881428,0.181169,0.813796,-0.300476,-0.497444
0.735794,0.102755,0.916193,-0.384024,0.632597,-0.672568,0.43619,0.766308,0.47171,0.813796,-0.112219,-0.570213
0.735794,0.108685,0.808182,-0.384024,0.824478,-0.415646,0.43619,0.55876,0.705355,0.813796,0.0895726,-0.574206
0.735794,0.151198,0.708713,-0.384024,0.916915,-0.108591,0.43619,0.283817,0.853924,0.813796,0.280561,-0.508942
0.735794,0.225168,0.629783,-0.384024,0.898759,0.211561,0.43619,-0.0253586,0.899497,0.813796,0.437709,-0.382291
0.735794,0.321672,0.580912,-0.384024,0.772199,0.506196,0.43619,-0.331475,0.836578,0.813796,0.542063,-0.209531
0.735794,0.429072,0.567995,-0.384024,0.5525,0.739776,0.43619,-0.597612,0.672755,0.813796,0.581037,-0.011498
0.735794,0.534412,0.59259,-0.384024,0.266162,0.884129,0.43619,-0.791667,0.427787,0.813796,0.549929,0.187922
0.735794,0.624988,0.65173,-0.384024,-0.0522791,0.921842,0.43619,-0.890235,0.131223,0.813796,0.452491,0.364675
0.735794,0.689874,0.738282,-0.384024,-0.364415,0.848368,0.43619,-0.881428,-0.181169,0.813796,0.300476,0.497444
0.735794,0.721245,0.841807,-0.384024,-0.632597,0.672568,0.43619,-0.766308,-0.47171,0.813796,0.112219,0.570213
0.735794,0.715315,0.949818,-0.384024,-0.824478,0.415646,0.43619,-0.55876,-0.705355,0.813796,-0.0895726,0.574206
0.809034,0.776967,0.887992,-0.660642,-0.694411,0.285211,0.44577,-0.668569,-0.595235,0.604021,-0.266099,0.751232
0.809034,0.751881,1.01228,-0.660642,-0.750081,0.0305078,0.44577,-0.424667,-0.788002,0.604021,-0.506988,0.614916
0.809034,0.685801,1.12048,-0.660642,-0.71528,-0.227875,0.44577,-0.129544,-0.885724,0.604021,-0.686726,0.404432
0.809034,0.586696,1.19957,-0.660642,-0.594206,-0.458773,0.44577,0.181204,-0.876615,0.604021,-0.783636,0.145168
0.809034,0.466521,1.23998,-0.660642,-0.401461,-0.634335,0.44577,0.470096,-0.761773,0.604021,-0.786027,-0.131606
0.809034,0.339769,1.23686,-0.660642,-0.160295,-0.733388,0.44577,0.702288,-0.55505,0.604021,-0.693612,-0.392506
0.809034,0.221729,1.19057,-0.660642,0.100206,-0.743983,0.44577,0.849773,-0.28138,0.604021,-0.517537,-0.606064
0.809034,0.126639,1.10671,-0.660642,0.34862,-0.664843,0.44577,0.894763,0.0262288,0.604021,-0.279039,-0.746522
0.809034,0.0659678,0.995377,-0.660642,0.554985,-0.505513,0.44577,0.831832,0.330674,0.604021,-0.00688559,-0.796939
0.809034,0.047033,0.870008,-0.660642,0.694411,-0.285211,0.44577,0.668569,0.595235,0.604021,0.266099,-0.751232
0.809034,0.0721186,0.745724,-0.660642,0.750081,-0.0305078,0.44577,0.424667,0.788002,0.604021,0.506988,-0.614916
0.809034,0.138199,0.637516,-0.660642,0.71528,0.227875,0.44577,0.129544,0.885724,0.604021,0.686726,-0.404432
0.809034,0.237304,0.558433,-0.660642,0.594206,0.458773,0.44577,-0.181204,0.876615,0.604021,0.783636,-0.145168
0.809034,0.357479,0.518016,-0.660642,0.401461,0.634335,0.44577,-0.470096,0.761773,0.604021,0.786027,0.131606
0.809034,0.484231,0.521139,-0.660642,0.160295,0.733388,0.44577,-0.702288,0.55505,0.604021,0.693612,0.392506
0.809034,0.602271,0.567425,-0.660642,-0.100206,0.743983,0.44577,-0.849773,0.28138,0.604021,0.517537,0.606064
0.809034,0.697361,0.651292,-0.660642,-0.34862,0.664843,0.44577,-0.894763,-0.0262288,0.604021,0.279039,0.746522
0.809034,0.758032,0.762623,-0.660642,-0.554985,0.505513,0.44577,-0.831832,-0.330674,0.604021,0.00688559,0.796939
0.809034,0.776967,0.887992,-0.660642,-0.694411,0.285211,0.44577,-0.668569,-0.595235,0.604021,-0.266099,0.751232
0.90772,0.817213,0.847632,-0.857576,-0.505385,0.0956488,0.401584,-0.774069,-0.489436,0.321392,-0.381318,0.866778
0.90772,0.803504,0.988115,-0.857576,-0.50762,-0.0829714,0.401584,-0.55999,-0.724667,0.321392,-0.654777,0.684086
0.90772,0.742574,1.11544,-0.857576,-0.448629,-0.251584,0.401584,-0.278368,-0.872492,0.321392,-0.84926,0.418884
0.90772,0.641772,1.21424,-0.857576,-0.335527,-0.389852,0.401584,0.0368295,-0.915081,0.321392,-0.94131,0.103158
0.90772,0.513256,1.27261,-0.857576,-0.181955,-0.481098,0.401584,0.347585,-0.847299,0.321392,-0.919825,-0.22501
0.90772,0.372527,1.2835,-0.857576,-0.0064365,-0.514316,0.401584,0.616416,-0.677319,0.321392,-0.787394,-0.526039
0.90772,0.236559,1.24561,-0.857576,0.169858,-0.485501,0.401584,0.810899,-0.425645,0.321392,-0.559993,-0.76362
0.90772,0.121752,1.1635,-0.857576,0.325665,-0.398126,0.401584,0.907575,-0.122632,0.321392,-0.265048,-0.909097
0.90772,0.0419529,1.04707,-0.857576,0.442193,-0.262732,0.401584,0.894784,0.195172,0.321392,0.061866,-0.944923
0.90772,0.00678708,0.910368,-0.857576,0.505385,-0.0956488,0.401584,0.774069,0.489436,0.321392,0.381318,-0.866778
0.90772,0.0204959,0.769885,-0.857576,0.50762,0.0829714,0.401584,0.55999,0.724667,0.321392,0.654777,-0.684086
0.90772,0.0814259,0.642563,-0.857576,0.448629,0.251584,0.401584,0.278368,0.872492,0.321392,0.84926,-0.418884
0.90772,0.182228,0.543759,-0.857576,0.335527,0.389852,0.401584,-0.0368295,0.915081,0.321392,0.94131,-0.103158
0.90772,0.310744,0.48539,-0.857576,0.181955,0.481098,0.401584,-0.347585,0.847299,0.321392,0.919825,0.22501
0.90772,0.451473,0.474496,-0.857576,0.0064365,0.514316,0.401584,-0.616416,0.677319,0.321392,0.787394,0.526039
0.90772,0.587441,0.512391,-0.857576,-0.169858,0.485501,0.401584,-0.810899,0.425645,0.321392,0.559993,0.76362
0.90772,0.702248,0.594505,-0.857576,-0.325665,0.398126,0.401584,-0.907575,0.122632,0.321392,0.265048,0.909097
0.90772,0.782047,0.710933,-0.857576,-0.442193,0.262732,0.401584,-0.894784,-0.195172,0.321392,-0.061866,0.944923
0.90772,0.817213,0.847632,-0.857576,-0.505385,0.0956488,0.401584,-0.774069,-0.489436,0.321392,-0.381318,0.866778
0.883612,0.244015,1.24089,0.961642,-0.265507,-0.0689281,-0.0812368,-0.0356463,-0.996057,0.262003,0.96345,-0.0558479
0.883612,0.130371,1.16162,0.961642,-0.22592,-0.15558,-0.0812368,0.307175,-0.948179,0.262003,0.924448,0.277039
0.883612,0.0506948,1.04825,0.961642,-0.159084,-0.223466,-0.0812368,0.612947,-0.785937,0.262003,0.773944,0.576512
0.883612,0.0145977,0.914468,0.961642,-0.0730599,-0.2644,-0.0812368,0.844788,-0.528899,0.262003,0.530091,0.806448
0.883612,0.0264331,0.77641,0.961642,0.0217762,-0.273442,-0.0812368,0.974735,-0.208068,0.262003,0.222301,0.939115
0.883612,0.0847736,0.650725,0.961642,0.113986,-0.249504,-0.0812368,0.987115,0.137859,0.262003,-0.112302,0.958511
0.883612,0.182582,0.552574,0.961642,0.192447,-0.195472,-0.0812368,0.880434,0.467158,0.262003,-0.433359,0.862296
0.883612,0.308062,0.493794,0.961642,0.247696,-0.117862,-0.0812368,0.66756,0.740111,0.262003,-0.702147,0.662076
0.883612,0.446079,0.481476,0.961642,0.27307,-0.0260374,-0.0812368,0.374168,0.923796,0.262003,-0.886246,0.381999
0.883612,0.579985,0.517105,0.961642,0.265507,0.0689281,-0.0812368,0.0356463,0.996057,0.262003,-0.96345,0.0558479
0.883612,0.693629,0.596384,0.961642,0.22592,0.15558,-0.0812368,-0.307175,0.948179,0.262003,-0.924448,-0.277039
0.883612,0.773305,0.709751,0.961642,0.159084,0.223466,-0.0812368,-0.612947,0.785937,0.262003,-0.773944,-0.576512
0.883612,0.809402,0.843532,0.961642,0.0730599,0.2644,-0.0812368,-0.844788,0.528899,0.262003,-0.530091,-0.806448
0.883612,0.797567,0.98159,0.961642,-0.0217762,0.273442,-0.0812368,-0.974735,0.208068,0.262003,-0.222301,-0.939115
0.883612,0.739226,1.10728,0.961642,-0.113986,0.249504,-0.0812368,-0.987115,-0.137859,0.262003,0.112302,-0.958511
0.883612,0.641418,1.20543,0.961642,-0.192447,0.195472,-0.0812368,-0.880434,-0.467158,0.262003,0.433359,-0.862296
0.883612,0.515938,1.26421,0.961642,-0.247696,0.117862,-0.0812368,-0.66756,-0.740111,0.262003,0.702147,-0.662076
0.883612,0.377921,1.27652,0.961642,-0.27307,0.0260374,-0.0812368,-0.374168,-0.923796,0.262003,0.886246,-0.381999
0.883612,0.244015,1.24089,0.961642,-0.265507,-0.0689281,-0.0812368,-0.0356463,-0.996057,0.262003,0.96345,-0.0558479
0.763622,0.292917,1.19185,0.856221,-0.491841,0.158047,0.156285,-0.0449902,-0.986687,0.492403,0.869522,0.038346
0.763622,0.193096,1.13226,0.856221,-0.516234,-0.0197039,0.156285,0.29519,-0.94257,0.492403,0.803968,0.333427
0.763622,0.119678,1.04212,0.856221,-0.478362,-0.195078,0.156285,0.599765,-0.784765,0.492403,0.641444,0.588293
0.763622,0.0815183,0.932298,0.856221,-0.382793,-0.346923,0.156285,0.832001,-0.532306,0.492403,0.401552,0.772201
0.763622,0.0832197,0.816052,0.856221,-0.241053,-0.456924,0.156285,0.963884,-0.215643,0.492403,0.113228,0.862971
0.763622,0.124577,0.707399,0.856221,-0.0702386,-0.511813,0.156285,0.979509,0.12703,0.492403,-0.188754,0.849653
0.763622,0.200602,0.619444,0.856221,0.109048,-0.50497,0.156285,0.876991,0.454381,0.492403,-0.46797,0.733855
0.763622,0.302124,0.562794,0.856221,0.275181,-0.43722,0.156285,0.668695,0.726927,0.492403,-0.690741,0.529543
0.763622,0.416899,0.544284,0.856221,0.408124,-0.316735,0.156285,0.379744,0.911795,0.492403,-0.830199,0.261361
0.763622,0.531083,0.566145,0.856221,0.491841,-0.158047,0.156285,0.0449902,0.986687,0.492403,-0.869522,-0.038346
0.763622,0.630904,0.625742,0.856221,0.516234,0.0197039,0.156285,-0.29519,0.94257,0.492403,-0.803968,-0.333427
0.763622,0.704322,0.715885,0.856221,0.478362,0.195078,0.156285,-0.599765,0.784765,0.492403,-0.641444,-0.588293
0.763622,0.742482,0.825702,0.856221,0.382793,0.346923,0.156285,-0.832001,0.532306,0.492403,-0.401552,-0.772201
0.763622,0.74078,0.941948,0.856221,0.241053,0.456924,0.156285,-0.963884,0.215643,0.492403,-0.113228,-0.862971
0.763622,0.699423,1.0506,0.856221,0.0702386,0.511813,0.156285,-0.979509,-0.12703,0.492403,0.188754,-0.849653
0.763622,0.623398,1.13856,0.856221,-0.109048,0.50497,0.156285,-0.876991,-0.454381,0.492403,0.46797,-0.733855
0.763622,0.521876,1.19521,0.856221,-0.275181,0.43722,0.156285,-0.668695,-0.726927,0.492403,0.690741,-0.529543
0.763622,0.407101,1.21372,0.856221,-0.408124,0.316735,0.156285,-0.379744,-0.911795,0.492403,0.830199,-0.261361
0.763622,0.292917,1.19185,0.856221,-0.491841,0.158047,0.156285,-0.0449902,-0.986687,0.492403,0.869522,0.038346
0.674556,0.367847,1.11671,0.647527,-0.679066,0.345802,0.374957,-0.111133,-0.920357,0.663413,0.725617,0.182659
0.674556,0.289207,1.08728,0.647527,-0.756384,0.0926937,0.374957,0.21035,-0.902862,0.663413,0.619383,0.419819
0.674556,0.225378,1.03272,0.647527,-0.742472,-0.171595,0.374957,0.506461,-0.776469,0.663413,0.438444,0.606342
0.674556,0.184059,0.959618,0.647527,-0.639006,-0.415187,0.374957,0.741486,-0.556422,0.663413,0.204621,0.719732
0.674556,0.170232,0.876796,0.647527,-0.458467,-0.608701,0.374957,0.887076,-0.269263,0.663413,-0.0538821,0.746311
0.674556,0.185566,0.794239,0.647527,-0.22263,-0.728797,0.374957,0.925672,0.0503737,0.663413,-0.305886,0.682874
0.674556,0.228212,0.721906,0.647527,0.0400593,-0.760989,0.374957,0.852619,0.363934,0.663413,-0.520996,0.537073
0.674556,0.293025,0.668521,0.647527,0.297917,-0.701395,0.374957,0.676727,0.633599,0.663413,-0.673266,0.326492
0.674556,0.372188,0.640522,0.647527,0.519842,-0.557202,0.374957,0.419211,0.826843,0.663413,-0.74433,0.0765321
0.674556,0.456153,0.641288,0.647527,0.679066,-0.345802,0.374957,0.111133,0.920357,0.663413,-0.725617,-0.182659
0.674556,0.534793,0.670725,0.647527,0.756384,-0.0926937,0.374957,-0.21035,0.902862,0.663413,-0.619383,-0.419819
0.674556,0.598622,0.725283,0.647527,0.742472,0.171595,0.374957,-0.506461,0.776469,0.663413,-0.438444,-0.606342
0.674556,0.639941,0.798382,0.647527,0.639006,0.415187,0.374957,-0.741486,0.556422,0.663413,-0.204621,-0.719732
0.674556,0.653768,0.881204,0.647527,0.458467,0.608701,0.374957,-0.887076,0.269263,0.663413,0.0538821,-0.746311
0.674556,0.638434,0.963761,0.647527,0.22263,0.728797,0.374957,-0.925672,-0.0503737,0.663413,0.305886,-0.682874
0.674556,0.595788,1.03609,0.647527,-0.0400593,0.760989,0.374957,-0.852619,-0.363934,0.663413,0.520996,-0.537073
0.674556,0.530975,1.08948,0.647527,-0.297917,0.701395,0.374957,-0.676727,-0.633599,0.663413,0.673266,-0.326492
0.674556,0.451812,1.11748,0.647527,-0.519842,0.557202,0.374957,-0.419211,-0.826843,0.663413,0.74433,-0.0765321
0.674556,0.367847,1.11671,0.647527,-0.679066,0.345802,0.374957,-0.111133,-0.920357,0.663413,0.725617,0.182659
0.627155,0.459768,1.02453,0.360731,-0.804599,0.471692,0.548404,-0.226096,-0.805067,0.754404,0.549091,0.359685
0.627155,0.407113,1.03209,0.360731,-0.917404,0.168056,0.548404,0.0628881,-0.833846,0.754404,0.392957,0.525794
0.627155,0.355047,1.02119,0.360731,-0.919556,-0.15585,0.548404,0.344287,-0.762049,0.754404,0.189427,0.628483
0.627155,0.309851,0.993134,0.360731,-0.810796,-0.460958,0.548404,0.584161,-0.598339,0.754404,-0.0369513,0.655369
0.627155,0.276975,0.951313,0.360731,-0.604243,-0.710467,0.548404,0.753575,-0.36246,0.754404,-0.258872,0.603207
0.627155,0.260385,0.900771,0.360731,-0.324808,-0.874284,0.548404,0.832098,-0.0828631,0.754404,-0.449569,0.47829
0.627155,0.262083,0.847603,0.360731,-0.00619721,-0.932649,0.548404,0.810257,0.206728,0.754404,-0.586042,0.295684
0.627155,0.281862,0.798222,0.360731,0.313161,-0.878523,0.548404,0.690687,0.471385,0.754404,-0.651829,0.0774137
0.627155,0.317338,0.758583,0.360731,0.594748,-0.718434,0.548404,0.48781,0.679186,0.754404,-0.638996,-0.150194
0.627155,0.364232,0.733469,0.360731,0.804599,-0.471692,0.548404,0.226096,0.805067,0.754404,-0.549091,-0.359685
0.627155,0.416887,0.725908,0.360731,0.917404,-0.168056,0.548404,-0.0628881,0.833846,0.754404,-0.392957,-0.525794
0.627155,0.468953,0.736812,0.360731,0.919556,0.15585,0.548404,-0.344287,0.762049,0.754404,-0.189427,-0.628483
0.627155,0.514149,0.764866,0.360731,0.810796,0.460958,0.548404,-0.584161,0.598339,0.754404,0.0369513,-0.655369
0.627155,0.547025,0.806687,0.360731,0.604243,0.710467,0.548404,-0.753575,0.36246,0.754404,0.258872,-0.603207
0.627155,0.563615,0.857229,0.360731,0.324808,0.874284,0.548404,-0.832098,0.0828631,0.754404,0.449569,-0.47829
0.627155,0.561917,0.910397,0.360731,0.00619721,0.932649,0.548404,-0.810257,-0.206728,0.754404,0.586042,-0.295684
0.627155,0.542138,0.959778,0.360731,-0.313161,0.878523,0.548404,-0.690687,-0.471385,0.754404,0.651829,-0.0774137
0.627155,0.506662,0.999417,0.360731,-0.594748,0.718434,0.548404,-0.48781,-0.679186,0.754404,0.638996,0.150194
0.627155,0.459768,1.02453,0.360731,-0.804599,0.471692,0.548404,-0.226096,-0.805067,0.754404,0.549091,0.359685
0.627137,0.557593,0.926429,0.0304265,-0.853301,0.520531,0.655705,-0.376015,-0.654725,0.754404,0.361236,0.548072
0.627137,0.532591,0.973364,0.0304265,-0.979872,0.197293,0.655705,-0.129409,-0.743844,0.754404,0.151999,0.638569
0.627137,0.493044,1.00892,0.0304265,-0.988257,-0.149741,0.655705,0.132805,-0.743246,0.754404,-0.0755717,0.652046
0.627137,0.443722,1.0288,0.0304265,-0.877443,-0.478715,0.655705,0.379001,-0.653001,0.754404,-0.294027,0.586875
0.627137,0.390574,1.03062,0.0304265,-0.660797,-0.749948,0.655705,0.579484,-0.483994,0.754404,-0.477018,0.450919
0.627137,0.34001,1.01415,0.0304265,-0.364449,-0.930726,0.655705,0.710072,-0.25661,0.754404,-0.602474,0.260576
0.627137,0.298129,0.981373,0.0304265,-0.0241426,-0.999245,0.655705,0.755015,0.00172408,0.754404,-0.655262,0.0388029
0.627137,0.269983,0.936253,0.0304265,0.319075,-0.947241,0.655705,0.708893,0.259851,0.754404,-0.629017,-0.18765
0.627137,0.258966,0.884227,0.0304265,0.623808,-0.780985,0.655705,0.577267,0.486635,0.754404,-0.526902,-0.39147
0.627137,0.266407,0.831571,0.0304265,0.853301,-0.520531,0.655705,0.376015,0.654725,0.754404,-0.361236,-0.548072
0.627137,0.291409,0.784636,0.0304265,0.979872,-0.197293,0.655705,0.129409,0.743844,0.754404,-0.151999,-0.638569
0.627137,0.330956,0.749082,0.0304265,0.988257,0.149741,0.655705,-0.132805,0.743246,0.754404,0.0755717,-0.652046
0.627137,0.380278,0.729199,0.0304265,0.877443,0.478715,0.655705,-0.379001,0.653001,0.754404,0.294027,-0.586875
0.627137,0.433426,0.727383,0.0304265,0.660797,0.749948,0.655705,-0.579484,0.483994,0.754404,0.477018,-0.450919
0.627137,0.48399,0.743855,0.0304265,0.364449,0.930726,0.655705,-0.710072,0.25661,0.754404,0.602474,-0.260576
0.627137,0.525871,0.776627,0.0304265,0.0241426,0.999245,0.655705,-0.755015,-0.00172408,0.754404,0.655262,-0.0388029
0.627137,0.554017,0.821747,0.0304265,-0.319075,0.947241,0.655705,-0.708893,-0.259851,0.754404,0.629017,0.18765
0.627137,0.565034,0.873773,0.0304265,-0.623808,0.780985,0.655705,-0.577267,-0.486635,0.754404,0.526902,0.39147
0.627137,0.557593,0.926429,0.0304265,-0.853301,0.520531,0.655705,-0.376015,-0.654725,0.754404,0.361236,0.548072
0.674504,0.649523,0.834238,-0.303548,-0.819295,0.486429,0.683918,-0.542805,-0.487462,0.663411,0.18471,0.725098
0.674504,0.650508,0.918175,-0.303548,-0.936255,0.176879,0.683918,-0.343348,-0.643714,0.663411,-0.074428,0.744544
0.674504,0.622725,0.997387,-0.303548,-0.940287,-0.154006,0.683918,-0.102478,-0.722326,0.663411,-0.324588,0.674187
0.674504,0.569526,1.06232,-0.303548,-0.830908,-0.466316,0.683918,0.150752,-0.713814,0.663411,-0.535599,0.522512
0.674504,0.497327,1.10514,-0.303548,-0.621309,-0.722381,0.683918,0.385799,-0.619205,0.663411,-0.682008,0.307815
0.674504,0.414836,1.12069,-0.303548,-0.33677,-0.891316,0.683918,0.574313,-0.449912,0.663411,-0.746157,0.0559915
0.674504,0.332003,1.10708,-0.303548,-0.0116124,-0.952745,0.683918,0.693557,-0.226352,0.663411,-0.720308,-0.202586
0.674504,0.258819,1.06597,-0.303548,0.314946,-0.899259,0.683918,0.729147,0.024509,0.663411,-0.60758,-0.436728
0.674504,0.204111,1.0023,-0.303548,0.603517,-0.73731,0.683918,0.676792,0.272414,0.663411,-0.421569,-0.618195
0.674504,0.174477,0.923762,-0.303548,0.819295,-0.486429,0.683918,0.542805,0.487462,0.663411,-0.18471,-0.725098
0.674504,0.173492,0.839825,-0.303548,0.936255,-0.176879,0.683918,0.343348,0.643714,0.663411,0.074428,-0.744544
0.674504,0.201275,0.760613,-0.303548,0.940287,0.154006,0.683918,0.102478,0.722326,0.663411,0.324588,-0.674187
0.674504,0.254474,0.69568,-0.303548,0.830908,0.466316,0.683918,-0.150752,0.713814,0.663411,0.535599,-0.522512
0.674504,0.326673,0.652859,-0.303548,0.621309,0.722381,0.683918,-0.385799,0.619205,0.663411,0.682008,-0.307815
0.674504,0.409164,0.637313,-0.303548,0.33677,0.891316,0.683918,-0.574313,0.449912,0.663411,0.746157,-0.0559915
0.674504,0.491997,0.650918,-0.303548,0.0116124,0.952745,0.683918,-0.693557,0.226352,0.663411,0.720308,0.202586
0.674504,0.565181,0.692034,-0.303548,-0.314946,0.899259,0.683918,-0.729147,-0.024509,0.663411,0.60758,0.436728
0.674504,0.619889,0.7557,-0.303548,-0.603517,0.73731,0.683918,-0.676792,-0.272414,0.663411,0.421569,0.618195
0.674504,0.649523,0.834238,-0.303548,-0.819295,0.486429,0.683918,-0.542805,-0.487462,0.663411,0.18471,0.725098
0.763543,0.724469,0.759079,-0.60091,-0.706685,0.3735,0.629641,-0.70635,-0.323453,0.492402,0.0408045,0.869411
0.763543,0.74664,0.873182,-0.60091,-0.791812,0.109275,0.629641,-0.553125,-0.545533,0.492402,-0.259012,0.830935
0.763543,0.728449,0.987987,-0.60091,-0.781434,-0.168131,0.629641,-0.333184,-0.701813,0.492402,-0.527589,0.692236
0.763543,0.672089,1.08965,-0.60091,-0.676803,-0.425257,0.629641,-0.0730566,-0.773444,0.492402,-0.73253,0.470043
0.763543,0.584358,1.1659,-0.60091,-0.490541,-0.631092,0.629641,0.195883,-0.751786,0.492402,-0.849117,0.191156
0.763543,0.475839,1.20755,-0.60091,-0.245111,-0.760807,0.629641,0.441196,-0.639452,0.492402,-0.863288,-0.110787
0.763543,0.35962,1.20957,-0.60091,0.029882,-0.798758,0.629641,0.633294,-0.449991,0.492402,-0.773334,-0.399368
0.763543,0.249718,1.17172,-0.60091,0.301271,-0.740366,0.629641,0.749007,-0.206254,0.492402,-0.590105,-0.639779
0.763543,0.15939,1.09856,-0.60091,0.536322,-0.592676,0.629641,0.77438,0.0623604,0.492402,-0.3357,-0.803023
0.763543,0.0995307,0.998921,-0.60091,0.706685,-0.3735,0.629641,0.70635,0.323453,0.492402,-0.0408045,-0.869411
0.763543,0.0773597,0.884818,-0.60091,0.791812,-0.109275,0.629641,0.553125,0.545533,0.492402,0.259012,-0.830935
0.763543,0.0955512,0.770013,-0.60091,0.781434,0.168131,0.629641,0.333184,0.701813,0.492402,0.527589,-0.692236
0.763543,0.151911,0.668354,-0.60091,0.676803,0.425257,0.629641,0.0730566,0.773444,0.492402,0.73253,-0.470043
0.763543,0.239642,0.592102,-0.60091,0.490541,0.631092,0.629641,-0.195883,0.751786,0.492402,0.849117,-0.191156
0.763543,0.348161,0.550454,-0.60091,0.245111,0.760807,0.629641,-0.441196,0.639452,0.492402,0.863288,0.110787
0.763543,0.46438,0.548433,-0.60091,-0.029882,0.798758,0.629641,-0.633294,0.449991,0.492402,0.773334,0.399368
0.763543,0.574282,0.586284,-0.60091,-0.301271,0.740366,0.629641,-0.749007,0.206254,0.492402,0.590105,0.639779
0.763543,0.66461,0.659441,-0.60091,-0.536322,0.592676,0.629641,-0.77438,-0.0623604,0.492402,0.3357,0.803023
0.763543,0.724469,0.759079,-0.60091,-0.706685,0.3735,0.629641,-0.70635,-0.323453,0.492402,0.0408045,0.869411
0.883514,0.773393,0.710017,-0.825794,-0.529053,0.195364,0.499419,-0.846925,-0.182481,0.262001,-0.0531227,0.963604
0.883514,0.809394,0.843812,-0.825794,-0.563965,0.00263579,0.499419,-0.733437,-0.461141,0.262001,-0.379491,0.887323
0.883514,0.797463,0.981851,-0.825794,-0.530856,-0.190411,0.499419,-0.531486,-0.684181,0.262001,-0.660087,0.704017
0.883514,0.73904,1.10748,-0.825794,-0.433717,-0.360491,0.499419,-0.265429,-0.824699,0.262001,-0.861067,0.435797
0.883514,0.641171,1.20556,-0.825794,-0.284265,-0.487091,0.499419,0.0326415,-0.865745,0.262001,-0.95819,0.115012
0.883514,0.51566,1.26425,-0.825794,-0.100527,-0.55494,0.499419,0.326775,-0.80237,0.262001,-0.93974,-0.219644
0.883514,0.377647,1.27647,-0.825794,0.0953358,-0.555855,0.499419,0.581495,-0.642218,0.262001,-0.807945,-0.527808
0.883514,0.243777,1.24075,-0.825794,0.2797,-0.489726,0.499419,0.766078,-0.404604,0.262001,-0.578699,-0.77231
0.883514,0.130197,1.1614,-0.825794,0.430328,-0.364529,0.499419,0.858261,-0.11819,0.262001,-0.279653,-0.923661
0.883514,0.0506071,1.04798,-0.825794,0.529053,-0.195364,0.499419,0.846925,0.182481,0.262001,0.0531227,-0.963604
0.883514,0.0146063,0.914188,-0.825794,0.563965,-0.00263579,0.499419,0.733437,0.461141,0.262001,0.379491,-0.887323
0.883514,0.026537,0.776149,-0.825794,0.530856,0.190411,0.499419,0.531486,0.684181,0.262001,0.660087,-0.704017
0.883514,0.0849603,0.650516,-0.825794,0.433717,0.360491,0.499419,0.265429,0.824699,0.262001,0.861067,-0.435797
0.883514,0.182829,0.552441,-0.825794,0.284265,0.487091,0.499419,-0.0326415,0.865745,0.262001,0.95819,-0.115012
0.883514,0.30834,0.493754,-0.825794,0.100527,0.55494,0.499419,-0.326775,0.80237,0.262001,0.93974,0.219644
0.883514,0.446353,0.481533,-0.825794,-0.0953358,0.555855,0.499419,-0.581495,0.642218,0.262001,0.807945,0.527808
0.883514,0.580223,0.517253,-0.825794,-0.2797,0.489726,0.499419,-0.766078,0.404604,0.262001,0.578699,0.77231
0.883514,0.693803,0.596605,-0.825794,-0.430328,0.364529,0.499419,-0.858261,0.11819,0.262001,0.279653,0.923661
0.883514,0.773393,0.710017,-0.825794,-0.529053,0.195364,0.499419,-0.846925,-0.182481,0.262001,-0.0531227,0.963604
0.875863,0.126537,1.15382,0.985232,-0.161538,-0.0567821,-0.00862081,0.284401,-0.958667,0.17101,0.944998,0.278808
0.875863,0.0497601,1.03961,0.985232,-0.132376,-0.108607,-0.00862081,0.595133,-0.803581,0.17101,0.79265,0.585202
0.875863,0.0166746,0.906029,0.985232,-0.0872466,-0.147332,-0.00862081,0.834083,-0.551572,0.17101,0.544696,0.821013
0.875863,0.0312711,0.76919,0.985232,-0.0315944,-0.168287,-0.00862081,0.97243,-0.233035,0.17101,0.231044,0.957796
0.875863,0.0917892,0.645595,0.985232,0.0278686,-0.168944,-0.00862081,0.993488,0.113609,0.17101,-0.110475,0.979056
0.875863,0.190929,0.550153,0.985232,0.0839702,-0.149224,-0.00862081,0.894717,0.446551,0.17101,-0.43867,0.882227
0.875863,0.316734,0.494374,0.985232,0.129944,-0.111505,-0.00862081,0.688029,0.725632,0.17101,-0.713954,0.678988
0.875863,0.454029,0.484987,0.985232,0.160244,-0.0603371,-0.00862081,0.398355,0.917191,0.17101,-0.903125,0.393854
0.875863,0.586255,0.523124,0.985232,0.171217,-0.00189161,-0.00862081,0.060634,0.998123,0.17101,-0.983366,0.0612145
0.875863,0.697463,0.604184,0.985232,0.161538,0.0567821,-0.00862081,-0.284401,0.958667,0.17101,-0.944998,-0.278808
0.875863,0.77424,0.718392,0.985232,0.132376,0.108607,-0.00862081,-0.595133,0.803581,0.17101,-0.79265,-0.585202
0.875863,0.807325,0.851971,0.985232,0.0872466,0.147332,-0.00862081,-0.834083,0.551572,0.17101,-0.544696,-0.821013
0.875863,0.792729,0.98881,0.985232,0.0315944,0.168287,-0.00862081,-0.97243,0.233035,0.17101,-0.231044,-0.957796
0.875863,0.732211,1.1124,0.985232,-0.0278686,0.168944,-0.00862081,-0.993488,-0.113609,0.17101,0.110475,-0.979056
0.875863,0.633071,1.20785,0.985232,-0.0839702,0.149224,-0.00862081,-0.894717,-0.446551,0.17101,0.43867,-0.882227
0.875863,0.507266,1.26363,0.985232,-0.129944,0.111505,-0.00862081,-0.688029,-0.725632,0.17101,0.713954,-0.678988
0.875863,0.369971,1.27301,0.985232,-0.160244,0.0603371,-0.00862081,-0.398355,-0.917191,0.17101,0.903125,-0.393854
0.875863,0.237745,1.23488,0.985232,-0.171217,0.00189161,-0.00862081,-0.060634,-0.998123,0.17101,0.983366,-0.0612145
0.875863,0.126537,1.15382,0.985232,-0.161538,-0.0567821,-0.00862081,0.284401,-0.958667,0.17101,0.944998,0.278808
0.749059,0.178217,1.10199,0.900555,-0.396329,0.178674,0.292759,0.249024,-0.92319,0.321393,0.883691,0.340289
0.749059,0.116049,1.00858,0.900555,-0.433537,0.032346,0.292759,0.549756,-0.782343,0.321393,0.714013,0.622007
0.749059,0.0895765,0.899547,0.900555,-0.418455,-0.117883,0.292759,0.784178,-0.547135,0.321393,0.458214,0.828702
0.749059,0.101994,0.788033,0.900555,-0.352901,-0.253894,0.292759,0.924018,-0.245934,0.321393,0.147147,0.935443
0.749059,0.151802,0.68749,0.900555,-0.244781,-0.359281,0.292759,0.952407,0.0849306,0.321393,-0.181668,0.929357
0.749059,0.232994,0.610047,0.900555,-0.107138,-0.421334,0.292759,0.865922,0.405551,0.321393,-0.48857,0.811176
0.749059,0.335777,0.565043,0.900555,0.0434284,-0.432568,0.292759,0.674994,0.677256,0.321393,-0.736544,0.595155
0.749059,0.447753,0.557907,0.900555,0.188756,-0.391627,0.292759,0.402651,0.867274,0.321393,-0.89568,0.30735
0.749059,0.555417,0.5895,0.900555,0.311317,-0.303451,0.292759,0.0817434,0.952686,0.321393,-0.946784,-0.0175265
0.749059,0.645783,0.65601,0.900555,0.396329,-0.178674,0.292759,-0.249024,0.92319,0.321393,-0.883691,-0.340289
0.749059,0.707951,0.749417,0.900555,0.433537,-0.032346,0.292759,-0.549756,0.782343,0.321393,-0.714013,-0.622007
0.749059,0.734423,0.858453,0.900555,0.418455,0.117883,0.292759,-0.784178,0.547135,0.321393,-0.458214,-0.828702
0.749059,0.722006,0.969967,0.900555,0.352901,0.253894,0.292759,-0.924018,0.245934,0.321393,-0.147147,-0.935443
0.749059,0.672198,1.07051,0.900555,0.244781,0.359281,0.292759,-0.952407,-0.0849306,0.321393,0.181668,-0.929357
0.749059,0.591006,1.14795,0.900555,0.107138,0.421334,0.292759,-0.865922,-0.405551,0.321393,0.48857,-0.811176
0.749059,0.488223,1.19296,0.900555,-0.0434284,0.432568,0.292759,-0.674994,-0.677256,0.321393,0.736544,-0.595155
0.749059,0.376247,1.20009,0.900555,-0.188756,0.391627,0.292759,-0.402651,-0.867274,0.321393,0.89568,-0.30735
0.749059,0.268583,1.1685,0.900555,-0.311317,0.303451,0.292759,-0.0817434,-0.952686,0.321393,0.946784,0.0175265
0.749059,0.178217,1.10199,0.900555,-0.396329,0.178674,0.292759,0.249024,-0.92319,0.321393,0.883691,0.340289
0.654934,0.257403,1.02258,0.707258,-0.596511,0.379423,0.558827,0.142997,-0.816862,0.433011,0.789764,0.434482
0.654934,0.21762,0.961045,0.707258,-0.690307,0.152522,0.558827,0.413756,-0.718692,0.433011,0.593534,0.678395
0.654934,0.201281,0.889615,0.707258,-0.700842,-0.092775,0.558827,0.634611,-0.533836,0.433011,0.325715,0.840483
0.654934,0.210358,0.816905,0.707258,-0.626845,-0.326882,0.558827,0.778922,-0.284592,0.433011,0.0186094,0.901197
0.654934,0.243757,0.751684,0.707258,-0.477241,-0.521562,0.558827,0.829283,-0.00102218,0.433011,-0.29074,0.853213
0.654934,0.297448,0.70182,0.707258,-0.270075,-0.653334,0.558827,0.779621,0.282671,0.433011,-0.565022,0.702319
0.654934,0.364955,0.673326,0.707258,-0.0303343,-0.706305,0.558827,0.635925,0.53227,0.433011,-0.771155,0.466715
0.654934,0.438137,0.669639,0.707258,0.213065,-0.674084,0.558827,0.415527,0.717669,0.433011,-0.884274,0.174818
0.654934,0.508167,0.691205,0.707258,0.430766,-0.560559,0.558827,0.14501,0.816507,0.433011,-0.890737,-0.138164
0.654934,0.566597,0.735421,0.707258,0.596511,-0.379423,0.558827,-0.142997,0.816862,0.433011,-0.789764,-0.434482
0.654934,0.60638,0.796955,0.707258,0.690307,-0.152522,0.558827,-0.413756,0.718692,0.433011,-0.593534,-0.678395
0.654934,0.622719,0.868385,0.707258,0.700842,0.092775,0.558827,-0.634611,0.533836,0.433011,-0.325715,-0.840483
0.654934,0.613642,0.941095,0.707258,0.626845,0.326882,0.558827,-0.778922,0.284592,0.433011,-0.0186094,-0.901197
0.654934,0.580243,1.00632,0.707258,0.477241,0.521562,0.558827,-0.829283,0.00102218,0.433011,0.29074,-0.853213
0.654934,0.526552,1.05618,0.707258,0.270075,0.653334,0.558827,-0.779621,-0.282671,0.433011,0.565022,-0.702319
0.654934,0.459045,1.08467,0.707258,0.0303343,0.706305,0.558827,-0.635925,-0.53227,0.433011,0.771155,-0.466715
0.654934,0.385863,1.08836,0.707258,-0.213065,0.674084,0.558827,-0.415527,-0.717669,0.433011,0.884274,-0.174818
