0.658953,0.329757,1.07484,0.308961,0.876955,0.368093,0.951075,-0.284881,-0.11958,-3.49349e-06,0.387029,-0.922067
0.907818,0.0271821,0.998801,0.92986,-0.0960117,-0.355166,-0.179072,0.72518,-0.664866,0.321394,0.681832,0.657123
0.907818,0.00782559,0.858975,0.92986,0.0312525,-0.366585,-0.179072,0.908844,-0.376743,0.321394,0.415963,0.850694
0.907818,0.0374597,0.720961,0.92986,0.154747,-0.333788,-0.179072,0.982888,-0.0431797,0.321394,0.0999233,0.941659
0.907818,0.11251,0.601406,0.92986,0.259577,-0.260732,-0.179072,0.938381,0.295592,0.321394,-0.228169,0.919045
0.907818,0.223925,0.51473,0.92986,0.333098,-0.156227,-0.179072,0.780691,0.598711,0.321394,-0.528741,0.785582
0.907818,0.358265,0.471387,0.92986,0.366443,-0.0328791,-0.179072,0.528839,0.829616,0.321394,-0.765539,0.557365
0.907818,0.499328,0.476605,0.92986,0.355589,0.0944345,-0.179072,0.2132,0.960458,0.321394,-0.910001,0.261923
0.907818,0.630099,0.529755,0.92986,0.301846,0.210358,-0.179072,-0.128153,0.975454,0.321394,-0.944704,-0.0651121
0.907818,0.734805,0.624426,0.92986,0.211695,0.300909,-0.179072,-0.454049,0.872796,0.321394,-0.865462,-0.384293
0.907818,0.800818,0.749199,0.92986,0.0960117,0.355166,-0.179072,-0.72518,0.664866,0.321394,-0.681832,-0.657123
0.907818,0.820174,0.889025,0.92986,-0.0312525,0.366585,-0.179072,-0.908844,0.376743,0.321394,-0.415963,-0.850694
0.907818,0.79054,1.02704,0.92986,-0.154747,0.333788,-0.179072,-0.982888,0.0431797,0.321394,-0.0999233,-0.941659
0.907818,0.71549,1.14659,0.92986,-0.259577,0.260732,-0.179072,-0.938381,-0.295592,0.321394,0.228169,-0.919045
0.907818,0.604075,1.23327,0.92986,-0.333098,0.156227,-0.179072,-0.780691,-0.598711,0.321394,0.528741,-0.785582
0.907818,0.469735,1.27661,0.92986,-0.366443,0.0328791,-0.179072,-0.528839,-0.829616,0.321394,0.765539,-0.557365
0.907818,0.328672,1.27139,0.92986,-0.355589,-0.0944345,-0.179072,-0.2132,-0.960458,0.321394,0.910001,-0.261923
0.907818,0.197901,1.21824,0.92986,-0.301846,-0.210358,-0.179072,0.128153,-0.975454,0.321394,0.944704,0.0651121
0.907818,0.0931946,1.12357,0.92986,-0.211695,-0.300909,-0.179072,0.454049,-0.872796,0.321394,0.865462,0.384293
0.907818,0.0271821,0.998801,0.92986,-0.0960117,-0.355166,-0.179072,0.72518,-0.664866,0.321394,0.681832,0.657123
0.809114,0.0797083,1.02085,0.796489,-0.376691,-0.472978,-0.0275851,0.75878,-0.650763,0.604023,0.531373,0.593969
0.809114,0.0496435,0.897658,0.796489,-0.192206,-0.57329,-0.0275851,0.935594,-0.351999,0.604023,0.296178,0.739889
0.809114,0.0635254,0.771614,0.796489,0.0154627,-0.604455,-0.0275851,0.999561,-0.0107788,0.604023,0.0252592,0.796567
0.809114,0.11968,0.657919,0.796489,0.221266,-0.562713,-0.0275851,0.942967,0.331741,0.604023,-0.248706,0.757167
0.809114,0.211333,0.570287,0.796489,0.400381,-0.4531,-0.0275851,0.772637,0.634249,0.604023,-0.492674,0.626442
0.809114,0.327432,0.519287,0.796489,0.531204,-0.288836,-0.0275851,0.509115,0.860256,0.604023,-0.677217,0.420158
0.809114,0.453971,0.511071,0.796489,0.597957,-0.0897347,-0.0275851,0.184187,0.982504,0.604023,-0.780079,0.163198
0.809114,0.57569,0.546629,0.796489,0.592587,0.12019,-0.0275851,-0.162957,0.986247,0.604023,-0.788851,-0.113447
0.809114,0.677906,0.621673,0.796489,0.515742,0.315618,-0.0275851,-0.490446,0.871035,0.604023,-0.702476,-0.376408
0.809114,0.748292,0.727152,0.796489,0.376691,0.472978,-0.0275851,-0.75878,0.650763,0.604023,-0.531373,-0.593969
0.809114,0.778357,0.850342,0.796489,0.192206,0.57329,-0.0275851,-0.935594,0.351999,0.604023,-0.296178,-0.739889
0.809114,0.764475,0.976386,0.796489,-0.0154627,0.604455,-0.0275851,-0.999561,0.0107788,0.604023,-0.0252592,-0.796567
0.809114,0.70832,1.09008,0.796489,-0.221266,0.562713,-0.0275851,-0.942967,-0.331741,0.604023,0.248706,-0.757167
0.809114,0.616667,1.17771,0.796489,-0.400381,0.4531,-0.0275851,-0.772637,-0.634249,0.604023,0.492674,-0.626442
0.809114,0.500568,1.22871,0.796489,-0.531204,0.288836,-0.0275851,-0.509115,-0.860256,0.604023,0.677217,-0.420158
0.809114,0.374029,1.23693,0.796489,-0.597957,0.0897347,-0.0275851,-0.184187,-0.982504,0.604023,0.780079,-0.163198
0.809114,0.25231,1.20137,0.796489,-0.592587,-0.12019,-0.0275851,0.162957,-0.986247,0.604023,0.788851,0.113447
0.809114,0.150094,1.12633,0.796489,-0.515742,-0.315618,-0.0275851,0.490446,-0.871035,0.604023,0.702476,0.376408
0.809114,0.0797083,1.02085,0.796489,-0.376691,-0.472978,-0.0275851,0.75878,-0.650763,0.604023,0.531373,0.593969
0.735846,0.160195,1.05463,0.567051,-0.598383,-0.566031,0.127229,0.742579,-0.657563,0.813797,0.300856,0.497212
0.735846,0.113721,0.956932,0.567051,-0.368702,-0.736554,0.127229,0.922696,-0.36393,0.813797,0.112656,0.570125
0.735846,0.103466,0.849229,0.567051,-0.0945499,-0.818238,0.127229,0.991522,-0.0264016,0.813797,-0.0891328,0.574273
0.735846,0.130666,0.744514,0.567051,0.191006,-0.80123,0.127229,0.940756,0.314311,0.813797,-0.28017,0.509155
0.735846,0.19204,0.655417,0.567051,0.453524,-0.687582,0.127229,0.77652,0.617113,0.813797,-0.437415,0.382625
0.735846,0.280185,0.592684,0.567051,0.66134,-0.491002,0.127229,0.518625,0.845482,0.813797,-0.541901,0.209945
0.735846,0.384471,0.563882,0.567051,0.789389,-0.235199,0.127229,0.198176,0.971874,0.813797,-0.581026,0.0119428
0.735846,0.492318,0.572485,0.567051,0.822226,0.0489721,0.127229,-0.146175,0.981043,0.813797,-0.550071,-0.1875
0.735846,0.590719,0.617455,0.567051,0.75589,0.327236,0.127229,-0.472896,0.871884,0.813797,-0.452769,-0.364328
0.735846,0.667805,0.693368,0.567051,0.598383,0.566031,0.127229,-0.742579,0.657563,0.813797,-0.300856,-0.497212
0.735846,0.714279,0.791068,0.567051,0.368702,0.736554,0.127229,-0.922696,0.36393,0.813797,-0.112656,-0.570125
0.735846,0.724534,0.898771,0.567051,0.0945499,0.818238,0.127229,-0.991522,0.0264016,0.813797,0.0891328,-0.574273
0.735846,0.697334,1.00349,0.567051,-0.191006,0.80123,0.127229,-0.940756,-0.314311,0.813797,0.28017,-0.509155
0.735846,0.63596,1.09258,0.567051,-0.453524,0.687582,0.127229,-0.77652,-0.617113,0.813797,0.437415,-0.382625
0.735846,0.547815,1.15532,0.567051,-0.66134,0.491002,0.127229,-0.518625,-0.845482,0.813797,0.541901,-0.209945
0.735846,0.443529,1.18412,0.567051,-0.789389,0.235199,0.127229,-0.198176,-0.971874,0.813797,0.581026,-0.0119428
0.735846,0.335682,1.17551,0.567051,-0.822226,-0.0489721,0.127229,0.146175,-0.981043,0.813797,0.550071,0.1875
0.735846,0.237281,1.13054,0.567051,-0.75589,-0.327236,0.127229,0.472896,-0.871884,0.813797,0.452769,0.364328
0.735846,0.160195,1.05463,0.567051,-0.598383,-0.566031,0.127229,0.742579,-0.657563,0.813797,0.300856,0.497212
0.696852,0.258933,1.09608,0.269218,-0.734348,-0.623101,0.266698,0.678532,-0.684446,0.925416,0.0180852,0.378522
0.696852,0.19233,1.02965,0.269218,-0.476948,-0.836685,0.266698,0.871706,-0.411097,0.925416,-0.112468,0.36188
0.696852,0.152464,0.944445,0.269218,-0.162021,-0.949353,0.266698,0.959739,-0.0881637,0.925416,-0.229455,0.30159
0.696852,0.144143,0.850746,0.269218,0.172448,-0.947514,0.266698,0.932014,0.245403,0.925416,-0.318767,0.204923
0.696852,0.168371,0.759852,0.269218,0.486117,-0.831392,0.266698,0.791873,0.549371,0.925416,-0.369631,0.0835401
0.696852,0.222225,0.682726,0.269218,0.741153,-0.614991,0.266698,0.556222,0.787077,0.925416,-0.375912,-0.0479192
0.696852,0.29921,0.62867,0.269218,0.906795,-0.324413,0.266698,0.253481,0.929849,0.925416,-0.336852,-0.173599
0.696852,0.39004,0.604205,0.269218,0.963065,0.00529352,0.266698,-0.0798327,0.960468,0.925416,-0.257163,-0.27834
0.696852,0.483761,0.612281,0.269218,0.903174,0.334362,0.266698,-0.403518,0.87524,0.925416,-0.146457,-0.349509
0.696852,0.569067,0.651924,0.269218,0.734348,0.623101,0.266698,-0.678532,0.684446,0.925416,-0.0180852,-0.378522
0.696852,0.63567,0.718353,0.269218,0.476948,0.836685,0.266698,-0.871706,0.411097,0.925416,0.112468,-0.36188
0.696852,0.675536,0.803555,0.269218,0.162021,0.949353,0.266698,-0.959739,0.0881637,0.925416,0.229455,-0.30159
0.696852,0.683857,0.897254,0.269218,-0.172448,0.947514,0.266698,-0.932014,-0.245403,0.925416,0.318767,-0.204923
0.696852,0.659629,0.988148,0.269218,-0.486117,0.831392,0.266698,-0.791873,-0.549371,0.925416,0.369631,-0.0835401
0.696852,0.605775,1.06527,0.269218,-0.741153,0.614991,0.266698,-0.556222,-0.787077,0.925416,0.375912,0.0479192
0.696852,0.52879,1.11933,0.269218,-0.906795,0.324413,0.266698,-0.253481,-0.929849,0.925416,0.336852,0.173599
0.696852,0.43796,1.1438,0.269218,-0.963065,-0.00529352,0.266698,0.0798327,-0.960468,0.925416,0.257163,0.27834
0.696852,0.344239,1.13572,0.269218,-0.903174,-0.334362,0.266698,0.403518,-0.87524,0.925416,0.146457,0.349509
0.696852,0.258933,1.09608,0.269218,-0.734348,-0.623101,0.266698,0.678532,-0.684446,0.925416,0.0180852,0.378522
0.696834,0.364014,1.14018,-0.061087,-0.768187,-0.637305,0.373999,0.574364,-0.728169,0.925415,-0.282833,0.252215
0.696834,0.275989,1.10703,-0.061087,-0.503888,-0.861606,0.373999,0.788775,-0.487811,0.925415,-0.352038,0.14027
0.696834,0.20461,1.04578,-0.061087,-0.178814,-0.981985,0.373999,0.908047,-0.188616,0.925415,-0.378783,0.0114062
0.696834,0.158486,0.963803,-0.061087,0.167829,-0.983922,0.373999,0.917795,0.13333,0.925415,-0.359841,-0.118833
0.696834,0.143181,0.870996,-0.061087,0.494228,-0.867183,0.373999,0.816844,0.439193,0.925415,-0.297496,-0.234739
0.696834,0.160541,0.778551,-0.061087,0.761017,-0.64585,0.373999,0.617369,0.692084,0.925415,-0.19927,-0.322333
0.696834,0.208472,0.69762,-0.061087,0.936016,-0.346617,0.373999,0.343431,0.861499,0.925415,-0.0770079,-0.371048
0.696834,0.281192,0.637962,-0.061087,0.998117,-0.00557721,0.373999,0.0280694,0.927004,0.925415,0.0545421,-0.375009
0.696834,0.369931,0.606774,-0.061087,0.939831,0.336135,0.373999,-0.290678,0.880699,0.925415,0.179513,-0.333739
0.696834,0.463986,0.607817,-0.061087,0.768187,0.637305,0.373999,-0.574364,0.728169,0.925415,0.282833,-0.252215
0.696834,0.552011,0.640966,-0.061087,0.503888,0.861606,0.373999,-0.788775,0.487811,0.925415,0.352038,-0.14027
0.696834,0.62339,0.702222,-0.061087,0.178814,0.981985,0.373999,-0.908047,0.188616,0.925415,0.378783,-0.0114062
0.696834,0.669514,0.784197,-0.061087,-0.167829,0.983922,0.373999,-0.917795,-0.13333,0.925415,0.359841,0.118833
0.696834,0.684819,0.877004,-0.061087,-0.494228,0.867183,0.373999,-0.816844,-0.439193,0.925415,0.297496,0.234739
0.696834,0.667459,0.969449,-0.061087,-0.761017,0.64585,0.373999,-0.617369,-0.692084,0.925415,0.19927,0.322333
0.696834,0.619528,1.05038,-0.061087,-0.936016,0.346617,0.373999,-0.343431,-0.861499,0.925415,0.0770079,0.371048
0.696834,0.546808,1.11004,-0.061087,-0.998117,0.00557721,0.373999,-0.0280694,-0.927004,0.925415,-0.0545421,0.375009
0.696834,0.458069,1.14123,-0.061087,-0.939831,-0.336135,0.373999,0.290678,-0.880699,0.925415,-0.179513,0.333739
0.696834,0.364014,1.14018,-0.061087,-0.768187,-0.637305,0.373999,0.574364,-0.728169,0.925415,-0.282833,0.252215
0.735794,0.462764,1.18163,-0.384024,-0.695818,-0.606929,0.43619,0.44264,-0.783459,0.813796,-0.565603,0.133525
0.735794,0.354607,1.17976,-0.384024,-0.446273,-0.80831,0.43619,0.683904,-0.584819,0.813796,-0.577161,-0.0679755
0.735794,0.253613,1.141,-0.384024,-0.142901,-0.912198,0.43619,0.84268,-0.315641,0.813796,-0.519105,-0.261277
0.735794,0.171965,1.07005,-0.384024,0.177707,-0.906061,0.43619,0.899816,-0.00839254,0.813796,-0.398437,-0.423064
0.735794,0.119509,0.975443,-0.384024,0.476881,-0.790639,0.43619,0.84842,0.299869,0.813796,-0.229712,-0.533824
0.735794,0.102574,0.868603,-0.384024,0.718536,-0.579855,0.43619,0.694693,0.571961,0.813796,-0.0332802,-0.580197
0.735794,0.123201,0.762415,-0.384024,0.873525,-0.299132,0.43619,0.457176,0.775067,0.813796,0.167166,-0.556589
0.735794,0.178902,0.669685,-0.384024,0.923154,0.0176711,0.43619,0.164516,0.884688,0.813796,0.347449,-0.465849
0.735794,0.26296,0.601599,-0.384024,0.861437,0.332343,0.43619,-0.147986,0.887603,0.813796,0.485825,-0.31892
0.735794,0.365236,0.566368,-0.384024,0.695818,0.606929,0.43619,-0.44264,0.783459,0.813796,0.565603,-0.133525
0.735794,0.473393,0.568242,-0.384024,0.446273,0.80831,0.43619,-0.683904,0.584819,0.813796,0.577161,0.0679755
0.735794,0.574387,0.606995,-0.384024,0.142901,0.912198,0.43619,-0.84268,0.315641,0.813796,0.519105,0.261277
0.735794,0.656035,0.677953,-0.384024,-0.177707,0.906061,0.43619,-0.899816,0.00839254,0.813796,0.398437,0.423064
0.735794,0.708491,0.772557,-0.384024,-0.476881,0.790639,0.43619,-0.84842,-0.299869,0.813796,0.229712,0.533824
0.735794,0.725426,0.879397,-0.384024,-0.718536,0.579855,0.43619,-0.694693,-0.571961,0.813796,0.0332802,0.580197
0.735794,0.704799,0.985585,-0.384024,-0.873525,0.299132,0.43619,-0.457176,-0.775067,0.813796,-0.167166,0.556589
0.735794,0.649098,1.07831,-0.384024,-0.923154,-0.0176711,0.43619,-0.164516,-0.884688,0.813796,-0.347449,0.465849
0.735794,0.56504,1.1464,-0.384024,-0.861437,-0.332343,0.43619,0.147986,-0.887603,0.813796,-0.485825,0.31892
0.735794,0.462764,1.18163,-0.384024,-0.695818,-0.606929,0.43619,0.44264,-0.783459,0.813796,-0.565603,0.133525
0.809034,0.543272,1.21542,-0.660642,-0.525971,-0.535637,0.44577,0.299246,-0.843647,0.604021,-0.79612,0.0367679
0.809034,0.418702,1.23905,-0.660642,-0.311052,-0.683227,0.44577,0.569743,-0.690421,0.604021,-0.760683,-0.237738
0.809034,0.293564,1.21864,-0.660642,-0.0586162,-0.748409,0.44577,0.771522,-0.45392,0.604021,-0.633497,-0.48357
0.809034,0.182954,1.15666,-0.660642,0.20089,-0.723323,0.44577,0.880243,-0.162669,0.604021,-0.429902,-0.671076
0.809034,0.10021,1.0606,-0.660642,0.436166,-0.610993,0.44577,0.882794,0.148202,0.604021,-0.174454,-0.77764
0.809034,0.0553148,0.94202,-0.660642,0.618833,-0.424968,0.44577,0.778867,0.441197,0.604021,0.102035,-0.79041
0.809034,0.053682,0.81524,-0.660642,0.726861,-0.187686,0.44577,0.580997,0.680978,0.604021,0.366218,-0.707844
0.809034,0.0955088,0.695548,-0.660642,0.747218,0.0722343,0.44577,0.313051,0.838623,0.604021,0.586229,-0.539902
0.809034,0.17575,0.59738,-0.660642,0.67745,0.323442,0.44577,0.00734539,0.895117,0.604021,0.735532,-0.306839
0.809034,0.284728,0.532576,-0.660642,0.525971,0.535637,0.44577,-0.299246,0.843647,0.604021,0.79612,-0.0367679
0.809034,0.409298,0.508952,-0.660642,0.311052,0.683227,0.44577,-0.569743,0.690421,0.604021,0.760683,0.237738
0.809034,0.534436,0.52936,-0.660642,0.0586162,0.748409,0.44577,-0.771522,0.45392,0.604021,0.633497,0.48357
0.809034,0.645046,0.591335,-0.660642,-0.20089,0.723323,0.44577,-0.880243,0.162669,0.604021,0.429902,0.671076
0.809034,0.72779,0.687405,-0.660642,-0.436166,0.610993,0.44577,-0.882794,-0.148202,0.604021,0.174454,0.77764
0.809034,0.772685,0.80598,-0.660642,-0.618833,0.424968,0.44577,-0.778867,-0.441197,0.604021,-0.102035,0.79041
0.809034,0.774318,0.93276,-0.660642,-0.726861,0.187686,0.44577,-0.580997,-0.680978,0.604021,-0.366218,0.707844
0.809034,0.732491,1.05245,-0.660642,-0.747218,-0.0722343,0.44577,-0.313051,-0.838623,0.604021,-0.586229,0.539902
0.809034,0.65225,1.15062,-0.660642,-0.67745,-0.323442,0.44577,-0.00734539,-0.895117,0.604021,-0.735532,0.306839
0.809034,0.543272,1.21542,-0.660642,-0.525971,-0.535637,0.44577,0.299246,-0.843647,0.604021,-0.79612,0.0367679
0.90772,0.595827,1.23748,-0.857576,-0.279131,-0.432029,0.401584,0.161478,-0.901474,0.321392,-0.946578,-0.0263857
0.90772,0.460542,1.27775,-0.857576,-0.114535,-0.501442,0.401584,0.460062,-0.79188,0.321392,-0.880468,-0.348543
0.90772,0.319644,1.26932,-0.857576,0.063876,-0.510375,0.401584,0.703156,-0.586773,0.321392,-0.708161,-0.628661
0.90772,0.190127,1.21321,-0.857576,0.234582,-0.457749,0.401584,0.861438,-0.310893,0.321392,-0.450439,-0.832954
0.90772,0.0876122,1.11618,-0.857576,0.376994,-0.349911,0.401584,0.915819,0.00248585,0.321392,-0.138387,-0.93678
0.90772,0.0244644,0.989946,-0.857576,0.473936,-0.199869,0.401584,0.859738,0.315564,0.321392,0.190356,-0.927616
0.90772,0.00830039,0.849725,-0.857576,0.513713,-0.0257201,0.401584,0.69996,0.590581,0.321392,0.49614,-0.806568
0.90772,0.0410697,0.712431,-0.857576,0.491529,0.151531,0.401584,0.455757,0.794365,0.321392,0.742082,-0.588236
0.90772,0.11882,0.594625,-0.857576,0.41006,0.310506,0.401584,0.156582,0.902337,0.321392,0.898517,-0.298954
0.90772,0.232173,0.510516,-0.857576,0.279131,0.432029,0.401584,-0.161478,0.901474,0.321392,0.946578,0.0263857
0.90772,0.367458,0.470249,-0.857576,0.114535,0.501442,0.401584,-0.460062,0.79188,0.321392,0.880468,0.348543
0.90772,0.508356,0.478679,-0.857576,-0.063876,0.510375,0.401584,-0.703156,0.586773,0.321392,0.708161,0.628661
0.90772,0.637873,0.534792,-0.857576,-0.234582,0.457749,0.401584,-0.861438,0.310893,0.321392,0.450439,0.832954
0.90772,0.740388,0.631817,-0.857576,-0.376994,0.349911,0.401584,-0.915819,-0.00248585,0.321392,0.138387,0.93678
0.90772,0.803536,0.758054,-0.857576,-0.473936,0.199869,0.401584,-0.859738,-0.315564,0.321392,-0.190356,0.927616
0.90772,0.8197,0.898275,-0.857576,-0.513713,0.0257201,0.401584,-0.69996,-0.590581,0.321392,-0.49614,0.806568
0.90772,0.78693,1.03557,-0.857576,-0.491529,-0.151531,0.401584,-0.455757,-0.794365,0.321392,-0.742082,0.588236
0.90772,0.70918,1.15337,-0.857576,-0.41006,-0.310506,0.401584,-0.156582,-0.902337,0.321392,-0.898517,0.298954
0.90772,0.595827,1.23748,-0.857576,-0.279131,-0.432029,0.401584,0.161478,-0.901474,0.321392,-0.946578,-0.0263857
0.883612,0.0154777,0.854853,0.961642,-0.0362599,-0.271901,-0.0812368,0.909114,-0.408549,0.262003,0.414967,0.871296
0.883612,0.0460601,0.719705,0.961642,0.0589225,-0.267905,-0.0812368,0.99402,-0.0729757,0.262003,0.0919402,0.960678
0.883612,0.121022,0.603168,0.961642,0.146998,-0.231596,-0.0812368,0.959032,0.2714,0.262003,-0.242176,0.934187
0.883612,0.23132,0.519296,0.961642,0.217343,-0.167352,-0.0812368,0.808371,0.583041,0.262003,-0.547081,0.79502
0.883612,0.363653,0.478207,0.961642,0.261474,-0.0829241,-0.0812368,0.560209,0.824358,0.262003,-0.786001,0.559961
0.883612,0.502059,0.484857,0.961642,0.274067,0.0115061,-0.0812368,0.244477,0.966246,0.262003,-0.930117,0.257363
0.883612,0.629843,0.538443,0.961642,0.253603,0.104549,-0.0812368,-0.100743,0.99159,0.262003,-0.962048,-0.0762765
0.883612,0.731593,0.632502,0.961642,0.202551,0.184981,-0.0812368,-0.433811,0.897334,0.262003,-0.877941,-0.400716
0.883612,0.795037,0.755689,0.961642,0.127069,0.243102,-0.0812368,-0.714555,0.694846,0.262003,-0.687942,-0.676824
0.883612,0.812522,0.893147,0.961642,0.0362599,0.271901,-0.0812368,-0.909114,0.408549,0.262003,-0.414967,-0.871296
0.883612,0.78194,1.02829,0.961642,-0.0589225,0.267905,-0.0812368,-0.99402,0.0729757,0.262003,-0.0919402,-0.960678
0.883612,0.706978,1.14483,0.961642,-0.146998,0.231596,-0.0812368,-0.959032,-0.2714,0.262003,0.242176,-0.934187
0.883612,0.59668,1.2287,0.961642,-0.217343,0.167352,-0.0812368,-0.808371,-0.583041,0.262003,0.547081,-0.79502
0.883612,0.464347,1.26979,0.961642,-0.261474,0.0829241,-0.0812368,-0.560209,-0.824358,0.262003,0.786001,-0.559961
0.883612,0.325941,1.26314,0.961642,-0.274067,-0.0115061,-0.0812368,-0.244477,-0.966246,0.262003,0.930117,-0.257363
0.883612,0.198157,1.20956,0.961642,-0.253603,-0.104549,-0.0812368,0.100743,-0.99159,0.262003,0.962048,0.0762765
0.883612,0.0964069,1.1155,0.961642,-0.202551,-0.184981,-0.0812368,0.433811,-0.897334,0.262003,0.877941,0.400716
0.883612,0.032963,0.992311,0.961642,-0.127069,-0.243102,-0.0812368,0.714555,-0.694846,0.262003,0.687942,0.676824
0.883612,0.0154777,0.854853,0.961642,-0.0362599,-0.271901,-0.0812368,0.909114,-0.408549,0.262003,0.414967,0.871296
0.763622,0.0793357,0.881657,0.856221,-0.331818,-0.395958,0.156285,0.896912,-0.413671,0.492403,0.292311,0.819813
0.763622,0.0968996,0.766733,0.856221,-0.176381,-0.485568,0.156285,0.984305,-0.0819617,0.492403,-0.00570984,0.870348
0.763622,0.15271,0.664747,0.856221,0.000329972,-0.51661,0.156285,0.952977,0.259633,0.492403,-0.303042,0.815907
0.763622,0.240037,0.588001,0.856221,0.177001,-0.485342,0.156285,0.806706,0.569913,0.492403,-0.563823,0.663055
0.763622,0.348346,0.54575,0.856221,0.332323,-0.395534,0.156285,0.563134,0.811453,0.492403,-0.756599,0.430229
0.763622,0.464573,0.54309,0.856221,0.447562,-0.258019,0.156285,0.251639,0.955119,0.492403,-0.858117,0.145511
0.763622,0.574701,0.580344,0.856221,0.508819,-0.0893835,0.156285,-0.0902063,0.983584,0.492403,-0.856134,-0.156758
0.763622,0.665446,0.653016,0.856221,0.508704,0.0900334,0.156285,-0.421172,0.893414,0.492403,-0.750889,-0.440119
0.763622,0.725863,0.752343,0.856221,0.447233,0.258591,0.156285,-0.701338,0.695486,0.492403,-0.555075,-0.670396
0.763622,0.748664,0.866343,0.856221,0.331818,0.395958,0.156285,-0.896912,0.413671,0.492403,-0.292311,-0.819813
0.763622,0.7311,0.981267,0.856221,0.176381,0.485568,0.156285,-0.984305,0.0819617,0.492403,0.00570984,-0.870348
0.763622,0.67529,1.08325,0.856221,-0.000329972,0.51661,0.156285,-0.952977,-0.259633,0.492403,0.303042,-0.815907
0.763622,0.587963,1.16,0.856221,-0.177001,0.485342,0.156285,-0.806706,-0.569913,0.492403,0.563823,-0.663055
0.763622,0.479654,1.20225,0.856221,-0.332323,0.395534,0.156285,-0.563134,-0.811453,0.492403,0.756599,-0.430229
0.763622,0.363427,1.20491,0.856221,-0.447562,0.258019,0.156285,-0.251639,-0.955119,0.492403,0.858117,-0.145511
0.763622,0.253299,1.16766,0.856221,-0.508819,0.0893835,0.156285,0.0902063,-0.983584,0.492403,0.856134,0.156758
0.763622,0.162554,1.09498,0.856221,-0.508704,-0.0900334,0.156285,0.421172,-0.893414,0.492403,0.750889,0.440119
0.763622,0.102137,0.995657,0.856221,-0.447233,-0.258591,0.156285,0.701338,-0.695486,0.492403,0.555075,0.670396
0.763622,0.0793357,0.881657,0.856221,-0.331818,-0.395958,0.156285,0.896912,-0.413671,0.492403,0.292311,0.819813
0.674556,0.177183,0.922727,0.647527,-0.576305,-0.49858,0.374957,0.81054,-0.449925,0.663413,0.104392,0.740936
0.674556,0.174799,0.838793,0.647527,-0.371026,-0.665619,0.374957,0.915542,-0.14557,0.663413,-0.155318,0.731956
0.674556,0.201266,0.759104,0.647527,-0.120995,-0.752376,0.374957,0.910116,0.176342,0.663413,-0.396295,0.634692
0.674556,0.253392,0.693274,0.647527,0.14363,-0.748385,0.374957,0.794916,0.476985,0.663413,-0.589473,0.460874
0.674556,0.32489,0.649242,0.647527,0.390931,-0.654127,0.374957,0.583838,0.720097,0.663413,-0.711552,0.231469
0.674556,0.407136,0.632319,0.647527,0.591079,-0.480972,0.374957,0.302341,0.876354,0.663413,-0.747807,-0.0258557
0.674556,0.490209,0.644547,0.647527,0.719935,-0.249805,0.374957,-0.0156234,0.92691,0.663413,-0.693865,-0.280061
0.674556,0.564091,0.68445,0.647527,0.761956,0.0114922,0.374957,-0.331703,0.865667,0.663413,-0.556234,-0.500488
0.674556,0.619869,0.747215,0.647527,0.712074,0.271403,0.374957,-0.607775,0.700012,0.663413,-0.351512,-0.660548
0.674556,0.650817,0.825273,0.647527,0.576305,0.49858,0.374957,-0.81054,0.449925,0.663413,-0.104392,-0.740936
0.674556,0.653201,0.909207,0.647527,0.371026,0.665619,0.374957,-0.915542,0.14557,0.663413,0.155318,-0.731956
0.674556,0.626734,0.988896,0.647527,0.120995,0.752376,0.374957,-0.910116,-0.176342,0.663413,0.396295,-0.634692
0.674556,0.574608,1.05473,0.647527,-0.14363,0.748385,0.374957,-0.794916,-0.476985,0.663413,0.589473,-0.460874
0.674556,0.50311,1.09876,0.647527,-0.390931,0.654127,0.374957,-0.583838,-0.720097,0.663413,0.711552,-0.231469
0.674556,0.420864,1.11568,0.647527,-0.591079,0.480972,0.374957,-0.302341,-0.876354,0.663413,0.747807,0.0258557
0.674556,0.337791,1.10345,0.647527,-0.719935,0.249805,0.374957,0.0156234,-0.92691,0.663413,0.693865,0.280061
0.674556,0.263909,1.06355,0.647527,-0.761956,-0.0114922,0.374957,0.331703,-0.865667,0.663413,0.556234,0.500488
0.674556,0.208131,1.00078,0.647527,-0.712074,-0.271403,0.374957,0.607775,-0.700012,0.663413,0.351512,0.660548
0.674556,0.177183,0.922727,0.647527,-0.576305,-0.49858,0.374957,0.81054,-0.449925,0.663413,0.104392,0.740936
0.627155,0.297218,0.973111,0.360731,-0.740233,-0.567387,0.548404,0.660415,-0.512938,0.754404,-0.126124,0.644179
0.627155,0.270363,0.927192,0.360731,-0.501534,-0.786344,0.548404,0.796022,-0.256129,0.754404,-0.33884,0.562193
0.627155,0.260833,0.874857,0.360731,-0.202343,-0.910456,0.548404,0.835617,0.0315727,0.754404,-0.510687,0.412399
0.627155,0.269777,0.822419,0.360731,0.121255,-0.924754,0.548404,0.774425,0.315467,0.754404,-0.620937,0.212863
0.627155,0.296116,0.776203,0.360731,0.430227,-0.827513,0.548404,0.619826,0.561311,0.754404,-0.656294,-0.0123474
0.627155,0.336674,0.741782,0.360731,0.687307,-0.630462,0.548404,0.390466,0.739452,0.754404,-0.612491,-0.236068
0.627155,0.386558,0.723309,0.360731,0.861488,-0.357368,0.548404,0.11401,0.828405,0.754404,-0.494813,-0.431316
0.627155,0.439753,0.723011,0.360731,0.931761,-0.0411694,0.548404,-0.176196,0.81744,0.754404,-0.317454,-0.574541
0.627155,0.489841,0.740924,0.360731,0.889649,0.279994,0.548404,-0.445151,0.70788,0.754404,-0.101804,-0.648467
0.627155,0.530782,0.774889,0.360731,0.740233,0.567387,0.548404,-0.660415,0.512938,0.754404,0.126124,-0.644179
0.627155,0.557637,0.820808,0.360731,0.501534,0.786344,0.548404,-0.796022,0.256129,0.754404,0.33884,-0.562193
0.627155,0.567167,0.873143,0.360731,0.202343,0.910456,0.548404,-0.835617,-0.0315727,0.754404,0.510687,-0.412399
0.627155,0.558223,0.925581,0.360731,-0.121255,0.924754,0.548404,-0.774425,-0.315467,0.754404,0.620937,-0.212863
0.627155,0.531884,0.971797,0.360731,-0.430227,0.827513,0.548404,-0.619826,-0.561311,0.754404,0.656294,0.0123474
0.627155,0.491326,1.00622,0.360731,-0.687307,0.630462,0.548404,-0.390466,-0.739452,0.754404,0.612491,0.236068
0.627155,0.441442,1.02469,0.360731,-0.861488,0.357368,0.548404,-0.11401,-0.828405,0.754404,0.494813,0.431316
0.627155,0.388247,1.02499,0.360731,-0.931761,0.0411694,0.548404,0.176196,-0.81744,0.754404,0.317454,0.574541
0.627155,0.338159,1.00708,0.360731,-0.889649,-0.279994,0.548404,0.445151,-0.70788,0.754404,0.101804,0.648467
0.627155,0.297218,0.973111,0.360731,-0.740233,-0.567387,0.548404,0.660415,-0.512938,0.754404,-0.126124,0.644179
0.627137,0.424963,1.02673,0.0304265,-0.80383,-0.594081,0.655705,0.464644,-0.595111,0.754404,-0.371434,0.541213
0.627137,0.372065,1.02127,0.0304265,-0.552165,-0.833179,0.655705,0.640163,-0.400304,0.754404,-0.53414,0.381535
0.627137,0.324225,0.998045,0.0304265,-0.233902,-0.971784,0.655705,0.738468,-0.157214,0.754404,-0.63242,0.175839
0.627137,0.287213,0.959859,0.0304265,0.112574,-0.993177,0.655705,0.747703,0.104838,0.754404,-0.654421,-0.0510653
0.627137,0.265494,0.911318,0.0304265,0.445472,-0.894779,0.655705,0.666755,0.354245,0.754404,-0.597489,-0.271811
0.627137,0.261686,0.858275,0.0304265,0.724639,-0.688457,0.655705,0.505385,0.560925,0.754404,-0.468491,-0.459772
0.627137,0.27625,0.807129,0.0304265,0.916404,-0.399097,0.655705,0.283059,0.699949,0.754404,-0.282987,-0.592278
0.627137,0.307429,0.764049,0.0304265,0.997637,-0.0615997,0.655705,0.026592,0.754549,0.754404,-0.0633495,-0.653346
0.627137,0.351461,0.73423,0.0304265,0.958541,0.283327,0.655705,-0.233083,0.718139,0.754404,0.163928,-0.635611
0.627137,0.403037,0.72127,0.0304265,0.80383,0.594081,0.655705,-0.464644,0.595111,0.754404,0.371434,-0.541213
0.627137,0.455935,0.726731,0.0304265,0.552165,0.833179,0.655705,-0.640163,0.400304,0.754404,0.53414,-0.381535
0.627137,0.503775,0.749955,0.0304265,0.233902,0.971784,0.655705,-0.738468,0.157214,0.754404,0.63242,-0.175839
0.627137,0.540787,0.788141,0.0304265,-0.112574,0.993177,0.655705,-0.747703,-0.104838,0.754404,0.654421,0.0510653
0.627137,0.562506,0.836682,0.0304265,-0.445472,0.894779,0.655705,-0.666755,-0.354245,0.754404,0.597489,0.271811
0.627137,0.566314,0.889725,0.0304265,-0.724639,0.688457,0.655705,-0.505385,-0.560925,0.754404,0.468491,0.459772
0.627137,0.55175,0.940871,0.0304265,-0.916404,0.399097,0.655705,-0.283059,-0.699949,0.754404,0.282987,0.592278
0.627137,0.520571,0.983951,0.0304265,-0.997637,0.0615997,0.655705,-0.026592,-0.754549,0.754404,0.0633495,0.653346
0.627137,0.476539,1.01377,0.0304265,-0.958541,-0.283327,0.655705,0.233083,-0.718139,0.754404,-0.163928,0.635611
0.627137,0.424963,1.02673,0.0304265,-0.80383,-0.594081,0.655705,0.464644,-0.595111,0.754404,-0.371434,0.541213
0.674504,0.545009,1.07712,-0.303548,-0.759424,-0.575442,0.683918,0.246841,-0.686532,0.663411,-0.60195,0.444456
0.674504,0.467638,1.10968,-0.303548,-0.516813,-0.800477,0.683918,0.466762,-0.560704,0.663411,-0.717661,0.211773
0.674504,0.383797,1.11381,-0.303548,-0.211866,-0.928963,0.683918,0.630385,-0.367247,0.663411,-0.746811,-0.0464534
0.674504,0.303599,1.08902,-0.303548,0.118635,-0.945402,0.683918,0.717974,-0.129495,0.663411,-0.685885,-0.299076
0.674504,0.236717,1.03829,-0.303548,0.434827,-0.847811,0.683918,0.718965,0.123876,0.663411,-0.542231,-0.515627
0.674504,0.191218,0.967748,-0.303548,0.698572,-0.647962,0.683918,0.633238,0.362306,0.663411,-0.333176,-0.669984
0.674504,0.172589,0.885898,-0.303548,0.878059,-0.36996,0.683918,0.471133,0.557036,0.663411,-0.0839348,-0.743532
0.674504,0.183079,0.802613,-0.303548,0.95164,-0.0473345,0.683918,0.252203,0.68458,0.663411,0.17543,-0.727399
0.674504,0.221421,0.727939,-0.303548,0.910438,0.281,0.683918,0.00285305,0.729553,0.663411,0.413636,-0.623531
0.674504,0.282991,0.670881,-0.303548,0.759424,0.575442,0.683918,-0.246841,0.686532,0.663411,0.60195,-0.444456
0.674504,0.360362,0.638323,-0.303548,0.516813,0.800477,0.683918,-0.466762,0.560704,0.663411,0.717661,-0.211773
0.674504,0.444203,0.634191,-0.303548,0.211866,0.928963,0.683918,-0.630385,0.367247,0.663411,0.746811,0.0464534
0.674504,0.524401,0.658983,-0.303548,-0.118635,0.945402,0.683918,-0.717974,0.129495,0.663411,0.685885,0.299076
0.674504,0.591283,0.70971,-0.303548,-0.434827,0.847811,0.683918,-0.718965,-0.123876,0.663411,0.542231,0.515627
0.674504,0.636782,0.780252,-0.303548,-0.698572,0.647962,0.683918,-0.633238,-0.362306,0.663411,0.333176,0.669984
0.674504,0.655411,0.862102,-0.303548,-0.878059,0.36996,0.683918,-0.471133,-0.557036,0.663411,0.0839348,0.743532
0.674504,0.644921,0.945387,-0.303548,-0.95164,0.0473345,0.683918,-0.252203,-0.68458,0.663411,-0.17543,0.727399
0.674504,0.606579,1.02006,-0.303548,-0.910438,-0.281,0.683918,-0.00285305,-0.729553,0.663411,-0.413636,0.623531
0.674504,0.545009,1.07712,-0.303548,-0.759424,-0.575442,0.683918,0.246841,-0.686532,0.663411,-0.60195,0.444456
0.763543,0.642878,1.1182,-0.60091,-0.612372,-0.513718,0.629641,0.0332755,-0.776174,0.492402,-0.789869,0.365579
0.763543,0.545555,1.18175,-0.60091,-0.39974,-0.692181,0.629641,0.296736,-0.717984,0.492402,-0.867269,0.0733808
0.763543,0.432363,1.20819,-0.60091,-0.138893,-0.787157,0.629641,0.524405,-0.573194,0.492402,-0.840064,-0.227668
0.763543,0.316957,1.19431,-0.60091,0.138707,-0.787189,0.629641,0.688824,-0.359269,0.492402,-0.711535,-0.501257
0.763543,0.213256,1.14181,-0.60091,0.399576,-0.692275,0.629641,0.77016,-0.102011,0.492402,-0.497184,-0.714387
0.763543,0.133767,1.057,-0.60091,0.612251,-0.513863,0.629641,0.758604,0.167551,0.492402,-0.222866,-0.841351
0.763543,0.0880791,0.950115,-0.60091,0.751079,-0.273471,0.629641,0.655548,0.416904,0.492402,0.0783337,-0.866836
0.763543,0.0817015,0.834053,-0.60091,0.799316,-9.43426e-05,0.629641,0.473424,0.615973,0.492402,0.370085,-0.787768
0.763543,0.115404,0.72281,-0.60091,0.751144,0.273294,0.629641,0.234198,0.740745,0.492402,0.617199,-0.613683
0.763543,0.185122,0.629802,-0.60091,0.612372,0.513718,0.629641,-0.0332755,0.776174,0.492402,0.789869,-0.365579
0.763543,0.282445,0.566248,-0.60091,0.39974,0.692181,0.629641,-0.296736,0.717984,0.492402,0.867269,-0.0733808
0.763543,0.395637,0.539813,-0.60091,0.138893,0.787157,0.629641,-0.524405,0.573194,0.492402,0.840064,0.227668
0.763543,0.511043,0.553687,-0.60091,-0.138707,0.787189,0.629641,-0.688824,0.359269,0.492402,0.711535,0.501257
0.763543,0.614744,0.606194,-0.60091,-0.399576,0.692275,0.629641,-0.77016,0.102011,0.492402,0.497184,0.714387
0.763543,0.694233,0.691003,-0.60091,-0.612251,0.513863,0.629641,-0.758604,-0.167551,0.492402,0.222866,0.841351
0.763543,0.739921,0.797885,-0.60091,-0.751079,0.273471,0.629641,-0.655548,-0.416904,0.492402,-0.0783337,0.866836
0.763543,0.746298,0.913947,-0.60091,-0.799316,9.43426e-05,0.629641,-0.473424,-0.615973,0.492402,-0.370085,0.787768
0.763543,0.712596,1.02519,-0.60091,-0.751144,-0.273294,0.629641,-0.234198,-0.740745,0.492402,-0.617199,0.613683
0.763543,0.642878,1.1182,-0.60091,-0.612372,-0.513718,0.629641,0.0332755,-0.776174,0.492402,-0.789869,0.365579
0.883514,0.706765,1.14501,-0.825794,-0.380411,-0.416355,0.499419,-0.150293,-0.853225,0.262001,-0.912524,0.314096
0.883514,0.596417,1.2288,-0.825794,-0.215068,-0.521354,0.499419,0.150591,-0.853172,0.262001,-0.964919,-0.0169479
0.883514,0.464067,1.26979,-0.825794,-0.023784,-0.56347,0.499419,0.433311,-0.750215,0.262001,-0.900931,-0.345947
0.883514,0.325678,1.26305,-0.825794,0.170368,-0.537623,0.499419,0.663768,-0.55677,0.262001,-0.728277,-0.633221
0.883514,0.197941,1.20938,-0.825794,0.343972,-0.446931,0.499419,0.814164,-0.296171,0.262001,-0.467782,-0.844118
0.883514,0.0962652,1.11526,-0.825794,0.476087,-0.302333,0.499419,0.86636,0.000150995,0.262001,-0.150866,-0.953203
0.883514,0.0329125,0.992035,-0.825794,0.55078,-0.121268,0.499419,0.814061,0.296455,0.262001,0.184247,-0.947317
0.883514,0.0155245,0.854577,-0.825794,0.55904,0.0744229,0.499419,0.663574,0.557001,0.262001,0.497137,-0.82717
0.883514,0.0461986,0.719462,-0.825794,0.499871,0.261137,0.499419,0.433049,0.750366,0.262001,0.750065,-0.607255
0.883514,0.121235,0.602986,-0.825794,0.380411,0.416355,0.499419,0.150293,0.853225,0.262001,0.912524,-0.314096
0.883514,0.231583,0.519199,-0.825794,0.215068,0.521354,0.499419,-0.150591,0.853172,0.262001,0.964919,0.0169479
0.883514,0.363933,0.478205,-0.825794,0.023784,0.56347,0.499419,-0.433311,0.750215,0.262001,0.900931,0.345947
0.883514,0.502322,0.484951,-0.825794,-0.170368,0.537623,0.499419,-0.663768,0.55677,0.262001,0.728277,0.633221
0.883514,0.630059,0.538622,-0.825794,-0.343972,0.446931,0.499419,-0.814164,0.296171,0.262001,0.467782,0.844118
0.883514,0.731735,0.632744,-0.825794,-0.476087,0.302333,0.499419,-0.86636,-0.000150995,0.262001,0.150866,0.953203
0.883514,0.795088,0.755965,-0.825794,-0.55078,0.121268,0.499419,-0.814061,-0.296455,0.262001,-0.184247,0.947317
0.883514,0.812475,0.893423,-0.825794,-0.55904,-0.0744229,0.499419,-0.663574,-0.557001,0.262001,-0.497137,0.82717
0.883514,0.781801,1.02854,-0.825794,-0.499871,-0.261137,0.499419,-0.433049,-0.750366,0.262001,-0.750065,0.607255
0.883514,0.706765,1.14501,-0.825794,-0.380411,-0.416355,0.499419,-0.150293,-0.853225,0.262001,-0.912524,0.314096
0.875863,0.051839,0.713214,0.985232,-0.00831132,-0.171025,-0.00862081,0.995147,-0.0980233,0.17101,0.09805,0.980378
0.875863,0.128672,0.599044,0.985232,0.0506841,-0.163554,-0.00862081,0.968658,0.248248,0.17101,-0.243172,0.954789
0.875863,0.23992,0.518038,0.985232,0.103566,-0.136355,-0.00862081,0.825335,0.564578,0.17101,-0.555064,0.814039
0.875863,0.372164,0.479966,0.985232,0.143957,-0.0927105,-0.00862081,0.582464,0.812811,0.17101,-0.800008,0.575103
0.875863,0.509455,0.489421,0.985232,0.166984,-0.0378833,-0.00862081,0.26934,0.963007,0.17101,-0.948458,0.266801
0.875863,0.635232,0.545261,0.985232,0.16987,0.0215132,-0.00862081,-0.0762713,0.99705,0.17101,-0.98251,-0.0736805
0.875863,0.734325,0.640752,0.985232,0.152268,0.0783149,-0.00862081,-0.412683,0.910834,0.17101,-0.898058,-0.405275
0.875863,0.794783,0.764377,0.985232,0.1163,0.125671,-0.00862081,-0.699319,0.714758,0.17101,-0.705286,-0.687988
0.875863,0.809312,0.901223,0.985232,0.0663042,0.157869,-0.00862081,-0.901606,0.432472,0.17101,-0.427446,-0.887719
0.875863,0.776161,1.03479,0.985232,0.00831132,0.171025,-0.00862081,-0.995147,0.0980233,0.17101,-0.09805,-0.980378
0.875863,0.699328,1.14896,0.985232,-0.0506841,0.163554,-0.00862081,-0.968658,-0.248248,0.17101,0.243172,-0.954789
0.875863,0.58808,1.22996,0.985232,-0.103566,0.136355,-0.00862081,-0.825335,-0.564578,0.17101,0.555064,-0.814039
0.875863,0.455836,1.26803,0.985232,-0.143957,0.0927105,-0.00862081,-0.582464,-0.812811,0.17101,0.800008,-0.575103
0.875863,0.318545,1.25858,0.985232,-0.166984,0.0378833,-0.00862081,-0.26934,-0.963007,0.17101,0.948458,-0.266801
0.875863,0.192768,1.20274,0.985232,-0.16987,-0.0215132,-0.00862081,0.0762713,-0.99705,0.17101,0.98251,0.0736805
0.875863,0.0936747,1.10725,0.985232,-0.152268,-0.0783149,-0.00862081,0.412683,-0.910834,0.17101,0.898058,0.405275
0.875863,0.0332173,0.983623,0.985232,-0.1163,-0.125671,-0.00862081,0.699319,-0.714758,0.17101,0.705286,0.687988
0.875863,0.0186879,0.846777,0.985232,-0.0663042,-0.157869,-0.00862081,0.901606,-0.432472,0.17101,0.427446,0.887719
0.875863,0.051839,0.713214,0.985232,-0.00831132,-0.171025,-0.00862081,0.995147,-0.0980233,0.17101,0.09805,0.980378
0.749059,0.119325,0.74154,0.900555,-0.314913,-0.299718,0.292759,0.94895,-0.117414,0.321393,0.0179925,0.946775
0.749059,0.1824,0.648744,0.900555,-0.193411,-0.389349,0.292759,0.931879,0.214227,0.321393,-0.306909,0.895831
0.749059,0.273409,0.583116,0.900555,-0.048582,-0.432019,0.292759,0.80241,0.520029,0.321393,-0.594792,0.736837
0.749059,0.381376,0.552574,0.900555,0.102107,-0.422582,0.292759,0.576158,0.763108,0.321393,-0.810935,0.488969
0.749059,0.493277,0.5608,0.900555,0.240481,-0.362174,0.292759,0.280414,0.914145,0.321393,-0.929267,0.182125
0.749059,0.595617,0.606803,0.900555,0.349849,-0.258083,0.292759,-0.0491534,0.954922,0.321393,-0.935516,-0.146687
0.749059,0.676051,0.685034,0.900555,0.41702,-0.122863,0.292759,-0.372792,0.880522,0.321393,-0.828927,-0.457806
0.749059,0.724878,0.786056,0.900555,0.433892,0.0271755,0.292759,-0.651466,0.699918,0.321393,-0.622358,-0.713706
0.749059,0.736208,0.897686,0.900555,0.398431,0.173936,0.292759,-0.851563,0.434893,0.321393,-0.340724,-0.883524
0.749059,0.708675,1.00646,0.900555,0.314913,0.299718,0.292759,-0.94895,0.117414,0.321393,-0.0179925,-0.946775
0.749059,0.6456,1.09926,0.900555,0.193411,0.389349,0.292759,-0.931879,-0.214227,0.321393,0.306909,-0.895831
0.749059,0.554591,1.16488,0.900555,0.048582,0.432019,0.292759,-0.80241,-0.520029,0.321393,0.594792,-0.736837
0.749059,0.446624,1.19543,0.900555,-0.102107,0.422582,0.292759,-0.576158,-0.763108,0.321393,0.810935,-0.488969
0.749059,0.334723,1.1872,0.900555,-0.240481,0.362174,0.292759,-0.280414,-0.914145,0.321393,0.929267,-0.182125
0.749059,0.232383,1.1412,0.900555,-0.349849,0.258083,0.292759,0.0491534,-0.954922,0.321393,0.935516,0.146687
0.749059,0.151949,1.06297,0.900555,-0.41702,0.122863,0.292759,0.372792,-0.880522,0.321393,0.828927,0.457806
0.749059,0.103122,0.961944,0.900555,-0.433892,-0.0271755,0.292759,0.651466,-0.699918,0.321393,0.622358,0.713706
0.749059,0.091792,0.850314,0.900555,-0.398431,-0.173936,0.292759,0.851563,-0.434893,0.321393,0.340724,0.883524
0.749059,0.119325,0.74154,0.900555,-0.314913,-0.299718,0.292759,0.94895,-0.117414,0.321393,0.0179925,0.946775
0.654934,0.22273,0.784944,0.707258,-0.57632,-0.409441,0.558827,0.810495,-0.175529,0.433011,-0.104663,0.895292
0.654934,0.264724,0.724896,0.707258,-0.401526,-0.581862,0.558827,0.82165,0.112262,0.433011,-0.404558,0.805502
0.654934,0.324723,0.682833,0.707258,-0.178303,-0.684101,0.558827,0.733703,0.386513,0.433011,-0.655659,0.618558
0.654934,0.39549,0.663827,0.707258,0.0664265,-0.703828,0.558827,0.55726,0.614144,0.433011,-0.827677,0.357006
0.654934,0.46849,0.670172,0.707258,0.303144,-0.638663,0.558827,0.313603,0.767701,0.433011,-0.899865,0.0523934
0.654934,0.534917,0.701101,0.707258,0.503298,-0.496465,0.558827,0.0321216,0.828662,0.433011,-0.863516,-0.258538
0.654934,0.58676,0.752884,0.707258,0.642746,-0.294387,0.558827,-0.253235,0.789673,0.433011,-0.723014,-0.538286
0.654934,0.617765,0.819275,0.707258,0.70467,-0.0568011,0.558827,-0.508047,0.655439,0.433011,-0.495306,-0.753109
0.654934,0.624194,0.892267,0.707258,0.6816,0.187636,0.558827,-0.701581,0.442149,0.433011,-0.207857,-0.877096
0.654934,0.60527,0.963056,0.707258,0.57632,0.409441,0.558827,-0.810495,0.175529,0.433011,0.104663,-0.895292
0.654934,0.563276,1.0231,0.707258,0.401526,0.581862,0.558827,-0.82165,-0.112262,0.433011,0.404558,-0.805502
0.654934,0.503277,1.06517,0.707258,0.178303,0.684101,0.558827,-0.733703,-0.386513,0.433011,0.655659,-0.618558
0.654934,0.43251,1.08417,0.707258,-0.0664265,0.703828,0.558827,-0.55726,-0.614144,0.433011,0.827677,-0.357006
0.654934,0.35951,1.07783,0.707258,-0.303144,0.638663,0.558827,-0.313603,-0.767701,0.433011,0.899865,-0.0523934
0.654934,0.293083,1.0469,0.707258,-0.503298,0.496465,0.558827,-0.0321216,-0.828662,0.433011,0.863516,0.258538
0.654934,0.24124,0.995116,0.707258,-0.642746,0.294387,0.558827,0.253235,-0.789673,0.433011,0.723014,0.538286
0.654934,0.210235,0.928725,0.707258,-0.70467,0.0568011,0.558827,0.508047,-0.655439,0.433011,0.495306,0.753109
