0.658953,0.443573,1.19021,0.308961,0.852562,-0.421523,0.951075,-0.27696,0.13693,-3.49349e-06,-0.443206,-0.89642
0.907818,0.187925,1.36903,0.92986,-0.331256,-0.160096,-0.179072,-0.0273655,-0.983455,0.321394,0.943144,-0.0847648
0.907818,0.0695926,1.29207,0.92986,-0.256523,-0.263737,-0.179072,0.310646,-0.933505,0.321394,0.915257,0.242921
0.907818,-0.0152804,1.17927,0.92986,-0.150849,-0.335568,-0.179072,0.61119,-0.770961,0.321394,0.776976,0.541308
0.907818,-0.0564571,1.04425,0.92986,-0.026981,-0.366924,-0.179072,0.838015,-0.515427,0.321394,0.54498,0.774404
0.907818,-0.0489709,0.903291,0.92986,0.100142,-0.354024,-0.179072,0.963762,-0.197725,0.321394,0.247252,0.914096
0.907818,0.00627529,0.773392,0.92986,0.215186,-0.298423,-0.179072,0.973266,0.143825,0.321394,-0.0802982,0.943535
0.907818,0.102618,0.670222,0.92986,0.304275,-0.206828,-0.179072,0.86538,0.468028,0.321394,-0.398163,0.859169
0.907818,0.228437,0.606225,0.92986,0.356664,-0.0902868,-0.179072,0.653116,0.73578,0.321394,-0.668004,0.671175
0.907818,0.368556,0.58912,0.92986,0.366035,0.0371446,-0.179072,0.362077,0.914786,0.321394,-0.857274,0.402227
0.907818,0.506075,0.62097,0.92986,0.331256,0.160096,-0.179072,0.0273655,0.983455,0.321394,-0.943144,0.0847648
0.907818,0.624407,0.697933,0.92986,0.256523,0.263737,-0.179072,-0.310646,0.933505,0.321394,-0.915257,-0.242921
0.907818,0.70928,0.810728,0.92986,0.150849,0.335568,-0.179072,-0.61119,0.770961,0.321394,-0.776976,-0.541308
0.907818,0.750457,0.945748,0.92986,0.026981,0.366924,-0.179072,-0.838015,0.515427,0.321394,-0.54498,-0.774404
0.907818,0.742971,1.08671,0.92986,-0.100142,0.354024,-0.179072,-0.963762,0.197725,0.321394,-0.247252,-0.914096
0.907818,0.687725,1.21661,0.92986,-0.215186,0.298423,-0.179072,-0.973266,-0.143825,0.321394,0.0802982,-0.943535
0.907818,0.591382,1.31978,0.92986,-0.304275,0.206828,-0.179072,-0.86538,-0.468028,0.321394,0.398163,-0.859169
0.907818,0.465563,1.38378,0.92986,-0.356664,0.0902868,-0.179072,-0.653116,-0.73578,0.321394,0.668004,-0.671175
0.907818,0.325444,1.40088,0.92986,-0.366035,-0.0371446,-0.179072,-0.362077,-0.914786,0.321394,0.857274,-0.402227
0.907818,0.187925,1.36903,0.92986,-0.331256,-0.160096,-0.179072,-0.0273655,-0.983455,0.321394,0.943144,-0.0847648
0.809114,0.23899,1.34378,0.796489,-0.604128,-0.0251826,-0.0275851,0.00529936,-0.999605,0.604023,0.79687,-0.012444
0.809114,0.126213,1.28581,0.796489,-0.559081,-0.230288,-0.0275851,0.346865,-0.937509,0.604023,0.753069,0.260852
0.809114,0.0400666,1.19276,0.796489,-0.446602,-0.407617,-0.0275851,0.646594,-0.762336,0.604023,0.618437,0.502685
0.809114,-0.00905946,1.07585,0.796489,-0.280255,-0.535781,-0.0275851,0.868333,-0.495213,0.604023,0.409212,0.683888
0.809114,-0.0152395,0.949197,0.796489,-0.0801056,-0.599323,-0.0275851,0.985339,-0.168361,0.604023,0.15063,0.782603
0.809114,0.022272,0.828066,0.796489,0.129706,-0.590577,-0.0275851,0.983499,0.178799,0.604023,-0.12612,0.786924
0.809114,0.0989504,0.727069,0.796489,0.323873,-0.510599,-0.0275851,0.863034,0.504392,0.604023,-0.387658,0.696332
0.809114,0.205547,0.65839,0.796489,0.478976,-0.369035,-0.0275851,0.638474,0.769149,0.604023,-0.602439,0.521751
0.809114,0.329205,0.63031,0.796489,0.576307,-0.18296,-0.0275851,0.336905,0.941134,0.604023,-0.744557,0.284239
0.809114,0.45501,0.646217,0.796489,0.604128,0.0251826,-0.0275851,-0.00529936,0.999605,0.604023,-0.79687,0.012444
0.809114,0.567787,0.704193,0.796489,0.559081,0.230288,-0.0275851,-0.346865,0.937509,0.604023,-0.753069,-0.260852
0.809114,0.653933,0.797244,0.796489,0.446602,0.407617,-0.0275851,-0.646594,0.762336,0.604023,-0.618437,-0.502685
0.809114,0.703059,0.914148,0.796489,0.280255,0.535781,-0.0275851,-0.868333,0.495213,0.604023,-0.409212,-0.683888
0.809114,0.709239,1.0408,0.796489,0.0801056,0.599323,-0.0275851,-0.985339,0.168361,0.604023,-0.15063,-0.782603
0.809114,0.671728,1.16193,0.796489,-0.129706,0.590577,-0.0275851,-0.983499,-0.178799,0.604023,0.12612,-0.786924
0.809114,0.59505,1.26293,0.796489,-0.323873,0.510599,-0.0275851,-0.863034,-0.504392,0.604023,0.387658,-0.696332
0.809114,0.488453,1.33161,0.796489,-0.478976,0.369035,-0.0275851,-0.638474,-0.769149,0.604023,0.602439,-0.521751
0.809114,0.364795,1.35969,0.796489,-0.576307,0.18296,-0.0275851,-0.336905,-0.941134,0.604023,0.744557,-0.284239
0.809114,0.23899,1.34378,0.796489,-0.604128,-0.0251826,-0.0275851,0.00529936,-0.999605,0.604023,0.79687,-0.012444
0.735846,0.317238,1.3051,0.567051,-0.819653,0.0813772,0.127229,-0.0104507,-0.991818,0.813797,0.572765,0.0983578
0.735846,0.212974,1.27622,0.567051,-0.798054,-0.203868,0.127229,0.329401,-0.935579,0.813797,0.504583,0.288323
0.735846,0.124875,1.21342,0.567051,-0.680199,-0.464524,0.127229,0.629523,-0.766494,0.813797,0.37554,0.443513
0.735846,0.0635682,1.12427,0.567051,-0.480301,-0.669152,0.127229,0.853714,-0.50496,0.813797,0.201202,0.545208
0.735846,0.0364474,1.01954,0.567051,-0.222472,-0.79307,0.127229,0.974936,-0.182519,0.813797,0.00259612,0.581143
0.735846,0.0467837,0.911842,0.567051,0.0621903,-0.821332,0.127229,0.978565,0.161936,0.813797,-0.196323,0.546984
0.735846,0.0933306,0.814177,0.567051,0.339352,-0.750529,0.127229,0.864165,0.486859,0.813797,-0.371563,0.44685
0.735846,0.170474,0.738322,0.567051,0.575582,-0.589201,0.127229,0.645534,0.753059,0.813797,-0.501987,0.29282
0.735846,0.268909,0.693426,0.567051,0.742389,-0.356807,0.127229,0.349042,0.92843,0.813797,-0.571863,0.103471
0.735846,0.376762,0.684905,0.567051,0.819653,-0.0813772,0.127229,0.0104507,0.991818,0.813797,-0.572765,-0.0983578
0.735846,0.481026,0.713785,0.567051,0.798054,0.203868,0.127229,-0.329401,0.935579,0.813797,-0.504583,-0.288323
0.735846,0.569125,0.776584,0.567051,0.680199,0.464524,0.127229,-0.629523,0.766494,0.813797,-0.37554,-0.443513
0.735846,0.630432,0.865727,0.567051,0.480301,0.669152,0.127229,-0.853714,0.50496,0.813797,-0.201202,-0.545208
0.735846,0.657553,0.970463,0.567051,0.222472,0.79307,0.127229,-0.974936,0.182519,0.813797,-0.00259612,-0.581143
0.735846,0.647216,1.07816,0.567051,-0.0621903,0.821332,0.127229,-0.978565,-0.161936,0.813797,0.196323,-0.546984
0.735846,0.600669,1.17582,0.567051,-0.339352,0.750529,0.127229,-0.864165,-0.486859,0.813797,0.371563,-0.44685
0.735846,0.523526,1.25168,0.567051,-0.575582,0.589201,0.127229,-0.645534,-0.753059,0.813797,0.501987,-0.29282
0.735846,0.425091,1.29657,0.567051,-0.742389,0.356807,0.127229,-0.349042,-0.92843,0.813797,0.571863,-0.103471
0.735846,0.317238,1.3051,0.567051,-0.819653,0.0813772,0.127229,-0.0104507,-0.991818,0.813797,0.572765,0.0983578
0.696852,0.413229,1.25764,0.269218,-0.951836,0.146731,0.266698,-0.0727159,-0.961033,0.925416,0.29786,0.234276
0.696852,0.319409,1.26445,0.269218,-0.944618,-0.187665,0.266698,0.260362,-0.927946,0.925416,0.19977,0.322022
0.696852,0.228916,1.23876,0.269218,-0.823466,-0.499426,0.266698,0.562037,-0.782935,0.925416,0.0775842,0.370927
0.696852,0.152666,1.18367,0.269218,-0.602991,-0.750949,0.266698,0.795921,-0.54349,0.925416,-0.0539591,0.375093
0.696852,0.0998554,1.10583,0.269218,-0.309787,-0.911896,0.266698,0.933806,-0.238493,0.925416,-0.178994,0.334017
0.696852,0.0768542,1.01462,0.269218,0.0207826,-0.962855,0.266698,0.95906,0.0952704,0.925416,-0.28244,0.252653
0.696852,0.0864365,0.921039,0.269218,0.348845,-0.89768,0.266698,0.868637,0.417543,0.925416,-0.351819,0.140816
0.696852,0.127447,0.836381,0.269218,0.634832,-0.724231,0.266698,0.673444,0.689453,0.925416,-0.378764,0.0119948
0.696852,0.194938,0.770855,0.269218,0.844248,-0.463429,0.266698,0.397023,0.878205,0.925416,-0.360024,-0.118273
0.696852,0.280771,0.732365,0.269218,0.951836,-0.146731,0.266698,0.0727159,0.961033,0.925416,-0.29786,-0.234276
0.696852,0.374591,0.725552,0.269218,0.944618,0.187665,0.266698,-0.260362,0.927946,0.925416,-0.19977,-0.322022
0.696852,0.465084,0.751238,0.269218,0.823466,0.499426,0.266698,-0.562037,0.782935,0.925416,-0.0775842,-0.370927
0.696852,0.541334,0.806326,0.269218,0.602991,0.750949,0.266698,-0.795921,0.54349,0.925416,0.0539591,-0.375093
0.696852,0.594145,0.884171,0.269218,0.309787,0.911896,0.266698,-0.933806,0.238493,0.925416,0.178994,-0.334017
0.696852,0.617146,0.975383,0.269218,-0.0207826,0.962855,0.266698,-0.95906,-0.0952704,0.925416,0.28244,-0.252653
0.696852,0.607563,1.06896,0.269218,-0.348845,0.89768,0.266698,-0.868637,-0.417543,0.925416,0.351819,-0.140816
0.696852,0.566553,1.15362,0.269218,-0.634832,0.724231,0.266698,-0.673444,-0.689453,0.925416,0.378764,-0.0119948
0.696852,0.499062,1.21914,0.269218,-0.844248,0.463429,0.266698,-0.397023,-0.878205,0.925416,0.360024,0.118273
0.696852,0.413229,1.25764,0.269218,-0.951836,0.146731,0.266698,-0.0727159,-0.961033,0.925416,0.29786,0.234276
0.696834,0.515388,1.20713,-0.061087,-0.984734,0.162996,0.373999,-0.173986,-0.910963,0.925415,0.00531243,0.378918
0.696834,0.432681,1.25193,-0.061087,-0.981095,-0.183632,0.373999,0.148074,-0.915532,0.925415,-0.124605,0.357883
0.696834,0.33964,1.26574,-0.061087,-0.859122,-0.508112,0.373999,0.452275,-0.809674,0.925415,-0.239494,0.293682
0.696834,0.247487,1.24689,-0.061087,-0.633526,-0.771306,0.373999,0.701924,-0.606158,0.925415,-0.325496,0.194059
0.696834,0.167337,1.19766,-0.061087,-0.331517,-0.941469,0.373999,0.866911,-0.32953,0.925415,-0.372238,0.0710301
0.696834,0.108856,1.12399,-0.061087,0.0104771,-0.998077,0.373999,0.927336,-0.013156,0.925415,-0.374083,-0.0605666
0.696834,0.0790995,1.03476,-0.061087,0.351208,-0.934303,0.373999,0.87591,0.304805,0.925415,-0.330808,-0.184858
0.696834,0.0816555,0.940739,-0.061087,0.649578,-0.757837,0.373999,0.718837,0.586002,0.925415,-0.247633,-0.286853
0.696834,0.116216,0.853259,-0.061087,0.869599,-0.489965,0.373999,0.475061,0.796518,0.925415,-0.134589,-0.354249
0.696834,0.178612,0.782874,-0.061087,0.984734,-0.162996,0.373999,0.173986,0.910963,0.925415,-0.00531243,-0.378918
0.696834,0.261319,0.738075,-0.061087,0.981095,0.183632,0.373999,-0.148074,0.915532,0.925415,0.124605,-0.357883
0.696834,0.35436,0.724264,-0.061087,0.859122,0.508112,0.373999,-0.452275,0.809674,0.925415,0.239494,-0.293682
0.696834,0.446513,0.743109,-0.061087,0.633526,0.771306,0.373999,-0.701924,0.606158,0.925415,0.325496,-0.194059
0.696834,0.526663,0.792335,-0.061087,0.331517,0.941469,0.373999,-0.866911,0.32953,0.925415,0.372238,-0.0710301
0.696834,0.585144,0.866006,-0.061087,-0.0104771,0.998077,0.373999,-0.927336,0.013156,0.925415,0.374083,0.0605666
0.696834,0.614901,0.955235,-0.061087,-0.351208,0.934303,0.373999,-0.87591,-0.304805,0.925415,0.330808,0.184858
0.696834,0.612345,1.04926,-0.061087,-0.649578,0.757837,0.373999,-0.718837,-0.586002,0.925415,0.247633,0.286853
0.696834,0.577784,1.13674,-0.061087,-0.869599,0.489965,0.373999,-0.475061,-0.796518,0.925415,0.134589,0.354249
0.696834,0.515388,1.20713,-0.061087,-0.984734,0.162996,0.373999,-0.173986,-0.910963,0.925415,0.00531243,0.378918
0.735794,0.611391,1.15966,-0.384024,-0.914378,0.128211,0.43619,-0.302047,-0.847647,0.813796,-0.269592,0.514836
0.735794,0.539129,1.24016,-0.384024,-0.903085,-0.192257,0.43619,0.00608106,-0.899834,0.813796,-0.429418,0.391581
0.735794,0.443693,1.29108,-0.384024,-0.782867,-0.489535,0.43619,0.313476,-0.843488,0.813796,-0.53745,0.221097
0.735794,0.336595,1.3063,-0.384024,-0.568223,-0.727769,0.43619,0.583061,-0.685404,0.813796,-0.580657,0.0239441
0.735794,0.230752,1.28397,-0.384024,-0.285044,-0.878223,0.43619,0.78232,-0.444651,0.813796,-0.553829,-0.176096
0.735794,0.13893,1.22678,-0.384024,0.0325167,-0.92275,0.43619,0.88722,-0.150266,0.813796,-0.4602,-0.354897
0.735794,0.0722046,1.14164,-0.384024,0.346155,-0.85598,0.43619,0.885108,0.162243,0.813796,-0.311065,-0.490892
0.735794,0.0386233,1.03881,-0.384024,0.618042,-0.685967,0.43619,0.776239,0.455183,0.813796,-0.12441,-0.567678
0.735794,0.0422369,0.930697,-0.384024,0.815384,-0.433215,0.43619,0.573744,0.693222,0.813796,0.0772497,-0.575993
0.735794,0.0826094,0.83034,-0.384024,0.914378,-0.128211,0.43619,0.302047,0.847647,0.813796,0.269592,-0.514836
0.735794,0.154871,0.749843,-0.384024,0.903085,0.192257,0.43619,-0.00608106,0.899834,0.813796,0.429418,-0.391581
0.735794,0.250307,0.698916,-0.384024,0.782867,0.489535,0.43619,-0.313476,0.843488,0.813796,0.53745,-0.221097
0.735794,0.357405,0.683701,-0.384024,0.568223,0.727769,0.43619,-0.583061,0.685404,0.813796,0.580657,-0.0239441
0.735794,0.463248,0.706033,-0.384024,0.285044,0.878223,0.43619,-0.78232,0.444651,0.813796,0.553829,0.176096
0.735794,0.55507,0.763219,-0.384024,-0.0325167,0.92275,0.43619,-0.88722,0.150266,0.813796,0.4602,0.354897
0.735794,0.621795,0.848361,-0.384024,-0.346155,0.85598,0.43619,-0.885108,-0.162243,0.813796,0.311065,0.490892
0.735794,0.655377,0.95119,-0.384024,-0.618042,0.685967,0.43619,-0.776239,-0.455183,0.813796,0.12441,0.567678
0.735794,0.651763,1.0593,-0.384024,-0.815384,0.433215,0.43619,-0.573744,-0.693222,0.813796,-0.0772497,0.575993
0.735794,0.611391,1.15966,-0.384024,-0.914378,0.128211,0.43619,-0.302047,-0.847647,0.813796,-0.269592,0.514836
0.809034,0.689659,1.12096,-0.660642,-0.749255,0.0465713,0.44577,-0.441452,-0.778723,0.604021,-0.493697,0.625637
0.809034,0.625912,1.23056,-0.660642,-0.719998,-0.212498,0.44577,-0.148491,-0.882745,0.604021,-0.677904,0.419053
0.809034,0.528524,1.31175,-0.660642,-0.603898,-0.445936,0.44577,0.162381,-0.880296,0.604021,-0.780345,0.161924
0.809034,0.409242,1.35473,-0.660642,-0.41496,-0.625589,0.44577,0.453668,-0.77167,0.604021,-0.788666,-0.114735
0.809034,0.282453,1.35433,-0.660642,-0.175971,-0.729785,0.44577,0.690235,-0.569969,0.604021,-0.701862,-0.377555
0.809034,0.163448,1.31058,-0.660642,0.0842431,-0.74596,0.44577,0.843549,-0.299522,0.604021,-0.530403,-0.594837
0.809034,0.0665833,1.22877,-0.660642,0.334296,-0.67216,0.44577,0.89512,0.00705251,0.604021,-0.29497,-0.740372
0.809034,0.00354058,1.11876,-0.660642,0.544027,-0.517288,0.44577,0.838725,0.312776,0.604021,-0.0239584,-0.796608
0.809034,-0.0180759,0.99383,-0.660642,0.688141,-0.300023,0.44577,0.681168,0.580774,0.604021,0.249942,-0.756761
0.809034,0.00434116,0.869037,-0.660642,0.749255,-0.0465713,0.44577,0.441452,0.778723,0.604021,0.493697,-0.625637
0.809034,0.0680879,0.759437,-0.660642,0.719998,0.212498,0.44577,0.148491,0.882745,0.604021,0.677904,-0.419053
0.809034,0.165476,0.67825,-0.660642,0.603898,0.445936,0.44577,-0.162381,0.880296,0.604021,0.780345,-0.161924
0.809034,0.284758,0.635267,-0.660642,0.41496,0.625589,0.44577,-0.453668,0.77167,0.604021,0.788666,0.114735
0.809034,0.411547,0.635674,-0.660642,0.175971,0.729785,0.44577,-0.690235,0.569969,0.604021,0.701862,0.377555
0.809034,0.530552,0.67942,-0.660642,-0.0842431,0.74596,0.44577,-0.843549,0.299522,0.604021,0.530403,0.594837
0.809034,0.627417,0.76123,-0.660642,-0.334296,0.67216,0.44577,-0.89512,-0.00705251,0.604021,0.29497,0.740372
0.809034,0.690459,0.871236,-0.660642,-0.544027,0.517288,0.44577,-0.838725,-0.312776,0.604021,0.0239584,0.796608
0.809034,0.712076,0.99617,-0.660642,-0.688141,0.300023,0.44577,-0.681168,-0.580774,0.604021,-0.249942,0.756761
0.809034,0.689659,1.12096,-0.660642,-0.749255,0.0465713,0.44577,-0.441452,-0.778723,0.604021,-0.493697,0.625637
0.90772,0.740752,1.0957,-0.857576,-0.509281,-0.0720766,0.401584,-0.575387,-0.712502,0.321392,-0.63997,0.697958
0.90772,0.682564,1.2243,-0.857576,-0.453916,-0.241914,0.401584,-0.296997,-0.866327,0.321392,-0.840091,0.436983
0.90772,0.583902,1.32524,-0.857576,-0.343802,-0.382574,0.401584,0.0172154,-0.91566,0.321392,-0.938884,0.123302
0.90772,0.456666,1.38635,-0.857576,-0.192221,-0.477089,0.401584,0.329352,-0.854551,0.321392,-0.924434,-0.205251
0.90772,0.316203,1.40026,-0.857576,-0.0174542,-0.51406,0.401584,0.601763,-0.690371,0.321392,-0.798484,-0.509048
0.90772,0.179454,1.36528,-0.857576,0.159417,-0.489028,0.401584,0.801593,-0.442921,0.321392,-0.576225,-0.751447
0.90772,0.0629138,1.28565,-0.857576,0.317061,-0.405012,0.401584,0.904739,-0.142049,0.321392,-0.284464,-0.903209
0.90772,-0.0193613,1.17096,-0.857576,0.436462,-0.272146,0.401584,0.89876,0.175957,0.321392,0.0416069,-0.946032
0.90772,-0.0574478,1.03504,-0.857576,0.50322,-0.106455,0.401584,0.784377,0.472739,0.321392,0.36266,-0.874749
0.90772,-0.046752,0.894298,-0.857576,0.509281,0.0720766,0.401584,0.575387,0.712502,0.321392,0.63997,-0.697958
0.90772,0.0114361,0.7657,-0.857576,0.453916,0.241914,0.401584,0.296997,0.866327,0.321392,0.840091,-0.436983
0.90772,0.110098,0.664759,-0.857576,0.343802,0.382574,0.401584,-0.0172154,0.91566,0.321392,0.938884,-0.123302
0.90772,0.237334,0.60365,-0.857576,0.192221,0.477089,0.401584,-0.329352,0.854551,0.321392,0.924434,0.205251
0.90772,0.377797,0.589743,-0.857576,0.0174542,0.51406,0.401584,-0.601763,0.690371,0.321392,0.798484,0.509048
0.90772,0.514546,0.624717,-0.857576,-0.159417,0.489028,0.401584,-0.801593,0.442921,0.321392,0.576225,0.751447
0.90772,0.631086,0.704352,-0.857576,-0.317061,0.405012,0.401584,-0.904739,0.142049,0.321392,0.284464,0.903209
0.90772,0.713361,0.819043,-0.857576,-0.436462,0.272146,0.401584,-0.89876,-0.175957,0.321392,-0.0416069,0.946032
0.90772,0.751448,0.954957,-0.857576,-0.50322,0.106455,0.401584,-0.784377,-0.472739,0.321392,-0.36266,0.874749
0.90772,0.740752,1.0957,-0.857576,-0.509281,-0.0720766,0.401584,-0.575387,-0.712502,0.321392,-0.63997,0.697958
0.883612,0.0714904,1.28358,0.961642,-0.229201,-0.150704,-0.0812368,0.28679,-0.954543,0.262003,0.930171,0.25717
0.883612,-0.0105961,1.17195,0.961642,-0.163835,-0.220007,-0.0812368,0.595967,-0.798889,0.262003,0.786118,0.559798
0.883612,-0.0495512,1.03897,0.961642,-0.0787079,-0.262774,-0.0812368,0.833262,-0.546877,0.262003,0.547247,0.794906
0.883612,-0.0406764,0.900694,0.961642,0.0159127,-0.273846,-0.0812368,0.970053,-0.228904,0.262003,0.24237,0.934137
0.883612,0.0149579,0.773788,0.961642,0.108614,-0.251889,-0.0812368,0.989842,0.116678,0.262003,-0.09174,0.960697
0.883612,0.110641,0.673564,0.961642,0.188215,-0.19955,-0.0812368,0.890241,0.448188,0.262003,-0.414785,0.871383
0.883612,0.234833,0.612109,0.961642,0.245114,-0.123142,-0.0812368,0.683263,0.725639,0.262003,-0.687801,0.676967
0.883612,0.372554,0.596837,0.961642,0.272449,-0.031882,-0.0812368,0.393875,0.915567,0.262003,-0.877858,0.400899
0.883612,0.507193,0.629589,0.961642,0.266923,0.0632238,-0.0812368,0.0569786,0.995065,0.262003,-0.962032,0.0764769
0.883612,0.62251,0.706415,0.961642,0.229201,0.150704,-0.0812368,-0.28679,0.954543,0.262003,-0.930171,-0.25717
0.883612,0.704596,0.818049,0.961642,0.163835,0.220007,-0.0812368,-0.595967,0.798889,0.262003,-0.786118,-0.559798
0.883612,0.743551,0.951026,0.961642,0.0787079,0.262774,-0.0812368,-0.833262,0.546877,0.262003,-0.547247,-0.794906
0.883612,0.734676,1.08931,0.961642,-0.0159127,0.273846,-0.0812368,-0.970053,0.228904,0.262003,-0.24237,-0.934137
0.883612,0.679042,1.21621,0.961642,-0.108614,0.251889,-0.0812368,-0.989842,-0.116678,0.262003,0.09174,-0.960697
0.883612,0.583359,1.31644,0.961642,-0.188215,0.19955,-0.0812368,-0.890241,-0.448188,0.262003,0.414785,-0.871383
0.883612,0.459167,1.37789,0.961642,-0.245114,0.123142,-0.0812368,-0.683263,-0.725639,0.262003,0.687801,-0.676967
0.883612,0.321446,1.39316,0.961642,-0.272449,0.031882,-0.0812368,-0.393875,-0.915567,0.262003,0.877858,-0.400899
0.883612,0.186807,1.36041,0.961642,-0.266923,-0.0632238,-0.0812368,-0.0569786,-0.995065,0.262003,0.962032,-0.0764769
0.883612,0.0714904,1.28358,0.961642,-0.229201,-0.150704,-0.0812368,0.28679,-0.954543,0.262003,0.930171,0.25717
0.763622,0.133572,1.25289,0.856221,-0.516538,-0.00863902,0.156285,0.274927,-0.948678,0.492403,0.810927,0.316126
0.763622,0.0582397,1.16434,0.856221,-0.482432,-0.184784,0.156285,0.582814,-0.797435,0.492403,0.653901,0.574415
0.763622,0.0177361,1.05537,0.856221,-0.390138,-0.338642,0.156285,0.820405,-0.550009,0.492403,0.418005,0.763421
0.763622,0.0169466,0.939111,0.856221,-0.250787,-0.451655,0.156285,0.959043,-0.236245,0.492403,0.131691,0.860347
0.763622,0.0559664,0.829597,0.856221,-0.0811881,-0.510191,0.156285,0.982006,0.106014,0.492403,-0.170507,0.853502
0.763622,0.130089,0.740032,0.856221,0.0982037,-0.50719,0.156285,0.886525,0.435487,0.492403,-0.452139,0.743713
0.763622,0.230375,0.681221,0.856221,0.265751,-0.443016,0.156285,0.684115,0.712433,0.492403,-0.679237,0.544221
0.763622,0.344727,0.660256,0.856221,0.401244,-0.325406,0.156285,0.399192,0.903449,0.492403,-0.824408,0.279088
0.763622,0.459353,0.679666,0.856221,0.488342,-0.168548,0.156285,0.0661197,0.985496,0.492403,-0.870144,-0.0197077
0.763622,0.560428,0.73711,0.856221,0.516538,0.00863902,0.156285,-0.274927,0.948678,0.492403,-0.810927,-0.316126
0.763622,0.63576,0.825659,0.856221,0.482432,0.184784,0.156285,-0.582814,0.797435,0.492403,-0.653901,-0.574415
0.763622,0.676264,0.934634,0.856221,0.390138,0.338642,0.156285,-0.820405,0.550009,0.492403,-0.418005,-0.763421
0.763622,0.677053,1.05089,0.856221,0.250787,0.451655,0.156285,-0.959043,0.236245,0.492403,-0.131691,-0.860347
0.763622,0.638034,1.1604,0.856221,0.0811881,0.510191,0.156285,-0.982006,-0.106014,0.492403,0.170507,-0.853502
0.763622,0.563911,1.24997,0.856221,-0.0982037,0.50719,0.156285,-0.886525,-0.435487,0.492403,0.452139,-0.743713
0.763622,0.463625,1.30878,0.856221,-0.265751,0.443016,0.156285,-0.684115,-0.712433,0.492403,0.679237,-0.544221
0.763622,0.349273,1.32974,0.856221,-0.401244,0.325406,0.156285,-0.399192,-0.903449,0.492403,0.824408,-0.279088
0.763622,0.234647,1.31033,0.856221,-0.488342,0.168548,0.156285,-0.0661197,-0.985496,0.492403,0.870144,0.0197077
0.763622,0.133572,1.25289,0.856221,-0.516538,-0.00863902,0.156285,0.274927,-0.948678,0.492403,0.810927,0.316126
0.674556,0.228698,1.20586,0.647527,-0.754225,0.108878,0.374957,0.190958,-0.907162,0.663413,0.628236,0.406452
0.674556,0.163714,1.15268,0.647527,-0.745978,-0.155648,0.374957,0.489709,-0.787142,0.663413,0.451334,0.59681
0.674556,0.120838,1.08048,0.647527,-0.647755,-0.401401,0.374957,0.729394,-0.572181,0.663413,0.219994,0.715183
0.674556,0.10524,0.997976,0.647527,-0.471403,-0.598739,0.374957,0.881104,-0.288207,0.663413,-0.03788,0.747294
0.674556,0.118802,0.91511,0.647527,-0.238194,-0.72386,0.374957,0.926539,0.0305296,0.663413,-0.291185,0.689271
0.674556,0.159888,0.84188,0.647527,0.0237459,-0.761673,0.374957,0.86022,0.345584,0.663413,-0.509369,0.548112
0.674556,0.223543,0.787118,0.647527,0.282821,-0.707617,0.374957,0.690146,0.618955,0.663413,-0.666116,0.340842
0.674556,0.302088,0.75743,0.647527,0.507784,-0.568212,0.374957,0.43683,0.817671,0.663413,-0.742519,0.0924618
0.674556,0.38605,0.756396,0.647527,0.671501,-0.360272,0.374957,0.130826,0.917764,0.663413,-0.729363,-0.167071
0.674556,0.465302,0.784142,0.647527,0.754225,-0.108878,0.374957,-0.190958,0.907162,0.663413,-0.628236,-0.406452
0.674556,0.530286,0.83732,0.647527,0.745978,0.155648,0.374957,-0.489709,0.787142,0.663413,-0.451334,-0.59681
0.674556,0.573162,0.909517,0.647527,0.647755,0.401401,0.374957,-0.729394,0.572181,0.663413,-0.219994,-0.715183
0.674556,0.58876,0.992024,0.647527,0.471403,0.598739,0.374957,-0.881104,0.288207,0.663413,0.03788,-0.747294
0.674556,0.575198,1.07489,0.647527,0.238194,0.72386,0.374957,-0.926539,-0.0305296,0.663413,0.291185,-0.689271
0.674556,0.534112,1.14812,0.647527,-0.0237459,0.761673,0.374957,-0.86022,-0.345584,0.663413,0.509369,-0.548112
0.674556,0.470457,1.20288,0.647527,-0.282821,0.707617,0.374957,-0.690146,-0.618955,0.663413,0.666116,-0.340842
0.674556,0.391912,1.23257,0.647527,-0.507784,0.568212,0.374957,-0.43683,-0.817671,0.663413,0.742519,-0.0924618
0.674556,0.30795,1.2336,0.647527,-0.671501,0.360272,0.374957,-0.130826,-0.917764,0.663413,0.729363,0.167071
0.674556,0.228698,1.20586,0.647527,-0.754225,0.108878,0.374957,0.190958,-0.907162,0.663413,0.628236,0.406452
0.627155,0.345394,1.14816,0.360731,-0.913593,0.187673,0.548404,0.0450085,-0.835001,0.754404,0.404132,0.517254
0.627155,0.293106,1.13838,0.360731,-0.922684,-0.136113,0.548404,0.327882,-0.769251,0.754404,0.202848,0.624281
0.627155,0.247319,1.1113,0.360731,-0.820486,-0.443481,0.548404,0.571207,-0.610717,0.754404,-0.0229015,0.65601
0.627155,0.213555,1.07019,0.360731,-0.619326,-0.697358,0.548404,0.745637,-0.378522,0.754404,-0.245889,0.608615
0.627155,0.195887,1.02001,0.360731,-0.343465,-0.867124,0.548404,0.830132,-0.100672,0.754404,-0.439219,0.487812
0.627155,0.196444,0.966822,0.360731,-0.0261778,-0.932302,0.548404,0.8145,0.189321,0.754404,-0.579572,0.308172
0.627155,0.215162,0.917028,0.360731,0.294267,-0.885031,0.548404,0.700628,0.456479,0.754404,-0.650021,0.0913614
0.627155,0.24978,0.876639,0.360731,0.579219,-0.731012,0.548404,0.50225,0.668579,0.754404,-0.642067,-0.136469
0.627155,0.296125,0.850526,0.360731,0.794309,-0.488822,0.548404,0.243293,0.800039,0.754404,-0.556671,-0.347838
0.627155,0.348606,0.841839,0.360731,0.913593,-0.187673,0.548404,-0.0450085,0.835001,0.754404,-0.404132,-0.517254
0.627155,0.400894,0.851625,0.360731,0.922684,0.136113,0.548404,-0.327882,0.769251,0.754404,-0.202848,-0.624281
0.627155,0.446681,0.878704,0.360731,0.820486,0.443481,0.548404,-0.571207,0.610717,0.754404,0.0229015,-0.65601
0.627155,0.480445,0.91981,0.360731,0.619326,0.697358,0.548404,-0.745637,0.378522,0.754404,0.245889,-0.608615
0.627155,0.498113,0.969986,0.360731,0.343465,0.867124,0.548404,-0.830132,0.100672,0.754404,0.439219,-0.487812
0.627155,0.497556,1.02318,0.360731,0.0261778,0.932302,0.548404,-0.8145,-0.189321,0.754404,0.579572,-0.308172
0.627155,0.478838,1.07297,0.360731,-0.294267,0.885031,0.548404,-0.700628,-0.456479,0.754404,0.650021,-0.0913614
0.627155,0.44422,1.11336,0.360731,-0.579219,0.731012,0.548404,-0.50225,-0.668579,0.754404,0.642067,0.136469
0.627155,0.397875,1.13947,0.360731,-0.794309,0.488822,0.548404,-0.243293,-0.800039,0.754404,0.556671,0.347838
0.627155,0.345394,1.14816,0.360731,-0.913593,0.187673,0.548404,0.0450085,-0.835001,0.754404,0.404132,0.517254
0.627137,0.469585,1.08676,0.0304265,-0.97542,0.218241,0.655705,-0.145316,-0.740901,0.754404,0.165645,0.635166
0.627137,0.430809,1.12315,0.0304265,-0.991238,-0.128534,0.655705,0.11685,-0.74592,0.754404,-0.0615843,0.653515
0.627137,0.381924,1.14409,0.0304265,-0.887498,-0.459805,0.655705,0.364923,-0.660971,0.754404,-0.281386,0.59304
0.627137,0.328827,1.14704,0.0304265,-0.676713,-0.735618,0.655705,0.568981,-0.496298,0.754404,-0.467248,0.461036
0.627137,0.277922,1.13166,0.0304265,-0.384306,-0.922704,0.655705,0.704411,-0.271765,0.754404,-0.596753,0.273424
0.627137,0.235349,1.09979,0.0304265,-0.0455459,-0.998499,0.655705,0.754879,-0.0144525,0.754404,-0.654281,0.052833
0.627137,0.206242,1.05528,0.0304265,0.298708,-0.95386,0.655705,0.714297,0.244603,0.754404,-0.632893,-0.17413
0.627137,0.194113,1.00351,0.0304265,0.606932,-0.794171,0.655705,0.587561,0.474156,0.754404,-0.535168,-0.380091
0.627137,0.200424,0.950702,0.0304265,0.841952,-0.538693,0.655705,0.389956,0.646518,0.754404,-0.372895,-0.540207
0.627137,0.224415,0.903241,0.0304265,0.97542,-0.218241,0.655705,0.145316,0.740901,0.754404,-0.165645,-0.635166
0.627137,0.263191,0.866848,0.0304265,0.991238,0.128534,0.655705,-0.11685,0.74592,0.754404,0.0615843,-0.653515
0.627137,0.312076,0.845913,0.0304265,0.887498,0.459805,0.655705,-0.364923,0.660971,0.754404,0.281386,-0.59304
0.627137,0.365173,0.842959,0.0304265,0.676713,0.735618,0.655705,-0.568981,0.496298,0.754404,0.467248,-0.461036
0.627137,0.416078,0.858343,0.0304265,0.384306,0.922704,0.655705,-0.704411,0.271765,0.754404,0.596753,-0.273424
0.627137,0.458651,0.890211,0.0304265,0.0455459,0.998499,0.655705,-0.754879,0.0144525,0.754404,0.654281,-0.052833
0.627137,0.487758,0.934717,0.0304265,-0.298708,0.95386,0.655705,-0.714297,-0.244603,0.754404,0.632893,0.17413
0.627137,0.499887,0.986495,0.0304265,-0.606932,0.794171,0.655705,-0.587561,-0.474156,0.754404,0.535168,0.380091
0.627137,0.493576,1.0393,0.0304265,-0.841952,0.538693,0.655705,-0.389956,-0.646518,0.754404,0.372895,0.540207
0.627137,0.469585,1.08676,0.0304265,-0.97542,0.218241,0.655705,-0.145316,-0.740901,0.754404,0.165645,0.635166
0.674504,0.586292,1.02906,-0.303548,-0.93225,0.196897,0.683918,-0.357061,-0.63621,0.663411,-0.058459,0.745968
0.674504,0.560213,1.10885,-0.303548,-0.943371,-0.133825,0.683918,-0.117931,-0.719964,0.663411,-0.310069,0.680986
0.674504,0.508418,1.1749,-0.303548,-0.840708,-0.448407,0.683918,0.135424,-0.71688,0.663411,-0.524281,0.533868
0.674504,0.437153,1.21926,-0.303548,-0.636643,-0.708904,0.683918,0.372444,-0.627329,0.663411,-0.675256,0.322357
0.674504,0.355014,1.23657,-0.303548,-0.355789,-0.883896,0.683918,0.564542,-0.462113,0.663411,-0.744786,0.071965
0.674504,0.271908,1.22474,-0.303548,-0.0320223,-0.952278,0.683918,0.688548,-0.24116,0.663411,-0.724483,-0.187107
0.674504,0.19786,1.18521,-0.303548,0.295607,-0.905801,0.683918,0.729505,0.00888136,0.663411,-0.616797,-0.423611
0.674504,0.1418,1.12273,-0.303548,0.587582,-0.750071,0.683918,0.682473,0.257851,0.663411,-0.434717,-0.609021
0.674504,0.110491,1.04484,-0.303548,0.808686,-0.503871,0.683918,0.553124,0.47572,0.663411,-0.200202,-0.720975
0.674504,0.107708,0.960944,-0.303548,0.93225,-0.196897,0.683918,0.357061,0.63621,0.663411,0.058459,-0.745968
0.674504,0.133787,0.881155,-0.303548,0.943371,0.133825,0.683918,0.117931,0.719964,0.663411,0.310069,-0.680986
0.674504,0.185582,0.815097,-0.303548,0.840708,0.448407,0.683918,-0.135424,0.71688,0.663411,0.524281,-0.533868
0.674504,0.256847,0.770739,-0.303548,0.636643,0.708904,0.683918,-0.372444,0.627329,0.663411,0.675256,-0.322357
0.674504,0.338986,0.753429,-0.303548,0.355789,0.883896,0.683918,-0.564542,0.462113,0.663411,0.744786,-0.071965
0.674504,0.422092,0.765257,-0.303548,0.0320223,0.952278,0.683918,-0.688548,0.24116,0.663411,0.724483,0.187107
0.674504,0.49614,0.804795,-0.303548,-0.295607,0.905801,0.683918,-0.729505,-0.00888136,0.663411,0.616797,0.423611
0.674504,0.5522,0.867274,-0.303548,-0.587582,0.750071,0.683918,-0.682473,-0.257851,0.663411,0.434717,0.609021
0.674504,0.583509,0.94516,-0.303548,-0.808686,0.503871,0.683918,-0.553124,-0.47572,0.663411,0.200202,0.720975
0.674504,0.586292,1.02906,-0.303548,-0.93225,0.196897,0.683918,-0.357061,-0.63621,0.663411,-0.058459,0.745968
0.763543,0.681439,0.982014,-0.60091,-0.789289,0.126214,0.629641,-0.564686,-0.533557,0.492402,-0.24115,0.836294
0.763543,0.665711,1.09718,-0.60091,-0.784857,-0.15135,0.629641,-0.348144,-0.694513,0.492402,-0.512636,0.703381
0.763543,0.611542,1.20003,-0.60091,-0.685759,-0.410659,0.629641,-0.0896108,-0.771701,0.492402,-0.722291,0.48563
0.763543,0.525466,1.27814,-0.60091,-0.503949,-0.620437,0.629641,0.179731,-0.755811,0.492402,-0.844827,0.209305
0.763543,0.417863,1.3221,-0.60091,-0.261355,-0.755381,0.629641,0.427394,-0.648758,0.492402,-0.865464,-0.0922657
0.763543,0.301714,1.32661,-0.60091,0.0127618,-0.799214,0.629641,0.623507,-0.463456,0.492402,-0.781713,-0.382707
0.763543,0.191027,1.29113,-0.60091,0.28534,-0.746651,0.629641,0.744416,-0.222254,0.492402,-0.603677,-0.626989
0.763543,0.0991522,1.21992,-0.60091,0.523501,-0.604031,0.629641,0.775538,0.045755,0.492402,-0.352828,-0.795647
0.763543,0.0371717,1.12159,-0.60091,0.698521,-0.388555,0.629641,0.713118,0.308245,0.492402,-0.0594223,-0.868337
0.763543,0.0125611,1.00799,-0.60091,0.789289,-0.126214,0.629641,0.564686,0.533557,0.492402,0.24115,-0.836294
0.763543,0.0282888,0.892818,-0.60091,0.784857,0.15135,0.629641,0.348144,0.694513,0.492402,0.512636,-0.703381
0.763543,0.0824577,0.789975,-0.60091,0.685759,0.410659,0.629641,0.0896108,0.771701,0.492402,0.722291,-0.48563
0.763543,0.168534,0.71186,-0.60091,0.503949,0.620437,0.629641,-0.179731,0.755811,0.492402,0.844827,-0.209305
0.763543,0.276137,0.667897,-0.60091,0.261355,0.755381,0.629641,-0.427394,0.648758,0.492402,0.865464,0.0922657
0.763543,0.392286,0.663387,-0.60091,-0.0127618,0.799214,0.629641,-0.623507,0.463456,0.492402,0.781713,0.382707
0.763543,0.502973,0.698874,-0.60091,-0.28534,0.746651,0.629641,-0.744416,0.222254,0.492402,0.603677,0.626989
0.763543,0.594848,0.770079,-0.60091,-0.523501,0.604031,0.629641,-0.775538,-0.045755,0.492402,0.352828,0.795647
0.763543,0.656828,0.868412,-0.60091,-0.698521,0.388555,0.629641,-0.713118,-0.308245,0.492402,0.0594223,0.868337
0.763543,0.681439,0.982014,-0.60091,-0.789289,0.126214,0.629641,-0.564686,-0.533557,0.492402,-0.24115,0.836294
0.883514,0.743549,0.951306,-0.825794,-0.56378,0.0147181,0.499419,-0.743148,-0.445321,0.262001,-0.360393,0.89525
0.883514,0.734578,1.08957,-0.825794,-0.534813,-0.178993,0.499419,-0.546022,-0.672637,0.262001,-0.644852,0.717998
0.883514,0.67886,1.21642,-0.825794,-0.441341,-0.351116,0.499419,-0.283038,-0.818822,0.262001,-0.851533,0.454145
0.883514,0.583115,1.31657,-0.825794,-0.294636,-0.480888,0.499419,0.0140854,-0.866246,0.262001,-0.955506,0.135515
0.883514,0.45889,1.37794,-0.825794,-0.112394,-0.552659,0.499419,0.309509,-0.809187,0.262001,-0.944231,-0.199459
0.883514,0.32117,1.39311,-0.825794,0.0834048,-0.55777,0.499419,0.567602,-0.654529,0.262001,-0.819067,-0.510377
0.883514,0.186566,1.36027,-0.825794,0.269144,-0.495607,0.499419,0.757234,-0.420925,0.262001,-0.595113,-0.759735
0.883514,0.0713123,1.28337,-0.825794,0.42242,-0.373665,0.499419,0.855532,-0.136551,0.262001,-0.299378,-0.917457
0.883514,-0.0106895,1.17169,-0.825794,0.524746,-0.206654,0.499419,0.85064,0.164293,0.262001,0.0324653,-0.964521
0.883514,-0.0495486,1.03869,-0.825794,0.56378,-0.0147181,0.499419,0.743148,0.445321,0.262001,0.360393,-0.89525
0.883514,-0.0405781,0.900432,-0.825794,0.534813,0.178993,0.499419,0.546022,0.672637,0.262001,0.644852,-0.717998
0.883514,0.0151401,0.773575,-0.825794,0.441341,0.351116,0.499419,0.283038,0.818822,0.262001,0.851533,-0.454145
0.883514,0.110885,0.673426,-0.825794,0.294636,0.480888,0.499419,-0.0140854,0.866246,0.262001,0.955506,-0.135515
0.883514,0.23511,0.612063,-0.825794,0.112394,0.552659,0.499419,-0.309509,0.809187,0.262001,0.944231,0.199459
0.883514,0.37283,0.596888,-0.825794,-0.0834048,0.55777,0.499419,-0.567602,0.654529,0.262001,0.819067,0.510377
0.883514,0.507434,0.629732,-0.825794,-0.269144,0.495607,0.499419,-0.757234,0.420925,0.262001,0.595113,0.759735
0.883514,0.622688,0.706632,-0.825794,-0.42242,0.373665,0.499419,-0.855532,0.136551,0.262001,0.299378,0.917457
0.883514,0.704689,0.818313,-0.825794,-0.524746,0.206654,0.499419,-0.85064,-0.164293,0.262001,-0.0324653,0.964521
0.883514,0.743549,0.951306,-0.825794,-0.56378,0.0147181,0.499419,-0.743148,-0.445321,0.262001,-0.360393,0.89525
0.875863,-0.0117157,1.16333,0.985232,-0.134672,-0.105746,-0.00862081,0.577779,-0.816147,0.17101,0.805006,0.568085
0.875863,-0.0476556,1.03049,0.985232,-0.0903832,-0.145429,-0.00862081,0.822074,-0.569316,0.17101,0.562161,0.809154
0.875863,-0.0359941,0.893372,0.985232,-0.0351927,-0.167572,-0.00862081,0.967214,-0.253816,0.17101,0.251512,0.952627
0.875863,0.021862,0.768509,0.985232,0.0242426,-0.169502,-0.00862081,0.995694,0.0922979,0.17101,-0.0894735,0.981198
0.875863,0.118935,0.670965,0.985232,0.0807538,-0.150989,-0.00862081,0.904079,0.427279,0.17101,-0.419667,0.891423
0.875863,0.243515,0.612503,0.985232,0.127525,-0.114264,-0.00862081,0.703418,0.710724,0.17101,-0.699243,0.694129
0.875863,0.380578,0.600177,0.985232,0.158915,-0.0637565,-0.00862081,0.417915,0.908445,0.17101,-0.894479,0.413113
0.875863,0.51359,0.635472,0.985232,0.171137,-0.0055595,-0.00862081,0.0820048,0.996595,0.17101,-0.981829,0.0822691
0.875863,0.626509,0.714131,0.985232,0.162718,0.0533081,-0.00862081,-0.263796,0.96454,0.17101,-0.950755,-0.258498
0.875863,0.705716,0.826668,0.985232,0.134672,0.105746,-0.00862081,-0.577779,0.816147,0.17101,-0.805006,-0.568085
0.875863,0.741656,0.959507,0.985232,0.0903832,0.145429,-0.00862081,-0.822074,0.569316,0.17101,-0.562161,-0.809154
0.875863,0.729994,1.09663,0.985232,0.0351927,0.167572,-0.00862081,-0.967214,0.253816,0.17101,-0.251512,-0.952627
0.875863,0.672138,1.22149,0.985232,-0.0242426,0.169502,-0.00862081,-0.995694,-0.0922979,0.17101,0.0894735,-0.981198
0.875863,0.575065,1.31904,0.985232,-0.0807538,0.150989,-0.00862081,-0.904079,-0.427279,0.17101,0.419667,-0.891423
0.875863,0.450485,1.3775,0.985232,-0.127525,0.114264,-0.00862081,-0.703418,-0.710724,0.17101,0.699243,-0.694129
0.875863,0.313422,1.38982,0.985232,-0.158915,0.0637565,-0.00862081,-0.417915,-0.908445,0.17101,0.894479,-0.413113
0.875863,0.18041,1.35453,0.985232,-0.171137,0.0055595,-0.00862081,-0.0820048,-0.996595,0.17101,0.981829,-0.0822691
0.875863,0.0674905,1.27587,0.985232,-0.162718,-0.0533081,-0.00862081,0.263796,-0.96454,0.17101,0.950755,0.258498
0.875863,-0.0117157,1.16333,0.985232,-0.134672,-0.105746,-0.00862081,0.577779,-0.816147,0.17101,0.805006,0.568085
0.749059,0.0538928,1.13089,0.900555,-0.432745,0.0416272,0.292759,0.532868,-0.793942,0.321393,0.727175,0.606566
0.749059,0.0250908,1.02245,0.900555,-0.420885,-0.108891,0.292759,0.772276,-0.56381,0.321393,0.475863,0.818695
0.749059,0.0351157,0.910695,0.900555,-0.358259,-0.246275,0.292759,0.918537,-0.265674,0.321393,0.167155,0.932076
0.749059,0.0827585,0.809109,0.900555,-0.252423,-0.353955,0.292759,0.954008,0.0645058,0.321393,-0.161714,0.933035
0.749059,0.162273,0.729944,0.900555,-0.11614,-0.418942,0.292759,0.874412,0.386906,0.321393,-0.471079,0.821457
0.749059,0.264068,0.682748,0.900555,0.0341506,-0.433399,0.292759,0.689349,0.662639,0.321393,-0.723624,0.610799
0.749059,0.375866,0.673215,0.900555,0.180322,-0.395582,0.292759,0.42114,0.858448,0.321393,-0.88889,0.326469
0.749059,0.484182,0.702493,0.900555,0.304744,-0.310051,0.292759,0.102136,0.950716,0.321393,-0.946942,0.00276236
0.749059,0.575952,0.767053,0.900555,0.39241,-0.187124,0.292759,-0.229188,0.928313,0.321393,-0.890779,-0.321277
0.749059,0.640107,0.859106,0.900555,0.432745,-0.0416272,0.292759,-0.532868,0.793942,0.321393,-0.727175,-0.606566
0.749059,0.668909,0.96755,0.900555,0.420885,0.108891,0.292759,-0.772276,0.56381,0.321393,-0.475863,-0.818695
0.749059,0.658884,1.0793,0.900555,0.358259,0.246275,0.292759,-0.918537,0.265674,0.321393,-0.167155,-0.932076
0.749059,0.611241,1.18089,0.900555,0.252423,0.353955,0.292759,-0.954008,-0.0645058,0.321393,0.161714,-0.933035
0.749059,0.531727,1.26006,0.900555,0.11614,0.418942,0.292759,-0.874412,-0.386906,0.321393,0.471079,-0.821457
0.749059,0.429932,1.30725,0.900555,-0.0341506,0.433399,0.292759,-0.689349,-0.662639,0.321393,0.723624,-0.610799
0.749059,0.318134,1.31679,0.900555,-0.180322,0.395582,0.292759,-0.42114,-0.858448,0.321393,0.88889,-0.326469
0.749059,0.209818,1.28751,0.900555,-0.304744,0.310051,0.292759,-0.102136,-0.950716,0.321393,0.946942,-0.00276236
0.749059,0.118048,1.22295,0.900555,-0.39241,0.187124,0.292759,0.229188,-0.928313,0.321393,0.890779,0.321277
0.749059,0.0538928,1.13089,0.900555,-0.432745,0.0416272,0.292759,0.532868,-0.793942,0.321393,0.727175,0.606566
0.654934,0.154422,1.08119,0.707258,-0.68688,0.167277,0.558827,0.398264,-0.727391,0.433011,0.607932,0.665523
0.654934,0.136557,1.01013,0.707258,-0.702669,-0.0777382,0.558827,0.623028,-0.54731,0.433011,0.343647,0.833312
0.654934,0.144074,0.937239,0.707258,-0.633704,-0.313377,0.558827,0.772646,-0.301215,0.433011,0.0379133,0.900591
0.654934,0.176068,0.871318,0.707258,-0.488306,-0.511218,0.558827,0.829071,-0.0187893,0.433011,-0.272393,0.859246
0.654934,0.228678,0.820314,0.707258,-0.284011,-0.647398,0.558827,0.785498,0.265903,0.433011,-0.549846,0.714263
0.654934,0.29556,0.790381,0.707258,-0.0454599,-0.705493,0.558827,0.647183,0.518523,0.433011,-0.760978,0.483129
0.654934,0.368646,0.785127,0.707258,0.198574,-0.678494,0.558827,0.430808,0.708602,0.433011,-0.880326,0.193723
0.654934,0.439121,0.805187,0.707258,0.418658,-0.56966,0.558827,0.162471,0.813213,0.433011,-0.893493,-0.119049
0.654934,0.498485,0.848142,0.707258,0.588244,-0.392116,0.558827,-0.125463,0.819738,0.433011,-0.798891,-0.417462
0.654934,0.539578,0.908809,0.707258,0.68688,-0.167277,0.558827,-0.398264,0.727391,0.433011,-0.607932,-0.665523
0.654934,0.557443,0.979873,0.707258,0.702669,0.0777382,0.558827,-0.623028,0.54731,0.433011,-0.343647,-0.833312
0.654934,0.549926,1.05276,0.707258,0.633704,0.313377,0.558827,-0.772646,0.301215,0.433011,-0.0379133,-0.900591
0.654934,0.517932,1.11868,0.707258,0.488306,0.511218,0.558827,-0.829071,0.0187893,0.433011,0.272393,-0.859246
0.654934,0.465322,1.16969,0.707258,0.284011,0.647398,0.558827,-0.785498,-0.265903,0.433011,0.549846,-0.714263
0.654934,0.39844,1.19962,0.707258,0.0454599,0.705493,0.558827,-0.647183,-0.518523,0.433011,0.760978,-0.483129
0.654934,0.325354,1.20487,0.707258,-0.198574,0.678494,0.558827,-0.430808,-0.708602,0.433011,0.880326,-0.193723
