0.658953,0.600016,0.99088,0.308961,0.654677,-0.689885,0.951075,-0.212677,0.224109,-3.49349e-06,-0.725373,-0.688356
0.907818,0.421799,1.24695,0.92986,-0.366157,-0.0359224,-0.179072,-0.365129,-0.913572,0.321394,0.855927,-0.405087
0.907818,0.284175,1.21556,0.92986,-0.331789,-0.158989,-0.179072,-0.0306485,-0.983358,0.321394,0.942856,-0.0879129
0.907818,0.165586,1.13899,0.92986,-0.257402,-0.262879,-0.179072,0.307528,-0.934537,0.321394,0.916063,0.239865
0.907818,0.0803368,1.02648,0.92986,-0.151969,-0.335062,-0.179072,0.608613,-0.772997,0.321394,0.778779,0.538711
0.907818,0.0387096,0.891599,0.92986,-0.0282058,-0.366832,-0.179072,0.836289,-0.518222,0.321394,0.547563,0.772581
0.907818,0.0457252,0.750614,0.92986,0.0989591,-0.354356,-0.179072,0.963097,-0.200941,0.321394,0.250303,0.913266
0.907818,0.100537,0.620531,0.92986,0.214188,-0.29914,-0.179072,0.973741,0.140576,0.321394,-0.0771479,0.943798
0.907818,0.196535,0.51704,0.92986,0.303583,-0.207843,-0.179072,0.866938,0.465137,0.321394,-0.395293,0.860493
0.907818,0.322139,0.452623,0.92986,0.356361,-0.091477,-0.179072,0.655569,0.733596,0.321394,-0.66576,0.673401
0.907818,0.462201,0.43505,0.92986,0.366157,0.0359224,-0.179072,0.365129,0.913572,0.321394,-0.855927,0.405087
0.907818,0.599825,0.466441,0.92986,0.331789,0.158989,-0.179072,0.0306485,0.983358,0.321394,-0.942856,0.0879129
0.907818,0.718414,0.543009,0.92986,0.257402,0.262879,-0.179072,-0.307528,0.934537,0.321394,-0.916063,-0.239865
0.907818,0.803663,0.655519,0.92986,0.151969,0.335062,-0.179072,-0.608613,0.772997,0.321394,-0.778779,-0.538711
0.907818,0.84529,0.790401,0.92986,0.0282058,0.366832,-0.179072,-0.836289,0.518222,0.321394,-0.547563,-0.772581
0.907818,0.838275,0.931386,0.92986,-0.0989591,0.354356,-0.179072,-0.963097,0.200941,0.321394,-0.250303,-0.913266
0.907818,0.783463,1.06147,0.92986,-0.214188,0.29914,-0.179072,-0.973741,-0.140576,0.321394,0.0771479,-0.943798
0.907818,0.687465,1.16496,0.92986,-0.303583,0.207843,-0.179072,-0.866938,-0.465137,0.321394,0.395293,-0.860493
0.907818,0.561861,1.22938,0.92986,-0.356361,0.091477,-0.179072,-0.655569,-0.733596,0.321394,0.66576,-0.673401
0.907818,0.421799,1.24695,0.92986,-0.366157,-0.0359224,-0.179072,-0.365129,-0.913572,0.321394,0.855927,-0.405087
0.809114,0.461012,1.20563,0.796489,-0.575693,0.184883,-0.0275851,-0.340045,-0.940004,0.604023,0.743604,-0.286723
0.809114,0.335155,1.19014,0.796489,-0.604209,-0.0231657,-0.0275851,0.00196227,-0.999618,0.604023,0.796824,-0.0151042
0.809114,0.222185,1.13254,0.796489,-0.559847,-0.22842,-0.0275851,0.343733,-0.938662,0.604023,0.753935,0.258336
0.809114,0.135728,1.03978,0.796489,-0.44796,-0.406124,-0.0275851,0.644045,-0.76449,0.604023,0.620111,0.500618
0.809114,0.0862124,0.92304,0.796489,-0.282042,-0.534843,-0.0275851,0.866675,-0.498109,0.604023,0.411493,0.682518
0.809114,0.0796096,0.796406,0.796489,-0.082106,-0.599052,-0.0275851,0.984772,-0.171649,0.604023,0.153242,0.782095
0.809114,0.116716,0.675151,0.796489,0.127733,-0.591007,-0.0275851,0.98409,0.175514,0.604023,-0.123492,0.787341
0.809114,0.193057,0.573899,0.796489,0.322166,-0.511677,-0.0275851,0.864713,0.501508,0.604023,-0.385331,0.697622
0.809114,0.299424,0.504864,0.796489,0.477741,-0.370632,-0.0275851,0.641039,0.767013,0.604023,-0.600694,0.523759
0.809114,0.422988,0.476372,0.796489,0.575693,-0.184883,-0.0275851,0.340045,0.940004,0.604023,-0.743604,0.286723
0.809114,0.548845,0.491859,0.796489,0.604209,0.0231657,-0.0275851,-0.00196227,0.999618,0.604023,-0.796824,0.0151042
0.809114,0.661815,0.549458,0.796489,0.559847,0.22842,-0.0275851,-0.343733,0.938662,0.604023,-0.753935,-0.258336
0.809114,0.748272,0.642221,0.796489,0.44796,0.406124,-0.0275851,-0.644045,0.76449,0.604023,-0.620111,-0.500618
0.809114,0.797788,0.75896,0.796489,0.282042,0.534843,-0.0275851,-0.866675,0.498109,0.604023,-0.411493,-0.682518
0.809114,0.80439,0.885594,0.796489,0.082106,0.599052,-0.0275851,-0.984772,0.171649,0.604023,-0.153242,-0.782095
0.809114,0.767284,1.00685,0.796489,-0.127733,0.591007,-0.0275851,-0.98409,-0.175514,0.604023,0.123492,-0.787341
0.809114,0.690943,1.1081,0.796489,-0.322166,0.511677,-0.0275851,-0.864713,-0.501508,0.604023,0.385331,-0.697622
0.809114,0.584576,1.17714,0.796489,-0.477741,0.370632,-0.0275851,-0.641039,-0.767013,0.604023,0.600694,-0.523759
0.809114,0.461012,1.20563,0.796489,-0.575693,0.184883,-0.0275851,-0.340045,-0.940004,0.604023,0.743604,-0.286723
0.735846,0.521098,1.14231,0.567051,-0.741194,0.359284,0.127229,-0.35214,-0.92726,0.813797,0.571515,-0.10538
0.735846,0.413273,1.15119,0.567051,-0.819377,0.0841131,0.127229,-0.0137617,-0.991778,0.813797,0.57309,0.0964451
0.735846,0.308913,1.12266,0.567051,-0.798731,-0.201203,0.127229,0.326276,-0.936673,0.813797,0.505543,0.286637
0.735846,0.220605,1.06016,0.567051,-0.681746,-0.462251,0.127229,0.62696,-0.768592,0.813797,0.377019,0.442257
0.735846,0.159001,0.971218,0.567051,-0.482532,-0.667545,0.127229,0.852024,-0.507807,0.813797,0.203021,0.544533
0.735846,0.131531,0.866574,0.567051,-0.225118,-0.792322,0.127229,0.974321,-0.185773,0.813797,0.00453618,0.581131
0.735846,0.141508,0.758845,0.567051,0.0594481,-0.821535,0.127229,0.9791,0.158668,0.813797,-0.194496,0.547636
0.735846,0.187728,0.661025,0.567051,0.336844,-0.751658,0.127229,0.865786,0.483971,0.813797,-0.370069,0.448088
0.735846,0.264618,0.584913,0.567051,0.573612,-0.59112,0.127229,0.648045,0.7509,0.813797,-0.501006,0.294494
0.735846,0.362902,0.539689,0.567051,0.741194,-0.359284,0.127229,0.35214,0.92726,0.813797,-0.571515,0.10538
0.735846,0.470727,0.530807,0.567051,0.819377,-0.0841131,0.127229,0.0137617,0.991778,0.813797,-0.57309,-0.0964451
0.735846,0.575087,0.559339,0.567051,0.798731,0.201203,0.127229,-0.326276,0.936673,0.813797,-0.505543,-0.286637
0.735846,0.663395,0.621844,0.567051,0.681746,0.462251,0.127229,-0.62696,0.768592,0.813797,-0.377019,-0.442257
0.735846,0.724999,0.710782,0.567051,0.482532,0.667545,0.127229,-0.852024,0.507807,0.813797,-0.203021,-0.544533
0.735846,0.752469,0.815426,0.567051,0.225118,0.792322,0.127229,-0.974321,0.185773,0.813797,-0.00453618,-0.581131
0.735846,0.742492,0.923155,0.567051,-0.0594481,0.821535,0.127229,-0.9791,-0.158668,0.813797,0.194496,-0.547636
0.735846,0.696272,1.02097,0.567051,-0.336844,0.751658,0.127229,-0.865786,-0.483971,0.813797,0.370069,-0.448088
0.735846,0.619382,1.09709,0.567051,-0.573612,0.59112,0.127229,-0.648045,-0.7509,0.813797,0.501006,-0.294494
0.735846,0.521098,1.14231,0.567051,-0.741194,0.359284,0.127229,-0.35214,-0.92726,0.813797,0.571515,-0.10538
0.696852,0.594809,1.06464,0.269218,-0.842696,0.466245,0.266698,-0.399953,-0.876875,0.925416,0.360417,0.117071
0.696852,0.509106,1.10341,0.269218,-0.951341,0.149908,0.266698,-0.0759238,-0.960785,0.925416,0.298641,0.233281
0.696852,0.415308,1.11054,0.269218,-0.945239,-0.18451,0.266698,0.257263,-0.92881,0.925416,0.200844,0.321353
0.696852,0.32473,1.08515,0.269218,-0.825128,-0.496674,0.266698,0.55942,-0.784807,0.925416,0.0788221,0.370666
0.696852,0.248297,1.03032,0.269218,-0.605494,-0.748931,0.266698,0.794102,-0.546144,0.925416,-0.0527066,0.375271
0.696852,0.195227,0.952654,0.269218,-0.312829,-0.910857,0.266698,0.933004,-0.241609,0.925416,-0.177878,0.334612
0.696852,0.171921,0.861519,0.269218,0.0175682,-0.962919,0.266698,0.959373,0.0920682,0.925416,-0.281595,0.253595
0.696852,0.181191,0.767909,0.269218,0.345846,-0.898839,0.266698,0.870026,0.414641,0.925416,-0.351347,0.14199
0.696852,0.221918,0.683115,0.269218,0.63241,-0.726346,0.266698,0.675742,0.687201,0.925416,-0.378722,0.0132592
0.696852,0.289191,0.617364,0.269218,0.842696,-0.466245,0.266698,0.399953,0.876875,0.925416,-0.360417,-0.117071
0.696852,0.374894,0.578587,0.269218,0.951341,-0.149908,0.266698,0.0759238,0.960785,0.925416,-0.298641,-0.233281
0.696852,0.468692,0.571461,0.269218,0.945239,0.18451,0.266698,-0.257263,0.92881,0.925416,-0.200844,-0.321353
0.696852,0.55927,0.596845,0.269218,0.825128,0.496674,0.266698,-0.55942,0.784807,0.925416,-0.0788221,-0.370666
0.696852,0.635703,0.651678,0.269218,0.605494,0.748931,0.266698,-0.794102,0.546144,0.925416,0.0527066,-0.375271
0.696852,0.688773,0.729346,0.269218,0.312829,0.910857,0.266698,-0.933004,0.241609,0.925416,0.177878,-0.334612
0.696852,0.712079,0.820481,0.269218,-0.0175682,0.962919,0.266698,-0.959373,-0.0920682,0.925416,0.281595,-0.253595
0.696852,0.702809,0.914091,0.269218,-0.345846,0.898839,0.266698,-0.870026,-0.414641,0.925416,0.351347,-0.14199
0.696852,0.662082,0.998885,0.269218,-0.63241,0.726346,0.266698,-0.675742,-0.687201,0.925416,0.378722,-0.0132592
0.696852,0.594809,1.06464,0.269218,-0.842696,0.466245,0.266698,-0.399953,-0.876875,0.925416,0.360417,0.117071
0.696834,0.673256,0.98197,-0.061087,-0.867958,0.492866,0.373999,-0.477718,-0.794928,0.925415,0.135771,0.353798
0.696834,0.611095,1.05256,-0.061087,-0.984184,0.166283,0.373999,-0.177026,-0.910377,0.925415,0.00657737,0.378898
0.696834,0.528539,1.09764,-0.061087,-0.981703,-0.180356,0.373999,0.145017,-0.916021,0.925415,-0.12341,0.358297
0.696834,0.435544,1.11176,-0.061087,-0.860813,-0.505241,0.373999,0.449569,-0.81118,0.925415,-0.238512,0.29448
0.696834,0.343329,1.09322,-0.061087,-0.636097,-0.769187,0.373999,0.699897,-0.608498,0.925415,-0.324846,0.195145
0.696834,0.263014,1.04426,-0.061087,-0.334658,-0.940357,0.373999,0.865806,-0.332422,0.925415,-0.371999,0.0722723
0.696834,0.204288,0.970788,-0.061087,0.00714507,-0.998107,0.373999,0.927287,-0.0162517,0.925415,-0.374284,-0.0593174
0.696834,0.174234,0.881659,-0.061087,0.348087,-0.93547,0.373999,0.876923,0.301879,0.925415,-0.331424,-0.183753
0.696834,0.176476,0.787626,-0.061087,0.647044,-0.760001,0.373999,0.720789,0.583599,0.925415,-0.248589,-0.286025
0.696834,0.210744,0.70003,-0.061087,0.867958,-0.492866,0.373999,0.477718,0.794928,0.925415,-0.135771,-0.353798
0.696834,0.272905,0.629437,-0.061087,0.984184,-0.166283,0.373999,0.177026,0.910377,0.925415,-0.00657737,-0.378898
0.696834,0.355461,0.584362,-0.061087,0.981703,0.180356,0.373999,-0.145017,0.916021,0.925415,0.12341,-0.358297
0.696834,0.448456,0.570241,-0.061087,0.860813,0.505241,0.373999,-0.449569,0.81118,0.925415,0.238512,-0.29448
0.696834,0.540671,0.588778,-0.061087,0.636097,0.769187,0.373999,-0.699897,0.608498,0.925415,0.324846,-0.195145
0.696834,0.620986,0.637736,-0.061087,0.334658,0.940357,0.373999,-0.865806,0.332422,0.925415,0.371999,-0.0722723
0.696834,0.679712,0.711212,-0.061087,-0.00714507,0.998107,0.373999,-0.927287,0.0162517,0.925415,0.374284,0.0593174
0.696834,0.709766,0.800341,-0.061087,-0.348087,0.93547,0.373999,-0.876923,-0.301879,0.925415,0.331424,0.183753
0.696834,0.707524,0.894374,-0.061087,-0.647044,0.760001,0.373999,-0.720789,-0.583599,0.925415,0.248589,0.286025
0.696834,0.673256,0.98197,-0.061087,-0.867958,0.492866,0.373999,-0.477718,-0.794928,0.925415,0.135771,0.353798
0.735794,0.746976,0.904285,-0.384024,-0.813933,0.435935,0.43619,-0.576055,-0.691303,0.813796,-0.0753264,0.576248
0.735794,0.706939,1.00478,-0.384024,-0.913945,0.131263,0.43619,-0.304875,-0.846634,0.813796,-0.267872,0.515733
0.735794,0.634946,1.08551,-0.384024,-0.903722,-0.189241,0.43619,0.00307704,-0.899849,0.813796,-0.428108,0.393013
0.735794,0.539681,1.13676,-0.384024,-0.784497,-0.486919,0.43619,0.310658,-0.844529,0.813796,-0.536709,0.222889
0.735794,0.432634,1.15233,-0.384024,-0.57065,-0.725868,0.43619,0.580769,-0.687347,0.813796,-0.580574,0.0258824
0.735794,0.326717,1.13035,-0.384024,-0.287974,-0.877267,0.43619,0.780831,-0.44726,0.813796,-0.554413,-0.174246
0.735794,0.234705,1.07347,-0.384024,0.029436,-0.922854,0.43619,0.886713,-0.153227,0.813796,-0.461382,-0.353359
0.735794,0.167696,0.988555,-0.384024,0.343295,-0.857131,0.43619,0.885644,0.159287,0.813796,-0.312702,-0.489851
0.735794,0.133771,0.885839,-0.384024,0.615748,-0.688026,0.43619,0.777754,0.452589,0.813796,-0.126305,-0.567259
0.735794,0.137024,0.777715,-0.384024,0.813933,-0.435935,0.43619,0.576055,0.691303,0.813796,0.0753264,-0.576248
0.735794,0.177061,0.677223,-0.384024,0.913945,-0.131263,0.43619,0.304875,0.846634,0.813796,0.267872,-0.515733
0.735794,0.249054,0.596486,-0.384024,0.903722,0.189241,0.43619,-0.00307704,0.899849,0.813796,0.428108,-0.393013
0.735794,0.344319,0.54524,-0.384024,0.784497,0.486919,0.43619,-0.310658,0.844529,0.813796,0.536709,-0.222889
0.735794,0.451366,0.529668,-0.384024,0.57065,0.725868,0.43619,-0.580769,0.687347,0.813796,0.580574,-0.0258824
0.735794,0.557283,0.551647,-0.384024,0.287974,0.877267,0.43619,-0.780831,0.44726,0.813796,0.554413,0.174246
0.735794,0.649295,0.608526,-0.384024,-0.029436,0.922854,0.43619,-0.886713,0.153227,0.813796,0.461382,0.353359
0.735794,0.716304,0.693445,-0.384024,-0.343295,0.857131,0.43619,-0.885644,-0.159287,0.813796,0.312702,0.489851
0.735794,0.750229,0.796161,-0.384024,-0.615748,0.688026,0.43619,-0.777754,-0.452589,0.813796,0.126305,0.567259
0.735794,0.746976,0.904285,-0.384024,-0.813933,0.435935,0.43619,-0.576055,-0.691303,0.813796,-0.0753264,0.576248
0.809034,0.807078,0.840952,-0.660642,-0.687136,0.302319,0.44577,-0.683103,-0.578497,0.604021,-0.247415,0.757591
0.809034,0.785077,0.965818,-0.660642,-0.749096,0.0490723,0.44577,-0.444049,-0.777245,0.604021,-0.491605,0.627282
0.809034,0.721697,1.07563,-0.660642,-0.720703,-0.210093,0.44577,-0.151437,-0.882245,0.604021,-0.676501,0.421313
0.809034,0.624581,1.15714,-0.660642,-0.605384,-0.443918,0.44577,0.159442,-0.880833,0.604021,-0.779801,0.164528
0.809034,0.505443,1.20052,-0.660642,-0.417046,-0.6242,0.44577,0.451089,-0.77318,0.604021,-0.789045,-0.112102
0.809034,0.378653,1.20054,-0.660642,-0.178406,-0.729194,0.44577,0.688328,-0.57227,0.604021,-0.703119,-0.37521
0.809034,0.259503,1.15719,-0.660642,0.0817523,-0.746237,0.44577,0.842545,-0.302336,0.604021,-0.532386,-0.593063
0.809034,0.162365,1.0757,-0.660642,0.33205,-0.673272,0.44577,0.895138,0.00406422,0.604021,-0.29744,-0.739384
0.809034,0.0989557,0.965909,-0.660642,0.542298,-0.519101,0.44577,0.839765,0.309974,0.604021,-0.0266177,-0.796524
0.809034,0.0769222,0.841048,-0.660642,0.687136,-0.302319,0.44577,0.683103,0.578497,0.604021,0.247415,-0.757591
0.809034,0.0989226,0.716182,-0.660642,0.749096,-0.0490723,0.44577,0.444049,0.777245,0.604021,0.491605,-0.627282
0.809034,0.162303,0.60637,-0.660642,0.720703,0.210093,0.44577,0.151437,0.882245,0.604021,0.676501,-0.421313
0.809034,0.259419,0.524858,-0.660642,0.605384,0.443918,0.44577,-0.159442,0.880833,0.604021,0.779801,-0.164528
0.809034,0.378557,0.481477,-0.660642,0.417046,0.6242,0.44577,-0.451089,0.77318,0.604021,0.789045,0.112102
0.809034,0.505347,0.48146,-0.660642,0.178406,0.729194,0.44577,-0.688328,0.57227,0.604021,0.703119,0.37521
0.809034,0.624497,0.524809,-0.660642,-0.0817523,0.746237,0.44577,-0.842545,0.302336,0.604021,0.532386,0.593063
0.809034,0.721635,0.606295,-0.660642,-0.33205,0.673272,0.44577,-0.895138,-0.00406422,0.604021,0.29744,0.739384
0.809034,0.785044,0.716091,-0.660642,-0.542298,0.519101,0.44577,-0.839765,-0.309974,0.604021,0.0266177,0.796524
0.809034,0.807078,0.840952,-0.660642,-0.687136,0.302319,0.44577,-0.683103,-0.578497,0.604021,-0.247415,0.757591
0.90772,0.846312,0.799607,-0.857576,-0.502861,0.108134,0.401584,-0.785951,-0.470118,0.321392,-0.359737,0.875954
0.90772,0.836086,0.940387,-0.857576,-0.509519,-0.070376,0.401584,-0.577763,-0.710578,0.321392,-0.637637,0.70009
0.90772,0.778327,1.06918,-0.857576,-0.454721,-0.240398,0.401584,-0.299888,-0.865331,0.321392,-0.838627,0.439785
0.90772,0.680003,1.17045,-0.857576,-0.345078,-0.381424,0.401584,0.0141585,-0.915713,0.321392,-0.938467,0.126436
0.90772,0.552972,1.23198,-0.857576,-0.193812,-0.476445,0.401584,0.326497,-0.855646,0.321392,-0.925114,-0.202164
0.90772,0.412556,1.24636,-0.857576,-0.0191703,-0.513999,0.401584,0.599455,-0.692376,0.321392,-0.800179,-0.50638
0.90772,0.275691,1.21184,-0.857576,0.157784,-0.489558,0.401584,0.80011,-0.445595,0.321392,-0.57873,-0.749519
0.90772,0.158886,1.1326,-0.857576,0.315707,-0.406069,0.401584,0.90426,-0.145068,0.321392,-0.287478,-0.902255
0.90772,0.0762282,1.01818,-0.857576,0.435551,-0.273602,0.401584,0.899342,0.172955,0.321392,0.0384484,-0.946165
0.90772,0.0376881,0.882393,-0.857576,0.502861,-0.108134,0.401584,0.785951,0.470118,0.321392,0.359737,-0.875954
0.90772,0.047914,0.741613,-0.857576,0.509519,0.070376,0.401584,0.577763,0.710578,0.321392,0.637637,-0.70009
0.90772,0.105673,0.612822,-0.857576,0.454721,0.240398,0.401584,0.299888,0.865331,0.321392,0.838627,-0.439785
0.90772,0.203997,0.511552,-0.857576,0.345078,0.381424,0.401584,-0.0141585,0.915713,0.321392,0.938467,-0.126436
0.90772,0.331028,0.450018,-0.857576,0.193812,0.476445,0.401584,-0.326497,0.855646,0.321392,0.925114,0.202164
0.90772,0.471444,0.435643,-0.857576,0.0191703,0.513999,0.401584,-0.599455,0.692376,0.321392,0.800179,0.50638
0.90772,0.608309,0.470159,-0.857576,-0.157784,0.489558,0.401584,-0.80011,0.445595,0.321392,0.57873,0.749519
0.90772,0.725114,0.549405,-0.857576,-0.315707,0.406069,0.401584,-0.90426,0.145068,0.321392,0.287478,0.902255
0.90772,0.807772,0.663821,-0.857576,-0.435551,0.273602,0.401584,-0.899342,-0.172955,0.321392,-0.0384484,0.946165
0.90772,0.846312,0.799607,-0.857576,-0.502861,0.108134,0.401584,-0.785951,-0.470118,0.321392,-0.359737,0.875954
0.883612,0.283028,1.20694,0.961642,-0.267132,-0.0623324,-0.0812368,-0.0603002,-0.994869,0.262003,0.961771,-0.0796881
0.883612,0.167455,1.1305,0.961642,-0.229703,-0.149938,-0.0812368,0.283602,-0.955495,0.262003,0.931024,0.254063
0.883612,0.0849966,1.01914,0.961642,-0.164569,-0.219459,-0.0812368,0.593297,-0.800874,0.262003,0.787982,0.55717
0.883612,0.0455978,0.886298,0.961642,-0.0795847,-0.262509,-0.0812368,0.831432,-0.549656,0.262003,0.549898,0.793074
0.883612,0.0540109,0.747989,0.961642,0.0149984,-0.273898,-0.0812368,0.969284,-0.232141,0.262003,0.245487,0.933322
0.883612,0.109221,0.620898,0.961642,0.107772,-0.25225,-0.0812368,0.990226,0.113373,0.262003,-0.0885324,0.960998
0.883612,0.20457,0.520355,0.961642,0.187548,-0.200177,-0.0812368,0.891732,0.445213,0.262003,-0.411874,0.872763
0.883612,0.328556,0.458486,0.961642,0.244702,-0.12396,-0.0812368,0.685682,0.723354,0.262003,-0.685537,0.679259
0.883612,0.466225,0.442754,0.961642,0.272341,-0.0327913,-0.0812368,0.396929,0.914247,0.262003,-0.876515,0.403828
0.883612,0.600972,0.475057,0.961642,0.267132,0.0623324,-0.0812368,0.0603002,0.994869,0.262003,-0.961771,0.0796881
0.883612,0.716545,0.551497,0.961642,0.229703,0.149938,-0.0812368,-0.283602,0.955495,0.262003,-0.931024,-0.254063
0.883612,0.799003,0.662856,0.961642,0.164569,0.219459,-0.0812368,-0.593297,0.800874,0.262003,-0.787982,-0.55717
0.883612,0.838402,0.795702,0.961642,0.0795847,0.262509,-0.0812368,-0.831432,0.549656,0.262003,-0.549898,-0.793074
0.883612,0.829989,0.934011,0.961642,-0.0149984,0.273898,-0.0812368,-0.969284,0.232141,0.262003,-0.245487,-0.933322
0.883612,0.774779,1.0611,0.961642,-0.107772,0.25225,-0.0812368,-0.990226,-0.113373,0.262003,0.0885324,-0.960998
0.883612,0.67943,1.16165,0.961642,-0.187548,0.200177,-0.0812368,-0.891732,-0.445213,0.262003,0.411874,-0.872763
0.883612,0.555444,1.22351,0.961642,-0.244702,0.12396,-0.0812368,-0.685682,-0.723354,0.262003,0.685537,-0.679259
0.883612,0.417775,1.23925,0.961642,-0.272341,0.0327913,-0.0812368,-0.396929,-0.914247,0.262003,0.876515,-0.403828
0.883612,0.283028,1.20694,0.961642,-0.267132,-0.0623324,-0.0812368,-0.0603002,-0.994869,0.262003,0.961771,-0.0796881
0.763622,0.3307,1.15671,0.856221,-0.487776,0.170178,0.156285,-0.0694093,-0.98527,0.492403,0.870205,0.0168027
0.763622,0.229434,1.0996,0.856221,-0.516564,-0.00691457,0.156285,0.271759,-0.94959,0.492403,0.811978,0.313417
0.763622,0.153807,1.0113,0.856221,-0.483046,-0.183173,0.156285,0.580149,-0.799376,0.492403,0.655815,0.572229
0.763622,0.112939,0.902465,0.856221,-0.391266,-0.337338,0.156285,0.818564,-0.552745,0.492403,0.420551,0.762021
0.763622,0.111762,0.786213,0.856221,-0.252294,-0.450815,0.156285,0.958249,-0.239445,0.492403,0.134562,0.859902
0.763622,0.150416,0.676569,0.856221,-0.0828909,-0.509917,0.156285,0.982354,0.102736,0.492403,-0.167657,0.854067
0.763622,0.224239,0.586758,0.856221,0.0965099,-0.507516,0.156285,0.887974,0.432525,0.492403,-0.449654,0.745218
0.763622,0.324328,0.527612,0.856221,0.26427,-0.4439,0.156285,0.68649,0.710145,0.492403,-0.677416,0.546485
0.763622,0.438609,0.506265,0.856221,0.400156,-0.326744,0.156285,0.402206,0.902112,0.492403,-0.823472,0.281838
0.763622,0.5533,0.525293,0.856221,0.487776,-0.170178,0.156285,0.0694093,0.98527,0.492403,-0.870205,-0.0168027
0.763622,0.654566,0.582399,0.856221,0.516564,0.00691457,0.156285,-0.271759,0.94959,0.492403,-0.811978,-0.313417
0.763622,0.730193,0.670696,0.856221,0.483046,0.183173,0.156285,-0.580149,0.799376,0.492403,-0.655815,-0.572229
0.763622,0.771061,0.779535,0.856221,0.391266,0.337338,0.156285,-0.818564,0.552745,0.492403,-0.420551,-0.762021
0.763622,0.772238,0.895787,0.856221,0.252294,0.450815,0.156285,-0.958249,0.239445,0.492403,-0.134562,-0.859902
0.763622,0.733584,1.00543,0.856221,0.0828909,0.509917,0.156285,-0.982354,-0.102736,0.492403,0.167657,-0.854067
0.763622,0.659761,1.09524,0.856221,-0.0965099,0.507516,0.156285,-0.887974,-0.432525,0.492403,0.449654,-0.745218
0.763622,0.559672,1.15439,0.856221,-0.26427,0.4439,0.156285,-0.68649,-0.710145,0.492403,0.677416,-0.546485
0.763622,0.445391,1.17573,0.856221,-0.400156,0.326744,0.156285,-0.402206,-0.902112,0.492403,0.823472,-0.281838
0.763622,0.3307,1.15671,0.856221,-0.487776,0.170178,0.156285,-0.0694093,-0.98527,0.492403,0.870205,0.0168027
0.674556,0.403747,1.07973,0.647527,-0.670294,0.362512,0.374957,-0.133889,-0.917323,0.663413,0.729917,0.164635
0.674556,0.324402,1.05225,0.647527,-0.753857,0.111395,0.374957,0.187928,-0.907794,0.663413,0.629589,0.404353
0.674556,0.259242,0.999291,0.647527,-0.746493,-0.153157,0.374957,0.487079,-0.788772,0.663413,0.453324,0.595299
0.674556,0.216125,0.927238,0.647527,-0.649091,-0.399236,0.374957,0.72748,-0.574613,0.663413,0.22238,0.714444
0.674556,0.200252,0.844783,0.647527,-0.4734,-0.597162,0.374957,0.880137,-0.291146,0.663413,-0.0353851,0.747417
0.674556,0.213537,0.761872,0.647527,-0.240609,-0.723061,0.374957,0.926636,0.0274363,0.663413,-0.288883,0.69024
0.674556,0.254378,0.688505,0.647527,0.021203,-0.761748,0.374957,0.861369,0.34271,0.663413,-0.507537,0.549809
0.674556,0.317849,0.633531,0.647527,0.280457,-0.708557,0.374957,0.692209,0.616648,0.663413,-0.664974,0.343064
0.674556,0.396295,0.603581,0.647527,0.505884,-0.569904,0.374957,0.439557,0.816208,0.663413,-0.742206,0.0949401
0.674556,0.480253,0.602267,0.647527,0.670294,-0.362512,0.374957,0.133889,0.917323,0.663413,-0.729917,-0.164635
0.674556,0.559598,0.629748,0.647527,0.753857,-0.111395,0.374957,-0.187928,0.907794,0.663413,-0.629589,-0.404353
0.674556,0.624758,0.682709,0.647527,0.746493,0.153157,0.374957,-0.487079,0.788772,0.663413,-0.453324,-0.595299
0.674556,0.667875,0.754762,0.647527,0.649091,0.399236,0.374957,-0.72748,0.574613,0.663413,-0.22238,-0.714444
0.674556,0.683748,0.837217,0.647527,0.4734,0.597162,0.374957,-0.880137,0.291146,0.663413,0.0353851,-0.747417
0.674556,0.670463,0.920128,0.647527,0.240609,0.723061,0.374957,-0.926636,-0.0274363,0.663413,0.288883,-0.69024
0.674556,0.629622,0.993495,0.647527,-0.021203,0.761748,0.374957,-0.861369,-0.34271,0.663413,0.507537,-0.549809
0.674556,0.566151,1.04847,0.647527,-0.280457,0.708557,0.374957,-0.692209,-0.616648,0.663413,0.664974,-0.343064
0.674556,0.487705,1.07842,0.647527,-0.505884,0.569904,0.374957,-0.439557,-0.816208,0.663413,0.742206,-0.0949401
0.674556,0.403747,1.07973,0.647527,-0.670294,0.362512,0.374957,-0.133889,-0.917323,0.663413,0.729917,0.164635
0.627155,0.493357,0.985303,0.360731,-0.792672,0.491471,0.548404,-0.245963,-0.799222,0.754404,0.557829,0.345978
0.627155,0.440905,0.994166,0.360731,-0.912961,0.190722,0.548404,0.0422207,-0.835147,0.754404,0.405856,0.515902
0.627155,0.388585,0.984554,0.360731,-0.923134,-0.133031,0.548404,0.325312,-0.770341,0.754404,0.204931,0.6236
0.627155,0.342708,0.957628,0.360731,-0.821962,-0.440739,0.548404,0.569165,-0.612621,0.754404,-0.0207114,0.656083
0.627155,0.308807,0.916635,0.360731,-0.62165,-0.695287,0.548404,0.744369,-0.381009,0.754404,-0.243856,0.609433
0.627155,0.290971,0.866519,0.360731,-0.346358,-0.865973,0.548404,0.829791,-0.103442,0.754404,-0.437588,0.489276
0.627155,0.291351,0.813325,0.360731,-0.02929,-0.93221,0.548404,0.815128,0.186601,0.754404,-0.57854,0.310105
0.627155,0.309902,0.763469,0.360731,0.291311,-0.886008,0.548404,0.702148,0.454138,0.754404,-0.649712,0.0935309
0.627155,0.344386,0.722964,0.360731,0.576775,-0.732941,0.548404,0.504479,0.666899,0.754404,-0.642519,-0.134324
0.627155,0.390643,0.696697,0.360731,0.792672,-0.491471,0.548404,0.245963,0.799222,0.754404,-0.557829,-0.345978
0.627155,0.443095,0.687834,0.360731,0.912961,-0.190722,0.548404,-0.0422207,0.835147,0.754404,-0.405856,-0.515902
0.627155,0.495415,0.697446,0.360731,0.923134,0.133031,0.548404,-0.325312,0.770341,0.754404,-0.204931,-0.6236
0.627155,0.541292,0.724372,0.360731,0.821962,0.440739,0.548404,-0.569165,0.612621,0.754404,0.0207114,-0.656083
0.627155,0.575193,0.765365,0.360731,0.62165,0.695287,0.548404,-0.744369,0.381009,0.754404,0.243856,-0.609433
0.627155,0.593029,0.815481,0.360731,0.346358,0.865973,0.548404,-0.829791,0.103442,0.754404,0.437588,-0.489276
0.627155,0.592649,0.868675,0.360731,0.02929,0.93221,0.548404,-0.815128,-0.186601,0.754404,0.57854,-0.310105
0.627155,0.574098,0.918531,0.360731,-0.291311,0.886008,0.548404,-0.702148,-0.454138,0.754404,0.649712,-0.0935309
0.627155,0.539614,0.959036,0.360731,-0.576775,0.732941,0.548404,-0.504479,-0.666899,0.754404,0.642519,0.134324
0.627155,0.493357,0.985303,0.360731,-0.792672,0.491471,0.548404,-0.245963,-0.799222,0.754404,0.557829,0.345978
0.627137,0.588723,0.884809,0.0304265,-0.840149,0.541501,0.655705,-0.392112,-0.645213,0.754404,0.374696,0.538959
0.627137,0.564891,0.932349,0.0304265,-0.974686,0.221497,0.655705,-0.147789,-0.740412,0.754404,0.167764,0.63461
0.627137,0.526236,0.968871,0.0304265,-0.991662,-0.125224,0.655705,0.11436,-0.746306,0.754404,-0.0594023,0.653717
0.627137,0.477422,0.98997,0.0304265,-0.889028,-0.45684,0.655705,0.362715,-0.662185,0.754404,-0.279404,0.593976
0.627137,0.424335,0.993101,0.0304265,-0.679165,-0.733355,0.655705,0.567321,-0.498195,0.754404,-0.465706,0.462593
0.627137,0.373379,0.977886,0.0304265,-0.387384,-0.921416,0.655705,0.7035,-0.274115,0.754404,-0.595837,0.275415
0.627137,0.330699,0.946161,0.0304265,-0.048879,-0.998341,0.655705,0.754827,-0.0169725,0.754404,-0.654101,0.0550169
0.627137,0.301444,0.901752,0.0304265,0.295522,-0.954851,0.655705,0.71511,0.242217,0.754404,-0.63347,-0.172017
0.627137,0.289142,0.850015,0.0304265,0.604278,-0.796193,0.655705,0.58914,0.472192,0.754404,-0.536434,-0.378302
0.627137,0.295277,0.797191,0.0304265,0.840149,-0.541501,0.655705,0.392112,0.645213,0.754404,-0.374696,-0.538959
0.627137,0.319109,0.749651,0.0304265,0.974686,-0.221497,0.655705,0.147789,0.740412,0.754404,-0.167764,-0.63461
0.627137,0.357764,0.713129,0.0304265,0.991662,0.125224,0.655705,-0.11436,0.746306,0.754404,0.0594023,-0.653717
0.627137,0.406578,0.69203,0.0304265,0.889028,0.45684,0.655705,-0.362715,0.662185,0.754404,0.279404,-0.593976
0.627137,0.459665,0.688899,0.0304265,0.679165,0.733355,0.655705,-0.567321,0.498195,0.754404,0.465706,-0.462593
0.627137,0.510621,0.704114,0.0304265,0.387384,0.921416,0.655705,-0.7035,0.274115,0.754404,0.595837,-0.275415
0.627137,0.553301,0.735839,0.0304265,0.048879,0.998341,0.655705,-0.754827,0.0169725,0.754404,0.654101,-0.0550169
0.627137,0.582556,0.780248,0.0304265,-0.295522,0.954851,0.655705,-0.71511,-0.242217,0.754404,0.63347,0.172017
0.627137,0.594858,0.831985,0.0304265,-0.604278,0.796193,0.655705,-0.58914,-0.472192,0.754404,0.536434,0.378302
0.627137,0.588723,0.884809,0.0304265,-0.840149,0.541501,0.655705,-0.392112,-0.645213,0.754404,0.374696,0.538959
0.674504,0.678342,0.79037,-0.303548,-0.806999,0.506568,0.683918,-0.554709,-0.473871,0.663411,0.202608,0.720302
0.674504,0.681405,0.874257,-0.303548,-0.931587,0.200008,0.683918,-0.359183,-0.635015,0.663411,-0.0559684,0.746159
0.674504,0.655592,0.954133,-0.303548,-0.943813,-0.130675,0.683918,-0.120334,-0.719567,0.663411,-0.307794,0.682018
0.674504,0.604017,1.02036,-0.303548,-0.8422,-0.445598,0.683918,0.13303,-0.717328,0.663411,-0.522496,0.535615
0.674504,0.532901,1.06496,-0.303548,-0.639006,-0.706774,0.683918,0.370348,-0.628569,0.663411,-0.674177,0.324609
0.674504,0.45082,1.08254,-0.303548,-0.358738,-0.882703,0.683918,0.562996,-0.463995,0.663411,-0.744542,0.074451
0.674504,0.367676,1.07099,-0.303548,-0.0352012,-0.952166,0.683918,0.687739,-0.243457,0.663411,-0.725104,-0.184687
0.674504,0.293496,1.0317,-0.303548,0.292582,-0.906783,0.683918,0.72953,0.00644594,0.663411,-0.618208,-0.421549
0.674504,0.237228,0.96941,-0.303548,0.585075,-0.752028,0.683918,0.68333,0.255571,0.663411,-0.436747,-0.607567
0.674504,0.205658,0.89163,-0.303548,0.806999,-0.506568,0.683918,0.554709,0.473871,0.663411,-0.202608,-0.720302
0.674504,0.202595,0.807743,-0.303548,0.931587,-0.200008,0.683918,0.359183,0.635015,0.663411,0.0559684,-0.746159
0.674504,0.228408,0.727867,-0.303548,0.943813,0.130675,0.683918,0.120334,0.719567,0.663411,0.307794,-0.682018
0.674504,0.279983,0.661637,-0.303548,0.8422,0.445598,0.683918,-0.13303,0.717328,0.663411,0.522496,-0.535615
0.674504,0.351099,0.617041,-0.303548,0.639006,0.706774,0.683918,-0.370348,0.628569,0.663411,0.674177,-0.324609
0.674504,0.43318,0.599457,-0.303548,0.358738,0.882703,0.683918,-0.562996,0.463995,0.663411,0.744542,-0.074451
0.674504,0.516324,0.611007,-0.303548,0.0352012,0.952166,0.683918,-0.687739,0.243457,0.663411,0.725104,0.184687
0.674504,0.590504,0.650298,-0.303548,-0.292582,0.906783,0.683918,-0.72953,-0.00644594,0.663411,0.618208,0.421549
0.674504,0.646772,0.71259,-0.303548,-0.585075,0.752028,0.683918,-0.68333,-0.255571,0.663411,0.436747,0.607567
0.674504,0.678342,0.79037,-0.303548,-0.806999,0.506568,0.683918,-0.554709,-0.473871,0.663411,0.202608,0.720302
0.763543,0.751404,0.713379,-0.60091,-0.69722,0.390885,0.629641,-0.714143,-0.305863,0.492402,0.0623208,0.868134
0.763543,0.776394,0.826898,-0.60091,-0.788863,0.128848,0.629641,-0.566464,-0.531669,0.492402,-0.238357,0.837094
0.763543,0.761051,0.942117,-0.60091,-0.785357,-0.148729,0.629641,-0.350461,-0.693347,0.492402,-0.510285,0.705088
0.763543,0.707225,1.04514,-0.60091,-0.687126,-0.408368,0.629641,-0.0921866,-0.771398,0.492402,-0.720666,0.488038
0.763543,0.62141,1.12354,-0.60091,-0.506018,-0.618751,0.629641,0.177206,-0.756406,0.492402,-0.844123,0.212124
0.763543,0.513955,1.16786,-0.60091,-0.263876,-0.754504,0.629641,0.425226,-0.650181,0.492402,-0.865767,-0.0893759
0.763543,0.397821,1.17276,-0.60091,0.0100936,-0.799253,0.629641,0.621957,-0.465535,0.492402,-0.782987,-0.380096
0.763543,0.287016,1.13764,-0.60091,0.282845,-0.7476,0.629641,0.74367,-0.224738,0.492402,-0.605766,-0.62497
0.763543,0.194904,1.06675,-0.60091,0.521482,-0.605775,0.629641,0.775686,0.0431657,0.492402,-0.355482,-0.794464
0.763543,0.132596,0.968621,-0.60091,0.69722,-0.390885,0.629641,0.714143,0.305863,0.492402,-0.0623208,-0.868134
0.763543,0.107606,0.855102,-0.60091,0.788863,-0.128848,0.629641,0.566464,0.531669,0.492402,0.238357,-0.837094
0.763543,0.122949,0.739883,-0.60091,0.785357,0.148729,0.629641,0.350461,0.693347,0.492402,0.510285,-0.705088
0.763543,0.176775,0.636859,-0.60091,0.687126,0.408368,0.629641,0.0921866,0.771398,0.492402,0.720666,-0.488038
0.763543,0.26259,0.558458,-0.60091,0.506018,0.618751,0.629641,-0.177206,0.756406,0.492402,0.844123,-0.212124
0.763543,0.370045,0.514135,-0.60091,0.263876,0.754504,0.629641,-0.425226,0.650181,0.492402,0.865767,0.0893759
0.763543,0.486179,0.509238,-0.60091,-0.0100936,0.799253,0.629641,-0.621957,0.465535,0.492402,0.782987,0.380096
0.763543,0.596984,0.544355,-0.60091,-0.282845,0.7476,0.629641,-0.74367,0.224738,0.492402,0.605766,0.62497
0.763543,0.689096,0.615253,-0.60091,-0.521482,0.605775,0.629641,-0.775686,-0.0431657,0.492402,0.355482,0.794464
0.763543,0.751404,0.713379,-0.60091,-0.69722,0.390885,0.629641,-0.714143,-0.305863,0.492402,0.0623208,0.868134
0.883514,0.799098,0.66312,-0.825794,-0.524053,0.208405,0.499419,-0.851184,-0.161453,0.262001,-0.0292452,0.964624
0.883514,0.8384,0.795982,-0.825794,-0.563727,0.0166002,0.499419,-0.744631,-0.442838,0.262001,-0.357402,0.896448
0.883514,0.829892,0.934274,-0.825794,-0.535408,-0.177207,0.499419,-0.548265,-0.67081,0.262001,-0.642452,0.720147
0.883514,0.774597,1.06132,-0.825794,-0.442511,-0.34964,0.499419,-0.28577,-0.817873,0.262001,-0.850012,0.456985
0.883514,0.679187,1.16178,-0.825794,-0.29624,-0.479902,0.499419,0.0111935,-0.866288,0.262001,-0.955048,0.138704
0.883514,0.555168,1.22356,-0.825794,-0.114238,-0.55228,0.499419,0.306806,-0.810216,0.262001,-0.944891,-0.196306
0.883514,0.4175,1.2392,-0.825794,0.0815422,-0.558046,0.499419,0.565414,-0.65642,0.262001,-0.820767,-0.507639
0.883514,0.282786,1.2068,-0.825794,0.267487,-0.496502,0.499419,0.755824,-0.42345,0.262001,-0.597646,-0.757744
0.883514,0.167276,1.13029,-0.825794,0.42117,-0.375073,0.499419,0.855071,-0.139406,0.262001,-0.302439,-0.916453
0.883514,0.0849024,1.01888,-0.825794,0.524053,-0.208405,0.499419,0.851184,0.161453,0.262001,0.0292452,-0.964624
0.883514,0.0455995,0.886018,-0.825794,0.563727,-0.0166002,0.499419,0.744631,0.442838,0.262001,0.357402,-0.896448
0.883514,0.0541084,0.747726,-0.825794,0.535408,0.177207,0.499419,0.548265,0.67081,0.262001,0.642452,-0.720147
0.883514,0.109403,0.620684,-0.825794,0.442511,0.34964,0.499419,0.28577,0.817873,0.262001,0.850012,-0.456985
0.883514,0.204813,0.520216,-0.825794,0.29624,0.479902,0.499419,-0.0111935,0.866288,0.262001,0.955048,-0.138704
0.883514,0.328832,0.458439,-0.825794,0.114238,0.55228,0.499419,-0.306806,0.810216,0.262001,0.944891,0.196306
0.883514,0.4665,0.442804,-0.825794,-0.0815422,0.558046,0.499419,-0.565414,0.65642,0.262001,0.820767,0.507639
0.883514,0.601214,0.475198,-0.825794,-0.267487,0.496502,0.499419,-0.755824,0.42345,0.262001,0.597646,0.757744
0.883514,0.716724,0.551713,-0.825794,-0.42117,0.375073,0.499419,-0.855071,0.139406,0.262001,0.302439,0.916453
0.883514,0.799098,0.66312,-0.825794,-0.524053,0.208405,0.499419,-0.851184,-0.161453,0.262001,-0.0292452,0.964624
0.875863,0.16343,1.1228,0.985232,-0.162895,-0.0527646,-0.00862081,0.260575,-0.965415,0.17101,0.951612,0.255322
0.875863,0.0838482,1.01053,0.985232,-0.135024,-0.105296,-0.00862081,0.575052,-0.818072,0.17101,0.806898,0.565395
0.875863,0.0474651,0.87781,0.985232,-0.0908681,-0.145127,-0.00862081,0.820169,-0.572057,0.17101,0.56486,0.807273
0.875863,0.0586687,0.740651,0.985232,-0.0357519,-0.167453,-0.00862081,0.966361,-0.257043,0.17101,0.254691,0.951782
0.875863,0.116108,0.615596,0.985232,0.0236766,-0.169582,-0.00862081,0.995997,0.0889734,0.17101,-0.0861974,0.981491
0.875863,0.212854,0.517728,0.985232,0.0802493,-0.151257,-0.00862081,0.9055,0.424259,0.17101,-0.416689,0.892819
0.875863,0.337239,0.458851,0.985232,0.127143,-0.114689,-0.00862081,0.705787,0.708372,0.17101,-0.696922,0.696459
0.875863,0.474259,0.446067,0.985232,0.158701,-0.0642867,-0.00862081,0.420945,0.907045,0.17101,-0.893095,0.416097
0.875863,0.607389,0.480918,0.985232,0.171117,-0.00613078,-0.00862081,0.0853314,0.996315,0.17101,-0.981548,0.0855463
0.875863,0.72057,0.5592,0.985232,0.162895,0.0527646,-0.00862081,-0.260575,0.965415,0.17101,-0.951612,-0.255322
0.875863,0.800152,0.671471,0.985232,0.135024,0.105296,-0.00862081,-0.575052,0.818072,0.17101,-0.806898,-0.565395
0.875863,0.836535,0.80419,0.985232,0.0908681,0.145127,-0.00862081,-0.820169,0.572057,0.17101,-0.56486,-0.807273
0.875863,0.825331,0.941349,0.985232,0.0357519,0.167453,-0.00862081,-0.966361,0.257043,0.17101,-0.254691,-0.951782
0.875863,0.767892,1.0664,0.985232,-0.0236766,0.169582,-0.00862081,-0.995997,-0.0889734,0.17101,0.0861974,-0.981491
0.875863,0.671146,1.16427,0.985232,-0.0802493,0.151257,-0.00862081,-0.9055,-0.424259,0.17101,0.416689,-0.892819
0.875863,0.546761,1.22315,0.985232,-0.127143,0.114689,-0.00862081,-0.705787,-0.708372,0.17101,0.696922,-0.696459
0.875863,0.409741,1.23593,0.985232,-0.158701,0.0642867,-0.00862081,-0.420945,-0.907045,0.17101,0.893095,-0.416097
0.875863,0.276611,1.20108,0.985232,-0.171117,0.00613078,-0.00862081,-0.0853314,-0.996315,0.17101,0.981548,-0.0855463
0.875863,0.16343,1.1228,0.985232,-0.162895,-0.0527646,-0.00862081,0.260575,-0.965415,0.17101,0.951612,0.255322
0.749059,0.21381,1.06971,0.900555,-0.391783,0.188433,0.292759,0.226087,-0.929073,0.321393,0.891847,0.318302
0.749059,0.149348,0.977872,0.900555,-0.432604,0.0430716,0.292759,0.530214,-0.795717,0.321393,0.729196,0.604136
0.749059,0.120184,0.869525,0.900555,-0.421246,-0.107485,0.292759,0.77039,-0.566385,0.321393,0.478594,0.817101
0.749059,0.129836,0.757737,0.900555,-0.359079,-0.245077,0.292759,0.917645,-0.268739,0.321393,0.170266,0.931513
0.749059,0.177139,0.655992,0.900555,-0.253603,-0.35311,0.292759,0.954218,0.0613206,0.321393,-0.158599,0.93357
0.749059,0.256389,0.576562,0.900555,-0.117538,-0.418552,0.292759,0.875699,0.383984,0.321393,-0.468334,0.823025
0.749059,0.358026,0.529027,0.900555,0.0327036,-0.433511,0.292759,0.691557,0.660334,0.321393,-0.721581,0.613211
0.749059,0.469791,0.51912,0.900555,0.179001,-0.396181,0.292759,0.424004,0.857037,0.321393,-0.887795,0.329435
0.749059,0.578205,0.548037,0.900555,0.303708,-0.311067,0.292759,0.105309,0.95037,0.321393,-0.946927,0.0059236
0.749059,0.67019,0.61229,0.900555,0.391783,-0.188433,0.292759,-0.226087,0.929073,0.321393,-0.891847,-0.318302
0.749059,0.734652,0.704128,0.900555,0.432604,-0.0430716,0.292759,-0.530214,0.795717,0.321393,-0.729196,-0.604136
0.749059,0.763816,0.812475,0.900555,0.421246,0.107485,0.292759,-0.77039,0.566385,0.321393,-0.478594,-0.817101
0.749059,0.754164,0.924263,0.900555,0.359079,0.245077,0.292759,-0.917645,0.268739,0.321393,-0.170266,-0.931513
0.749059,0.706861,1.02601,0.900555,0.253603,0.35311,0.292759,-0.954218,-0.0613206,0.321393,0.158599,-0.93357
0.749059,0.627611,1.10544,0.900555,0.117538,0.418552,0.292759,-0.875699,-0.383984,0.321393,0.468334,-0.823025
0.749059,0.525974,1.15297,0.900555,-0.0327036,0.433511,0.292759,-0.691557,-0.660334,0.321393,0.721581,-0.613211
0.749059,0.414209,1.16288,0.900555,-0.179001,0.396181,0.292759,-0.424004,-0.857037,0.321393,0.887795,-0.329435
0.749059,0.305795,1.13396,0.900555,-0.303708,0.311067,0.292759,-0.105309,-0.95037,0.321393,0.946927,-0.0059236
0.749059,0.21381,1.06971,0.900555,-0.391783,0.188433,0.292759,0.226087,-0.929073,0.321393,0.891847,0.318302
0.654934,0.291006,0.988363,0.707258,-0.586932,0.394077,0.558827,0.122726,-0.820153,0.433011,0.800281,0.414792
0.654934,0.249711,0.927833,0.707258,-0.686318,0.169569,0.558827,0.395833,-0.728717,0.433011,0.61015,0.663489
0.654934,0.231609,0.85683,0.707258,-0.702924,-0.075392,0.558827,0.621197,-0.549387,0.433011,0.346427,0.83216
0.654934,0.238883,0.783917,0.707258,-0.634747,-0.31126,0.558827,0.771636,-0.303793,0.433011,0.0409196,0.90046
0.654934,0.270656,0.717889,0.707258,-0.49001,-0.509585,0.558827,0.829004,-0.021557,0.433011,-0.269523,0.86015
0.654934,0.323095,0.66671,0.707258,-0.286171,-0.646446,0.558827,0.786382,0.263279,0.433011,-0.547458,0.716095
0.654934,0.389877,0.636554,0.707258,-0.0478148,-0.705337,0.558827,0.64891,0.51636,0.433011,-0.759361,0.485667
0.654934,0.462945,0.631056,0.707258,0.196308,-0.679153,0.558827,0.433171,0.70716,0.433011,-0.879674,0.196661
0.654934,0.533487,0.650881,0.707258,0.416753,-0.571054,0.558827,0.165184,0.812666,0.433011,-0.893885,-0.116065
0.654934,0.592994,0.693637,0.707258,0.586932,-0.394077,0.558827,-0.122726,0.820153,0.433011,-0.800281,-0.414792
0.654934,0.634289,0.754167,0.707258,0.686318,-0.169569,0.558827,-0.395833,0.728717,0.433011,-0.61015,-0.663489
0.654934,0.652391,0.82517,0.707258,0.702924,0.075392,0.558827,-0.621197,0.549387,0.433011,-0.346427,-0.83216
0.654934,0.645117,0.898083,0.707258,0.634747,0.31126,0.558827,-0.771636,0.303793,0.433011,-0.0409196,-0.90046
0.654934,0.613344,0.964111,0.707258,0.49001,0.509585,0.558827,-0.829004,0.021557,0.433011,0.269523,-0.86015
0.654934,0.560905,1.01529,0.707258,0.286171,0.646446,0.558827,-0.786382,-0.263279,0.433011,0.547458,-0.716095
0.654934,0.494123,1.04545,0.707258,0.0478148,0.705337,0.558827,-0.64891,-0.51636,0.433011,0.759361,-0.485667
0.654934,0.421055,1.05094,0.707258,-0.196308,0.679153,0.558827,-0.433171,-0.70716,0.433011,0.879674,-0.196661
