0.658953,0.524414,1.09736,0.308961,0.748474,-0.586796,0.951075,-0.243147,0.19062,-3.49349e-06,-0.616981,-0.786978
0.907818,0.310687,1.32464,0.92986,-0.356975,-0.0890505,-0.179072,-0.227689,-0.957126,0.321394,0.905939,-0.275643
0.907818,0.179127,1.27347,0.92986,-0.30499,-0.205773,-0.179072,0.113399,-0.977279,0.321394,0.94558,0.0508295
0.907818,0.0730025,1.18039,0.92986,-0.216218,-0.297676,-0.179072,0.440809,-0.879557,0.321394,0.87117,0.371172
0.907818,0.00511211,1.05663,0.92986,-0.101368,-0.353675,-0.179072,0.715051,-0.675748,0.321394,0.691684,0.646745
0.907818,-0.0163551,0.917114,0.92986,0.0257096,-0.367015,-0.179072,0.903048,-0.390433,0.321394,0.42877,0.844311
0.907818,0.0111902,0.778669,0.92986,0.149686,-0.336088,-0.179072,0.982123,-0.0580269,0.321394,0.114141,0.940041
0.907818,0.0844255,0.657993,0.92986,0.255608,-0.264624,-0.179072,0.94274,0.281378,0.321394,-0.214256,0.922388
0.907818,0.194518,0.569643,0.92986,0.330699,-0.161243,-0.179072,0.789649,0.586845,0.321394,-0.51681,0.793482
0.907818,0.328188,0.524275,0.92986,0.365904,-0.0384126,-0.179072,0.541314,0.82153,0.321394,-0.757029,0.56887
0.907818,0.469313,0.527361,0.92986,0.356975,0.0890505,-0.179072,0.227689,0.957126,0.321394,-0.905939,0.275643
0.907818,0.600873,0.578529,0.92986,0.30499,0.205773,-0.179072,-0.113399,0.977279,0.321394,-0.94558,-0.0508295
0.907818,0.706998,0.671607,0.92986,0.216218,0.297676,-0.179072,-0.440809,0.879557,0.321394,-0.87117,-0.371172
0.907818,0.774888,0.795368,0.92986,0.101368,0.353675,-0.179072,-0.715051,0.675748,0.321394,-0.691684,-0.646745
0.907818,0.796355,0.934886,0.92986,-0.0257096,0.367015,-0.179072,-0.903048,0.390433,0.321394,-0.42877,-0.844311
0.907818,0.76881,1.07333,0.92986,-0.149686,0.336088,-0.179072,-0.982123,0.0580269,0.321394,-0.114141,-0.940041
0.907818,0.695575,1.19401,0.92986,-0.255608,0.264624,-0.179072,-0.94274,-0.281378,0.321394,0.214256,-0.922388
0.907818,0.585482,1.28236,0.92986,-0.330699,0.161243,-0.179072,-0.789649,-0.586845,0.321394,0.51681,-0.793482
0.907818,0.451812,1.32772,0.92986,-0.365904,0.0384126,-0.179072,-0.541314,-0.82153,0.321394,0.757029,-0.56887
0.907818,0.310687,1.32464,0.92986,-0.356975,-0.0890505,-0.179072,-0.227689,-0.957126,0.321394,0.905939,-0.275643
0.809114,0.355517,1.28949,0.796489,-0.596533,0.09876,-0.0275851,-0.199012,-0.979609,0.604023,0.777524,-0.174967
0.809114,0.233275,1.25578,0.796489,-0.594335,-0.111222,-0.0275851,0.148035,-0.988597,0.604023,0.790475,0.101514
0.809114,0.129937,1.18229,0.796489,-0.520452,-0.307789,-0.0275851,0.477228,-0.878346,0.604023,0.708084,0.36575
0.809114,0.0579655,1.07788,0.796489,-0.383795,-0.467232,-0.0275851,0.74886,-0.662154,0.604023,0.540287,0.585872
0.809114,0.0260425,0.955161,0.796489,-0.200846,-0.57032,-0.0275851,0.930168,-0.366096,0.604023,0.307324,0.735329
0.809114,0.0380182,0.828922,0.796489,0.00632718,-0.604619,-0.0275851,0.999284,-0.0258817,0.604023,0.0372929,0.796094
0.809114,0.0924481,0.714391,0.796489,0.212738,-0.565992,-0.0275851,0.947872,0.317455,0.604023,-0.237236,0.760839
0.809114,0.182767,0.625384,0.796489,0.393489,-0.459098,-0.0275851,0.782133,0.622501,0.604023,-0.483151,0.633815
0.809114,0.298082,0.572636,0.796489,0.526779,-0.29683,-0.0275851,0.522056,0.852465,0.604023,-0.670791,0.430344
0.809114,0.424483,0.562508,0.796489,0.596533,-0.09876,-0.0275851,0.199012,0.979609,0.604023,-0.777524,0.174967
0.809114,0.546725,0.596223,0.796489,0.594335,0.111222,-0.0275851,-0.148035,0.988597,0.604023,-0.790475,-0.101514
0.809114,0.650063,0.669714,0.796489,0.520452,0.307789,-0.0275851,-0.477228,0.878346,0.604023,-0.708084,-0.36575
0.809114,0.722035,0.774117,0.796489,0.383795,0.467232,-0.0275851,-0.74886,0.662154,0.604023,-0.540287,-0.585872
0.809114,0.753957,0.896839,0.796489,0.200846,0.57032,-0.0275851,-0.930168,0.366096,0.604023,-0.307324,-0.735329
0.809114,0.741982,1.02308,0.796489,-0.00632718,0.604619,-0.0275851,-0.999284,0.0258817,0.604023,-0.0372929,-0.796094
0.809114,0.687552,1.13761,0.796489,-0.212738,0.565992,-0.0275851,-0.947872,-0.317455,0.604023,0.237236,-0.760839
0.809114,0.597233,1.22662,0.796489,-0.393489,0.459098,-0.0275851,-0.782133,-0.622501,0.604023,0.483151,-0.633815
0.809114,0.481918,1.27936,0.796489,-0.526779,0.29683,-0.0275851,-0.522056,-0.852465,0.604023,0.670791,-0.430344
0.809114,0.355517,1.28949,0.796489,-0.596533,0.09876,-0.0275851,-0.199012,-0.979609,0.604023,0.777524,-0.174967
0.735846,0.424212,1.23564,0.567051,-0.785745,0.2471,0.127229,-0.21284,-0.968768,0.813797,0.580779,-0.0207212
0.735846,0.316247,1.22866,0.567051,-0.822872,-0.0365421,0.127229,0.131335,-0.98314,0.813797,0.552841,0.179167
0.735846,0.217177,1.18519,0.567051,-0.760748,-0.315777,0.127229,0.459668,-0.87893,0.813797,0.458222,0.357444
0.735846,0.138953,1.11045,0.567051,-0.606867,-0.556925,0.127229,0.732558,-0.668709,0.813797,0.308335,0.492609
0.735846,0.0910087,1.01346,0.567051,-0.379789,-0.730899,0.127229,0.917091,-0.377831,0.813797,0.121258,0.568358
0.735846,0.0791271,0.905924,0.567051,-0.106903,-0.816716,0.127229,0.99101,-0.0413812,0.813797,-0.0804449,0.575554
0.735846,0.104741,0.80081,0.567051,0.178877,-0.804025,0.127229,0.945398,0.30006,0.813797,-0.272445,0.51333
0.735846,0.164762,0.710796,0.567051,0.443082,-0.694357,0.127229,0.785757,0.605309,0.813797,-0.431584,0.389191
0.735846,0.25195,0.646738,0.567051,0.653845,-0.500939,0.127229,0.531342,0.837549,0.813797,-0.538667,0.21811
0.735846,0.355788,0.616364,0.567051,0.785745,-0.2471,0.127229,0.21284,0.968768,0.813797,-0.580779,0.0207212
0.735846,0.463753,0.623336,0.567051,0.822872,0.0365421,0.127229,-0.131335,0.98314,0.813797,-0.552841,-0.179167
0.735846,0.562823,0.666814,0.567051,0.760748,0.315777,0.127229,-0.459668,0.87893,0.813797,-0.458222,-0.357444
0.735846,0.641047,0.741554,0.567051,0.606867,0.556925,0.127229,-0.732558,0.668709,0.813797,-0.308335,-0.492609
0.735846,0.688991,0.83854,0.567051,0.379789,0.730899,0.127229,-0.917091,0.377831,0.813797,-0.121258,-0.568358
0.735846,0.700873,0.946076,0.567051,0.106903,0.816716,0.127229,-0.99101,0.0413812,0.813797,0.0804449,-0.575554
0.735846,0.675259,1.05119,0.567051,-0.178877,0.804025,0.127229,-0.945398,-0.30006,0.813797,0.272445,-0.51333
0.735846,0.615238,1.1412,0.567051,-0.443082,0.694357,0.127229,-0.785757,-0.605309,0.813797,0.431584,-0.389191
0.735846,0.52805,1.20526,0.567051,-0.653845,0.500939,0.127229,-0.531342,-0.837549,0.813797,0.538667,-0.21811
0.735846,0.424212,1.23564,0.567051,-0.785745,0.2471,0.127229,-0.21284,-0.968768,0.813797,0.580779,-0.0207212
0.696852,0.508484,1.16957,0.269218,-0.90179,0.338079,0.266698,-0.267503,-0.925913,0.925416,0.339437,0.168489
0.696852,0.418034,1.1954,0.269218,-0.963035,0.00925966,0.266698,0.0653103,-0.961565,0.925416,0.26134,0.274422
0.696852,0.324202,1.18874,0.269218,-0.908124,-0.320676,0.266698,0.390246,-0.881238,0.925416,0.151721,0.347256
0.696852,0.238306,1.15039,0.269218,-0.743679,-0.611934,0.266698,0.668112,-0.694621,0.925416,0.0238029,0.378205
0.696852,0.170707,1.08498,0.269218,-0.489537,-0.829383,0.266698,0.865395,-0.424222,0.925416,-0.106986,0.363538
0.696852,0.129558,1.00039,0.269218,-0.176348,-0.946796,0.266698,0.958297,-0.102656,0.925416,-0.224872,0.305022
0.696852,0.119822,0.906826,0.269218,0.15811,-0.950012,0.266698,0.935615,0.231292,0.925416,-0.315634,0.209717
0.696852,0.142674,0.815577,0.269218,0.473498,-0.838642,0.266698,0.800084,0.537343,0.925416,-0.368326,0.089116
0.696852,0.195356,0.737645,0.269218,0.731775,-0.62612,0.266698,0.568051,0.778582,0.925416,-0.376593,-0.0422334
0.696852,0.271516,0.682433,0.269218,0.90179,-0.338079,0.266698,0.267503,0.925913,0.925416,-0.339437,-0.168489
0.696852,0.361966,0.656597,0.269218,0.963035,-0.00925966,0.266698,-0.0653103,0.961565,0.925416,-0.26134,-0.274422
0.696852,0.455798,0.663256,0.269218,0.908124,0.320676,0.266698,-0.390246,0.881238,0.925416,-0.151721,-0.347256
0.696852,0.541694,0.701606,0.269218,0.743679,0.611934,0.266698,-0.668112,0.694621,0.925416,-0.0238029,-0.378205
0.696852,0.609293,0.767021,0.269218,0.489537,0.829383,0.266698,-0.865395,0.424222,0.925416,0.106986,-0.363538
0.696852,0.650442,0.851611,0.269218,0.176348,0.946796,0.266698,-0.958297,0.102656,0.925416,0.224872,-0.305022
0.696852,0.660178,0.945174,0.269218,-0.15811,0.950012,0.266698,-0.935615,-0.231292,0.925416,0.315634,-0.209717
0.696852,0.637326,1.03642,0.269218,-0.473498,0.838642,0.266698,-0.800084,-0.537343,0.925416,0.368326,-0.089116
0.696852,0.584644,1.11435,0.269218,-0.731775,0.62612,0.266698,-0.568051,-0.778582,0.925416,0.376593,0.0422334
0.696852,0.508484,1.16957,0.269218,-0.90179,0.338079,0.266698,-0.267503,-0.925913,0.925416,0.339437,0.168489
0.696834,0.59817,1.09925,-0.061087,-0.930671,0.360721,0.373999,-0.356409,-0.856211,0.925415,0.0826059,0.369842
0.696834,0.526359,1.16,-0.061087,-0.997919,0.0206588,0.373999,-0.0420739,-0.926474,0.925415,-0.0488692,0.375791
0.696834,0.438102,1.19253,-0.061087,-0.944803,-0.321895,0.373999,0.277336,-0.884991,0.925415,-0.17445,0.336413
0.696834,0.344042,1.19291,-0.061087,-0.777729,-0.625624,0.373999,0.563296,-0.736765,0.925415,-0.278989,0.25646
0.696834,0.255526,1.16109,-0.061087,-0.51685,-0.853893,0.373999,0.781313,-0.499674,0.925415,-0.349879,0.145573
0.696834,0.183229,1.10092,-0.061087,-0.193632,-0.979171,0.373999,0.905093,-0.202315,0.925415,-0.378567,0.0171286
0.696834,0.135872,1.01965,-0.061087,0.152942,-0.986345,0.373999,0.919705,0.119446,0.925415,-0.361595,-0.113382
0.696834,0.119167,0.927088,-0.061087,0.481068,-0.874552,0.373999,0.823387,0.4268,0.925415,-0.30101,-0.230217
0.696834,0.135128,0.834392,-0.061087,0.751171,-0.657275,0.373999,0.627757,0.682676,0.925415,-0.204118,-0.319285
0.696834,0.18183,0.752745,-0.061087,0.930671,-0.360721,0.373999,0.356409,0.856211,0.925415,-0.0826059,-0.369842
0.696834,0.253641,0.691996,-0.061087,0.997919,-0.0206588,0.373999,0.0420739,0.926474,0.925415,0.0488692,-0.375791
0.696834,0.341898,0.65947,-0.061087,0.944803,0.321895,0.373999,-0.277336,0.884991,0.925415,0.17445,-0.336413
0.696834,0.435958,0.659092,-0.061087,0.777729,0.625624,0.373999,-0.563296,0.736765,0.925415,0.278989,-0.25646
0.696834,0.524474,0.690907,-0.061087,0.51685,0.853893,0.373999,-0.781313,0.499674,0.925415,0.349879,-0.145573
0.696834,0.596771,0.751078,-0.061087,0.193632,0.979171,0.373999,-0.905093,0.202315,0.925415,0.378567,-0.0171286
0.696834,0.644128,0.832347,-0.061087,-0.152942,0.986345,0.373999,-0.919705,-0.119446,0.925415,0.361595,0.113382
0.696834,0.660833,0.924912,-0.061087,-0.481068,0.874552,0.373999,-0.823387,-0.4268,0.925415,0.30101,0.230217
0.696834,0.644872,1.01761,-0.061087,-0.751171,0.657275,0.373999,-0.627757,-0.682676,0.925415,0.204118,0.319285
0.696834,0.59817,1.09925,-0.061087,-0.930671,0.360721,0.373999,-0.356409,-0.856211,0.925415,0.0826059,0.369842
0.735794,0.682452,1.03318,-0.384024,-0.868905,0.312297,0.43619,-0.468836,-0.76807,0.813796,-0.158736,0.559052
0.735794,0.628158,1.12674,-0.384024,-0.923316,-0.00371955,0.43619,-0.177866,-0.882101,0.813796,-0.34037,0.471046
0.735794,0.545139,1.19609,-0.384024,-0.866361,-0.319288,0.43619,0.134557,-0.889737,0.813796,-0.480951,0.326225
0.735794,0.443407,1.23286,-0.384024,-0.70491,-0.596345,0.43619,0.43075,-0.790058,0.813796,-0.563521,0.142056
0.735794,0.335234,1.23262,-0.384024,-0.458437,-0.801475,0.43619,0.674989,-0.595087,0.813796,-0.578123,-0.0592464
0.735794,0.233666,1.1954,-0.384024,-0.156669,-0.909934,0.43619,0.837814,-0.328339,0.813796,-0.522994,-0.253403
0.735794,0.150955,1.12568,-0.384024,0.163995,-0.908643,0.43619,0.899586,-0.0219884,0.813796,-0.404785,-0.416995
0.735794,0.0970758,1.03188,-0.384024,0.464879,-0.797755,0.43619,0.852855,0.287014,0.813796,-0.237752,-0.530292
0.735794,0.0785277,0.92531,-0.384024,0.709692,-0.590647,0.43619,0.703257,0.561399,0.813796,-0.0420436,-0.579628
0.735794,0.0975478,0.818822,-0.384024,0.868905,-0.312297,0.43619,0.468836,0.76807,0.813796,0.158736,-0.559052
0.735794,0.151842,0.725261,-0.384024,0.923316,0.00371955,0.43619,0.177866,0.882101,0.813796,0.34037,-0.471046
0.735794,0.234861,0.655912,-0.384024,0.866361,0.319288,0.43619,-0.134557,0.889737,0.813796,0.480951,-0.326225
0.735794,0.336593,0.61914,-0.384024,0.70491,0.596345,0.43619,-0.43075,0.790058,0.813796,0.563521,-0.142056
0.735794,0.444766,0.619379,-0.384024,0.458437,0.801475,0.43619,-0.674989,0.595087,0.813796,0.578123,0.0592464
0.735794,0.546334,0.656602,-0.384024,0.156669,0.909934,0.43619,-0.837814,0.328339,0.813796,0.522994,0.253403
0.735794,0.629045,0.726318,-0.384024,-0.163995,0.908643,0.43619,-0.899586,0.0219884,0.813796,0.404785,0.416995
0.735794,0.682924,0.820119,-0.384024,-0.464879,0.797755,0.43619,-0.852855,-0.287014,0.813796,0.237752,0.530292
0.735794,0.701472,0.92669,-0.384024,-0.709692,0.590647,0.43619,-0.703257,-0.561399,0.813796,0.0420436,0.579628
0.735794,0.682452,1.03318,-0.384024,-0.868905,0.312297,0.43619,-0.468836,-0.76807,0.813796,-0.158736,0.559052
0.809034,0.751165,0.979308,-0.660642,-0.723942,0.198648,0.44577,-0.591221,-0.672121,0.604021,-0.35548,0.713297
0.809034,0.711151,1.09962,-0.660642,-0.748224,-0.060935,0.44577,-0.325687,-0.833797,0.604021,-0.578004,0.548698
0.809034,0.632402,1.19899,-0.660642,-0.68226,-0.313168,0.44577,-0.0208704,-0.894904,0.604021,-0.730812,0.317919
0.809034,0.524416,1.26543,-0.660642,-0.534005,-0.527628,0.44577,0.286463,-0.848073,0.604021,-0.795473,0.0487936
0.809034,0.400217,1.29093,-0.660642,-0.321341,-0.678449,0.44577,0.559246,-0.698952,0.604021,-0.764189,-0.226217
0.809034,0.274786,1.27242,-0.660642,-0.0699185,-0.747438,0.44577,0.764575,-0.465526,0.604021,-0.640732,-0.473942
0.809034,0.163251,1.21212,-0.660642,0.189937,-0.726276,0.44577,0.877684,-0.175952,0.604021,-0.439993,-0.664503
0.809034,0.0790658,1.11732,-0.660642,0.426883,-0.617514,0.44577,0.884933,0.134845,0.604021,-0.186185,-0.774915
0.809034,0.0323836,0.999432,-0.660642,0.612341,-0.43427,0.44577,0.785445,0.429378,0.604021,0.0900802,-0.791861
0.809034,0.0288352,0.872692,-0.660642,0.723942,-0.198648,0.44577,0.591221,0.672121,0.604021,0.35548,-0.713297
0.809034,0.0688486,0.752381,-0.660642,0.748224,0.060935,0.44577,0.325687,0.833797,0.604021,0.578004,-0.548698
0.809034,0.147598,0.653011,-0.660642,0.68226,0.313168,0.44577,0.0208704,0.894904,0.604021,0.730812,-0.317919
0.809034,0.255584,0.586568,-0.660642,0.534005,0.527628,0.44577,-0.286463,0.848073,0.604021,0.795473,-0.0487936
0.809034,0.379783,0.561065,-0.660642,0.321341,0.678449,0.44577,-0.559246,0.698952,0.604021,0.764189,0.226217
0.809034,0.505214,0.579579,-0.660642,0.0699185,0.747438,0.44577,-0.764575,0.465526,0.604021,0.640732,0.473942
0.809034,0.616749,0.639876,-0.660642,-0.189937,0.726276,0.44577,-0.877684,0.175952,0.604021,0.439993,0.664503
0.809034,0.700934,0.734684,-0.660642,-0.426883,0.617514,0.44577,-0.884933,-0.134845,0.604021,0.186185,0.774915
0.809034,0.747616,0.852568,-0.660642,-0.612341,0.43427,0.44577,-0.785445,-0.429378,0.604021,-0.0900802,0.791861
0.809034,0.751165,0.979308,-0.660642,-0.723942,0.198648,0.44577,-0.591221,-0.672121,0.604021,-0.35548,0.713297
0.90772,0.79602,0.944142,-0.857576,-0.513266,0.0334797,0.401584,-0.708804,-0.579937,0.321392,-0.483895,0.813973
0.90772,0.765329,1.08192,-0.857576,-0.493763,-0.144087,0.401584,-0.467708,-0.787388,0.321392,-0.733108,0.599383
0.90772,0.689368,1.20088,-0.857576,-0.414705,-0.304274,0.401584,-0.170199,-0.899868,0.321392,-0.893897,0.312498
0.90772,0.577298,1.28669,-0.857576,-0.285627,-0.427761,0.401584,0.147838,-0.903811,0.321392,-0.946869,-0.0120792
0.90772,0.442638,1.329,-0.857576,-0.122099,-0.499654,0.401584,0.448044,-0.798741,0.321392,-0.885635,-0.335199
0.90772,0.301629,1.3227,-0.857576,0.0561566,-0.511282,0.401584,0.694209,-0.597331,0.321392,-0.717579,-0.617889
0.90772,0.171278,1.26855,-0.857576,0.227639,-0.461241,0.401584,0.856642,-0.323874,0.321392,-0.462974,-0.826052
0.90772,0.067309,1.17309,-0.857576,0.371664,-0.355568,0.401584,0.915752,-0.0113531,0.321392,-0.152526,-0.934582
0.90772,0.00226091,1.04782,-0.857576,0.470861,-0.207008,0.401584,0.864408,0.302537,0.321392,0.176318,-0.930386
0.90772,-0.0160201,0.907858,-0.857576,0.513266,-0.0334797,0.401584,0.708804,0.579937,0.321392,0.483895,-0.813973
0.90772,0.0146709,0.770085,-0.857576,0.493763,0.144087,0.401584,0.467708,0.787388,0.321392,0.733108,-0.599383
0.90772,0.0906321,0.651118,-0.857576,0.414705,0.304274,0.401584,0.170199,0.899868,0.321392,0.893897,-0.312498
0.90772,0.202702,0.565305,-0.857576,0.285627,0.427761,0.401584,-0.147838,0.903811,0.321392,0.946869,0.0120792
0.90772,0.337362,0.522998,-0.857576,0.122099,0.499654,0.401584,-0.448044,0.798741,0.321392,0.885635,0.335199
0.90772,0.478371,0.529299,-0.857576,-0.0561566,0.511282,0.401584,-0.694209,0.597331,0.321392,0.717579,0.617889
0.90772,0.608722,0.583447,-0.857576,-0.227639,0.461241,0.401584,-0.856642,0.323874,0.321392,0.462974,0.826052
0.90772,0.712691,0.678913,-0.857576,-0.371664,0.355568,0.401584,-0.915752,0.0113531,0.321392,0.152526,0.934582
0.90772,0.777739,0.804181,-0.857576,-0.470861,0.207008,0.401584,-0.864408,-0.302537,0.321392,-0.176318,0.930386
0.90772,0.79602,0.944142,-0.857576,-0.513266,0.0334797,0.401584,-0.708804,-0.579937,0.321392,-0.483895,0.813973
0.883612,0.179252,1.26478,0.961642,-0.255154,-0.100704,-0.0812368,0.0857475,-0.992999,0.262003,0.963091,0.0617305
0.883612,0.0760924,1.17227,0.961642,-0.205323,-0.181899,-0.0812368,0.420202,-0.903787,0.262003,0.883896,0.387404
0.883612,0.0107942,1.05005,0.961642,-0.130728,-0.241154,-0.0812368,0.703974,-0.705564,0.262003,0.698091,0.666351
0.883612,-0.00876611,0.912877,0.961642,-0.0403643,-0.271322,-0.0812368,0.902837,-0.42224,0.262003,0.428085,0.864926
0.883612,0.0197706,0.777283,0.961642,0.0548675,-0.268765,-0.0812368,0.992803,-0.0879877,0.262003,0.106446,0.959179
0.883612,0.0929625,0.659626,0.961642,0.143482,-0.23379,-0.0812368,0.963024,0.256877,0.262003,-0.228032,0.93774
0.883612,0.201981,0.574097,0.961642,0.21479,-0.170618,-0.0812368,0.817089,0.570759,0.262003,-0.535006,0.803196
0.883612,0.333678,0.531013,0.961642,0.260191,-0.0868657,-0.0812368,0.572601,0.815799,0.262003,-0.77745,0.571774
0.883612,0.472168,0.535571,0.961642,0.274209,0.00736346,-0.0812368,0.259049,0.962442,0.262003,-0.926122,0.271389
0.883612,0.600748,0.58722,0.961642,0.255154,0.100704,-0.0812368,-0.0857475,0.992999,0.262003,-0.963091,-0.0617305
0.883612,0.703908,0.679731,0.961642,0.205323,0.181899,-0.0812368,-0.420202,0.903787,0.262003,-0.883896,-0.387404
0.883612,0.769206,0.801945,0.961642,0.130728,0.241154,-0.0812368,-0.703974,0.705564,0.262003,-0.698091,-0.666351
0.883612,0.788766,0.939123,0.961642,0.0403643,0.271322,-0.0812368,-0.902837,0.42224,0.262003,-0.428085,-0.864926
0.883612,0.760229,1.07472,0.961642,-0.0548675,0.268765,-0.0812368,-0.992803,0.0879877,0.262003,-0.106446,-0.959179
0.883612,0.687038,1.19237,0.961642,-0.143482,0.23379,-0.0812368,-0.963024,-0.256877,0.262003,0.228032,-0.93774
0.883612,0.578019,1.2779,0.961642,-0.21479,0.170618,-0.0812368,-0.817089,-0.570759,0.262003,0.535006,-0.803196
0.883612,0.446322,1.32099,0.961642,-0.260191,0.0868657,-0.0812368,-0.572601,-0.815799,0.262003,0.77745,-0.571774
0.883612,0.307832,1.31643,0.961642,-0.274209,-0.00736346,-0.0812368,-0.259049,-0.962442,0.262003,0.926122,-0.271389
0.883612,0.179252,1.26478,0.961642,-0.255154,-0.100704,-0.0812368,0.0857475,-0.992999,0.262003,0.963091,0.0617305
0.763622,0.233755,1.22205,0.856221,-0.50741,0.0970619,0.156285,0.0753334,-0.984835,0.492403,0.858405,0.143803
0.763622,0.141922,1.15076,0.856221,-0.510007,-0.0823362,0.156285,0.407624,-0.899677,0.492403,0.757454,0.428722
0.763622,0.0800112,1.05236,0.856221,-0.451089,-0.251803,0.156285,0.690748,-0.706004,0.492403,0.565142,0.661932
0.763622,0.0554896,0.938713,0.856221,-0.337763,-0.390899,0.156285,0.890559,-0.427177,0.492403,0.304666,0.815302
0.763622,0.0713149,0.823537,0.856221,-0.183698,-0.482847,0.156285,0.982955,-0.0968259,0.492403,0.00744238,0.870335
0.763622,0.125578,0.72072,0.856221,-0.0074764,-0.516556,0.156285,0.956792,0.245204,0.492403,-0.290679,0.820393
0.763622,0.211735,0.642662,0.856221,0.169647,-0.487961,0.156285,0.815225,0.557658,0.492403,-0.55374,0.671499
0.763622,0.319393,0.598779,0.856221,0.326309,-0.400511,0.156285,0.575331,0.802851,0.492403,-0.750011,0.441613
0.763622,0.435567,0.594364,0.856221,0.443613,-0.264753,0.156285,0.266043,0.951208,0.492403,-0.855821,0.158461
0.763622,0.546245,0.629949,0.856221,0.50741,-0.0970619,0.156285,-0.0753334,0.984835,0.492403,-0.858405,-0.143803
0.763622,0.638078,0.701242,0.856221,0.510007,0.0823362,0.156285,-0.407624,0.899677,0.492403,-0.757454,-0.428722
0.763622,0.699989,0.799644,0.856221,0.451089,0.251803,0.156285,-0.690748,0.706004,0.492403,-0.565142,-0.661932
0.763622,0.72451,0.913287,0.856221,0.337763,0.390899,0.156285,-0.890559,0.427177,0.492403,-0.304666,-0.815302
0.763622,0.708685,1.02846,0.856221,0.183698,0.482847,0.156285,-0.982955,0.0968259,0.492403,-0.00744238,-0.870335
0.763622,0.654422,1.13128,0.856221,0.0074764,0.516556,0.156285,-0.956792,-0.245204,0.492403,0.290679,-0.820393
0.763622,0.568265,1.20934,0.856221,-0.169647,0.487961,0.156285,-0.815225,-0.557658,0.492403,0.55374,-0.671499
0.763622,0.460607,1.25322,0.856221,-0.326309,0.400511,0.156285,-0.575331,-0.802851,0.492403,0.750011,-0.441613
0.763622,0.344433,1.25764,0.856221,-0.443613,0.264753,0.156285,-0.266043,-0.951208,0.492403,0.855821,-0.158461
0.763622,0.233755,1.22205,0.856221,-0.50741,0.0970619,0.156285,0.0753334,-0.984835,0.492403,0.858405,0.143803
0.674556,0.317267,1.15658,0.647527,-0.716078,0.260655,0.374957,0.00161531,-0.927041,0.663413,0.698018,0.269545
0.674556,0.24279,1.1178,0.647527,-0.762043,2.28032e-05,0.374957,0.318584,-0.870581,0.663413,0.563733,0.492025
0.674556,0.18607,1.05588,0.647527,-0.716094,-0.260613,0.374957,0.597128,-0.709116,0.663413,0.361453,0.655161
0.674556,0.153946,0.9783,0.647527,-0.583773,-0.489814,0.374957,0.803648,-0.462121,0.663413,0.115577,0.739274
0.674556,0.150294,0.894411,0.647527,-0.381041,-0.659937,0.374957,0.913237,-0.159388,0.663413,-0.14424,0.73422
0.674556,0.175554,0.814332,0.647527,-0.13235,-0.750462,0.374957,0.912676,0.16257,0.663413,-0.386659,0.640608
0.674556,0.22668,0.747722,0.647527,0.132305,-0.75047,0.374957,0.802033,0.464919,0.663413,-0.582442,0.469729
0.674556,0.297504,0.702614,0.647527,0.381002,-0.65996,0.374957,0.594653,0.711193,0.663413,-0.707973,0.242194
0.674556,0.379484,0.684451,0.647527,0.583744,-0.489849,0.374957,0.315549,0.871686,0.663413,-0.748112,-0.0145529
0.674556,0.462733,0.695421,0.647527,0.716078,-0.260655,0.374957,-0.00161531,0.927041,0.663413,-0.698018,-0.269545
0.674556,0.53721,0.734203,0.647527,0.762043,-2.28032e-05,0.374957,-0.318584,0.870581,0.663413,-0.563733,-0.492025
0.674556,0.59393,0.796119,0.647527,0.716094,0.260613,0.374957,-0.597128,0.709116,0.663413,-0.361453,-0.655161
0.674556,0.626054,0.8737,0.647527,0.583773,0.489814,0.374957,-0.803648,0.462121,0.663413,-0.115577,-0.739274
0.674556,0.629706,0.957589,0.647527,0.381041,0.659937,0.374957,-0.913237,0.159388,0.663413,0.14424,-0.73422
0.674556,0.604446,1.03767,0.647527,0.13235,0.750462,0.374957,-0.912676,-0.16257,0.663413,0.386659,-0.640608
0.674556,0.55332,1.10428,0.647527,-0.132305,0.75047,0.374957,-0.802033,-0.464919,0.663413,0.582442,-0.469729
0.674556,0.482496,1.14939,0.647527,-0.381002,0.65996,0.374957,-0.594653,-0.711193,0.663413,0.707973,-0.242194
0.674556,0.400516,1.16755,0.647527,-0.583744,0.489849,0.374957,-0.315549,-0.871686,0.663413,0.748112,0.0145529
0.674556,0.317267,1.15658,0.647527,-0.716078,0.260655,0.374957,0.00161531,-0.927041,0.663413,0.698018,0.269545
0.627155,0.419716,1.07626,0.360731,-0.855989,0.370344,0.548404,-0.126515,-0.826588,0.754404,0.501274,0.42379
0.627155,0.366532,1.07736,0.360731,-0.931032,0.0552443,0.548404,0.163824,-0.820009,0.754404,0.326099,0.569678
0.627155,0.316178,1.06021,0.360731,-0.893779,-0.266519,0.548404,0.434404,-0.714525,0.754404,0.111592,0.646855
0.627155,0.274729,1.02686,0.360731,-0.748722,-0.556136,0.548404,0.652588,-0.522859,0.754404,-0.116376,0.646011
0.627155,0.247183,0.981356,0.360731,-0.513359,-0.778675,0.548404,0.792061,-0.268129,0.754404,-0.330306,0.567249
0.627155,0.236863,0.929172,0.360731,-0.216077,-0.907295,0.548404,0.835999,0.0189423,0.754404,-0.504397,0.420069
0.627155,0.245014,0.876605,0.360731,0.107267,-0.926481,0.548404,0.779104,0.303728,0.754404,-0.61765,0.222221
0.627155,0.270652,0.829995,0.360731,0.417673,-0.83392,0.548404,0.628237,0.55188,0.754404,-0.656405,-0.00242893
0.627155,0.310685,0.794965,0.360731,0.677702,-0.640776,0.548404,0.401595,0.733468,0.754404,-0.615989,-0.226786
0.627155,0.360284,0.77574,0.360731,0.855989,-0.370344,0.548404,0.126515,0.826588,0.754404,-0.501274,-0.42379
0.627155,0.413468,0.774639,0.360731,0.931032,-0.0552443,0.548404,-0.163824,0.820009,0.754404,-0.326099,-0.569678
0.627155,0.463822,0.791794,0.360731,0.893779,0.266519,0.548404,-0.434404,0.714525,0.754404,-0.111592,-0.646855
0.627155,0.505271,0.825136,0.360731,0.748722,0.556136,0.548404,-0.652588,0.522859,0.754404,0.116376,-0.646011
0.627155,0.532817,0.870644,0.360731,0.513359,0.778675,0.548404,-0.792061,0.268129,0.754404,0.330306,-0.567249
0.627155,0.543137,0.922828,0.360731,0.216077,0.907295,0.548404,-0.835999,-0.0189423,0.754404,0.504397,-0.420069
0.627155,0.534986,0.975395,0.360731,-0.107267,0.926481,0.548404,-0.779104,-0.303728,0.754404,0.61765,-0.222221
0.627155,0.509348,1.022,0.360731,-0.417673,0.83392,0.548404,-0.628237,-0.55188,0.754404,0.656405,0.00242893
0.627155,0.469315,1.05703,0.360731,-0.677702,0.640776,0.548404,-0.401595,-0.733468,0.754404,0.615989,0.226786
0.627155,0.419716,1.07626,0.360731,-0.855989,0.370344,0.548404,-0.126515,-0.826588,0.754404,0.501274,0.42379
0.627137,0.528745,0.990782,0.0304265,-0.910269,0.412899,0.655705,-0.293604,-0.695592,0.754404,0.291904,0.587934
0.627137,0.498221,1.03433,0.0304265,-0.996592,0.0766677,0.655705,-0.0379907,-0.754061,0.754404,0.0732148,0.652314
0.627137,0.454644,1.06481,0.0304265,-0.962712,-0.268811,0.655705,0.222204,-0.721579,0.754404,-0.154305,0.638016
0.627137,0.40327,1.07855,0.0304265,-0.812715,-0.581866,0.655705,0.455598,-0.602064,0.754404,-0.363214,0.546763
0.627137,0.350295,1.07389,0.0304265,-0.564692,-0.82474,0.655705,0.634041,-0.409931,0.754404,-0.528313,0.389563
0.627137,0.30211,1.05139,0.0304265,-0.248559,-0.968139,0.655705,0.736008,-0.168355,0.754404,-0.629691,0.185376
0.627137,0.264525,1.01377,0.0304265,0.0975535,-0.994765,0.655705,0.749202,0.0935277,0.754404,-0.655118,-0.0411707
0.627137,0.242074,0.965558,0.0304265,0.4319,-0.901408,0.655705,0.672031,0.34413,0.754404,-0.601528,-0.262751
0.627137,0.237466,0.912578,0.0304265,0.714153,-0.699328,0.655705,0.513804,0.553224,0.754404,-0.475385,-0.45264
0.627137,0.251255,0.861218,0.0304265,0.910269,-0.412899,0.655705,0.293604,0.695592,0.754404,-0.291904,-0.587934
0.627137,0.281779,0.817671,0.0304265,0.996592,-0.0766677,0.655705,0.0379907,0.754061,0.754404,-0.0732148,-0.652314
0.627137,0.325356,0.787191,0.0304265,0.962712,0.268811,0.655705,-0.222204,0.721579,0.754404,0.154305,-0.638016
0.627137,0.37673,0.773453,0.0304265,0.812715,0.581866,0.655705,-0.455598,0.602064,0.754404,0.363214,-0.546763
0.627137,0.429705,0.778114,0.0304265,0.564692,0.82474,0.655705,-0.634041,0.409931,0.754404,0.528313,-0.389563
0.627137,0.47789,0.800612,0.0304265,0.248559,0.968139,0.655705,-0.736008,0.168355,0.754404,0.629691,-0.185376
0.627137,0.515475,0.838235,0.0304265,-0.0975535,0.994765,0.655705,-0.749202,-0.0935277,0.754404,0.655118,0.0411707
0.627137,0.537926,0.886442,0.0304265,-0.4319,0.901408,0.655705,-0.672031,-0.34413,0.754404,0.601528,0.262751
0.627137,0.542534,0.939422,0.0304265,-0.714153,0.699328,0.655705,-0.513804,-0.553224,0.754404,0.475385,0.45264
0.627137,0.528745,0.990782,0.0304265,-0.910269,0.412899,0.655705,-0.293604,-0.695592,0.754404,0.291904,0.587934
0.674504,0.631203,0.910455,-0.303548,-0.872369,0.383186,0.683918,-0.479497,-0.549854,0.663411,0.0951605,0.742179
0.674504,0.621974,0.993889,-0.303548,-0.950816,0.061709,0.683918,-0.262519,-0.680691,0.663411,-0.164419,0.729967
0.674504,0.584764,1.06913,-0.303548,-0.91458,-0.267211,0.683918,-0.0138768,-0.729427,0.663411,-0.404166,0.62971
0.674504,0.524064,1.12712,-0.303548,-0.768033,-0.563901,0.683918,0.236439,-0.690183,0.663411,-0.595166,0.453501
0.674504,0.447193,1.16084,-0.303548,-0.528849,-0.792576,0.683918,0.458236,-0.567693,0.663411,-0.714379,0.222593
0.674504,0.363424,1.16624,-0.303548,-0.225879,-0.925655,0.683918,0.624764,-0.376731,0.663411,-0.747428,-0.0351633
0.674504,0.28286,1.14266,-0.303548,0.104336,-0.947086,0.683918,0.715936,-0.14033,0.663411,-0.690326,-0.288678
0.674504,0.215219,1.09295,-0.303548,0.421966,-0.854285,0.683918,0.720755,0.112998,0.663411,-0.549961,-0.507374
0.674504,0.16866,1.0231,-0.303548,0.688701,-0.658444,0.683918,0.638641,0.352696,0.663411,-0.343262,-0.664873
0.674504,0.148797,0.941545,-0.303548,0.872369,-0.383186,0.683918,0.479497,0.549854,0.663411,-0.0951605,-0.742179
0.674504,0.158026,0.858111,-0.303548,0.950816,-0.061709,0.683918,0.262519,0.680691,0.663411,0.164419,-0.729967
0.674504,0.195236,0.782865,-0.303548,0.91458,0.267211,0.683918,0.0138768,0.729427,0.663411,0.404166,-0.62971
0.674504,0.255936,0.724884,-0.303548,0.768033,0.563901,0.683918,-0.236439,0.690183,0.663411,0.595166,-0.453501
0.674504,0.332807,0.69116,-0.303548,0.528849,0.792576,0.683918,-0.458236,0.567693,0.663411,0.714379,-0.222593
0.674504,0.416576,0.685762,-0.303548,0.225879,0.925655,0.683918,-0.624764,0.376731,0.663411,0.747428,0.0351633
0.674504,0.49714,0.709339,-0.303548,-0.104336,0.947086,0.683918,-0.715936,0.14033,0.663411,0.690326,0.288678
0.674504,0.564781,0.75905,-0.303548,-0.421966,0.854285,0.683918,-0.720755,-0.112998,0.663411,0.549961,0.507374
0.674504,0.61134,0.828896,-0.303548,-0.688701,0.658444,0.683918,-0.638641,-0.352696,0.663411,0.343262,0.664873
0.674504,0.631203,0.910455,-0.303548,-0.872369,0.383186,0.683918,-0.479497,-0.549854,0.663411,0.0951605,0.742179
0.763543,0.714734,0.844968,-0.60091,-0.746861,0.284789,0.629641,-0.661773,-0.406951,0.492402,-0.0652263,0.867921
0.763543,0.722864,0.960921,-0.60091,-0.799224,0.0121726,0.629641,-0.482678,-0.608748,0.492402,-0.358139,0.79327
0.763543,0.690846,1.07266,-0.60091,-0.755188,-0.261912,0.629641,-0.245365,-0.737122,0.492402,-0.607855,0.622939
0.763543,0.622542,1.16671,-0.60091,-0.620065,-0.504406,0.629641,0.0215432,-0.776588,0.492402,-0.784254,0.377473
0.763543,0.52619,1.23173,-0.60091,-0.410154,-0.686062,0.629641,0.285853,-0.722386,0.492402,-0.866061,0.0864775
0.763543,0.413411,1.25987,-0.60091,-0.150771,-0.784968,0.629641,0.515684,-0.581053,0.492402,-0.843409,-0.214948
0.763543,0.297809,1.24774,-0.60091,0.126796,-0.789195,0.629641,0.683316,-0.369637,0.492402,-0.719028,-0.490448
0.763543,0.193326,1.19681,-0.60091,0.38907,-0.698234,0.629641,0.768531,-0.113637,0.492402,-0.507922,-0.706792
0.763543,0.112565,1.11321,-0.60091,0.604416,-0.523056,0.629641,0.761049,0.156069,0.492402,-0.235554,-0.837887
0.763543,0.0652664,1.00703,-0.60091,0.746861,-0.284789,0.629641,0.661773,0.406951,0.492402,0.0652263,-0.867921
0.763543,0.0571358,0.891079,-0.60091,0.799224,-0.0121726,0.629641,0.482678,0.608748,0.492402,0.358139,-0.79327
0.763543,0.0891536,0.779339,-0.60091,0.755188,0.261912,0.629641,0.245365,0.737122,0.492402,0.607855,-0.622939
0.763543,0.157458,0.685288,-0.60091,0.620065,0.504406,0.629641,-0.0215432,0.776588,0.492402,0.784254,-0.377473
0.763543,0.25381,0.620271,-0.60091,0.410154,0.686062,0.629641,-0.285853,0.722386,0.492402,0.866061,-0.0864775
0.763543,0.366589,0.592129,-0.60091,0.150771,0.784968,0.629641,-0.515684,0.581053,0.492402,0.843409,0.214948
0.763543,0.482191,0.604257,-0.60091,-0.126796,0.789195,0.629641,-0.683316,0.369637,0.492402,0.719028,0.490448
0.763543,0.586674,0.655192,-0.60091,-0.38907,0.698234,0.629641,-0.768531,0.113637,0.492402,0.507922,0.706792
0.763543,0.667435,0.73879,-0.60091,-0.604416,0.523056,0.629641,-0.761049,-0.156069,0.492402,0.235554,0.837887
0.763543,0.714734,0.844968,-0.60091,-0.746861,0.284789,0.629641,-0.661773,-0.406951,0.492402,-0.0652263,0.867921
0.883514,0.76926,0.80222,-0.825794,-0.548884,0.129577,0.499419,-0.818448,-0.28412,0.262001,-0.169911,0.949993
0.883514,0.788723,0.9394,-0.825794,-0.5601,-0.0659669,0.499419,-0.671914,-0.546911,0.262001,-0.484581,0.834588
0.883514,0.760095,1.07496,-0.825794,-0.50376,-0.253554,0.499419,-0.444339,-0.743736,0.262001,-0.740803,0.61852
0.883514,0.686827,1.19256,-0.825794,-0.386659,-0.410559,0.499419,-0.163169,-0.850856,0.262001,-0.907673,0.327849
0.883514,0.577757,1.278,-0.825794,-0.222921,-0.518045,0.499419,0.137681,-0.85535,0.262001,-0.965065,-0.00236536
0.883514,0.446042,1.32099,-0.825794,-0.0322957,-0.563046,0.499419,0.421925,-0.756677,0.262001,-0.906055,-0.332294
0.883514,0.307566,1.31634,-0.825794,0.162225,-0.540136,0.499419,0.655279,-0.566736,0.262001,-0.737762,-0.622144
0.883514,0.179034,1.2646,-0.825794,0.337179,-0.452078,0.499419,0.809596,-0.30844,0.262001,-0.480484,-0.836953
0.883514,0.075947,1.17203,-0.825794,0.471464,-0.309492,0.499419,0.866264,-0.0129403,0.262001,-0.165252,-0.950814
0.883514,0.0107396,1.04978,-0.825794,0.548884,-0.129577,0.499419,0.818448,0.28412,0.262001,0.169911,-0.949993
0.883514,-0.00872347,0.9126,-0.825794,0.5601,0.0659669,0.499419,0.671914,0.546911,0.262001,0.484581,-0.834588
0.883514,0.0199054,0.777037,-0.825794,0.50376,0.253554,0.499419,0.444339,0.743736,0.262001,0.740803,-0.61852
0.883514,0.0931732,0.659441,-0.825794,0.386659,0.410559,0.499419,0.163169,0.850856,0.262001,0.907673,-0.327849
0.883514,0.202243,0.573996,-0.825794,0.222921,0.518045,0.499419,-0.137681,0.85535,0.262001,0.965065,0.00236536
0.883514,0.333958,0.531007,-0.825794,0.0322957,0.563046,0.499419,-0.421925,0.756677,0.262001,0.906055,0.332294
0.883514,0.472434,0.535661,-0.825794,-0.162225,0.540136,0.499419,-0.655279,0.566736,0.262001,0.737762,0.622144
0.883514,0.600966,0.587395,-0.825794,-0.337179,0.452078,0.499419,-0.809596,0.30844,0.262001,0.480484,0.836953
0.883514,0.704053,0.67997,-0.825794,-0.471464,0.309492,0.499419,-0.866264,0.0129403,0.262001,0.165252,0.950814
0.883514,0.76926,0.80222,-0.825794,-0.548884,0.129577,0.499419,-0.818448,-0.28412,0.262001,-0.169911,0.949993
0.875863,0.0732358,1.16406,0.985232,-0.153434,-0.0760051,-0.00862081,0.398872,-0.916966,0.17101,0.904079,0.391659
0.875863,0.0109172,1.04136,0.985232,-0.118186,-0.123899,-0.00862081,0.688438,-0.725244,0.17101,0.715601,0.677252
0.875863,-0.00567833,0.904753,0.985232,-0.0686822,-0.156849,-0.00862081,0.894968,-0.446047,0.17101,0.440811,0.881159
0.875863,0.0254508,0.770705,0.985232,-0.0108947,-0.17088,-0.00862081,0.993552,-0.113049,0.17101,0.112853,0.978785
0.875863,0.10055,0.655387,0.985232,0.0482069,-0.164301,-0.00862081,0.972299,0.233583,0.17101,-0.228717,0.958355
0.875863,0.210561,0.572709,0.985232,0.101494,-0.137905,-0.00862081,0.833772,0.552042,0.17101,-0.5427,0.822333
0.875863,0.342215,0.532643,0.985232,0.142539,-0.0948752,-0.00862081,0.59468,0.803917,0.17101,-0.791226,0.587126
0.875863,0.479633,0.540022,0.985232,0.166392,-0.0404022,-0.00862081,0.28386,0.958827,0.17101,-0.944318,0.281103
0.875863,0.606239,0.593956,0.985232,0.170176,0.0189439,-0.00862081,-0.0611965,0.998089,0.17101,-0.983512,-0.0588257
0.875863,0.706764,0.687939,0.985232,0.153434,0.0760051,-0.00862081,-0.398872,0.916966,0.17101,-0.904079,-0.391659
0.875863,0.769083,0.810635,0.985232,0.118186,0.123899,-0.00862081,-0.688438,0.725244,0.17101,-0.715601,-0.677252
0.875863,0.785678,0.947247,0.985232,0.0686822,0.156849,-0.00862081,-0.894968,0.446047,0.17101,-0.440811,-0.881159
0.875863,0.754549,1.0813,0.985232,0.0108947,0.17088,-0.00862081,-0.993552,0.113049,0.17101,-0.112853,-0.978785
0.875863,0.67945,1.19661,0.985232,-0.0482069,0.164301,-0.00862081,-0.972299,-0.233583,0.17101,0.228717,-0.958355
0.875863,0.569439,1.27929,0.985232,-0.101494,0.137905,-0.00862081,-0.833772,-0.552042,0.17101,0.5427,-0.822333
0.875863,0.437785,1.31936,0.985232,-0.142539,0.0948752,-0.00862081,-0.59468,-0.803917,0.17101,0.791226,-0.587126
0.875863,0.300367,1.31198,0.985232,-0.166392,0.0404022,-0.00862081,-0.28386,-0.958827,0.17101,0.944318,-0.281103
0.875863,0.173761,1.25804,0.985232,-0.170176,-0.0189439,-0.00862081,0.0611965,-0.998089,0.17101,0.983512,0.0588257
0.875863,0.0732358,1.16406,0.985232,-0.153434,-0.0760051,-0.00862081,0.398872,-0.916966,0.17101,0.904079,0.391659
0.749059,0.130834,1.1189,0.900555,-0.415116,0.129151,0.292759,0.359444,-0.886054,0.321393,0.835751,0.445228
0.749059,0.0804866,1.01863,0.900555,-0.434253,-0.020616,0.292759,0.640815,-0.709682,0.321393,0.633072,0.704221
0.749059,0.0674708,0.907185,0.900555,-0.401014,-0.167896,0.292759,0.844895,-0.447711,0.321393,0.354035,0.878274
0.749059,0.0933568,0.798008,0.900555,-0.319406,-0.294925,0.292759,0.947068,-0.13174,0.321393,0.0322969,0.946395
0.749059,0.155022,0.704269,0.900555,-0.199273,-0.386382,0.292759,0.93501,0.200121,0.321393,-0.293337,0.900367
0.749059,0.24503,0.637274,0.900555,-0.0551046,-0.431236,0.292759,0.810177,0.507845,0.321393,-0.58359,0.745741
0.749059,0.352523,0.605104,0.900555,0.0957101,-0.424076,0.292759,0.587624,0.754315,0.321393,-0.803454,0.501167
0.749059,0.464536,0.611638,0.900555,0.234981,-0.365766,0.292759,0.294195,0.909803,0.321393,-0.926409,0.196146
0.749059,0.567559,0.656089,0.900555,0.345909,-0.26334,0.292759,-0.0347182,0.955556,0.321393,-0.937625,-0.132534
0.749059,0.649166,0.733095,0.900555,0.415116,-0.129151,0.292759,-0.359444,0.886054,0.321393,-0.835751,-0.445228
0.749059,0.699513,0.833369,0.900555,0.434253,0.020616,0.292759,-0.640815,0.709682,0.321393,-0.633072,-0.704221
0.749059,0.712529,0.944815,0.900555,0.401014,0.167896,0.292759,-0.844895,0.447711,0.321393,-0.354035,-0.878274
0.749059,0.686643,1.05399,0.900555,0.319406,0.294925,0.292759,-0.947068,0.13174,0.321393,-0.0322969,-0.946395
0.749059,0.624978,1.14773,0.900555,0.199273,0.386382,0.292759,-0.93501,-0.200121,0.321393,0.293337,-0.900367
0.749059,0.53497,1.21473,0.900555,0.0551046,0.431236,0.292759,-0.810177,-0.507845,0.321393,0.58359,-0.745741
0.749059,0.427477,1.2469,0.900555,-0.0957101,0.424076,0.292759,-0.587624,-0.754315,0.321393,0.803454,-0.501167
0.749059,0.315464,1.24036,0.900555,-0.234981,0.365766,0.292759,-0.294195,-0.909803,0.321393,0.926409,-0.196146
0.749059,0.212441,1.19591,0.900555,-0.345909,0.26334,0.292759,0.0347182,-0.955556,0.321393,0.937625,0.132534
0.749059,0.130834,1.1189,0.900555,-0.415116,0.129151,0.292759,0.359444,-0.886054,0.321393,0.835751,0.445228
0.654934,0.21909,1.04971,0.707258,-0.638224,0.304066,0.558827,0.241273,-0.79341,0.433011,0.731066,0.5273
0.654934,0.187085,0.983798,0.707258,-0.703731,0.0674426,0.558827,0.498085,-0.663041,0.433011,0.50663,0.745539
0.654934,0.179554,0.910911,0.707258,-0.684358,-0.177315,0.558827,0.69482,-0.4527,0.433011,0.221087,0.873855
0.654934,0.197406,0.839844,0.707258,-0.582441,-0.400686,0.558827,0.80775,-0.187756,0.433011,-0.0911221,0.896771
0.654934,0.238488,0.779169,0.707258,-0.410273,-0.575728,0.558827,0.823253,0.0998335,0.433011,-0.392341,0.811524
0.654934,0.297845,0.736204,0.707258,-0.18862,-0.681329,0.558827,0.73946,0.375382,0.433011,-0.646237,0.628394
0.654934,0.368316,0.716131,0.707258,0.0557836,-0.704751,0.558827,0.566477,0.605654,0.433011,-0.822188,0.369472
0.654934,0.441403,0.721372,0.707258,0.293459,-0.643171,0.558827,0.325168,0.762875,0.433011,-0.89897,0.065985
0.654934,0.50829,0.751293,0.707258,0.495738,-0.504014,0.558827,0.0446396,0.828082,0.433011,-0.867324,-0.24546
0.654934,0.56091,0.802287,0.707258,0.638224,-0.304066,0.558827,-0.241273,0.79341,0.433011,-0.731066,-0.5273
0.654934,0.592915,0.868202,0.707258,0.703731,-0.0674426,0.558827,-0.498085,0.663041,0.433011,-0.50663,-0.745539
0.654934,0.600446,0.941089,0.707258,0.684358,0.177315,0.558827,-0.69482,0.4527,0.433011,-0.221087,-0.873855
0.654934,0.582594,1.01216,0.707258,0.582441,0.400686,0.558827,-0.80775,0.187756,0.433011,0.0911221,-0.896771
0.654934,0.541512,1.07283,0.707258,0.410273,0.575728,0.558827,-0.823253,-0.0998335,0.433011,0.392341,-0.811524
0.654934,0.482155,1.1158,0.707258,0.18862,0.681329,0.558827,-0.73946,-0.375382,0.433011,0.646237,-0.628394
0.654934,0.411684,1.13587,0.707258,-0.0557836,0.704751,0.558827,-0.566477,-0.605654,0.433011,0.822188,-0.369472
0.654934,0.338597,1.13063,0.707258,-0.293459,0.643171,0.558827,-0.325168,-0.762875,0.433011,0.89897,-0.065985
