0.658953,0.462362,1.18424,0.308961,0.86141,-0.403132,0.951075,-0.279834,0.130956,-3.49349e-06,-0.423869,-0.905723
0.907818,0.202936,1.35753,0.92986,-0.327745,-0.167167,-0.179072,-0.00625672,-0.983816,0.321394,0.944746,-0.0645078
0.907818,0.0862822,1.27805,0.92986,-0.250805,-0.269181,-0.179072,0.330606,-0.926625,0.321394,0.909833,0.262505
0.907818,0.00384896,1.16346,0.92986,-0.143614,-0.338727,-0.179072,0.627592,-0.757669,0.321394,0.765182,0.557855
0.907818,-0.034421,1.02758,0.92986,-0.0191016,-0.367419,-0.179072,0.848881,-0.497326,0.321394,0.528238,0.78592
0.907818,-0.0239119,0.886816,0.92986,0.107715,-0.351794,-0.179072,0.967783,-0.177,0.321394,0.227581,0.919191
0.907818,0.0341089,0.758132,0.92986,0.221539,-0.293737,-0.179072,0.969956,0.164676,0.321394,-0.100526,0.941595
0.907818,0.132643,0.657053,0.92986,0.308643,-0.200252,-0.179072,0.855138,0.48649,0.321394,-0.416507,0.850428
0.907818,0.259806,0.59577,0.92986,0.35852,-0.0826129,-0.179072,0.637178,0.749625,0.321394,-0.682252,0.656687
0.907818,0.40026,0.581676,0.92986,0.365154,0.0449902,-0.179072,0.342364,0.922345,0.321394,-0.865708,0.38374
0.907818,0.537064,0.616469,0.92986,0.327745,0.167167,-0.179072,0.00625672,0.983816,0.321394,-0.944746,0.0645078
0.907818,0.653718,0.695954,0.92986,0.250805,0.269181,-0.179072,-0.330606,0.926625,0.321394,-0.909833,-0.262505
0.907818,0.736151,0.810544,0.92986,0.143614,0.338727,-0.179072,-0.627592,0.757669,0.321394,-0.765182,-0.557855
0.907818,0.774421,0.946416,0.92986,0.0191016,0.367419,-0.179072,-0.848881,0.497326,0.321394,-0.528238,-0.78592
0.907818,0.763912,1.08718,0.92986,-0.107715,0.351794,-0.179072,-0.967783,0.177,0.321394,-0.227581,-0.919191
0.907818,0.705891,1.21587,0.92986,-0.221539,0.293737,-0.179072,-0.969956,-0.164676,0.321394,0.100526,-0.941595
0.907818,0.607357,1.31695,0.92986,-0.308643,0.200252,-0.179072,-0.855138,-0.48649,0.321394,0.416507,-0.850428
0.907818,0.480194,1.37823,0.92986,-0.35852,0.0826129,-0.179072,-0.637178,-0.749625,0.321394,0.682252,-0.656687
0.907818,0.33974,1.39232,0.92986,-0.365154,-0.0449902,-0.179072,-0.342364,-0.922345,0.321394,0.865708,-0.38374
0.907818,0.202936,1.35753,0.92986,-0.327745,-0.167167,-0.179072,-0.00625672,-0.983816,0.321394,0.944746,-0.0645078
0.809114,0.254531,1.33338,0.796489,-0.603448,-0.0381399,-0.0275851,0.0267471,-0.999262,0.604023,0.796953,0.00465766
0.809114,0.143024,1.273,0.796489,-0.554011,-0.242231,-0.0275851,0.366902,-0.929851,0.604023,0.747298,0.276951
0.809114,0.0588939,1.17812,0.796489,-0.437752,-0.417106,-0.0275851,0.662802,-0.748286,0.604023,0.607508,0.51584
0.809114,0.0122876,1.06019,0.796489,-0.268694,-0.541672,-0.0275851,0.878759,-0.476467,0.604023,0.394443,0.692511
0.809114,0.00882676,0.933434,0.796489,-0.0672272,-0.600904,-0.0275851,0.988725,-0.147179,0.604023,0.133803,0.785655
0.809114,0.0489287,0.813136,0.796489,0.142348,-0.587658,-0.0275851,0.979436,0.199861,0.604023,-0.142976,0.784037
0.809114,0.127757,0.713809,0.796489,0.334754,-0.503532,-0.0275851,0.852012,0.522794,0.604023,-0.40251,0.687853
0.809114,0.235803,0.647432,0.796489,0.486784,-0.358672,-0.0275851,0.621823,0.782671,0.604023,-0.613496,0.508704
0.809114,0.360035,0.622012,0.796489,0.580101,-0.170552,-0.0275851,0.316633,0.948147,0.604023,-0.750484,0.268197
0.809114,0.485469,0.640615,0.796489,0.603448,0.0381399,-0.0275851,-0.0267471,0.999262,0.604023,-0.796953,-0.00465766
0.809114,0.596976,0.700998,0.796489,0.554011,0.242231,-0.0275851,-0.366902,0.929851,0.604023,-0.747298,-0.276951
0.809114,0.681106,0.795876,0.796489,0.437752,0.417106,-0.0275851,-0.662802,0.748286,0.604023,-0.607508,-0.51584
0.809114,0.727712,0.913807,0.796489,0.268694,0.541672,-0.0275851,-0.878759,0.476467,0.604023,-0.394443,-0.692511
0.809114,0.731173,1.04057,0.796489,0.0672272,0.600904,-0.0275851,-0.988725,0.147179,0.604023,-0.133803,-0.785655
0.809114,0.691071,1.16086,0.796489,-0.142348,0.587658,-0.0275851,-0.979436,-0.199861,0.604023,0.142976,-0.784037
0.809114,0.612243,1.26019,0.796489,-0.334754,0.503532,-0.0275851,-0.852012,-0.522794,0.604023,0.40251,-0.687853
0.809114,0.504197,1.32657,0.796489,-0.486784,0.358672,-0.0275851,-0.621823,-0.782671,0.604023,0.613496,-0.508704
0.809114,0.379965,1.35199,0.796489,-0.580101,0.170552,-0.0275851,-0.316633,-0.948147,0.604023,0.750484,-0.268197
0.809114,0.254531,1.33338,0.796489,-0.603448,-0.0381399,-0.0275851,0.0267471,-0.999262,0.604023,0.796953,0.00465766
0.735846,0.333591,1.29639,0.567051,-0.82121,0.0637708,0.127229,0.0108336,-0.991814,0.813797,0.570523,0.110625
0.735846,0.22997,1.26527,0.567051,-0.793496,-0.220946,0.127229,0.349401,-0.928295,0.813797,0.49828,0.299084
0.735846,0.14324,1.2006,0.567051,-0.670075,-0.479013,0.127229,0.645825,-0.75281,0.813797,0.365937,0.451469
0.735846,0.0838596,1.11016,0.567051,-0.465832,-0.679304,0.127229,0.864353,-0.486525,0.813797,0.189457,0.5494
0.735846,0.0589923,1.00487,0.567051,-0.205404,-0.797661,0.127229,0.978628,-0.161558,0.813797,-0.00987434,0.581065
0.735846,0.0716372,0.897419,0.567051,0.0797997,-0.819808,0.127229,0.974865,0.182896,0.813797,-0.208015,0.542645
0.735846,0.120269,0.800776,0.567051,0.355378,-0.743074,0.127229,0.853519,0.505289,0.813797,-0.381066,0.438775
0.735846,0.199022,0.726593,0.567051,0.588093,-0.576715,0.127229,0.629227,0.766737,0.813797,-0.508154,0.281981
0.735846,0.298398,0.68382,0.567051,0.749874,-0.340795,0.127229,0.32904,0.935706,0.813797,-0.573952,0.0911766
0.735846,0.406409,0.677615,0.567051,0.82121,-0.0637708,0.127229,-0.0108336,0.991814,0.813797,-0.570523,-0.110625
0.735846,0.51003,0.708726,0.567051,0.793496,0.220946,0.127229,-0.349401,0.928295,0.813797,-0.49828,-0.299084
0.735846,0.59676,0.773401,0.567051,0.670075,0.479013,0.127229,-0.645825,0.75281,0.813797,-0.365937,-0.451469
0.735846,0.65614,0.863839,0.567051,0.465832,0.679304,0.127229,-0.864353,0.486525,0.813797,-0.189457,-0.5494
0.735846,0.681008,0.969132,0.567051,0.205404,0.797661,0.127229,-0.978628,0.161558,0.813797,0.00987434,-0.581065
0.735846,0.668363,1.07658,0.567051,-0.0797997,0.819808,0.127229,-0.974865,-0.182896,0.813797,0.208015,-0.542645
0.735846,0.619731,1.17322,0.567051,-0.355378,0.743074,0.127229,-0.853519,-0.505289,0.813797,0.381066,-0.438775
0.735846,0.540978,1.24741,0.567051,-0.588093,0.576715,0.127229,-0.629227,-0.766737,0.813797,0.508154,-0.281981
0.735846,0.441602,1.29018,0.567051,-0.749874,0.340795,0.127229,-0.32904,-0.935706,0.813797,0.573952,-0.0911766
0.735846,0.333591,1.29639,0.567051,-0.82121,0.0637708,0.127229,0.0108336,-0.991814,0.813797,0.570523,0.110625
0.696852,0.430579,1.251,0.269218,-0.954765,0.126273,0.266698,-0.0520779,-0.962372,0.925416,0.292765,0.240614
0.696852,0.336633,1.25579,0.269218,-0.940374,-0.207891,0.266698,0.280213,-0.922146,0.925416,0.192814,0.326234
0.696852,0.246713,1.22817,0.269218,-0.81256,-0.51698,0.266698,0.578707,-0.770695,0.925416,0.0696072,0.372506
0.696852,0.171662,1.17146,0.269218,-0.586739,-0.763714,0.266698,0.8074,-0.526287,0.925416,-0.0619952,0.373848
0.696852,0.120534,1.0925,0.269218,-0.290148,-0.918333,0.266698,0.938708,-0.218401,0.925416,-0.18612,0.330099
0.696852,0.0994954,1.00082,0.269218,0.0414383,-0.962187,0.266698,0.956795,0.115827,0.925416,-0.287796,0.246535
0.696852,0.111084,0.907465,0.269218,0.368027,-0.889988,0.266698,0.859478,0.436085,0.925416,-0.35476,0.133235
0.696852,0.153901,0.823707,0.269218,0.650226,-0.710442,0.266698,0.658495,0.703745,0.925416,-0.378934,0.00386472
0.696852,0.222783,0.759644,0.269218,0.853998,-0.445207,0.266698,0.378088,0.886522,0.925416,-0.357403,-0.125971
0.696852,0.309421,0.723004,0.269218,0.954765,-0.126273,0.266698,0.0520779,0.962372,0.925416,-0.292765,-0.240614
0.696852,0.403367,0.718206,0.269218,0.940374,0.207891,0.266698,-0.280213,0.922146,0.925416,-0.192814,-0.326234
0.696852,0.493287,0.745828,0.269218,0.81256,0.51698,0.266698,-0.578707,0.770695,0.925416,-0.0696072,-0.372506
0.696852,0.568338,0.802539,0.269218,0.586739,0.763714,0.266698,-0.8074,0.526287,0.925416,0.0619952,-0.373848
0.696852,0.619466,0.881499,0.269218,0.290148,0.918333,0.266698,-0.938708,0.218401,0.925416,0.18612,-0.330099
0.696852,0.640505,0.973184,0.269218,-0.0414383,0.962187,0.266698,-0.956795,-0.115827,0.925416,0.287796,-0.246535
0.696852,0.628916,1.06654,0.269218,-0.368027,0.889988,0.266698,-0.859478,-0.436085,0.925416,0.35476,-0.133235
0.696852,0.586099,1.15029,0.269218,-0.650226,0.710442,0.266698,-0.658495,-0.703745,0.925416,0.378934,-0.00386472
0.696852,0.517217,1.21436,0.269218,-0.853998,0.445207,0.266698,-0.378088,-0.886522,0.925416,0.357403,0.125971
0.696852,0.430579,1.251,0.269218,-0.954765,0.126273,0.266698,-0.0520779,-0.962372,0.925416,0.292765,0.240614
0.696834,0.533797,1.20269,-0.061087,-0.988005,0.141829,0.373999,-0.154399,-0.914487,0.925415,-0.0028194,0.378944
0.696834,0.450149,1.2457,-0.061087,-0.976929,-0.204642,0.373999,0.167685,-0.912144,0.925415,-0.132256,0.355127
0.696834,0.356833,1.25752,-0.061087,-0.848021,-0.52643,0.373999,0.469544,-0.799783,0.925415,-0.24574,0.288476
0.696834,0.265105,1.2367,-0.061087,-0.61683,-0.784723,0.373999,0.714769,-0.590957,0.925415,-0.329585,0.18703
0.696834,0.186029,1.18576,-0.061087,-0.311239,-0.948366,0.373999,0.873782,-0.310853,0.925415,-0.373677,0.0630264
0.696834,0.129143,1.11085,-0.061087,0.0318909,-0.997623,0.373999,0.927405,0.00674533,0.925415,-0.372698,-0.0685796
0.696834,0.101308,1.02101,-0.061087,0.371175,-0.926551,0.373999,0.869168,0.32353,0.925415,-0.326766,-0.191914
0.696834,0.105881,0.927058,-0.061087,0.665689,-0.743724,0.373999,0.706097,0.601291,0.925415,-0.241421,-0.2921
0.696834,0.14231,0.840339,-0.061087,0.879912,-0.471193,0.373999,0.457861,0.806529,0.925415,-0.126957,-0.357055
0.696834,0.206203,0.771309,-0.061087,0.988005,-0.141829,0.373999,0.154399,0.914487,0.925415,0.0028194,-0.378944
0.696834,0.289851,0.728295,-0.061087,0.976929,0.204642,0.373999,-0.167685,0.912144,0.925415,0.132256,-0.355127
0.696834,0.383167,0.716485,-0.061087,0.848021,0.52643,0.373999,-0.469544,0.799783,0.925415,0.24574,-0.288476
0.696834,0.474895,0.737302,-0.061087,0.61683,0.784723,0.373999,-0.714769,0.590957,0.925415,0.329585,-0.18703
0.696834,0.553971,0.788237,-0.061087,0.311239,0.948366,0.373999,-0.873782,0.310853,0.925415,0.373677,-0.0630264
0.696834,0.610857,0.863145,-0.061087,-0.0318909,0.997623,0.373999,-0.927405,-0.00674533,0.925415,0.372698,0.0685796
0.696834,0.638692,0.952993,-0.061087,-0.371175,0.926551,0.373999,-0.869168,-0.32353,0.925415,0.326766,0.191914
0.696834,0.634119,1.04694,-0.061087,-0.665689,0.743724,0.373999,-0.706097,-0.601291,0.925415,0.241421,0.2921
0.696834,0.59769,1.13366,-0.061087,-0.879912,0.471193,0.373999,-0.457861,-0.806529,0.925415,0.126957,0.357055
0.696834,0.533797,1.20269,-0.061087,-0.988005,0.141829,0.373999,-0.154399,-0.914487,0.925415,-0.0028194,0.378944
0.735794,0.630797,1.1573,-0.384024,-0.916919,0.108562,0.43619,-0.283789,-0.853933,0.813796,-0.280577,0.508933
0.735794,0.556824,1.23622,-0.384024,-0.898752,-0.21159,0.43619,0.0253878,-0.899496,0.813796,-0.437722,0.382277
0.735794,0.460318,1.28509,-0.384024,-0.772183,-0.506221,0.43619,0.331503,-0.836567,0.813796,-0.54207,0.209513
0.735794,0.352918,1.298,-0.384024,-0.552476,-0.739794,0.43619,0.597633,-0.672735,0.813796,-0.581037,0.0114792
0.735794,0.247578,1.27341,-0.384024,-0.266133,-0.884137,0.43619,0.791681,-0.427762,0.813796,-0.549922,-0.18794
0.735794,0.157005,1.21426,-0.384024,0.0523091,-0.92184,0.43619,0.89024,-0.131194,0.813796,-0.452479,-0.36469
0.735794,0.0921213,1.12771,-0.384024,0.364442,-0.848356,0.43619,0.881423,0.181198,0.813796,-0.30046,-0.497453
0.735794,0.0607543,1.02418,-0.384024,0.632619,-0.672547,0.43619,0.766293,0.471735,0.813796,-0.112201,-0.570217
0.735794,0.0666868,0.916172,-0.384024,0.824492,-0.415619,0.43619,0.558737,0.705373,0.813796,0.0895913,-0.574203
0.735794,0.109203,0.816704,-0.384024,0.916919,-0.108562,0.43619,0.283789,0.853933,0.813796,0.280577,-0.508933
0.735794,0.183176,0.737777,-0.384024,0.898752,0.21159,0.43619,-0.0253878,0.899496,0.813796,0.437722,-0.382277
0.735794,0.279682,0.688909,-0.384024,0.772183,0.506221,0.43619,-0.331503,0.836567,0.813796,0.54207,-0.209513
0.735794,0.387082,0.675996,-0.384024,0.552476,0.739794,0.43619,-0.597633,0.672735,0.813796,0.581037,-0.0114792
0.735794,0.492422,0.700594,-0.384024,0.266133,0.884137,0.43619,-0.791681,0.427762,0.813796,0.549922,0.18794
0.735794,0.582995,0.759737,-0.384024,-0.0523091,0.92184,0.43619,-0.89024,0.131194,0.813796,0.452479,0.36469
0.735794,0.647879,0.846291,-0.384024,-0.364442,0.848356,0.43619,-0.881423,-0.181198,0.813796,0.30046,0.497453
0.735794,0.679246,0.949817,-0.384024,-0.632619,0.672547,0.43619,-0.766293,-0.471735,0.813796,0.112201,0.570217
0.735794,0.673313,1.05783,-0.384024,-0.824492,0.415619,0.43619,-0.558737,-0.705373,0.813796,-0.0895913,0.574203
0.735794,0.630797,1.1573,-0.384024,-0.916919,0.108562,0.43619,-0.283789,-0.853933,0.813796,-0.280577,0.508933
0.809034,0.709877,1.12029,-0.660642,-0.750082,0.0304834,0.44577,-0.424641,-0.788016,0.604021,-0.507008,0.6149
0.809034,0.643793,1.22849,-0.660642,-0.715273,-0.227898,0.44577,-0.129515,-0.885728,0.604021,-0.686739,0.40441
0.809034,0.544686,1.30757,-0.660642,-0.594191,-0.458792,0.44577,0.181233,-0.876609,0.604021,-0.78364,0.145142
0.809034,0.424509,1.34799,-0.660642,-0.401441,-0.634348,0.44577,0.470121,-0.761758,0.604021,-0.786023,-0.131631
0.809034,0.297757,1.34486,-0.660642,-0.160271,-0.733393,0.44577,0.702306,-0.555027,0.604021,-0.693599,-0.392529
0.809034,0.179719,1.29857,-0.660642,0.10023,-0.74398,0.44577,0.849782,-0.281352,0.604021,-0.517517,-0.606081
0.809034,0.0846318,1.2147,-0.660642,0.348642,-0.664832,0.44577,0.894762,0.0262579,0.604021,-0.279015,-0.746531
0.809034,0.023964,1.10337,-0.660642,0.555002,-0.505495,0.44577,0.831821,0.330701,0.604021,-0.0068597,-0.796939
0.809034,0.00503326,0.977996,-0.660642,0.694421,-0.285188,0.44577,0.668549,0.595257,0.604021,0.266123,-0.751224
0.809034,0.0301229,0.853713,-0.660642,0.750082,-0.0304834,0.44577,0.424641,0.788016,0.604021,0.507008,-0.6149
0.809034,0.0962067,0.745507,-0.660642,0.715273,0.227898,0.44577,0.129515,0.885728,0.604021,0.686739,-0.40441
0.809034,0.195314,0.666428,-0.660642,0.594191,0.458792,0.44577,-0.181233,0.876609,0.604021,0.78364,-0.145142
0.809034,0.315491,0.626014,-0.660642,0.401441,0.634348,0.44577,-0.470121,0.761758,0.604021,0.786023,0.131631
0.809034,0.442243,0.629141,-0.660642,0.160271,0.733393,0.44577,-0.702306,0.555027,0.604021,0.693599,0.392529
0.809034,0.560281,0.675431,-0.660642,-0.10023,0.74398,0.44577,-0.849782,0.281352,0.604021,0.517517,0.606081
0.809034,0.655368,0.759301,-0.660642,-0.348642,0.664832,0.44577,-0.894762,-0.0262579,0.604021,0.279015,0.746531
0.809034,0.716036,0.870635,-0.660642,-0.555002,0.505495,0.44577,-0.831821,-0.330701,0.604021,0.0068597,0.796939
0.809034,0.734967,0.996004,-0.660642,-0.694421,0.285188,0.44577,-0.668549,-0.595257,0.604021,-0.266123,0.751224
0.809034,0.709877,1.12029,-0.660642,-0.750082,0.0304834,0.44577,-0.424641,-0.788016,0.604021,-0.507008,0.6149
0.90772,0.761501,1.09613,-0.857576,-0.507618,-0.0829879,0.401584,-0.559966,-0.724685,0.321392,-0.654799,0.684065
0.90772,0.700566,1.22345,-0.857576,-0.448621,-0.251599,0.401584,-0.27834,-0.872501,0.321392,-0.849274,0.418856
0.90772,0.599761,1.32225,-0.857576,-0.335514,-0.389863,0.401584,0.0368592,-0.91508,0.321392,-0.941314,0.103127
0.90772,0.471243,1.38061,-0.857576,-0.181939,-0.481104,0.401584,0.347612,-0.847288,0.321392,-0.919817,-0.22504
0.90772,0.330514,1.3915,-0.857576,-0.00641979,-0.514316,0.401584,0.616438,-0.677299,0.321392,-0.787377,-0.526065
0.90772,0.194547,1.3536,-0.857576,0.169874,-0.485495,0.401584,0.810912,-0.425619,0.321392,-0.559968,-0.763638
0.90772,0.0797426,1.27149,-0.857576,0.325678,-0.398116,0.401584,0.907579,-0.122603,0.321392,-0.265018,-0.909105
0.90772,-5.25436e-05,1.15506,-0.857576,0.442201,-0.262718,0.401584,0.894778,0.195201,0.321392,0.0618968,-0.944921
0.90772,-0.0352139,1.01835,-0.857576,0.505388,-0.0956324,0.401584,0.774053,0.489461,0.321392,0.381346,-0.866765
0.90772,-0.0215005,0.877873,-0.857576,0.507618,0.0829879,0.401584,0.559966,0.724685,0.321392,0.654799,-0.684065
0.90772,0.0394336,0.750553,-0.857576,0.448621,0.251599,0.401584,0.27834,0.872501,0.321392,0.849274,-0.418856
0.90772,0.140239,0.651752,-0.857576,0.335514,0.389863,0.401584,-0.0368592,0.91508,0.321392,0.941314,-0.103127
0.90772,0.268757,0.593387,-0.857576,0.181939,0.481104,0.401584,-0.347612,0.847288,0.321392,0.919817,0.22504
0.90772,0.409486,0.582497,-0.857576,0.00641979,0.514316,0.401584,-0.616438,0.677299,0.321392,0.787377,0.526065
0.90772,0.545453,0.620397,-0.857576,-0.169874,0.485495,0.401584,-0.810912,0.425619,0.321392,0.559968,0.763638
0.90772,0.660257,0.702514,-0.857576,-0.325678,0.398116,0.401584,-0.907579,0.122603,0.321392,0.265018,0.909105
0.90772,0.740053,0.818945,-0.857576,-0.442201,0.262718,0.401584,-0.894778,-0.195201,0.321392,-0.0618968,0.944921
0.90772,0.775214,0.955645,-0.857576,-0.505388,0.0956324,0.401584,-0.774053,-0.489461,0.321392,-0.381346,0.866765
0.90772,0.761501,1.09613,-0.857576,-0.507618,-0.0829879,0.401584,-0.559966,-0.724685,0.321392,-0.654799,0.684065
0.883612,0.0883615,1.26961,0.961642,-0.225915,-0.155587,-0.0812368,0.307206,-0.948169,0.262003,0.924439,0.277069
0.883612,0.0086893,1.15624,0.961642,-0.159077,-0.223472,-0.0812368,0.612972,-0.785917,0.262003,0.773925,0.576537
0.883612,-0.0274035,1.02246,0.961642,-0.0730513,-0.264402,-0.0812368,0.844805,-0.528872,0.262003,0.530064,0.806465
0.883612,-0.0155636,0.884397,0.961642,0.0217851,-0.273442,-0.0812368,0.974742,-0.208037,0.262003,0.22227,0.939122
0.883612,0.042781,0.758714,0.961642,0.113994,-0.2495,-0.0812368,0.98711,0.137891,0.262003,-0.112333,0.958507
0.883612,0.140593,0.660566,0.961642,0.192453,-0.195465,-0.0812368,0.880419,0.467187,0.262003,-0.433387,0.862282
0.883612,0.266075,0.601791,0.961642,0.2477,-0.117854,-0.0812368,0.667536,0.740133,0.262003,-0.702169,0.662053
0.883612,0.404092,0.589477,0.961642,0.27307,-0.0260286,-0.0812368,0.374138,0.923808,0.262003,-0.886258,0.38197
0.883612,0.537997,0.625111,0.961642,0.265505,0.0689367,-0.0812368,0.0356139,0.996058,0.262003,-0.963452,0.0558166
0.883612,0.651639,0.704394,0.961642,0.225915,0.155587,-0.0812368,-0.307206,0.948169,0.262003,-0.924439,-0.277069
0.883612,0.731311,0.817763,0.961642,0.159077,0.223472,-0.0812368,-0.612972,0.785917,0.262003,-0.773925,-0.576537
0.883612,0.767403,0.951545,0.961642,0.0730513,0.264402,-0.0812368,-0.844805,0.528872,0.262003,-0.530064,-0.806465
0.883612,0.755564,1.0896,0.961642,-0.0217851,0.273442,-0.0812368,-0.974742,0.208037,0.262003,-0.22227,-0.939122
0.883612,0.697219,1.21529,0.961642,-0.113994,0.2495,-0.0812368,-0.98711,-0.137891,0.262003,0.112333,-0.958507
0.883612,0.599407,1.31343,0.961642,-0.192453,0.195465,-0.0812368,-0.880419,-0.467187,0.262003,0.433387,-0.862282
0.883612,0.473925,1.37221,0.961642,-0.2477,0.117854,-0.0812368,-0.667536,-0.740133,0.262003,0.702169,-0.662053
0.883612,0.335908,1.38452,0.961642,-0.27307,0.0260286,-0.0812368,-0.374138,-0.923808,0.262003,0.886258,-0.38197
0.883612,0.202003,1.34889,0.961642,-0.265505,-0.0689367,-0.0812368,-0.0356139,-0.996058,0.262003,0.963452,-0.0558166
0.883612,0.0883615,1.26961,0.961642,-0.225915,-0.155587,-0.0812368,0.307206,-0.948169,0.262003,0.924439,0.277069
0.763622,0.151087,1.24025,0.856221,-0.516234,-0.0197206,0.156285,0.29522,-0.94256,0.492403,0.803958,0.333454
0.763622,0.0776725,1.15011,0.856221,-0.478356,-0.195094,0.156285,0.599791,-0.784746,0.492403,0.641425,0.588314
0.763622,0.0395166,1.04029,0.856221,-0.382782,-0.346936,0.156285,0.832018,-0.532279,0.492403,0.401527,0.772214
0.763622,0.0412218,0.924042,0.856221,-0.241038,-0.456932,0.156285,0.963891,-0.215612,0.492403,0.113199,0.862974
0.763622,0.0825825,0.81539,0.856221,-0.070222,-0.511815,0.156285,0.979505,0.127061,0.492403,-0.188782,0.849647
0.763622,0.15861,0.727437,0.856221,0.109064,-0.504967,0.156285,0.876976,0.454409,0.492403,-0.467993,0.73384
0.763622,0.260134,0.670791,0.856221,0.275195,-0.437211,0.156285,0.668671,0.726948,0.492403,-0.690758,0.529521
0.763622,0.37491,0.652284,0.856221,0.408134,-0.316722,0.156285,0.379714,0.911807,0.492403,-0.830207,0.261334
0.763622,0.489093,0.674149,0.856221,0.491846,-0.158031,0.156285,0.0449582,0.986688,0.492403,-0.869521,-0.0383742
0.763622,0.588913,0.733749,0.856221,0.516234,0.0197206,0.156285,-0.29522,0.94256,0.492403,-0.803958,-0.333454
0.763622,0.662327,0.823894,0.856221,0.478356,0.195094,0.156285,-0.599791,0.784746,0.492403,-0.641425,-0.588314
0.763622,0.700483,0.933713,0.856221,0.382782,0.346936,0.156285,-0.832018,0.532279,0.492403,-0.401527,-0.772214
0.763622,0.698778,1.04996,0.856221,0.241038,0.456932,0.156285,-0.963891,0.215612,0.492403,-0.113199,-0.862974
0.763622,0.657417,1.15861,0.856221,0.070222,0.511815,0.156285,-0.979505,-0.127061,0.492403,0.188782,-0.849647
0.763622,0.58139,1.24656,0.856221,-0.109064,0.504967,0.156285,-0.876976,-0.454409,0.492403,0.467993,-0.73384
0.763622,0.479866,1.30321,0.856221,-0.275195,0.437211,0.156285,-0.668671,-0.726948,0.492403,0.690758,-0.529521
0.763622,0.36509,1.32172,0.856221,-0.408134,0.316722,0.156285,-0.379714,-0.911807,0.492403,0.830207,-0.261334
0.763622,0.250907,1.29985,0.856221,-0.491846,0.158031,0.156285,-0.0449582,-0.986688,0.492403,0.869521,0.0383742
0.763622,0.151087,1.24025,0.856221,-0.516234,-0.0197206,0.156285,0.29522,-0.94256,0.492403,0.803958,0.333454
0.674556,0.2472,1.19527,0.647527,-0.756387,0.0926691,0.374957,0.210379,-0.902855,0.663413,0.61937,0.419839
0.674556,0.183373,1.14071,0.647527,-0.742466,-0.171619,0.374957,0.506486,-0.776453,0.663413,0.438424,0.606357
0.674556,0.142056,1.06761,0.647527,-0.638993,-0.415208,0.374957,0.741504,-0.556398,0.663413,0.204597,0.719739
0.674556,0.128232,0.984788,0.647527,-0.458447,-0.608716,0.374957,0.887085,-0.269234,0.663413,-0.0539064,0.746309
0.674556,0.143569,0.902232,0.647527,-0.222607,-0.728804,0.374957,0.925671,0.0504038,0.663413,-0.305908,0.682864
0.674556,0.186217,0.8299,0.647527,0.040084,-0.760988,0.374957,0.852607,0.363962,0.663413,-0.521013,0.537056
0.674556,0.251032,0.776517,0.647527,0.29794,-0.701385,0.374957,0.676706,0.633621,0.663413,-0.673276,0.32647
0.674556,0.330196,0.748521,0.647527,0.51986,-0.557185,0.374957,0.419184,0.826856,0.663413,-0.744332,0.0765079
0.674556,0.414161,0.749289,0.647527,0.679077,-0.34578,0.374957,0.111103,0.92036,0.663413,-0.725611,-0.182683
0.674556,0.4928,0.778729,0.647527,0.756387,-0.0926691,0.374957,-0.210379,0.902855,0.663413,-0.61937,-0.419839
0.674556,0.556627,0.833289,0.647527,0.742466,0.171619,0.374957,-0.506486,0.776453,0.663413,-0.438424,-0.606357
0.674556,0.597944,0.906389,0.647527,0.638993,0.415208,0.374957,-0.741504,0.556398,0.663413,-0.204597,-0.719739
0.674556,0.611768,0.989212,0.647527,0.458447,0.608716,0.374957,-0.887085,0.269234,0.663413,0.0539064,-0.746309
0.674556,0.596431,1.07177,0.647527,0.222607,0.728804,0.374957,-0.925671,-0.0504038,0.663413,0.305908,-0.682864
0.674556,0.553783,1.1441,0.647527,-0.040084,0.760988,0.374957,-0.852607,-0.363962,0.663413,0.521013,-0.537056
0.674556,0.488968,1.19748,0.647527,-0.29794,0.701385,0.374957,-0.676706,-0.633621,0.663413,0.673276,-0.32647
0.674556,0.409804,1.22548,0.647527,-0.51986,0.557185,0.374957,-0.419184,-0.826856,0.663413,0.744332,-0.0765079
0.674556,0.325839,1.22471,0.647527,-0.679077,0.34578,0.374957,-0.111103,-0.92036,0.663413,0.725611,0.182683
0.674556,0.2472,1.19527,0.647527,-0.756387,0.0926691,0.374957,0.210379,-0.902855,0.663413,0.61937,0.419839
0.627155,0.365108,1.14009,0.360731,-0.917409,0.168026,0.548404,0.0629152,-0.833843,0.754404,0.39294,0.525806
0.627155,0.313042,1.12919,0.360731,-0.919551,-0.15588,0.548404,0.344312,-0.762038,0.754404,0.189406,0.62849
0.627155,0.267847,1.10113,0.360731,-0.810782,-0.460984,0.548404,0.58418,-0.59832,0.754404,-0.0369726,0.655368
0.627155,0.234973,1.05931,0.360731,-0.60422,-0.710487,0.548404,0.753587,-0.362436,0.754404,-0.258892,0.603199
0.627155,0.218385,1.00877,0.360731,-0.32478,-0.874295,0.548404,0.832101,-0.082836,0.754404,-0.449585,0.478275
0.627155,0.220084,0.955598,0.360731,-0.0061669,-0.932649,0.548404,0.81025,0.206755,0.754404,-0.586051,0.295665
0.627155,0.239865,0.906217,0.360731,0.31319,-0.878513,0.548404,0.690672,0.471408,0.754404,-0.651831,0.0773925
0.627155,0.275342,0.86658,0.360731,0.594771,-0.718415,0.548404,0.487788,0.679202,0.754404,-0.638991,-0.150214
0.627155,0.322237,0.841468,0.360731,0.804615,-0.471665,0.548404,0.22607,0.805075,0.754404,-0.549079,-0.359703
0.627155,0.374892,0.833908,0.360731,0.917409,-0.168026,0.548404,-0.0629152,0.833843,0.754404,-0.39294,-0.525806
0.627155,0.426958,0.844814,0.360731,0.919551,0.15588,0.548404,-0.344312,0.762038,0.754404,-0.189406,-0.62849
0.627155,0.472153,0.87287,0.360731,0.810782,0.460984,0.548404,-0.58418,0.59832,0.754404,0.0369726,-0.655368
0.627155,0.505027,0.914691,0.360731,0.60422,0.710487,0.548404,-0.753587,0.362436,0.754404,0.258892,-0.603199
0.627155,0.521615,0.965234,0.360731,0.32478,0.874295,0.548404,-0.832101,0.082836,0.754404,0.449585,-0.478275
0.627155,0.519916,1.0184,0.360731,0.0061669,0.932649,0.548404,-0.81025,-0.206755,0.754404,0.586051,-0.295665
0.627155,0.500135,1.06778,0.360731,-0.31319,0.878513,0.548404,-0.690672,-0.471408,0.754404,0.651831,-0.0773925
0.627155,0.464658,1.10742,0.360731,-0.594771,0.718415,0.548404,-0.487788,-0.679202,0.754404,0.638991,0.150214
0.627155,0.417763,1.13253,0.360731,-0.804615,0.471665,0.548404,-0.22607,-0.805075,0.754404,0.549079,0.359703
0.627155,0.365108,1.14009,0.360731,-0.917409,0.168026,0.548404,0.0629152,-0.833843,0.754404,0.39294,0.525806
0.627137,0.490588,1.08137,0.0304265,-0.979879,0.197261,0.655705,-0.129385,-0.743849,0.754404,0.151978,0.638574
0.627137,0.45104,1.11692,0.0304265,-0.988252,-0.149773,0.655705,0.132829,-0.743241,0.754404,-0.0755929,0.652043
0.627137,0.401717,1.1368,0.0304265,-0.877428,-0.478743,0.655705,0.379022,-0.652988,0.754404,-0.294046,0.586866
0.627137,0.348569,1.13862,0.0304265,-0.660773,-0.749969,0.655705,0.579499,-0.483975,0.754404,-0.477033,0.450904
0.627137,0.298006,1.12214,0.0304265,-0.364418,-0.930738,0.655705,0.71008,-0.256587,0.754404,-0.602482,0.260556
0.627137,0.256126,1.08937,0.0304265,-0.0241101,-0.999246,0.655705,0.755015,0.00174861,0.754404,-0.655264,0.0387816
0.627137,0.227981,1.04425,0.0304265,0.319106,-0.94723,0.655705,0.708884,0.259874,0.754404,-0.629011,-0.187671
0.627137,0.216966,0.992222,0.0304265,0.623834,-0.780965,0.655705,0.577251,0.486654,0.754404,-0.526889,-0.391487
0.627137,0.224409,0.939567,0.0304265,0.853318,-0.520503,0.655705,0.375993,0.654737,0.754404,-0.361218,-0.548084
0.627137,0.249412,0.892632,0.0304265,0.979879,-0.197261,0.655705,0.129385,0.743849,0.754404,-0.151978,-0.638574
0.627137,0.28896,0.85708,0.0304265,0.988252,0.149773,0.655705,-0.132829,0.743241,0.754404,0.0755929,-0.652043
0.627137,0.338283,0.837197,0.0304265,0.877428,0.478743,0.655705,-0.379022,0.652988,0.754404,0.294046,-0.586866
0.627137,0.391431,0.835384,0.0304265,0.660773,0.749969,0.655705,-0.579499,0.483975,0.754404,0.477033,-0.450904
0.627137,0.441994,0.851857,0.0304265,0.364418,0.930738,0.655705,-0.71008,0.256587,0.754404,0.602482,-0.260556
0.627137,0.483874,0.884631,0.0304265,0.0241101,0.999246,0.655705,-0.755015,-0.00174861,0.754404,0.655264,-0.0387816
0.627137,0.512019,0.929752,0.0304265,-0.319106,0.94723,0.655705,-0.708884,-0.259874,0.754404,0.629011,0.187671
0.627137,0.523034,0.981778,0.0304265,-0.623834,0.780965,0.655705,-0.577251,-0.486654,0.754404,0.526889,0.391487
0.627137,0.515591,1.03443,0.0304265,-0.853318,0.520503,0.655705,-0.375993,-0.654737,0.754404,0.361218,0.548084
0.627137,0.490588,1.08137,0.0304265,-0.979879,0.197261,0.655705,-0.129385,-0.743849,0.754404,0.151978,0.638574
0.674504,0.608507,1.02618,-0.303548,-0.93626,0.176848,0.683918,-0.343327,-0.643726,0.663411,-0.0744521,0.744542
0.674504,0.580721,1.10539,-0.303548,-0.940282,-0.154037,0.683918,-0.102455,-0.722329,0.663411,-0.32461,0.674176
0.674504,0.52752,1.17033,-0.303548,-0.830893,-0.466343,0.683918,0.150775,-0.713809,0.663411,-0.535616,0.522495
0.674504,0.45532,1.21314,-0.303548,-0.621285,-0.722401,0.683918,0.385819,-0.619193,0.663411,-0.682018,0.307793
0.674504,0.372828,1.22869,-0.303548,-0.336741,-0.891327,0.683918,0.574328,-0.449893,0.663411,-0.746159,0.0559672
0.674504,0.289996,1.21508,-0.303548,-0.0115815,-0.952746,0.683918,0.693564,-0.22633,0.663411,-0.720302,-0.202609
0.674504,0.216813,1.17396,-0.303548,0.314975,-0.899249,0.683918,0.729146,0.0245326,0.663411,-0.607566,-0.436748
0.674504,0.162107,1.11029,-0.303548,0.603541,-0.73729,0.683918,0.676783,0.272436,0.663411,-0.421548,-0.618209
0.674504,0.132476,1.03175,-0.303548,0.819311,-0.486403,0.683918,0.542789,0.487479,0.663411,-0.184686,-0.725104
0.674504,0.131493,0.947817,-0.303548,0.93626,-0.176848,0.683918,0.343327,0.643726,0.663411,0.0744521,-0.744542
0.674504,0.159279,0.868606,-0.303548,0.940282,0.154037,0.683918,0.102455,0.722329,0.663411,0.32461,-0.674176
0.674504,0.21248,0.803675,-0.303548,0.830893,0.466343,0.683918,-0.150775,0.713809,0.663411,0.535616,-0.522495
0.674504,0.28468,0.760856,-0.303548,0.621285,0.722401,0.683918,-0.385819,0.619193,0.663411,0.682018,-0.307793
0.674504,0.367172,0.745313,-0.303548,0.336741,0.891327,0.683918,-0.574328,0.449893,0.663411,0.746159,-0.0559672
0.674504,0.450004,0.758921,-0.303548,0.0115815,0.952746,0.683918,-0.693564,0.22633,0.663411,0.720302,0.202609
0.674504,0.523187,0.800039,-0.303548,-0.314975,0.899249,0.683918,-0.729146,-0.0245326,0.663411,0.607566,0.436748
0.674504,0.577893,0.863707,-0.303548,-0.603541,0.73729,0.683918,-0.676783,-0.272436,0.663411,0.421548,0.618209
0.674504,0.607524,0.942246,-0.303548,-0.819311,0.486403,0.683918,-0.542789,-0.487479,0.663411,0.184686,0.725104
0.674504,0.608507,1.02618,-0.303548,-0.93626,0.176848,0.683918,-0.343327,-0.643726,0.663411,-0.0744521,0.744542
0.763543,0.704641,0.981193,-0.60091,-0.791815,0.109249,0.629641,-0.553107,-0.545551,0.492402,-0.259039,0.830927
0.763543,0.686445,1.096,-0.60091,-0.781428,-0.168156,0.629641,-0.333161,-0.701824,0.492402,-0.527611,0.692219
0.763543,0.630082,1.19765,-0.60091,-0.67679,-0.425279,0.629641,-0.0730315,-0.773446,0.492402,-0.732545,0.47002
0.763543,0.542349,1.2739,-0.60091,-0.49052,-0.631108,0.629641,0.195907,-0.75178,0.492402,-0.849123,0.191129
0.763543,0.433828,1.31555,-0.60091,-0.245087,-0.760815,0.629641,0.441216,-0.639438,0.492402,-0.863285,-0.110815
0.763543,0.317609,1.31756,-0.60091,0.0299079,-0.798757,0.629641,0.633308,-0.44997,0.492402,-0.773321,-0.399393
0.763543,0.207709,1.27971,-0.60091,0.301295,-0.740357,0.629641,0.749014,-0.206229,0.492402,-0.590084,-0.639798
0.763543,0.117383,1.20655,-0.60091,0.536342,-0.592659,0.629641,0.774378,0.0623856,0.492402,-0.335674,-0.803034
0.763543,0.0575268,1.10691,-0.60091,0.706697,-0.373477,0.629641,0.70634,0.323476,0.492402,-0.0407763,-0.869412
0.763543,0.0353595,0.992807,-0.60091,0.791815,-0.109249,0.629641,0.553107,0.545551,0.492402,0.259039,-0.830927
0.763543,0.0535547,0.878003,-0.60091,0.781428,0.168156,0.629641,0.333161,0.701824,0.492402,0.527611,-0.692219
0.763543,0.109918,0.776345,-0.60091,0.67679,0.425279,0.629641,0.0730315,0.773446,0.492402,0.732545,-0.47002
0.763543,0.197651,0.700096,-0.60091,0.49052,0.631108,0.629641,-0.195907,0.75178,0.492402,0.849123,-0.191129
0.763543,0.306172,0.658452,-0.60091,0.245087,0.760815,0.629641,-0.441216,0.639438,0.492402,0.863285,0.110815
0.763543,0.422391,0.656435,-0.60091,-0.0299079,0.798757,0.629641,-0.633308,0.44997,0.492402,0.773321,0.399393
0.763543,0.532291,0.694289,-0.60091,-0.301295,0.740357,0.629641,-0.749014,0.206229,0.492402,0.590084,0.639798
0.763543,0.622617,0.767449,-0.60091,-0.536342,0.592659,0.629641,-0.774378,-0.0623856,0.492402,0.335674,0.803034
0.763543,0.682473,0.86709,-0.60091,-0.706697,0.373477,0.629641,-0.70634,-0.323476,0.492402,0.0407763,0.869412
0.763543,0.704641,0.981193,-0.60091,-0.791815,0.109249,0.629641,-0.553107,-0.545551,0.492402,-0.259039,0.830927
0.883514,0.767395,0.951825,-0.825794,-0.563966,0.00261746,0.499419,-0.733422,-0.461165,0.262001,-0.37952,0.887311
0.883514,0.75546,1.08986,-0.825794,-0.53085,-0.190428,0.499419,-0.531463,-0.684198,0.262001,-0.66011,0.703996
0.883514,0.697032,1.21549,-0.825794,-0.433705,-0.360505,0.499419,-0.265403,-0.824707,0.262001,-0.861081,0.435769
0.883514,0.59916,1.31357,-0.825794,-0.28425,-0.4871,0.499419,0.0326696,-0.865744,0.262001,-0.958194,0.114981
0.883514,0.473648,1.37225,-0.825794,-0.100509,-0.554943,0.499419,0.326801,-0.80236,0.262001,-0.939733,-0.219674
0.883514,0.335634,1.38447,-0.825794,0.0953539,-0.555852,0.499419,0.581516,-0.642199,0.262001,-0.807927,-0.527834
0.883514,0.201765,1.34874,-0.825794,0.279716,-0.489717,0.499419,0.766091,-0.404579,0.262001,-0.578674,-0.772329
0.883514,0.0881881,1.26939,-0.825794,0.43034,-0.364515,0.499419,0.858265,-0.118162,0.262001,-0.279623,-0.92367
0.883514,0.00860164,1.15597,-0.825794,0.529059,-0.195347,0.499419,0.846919,0.182508,0.262001,0.053154,-0.963603
0.883514,-0.0273948,1.02218,-0.825794,0.563966,-0.00261746,0.499419,0.733422,0.461165,0.262001,0.37952,-0.887311
0.883514,-0.0154596,0.884137,-0.825794,0.53085,0.190428,0.499419,0.531463,0.684198,0.262001,0.66011,-0.703996
0.883514,0.0429677,0.758505,-0.825794,0.433705,0.360505,0.499419,0.265403,0.824707,0.262001,0.861081,-0.435769
0.883514,0.14084,0.660434,-0.825794,0.28425,0.4871,0.499419,-0.0326696,0.865744,0.262001,0.958194,-0.114981
0.883514,0.266352,0.601751,-0.825794,0.100509,0.554943,0.499419,-0.326801,0.80236,0.262001,0.939733,0.219674
0.883514,0.404366,0.589534,-0.825794,-0.0953539,0.555852,0.499419,-0.581516,0.642199,0.262001,0.807927,0.527834
0.883514,0.538235,0.625258,-0.825794,-0.279716,0.489717,0.499419,-0.766091,0.404579,0.262001,0.578674,0.772329
0.883514,0.651812,0.704614,-0.825794,-0.43034,0.364515,0.499419,-0.858265,0.118162,0.262001,0.279623,0.92367
0.883514,0.731398,0.818029,-0.825794,-0.529059,0.195347,0.499419,-0.846919,-0.182508,0.262001,-0.053154,0.963603
0.883514,0.767395,0.951825,-0.825794,-0.563966,0.00261746,0.499419,-0.733422,-0.461165,0.262001,-0.37952,0.887311
0.875863,0.00775488,1.1476,0.985232,-0.132372,-0.108611,-0.00862081,0.595159,-0.803562,0.17101,0.792631,0.585228
0.875863,-0.0253263,1.01402,0.985232,-0.0872418,-0.147335,-0.00862081,0.834101,-0.551545,0.17101,0.54467,0.82103
0.875863,-0.0107253,0.877177,0.985232,-0.0315889,-0.168288,-0.00862081,0.972438,-0.233003,0.17101,0.231013,0.957804
0.875863,0.0497968,0.753585,0.985232,0.0278741,-0.168943,-0.00862081,0.993484,0.113642,0.17101,-0.110507,0.979052
0.875863,0.14894,0.658145,0.985232,0.0839751,-0.149221,-0.00862081,0.894702,0.44658,0.17101,-0.438698,0.882213
0.875863,0.274747,0.602371,0.985232,0.129947,-0.111501,-0.00862081,0.688006,0.725654,0.17101,-0.713976,0.678965
0.875863,0.412042,0.592988,0.985232,0.160246,-0.0603319,-0.00862081,0.398326,0.917204,0.17101,-0.903138,0.393824
0.875863,0.544266,0.631129,0.985232,0.171217,-0.00188605,-0.00862081,0.0606015,0.998125,0.17101,-0.983368,0.0611826
0.875863,0.655472,0.712194,0.985232,0.161536,0.0567873,-0.00862081,-0.284432,0.958657,0.17101,-0.944989,-0.278839
0.875863,0.732245,0.826404,0.985232,0.132372,0.108611,-0.00862081,-0.595159,0.803562,0.17101,-0.792631,-0.585228
0.875863,0.765326,0.959984,0.985232,0.0872418,0.147335,-0.00862081,-0.834101,0.551545,0.17101,-0.54467,-0.82103
0.875863,0.750725,1.09682,0.985232,0.0315889,0.168288,-0.00862081,-0.972438,0.233003,0.17101,-0.231013,-0.957804
0.875863,0.690203,1.22042,0.985232,-0.0278741,0.168943,-0.00862081,-0.993484,-0.113642,0.17101,0.110507,-0.979052
0.875863,0.59106,1.31585,0.985232,-0.0839751,0.149221,-0.00862081,-0.894702,-0.44658,0.17101,0.438698,-0.882213
0.875863,0.465253,1.37163,0.985232,-0.129947,0.111501,-0.00862081,-0.688006,-0.725654,0.17101,0.713976,-0.678965
0.875863,0.327958,1.38101,0.985232,-0.160246,0.0603319,-0.00862081,-0.398326,-0.917204,0.17101,0.903138,-0.393824
0.875863,0.195734,1.34287,0.985232,-0.171217,0.00188605,-0.00862081,-0.0606015,-0.998125,0.17101,0.983368,-0.0611826
0.875863,0.0845282,1.26181,0.985232,-0.161536,-0.0567873,-0.00862081,0.284432,-0.958657,0.17101,0.944989,0.278839
0.875863,0.00775488,1.1476,0.985232,-0.132372,-0.108611,-0.00862081,0.595159,-0.803562,0.17101,0.792631,0.585228
0.749059,0.0740443,1.11657,0.900555,-0.433539,0.032332,0.292759,0.549781,-0.782325,0.321393,0.713992,0.62203
0.749059,0.0475759,1.00754,0.900555,-0.418451,-0.117897,0.292759,0.784196,-0.547109,0.321393,0.458187,0.828717
0.749059,0.0599965,0.896023,0.900555,-0.352892,-0.253905,0.292759,0.924026,-0.245904,0.321393,0.147117,0.935448
0.749059,0.109808,0.795482,0.900555,-0.24477,-0.359289,0.292759,0.952404,0.0849616,0.321393,-0.181698,0.929351
0.749059,0.191003,0.718041,0.900555,-0.107124,-0.421338,0.292759,0.865909,0.405579,0.321393,-0.488597,0.81116
0.749059,0.293787,0.67304,0.900555,0.0434424,-0.432566,0.292759,0.674972,0.677278,0.321393,-0.736564,0.595131
0.749059,0.405764,0.665908,0.900555,0.188769,-0.391621,0.292759,0.402623,0.867287,0.321393,-0.89569,0.307321
0.749059,0.513427,0.697504,0.900555,0.311327,-0.303441,0.292759,0.0817124,0.952688,0.321393,-0.946783,-0.0175573
0.749059,0.603791,0.764018,0.900555,0.396335,-0.178661,0.292759,-0.249054,0.923182,0.321393,-0.88368,-0.340317
0.749059,0.665956,0.857426,0.900555,0.433539,-0.032332,0.292759,-0.549781,0.782325,0.321393,-0.713992,-0.62203
0.749059,0.692424,0.966463,0.900555,0.418451,0.117897,0.292759,-0.784196,0.547109,0.321393,-0.458187,-0.828717
0.749059,0.680003,1.07798,0.900555,0.352892,0.253905,0.292759,-0.924026,0.245904,0.321393,-0.147117,-0.935448
0.749059,0.630192,1.17852,0.900555,0.24477,0.359289,0.292759,-0.952404,-0.0849616,0.321393,0.181698,-0.929351
0.749059,0.548997,1.25596,0.900555,0.107124,0.421338,0.292759,-0.865909,-0.405579,0.321393,0.488597,-0.81116
0.749059,0.446213,1.30096,0.900555,-0.0434424,0.432566,0.292759,-0.674972,-0.677278,0.321393,0.736564,-0.595131
0.749059,0.334236,1.30809,0.900555,-0.188769,0.391621,0.292759,-0.402623,-0.867287,0.321393,0.89569,-0.307321
0.749059,0.226573,1.2765,0.900555,-0.311327,0.303441,0.292759,-0.0817124,-0.952688,0.321393,0.946783,0.0175573
0.749059,0.136209,1.20998,0.900555,-0.396335,0.178661,0.292759,0.249054,-0.923182,0.321393,0.88368,0.340317
0.749059,0.0740443,1.11657,0.900555,-0.433539,0.032332,0.292759,0.549781,-0.782325,0.321393,0.713992,0.62203
0.654934,0.175617,1.06904,0.707258,-0.690312,0.1525,0.558827,0.41378,-0.718678,0.433011,0.593512,0.678414
0.654934,0.159281,0.997608,0.707258,-0.700839,-0.0927978,0.558827,0.634628,-0.533815,0.433011,0.325687,0.840494
0.654934,0.168361,0.924898,0.707258,-0.626834,-0.326902,0.558827,0.778931,-0.284567,0.433011,0.0185801,0.901197
0.654934,0.201761,0.859679,0.707258,-0.477224,-0.521578,0.558827,0.829283,-0.000995231,0.433011,-0.290768,0.853203
0.654934,0.255454,0.809816,0.707258,-0.270054,-0.653343,0.558827,0.779612,0.282696,0.433011,-0.565045,0.7023
0.654934,0.322962,0.781324,0.707258,-0.0303113,-0.706306,0.558827,0.635908,0.532291,0.433011,-0.77117,0.46669
0.654934,0.396144,0.77764,0.707258,0.213087,-0.674077,0.558827,0.415504,0.717683,0.433011,-0.88428,0.174789
0.654934,0.466173,0.799208,0.707258,0.430785,-0.560545,0.558827,0.144984,0.816512,0.433011,-0.890732,-0.138193
0.654934,0.524602,0.843426,0.707258,0.596523,-0.379403,0.558827,-0.143023,0.816858,0.433011,-0.78975,-0.434508
0.654934,0.564383,0.904961,0.707258,0.690312,-0.1525,0.558827,-0.41378,0.718678,0.433011,-0.593512,-0.678414
0.654934,0.580719,0.976392,0.707258,0.700839,0.0927978,0.558827,-0.634628,0.533815,0.433011,-0.325687,-0.840494
0.654934,0.571639,1.0491,0.707258,0.626834,0.326902,0.558827,-0.778931,0.284567,0.433011,-0.0185801,-0.901197
0.654934,0.538239,1.11432,0.707258,0.477224,0.521578,0.558827,-0.829283,0.000995231,0.433011,0.290768,-0.853203
0.654934,0.484546,1.16418,0.707258,0.270054,0.653343,0.558827,-0.779612,-0.282696,0.433011,0.565045,-0.7023
0.654934,0.417038,1.19268,0.707258,0.0303113,0.706306,0.558827,-0.635908,-0.532291,0.433011,0.77117,-0.46669
0.654934,0.343856,1.19636,0.707258,-0.213087,0.674077,0.558827,-0.415504,-0.717683,0.433011,0.88428,-0.174789
0.654934,0.273827,1.17479,0.707258,-0.430785,0.560545,0.558827,-0.144984,-0.816512,0.433011,0.890732,0.138193
