0.658953,0.35153,1.05538,0.308961,0.896802,0.316686,0.951075,-0.291329,-0.10288,-3.49349e-06,0.332978,-0.942935
0.907818,0.0450593,0.996994,0.92986,-0.11642,-0.349009,-0.179072,0.685457,-0.705749,0.321394,0.718745,0.616531
0.907818,0.0176372,0.858524,0.92986,0.00996917,-0.36778,-0.179072,0.8855,-0.428747,0.321394,0.464533,0.825175
0.907818,0.0392284,0.719026,0.92986,0.135156,-0.34219,-0.179072,0.978737,-0.100031,0.321394,0.154292,0.934291
0.907818,0.107229,0.595325,0.92986,0.244041,-0.275328,-0.179072,0.953925,0.240749,0.321394,-0.174559,0.930717
0.907818,0.213437,0.502342,0.92986,0.323491,-0.175256,-0.179072,0.814055,0.552492,0.321394,-0.482356,0.814885
0.907818,0.345041,0.451291,0.92986,0.363923,-0.0540466,-0.179072,0.575998,0.797596,0.321394,-0.731974,0.600766
0.907818,0.48617,0.448331,0.92986,0.360461,0.073682,-0.179072,0.268468,0.946498,0.321394,-0.893304,0.314186
0.907818,0.619799,0.493817,0.92986,0.313522,0.192523,-0.179072,-0.0714442,0.981238,0.321394,-0.946889,-0.01029
0.907818,0.729813,0.582265,0.92986,0.228767,0.288144,-0.179072,-0.402739,0.897627,0.321394,-0.886266,-0.333525
0.907818,0.802941,0.703006,0.92986,0.11642,0.349009,-0.179072,-0.685457,0.705749,0.321394,-0.718745,-0.616531
0.907818,0.830363,0.841476,0.92986,-0.00996917,0.36778,-0.179072,-0.8855,0.428747,0.321394,-0.464533,-0.825175
0.907818,0.808772,0.980974,0.92986,-0.135156,0.34219,-0.179072,-0.978737,0.100031,0.321394,-0.154292,-0.934291
0.907818,0.740771,1.10468,0.92986,-0.244041,0.275328,-0.179072,-0.953925,-0.240749,0.321394,0.174559,-0.930717
0.907818,0.634563,1.19766,0.92986,-0.323491,0.175256,-0.179072,-0.814055,-0.552492,0.321394,0.482356,-0.814885
0.907818,0.502959,1.24871,0.92986,-0.363923,0.0540466,-0.179072,-0.575998,-0.797596,0.321394,0.731974,-0.600766
0.907818,0.36183,1.25167,0.92986,-0.360461,-0.073682,-0.179072,-0.268468,-0.946498,0.321394,0.893304,-0.314186
0.907818,0.228201,1.20618,0.92986,-0.313522,-0.192523,-0.179072,0.0714442,-0.981238,0.321394,0.946889,0.01029
0.907818,0.118187,1.11773,0.92986,-0.228767,-0.288144,-0.179072,0.402739,-0.897627,0.321394,0.886266,0.333525
0.907818,0.0450593,0.996994,0.92986,-0.11642,-0.349009,-0.179072,0.685457,-0.705749,0.321394,0.718745,0.616531
0.809114,0.0987742,1.01596,0.796489,-0.403451,-0.450368,-0.0275851,0.719817,-0.693615,0.604023,0.564881,0.562198
0.809114,0.0616252,0.89472,0.796489,-0.225085,-0.561196,-0.0275851,0.913637,-0.405593,0.604023,0.338531,0.721494
0.809114,0.0681839,0.768084,0.796489,-0.0195704,-0.604336,-0.0275851,0.997259,-0.0686506,0.604023,0.0713501,0.793767
0.809114,0.117659,0.651327,0.796489,0.188305,-0.574583,-0.0275851,0.960597,0.276572,0.604023,-0.204437,0.7703
0.809114,0.204084,0.558534,0.796489,0.373468,-0.475528,-0.0275851,0.808073,0.588437,0.604023,-0.455566,0.653924
0.809114,0.317034,0.500896,0.796489,0.513585,-0.319116,-0.0275851,0.558083,0.829327,0.604023,-0.651747,0.458674
0.809114,0.442885,0.485365,0.796489,0.591756,-0.124215,-0.0275851,0.24078,0.970188,0.604023,-0.769318,0.208102
0.809114,0.566459,0.513814,0.796489,0.598553,0.0856687,-0.0275851,-0.105565,0.99403,0.604023,-0.794097,-0.06757
0.809114,0.67285,0.582812,0.796489,0.533155,0.285219,-0.0275851,-0.439176,0.897977,0.604023,-0.723097,-0.335092
0.809114,0.749226,0.684037,0.796489,0.403451,0.450368,-0.0275851,-0.719817,0.693615,0.604023,-0.564881,-0.562198
0.809114,0.786375,0.80528,0.796489,0.225085,0.561196,-0.0275851,-0.913637,0.405593,0.604023,-0.338531,-0.721494
0.809114,0.779816,0.931916,0.796489,0.0195704,0.604336,-0.0275851,-0.997259,0.0686506,0.604023,-0.0713501,-0.793767
0.809114,0.730341,1.04867,0.796489,-0.188305,0.574583,-0.0275851,-0.960597,-0.276572,0.604023,0.204437,-0.7703
0.809114,0.643916,1.14147,0.796489,-0.373468,0.475528,-0.0275851,-0.808073,-0.588437,0.604023,0.455566,-0.653924
0.809114,0.530966,1.1991,0.796489,-0.513585,0.319116,-0.0275851,-0.558083,-0.829327,0.604023,0.651747,-0.458674
0.809114,0.405115,1.21464,0.796489,-0.591756,0.124215,-0.0275851,-0.24078,-0.970188,0.604023,0.769318,-0.208102
0.809114,0.281541,1.18619,0.796489,-0.598553,-0.0856687,-0.0275851,0.105565,-0.99403,0.604023,0.794097,0.06757
0.809114,0.17515,1.11719,0.796489,-0.533155,-0.285219,-0.0275851,0.439176,-0.897977,0.604023,0.723097,0.335092
0.809114,0.0987742,1.01596,0.796489,-0.403451,-0.450368,-0.0275851,0.719817,-0.693615,0.604023,0.564881,0.562198
0.735846,0.181082,1.04503,0.567051,-0.63016,-0.530426,0.127229,0.70325,-0.699466,0.813797,0.329147,0.478953
0.735846,0.129028,0.950183,0.567051,-0.410741,-0.713965,0.127229,0.90007,-0.416757,0.813797,0.145485,0.562644
0.735846,0.112553,0.843255,0.567051,-0.14178,-0.811389,0.127229,0.988329,-0.0837815,0.813797,-0.055724,0.578471
0.735846,0.133642,0.737141,0.567051,0.144282,-0.810948,0.127229,0.95738,0.259299,0.813797,-0.250212,0.524526
0.735846,0.189753,0.644639,0.567051,0.412941,-0.712694,0.127229,0.810957,0.571105,0.813797,-0.414521,0.407316
0.735846,0.274117,0.576906,0.567051,0.631793,-0.528479,0.127229,0.566721,0.814027,0.813797,-0.528833,0.240977
0.735846,0.37656,0.542113,0.567051,0.774442,-0.280522,0.127229,0.25413,0.958765,0.813797,-0.579359,0.0455731
0.735846,0.484725,0.544455,0.567051,0.823682,0.00127048,0.127229,-0.0891127,0.987862,0.813797,-0.560007,-0.155328
0.735846,0.585565,0.583651,0.567051,0.773573,0.28291,0.127229,-0.421607,0.897808,0.813797,-0.473109,-0.337494
0.735846,0.666918,0.654972,0.567051,0.63016,0.530426,0.127229,-0.70325,0.699466,0.813797,-0.329147,-0.478953
0.735846,0.718972,0.749817,0.567051,0.410741,0.713965,0.127229,-0.90007,0.416757,0.813797,-0.145485,-0.562644
0.735846,0.735447,0.856745,0.567051,0.14178,0.811389,0.127229,-0.988329,0.0837815,0.813797,0.055724,-0.578471
0.735846,0.714358,0.962859,0.567051,-0.144282,0.810948,0.127229,-0.95738,-0.259299,0.813797,0.250212,-0.524526
0.735846,0.658247,1.05536,0.567051,-0.412941,0.712694,0.127229,-0.810957,-0.571105,0.813797,0.414521,-0.407316
0.735846,0.573883,1.12309,0.567051,-0.631793,0.528479,0.127229,-0.566721,-0.814027,0.813797,0.528833,-0.240977
0.735846,0.47144,1.15789,0.567051,-0.774442,0.280522,0.127229,-0.25413,-0.958765,0.813797,0.579359,-0.0455731
0.735846,0.363275,1.15554,0.567051,-0.823682,-0.00127048,0.127229,0.0891127,-0.987862,0.813797,0.560007,0.155328
0.735846,0.262435,1.11635,0.567051,-0.773573,-0.28291,0.127229,0.421607,-0.897808,0.813797,0.473109,0.337494
0.735846,0.181082,1.04503,0.567051,-0.63016,-0.530426,0.127229,0.70325,-0.699466,0.813797,0.329147,0.478953
0.696852,0.282055,1.08068,0.269218,-0.769202,-0.579525,0.266698,0.637754,-0.722594,0.925416,0.0399771,0.376839
0.696852,0.211717,1.01822,0.269218,-0.524604,-0.807658,0.266698,0.846434,-0.460892,0.925416,-0.0913204,0.367786
0.696852,0.166983,0.935474,0.269218,-0.216731,-0.938376,0.266698,0.953022,-0.143599,0.925416,-0.211603,0.314372
0.696852,0.153249,0.842414,0.269218,0.117283,-0.955911,0.266698,0.944662,0.191014,0.925416,-0.306364,0.223041
0.696852,0.172172,0.750269,0.269218,0.43715,-0.85815,0.266698,0.822361,0.502588,0.925416,-0.364172,0.104807
0.696852,0.221469,0.670153,0.269218,0.704292,-0.656883,0.266698,0.600872,0.753542,0.925416,-0.378056,-0.0260677
0.696852,0.295194,0.61173,0.269218,0.886485,-0.376386,0.266698,0.306908,0.913608,0.925416,-0.346341,-0.153798
0.696852,0.384455,0.582045,0.269218,0.961755,-0.0504915,0.266698,-0.0240729,0.963479,0.925416,-0.272852,-0.262979
0.696852,0.478486,0.58468,0.269218,0.921023,0.281493,0.266698,-0.352151,0.897141,0.925416,-0.166453,-0.34044
0.696852,0.565945,0.619316,0.269218,0.769202,0.579525,0.266698,-0.637754,0.722594,0.925416,-0.0399771,-0.376839
0.696852,0.636283,0.681776,0.269218,0.524604,0.807658,0.266698,-0.846434,0.460892,0.925416,0.0913204,-0.367786
0.696852,0.681017,0.764526,0.269218,0.216731,0.938376,0.266698,-0.953022,0.143599,0.925416,0.211603,-0.314372
0.696852,0.694751,0.857586,0.269218,-0.117283,0.955911,0.266698,-0.944662,-0.191014,0.925416,0.306364,-0.223041
0.696852,0.675828,0.949731,0.269218,-0.43715,0.85815,0.266698,-0.822361,-0.502588,0.925416,0.364172,-0.104807
0.696852,0.626531,1.02985,0.269218,-0.704292,0.656883,0.266698,-0.600872,-0.753542,0.925416,0.378056,0.0260677
0.696852,0.552806,1.08827,0.269218,-0.886485,0.376386,0.266698,-0.306908,-0.913608,0.925416,0.346341,0.153798
0.696852,0.463545,1.11795,0.269218,-0.961755,0.0504915,0.266698,0.0240729,-0.963479,0.925416,0.272852,0.262979
0.696852,0.369514,1.11532,0.269218,-0.921023,-0.281493,0.266698,0.352151,-0.897141,0.925416,0.166453,0.34044
0.696852,0.282055,1.08068,0.269218,-0.769202,-0.579525,0.266698,0.637754,-0.722594,0.925416,0.0399771,0.376839
0.696834,0.389514,1.11863,-0.061087,-0.803807,-0.591745,0.373999,0.531228,-0.760211,0.925415,-0.267751,0.268172
0.696834,0.299717,1.09064,-0.061087,-0.552943,-0.830977,0.373999,0.759199,-0.532674,0.925415,-0.343324,0.160423
0.696834,0.22491,1.03362,-0.061087,-0.235385,-0.96998,0.373999,0.895599,-0.240889,0.925415,-0.377487,0.0333244
0.696834,0.174116,0.95445,-0.061087,0.110563,-0.99199,0.373999,0.923977,0.0799515,0.925415,-0.366119,-0.0977934
0.696834,0.153462,0.862685,-0.061087,0.443176,-0.894351,0.373999,0.840909,0.391148,0.925415,-0.310592,-0.217116
0.696834,0.165438,0.769391,-0.061087,0.722335,-0.68884,0.373999,0.656415,0.655167,0.925415,-0.217603,-0.310251
0.696834,0.208602,0.685819,-0.061087,0.91437,-0.400245,0.373999,0.392748,0.840163,0.925415,-0.098368,-0.365965
0.696834,0.277745,0.62205,-0.061087,0.996119,-0.063374,0.373999,0.08171,0.923823,0.925415,0.0327318,-0.377539
0.696834,0.364529,0.585775,-0.061087,0.95772,0.28114,0.373999,-0.239184,0.896056,0.925415,0.159884,-0.343575
0.696834,0.458486,0.581369,-0.061087,0.803807,0.591745,0.373999,-0.531228,0.760211,0.925415,0.267751,-0.268172
0.696834,0.548283,0.609364,-0.061087,0.552943,0.830977,0.373999,-0.759199,0.532674,0.925415,0.343324,-0.160423
0.696834,0.62309,0.666384,-0.061087,0.235385,0.96998,0.373999,-0.895599,0.240889,0.925415,0.377487,-0.0333244
0.696834,0.673884,0.74555,-0.061087,-0.110563,0.99199,0.373999,-0.923977,-0.0799515,0.925415,0.366119,0.0977934
0.696834,0.694538,0.837315,-0.061087,-0.443176,0.894351,0.373999,-0.840909,-0.391148,0.925415,0.310592,0.217116
0.696834,0.682562,0.930609,-0.061087,-0.722335,0.68884,0.373999,-0.656415,-0.655167,0.925415,0.217603,0.310251
0.696834,0.639398,1.01418,-0.061087,-0.91437,0.400245,0.373999,-0.392748,-0.840163,0.925415,0.098368,0.365965
0.696834,0.570255,1.07795,-0.061087,-0.996119,0.063374,0.373999,-0.08171,-0.923823,0.925415,-0.0327318,0.377539
0.696834,0.483471,1.11423,-0.061087,-0.95772,-0.28114,0.373999,0.239184,-0.896056,0.925415,-0.159884,0.343575
0.696834,0.389514,1.11863,-0.061087,-0.803807,-0.591745,0.373999,0.531228,-0.760211,0.925415,-0.267751,0.268172
0.735794,0.490499,1.15429,-0.384024,-0.729801,-0.565612,0.43619,0.396522,-0.80778,0.813796,-0.556921,0.166058
0.735794,0.382415,1.15868,-0.384024,-0.492338,-0.781108,0.43619,0.648886,-0.623446,0.813796,-0.580129,-0.034435
0.735794,0.279346,1.12585,-0.384024,-0.195492,-0.902391,0.43619,0.822985,-0.363916,0.813796,-0.533366,-0.230774
0.735794,0.193725,1.05974,-0.384024,0.124934,-0.914832,0.43619,0.897819,-0.0604915,0.813796,-0.422271,-0.399279
0.735794,0.135879,0.968328,-0.384024,0.43029,-0.816931,0.43619,0.864363,0.250229,0.813796,-0.260243,-0.519624
0.735794,0.112784,0.862649,-0.384024,0.683747,-0.620496,0.43619,0.726653,0.530768,0.813796,-0.0668266,-0.577296
0.735794,0.127226,0.755444,-0.384024,0.854734,-0.34922,0.43619,0.501297,0.747288,0.813796,0.13465,-0.565336
0.735794,0.177464,0.659644,-0.384024,0.922628,-0.0358233,0.43619,0.215477,0.873675,0.813796,0.319886,-0.485189
0.735794,0.257438,0.586803,-0.384024,0.879239,0.281894,0.43619,-0.0963322,0.894683,0.813796,0.466539,-0.346521
0.735794,0.357501,0.545708,-0.384024,0.729801,0.565612,0.43619,-0.396522,0.80778,0.813796,0.556921,-0.166058
0.735794,0.465585,0.541315,-0.384024,0.492338,0.781108,0.43619,-0.648886,0.623446,0.813796,0.580129,0.034435
0.735794,0.568654,0.574155,-0.384024,0.195492,0.902391,0.43619,-0.822985,0.363916,0.813796,0.533366,0.230774
0.735794,0.654275,0.640265,-0.384024,-0.124934,0.914832,0.43619,-0.897819,0.0604915,0.813796,0.422271,0.399279
0.735794,0.712121,0.731672,-0.384024,-0.43029,0.816931,0.43619,-0.864363,-0.250229,0.813796,0.260243,0.519624
0.735794,0.735216,0.837351,-0.384024,-0.683747,0.620496,0.43619,-0.726653,-0.530768,0.813796,0.0668266,0.577296
0.735794,0.720774,0.944556,-0.384024,-0.854734,0.34922,0.43619,-0.501297,-0.747288,0.813796,-0.13465,0.565336
0.735794,0.670536,1.04036,-0.384024,-0.922628,0.0358233,0.43619,-0.215477,-0.873675,0.813796,-0.319886,0.485189
0.735794,0.590562,1.1132,-0.384024,-0.879239,-0.281894,0.43619,0.0963322,-0.894683,0.813796,-0.466539,0.346521
0.735794,0.490499,1.15429,-0.384024,-0.729801,-0.565612,0.43619,0.396522,-0.80778,0.813796,-0.556921,0.166058
0.809034,0.572828,1.18336,-0.660642,-0.55611,-0.504276,0.44577,0.249883,-0.859562,0.604021,-0.792654,0.0828136
0.809034,0.449836,1.21416,-0.660642,-0.350099,-0.664065,0.44577,0.528801,-0.722259,0.604021,-0.773175,-0.193284
0.809034,0.323727,1.20104,-0.660642,-0.101862,-0.743758,0.44577,0.743938,-0.497841,0.604021,-0.66044,-0.446069
0.809034,0.209712,1.14557,-0.660642,0.158661,-0.733743,0.44577,0.869344,-0.213376,0.604021,-0.468046,-0.645052
0.809034,0.121544,1.05446,-0.660642,0.400048,-0.635228,0.44577,0.889895,0.0968257,0.604021,-0.219198,-0.766231
0.809034,0.0698563,0.938679,-0.660642,0.593183,-0.460094,0.44577,0.803112,0.395349,0.604021,0.0560874,-0.794992
0.809034,0.0608837,0.812207,-0.660642,0.714771,-0.229467,0.44577,0.619461,0.646187,0.604021,0.324608,-0.727865
0.809034,0.0957083,0.690293,-0.660642,0.750147,0.0288377,0.44577,0.361094,0.819085,0.604021,0.553977,-0.572947
0.809034,0.17013,0.587642,-0.660642,0.695045,0.283664,0.44577,0.059174,0.893189,0.604021,0.716527,-0.348923
0.809034,0.275172,0.516635,-0.660642,0.55611,0.504276,0.44577,-0.249883,0.859562,0.604021,0.792654,-0.0828136
0.809034,0.398164,0.485838,-0.660642,0.350099,0.664065,0.44577,-0.528801,0.722259,0.604021,0.773175,0.193284
0.809034,0.524273,0.498963,-0.660642,0.101862,0.743758,0.44577,-0.743938,0.497841,0.604021,0.66044,0.446069
0.809034,0.638288,0.554429,-0.660642,-0.158661,0.733743,0.44577,-0.869344,0.213376,0.604021,0.468046,0.645052
0.809034,0.726456,0.645545,-0.660642,-0.400048,0.635228,0.44577,-0.889895,-0.0968257,0.604021,0.219198,0.766231
0.809034,0.778144,0.761321,-0.660642,-0.593183,0.460094,0.44577,-0.803112,-0.395349,0.604021,-0.0560874,0.794992
0.809034,0.787116,0.887793,-0.660642,-0.714771,0.229467,0.44577,-0.619461,-0.646187,0.604021,-0.324608,0.727865
0.809034,0.752292,1.00971,-0.660642,-0.750147,-0.0288377,0.44577,-0.361094,-0.819085,0.604021,-0.553977,0.572947
0.809034,0.67787,1.11236,-0.660642,-0.695045,-0.283664,0.44577,-0.059174,-0.893189,0.604021,-0.716527,0.348923
0.809034,0.572828,1.18336,-0.660642,-0.55611,-0.504276,0.44577,0.249883,-0.859562,0.604021,-0.792654,0.0828136
0.90772,0.626573,1.20234,-0.857576,-0.303683,-0.415137,0.401584,0.108998,-0.909313,0.321392,-0.946518,0.02848
0.90772,0.493848,1.25038,-0.857576,-0.143384,-0.493967,0.401584,0.413428,-0.817195,0.321392,-0.899176,-0.296966
0.90772,0.352698,1.25012,-0.857576,0.0342103,-0.513218,0.401584,0.667993,-0.626511,0.321392,-0.743381,-0.586593
0.90772,0.220148,1.2016,-0.857576,0.207678,-0.470566,0.401584,0.841987,-0.360261,0.321392,-0.497923,-0.805468
0.90772,0.112186,1.11068,-0.857576,0.356096,-0.371157,0.401584,0.914426,-0.0505582,0.321392,-0.192408,-0.927193
0.90772,0.0418333,0.988312,-0.857576,0.461565,-0.226982,0.401584,0.876571,0.265243,0.321392,0.136314,-0.937084
0.90772,0.0175754,0.849262,-0.857576,0.511361,-0.0554287,0.401584,0.732989,0.549052,0.321392,0.448594,-0.833948
0.90772,0.0423384,0.710301,-0.857576,0.49948,0.12281,0.401584,0.500998,0.766637,0.321392,0.706768,-0.630227
0.90772,0.113135,0.58819,-0.857576,0.427354,0.286236,0.401584,0.208578,0.891754,0.321392,0.879695,-0.350491
0.90772,0.221427,0.497657,-0.857576,0.303683,0.415137,0.401584,-0.108998,0.909313,0.321392,0.946518,-0.02848
0.90772,0.354152,0.449622,-0.857576,0.143384,0.493967,0.401584,-0.413428,0.817195,0.321392,0.899176,0.296966
0.90772,0.495302,0.449878,-0.857576,-0.0342103,0.513218,0.401584,-0.667993,0.626511,0.321392,0.743381,0.586593
0.90772,0.627852,0.498395,-0.857576,-0.207678,0.470566,0.401584,-0.841987,0.360261,0.321392,0.497923,0.805468
0.90772,0.735814,0.589321,-0.857576,-0.356096,0.371157,0.401584,-0.914426,0.0505582,0.321392,0.192408,0.927193
0.90772,0.806167,0.711688,-0.857576,-0.461565,0.226982,0.401584,-0.876571,-0.265243,0.321392,-0.136314,0.937084
0.90772,0.830425,0.850738,-0.857576,-0.511361,0.0554287,0.401584,-0.732989,-0.549052,0.321392,-0.448594,0.833948
0.90772,0.805662,0.989699,-0.857576,-0.49948,-0.12281,0.401584,-0.500998,-0.766637,0.321392,-0.706768,0.630227
0.90772,0.734865,1.11181,-0.857576,-0.427354,-0.286236,0.401584,-0.208578,-0.891754,0.321392,-0.879695,0.350491
0.90772,0.626573,1.20234,-0.857576,-0.303683,-0.415137,0.401584,0.108998,-0.909313,0.321392,-0.946518,0.02848
0.883612,0.0250377,0.853966,0.961642,-0.0519462,-0.269345,-0.0812368,0.883927,-0.460515,0.262003,0.464731,0.845801
0.883612,0.0477417,0.717274,0.961642,0.0433078,-0.270868,-0.0812368,0.988125,-0.130422,0.262003,0.147424,0.95374
0.883612,0.115828,0.59659,0.961642,0.133338,-0.23972,-0.0812368,0.973141,0.215402,0.262003,-0.187665,0.946645
0.883612,0.221084,0.506472,0.961642,0.207286,-0.179659,-0.0812368,0.840781,0.535245,0.262003,-0.500119,0.82537
0.883612,0.350815,0.457788,0.961642,0.256232,-0.0979283,-0.0812368,0.607011,0.79053,0.262003,-0.752251,0.604543
0.883612,0.489373,0.45641,0.961642,0.274273,-0.00438584,-0.0812368,0.300027,0.950465,0.262003,-0.913651,0.310799
0.883612,0.620047,0.502506,0.961642,0.259232,0.0896856,-0.0812368,-0.0431453,0.995761,0.262003,-0.964851,-0.0204312
0.883612,0.727074,0.590514,0.961642,0.212925,0.17294,-0.0812368,-0.381114,0.920952,0.262003,-0.899675,-0.349197
0.883612,0.797545,0.70982,0.961642,0.140935,0.235335,-0.0812368,-0.673114,0.735064,0.262003,-0.725986,-0.635845
0.883612,0.822962,0.846034,0.961642,0.0519462,0.269345,-0.0812368,-0.883927,0.460515,0.262003,-0.464731,-0.845801
0.883612,0.800258,0.982726,0.961642,-0.0433078,0.270868,-0.0812368,-0.988125,0.130422,0.262003,-0.147424,-0.95374
0.883612,0.732172,1.10341,0.961642,-0.133338,0.23972,-0.0812368,-0.973141,-0.215402,0.262003,0.187665,-0.946645
0.883612,0.626916,1.19353,0.961642,-0.207286,0.179659,-0.0812368,-0.840781,-0.535245,0.262003,0.500119,-0.82537
0.883612,0.497185,1.24221,0.961642,-0.256232,0.0979283,-0.0812368,-0.607011,-0.79053,0.262003,0.752251,-0.604543
0.883612,0.358627,1.24359,0.961642,-0.274273,0.00438584,-0.0812368,-0.300027,-0.950465,0.262003,0.913651,-0.310799
0.883612,0.227953,1.19749,0.961642,-0.259232,-0.0896856,-0.0812368,0.0431453,-0.995761,0.262003,0.964851,0.0204312
0.883612,0.120926,1.10949,0.961642,-0.212925,-0.17294,-0.0812368,0.381114,-0.920952,0.262003,0.899675,0.349197
0.883612,0.0504545,0.99018,0.961642,-0.140935,-0.235335,-0.0812368,0.673114,-0.735064,0.262003,0.725986,0.635845
0.883612,0.0250377,0.853966,0.961642,-0.0519462,-0.269345,-0.0812368,0.883927,-0.460515,0.262003,0.464731,0.845801
0.763622,0.0903408,0.877026,0.856221,-0.354193,-0.376077,0.156285,0.871449,-0.464922,0.492403,0.3393,0.801508
0.763622,0.101219,0.761278,0.856221,-0.204207,-0.474537,0.156285,0.977906,-0.13883,0.492403,0.0447062,0.869218
0.763622,0.15103,0.656231,0.856221,-0.0295902,-0.515762,0.156285,0.966414,0.204006,0.492403,-0.25528,0.832088
0.763622,0.233765,0.574556,0.856221,0.148595,-0.494778,0.156285,0.838358,0.522236,0.492403,-0.524476,0.694596
0.763622,0.339445,0.526103,0.856221,0.308858,-0.414117,0.156285,0.609184,0.777477,0.492403,-0.730412,0.473326
0.763622,0.455324,0.516717,0.856221,0.431868,-0.283507,0.156285,0.306533,0.938942,0.492403,-0.84825,0.194965
0.763622,0.567424,0.54753,0.856221,0.502788,-0.118702,0.156285,-0.0330904,0.987157,0.492403,-0.863776,-0.106911
0.763622,0.662226,0.614825,0.856221,0.513065,0.0604205,0.156285,-0.368723,0.916307,0.492403,-0.775118,-0.395892
0.763622,0.728294,0.710485,0.856221,0.461458,0.232255,0.156285,-0.659881,0.734936,0.492403,-0.59297,-0.637123
0.763622,0.757659,0.822974,0.856221,0.354193,0.376077,0.156285,-0.871449,0.464922,0.492403,-0.3393,-0.801508
0.763622,0.746781,0.938722,0.856221,0.204207,0.474537,0.156285,-0.977906,0.13883,0.492403,-0.0447062,-0.869218
0.763622,0.69697,1.04377,0.856221,0.0295902,0.515762,0.156285,-0.966414,-0.204006,0.492403,0.25528,-0.832088
0.763622,0.614235,1.12544,0.856221,-0.148595,0.494778,0.156285,-0.838358,-0.522236,0.492403,0.524476,-0.694596
0.763622,0.508555,1.1739,0.856221,-0.308858,0.414117,0.156285,-0.609184,-0.777477,0.492403,0.730412,-0.473326
0.763622,0.392676,1.18328,0.856221,-0.431868,0.283507,0.156285,-0.306533,-0.938942,0.492403,0.84825,-0.194965
0.763622,0.280576,1.15247,0.856221,-0.502788,0.118702,0.156285,0.0330904,-0.987157,0.492403,0.863776,0.106911
0.763622,0.185774,1.08518,0.856221,-0.513065,-0.0604205,0.156285,0.368723,-0.916307,0.492403,0.775118,0.395892
0.763622,0.119706,0.989515,0.856221,-0.461458,-0.232255,0.156285,0.659881,-0.734936,0.492403,0.59297,0.637123
0.763622,0.0903408,0.877026,0.856221,-0.354193,-0.376077,0.156285,0.871449,-0.464922,0.492403,0.3393,0.801508
0.674556,0.190403,0.912361,0.647527,-0.604213,-0.464366,0.374957,0.783122,-0.496112,0.663413,0.147129,0.733646
0.674556,0.183162,0.828705,0.647527,-0.408952,-0.643014,0.374957,0.905574,-0.19835,0.663413,-0.112666,0.739723
0.674556,0.204969,0.747618,0.647527,-0.164366,-0.744106,0.374957,0.918801,0.123337,0.663413,-0.358872,0.656578
0.674556,0.253195,0.678879,0.647527,0.100046,-0.755447,0.374957,0.821207,0.430147,0.663413,-0.561792,0.49424
0.674556,0.322023,0.63078,0.647527,0.35239,-0.67567,0.374957,0.624563,0.685075,0.663413,-0.696952,0.27229
0.674556,0.40315,0.609123,0.647527,0.562232,-0.514398,0.374957,0.352588,0.857373,0.663413,-0.748049,0.0174971
0.674556,0.486793,0.616518,0.647527,0.704259,-0.291081,0.374957,0.0380851,0.926259,0.663413,-0.708921,-0.239406
0.674556,0.562861,0.652075,0.647527,0.761343,-0.032656,0.374957,-0.281011,0.883425,0.663413,-0.584286,-0.467433
0.674556,0.622181,0.711505,0.647527,0.726597,0.229708,0.374957,-0.566213,0.734037,0.663413,-0.389178,-0.639081
0.674556,0.657597,0.787639,0.647527,0.604213,0.464366,0.374957,-0.783122,0.496112,0.663413,-0.147129,-0.733646
0.674556,0.664838,0.871295,0.647527,0.408952,0.643014,0.374957,-0.905574,0.19835,0.663413,0.112666,-0.739723
0.674556,0.643031,0.952382,0.647527,0.164366,0.744106,0.374957,-0.918801,-0.123337,0.663413,0.358872,-0.656578
0.674556,0.594805,1.02112,0.647527,-0.100046,0.755447,0.374957,-0.821207,-0.430147,0.663413,0.561792,-0.49424
0.674556,0.525977,1.06922,0.647527,-0.35239,0.67567,0.374957,-0.624563,-0.685075,0.663413,0.696952,-0.27229
0.674556,0.44485,1.09088,0.647527,-0.562232,0.514398,0.374957,-0.352588,-0.857373,0.663413,0.748049,-0.0174971
0.674556,0.361207,1.08348,0.647527,-0.704259,0.291081,0.374957,-0.0380851,-0.926259,0.663413,0.708921,0.239406
0.674556,0.285139,1.04792,0.647527,-0.761343,0.032656,0.374957,0.281011,-0.883425,0.663413,0.584286,0.467433
0.674556,0.225819,0.988495,0.647527,-0.726597,-0.229708,0.374957,0.566213,-0.734037,0.663413,0.389178,0.639081
0.674556,0.190403,0.912361,0.647527,-0.604213,-0.464366,0.374957,0.783122,-0.496112,0.663413,0.147129,0.733646
0.627155,0.313154,0.955708,0.360731,-0.771851,-0.523563,0.548404,0.629599,-0.550326,0.754404,-0.0886045,0.650402
0.627155,0.283685,0.911422,0.360731,-0.546234,-0.755977,0.548404,0.779852,-0.301801,0.754404,-0.305712,0.580874
0.627155,0.271139,0.859727,0.360731,-0.254732,-0.897209,0.548404,0.836043,-0.0168753,0.754404,-0.485946,0.441283
0.627155,0.277031,0.806859,0.360731,0.0674937,-0.930224,0.548404,0.791395,0.270086,0.754404,-0.607567,0.248467
0.627155,0.30065,0.759194,0.360731,0.381579,-0.851041,0.548404,0.651294,0.524471,0.754404,-0.655907,0.0256828
0.627155,0.339146,0.722482,0.360731,0.64964,-0.669209,0.548404,0.432636,0.715597,0.754404,-0.625135,-0.2002
0.627155,0.387877,0.701151,0.360731,0.839345,-0.406661,0.548404,0.161796,0.820412,0.754404,-0.518963,-0.401935
0.627155,0.440965,0.697773,0.360731,0.927812,-0.0950635,0.548404,-0.128558,0.826272,0.754404,-0.350196,-0.555191
0.627155,0.492007,0.712755,0.360731,0.904372,0.228,0.548404,-0.403407,0.732472,0.754404,-0.13919,-0.641483
0.627155,0.534846,0.744292,0.360731,0.771851,0.523563,0.548404,-0.629599,0.550326,0.754404,0.0886045,-0.650402
0.627155,0.564315,0.788578,0.360731,0.546234,0.755977,0.548404,-0.779852,0.301801,0.754404,0.305712,-0.580874
0.627155,0.576861,0.840273,0.360731,0.254732,0.897209,0.548404,-0.836043,0.0168753,0.754404,0.485946,-0.441283
0.627155,0.570969,0.893141,0.360731,-0.0674937,0.930224,0.548404,-0.791395,-0.270086,0.754404,0.607567,-0.248467
0.627155,0.54735,0.940806,0.360731,-0.381579,0.851041,0.548404,-0.651294,-0.524471,0.754404,0.655907,-0.0256828
0.627155,0.508854,0.977518,0.360731,-0.64964,0.669209,0.548404,-0.432636,-0.715597,0.754404,0.625135,0.2002
0.627155,0.460123,0.998849,0.360731,-0.839345,0.406661,0.548404,-0.161796,-0.820412,0.754404,0.518963,0.401935
0.627155,0.407035,1.00223,0.360731,-0.927812,0.0950635,0.548404,0.128558,-0.826272,0.754404,0.350196,0.555191
0.627155,0.355993,0.987245,0.360731,-0.904372,-0.228,0.548404,0.403407,-0.732472,0.754404,0.13919,0.641483
0.627155,0.313154,0.955708,0.360731,-0.771851,-0.523563,0.548404,0.629599,-0.550326,0.754404,-0.0886045,0.650402
0.627137,0.44379,1.00184,0.0304265,-0.836887,-0.546529,0.655705,0.429398,-0.621022,0.754404,-0.339466,0.561816
0.627137,0.390664,0.999451,0.0304265,-0.599492,-0.799802,0.655705,0.615904,-0.436707,0.754404,-0.511146,0.41183
0.627137,0.34156,0.979036,0.0304265,-0.28979,-0.956606,0.655705,0.728123,-0.199719,0.754404,-0.621175,0.212171
0.627137,0.302398,0.943058,0.0304265,0.0548649,-0.99803,0.655705,0.75252,0.0613586,0.754404,-0.65628,-0.0130786
0.627137,0.277904,0.895856,0.0304265,0.392903,-0.919077,0.655705,0.686152,0.315035,0.754404,-0.612228,-0.236751
0.627137,0.271031,0.843123,0.0304265,0.68355,-0.729269,0.655705,0.537023,0.530714,0.754404,-0.494333,-0.431867
0.627137,0.282608,0.791219,0.0304265,0.891752,-0.451501,0.655705,0.323122,0.682381,0.754404,-0.316814,-0.574894
0.627137,0.31124,0.746405,0.0304265,0.992395,-0.119275,0.655705,0.0702473,0.751742,0.754404,-0.101082,-0.648581
0.627137,0.353471,0.714086,0.0304265,0.973341,0.227337,0.655705,-0.1911,0.730433,0.754404,0.126842,-0.644039
0.627137,0.40421,0.698161,0.0304265,0.836887,0.546529,0.655705,-0.429398,0.621022,0.754404,0.339466,-0.561816
0.627137,0.457336,0.700549,0.0304265,0.599492,0.799802,0.655705,-0.615904,0.436707,0.754404,0.511146,-0.41183
0.627137,0.50644,0.720964,0.0304265,0.28979,0.956606,0.655705,-0.728123,0.199719,0.754404,0.621175,-0.212171
0.627137,0.545602,0.756942,0.0304265,-0.0548649,0.99803,0.655705,-0.75252,-0.0613586,0.754404,0.65628,0.0130786
0.627137,0.570096,0.804144,0.0304265,-0.392903,0.919077,0.655705,-0.686152,-0.315035,0.754404,0.612228,0.236751
0.627137,0.576969,0.856877,0.0304265,-0.68355,0.729269,0.655705,-0.537023,-0.530714,0.754404,0.494333,0.431867
0.627137,0.565392,0.908781,0.0304265,-0.891752,0.451501,0.655705,-0.323122,-0.682381,0.754404,0.316814,0.574894
0.627137,0.53676,0.953595,0.0304265,-0.992395,0.119275,0.655705,-0.0702473,-0.751742,0.754404,0.101082,0.648581
0.627137,0.494529,0.985914,0.0304265,-0.973341,-0.227337,0.655705,0.1911,-0.730433,0.754404,-0.126842,0.644039
0.627137,0.44379,1.00184,0.0304265,-0.836887,-0.546529,0.655705,0.429398,-0.621022,0.754404,-0.339466,0.561816
0.674504,0.566553,1.04519,-0.303548,-0.791476,-0.530494,0.683918,0.206666,-0.699675,0.663411,-0.575199,0.478572
0.674504,0.491197,1.08217,-0.303548,-0.562305,-0.769202,0.683918,0.433506,-0.586796,0.663411,-0.704192,0.252981
0.674504,0.407736,1.09116,-0.303548,-0.265311,-0.915133,0.683918,0.608058,-0.40314,0.663411,-0.748248,-0.00312366
0.674504,0.326237,1.07105,-0.303548,0.0636828,-0.950686,0.683918,0.709269,-0.17086,0.663411,-0.702055,-0.258851
0.674504,0.256529,1.02428,-0.303548,0.384996,-0.871571,0.683918,0.724933,0.0820289,0.663411,-0.571184,-0.483358
0.674504,0.207021,0.956493,-0.303548,0.659873,-0.687333,0.683918,0.653158,0.325024,0.663411,-0.371419,-0.649564
0.674504,0.183684,0.87586,-0.303548,0.855159,-0.420192,0.683918,0.502604,0.528816,0.663411,-0.126856,-0.737423
0.674504,0.189332,0.792107,-0.303548,0.947301,-0.102369,0.683918,0.291427,0.668825,0.663411,0.133008,-0.736338
0.674504,0.223285,0.715337,-0.303548,0.925184,0.2278,0.683918,0.0451005,0.728164,0.663411,0.376829,-0.64644
0.674504,0.281447,0.65481,-0.303548,0.791476,0.530494,0.683918,-0.206666,0.699675,0.663411,0.575199,-0.478572
0.674504,0.356803,0.617825,-0.303548,0.562305,0.769202,0.683918,-0.433506,0.586796,0.663411,0.704192,-0.252981
0.674504,0.440264,0.608844,-0.303548,0.265311,0.915133,0.683918,-0.608058,0.40314,0.663411,0.748248,0.00312366
0.674504,0.521763,0.62895,-0.303548,-0.0636828,0.950686,0.683918,-0.709269,0.17086,0.663411,0.702055,0.258851
0.674504,0.591471,0.675718,-0.303548,-0.384996,0.871571,0.683918,-0.724933,-0.0820289,0.663411,0.571184,0.483358
0.674504,0.640979,0.743507,-0.303548,-0.659873,0.687333,0.683918,-0.653158,-0.325024,0.663411,0.371419,0.649564
0.674504,0.664316,0.82414,-0.303548,-0.855159,0.420192,0.683918,-0.502604,-0.528816,0.663411,0.126856,0.737423
0.674504,0.658668,0.907893,-0.303548,-0.947301,0.102369,0.683918,-0.291427,-0.668825,0.663411,-0.133008,0.736338
0.674504,0.624715,0.984663,-0.303548,-0.925184,-0.2278,0.683918,-0.0451005,-0.728164,0.663411,-0.376829,0.64644
0.674504,0.566553,1.04519,-0.303548,-0.791476,-0.530494,0.683918,0.206666,-0.699675,0.663411,-0.575199,0.478572
0.763543,0.666637,1.08053,-0.60091,-0.641097,-0.47739,0.629641,-0.0117327,-0.776798,0.492402,-0.76737,0.410711
0.763543,0.573157,1.14962,-0.60091,-0.439157,-0.667868,0.629641,0.254655,-0.733964,0.492402,-0.861564,0.123486
0.763543,0.461687,1.18256,-0.60091,-0.184248,-0.777791,0.629641,0.490328,-0.602603,0.492402,-0.85184,-0.178633
0.763543,0.345671,1.1754,-0.60091,0.0928838,-0.793901,0.629641,0.66686,-0.39856,0.492402,-0.739371,-0.459207
0.763543,0.239103,1.12898,-0.60091,0.358812,-0.714255,0.629641,0.762959,-0.146444,0.492402,-0.537724,-0.684393
0.763543,0.154836,1.04892,-0.60091,0.581463,-0.548459,0.629641,0.767034,0.123335,0.492402,-0.271219,-0.827032
0.763543,0.103034,0.944863,-0.60091,0.733981,-0.316511,0.629641,0.678593,0.378238,0.492402,0.0279992,-0.869918
0.763543,0.0899458,0.829366,-0.60091,0.797969,-0.0463868,0.629641,0.508304,0.58752,0.492402,0.32384,-0.807879
0.763543,0.117149,0.716357,-0.60091,0.765711,0.229332,0.629641,0.276706,0.725938,0.492402,0.580621,-0.648398
0.763543,0.181363,0.619467,-0.60091,0.641097,0.47739,0.629641,0.0117327,0.776798,0.492402,0.76737,-0.410711
0.763543,0.274843,0.550383,-0.60091,0.439157,0.667868,0.629641,-0.254655,0.733964,0.492402,0.861564,-0.123486
0.763543,0.386313,0.517438,-0.60091,0.184248,0.777791,0.629641,-0.490328,0.602603,0.492402,0.85184,0.178633
0.763543,0.502329,0.524604,-0.60091,-0.0928838,0.793901,0.629641,-0.66686,0.39856,0.492402,0.739371,0.459207
0.763543,0.608897,0.571018,-0.60091,-0.358812,0.714255,0.629641,-0.762959,0.146444,0.492402,0.537724,0.684393
0.763543,0.693164,0.651081,-0.60091,-0.581463,0.548459,0.629641,-0.767034,-0.123335,0.492402,0.271219,0.827032
0.763543,0.744966,0.755137,-0.60091,-0.733981,0.316511,0.629641,-0.678593,-0.378238,0.492402,-0.0279992,0.869918
0.763543,0.758054,0.870634,-0.60091,-0.797969,0.0463868,0.629641,-0.508304,-0.58752,0.492402,-0.32384,0.807879
0.763543,0.730851,0.983643,-0.60091,-0.765711,-0.229332,0.629641,-0.276706,-0.725938,0.492402,-0.580621,0.648398
0.763543,0.666637,1.08053,-0.60091,-0.641097,-0.47739,0.629641,-0.0117327,-0.776798,0.492402,-0.76737,0.410711
0.883514,0.731969,1.1036,-0.825794,-0.403886,-0.393624,0.499419,-0.199456,-0.843088,0.262001,-0.892801,0.366418
0.883514,0.626659,1.19364,-0.825794,-0.244901,-0.508023,0.499419,0.100926,-0.860462,0.262001,-0.964281,0.0389641
0.883514,0.496905,1.24223,-0.825794,-0.0563776,-0.561147,0.499419,0.389135,-0.774051,0.262001,-0.919454,-0.293189
0.883514,0.358358,1.24351,-0.825794,0.138946,-0.546588,0.499419,0.630408,-0.594278,0.262001,-0.763728,-0.58998
0.883514,0.227728,1.19733,-0.825794,0.31751,-0.466102,0.499419,0.795645,-0.342826,0.262001,-0.515884,-0.81561
0.883514,0.120771,1.10925,-0.825794,0.457778,-0.329398,0.499419,0.864915,-0.0500247,0.262001,-0.205818,-0.942865
0.883514,0.0503882,0.989908,-0.825794,0.542832,-0.152963,0.499419,0.829864,0.24881,0.262001,0.129073,-0.956397
0.883514,0.0250685,0.853687,-0.825794,0.562411,0.041921,0.499419,0.694719,0.517635,0.262001,0.448396,-0.854574
0.883514,0.0478658,0.717022,-0.825794,0.514156,0.231749,0.499419,0.47578,0.724026,0.262001,0.713636,-0.649676
0.883514,0.116031,0.596396,-0.825794,0.403886,0.393624,0.499419,0.199456,0.843088,0.262001,0.892801,-0.366418
0.883514,0.221341,0.506359,-0.825794,0.244901,0.508023,0.499419,-0.100926,0.860462,0.262001,0.964281,-0.0389641
0.883514,0.351095,0.457769,-0.825794,0.0563776,0.561147,0.499419,-0.389135,0.774051,0.262001,0.919454,0.293189
0.883514,0.489642,0.456489,-0.825794,-0.138946,0.546588,0.499419,-0.630408,0.594278,0.262001,0.763728,0.58998
0.883514,0.620272,0.502671,-0.825794,-0.31751,0.466102,0.499419,-0.795645,0.342826,0.262001,0.515884,0.81561
0.883514,0.727229,0.590747,-0.825794,-0.457778,0.329398,0.499419,-0.864915,0.0500247,0.262001,0.205818,0.942865
0.883514,0.797612,0.710092,-0.825794,-0.542832,0.152963,0.499419,-0.829864,-0.24881,0.262001,-0.129073,0.956397
0.883514,0.822932,0.846313,-0.825794,-0.562411,-0.041921,0.499419,-0.694719,-0.517635,0.262001,-0.448396,0.854574
0.883514,0.800134,0.982978,-0.825794,-0.514156,-0.231749,0.499419,-0.47578,-0.724026,0.262001,-0.713636,0.649676
0.883514,0.731969,1.1036,-0.825794,-0.403886,-0.393624,0.499419,-0.199456,-0.843088,0.262001,-0.892801,0.366418
0.875863,0.0531349,0.710458,0.985232,-0.0182024,-0.170257,-0.00862081,0.987799,-0.155493,0.17101,0.154664,0.973054
0.875863,0.123227,0.592031,0.985232,0.0411267,-0.166215,-0.00862081,0.98141,0.191732,0.17101,-0.187467,0.96727
0.875863,0.229596,0.504717,0.985232,0.0954953,-0.142125,-0.00862081,0.856647,0.515831,0.17101,-0.506987,0.844819
0.875863,0.359414,0.459051,0.985232,0.138346,-0.100892,-0.00862081,0.628561,0.777713,0.17101,-0.765358,0.62047
0.875863,0.497022,0.460538,0.985232,0.16451,-0.0474906,-0.00862081,0.32466,0.945791,0.17101,-0.931414,0.321284
0.875863,0.625822,0.509,0.985232,0.170831,0.011639,-0.00862081,-0.0183989,0.999794,0.17101,-0.985129,-0.0166545
0.875863,0.730279,0.598592,0.985232,0.156548,0.0693648,-0.00862081,-0.359239,0.933206,0.17101,-0.920022,-0.352584
0.875863,0.797795,0.718508,0.985232,0.123383,0.118724,-0.00862081,-0.656749,0.75406,0.17101,-0.743947,-0.645986
0.875863,0.820225,0.854283,0.985232,0.0753359,0.153764,-0.00862081,-0.875046,0.483963,0.17101,-0.478141,-0.861474
0.875863,0.794865,0.989542,0.985232,0.0182024,0.170257,-0.00862081,-0.987799,0.155493,0.17101,-0.154664,-0.973054
0.875863,0.724773,1.10797,0.985232,-0.0411267,0.166215,-0.00862081,-0.98141,-0.191732,0.17101,0.187467,-0.96727
0.875863,0.618404,1.19528,0.985232,-0.0954953,0.142125,-0.00862081,-0.856647,-0.515831,0.17101,0.506987,-0.844819
0.875863,0.488586,1.24095,0.985232,-0.138346,0.100892,-0.00862081,-0.628561,-0.777713,0.17101,0.765358,-0.62047
0.875863,0.350978,1.23946,0.985232,-0.16451,0.0474906,-0.00862081,-0.32466,-0.945791,0.17101,0.931414,-0.321284
0.875863,0.222178,1.191,0.985232,-0.170831,-0.011639,-0.00862081,0.0183989,-0.999794,0.17101,0.985129,0.0166545
0.875863,0.117721,1.10141,0.985232,-0.156548,-0.0693648,-0.00862081,0.359239,-0.933206,0.17101,0.920022,0.352584
0.875863,0.0502053,0.981492,0.985232,-0.123383,-0.118724,-0.00862081,0.656749,-0.75406,0.17101,0.743947,0.645986
0.875863,0.0277748,0.845717,0.985232,-0.0753359,-0.153764,-0.00862081,0.875046,-0.483963,0.17101,0.478141,0.861474
0.875863,0.0531349,0.710458,0.985232,-0.0182024,-0.170257,-0.00862081,0.987799,-0.155493,0.17101,0.154664,0.973054
0.749059,0.122148,0.734829,0.900555,-0.331742,-0.280977,0.292759,0.940557,-0.172175,0.321393,0.072795,0.944144
0.749059,0.179743,0.638535,0.900555,-0.215636,-0.377494,0.292759,0.942722,0.159897,0.321393,-0.254511,0.912102
0.749059,0.266798,0.567747,0.900555,-0.073521,-0.428481,0.292759,0.831181,0.472684,0.321393,-0.55112,0.770048
0.749059,0.372815,0.531003,0.900555,0.0774619,-0.427786,0.292759,0.619387,0.728459,0.321393,-0.781255,0.535114
0.749059,0.485005,0.532734,0.900555,0.219102,-0.375494,0.292759,0.332886,0.89637,0.321393,-0.917159,0.235638
0.749059,0.589837,0.572733,0.900555,0.334315,-0.277911,0.292759,0.00623371,0.956166,0.321393,-0.942441,-0.0922598
0.749059,0.674667,0.646174,0.900555,0.409204,-0.146809,0.292759,-0.32117,0.900634,0.321393,-0.85405,-0.40903
0.749059,0.729263,0.744199,0.900555,0.434738,0.00200088,0.292759,-0.609836,0.736473,0.321393,-0.662648,-0.676464
0.749059,0.747039,0.854986,0.900555,0.407836,0.150569,0.292759,-0.824947,0.483482,0.321393,-0.391321,-0.862308
0.749059,0.725852,0.965171,0.900555,0.331742,0.280977,0.292759,-0.940557,0.172175,0.321393,-0.072795,-0.944144
0.749059,0.668257,1.06146,0.900555,0.215636,0.377494,0.292759,-0.942722,-0.159897,0.321393,0.254511,-0.912102
0.749059,0.581202,1.13225,0.900555,0.073521,0.428481,0.292759,-0.831181,-0.472684,0.321393,0.55112,-0.770048
0.749059,0.475185,1.169,0.900555,-0.0774619,0.427786,0.292759,-0.619387,-0.728459,0.321393,0.781255,-0.535114
0.749059,0.362995,1.16727,0.900555,-0.219102,0.375494,0.292759,-0.332886,-0.89637,0.321393,0.917159,-0.235638
0.749059,0.258163,1.12727,0.900555,-0.334315,0.277911,0.292759,-0.00623371,-0.956166,0.321393,0.942441,0.0922598
0.749059,0.173333,1.05383,0.900555,-0.409204,0.146809,0.292759,0.32117,-0.900634,0.321393,0.85405,0.40903
0.749059,0.118737,0.955801,0.900555,-0.434738,-0.00200088,0.292759,0.609836,-0.736473,0.321393,0.662648,0.676464
0.749059,0.100961,0.845014,0.900555,-0.407836,-0.150569,0.292759,0.824947,-0.483482,0.321393,0.391321,0.862308
0.749059,0.122148,0.734829,0.900555,-0.331742,-0.280977,0.292759,0.940557,-0.172175,0.321393,0.072795,0.944144
0.654934,0.227894,0.772171,0.707258,-0.599065,-0.375376,0.558827,0.798968,-0.222175,0.433011,-0.0526358,0.899851
0.654934,0.266339,0.709792,0.707258,-0.434551,-0.557631,0.558827,0.826773,0.0644875,0.433011,-0.357228,0.827581
0.654934,0.323801,0.664325,0.707258,-0.217623,-0.672626,0.558827,0.754856,0.343371,0.433011,-0.618734,0.655492
0.654934,0.393349,0.641252,0.707258,0.0255527,-0.706494,0.558827,0.591893,0.58084,0.433011,-0.805611,0.404341
0.654934,0.466593,0.643358,0.707258,0.265647,-0.655147,0.558827,0.357539,0.74825,0.433011,-0.89532,0.104421
0.654934,0.5347,0.670388,0.707258,0.4737,-0.524781,0.558827,0.0800598,0.82541,0.433011,-0.87704,-0.208094
0.654934,0.589455,0.719082,0.707258,0.624618,-0.331118,0.558827,-0.207075,0.803014,0.433011,-0.752976,-0.495509
0.654934,0.624254,0.783566,0.707258,0.700198,-0.0975169,0.558827,-0.469234,0.683763,0.433011,-0.538092,-0.723159
0.654934,0.634899,0.856063,0.707258,0.691323,0.147846,0.558827,-0.674796,0.482039,0.433011,-0.258306,-0.863586
0.654934,0.620106,0.927829,0.707258,0.599065,0.375376,0.558827,-0.798968,0.222175,0.433011,0.0526358,-0.899851
0.654934,0.581661,0.990208,0.707258,0.434551,0.557631,0.558827,-0.826773,-0.0644875,0.433011,0.357228,-0.827581
0.654934,0.524199,1.03568,0.707258,0.217623,0.672626,0.558827,-0.754856,-0.343371,0.433011,0.618734,-0.655492
0.654934,0.454651,1.05875,0.707258,-0.0255527,0.706494,0.558827,-0.591893,-0.58084,0.433011,0.805611,-0.404341
0.654934,0.381407,1.05664,0.707258,-0.265647,0.655147,0.558827,-0.357539,-0.74825,0.433011,0.89532,-0.104421
0.654934,0.3133,1.02961,0.707258,-0.4737,0.524781,0.558827,-0.0800598,-0.82541,0.433011,0.87704,0.208094
0.654934,0.258545,0.980918,0.707258,-0.624618,0.331118,0.558827,0.207075,-0.803014,0.433011,0.752976,0.495509
0.654934,0.223746,0.916434,0.707258,-0.700198,0.0975169,0.558827,0.469234,-0.683763,0.433011,0.538092,0.723159
