0.658953,0.519645,1.1126,0.308961,0.780044,-0.544128,0.951075,-0.253403,0.176759,-3.49349e-06,-0.572118,-0.820171
0.907818,0.293572,1.32759,0.92986,-0.351451,-0.108826,-0.179072,-0.17394,-0.968338,0.321394,0.919906,-0.224675
0.907818,0.165072,1.26917,0.92986,-0.293036,-0.222467,-0.179072,0.16774,-0.969431,0.321394,0.941272,0.103501
0.907818,0.0643045,1.17031,0.92986,-0.199275,-0.309274,-0.179072,0.489189,-0.853596,0.321394,0.849107,0.419193
0.907818,0.00342405,1.04296,0.92986,-0.0814796,-0.358779,-0.179072,0.751635,-0.634806,0.321394,0.654527,0.684324
0.907818,-0.0102266,0.902459,0.92986,0.0461438,-0.36501,-0.179072,0.923422,-0.339448,0.321394,0.381002,0.866916
0.907818,0.0249991,0.765766,0.92986,0.168202,-0.327215,-0.179072,0.983831,-0.00314782,0.321394,0.0615221,0.944945
0.907818,0.104852,0.649364,0.92986,0.269972,-0.249953,-0.179072,0.925575,0.333532,0.321394,-0.265378,0.908999
0.907818,0.219702,0.567293,0.92986,0.33918,-0.142543,-0.179072,0.755682,0.629983,0.321394,-0.56027,0.763415
0.907818,0.355695,0.529453,0.92986,0.367477,-0.0179404,-0.179072,0.494642,0.850449,0.321394,-0.787585,0.525752
0.907818,0.496428,0.540407,0.92986,0.351451,0.108826,-0.179072,0.17394,0.968338,0.321394,-0.919906,0.224675
0.907818,0.624928,0.598834,0.92986,0.293036,0.222467,-0.179072,-0.16774,0.969431,0.321394,-0.941272,-0.103501
0.907818,0.725695,0.697687,0.92986,0.199275,0.309274,-0.179072,-0.489189,0.853596,0.321394,-0.849107,-0.419193
0.907818,0.786576,0.825043,0.92986,0.0814796,0.358779,-0.179072,-0.751635,0.634806,0.321394,-0.654527,-0.684324
0.907818,0.800227,0.965541,0.92986,-0.0461438,0.36501,-0.179072,-0.923422,0.339448,0.321394,-0.381002,-0.866916
0.907818,0.765001,1.10223,0.92986,-0.168202,0.327215,-0.179072,-0.983831,0.00314782,0.321394,-0.0615221,-0.944945
0.907818,0.685148,1.21864,0.92986,-0.269972,0.249953,-0.179072,-0.925575,-0.333532,0.321394,0.265378,-0.908999
0.907818,0.570298,1.30071,0.92986,-0.33918,0.142543,-0.179072,-0.755682,-0.629983,0.321394,0.56027,-0.763415
0.907818,0.434305,1.33855,0.92986,-0.367477,0.0179404,-0.179072,-0.494642,-0.850449,0.321394,0.787585,-0.525752
0.907818,0.293572,1.32759,0.92986,-0.351451,-0.108826,-0.179072,-0.17394,-0.968338,0.321394,0.919906,-0.224675
0.809114,0.340293,1.295,0.796489,-0.601113,0.065328,-0.0275851,-0.144054,-0.989185,0.604023,0.786074,-0.131319
0.809114,0.220123,1.25452,0.796489,-0.587205,-0.144204,-0.0275851,0.202955,-0.978799,0.604023,0.783581,0.145453
0.809114,0.121045,1.17538,0.796489,-0.502471,-0.336344,-0.0275851,0.525484,-0.850356,0.604023,0.686578,0.404682
0.809114,0.0550096,1.06712,0.796489,-0.357132,-0.487915,-0.0275851,0.784633,-0.619347,0.604023,0.506763,0.6151
0.809114,0.0299825,0.942812,0.796489,-0.168718,-0.580637,-0.0275851,0.949143,-0.313636,0.604023,0.265824,0.751328
0.809114,0.048982,0.817437,0.796489,0.0400466,-0.603325,-0.0275851,0.999172,0.0299047,0.604023,-0.00717602,0.796935
0.809114,0.109716,0.706122,0.796489,0.243981,-0.553243,-0.0275851,0.928687,0.369838,0.604023,-0.279311,0.746419
0.809114,0.20486,0.622292,0.796489,0.418487,-0.436432,-0.0275851,0.746188,0.665164,0.604023,-0.517757,0.605875
0.809114,0.322937,0.576058,0.796489,0.542518,-0.266981,-0.0275851,0.473688,0.880261,0.604023,-0.693754,0.392253
0.809114,0.449707,0.572998,0.796489,0.601113,-0.065328,-0.0275851,0.144054,0.989185,0.604023,-0.786074,0.131319
0.809114,0.569877,0.61348,0.796489,0.587205,0.144204,-0.0275851,-0.202955,0.978799,0.604023,-0.783581,-0.145453
0.809114,0.668955,0.692621,0.796489,0.502471,0.336344,-0.0275851,-0.525484,0.850356,0.604023,-0.686578,-0.404682
0.809114,0.73499,0.800876,0.796489,0.357132,0.487915,-0.0275851,-0.784633,0.619347,0.604023,-0.506763,-0.6151
0.809114,0.760017,0.925188,0.796489,0.168718,0.580637,-0.0275851,-0.949143,0.313636,0.604023,-0.265824,-0.751328
0.809114,0.741018,1.05056,0.796489,-0.0400466,0.603325,-0.0275851,-0.999172,-0.0299047,0.604023,0.00717602,-0.796935
0.809114,0.680284,1.16188,0.796489,-0.243981,0.553243,-0.0275851,-0.928687,-0.369838,0.604023,0.279311,-0.746419
0.809114,0.58514,1.24571,0.796489,-0.418487,0.436432,-0.0275851,-0.746188,-0.665164,0.604023,0.517757,-0.605875
0.809114,0.467063,1.29194,0.796489,-0.542518,0.266981,-0.0275851,-0.473688,-0.880261,0.604023,0.693754,-0.392253
0.809114,0.340293,1.295,0.796489,-0.601113,0.065328,-0.0275851,-0.144054,-0.989185,0.604023,0.786074,-0.131319
0.735846,0.411885,1.24506,0.567051,-0.798306,0.202882,0.127229,-0.158464,-0.979133,0.813797,0.581031,0.0117105
0.735846,0.304477,1.23208,0.567051,-0.819552,-0.0823899,0.127229,0.185975,-0.974282,0.813797,0.541985,0.209729
0.735846,0.207988,1.18314,0.567051,-0.741948,-0.357724,0.127229,0.507984,-0.851918,0.813797,0.437568,0.38245
0.735846,0.134054,1.10415,0.567051,-0.574854,-0.589912,0.127229,0.768722,-0.626801,0.813797,0.280374,0.509043
0.735846,0.0915952,1.00464,0.567051,-0.338424,-0.750948,0.127229,0.936741,-0.326082,0.813797,0.0893624,0.574237
0.735846,0.0857311,0.896613,0.567051,-0.0611755,-0.821408,0.127229,0.991775,0.0139677,0.813797,-0.112428,0.57017
0.735846,0.117169,0.793092,0.567051,0.223452,-0.792794,0.127229,0.927186,0.352332,0.813797,-0.300657,0.497332
0.735846,0.182118,0.706566,0.567051,0.481128,-0.668558,0.127229,0.750765,0.648201,0.813797,-0.452623,0.364509
0.735846,0.272744,0.647472,0.567051,0.680772,-0.463683,0.127229,0.483791,0.865886,0.813797,-0.549996,0.18772
0.735846,0.378115,0.622937,0.567051,0.798306,-0.202882,0.127229,0.158464,0.979133,0.813797,-0.581031,-0.0117105
0.735846,0.485523,0.635922,0.567051,0.819552,0.0823899,0.127229,-0.185975,0.974282,0.813797,-0.541985,-0.209729
0.735846,0.582012,0.684859,0.567051,0.741948,0.357724,0.127229,-0.507984,0.851918,0.813797,-0.437568,-0.38245
0.735846,0.655946,0.763846,0.567051,0.574854,0.589912,0.127229,-0.768722,0.626801,0.813797,-0.280374,-0.509043
0.735846,0.698405,0.863356,0.567051,0.338424,0.750948,0.127229,-0.936741,0.326082,0.813797,-0.0893624,-0.574237
0.735846,0.704269,0.971387,0.567051,0.0611755,0.821408,0.127229,-0.991775,-0.0139677,0.813797,0.112428,-0.57017
0.735846,0.672831,1.07491,0.567051,-0.223452,0.792794,0.127229,-0.927186,-0.352332,0.813797,0.300657,-0.497332
0.735846,0.607882,1.16143,0.567051,-0.481128,0.668558,0.127229,-0.750765,-0.648201,0.813797,0.452623,-0.364509
0.735846,0.517256,1.22053,0.567051,-0.680772,0.463683,0.127229,-0.483791,-0.865886,0.813797,0.549996,-0.18772
0.735846,0.411885,1.24506,0.567051,-0.798306,0.202882,0.127229,-0.158464,-0.979133,0.813797,0.581031,0.0117105
0.696852,0.499712,1.1838,0.269218,-0.919245,0.287245,0.266698,-0.215433,-0.939394,0.925416,0.329509,0.187162
0.696852,0.407961,1.20455,0.269218,-0.962052,-0.0444786,0.266698,0.11885,-0.956424,0.925416,0.245624,0.288574
0.696852,0.314647,1.19266,0.269218,-0.88882,-0.370837,0.266698,0.438799,-0.858095,0.925416,0.132113,0.355179
0.696852,0.231025,1.14958,0.269218,-0.708384,-0.652467,0.266698,0.705822,-0.656268,0.925416,0.00266726,0.378944
0.696852,0.16718,1.0805,0.269218,-0.442506,-0.8554,0.266698,0.887713,-0.375285,0.925416,-0.1271,0.357004
0.696852,0.130814,0.993744,0.269218,-0.123256,-0.95516,0.266698,0.962532,-0.0490365,0.925416,-0.241538,0.292003
0.696852,0.126313,0.899784,0.269218,0.210861,-0.939712,0.266698,0.921256,0.283126,0.925416,-0.326842,0.191782
0.696852,0.154219,0.809951,0.269218,0.519545,-0.810922,0.266698,0.768862,0.581139,0.925416,-0.372724,0.0684297
0.696852,0.211167,0.73508,0.269218,0.765565,-0.584322,0.266698,0.523733,0.809059,0.925416,-0.373651,-0.0631763
0.696852,0.290288,0.684202,0.269218,0.919245,-0.287245,0.266698,0.215433,0.939394,0.925416,-0.329509,-0.187162
0.696852,0.382039,0.663453,0.269218,0.962052,0.0444786,0.266698,-0.11885,0.956424,0.925416,-0.245624,-0.288574
0.696852,0.475353,0.675336,0.269218,0.88882,0.370837,0.266698,-0.438799,0.858095,0.925416,-0.132113,-0.355179
0.696852,0.558975,0.718418,0.269218,0.708384,0.652467,0.266698,-0.705822,0.656268,0.925416,-0.00266726,-0.378944
0.696852,0.62282,0.787502,0.269218,0.442506,0.8554,0.266698,-0.887713,0.375285,0.925416,0.1271,-0.357004
0.696852,0.659186,0.874256,0.269218,0.123256,0.95516,0.266698,-0.962532,0.0490365,0.925416,0.241538,-0.292003
0.696852,0.663687,0.968216,0.269218,-0.210861,0.939712,0.266698,-0.921256,-0.283126,0.925416,0.326842,-0.191782
0.696852,0.635781,1.05805,0.269218,-0.519545,0.810922,0.266698,-0.768862,-0.581139,0.925416,0.372724,-0.0684297
0.696852,0.578833,1.13292,0.269218,-0.765565,0.584322,0.266698,-0.523733,-0.809059,0.925416,0.373651,0.0631763
0.696852,0.499712,1.1838,0.269218,-0.919245,0.287245,0.266698,-0.215433,-0.939394,0.925416,0.329509,0.187162
0.696834,0.593181,1.1186,-0.061087,-0.949345,0.308241,0.373999,-0.30809,-0.87476,0.925415,0.0618453,0.373874
0.696834,0.518093,1.17525,-0.061087,-0.997517,-0.0350432,0.373999,0.0096759,-0.927379,0.925415,-0.0697569,0.372479
0.696834,0.428158,1.2028,-0.061087,-0.925374,-0.374101,0.373999,0.326275,-0.868142,0.925415,-0.192945,0.326158
0.696834,0.334224,1.19793,-0.061087,-0.741617,-0.668036,0.373999,0.60352,-0.704194,0.925415,-0.292862,0.240497
0.696834,0.24762,1.16122,-0.061087,-0.46841,-0.881397,0.373999,0.807971,-0.45531,0.925415,-0.357455,0.125828
0.696834,0.178793,1.09711,-0.061087,-0.138706,-0.988448,0.373999,0.91497,-0.151509,0.925415,-0.378933,-0.00401686
0.696834,0.136043,1.01333,-0.061087,0.207728,-0.976277,0.373999,0.91161,0.170567,0.925415,-0.354707,-0.133377
0.696834,0.124528,0.919978,-0.061087,0.529107,-0.846354,0.373999,0.798296,0.472069,0.925415,-0.287698,-0.246651
0.696834,0.145635,0.828317,-0.061087,0.786668,-0.614347,0.373999,0.588695,0.716633,0.925415,-0.185988,-0.330174
0.696834,0.196819,0.749402,-0.061087,0.949345,-0.308241,0.373999,0.30809,0.87476,0.925415,-0.0618453,-0.373874
0.696834,0.271907,0.692753,-0.061087,0.997517,0.0350432,0.373999,-0.0096759,0.927379,0.925415,0.0697569,-0.372479
0.696834,0.361842,0.665202,-0.061087,0.925374,0.374101,0.373999,-0.326275,0.868142,0.925415,0.192945,-0.326158
0.696834,0.455776,0.670072,-0.061087,0.741617,0.668036,0.373999,-0.60352,0.704194,0.925415,0.292862,-0.240497
0.696834,0.54238,0.706775,-0.061087,0.46841,0.881397,0.373999,-0.807971,0.45531,0.925415,0.357455,-0.125828
0.696834,0.611207,0.770885,-0.061087,0.138706,0.988448,0.373999,-0.91497,0.151509,0.925415,0.378933,0.00401686
0.696834,0.653957,0.854669,-0.061087,-0.207728,0.976277,0.373999,-0.91161,-0.170567,0.925415,0.354707,0.133377
0.696834,0.665472,0.948022,-0.061087,-0.529107,0.846354,0.373999,-0.798296,-0.472069,0.925415,0.287698,0.246651
0.696834,0.644365,1.03968,-0.061087,-0.786668,0.614347,0.373999,-0.588695,-0.716633,0.925415,0.185988,0.330174
0.696834,0.593181,1.1186,-0.061087,-0.949345,0.308241,0.373999,-0.30809,-0.87476,0.925415,0.0618453,0.373874
0.735794,0.681018,1.05733,-0.384024,-0.884974,0.263338,0.43619,-0.425258,-0.793028,0.813796,-0.189676,0.549326
0.735794,0.621589,1.14771,-0.384024,-0.92167,-0.0552218,0.43619,-0.12838,-0.89065,0.813796,-0.366118,0.451324
0.735794,0.53483,1.21232,-0.384024,-0.8472,-0.367121,0.43619,0.183982,-0.880846,0.813796,-0.4984,0.298886
0.735794,0.431205,1.24336,-0.384024,-0.670545,-0.634741,0.43619,0.474154,-0.764798,0.813796,-0.570568,0.110398
0.735794,0.323214,1.23709,-0.384024,-0.413012,-0.825801,0.43619,0.707135,-0.556505,0.813796,-0.573917,-0.0914053
0.735794,0.223881,1.19426,-0.384024,-0.105663,-0.917257,0.43619,0.854826,-0.281089,0.813796,-0.508043,-0.282184
0.735794,0.145188,1.12004,-0.384024,0.214429,-0.898079,0.43619,0.899412,0.0282301,0.813796,-0.380892,-0.438927
0.735794,0.0966252,1.02338,-0.384024,0.508659,-0.770579,0.43619,0.835515,0.334145,0.813796,-0.207799,-0.54273
0.735794,0.0840512,0.915935,-0.384024,0.741536,-0.550136,0.43619,0.670843,0.599756,0.813796,-0.00964302,-0.581071
0.735794,0.108982,0.810674,-0.384024,0.884974,-0.263338,0.43619,0.425258,0.793028,0.813796,0.189676,-0.549326
0.735794,0.168411,0.720288,-0.384024,0.92167,0.0552218,0.43619,0.12838,0.89065,0.813796,0.366118,-0.451324
0.735794,0.25517,0.655678,-0.384024,0.8472,0.367121,0.43619,-0.183982,0.880846,0.813796,0.4984,-0.298886
0.735794,0.358795,0.624638,-0.384024,0.670545,0.634741,0.43619,-0.474154,0.764798,0.813796,0.570568,-0.110398
0.735794,0.466786,0.630912,-0.384024,0.413012,0.825801,0.43619,-0.707135,0.556505,0.813796,0.573917,0.0914053
0.735794,0.566119,0.673743,-0.384024,0.105663,0.917257,0.43619,-0.854826,0.281089,0.813796,0.508043,0.282184
0.735794,0.644812,0.747964,-0.384024,-0.214429,0.898079,0.43619,-0.899412,-0.0282301,0.813796,0.380892,0.438927
0.735794,0.693375,0.844625,-0.384024,-0.508659,0.770579,0.43619,-0.835515,-0.334145,0.813796,0.207799,0.54273
0.735794,0.705949,0.952065,-0.384024,-0.741536,0.550136,0.43619,-0.670843,-0.599756,0.813796,0.00964302,0.581071
0.735794,0.681018,1.05733,-0.384024,-0.884974,0.263338,0.43619,-0.425258,-0.793028,0.813796,-0.189676,0.549326
0.809034,0.752629,1.00737,-0.660642,-0.733896,0.157952,0.44577,-0.552805,-0.704056,0.604021,-0.394719,0.692355
0.809034,0.705966,1.12526,-0.660642,-0.74366,-0.102581,0.44577,-0.278666,-0.850667,0.604021,-0.607714,0.515599
0.809034,0.621796,1.22009,-0.660642,-0.663727,-0.350741,0.44577,0.0290852,-0.894675,0.604021,-0.747409,0.276655
0.809034,0.510271,1.2804,-0.660642,-0.503739,-0.556597,0.44577,0.333328,-0.830772,0.604021,-0.796956,0.00434133
0.809034,0.384843,1.29894,-0.660642,-0.282992,-0.695318,0.44577,0.597366,-0.666665,0.604021,-0.750379,-0.268496
0.809034,0.26064,1.27345,-0.660642,-0.028113,-0.750175,0.44577,0.789354,-0.422149,0.604021,-0.613295,-0.508948
0.809034,0.152643,1.20703,-0.660642,0.230157,-0.714549,0.44577,0.886133,-0.126715,0.604021,-0.402238,-0.688014
0.809034,0.0738773,1.10767,-0.660642,0.460667,-0.592738,0.44577,0.876032,0.184002,0.604021,-0.142665,-0.784095
0.809034,0.033844,0.987368,-0.660642,0.635614,-0.399434,0.44577,0.760269,0.472526,0.604021,0.134115,-0.785603
0.809034,0.0373715,0.860627,-0.660642,0.733896,-0.157952,0.44577,0.552805,0.704056,0.604021,0.394719,-0.692355
0.809034,0.0840342,0.742736,-0.660642,0.74366,0.102581,0.44577,0.278666,0.850667,0.604021,0.607714,-0.515599
0.809034,0.168204,0.647914,-0.660642,0.663727,0.350741,0.44577,-0.0290852,0.894675,0.604021,0.747409,-0.276655
0.809034,0.279729,0.587598,-0.660642,0.503739,0.556597,0.44577,-0.333328,0.830772,0.604021,0.796956,-0.00434133
0.809034,0.405157,0.569064,-0.660642,0.282992,0.695318,0.44577,-0.597366,0.666665,0.604021,0.750379,0.268496
0.809034,0.52936,0.594546,-0.660642,0.028113,0.750175,0.44577,-0.789354,0.422149,0.604021,0.613295,0.508948
0.809034,0.637357,0.660971,-0.660642,-0.230157,0.714549,0.44577,-0.886133,0.126715,0.604021,0.402238,0.688014
0.809034,0.716123,0.760328,-0.660642,-0.460667,0.592738,0.44577,-0.876032,-0.184002,0.604021,0.142665,0.784095
0.809034,0.756156,0.880632,-0.660642,-0.635614,0.399434,0.44577,-0.760269,-0.472526,0.604021,-0.134115,0.785603
0.809034,0.752629,1.00737,-0.660642,-0.733896,0.157952,0.44577,-0.552805,-0.704056,0.604021,-0.394719,0.692355
0.90772,0.799376,0.974764,-0.857576,-0.514334,0.00479451,0.401584,-0.675348,-0.618575,0.321392,-0.52855,0.785711
0.90772,0.761047,1.11061,-0.857576,-0.484956,-0.171407,0.401584,-0.423054,-0.812253,0.321392,-0.765404,0.557552
0.90772,0.678567,1.22515,-0.857576,-0.397085,-0.326935,0.401584,-0.119734,-0.907962,0.321392,-0.909938,0.262144
0.90772,0.561885,1.30458,-0.857576,-0.261319,-0.443029,0.401584,0.198028,-0.894156,0.321392,-0.944721,-0.0648824
0.90772,0.425074,1.33931,-0.857576,-0.0940349,-0.505688,0.401584,0.491905,-0.772503,0.321392,-0.865556,-0.384083
0.90772,0.284636,1.32515,-0.857576,0.0845915,-0.507353,0.401584,0.726451,-0.557674,0.321392,-0.681992,-0.656958
0.90772,0.157509,1.26382,-0.857576,0.253015,-0.447824,0.401584,0.873376,-0.275581,0.321392,-0.416171,-0.850593
0.90772,0.0590275,1.1627,-0.857576,0.390921,-0.33428,0.401584,0.914959,0.0397507,0.321392,-0.100152,-0.941635
0.90772,0.00106893,1.034,-0.857576,0.481676,-0.180418,0.401584,0.846185,0.350288,0.321392,0.227946,-0.919102
0.90772,-0.00937575,0.893236,-0.857576,0.514334,-0.00479451,0.401584,0.675348,0.618575,0.321392,0.52855,-0.785711
0.90772,0.0289533,0.75739,-0.857576,0.484956,0.171407,0.401584,0.423054,0.812253,0.321392,0.765404,-0.557552
0.90772,0.111433,0.642845,-0.857576,0.397085,0.326935,0.401584,0.119734,0.907962,0.321392,0.909938,-0.262144
0.90772,0.228115,0.563418,-0.857576,0.261319,0.443029,0.401584,-0.198028,0.894156,0.321392,0.944721,0.0648824
0.90772,0.364926,0.528689,-0.857576,0.0940349,0.505688,0.401584,-0.491905,0.772503,0.321392,0.865556,0.384083
0.90772,0.505364,0.542846,-0.857576,-0.0845915,0.507353,0.401584,-0.726451,0.557674,0.321392,0.681992,0.656958
0.90772,0.632491,0.604182,-0.857576,-0.253015,0.447824,0.401584,-0.873376,0.275581,0.321392,0.416171,0.850593
0.90772,0.730972,0.705299,-0.857576,-0.390921,0.33428,0.401584,-0.914959,-0.0397507,0.321392,0.100152,0.941635
0.90772,0.788931,0.834001,-0.857576,-0.481676,0.180418,0.401584,-0.846185,-0.350288,0.321392,-0.227946,0.919102
0.90772,0.799376,0.974764,-0.857576,-0.514334,0.00479451,0.401584,-0.675348,-0.618575,0.321392,-0.52855,0.785711
0.883612,0.165681,1.2605,0.961642,-0.249139,-0.114782,-0.0812368,0.141009,-0.98667,0.262003,0.958147,0.115361
0.883612,0.0678428,1.16237,0.961642,-0.194856,-0.19307,-0.0812368,0.469966,-0.878938,0.262003,0.860908,0.43611
0.883612,0.00946423,1.03671,0.961642,-0.117071,-0.248071,-0.0812368,0.742239,-0.665194,0.262003,0.659831,0.704257
0.883612,-0.00241307,0.898652,0.961642,-0.0251655,-0.273151,-0.0812368,0.924986,-0.371217,0.262003,0.379168,0.887461
0.883612,0.0336435,0.764861,0.961642,0.0697754,-0.265285,-0.0812368,0.996166,-0.0324662,0.262003,0.0527718,0.963623
0.883612,0.113285,0.65147,0.961642,0.1563,-0.225422,-0.0812368,0.947194,0.310201,0.262003,-0.279989,0.923559
0.883612,0.226906,0.572156,0.961642,0.223973,-0.15837,-0.0812368,0.783976,0.615453,0.262003,-0.57898,0.772099
0.883612,0.360801,0.536486,0.961642,0.264632,-0.0722154,-0.0812368,0.526199,0.846472,0.262003,-0.808136,0.527513
0.883612,0.498821,0.548763,0.961642,0.273371,0.022649,-0.0812368,0.204955,0.975394,0.262003,-0.93982,0.219301
0.883612,0.624319,0.607504,0.961642,0.249139,0.114782,-0.0812368,-0.141009,0.98667,0.262003,-0.958147,-0.115361
0.883612,0.722157,0.705626,0.961642,0.194856,0.19307,-0.0812368,-0.469966,0.878938,0.262003,-0.860908,-0.43611
0.883612,0.780536,0.831293,0.961642,0.117071,0.248071,-0.0812368,-0.742239,0.665194,0.262003,-0.659831,-0.704257
0.883612,0.792413,0.969348,0.961642,0.0251655,0.273151,-0.0812368,-0.924986,0.371217,0.262003,-0.379168,-0.887461
0.883612,0.756356,1.10314,0.961642,-0.0697754,0.265285,-0.0812368,-0.996166,0.0324662,0.262003,-0.0527718,-0.963623
0.883612,0.676715,1.21653,0.961642,-0.1563,0.225422,-0.0812368,-0.947194,-0.310201,0.262003,0.279989,-0.923559
0.883612,0.563094,1.29584,0.961642,-0.223973,0.15837,-0.0812368,-0.783976,-0.615453,0.262003,0.57898,-0.772099
0.883612,0.429199,1.33151,0.961642,-0.264632,0.0722154,-0.0812368,-0.526199,-0.846472,0.262003,0.808136,-0.527513
0.883612,0.291179,1.31924,0.961642,-0.273371,-0.022649,-0.0812368,-0.204955,-0.975394,0.262003,0.93982,-0.219301
0.883612,0.165681,1.2605,0.961642,-0.249139,-0.114782,-0.0812368,0.141009,-0.98667,0.262003,0.958147,0.115361
0.763622,0.222482,1.22087,0.856221,-0.512035,0.0686043,0.156285,0.130156,-0.979099,0.492403,0.849046,0.191466
0.763622,0.13477,1.14457,0.856221,-0.504619,-0.110659,0.156285,0.457178,-0.875536,0.492403,0.732357,0.47031
0.763622,0.078445,1.04287,0.856221,-0.436339,-0.276576,0.156285,0.729058,-0.66637,0.492403,0.527335,0.692428
0.763622,0.0603013,0.928032,0.856221,-0.31543,-0.409133,0.156285,0.913002,-0.376831,0.492403,0.258709,0.831029
0.763622,0.0825271,0.813919,0.856221,-0.156476,-0.492343,0.156285,0.986825,-0.04184,0.492403,-0.0411217,0.869395
0.763622,0.142442,0.714288,0.856221,0.0213518,-0.516169,0.156285,0.941623,0.298197,0.492403,-0.335992,0.8029
0.763622,0.232819,0.641159,0.856221,0.196604,-0.477737,0.156285,0.782846,0.602268,0.492403,-0.590338,0.639563
0.763622,0.342757,0.60335,0.856221,0.348143,-0.381684,0.156285,0.529647,0.833696,0.492403,-0.773479,0.399085
0.763622,0.458997,0.605422,0.856221,0.457691,-0.239593,0.156285,0.212565,0.964568,0.492403,-0.863328,0.110472
0.763622,0.567518,0.647126,0.856221,0.512035,-0.0686043,0.156285,-0.130156,0.979099,0.492403,-0.849046,-0.191466
0.763622,0.65523,0.723431,0.856221,0.504619,0.110659,0.156285,-0.457178,0.875536,0.492403,-0.732357,-0.47031
0.763622,0.711555,0.825134,0.856221,0.436339,0.276576,0.156285,-0.729058,0.66637,0.492403,-0.527335,-0.692428
0.763622,0.729699,0.939968,0.856221,0.31543,0.409133,0.156285,-0.913002,0.376831,0.492403,-0.258709,-0.831029
0.763622,0.707473,1.05408,0.856221,0.156476,0.492343,0.156285,-0.986825,0.04184,0.492403,0.0411217,-0.869395
0.763622,0.647558,1.15371,0.856221,-0.0213518,0.516169,0.156285,-0.941623,-0.298197,0.492403,0.335992,-0.8029
0.763622,0.557181,1.22684,0.856221,-0.196604,0.477737,0.156285,-0.782846,-0.602268,0.492403,0.590338,-0.639563
0.763622,0.447243,1.26465,0.856221,-0.348143,0.381684,0.156285,-0.529647,-0.833696,0.492403,0.773479,-0.399085
0.763622,0.331003,1.26258,0.856221,-0.457691,0.239593,0.156285,-0.212565,-0.964568,0.492403,0.863328,-0.110472
0.763622,0.222482,1.22087,0.856221,-0.512035,0.0686043,0.156285,0.130156,-0.979099,0.492403,0.849046,0.191466
0.674556,0.309517,1.16016,0.647527,-0.729504,0.220302,0.374957,0.0533287,-0.925507,0.663413,0.681894,0.308065
0.674556,0.23732,1.11729,0.647527,-0.760857,-0.0424885,0.374957,0.366655,-0.851453,0.663413,0.535407,0.522708
0.674556,0.184142,1.0523,0.647527,-0.70044,-0.300155,0.374957,0.635757,-0.6747,0.663413,0.324341,0.674304
0.674556,0.156396,0.97305,0.647527,-0.555539,-0.521618,0.374957,0.828177,-0.416569,0.663413,0.0741554,0.74457
0.674556,0.15743,0.889088,0.647527,-0.343633,-0.680166,0.374957,0.920707,-0.108194,0.663413,-0.184975,0.72503
0.674556,0.187118,0.810543,0.647527,-0.0902785,-0.756676,0.374957,0.902186,0.213231,0.663413,-0.421794,0.61804
0.674556,0.24188,0.746888,0.647527,0.173965,-0.74192,0.374957,0.774848,0.508937,0.663413,-0.607739,0.436506
0.674556,0.31511,0.705802,0.647527,0.417225,-0.637678,0.374957,0.554052,0.743258,0.663413,-0.720382,0.202322
0.674556,0.397976,0.69224,0.647527,0.610162,-0.456522,0.374957,0.266429,0.887932,0.663413,-0.746135,-0.0562644
0.674556,0.480483,0.707838,0.647527,0.729504,-0.220302,0.374957,-0.0533287,0.925507,0.663413,-0.681894,-0.308065
0.674556,0.55268,0.750714,0.647527,0.760857,0.0424885,0.374957,-0.366655,0.851453,0.663413,-0.535407,-0.522708
0.674556,0.605858,0.815697,0.647527,0.70044,0.300155,0.374957,-0.635757,0.6747,0.663413,-0.324341,-0.674304
0.674556,0.633604,0.89495,0.647527,0.555539,0.521618,0.374957,-0.828177,0.416569,0.663413,-0.0741554,-0.74457
0.674556,0.63257,0.978912,0.647527,0.343633,0.680166,0.374957,-0.920707,0.108194,0.663413,0.184975,-0.72503
0.674556,0.602882,1.05746,0.647527,0.0902785,0.756676,0.374957,-0.902186,-0.213231,0.663413,0.421794,-0.61804
0.674556,0.54812,1.12111,0.647527,-0.173965,0.74192,0.374957,-0.774848,-0.508937,0.663413,0.607739,-0.436506
0.674556,0.47489,1.1622,0.647527,-0.417225,0.637678,0.374957,-0.554052,-0.743258,0.663413,0.720382,-0.202322
0.674556,0.392024,1.17576,0.647527,-0.610162,0.456522,0.374957,-0.266429,-0.887932,0.663413,0.746135,0.0562644
0.674556,0.309517,1.16016,0.647527,-0.729504,0.220302,0.374957,0.0533287,-0.925507,0.663413,0.681894,0.308065
0.627155,0.416287,1.08568,0.360731,-0.875316,0.322015,0.548404,-0.0802062,-0.832358,0.754404,0.476852,0.451094
0.627155,0.363124,1.08382,0.360731,-0.932664,0.00321969,0.548404,0.209314,-0.809593,0.754404,0.293811,0.586983
0.627155,0.313807,1.06388,0.360731,-0.877519,-0.315964,0.548404,0.473588,-0.689179,0.754404,0.0753323,0.652073
0.627155,0.274282,1.02828,0.360731,-0.716532,-0.597039,0.548404,0.68074,-0.48564,0.754404,-0.152233,0.638513
0.627155,0.249318,0.981303,0.360731,-0.46912,-0.806101,0.548404,0.805785,-0.223525,0.754404,-0.361436,0.547939
0.627155,0.241925,0.928624,0.360731,-0.165126,-0.917936,0.548404,0.83364,0.0655498,0.754404,-0.527045,0.391276
0.627155,0.252995,0.876593,0.360731,0.158785,-0.919054,0.548404,0.760946,0.346719,0.754404,-0.629085,0.187419
0.627155,0.281193,0.831487,0.360731,0.463544,-0.809321,0.548404,0.596471,0.586068,0.754404,-0.655248,-0.0390434
0.627155,0.323118,0.798745,0.360731,0.712393,-0.601971,0.548404,0.360052,0.754729,0.754404,-0.602378,-0.260797
0.627155,0.373713,0.782317,0.360731,0.875316,-0.322015,0.548404,0.0802062,0.832358,0.754404,-0.476852,-0.451094
0.627155,0.426876,0.784184,0.360731,0.932664,-0.00321969,0.548404,-0.209314,0.809593,0.754404,-0.293811,-0.586983
0.627155,0.476193,0.804121,0.360731,0.877519,0.315964,0.548404,-0.473588,0.689179,0.754404,-0.0753323,-0.652073
0.627155,0.515718,0.839723,0.360731,0.716532,0.597039,0.548404,-0.68074,0.48564,0.754404,0.152233,-0.638513
0.627155,0.540682,0.886697,0.360731,0.46912,0.806101,0.548404,-0.805785,0.223525,0.754404,0.361436,-0.547939
0.627155,0.548075,0.939376,0.360731,0.165126,0.917936,0.548404,-0.83364,-0.0655498,0.754404,0.527045,-0.391276
0.627155,0.537005,0.991407,0.360731,-0.158785,0.919054,0.548404,-0.760946,-0.346719,0.754404,0.629085,-0.187419
0.627155,0.508807,1.03651,0.360731,-0.463544,0.809321,0.548404,-0.596471,-0.586068,0.754404,0.655248,0.0390434
0.627155,0.466882,1.06926,0.360731,-0.712393,0.601971,0.548404,-0.360052,-0.754729,0.754404,0.602378,0.260797
0.627155,0.416287,1.08568,0.360731,-0.875316,0.322015,0.548404,-0.0802062,-0.832358,0.754404,0.476852,0.451094
0.627137,0.529915,1.00642,0.0304265,-0.931885,0.361475,0.655705,-0.254342,-0.710888,0.754404,0.258651,0.603303
0.627137,0.497009,1.0482,0.0304265,-0.999317,0.0209524,0.655705,0.00413446,-0.755006,0.754404,0.0367108,0.655383
0.627137,0.451799,1.0762,0.0304265,-0.946217,-0.322098,0.655705,0.262112,-0.70806,0.754404,-0.189657,0.628414
0.627137,0.399739,1.08705,0.0304265,-0.778989,-0.626298,0.655705,0.488476,-0.575711,0.754404,-0.39315,0.52565
0.627137,0.347107,1.07944,0.0304265,-0.517804,-0.854958,0.655705,0.655922,-0.373923,0.754404,-0.549223,0.359484
0.627137,0.300252,1.05429,0.0304265,-0.194164,-0.980497,0.655705,0.744254,-0.127034,0.754404,-0.639051,0.149959
0.627137,0.264824,1.01463,0.0304265,0.152896,-0.987774,0.655705,0.742818,0.135177,0.754404,-0.651801,-0.077653
0.627137,0.245098,0.965244,0.0304265,0.481513,-0.87591,0.655705,0.651787,0.381084,0.754404,-0.585934,-0.295899
0.627137,0.243452,0.91209,0.0304265,0.752054,-0.658399,0.655705,0.482141,0.581026,0.754404,-0.449394,-0.478455
0.627137,0.260085,0.861579,0.0304265,0.931885,-0.361475,0.655705,0.254342,0.710888,0.754404,-0.258651,-0.603303
0.627137,0.292991,0.819803,0.0304265,0.999317,-0.0209524,0.655705,-0.00413446,0.755006,0.754404,-0.0367108,-0.655383
0.627137,0.338201,0.791801,0.0304265,0.946217,0.322098,0.655705,-0.262112,0.70806,0.754404,0.189657,-0.628414
0.627137,0.390261,0.78095,0.0304265,0.778989,0.626298,0.655705,-0.488476,0.575711,0.754404,0.39315,-0.52565
0.627137,0.442893,0.788559,0.0304265,0.517804,0.854958,0.655705,-0.655922,0.373923,0.754404,0.549223,-0.359484
0.627137,0.489748,0.813711,0.0304265,0.194164,0.980497,0.655705,-0.744254,0.127034,0.754404,0.639051,-0.149959
0.627137,0.525176,0.853371,0.0304265,-0.152896,0.987774,0.655705,-0.742818,-0.135177,0.754404,0.651801,0.077653
0.627137,0.544902,0.902756,0.0304265,-0.481513,0.87591,0.655705,-0.651787,-0.381084,0.754404,0.585934,0.295899
0.627137,0.546548,0.95591,0.0304265,-0.752054,0.658399,0.655705,-0.482141,-0.581026,0.754404,0.449394,0.478455
0.627137,0.529915,1.00642,0.0304265,-0.931885,0.361475,0.655705,-0.254342,-0.710888,0.754404,0.258651,0.603303
0.674504,0.636695,0.931935,-0.303548,-0.892387,0.333923,0.683918,-0.448076,-0.575747,0.663411,0.0536091,0.746332
0.674504,0.622825,1.01472,-0.303548,-0.952778,0.00857073,0.683918,-0.224137,-0.694276,0.663411,-0.204884,0.719658
0.674504,0.581476,1.08778,-0.303548,-0.898249,-0.317815,0.683918,0.0268366,-0.729065,0.663411,-0.438666,0.606183
0.674504,0.517635,1.14228,-0.303548,-0.735379,-0.605868,0.683918,0.274573,-0.675918,0.663411,-0.619538,0.419593
0.674504,0.439003,1.17166,-0.303548,-0.483811,-0.820844,0.683918,0.489192,-0.541246,0.663411,-0.725684,0.182394
0.674504,0.355063,1.17238,-0.303548,-0.173889,-0.936814,0.683918,0.644807,-0.341291,0.663411,-0.744303,-0.0768045
0.674504,0.275941,1.14435,-0.303548,0.157008,-0.939791,0.683918,0.722649,-0.100172,0.663411,-0.673147,-0.326739
0.674504,0.211178,1.09094,-0.303548,0.468966,-0.829415,0.683918,0.713329,0.15303,0.663411,-0.5208,-0.537264
0.674504,0.168587,1.0186,-0.303548,0.724361,-0.618999,0.683918,0.617971,0.387774,0.663411,-0.305637,-0.682987
0.674504,0.153305,0.936065,-0.303548,0.892387,-0.333923,0.683918,0.448076,0.575747,0.663411,-0.0536091,-0.746332
0.674504,0.167175,0.853276,-0.303548,0.952778,-0.00857073,0.683918,0.224137,0.694276,0.663411,0.204884,-0.719658
0.674504,0.208524,0.780223,-0.303548,0.898249,0.317815,0.683918,-0.0268366,0.729065,0.663411,0.438666,-0.606183
0.674504,0.272365,0.725718,-0.303548,0.735379,0.605868,0.683918,-0.274573,0.675918,0.663411,0.619538,-0.419593
0.674504,0.350997,0.696336,-0.303548,0.483811,0.820844,0.683918,-0.489192,0.541246,0.663411,0.725684,-0.182394
0.674504,0.434937,0.695618,-0.303548,0.173889,0.936814,0.683918,-0.644807,0.341291,0.663411,0.744303,0.0768045
0.674504,0.514059,0.723654,-0.303548,-0.157008,0.939791,0.683918,-0.722649,0.100172,0.663411,0.673147,0.326739
0.674504,0.578822,0.77706,-0.303548,-0.468966,0.829415,0.683918,-0.713329,-0.15303,0.663411,0.5208,0.537264
0.674504,0.621413,0.849395,-0.303548,-0.724361,0.618999,0.683918,-0.617971,-0.387774,0.663411,0.305637,0.682987
0.674504,0.636695,0.931935,-0.303548,-0.892387,0.333923,0.683918,-0.448076,-0.575747,0.663411,0.0536091,0.746332
0.763543,0.723748,0.87121,-0.60091,-0.761585,0.242681,0.629641,-0.63804,-0.443235,0.492402,-0.113543,0.86293
0.763543,0.725398,0.987435,-0.60091,-0.798658,-0.0324319,0.629641,-0.447967,-0.634727,0.492402,-0.401835,0.772055
0.763543,0.687196,1.09722,-0.60091,-0.739401,-0.303633,0.629641,-0.203862,-0.749662,0.492402,-0.64166,0.588059
0.763543,0.613752,1.18731,-0.60091,-0.590961,-0.538212,0.629641,0.0648323,-0.774177,0.492402,-0.804091,0.333134
0.763543,0.513922,1.24685,-0.60091,-0.371242,-0.707874,0.629641,0.325706,-0.705314,0.492402,-0.869537,0.0380287
0.763543,0.399749,1.26866,-0.60091,-0.106746,-0.792156,0.629641,0.547296,-0.55138,0.492402,-0.830104,-0.261664
0.763543,0.285003,1.2501,-0.60091,0.170625,-0.780893,0.629641,0.702873,-0.330942,0.492402,-0.690548,-0.529796
0.763543,0.183525,1.19342,-0.60091,0.427416,-0.675442,0.629641,0.773673,-0.070587,0.492402,-0.467702,-0.734027
0.763543,0.107553,1.10544,-0.60091,0.632654,-0.488523,0.629641,0.751157,0.198282,0.492402,-0.188444,-0.849723
0.763543,0.0662517,0.99679,-0.60091,0.761585,-0.242681,0.629641,0.63804,0.443235,0.492402,0.113543,-0.86293
0.763543,0.0646023,0.880565,-0.60091,0.798658,0.0324319,0.629641,0.447967,0.634727,0.492402,0.401835,-0.772055
0.763543,0.102804,0.770784,-0.60091,0.739401,0.303633,0.629641,0.203862,0.749662,0.492402,0.64166,-0.588059
0.763543,0.176248,0.68069,-0.60091,0.590961,0.538212,0.629641,-0.0648323,0.774177,0.492402,0.804091,-0.333134
0.763543,0.276078,0.621149,-0.60091,0.371242,0.707874,0.629641,-0.325706,0.705314,0.492402,0.869537,-0.0380287
0.763543,0.390251,0.599343,-0.60091,0.106746,0.792156,0.629641,-0.547296,0.55138,0.492402,0.830104,0.261664
0.763543,0.504997,0.617901,-0.60091,-0.170625,0.780893,0.629641,-0.702873,0.330942,0.492402,0.690548,0.529796
0.763543,0.606475,0.674585,-0.60091,-0.427416,0.675442,0.629641,-0.773673,0.070587,0.492402,0.467702,0.734027
0.763543,0.682447,0.762558,-0.60091,-0.632654,0.488523,0.629641,-0.751157,-0.198282,0.492402,0.188444,0.849723
0.763543,0.723748,0.87121,-0.60091,-0.761585,0.242681,0.629641,-0.63804,-0.443235,0.492402,-0.113543,0.86293
0.883514,0.780575,0.83157,-0.825794,-0.555258,0.0987552,0.499419,-0.801323,-0.329335,0.262001,-0.222643,0.939034
0.883514,0.792355,0.969622,-0.825794,-0.555548,-0.0971099,0.499419,-0.640358,-0.583542,0.262001,-0.530385,0.806255
0.883514,0.756208,1.10338,-0.825794,-0.488831,-0.281262,0.499419,-0.402157,-0.767366,0.262001,-0.774154,0.57623
0.883514,0.676494,1.2167,-0.825794,-0.363153,-0.43149,0.499419,-0.115449,-0.858634,0.262001,-0.924549,0.276703
0.883514,0.562828,1.29593,-0.825794,-0.193674,-0.529674,0.499419,0.185184,-0.846338,0.262001,-0.96343,-0.0561988
0.883514,0.428919,1.3315,-0.825794,-0.000835315,-0.563971,0.499419,0.46348,-0.731961,0.262001,-0.886107,-0.382322
0.883514,0.290919,1.31913,-0.825794,0.192105,-0.530245,0.499419,0.685874,-0.529299,0.262001,-0.701906,-0.662332
0.883514,0.165473,1.26031,-0.825794,0.361874,-0.432564,0.499419,0.825542,-0.262795,0.262001,-0.433045,-0.862454
0.883514,0.0677111,1.16213,-0.825794,0.487996,-0.282709,0.499419,0.865637,0.0354052,0.262001,-0.111953,-0.958552
0.883514,0.009425,1.03643,-0.825794,0.555258,-0.0987552,0.499419,0.801323,0.329335,0.262001,0.222643,-0.939034
0.883514,-0.00235505,0.898378,-0.825794,0.555548,0.0971099,0.499419,0.640358,0.583542,0.262001,0.530385,-0.806255
0.883514,0.0337918,0.764623,-0.825794,0.488831,0.281262,0.499419,0.402157,0.767366,0.262001,0.774154,-0.57623
0.883514,0.113506,0.651297,-0.825794,0.363153,0.43149,0.499419,0.115449,0.858634,0.262001,0.924549,-0.276703
0.883514,0.227172,0.572069,-0.825794,0.193674,0.529674,0.499419,-0.185184,0.846338,0.262001,0.96343,0.0561988
0.883514,0.361081,0.536496,-0.825794,0.000835315,0.563971,0.499419,-0.46348,0.731961,0.262001,0.886107,0.382322
0.883514,0.499081,0.548867,-0.825794,-0.192105,0.530245,0.499419,-0.685874,0.529299,0.262001,0.701906,0.662332
0.883514,0.624527,0.607691,-0.825794,-0.361874,0.432564,0.499419,-0.825542,0.262795,0.262001,0.433045,0.862454
0.883514,0.722289,0.705873,-0.825794,-0.487996,0.282709,0.499419,-0.865637,-0.0354052,0.262001,0.111953,0.958552
0.883514,0.780575,0.83157,-0.825794,-0.555258,0.0987552,0.499419,-0.801323,-0.329335,0.262001,-0.222643,0.939034
0.875863,0.0654486,1.15402,0.985232,-0.148955,-0.0844462,-0.00862081,0.449405,-0.893287,0.17101,0.880822,0.441484
0.875863,0.0100718,1.02804,0.985232,-0.11109,-0.130299,-0.00862081,0.727825,-0.685709,0.17101,0.676706,0.716118
0.875863,0.00112311,0.890713,0.985232,-0.0598252,-0.160436,-0.00862081,0.918458,-0.395425,0.17101,0.390969,0.904378
0.875863,0.0396817,0.75861,0.985232,-0.00134499,-0.171222,-0.00862081,0.998311,-0.0574471,0.17101,0.0580748,0.983556
0.875863,0.121097,0.647661,0.985232,0.0572975,-0.161356,-0.00862081,0.957754,0.28746,0.17101,-0.281824,0.944103
0.875863,0.235549,0.571249,0.985232,0.109029,-0.132028,-0.00862081,0.801677,0.597695,0.17101,-0.58773,0.790778
0.875863,0.369233,0.53859,0.985232,0.14761,-0.0867758,-0.00862081,0.548906,0.835839,0.17101,-0.822747,0.542072
0.875863,0.506025,0.553624,0.985232,0.168387,-0.0310569,-0.00862081,0.229929,0.973169,0.17101,-0.958529,0.227985
0.875863,0.629426,0.614536,0.985232,0.168854,0.0284078,-0.00862081,-0.116781,0.99312,0.17101,-0.978698,-0.1136
0.875863,0.724551,0.71398,0.985232,0.148955,0.0844462,-0.00862081,-0.449405,0.893287,0.17101,-0.880822,-0.441484
0.875863,0.779928,0.839962,0.985232,0.11109,0.130299,-0.00862081,-0.727825,0.685709,0.17101,-0.676706,-0.716118
0.875863,0.788877,0.977287,0.985232,0.0598252,0.160436,-0.00862081,-0.918458,0.395425,0.17101,-0.390969,-0.904378
0.875863,0.750318,1.10939,0.985232,0.00134499,0.171222,-0.00862081,-0.998311,0.0574471,0.17101,-0.0580748,-0.983556
0.875863,0.668903,1.22034,0.985232,-0.0572975,0.161356,-0.00862081,-0.957754,-0.28746,0.17101,0.281824,-0.944103
0.875863,0.554451,1.29675,0.985232,-0.109029,0.132028,-0.00862081,-0.801677,-0.597695,0.17101,0.58773,-0.790778
0.875863,0.420767,1.32941,0.985232,-0.14761,0.0867758,-0.00862081,-0.548906,-0.835839,0.17101,0.822747,-0.542072
0.875863,0.283975,1.31438,0.985232,-0.168387,0.0310569,-0.00862081,-0.229929,-0.973169,0.17101,0.958529,-0.227985
0.875863,0.160574,1.25346,0.985232,-0.168854,-0.0284078,-0.00862081,0.116781,-0.99312,0.17101,0.978698,0.1136
0.875863,0.0654486,1.15402,0.985232,-0.148955,-0.0844462,-0.00862081,0.449405,-0.893287,0.17101,0.880822,0.441484
0.749059,0.125476,1.11215,0.900555,-0.421674,0.105792,0.292759,0.408313,-0.864623,0.321393,0.809612,0.491157
0.749059,0.0808011,1.00922,0.900555,-0.432427,-0.0448091,0.292759,0.679408,-0.672828,0.321393,0.5928,0.738441
0.749059,0.0740227,0.897222,0.900555,-0.391023,-0.190006,0.292759,0.868555,-0.399881,0.321393,0.304489,0.896657
0.749059,0.105959,0.789659,0.900555,-0.302456,-0.312285,0.292759,0.952942,-0.0787015,0.321393,-0.020549,0.946723
0.749059,0.172758,0.699506,0.900555,-0.177408,-0.396897,0.292759,0.92239,0.25197,0.321393,-0.343108,0.8826
0.749059,0.266362,0.637636,0.900555,-0.0309618,-0.433639,0.292759,0.780584,0.55225,0.321393,-0.624283,0.712023
0.749059,0.375482,0.611513,0.900555,0.119219,-0.418076,0.292759,0.544628,0.785921,0.321393,-0.830161,0.455566
0.749059,0.486957,0.624286,0.900555,0.255019,-0.352088,0.292759,0.242983,0.924798,0.321393,-0.935908,0.14416
0.749059,0.58734,0.674415,0.900555,0.360061,-0.243633,0.292759,-0.0879708,0.952131,0.321393,-0.928772,-0.184634
0.749059,0.664524,0.755854,0.900555,0.421674,-0.105792,0.292759,-0.408313,0.864623,0.321393,-0.809612,-0.491157
0.749059,0.709199,0.85878,0.900555,0.432427,0.0448091,0.292759,-0.679408,0.672828,0.321393,-0.5928,-0.738441
0.749059,0.715977,0.970778,0.900555,0.391023,0.190006,0.292759,-0.868555,0.399881,0.321393,-0.304489,-0.896657
0.749059,0.684041,1.07834,0.900555,0.302456,0.312285,0.292759,-0.952942,0.0787015,0.321393,0.020549,-0.946723
0.749059,0.617242,1.16849,0.900555,0.177408,0.396897,0.292759,-0.92239,-0.25197,0.321393,0.343108,-0.8826
0.749059,0.523638,1.23036,0.900555,0.0309618,0.433639,0.292759,-0.780584,-0.55225,0.321393,0.624283,-0.712023
0.749059,0.414518,1.25649,0.900555,-0.119219,0.418076,0.292759,-0.544628,-0.785921,0.321393,0.830161,-0.455566
0.749059,0.303043,1.24371,0.900555,-0.255019,0.352088,0.292759,-0.242983,-0.924798,0.321393,0.935908,-0.14416
0.749059,0.20266,1.19359,0.900555,-0.360061,0.243633,0.292759,0.0879708,-0.952131,0.321393,0.928772,0.184634
0.749059,0.125476,1.11215,0.900555,-0.421674,0.105792,0.292759,0.408313,-0.864623,0.321393,0.809612,0.491157
0.654934,0.217455,1.04799,0.707258,-0.654193,0.267988,0.558827,0.285159,-0.778715,0.433011,0.700511,0.567262
0.654934,0.189177,0.980388,0.707258,-0.706398,0.0280793,0.558827,0.534298,-0.634222,0.433011,0.46425,0.772641
0.654934,0.185724,0.907194,0.707258,-0.6734,-0.215216,0.558827,0.718992,-0.413234,0.433011,0.171994,0.884828
0.654934,0.207513,0.837234,0.707258,-0.559181,-0.432554,0.558827,0.816966,-0.142403,0.433011,-0.141007,0.890291
0.654934,0.251915,0.778946,0.707258,-0.377516,-0.597719,0.558827,0.816402,0.145604,0.433011,-0.437001,0.788373
0.654934,0.313576,0.739359,0.707258,-0.150317,-0.69079,0.558827,0.717367,0.416049,0.433011,-0.680286,0.591365
0.654934,0.385058,0.723248,0.707258,0.095012,-0.700542,0.558827,0.531807,0.636312,0.433011,-0.841519,0.32303
0.654934,0.457739,0.732558,0.707258,0.328882,-0.625798,0.558827,0.282104,0.779826,0.433011,-0.901252,0.0157323
0.654934,0.522852,0.766164,0.707258,0.523083,-0.475574,0.558827,-0.00162532,0.829282,0.433011,-0.85228,-0.293463
0.654934,0.572545,0.820014,0.707258,0.654193,-0.267988,0.558827,-0.285159,0.778715,0.433011,-0.700511,-0.567262
0.654934,0.600823,0.887612,0.707258,0.706398,-0.0280793,0.558827,-0.534298,0.634222,0.433011,-0.46425,-0.772641
0.654934,0.604276,0.960806,0.707258,0.6734,0.215216,0.558827,-0.718992,0.413234,0.433011,-0.171994,-0.884828
0.654934,0.582487,1.03077,0.707258,0.559181,0.432554,0.558827,-0.816966,0.142403,0.433011,0.141007,-0.890291
0.654934,0.538085,1.08905,0.707258,0.377516,0.597719,0.558827,-0.816402,-0.145604,0.433011,0.437001,-0.788373
0.654934,0.476424,1.12864,0.707258,0.150317,0.69079,0.558827,-0.717367,-0.416049,0.433011,0.680286,-0.591365
0.654934,0.404942,1.14475,0.707258,-0.095012,0.700542,0.558827,-0.531807,-0.636312,0.433011,0.841519,-0.32303
0.654934,0.332261,1.13544,0.707258,-0.328882,0.625798,0.558827,-0.282104,-0.779826,0.433011,0.901252,-0.0157323
