0.658953,0.629375,0.927667,0.308961,0.592622,-0.74387,0.951075,-0.192519,0.241647,-3.49349e-06,-0.782135,-0.623109
0.907818,0.473949,1.19818,0.92986,-0.367891,-0.0041519,-0.179072,-0.442696,-0.878609,0.321394,0.817726,-0.477524
0.907818,0.334127,1.17879,0.92986,-0.344285,-0.129728,-0.179072,-0.115497,-0.977033,0.321394,0.931734,-0.169047
0.907818,0.209366,1.11276,0.92986,-0.279152,-0.239657,-0.179072,0.225634,-0.957613,0.321394,0.933361,0.159819
0.907818,0.114715,1.00803,0.92986,-0.18035,-0.320679,-0.179072,0.539549,-0.822691,0.321394,0.822411,0.469409
0.907818,0.0615894,0.877254,0.92986,-0.0597948,-0.363023,-0.179072,0.788387,-0.58854,0.321394,0.612266,0.722382
0.907818,0.0563976,0.73619,0.92986,0.0679725,-0.361581,-0.179072,0.942134,-0.283402,0.321394,0.328273,0.888224
0.907818,0.0997656,0.601858,0.92986,0.187541,-0.316527,-0.179072,0.982246,0.0559181,0.321394,0.00468526,0.946934
0.907818,0.186463,0.490459,0.92986,0.28449,-0.233295,-0.179072,0.903884,0.388494,0.321394,-0.319468,0.891429
0.907818,0.306032,0.415431,0.92986,0.347125,-0.121925,-0.179072,0.7165,0.674211,0.321394,-0.605088,0.728405
0.907818,0.444051,0.385823,0.92986,0.367891,0.0041519,-0.179072,0.442696,0.878609,0.321394,-0.817726,0.477524
0.907818,0.583873,0.405205,0.92986,0.344285,0.129728,-0.179072,0.115497,0.977033,0.321394,-0.931734,0.169047
0.907818,0.708634,0.471241,0.92986,0.279152,0.239657,-0.179072,-0.225634,0.957613,0.321394,-0.933361,-0.159819
0.907818,0.803285,0.575965,0.92986,0.18035,0.320679,-0.179072,-0.539549,0.822691,0.321394,-0.822411,-0.469409
0.907818,0.856411,0.706746,0.92986,0.0597948,0.363023,-0.179072,-0.788387,0.58854,0.321394,-0.612266,-0.722382
0.907818,0.861602,0.84781,0.92986,-0.0679725,0.361581,-0.179072,-0.942134,0.283402,0.321394,-0.328273,-0.888224
0.907818,0.818234,0.982142,0.92986,-0.187541,0.316527,-0.179072,-0.982246,-0.0559181,0.321394,-0.00468526,-0.946934
0.907818,0.731537,1.09354,0.92986,-0.28449,0.233295,-0.179072,-0.903884,-0.388494,0.321394,0.319468,-0.891429
0.907818,0.611968,1.16857,0.92986,-0.347125,0.121925,-0.179072,-0.7165,-0.674211,0.321394,0.605088,-0.728405
0.907818,0.473949,1.19818,0.92986,-0.367891,-0.0041519,-0.179072,-0.442696,-0.878609,0.321394,0.817726,-0.477524
0.809114,0.509445,1.15362,0.796489,-0.557567,0.233932,-0.0275851,-0.419991,-0.907109,0.604023,0.71605,-0.349899
0.809114,0.382721,1.14907,0.796489,-0.603951,0.0291249,-0.0275851,-0.0844126,-0.996049,0.604023,0.792539,-0.0838937
0.809114,0.265197,1.10144,0.796489,-0.577489,-0.179195,-0.0275851,0.261347,-0.964851,0.604023,0.773436,0.19223
0.809114,0.171048,1.0165,0.796489,-0.481374,-0.365901,-0.0275851,0.575584,-0.817277,0.604023,0.661046,0.445168
0.809114,0.111631,0.904474,0.796489,-0.327198,-0.508474,-0.0275851,0.820397,-0.571128,0.604023,0.468924,0.644412
0.809114,0.0941119,0.778884,0.796489,-0.133557,-0.589718,-0.0275851,0.966259,-0.256092,0.604023,0.220242,0.765931
0.809114,0.120603,0.654875,0.796489,0.0761925,-0.599833,-0.0275851,0.995575,0.089832,0.604023,-0.0550038,0.795067
0.809114,0.187911,0.547407,0.796489,0.276752,-0.537599,-0.0275851,0.90481,0.424921,0.604023,-0.323615,0.728306
0.809114,0.287915,0.469439,0.796489,0.443932,-0.410523,-0.0275851,0.704912,0.708758,0.604023,-0.553194,0.573701
0.809114,0.408555,0.430378,0.796489,0.557567,-0.233932,-0.0275851,0.419991,0.907109,0.604023,-0.71605,0.349899
0.809114,0.535279,0.434933,0.796489,0.603951,-0.0291249,-0.0275851,0.0844126,0.996049,0.604023,-0.792539,0.0838937
0.809114,0.652803,0.482556,0.796489,0.577489,0.179195,-0.0275851,-0.261347,0.964851,0.604023,-0.773436,-0.19223
0.809114,0.746952,0.567502,0.796489,0.481374,0.365901,-0.0275851,-0.575584,0.817277,0.604023,-0.661046,-0.445168
0.809114,0.806369,0.679526,0.796489,0.327198,0.508474,-0.0275851,-0.820397,0.571128,0.604023,-0.468924,-0.644412
0.809114,0.823888,0.805116,0.796489,0.133557,0.589718,-0.0275851,-0.966259,0.256092,0.604023,-0.220242,-0.765931
0.809114,0.797397,0.929125,0.796489,-0.0761925,0.599833,-0.0275851,-0.995575,-0.089832,0.604023,0.0550038,-0.795067
0.809114,0.730089,1.03659,0.796489,-0.276752,0.537599,-0.0275851,-0.90481,-0.424921,0.604023,0.323615,-0.728306
0.809114,0.630085,1.11456,0.796489,-0.443932,0.410523,-0.0275851,-0.704912,-0.708758,0.604023,0.553194,-0.573701
0.809114,0.509445,1.15362,0.796489,-0.557567,0.233932,-0.0275851,-0.419991,-0.907109,0.604023,0.71605,-0.349899
0.735846,0.563835,1.08535,0.567051,-0.70738,0.42198,0.127229,-0.430939,-0.893367,0.813797,0.560273,-0.154365
0.735846,0.457181,1.10352,0.567051,-0.809045,0.154593,0.127229,-0.0994004,-0.98688,0.813797,0.57928,0.0465691
0.735846,0.350746,1.08411,0.567051,-0.813128,-0.13144,0.127229,0.244127,-0.961361,0.813797,0.528418,0.241886
0.735846,0.257369,1.02947,0.567051,-0.719135,-0.401619,0.127229,0.558209,-0.819887,0.813797,0.41382,0.408028
0.735846,0.188311,0.946182,0.567051,-0.538404,-0.623357,0.127229,0.804963,-0.579523,0.813797,0.24931,0.524956
0.735846,0.151902,0.844303,0.567051,-0.292734,-0.769909,0.127229,0.954626,-0.26926,0.813797,0.0547293,0.578566
0.735846,0.152533,0.736115,0.567051,-0.0117553,-0.823599,0.127229,0.989148,0.0734797,0.813797,-0.146453,0.562393
0.735846,0.190129,0.634667,0.567051,0.270641,-0.77795,0.127229,0.904363,0.407357,0.813797,-0.32997,0.478387
0.735846,0.260155,0.552196,0.567051,0.520394,-0.638469,0.127229,0.710499,0.692101,0.813797,-0.473688,0.33668
0.735846,0.354165,0.498649,0.567051,0.70738,-0.42198,0.127229,0.430939,0.893367,0.813797,-0.560273,0.154365
0.735846,0.460819,0.480485,0.567051,0.809045,-0.154593,0.127229,0.0994004,0.98688,0.813797,-0.57928,-0.0465691
0.735846,0.567254,0.499894,0.567051,0.813128,0.13144,0.127229,-0.244127,0.961361,0.813797,-0.528418,-0.241886
0.735846,0.660631,0.554535,0.567051,0.719135,0.401619,0.127229,-0.558209,0.819887,0.813797,-0.41382,-0.408028
0.735846,0.729689,0.637818,0.567051,0.538404,0.623357,0.127229,-0.804963,0.579523,0.813797,-0.24931,-0.524956
0.735846,0.766098,0.739697,0.567051,0.292734,0.769909,0.127229,-0.954626,0.26926,0.813797,-0.0547293,-0.578566
0.735846,0.765467,0.847885,0.567051,0.0117553,0.823599,0.127229,-0.989148,-0.0734797,0.813797,0.146453,-0.562393
0.735846,0.727871,0.949333,0.567051,-0.270641,0.77795,0.127229,-0.904363,-0.407357,0.813797,0.32997,-0.478387
0.735846,0.657845,1.0318,0.567051,-0.520394,0.638469,0.127229,-0.710499,-0.692101,0.813797,0.473688,-0.33668
0.735846,0.563835,1.08535,0.567051,-0.70738,0.42198,0.127229,-0.430939,-0.893367,0.813797,0.560273,-0.154365
0.696852,0.63056,1.0016,0.269218,-0.799261,0.537311,0.266698,-0.47422,-0.83904,0.925416,0.369184,0.0854929
0.696852,0.548527,1.04763,0.269218,-0.934831,0.231544,0.266698,-0.158652,-0.950632,0.925416,0.317679,0.206605
0.696852,0.455697,1.06284,0.269218,-0.957647,-0.102151,0.266698,0.176051,-0.947564,0.925416,0.227858,0.302798
0.696852,0.363264,1.04537,0.269218,-0.864956,-0.423525,0.266698,0.48952,-0.830206,0.925416,0.110553,0.362469
0.696852,0.282379,0.99735,0.269218,-0.667938,-0.693816,0.266698,0.743946,-0.612713,0.925416,-0.0200859,0.378421
0.696852,0.222797,0.924558,0.269218,-0.390358,-0.880422,0.266698,0.90864,-0.321318,0.925416,-0.148302,0.34873
0.696852,0.191704,0.835777,0.269218,-0.0656943,-0.960836,0.266698,0.96374,0.00883359,0.925416,-0.258631,0.276976
0.696852,0.192851,0.741716,0.269218,0.266893,-0.925359,0.266698,0.902598,0.337919,0.925416,-0.337765,0.171816
0.696852,0.2261,0.653721,0.269218,0.567289,-0.778271,0.266698,0.732589,0.626247,0.925416,-0.37616,0.0459314
0.696852,0.28744,0.582403,0.269218,0.799261,-0.537311,0.266698,0.47422,0.83904,0.925416,-0.369184,-0.0854929
0.696852,0.369473,0.536367,0.269218,0.934831,-0.231544,0.266698,0.158652,0.950632,0.925416,-0.317679,-0.206605
0.696852,0.462303,0.521163,0.269218,0.957647,0.102151,0.266698,-0.176051,0.947564,0.925416,-0.227858,-0.302798
0.696852,0.554736,0.538626,0.269218,0.864956,0.423525,0.266698,-0.48952,0.830206,0.925416,-0.110553,-0.362469
0.696852,0.635621,0.58665,0.269218,0.667938,0.693816,0.266698,-0.743946,0.612713,0.925416,0.0200859,-0.378421
0.696852,0.695203,0.659442,0.269218,0.390358,0.880422,0.266698,-0.90864,0.321318,0.925416,0.148302,-0.34873
0.696852,0.726296,0.748223,0.269218,0.0656943,0.960836,0.266698,-0.96374,-0.00883359,0.925416,0.258631,-0.276976
0.696852,0.725149,0.842284,0.269218,-0.266893,0.925359,0.266698,-0.902598,-0.337919,0.925416,0.337765,-0.171816
0.696852,0.6919,0.930279,0.269218,-0.567289,0.778271,0.266698,-0.732589,-0.626247,0.925416,0.37616,-0.0459314
0.696852,0.63056,1.0016,0.269218,-0.799261,0.537311,0.266698,-0.47422,-0.83904,0.925416,0.369184,0.0854929
0.696834,0.701571,0.912462,-0.061087,-0.822129,0.566015,0.373999,-0.544614,-0.75068,0.925415,0.165832,0.340744
0.696834,0.645742,0.988162,-0.061087,-0.966137,0.250695,0.373999,-0.255022,-0.891678,0.925415,0.0392897,0.376912
0.696834,0.567389,1.0402,-0.061087,-0.993614,-0.0948619,0.373999,0.0653298,-0.925125,0.925415,-0.0919914,0.36762
0.696834,0.475962,1.0623,-0.061087,-0.901247,-0.428977,0.373999,0.377801,-0.846989,0.925415,-0.212177,0.313987
0.696834,0.38249,1.0518,-0.061087,-0.700177,-0.711351,0.373999,0.644705,-0.666694,0.925415,-0.306771,0.222482
0.696834,0.298246,1.00997,-0.061087,-0.414654,-0.907926,0.373999,0.833847,-0.405985,0.925415,-0.364364,0.104143
0.696834,0.233391,0.941842,-0.061087,-0.0791186,-0.994992,0.373999,0.922415,-0.096309,0.925415,-0.378009,-0.0267573
0.696834,0.195748,0.855642,-0.061087,0.26596,-0.962047,0.373999,0.899726,0.224984,0.925415,-0.346061,-0.15443
0.696834,0.189857,0.761767,-0.061087,0.57896,-0.813064,0.373999,0.768517,0.51914,0.925415,-0.272372,-0.263477
0.696834,0.216429,0.671538,-0.061087,0.822129,-0.566015,0.373999,0.544614,0.75068,0.925415,-0.165832,-0.340744
0.696834,0.272258,0.595838,-0.061087,0.966137,-0.250695,0.373999,0.255022,0.891678,0.925415,-0.0392897,-0.376912
0.696834,0.350611,0.543799,-0.061087,0.993614,0.0948619,0.373999,-0.0653298,0.925125,0.925415,0.0919914,-0.36762
0.696834,0.442038,0.521696,-0.061087,0.901247,0.428977,0.373999,-0.377801,0.846989,0.925415,0.212177,-0.313987
0.696834,0.53551,0.532196,-0.061087,0.700177,0.711351,0.373999,-0.644705,0.666694,0.925415,0.306771,-0.222482
0.696834,0.619754,0.574032,-0.061087,0.414654,0.907926,0.373999,-0.833847,0.405985,0.925415,0.364364,-0.104143
0.696834,0.684609,0.642158,-0.061087,0.0791186,0.994992,0.373999,-0.922415,0.096309,0.925415,0.378009,0.0267573
0.696834,0.722252,0.728358,-0.061087,-0.26596,0.962047,0.373999,-0.899726,-0.224984,0.925415,0.346061,0.15443
0.696834,0.728143,0.822233,-0.061087,-0.57896,0.813064,0.373999,-0.768517,-0.51914,0.925415,0.272372,0.263477
0.696834,0.701571,0.912462,-0.061087,-0.822129,0.566015,0.373999,-0.544614,-0.75068,0.925415,0.165832,0.340744
0.735794,0.768304,0.828699,-0.384024,-0.773224,0.504629,0.43619,-0.63363,-0.638946,0.813796,-0.0252566,0.580601
0.735794,0.737099,0.932274,-0.384024,-0.899186,0.209738,0.43619,-0.376885,-0.817127,0.813796,-0.222311,0.536949
0.735794,0.672351,1.01893,-0.384024,-0.916693,-0.110451,0.43619,-0.0746819,-0.89675,0.813796,-0.392551,0.428532
0.735794,0.58187,1.07821,-0.384024,-0.823633,-0.417317,0.43619,0.236529,-0.868212,0.813796,-0.515444,0.268428
0.735794,0.476569,1.10298,-0.384024,-0.631231,-0.673849,0.43619,0.51921,-0.734955,0.813796,-0.576167,0.0759475
0.735794,0.369149,1.09023,-0.384024,-0.362693,-0.849105,0.43619,0.739268,-0.513052,0.813796,-0.567395,-0.125693
0.735794,0.272566,1.04152,-0.384024,-0.0504091,-0.921946,0.43619,0.870158,-0.229266,0.813796,-0.490187,-0.312174
0.735794,0.19847,0.962704,-0.384024,0.267955,-0.883587,0.43619,0.896095,0.0821717,0.813796,-0.353856,-0.461001
0.735794,0.155798,0.863303,-0.384024,0.554,-0.738654,0.43619,0.813949,0.383699,0.813796,-0.174844,-0.554225
0.735794,0.149696,0.755301,-0.384024,0.773224,-0.504629,0.43619,0.63363,0.638946,0.813796,0.0252566,-0.580601
0.735794,0.180901,0.651726,-0.384024,0.899186,-0.209738,0.43619,0.376885,0.817127,0.813796,0.222311,-0.536949
0.735794,0.245649,0.565071,-0.384024,0.916693,0.110451,0.43619,0.0746819,0.89675,0.813796,0.392551,-0.428532
0.735794,0.33613,0.505786,-0.384024,0.823633,0.417317,0.43619,-0.236529,0.868212,0.813796,0.515444,-0.268428
0.735794,0.441431,0.481023,-0.384024,0.631231,0.673849,0.43619,-0.51921,0.734955,0.813796,0.576167,-0.0759475
0.735794,0.548851,0.493768,-0.384024,0.362693,0.849105,0.43619,-0.739268,0.513052,0.813796,0.567395,0.125693
0.735794,0.645434,0.542485,-0.384024,0.0504091,0.921946,0.43619,-0.870158,0.229266,0.813796,0.490187,0.312174
0.735794,0.71953,0.621296,-0.384024,-0.267955,0.883587,0.43619,-0.896095,-0.0821717,0.813796,0.353856,0.461001
0.735794,0.762202,0.720697,-0.384024,-0.554,0.738654,0.43619,-0.813949,-0.383699,0.813796,0.174844,0.554225
0.735794,0.768304,0.828699,-0.384024,-0.773224,0.504629,0.43619,-0.63363,-0.638946,0.813796,-0.0252566,0.580601
0.809034,0.822708,0.760409,-0.660642,-0.658446,0.360557,0.44577,-0.730531,-0.517313,0.604021,-0.181033,0.776135
0.809034,0.811579,0.88671,-0.660642,-0.742055,0.113611,0.44577,-0.509543,-0.735972,0.604021,-0.435569,0.667411
0.809034,0.757923,1.00159,-0.660642,-0.736161,-0.147038,0.44577,-0.227097,-0.865861,0.604021,-0.637569,0.478188
0.809034,0.668213,1.09119,-0.660642,-0.641475,-0.389952,0.44577,0.0827409,-0.891315,0.604021,-0.762669,0.231288
0.809034,0.553268,1.1447,-0.660642,-0.469417,-0.585833,0.44577,0.382599,-0.809263,0.604021,-0.79578,-0.0435085
0.809034,0.426954,1.15567,-0.660642,-0.240742,-0.711053,0.44577,0.63631,-0.629602,0.604021,-0.732908,-0.313057
0.809034,0.304505,1.12278,-0.660642,0.0169714,-0.750509,0.44577,0.813272,-0.374002,0.604021,-0.581636,-0.544847
0.809034,0.20069,1.04999,-0.660642,0.272637,-0.699444,0.44577,0.892142,-0.0732914,0.604021,-0.36021,-0.71092
0.809034,0.128031,0.946082,-0.660642,0.495419,-0.564015,0.44577,0.863406,0.236259,0.604021,-0.0953382,-0.791245
0.809034,0.0952916,0.823591,-0.660642,0.658446,-0.360557,0.44577,0.730531,0.517313,0.604021,0.181033,-0.776135
0.809034,0.106421,0.69729,-0.660642,0.742055,-0.113611,0.44577,0.509543,0.735972,0.604021,0.435569,-0.667411
0.809034,0.160077,0.582413,-0.660642,0.736161,0.147038,0.44577,0.227097,0.865861,0.604021,0.637569,-0.478188
0.809034,0.249787,0.492815,-0.660642,0.641475,0.389952,0.44577,-0.0827409,0.891315,0.604021,0.762669,-0.231288
0.809034,0.364732,0.439303,-0.660642,0.469417,0.585833,0.44577,-0.382599,0.809263,0.604021,0.79578,0.0435085
0.809034,0.491046,0.428331,-0.660642,0.240742,0.711053,0.44577,-0.63631,0.629602,0.604021,0.732908,0.313057
0.809034,0.613495,0.461224,-0.660642,-0.0169714,0.750509,0.44577,-0.813272,0.374002,0.604021,0.581636,0.544847
0.809034,0.71731,0.534013,-0.660642,-0.272637,0.699444,0.44577,-0.892142,0.0732914,0.604021,0.36021,0.71092
0.809034,0.789969,0.637918,-0.660642,-0.495419,0.564015,0.44577,-0.863406,-0.236259,0.604021,0.0953382,0.791245
0.809034,0.822708,0.760409,-0.660642,-0.658446,0.360557,0.44577,-0.730531,-0.517313,0.604021,-0.181033,0.776135
0.90772,0.858224,0.71583,-0.857576,-0.491638,0.151177,0.401584,-0.823631,-0.400453,0.321392,-0.282709,0.90376
0.90772,0.860199,0.856966,-0.857576,-0.513694,-0.0260901,0.401584,-0.636997,-0.658001,0.321392,-0.574764,0.752565
0.90772,0.813785,0.990266,-0.857576,-0.473791,-0.20021,0.401584,-0.373531,-0.836185,0.321392,-0.797494,0.510599
0.90772,0.724577,1.09965,-0.857576,-0.376742,-0.350183,0.401584,-0.0650125,-0.913512,0.321392,-0.924034,0.207047
0.90772,0.603338,1.17193,-0.857576,-0.234253,-0.457917,0.401584,0.251348,-0.880656,0.321392,-0.939122,-0.121478
0.90772,0.464689,1.19839,-0.857576,-0.0635084,-0.510421,0.401584,0.537392,-0.74158,0.321392,-0.840938,-0.43535
0.90772,0.325354,1.17582,-0.857576,0.114896,-0.50136,0.401584,0.758618,-0.513058,0.321392,-0.641325,-0.696713
0.90772,0.202138,1.10697,-0.857576,0.279442,-0.431827,0.401584,0.888344,-0.222654,0.321392,-0.364358,-0.874042
0.90772,0.109904,1.00012,-0.857576,0.410283,-0.31021,0.401584,0.910923,0.0946048,0.321392,-0.0434445,-0.945949
0.90772,0.0597764,0.86817,-0.857576,0.491638,-0.151177,0.401584,0.823631,0.400453,0.321392,0.282709,-0.90376
0.90772,0.0578006,0.727034,-0.857576,0.513694,0.0260901,0.401584,0.636997,0.658001,0.321392,0.574764,-0.752565
0.90772,0.104215,0.593734,-0.857576,0.473791,0.20021,0.401584,0.373531,0.836185,0.321392,0.797494,-0.510599
0.90772,0.193423,0.484347,-0.857576,0.376742,0.350183,0.401584,0.0650125,0.913512,0.321392,0.924034,-0.207047
0.90772,0.314662,0.412068,-0.857576,0.234253,0.457917,0.401584,-0.251348,0.880656,0.321392,0.939122,0.121478
0.90772,0.453311,0.385615,-0.857576,0.0635084,0.510421,0.401584,-0.537392,0.74158,0.321392,0.840938,0.43535
0.90772,0.592646,0.408177,-0.857576,-0.114896,0.50136,0.401584,-0.758618,0.513058,0.321392,0.641325,0.696713
0.90772,0.715862,0.477034,-0.857576,-0.279442,0.431827,0.401584,-0.888344,0.222654,0.321392,0.364358,0.874042
0.90772,0.808096,0.583881,-0.857576,-0.410283,0.31021,0.401584,-0.910923,-0.0946048,0.321392,0.0434445,0.945949
0.90772,0.858224,0.71583,-0.857576,-0.491638,0.151177,0.401584,-0.823631,-0.400453,0.321392,-0.282709,0.90376
0.883612,0.33224,1.17031,0.961642,-0.271519,-0.0390189,-0.0812368,-0.146032,-0.985939,0.262003,0.95129,-0.162488
0.883612,0.210495,1.10414,0.961642,-0.241799,-0.129531,-0.0812368,0.199986,-0.976425,0.262003,0.949494,0.172672
0.883612,0.118723,1.00032,0.961642,-0.182915,-0.204419,-0.0812368,0.521882,-0.84914,0.262003,0.833175,0.487004
0.883612,0.0679939,0.871378,0.961642,-0.101968,-0.254652,-0.0812368,0.780832,-0.619437,0.262003,0.616363,0.742597
0.883612,0.0644256,0.732859,0.961642,-0.00872262,-0.274169,-0.0812368,0.945602,-0.31502,0.262003,0.325209,0.908622
0.883612,0.108449,0.601473,0.961642,0.0855749,-0.260618,-0.0812368,0.996318,0.0273931,0.262003,-0.00517058,0.965053
0.883612,0.194754,0.493068,0.961642,0.169551,-0.215633,-0.0812368,0.926864,0.366502,0.262003,-0.334926,0.905085
0.883612,0.31293,0.420718,0.961642,0.233076,-0.144639,-0.0812368,0.745616,0.661405,0.262003,-0.624285,0.73595
0.883612,0.448725,0.39315,0.961642,0.268489,-0.0561991,-0.0812368,0.474436,0.876534,0.262003,-0.838346,0.478049
0.883612,0.58576,0.41369,0.961642,0.271519,0.0390189,-0.0812368,0.146032,0.985939,0.262003,-0.95129,0.162488
0.883612,0.707505,0.479859,0.961642,0.241799,0.129531,-0.0812368,-0.199986,0.976425,0.262003,-0.949494,-0.172672
0.883612,0.799277,0.583677,0.961642,0.182915,0.204419,-0.0812368,-0.521882,0.84914,0.262003,-0.833175,-0.487004
0.883612,0.850006,0.712622,0.961642,0.101968,0.254652,-0.0812368,-0.780832,0.619437,0.262003,-0.616363,-0.742597
0.883612,0.853574,0.851141,0.961642,0.00872262,0.274169,-0.0812368,-0.945602,0.31502,0.262003,-0.325209,-0.908622
0.883612,0.809551,0.982527,0.961642,-0.0855749,0.260618,-0.0812368,-0.996318,-0.0273931,0.262003,0.00517058,-0.965053
0.883612,0.723246,1.09093,0.961642,-0.169551,0.215633,-0.0812368,-0.926864,-0.366502,0.262003,0.334926,-0.905085
0.883612,0.60507,1.16328,0.961642,-0.233076,0.144639,-0.0812368,-0.745616,-0.661405,0.262003,0.624285,-0.73595
0.883612,0.469275,1.19085,0.961642,-0.268489,0.0561991,-0.0812368,-0.474436,-0.876534,0.262003,0.838346,-0.478049
0.883612,0.33224,1.17031,0.961642,-0.271519,-0.0390189,-0.0812368,-0.146032,-0.985939,0.262003,0.95129,-0.162488
0.763622,0.375394,1.11614,0.856221,-0.471249,0.211685,0.156285,-0.154278,-0.975589,0.492403,0.868403,-0.0584463
0.763622,0.269572,1.068,0.856221,-0.51523,0.0377427,0.156285,0.188697,-0.96952,0.492403,0.836021,0.24209
0.763622,0.186599,0.986567,0.856221,-0.497066,-0.140752,0.156285,0.508913,-0.846512,0.492403,0.702804,0.513426
0.763622,0.136481,0.881666,0.856221,-0.418949,-0.302271,0.156285,0.767746,-0.621403,0.492403,0.484817,0.722836
0.763622,0.125263,0.765951,0.856221,-0.290301,-0.427331,0.156285,0.933977,-0.321343,0.492403,0.208355,0.84506
0.763622,0.154299,0.653377,0.856221,-0.126638,-0.500848,0.156285,0.987557,0.0174755,0.492403,-0.0932381,0.865359
0.763622,0.220087,0.557523,0.856221,0.0522994,-0.513956,0.156285,0.922023,0.354186,0.492403,-0.383585,0.781282
0.763622,0.314691,0.489951,0.856221,0.224929,-0.465073,0.156285,0.74528,0.648177,0.492403,-0.627666,0.602971
0.763622,0.426701,0.45881,0.856221,0.370428,-0.360096,0.156285,0.478644,0.863987,0.492403,-0.796042,0.351933
0.763622,0.542606,0.467857,0.856221,0.471249,-0.211685,0.156285,0.154278,0.975589,0.492403,-0.868403,0.0584463
0.763622,0.648428,0.516,0.856221,0.51523,-0.0377427,0.156285,-0.188697,0.96952,0.492403,-0.836021,-0.24209
0.763622,0.731401,0.597433,0.856221,0.497066,0.140752,0.156285,-0.508913,0.846512,0.492403,-0.702804,-0.513426
0.763622,0.781519,0.702334,0.856221,0.418949,0.302271,0.156285,-0.767746,0.621403,0.492403,-0.484817,-0.722836
0.763622,0.792737,0.818049,0.856221,0.290301,0.427331,0.156285,-0.933977,0.321343,0.492403,-0.208355,-0.84506
0.763622,0.763701,0.930623,0.856221,0.126638,0.500848,0.156285,-0.987557,-0.0174755,0.492403,0.0932381,-0.865359
0.763622,0.697913,1.02648,0.856221,-0.0522994,0.513956,0.156285,-0.922023,-0.354186,0.492403,0.383585,-0.781282
0.763622,0.603309,1.09405,0.856221,-0.224929,0.465073,0.156285,-0.74528,-0.648177,0.492403,0.627666,-0.602971
0.763622,0.491299,1.12519,0.856221,-0.370428,0.360096,0.156285,-0.478644,-0.863987,0.492403,0.796042,-0.351933
0.763622,0.375394,1.11614,0.856221,-0.471249,0.211685,0.156285,-0.154278,-0.975589,0.492403,0.868403,-0.0584463
0.674556,0.441516,1.03315,0.647527,-0.636467,0.41907,0.374957,-0.212646,-0.902324,0.663413,0.741412,0.100954
0.674556,0.360094,1.01262,0.647527,-0.741413,0.176112,0.374957,0.108792,-0.920636,0.663413,0.662171,0.348444
0.674556,0.290602,0.96549,0.647527,-0.756935,-0.0880869,0.374957,0.417107,-0.827906,0.663413,0.503063,0.553906
0.674556,0.24142,0.897431,0.647527,-0.681158,-0.341661,0.374957,0.675113,-0.635319,0.663413,0.283277,0.692559
0.674556,0.218483,0.816656,0.647527,-0.523224,-0.554027,0.374957,0.85169,-0.366102,0.663413,0.0293245,0.747679
0.674556,0.224554,0.732908,0.647527,-0.302182,-0.699568,0.374957,0.925541,-0.0527281,0.663413,-0.228165,0.712618
0.674556,0.258904,0.656286,0.647527,-0.0446917,-0.760731,0.374957,0.887758,0.267006,0.663413,-0.458135,0.591605
0.674556,0.317388,0.596034,0.647527,0.218189,-0.730139,0.374957,0.742899,0.554534,0.663413,-0.632847,0.399235
0.674556,0.392953,0.559418,0.647527,0.454753,-0.611481,0.374957,0.508435,0.775178,0.663413,-0.731228,0.158712
0.674556,0.476484,0.550855,0.647527,0.636467,-0.41907,0.374957,0.212646,0.902324,0.663413,-0.741412,-0.100954
0.674556,0.557906,0.571378,0.647527,0.741413,-0.176112,0.374957,-0.108792,0.920636,0.663413,-0.662171,-0.348444
0.674556,0.627398,0.61851,0.647527,0.756935,0.0880869,0.374957,-0.417107,0.827906,0.663413,-0.503063,-0.553906
0.674556,0.67658,0.686569,0.647527,0.681158,0.341661,0.374957,-0.675113,0.635319,0.663413,-0.283277,-0.692559
0.674556,0.699517,0.767344,0.647527,0.523224,0.554027,0.374957,-0.85169,0.366102,0.663413,-0.0293245,-0.747679
0.674556,0.693446,0.851092,0.647527,0.302182,0.699568,0.374957,-0.925541,0.0527281,0.663413,0.228165,-0.712618
0.674556,0.659096,0.927714,0.647527,0.0446917,0.760731,0.374957,-0.887758,-0.267006,0.663413,0.458135,-0.591605
0.674556,0.600612,0.987966,0.647527,-0.218189,0.730139,0.374957,-0.742899,-0.554534,0.663413,0.632847,-0.399235
0.674556,0.525047,1.02458,0.647527,-0.454753,0.611481,0.374957,-0.508435,-0.775178,0.663413,0.731228,-0.158712
0.674556,0.441516,1.03315,0.647527,-0.636467,0.41907,0.374957,-0.212646,-0.902324,0.663413,0.741412,0.100954
0.627155,0.522633,0.931326,0.360731,-0.747245,0.55812,0.548404,-0.314096,-0.774982,0.754404,0.585636,0.296488
0.627155,0.471143,0.944688,0.360731,-0.893069,0.268889,0.548404,-0.0300943,-0.835672,0.754404,0.448913,0.478906
0.627155,0.418188,0.939633,0.360731,-0.931175,-0.0527748,0.548404,0.257537,-0.795568,0.754404,0.258044,0.603562
0.627155,0.370156,0.916771,0.360731,-0.856969,-0.368073,0.548404,0.514106,-0.659506,0.754404,0.036052,0.655419
0.627155,0.33284,0.87886,0.360731,-0.679399,-0.638976,0.548404,0.708666,-0.443898,0.754404,-0.190289,0.628223
0.627155,0.310741,0.830472,0.360731,-0.419883,-0.832809,0.548404,0.81775,-0.17475,0.754404,-0.393678,0.525254
0.627155,0.306523,0.777444,0.360731,-0.109724,-0.926193,0.548404,0.828202,0.115476,0.754404,-0.549584,0.358931
0.627155,0.320697,0.726172,0.360731,0.21367,-0.907865,0.548404,0.73876,0.391774,0.754404,-0.639201,0.149317
0.627155,0.351552,0.68284,0.360731,0.511292,-0.780034,0.548404,0.560213,0.620818,0.754404,-0.651722,-0.0783081
0.627155,0.395367,0.652674,0.360731,0.747245,-0.55812,0.548404,0.314096,0.774982,0.754404,-0.585636,-0.296488
0.627155,0.446857,0.639312,0.360731,0.893069,-0.268889,0.548404,0.0300943,0.835672,0.754404,-0.448913,-0.478906
0.627155,0.499812,0.644367,0.360731,0.931175,0.0527748,0.548404,-0.257537,0.795568,0.754404,-0.258044,-0.603562
0.627155,0.547844,0.667229,0.360731,0.856969,0.368073,0.548404,-0.514106,0.659506,0.754404,-0.036052,-0.655419
0.627155,0.58516,0.70514,0.360731,0.679399,0.638976,0.548404,-0.708666,0.443898,0.754404,0.190289,-0.628223
0.627155,0.607259,0.753528,0.360731,0.419883,0.832809,0.548404,-0.81775,0.17475,0.754404,0.393678,-0.525254
0.627155,0.611477,0.806556,0.360731,0.109724,0.926193,0.548404,-0.828202,-0.115476,0.754404,0.549584,-0.358931
0.627155,0.597303,0.857828,0.360731,-0.21367,0.907865,0.548404,-0.73876,-0.391774,0.754404,0.639201,-0.149317
0.627155,0.566448,0.90116,0.360731,-0.511292,0.780034,0.548404,-0.560213,-0.620818,0.754404,0.651722,0.0783081
0.627155,0.522633,0.931326,0.360731,-0.747245,0.55812,0.548404,-0.314096,-0.774982,0.754404,0.585636,0.296488
0.627137,0.608959,0.822968,0.0304265,-0.790222,0.612065,0.655705,-0.446392,-0.608921,0.754404,0.419862,0.50457
0.627137,0.589324,0.872389,0.0304265,-0.951904,0.304882,0.655705,-0.211208,-0.724874,0.754404,0.221968,0.617742
0.627137,0.55397,0.912115,0.0304265,-0.998773,-0.0390753,0.655705,0.0494507,-0.753396,0.754404,-0.00269863,0.656405
0.627137,0.507161,0.937352,0.0304265,-0.925175,-0.378319,0.655705,0.304145,-0.691048,0.754404,-0.22704,0.615896
0.627137,0.454543,0.945059,0.0304265,-0.739987,-0.671932,0.655705,0.522155,-0.545349,0.754404,-0.423996,0.501101
0.627137,0.402462,0.934303,0.0304265,-0.465546,-0.8845,0.655705,0.677186,-0.333873,0.754404,-0.569812,0.325865
0.627137,0.357201,0.906384,0.0304265,-0.134953,-0.990385,0.655705,0.750538,-0.0821265,0.754404,-0.646901,0.111326
0.627137,0.324219,0.864669,0.0304265,0.211917,-0.976814,0.655705,0.733363,0.179525,0.754404,-0.645964,-0.116641
0.627137,0.307493,0.814189,0.0304265,0.533227,-0.845425,0.655705,0.627735,0.419524,0.754404,-0.567114,-0.330539
0.627137,0.309041,0.761032,0.0304265,0.790222,-0.612065,0.655705,0.446392,0.608921,0.754404,-0.419862,-0.50457
0.627137,0.328676,0.711611,0.0304265,0.951904,-0.304882,0.655705,0.211208,0.724874,0.754404,-0.221968,-0.617742
0.627137,0.36403,0.671885,0.0304265,0.998773,0.0390753,0.655705,-0.0494507,0.753396,0.754404,0.00269863,-0.656405
0.627137,0.410839,0.646648,0.0304265,0.925175,0.378319,0.655705,-0.304145,0.691048,0.754404,0.22704,-0.615896
0.627137,0.463457,0.638941,0.0304265,0.739987,0.671932,0.655705,-0.522155,0.545349,0.754404,0.423996,-0.501101
0.627137,0.515538,0.649697,0.0304265,0.465546,0.8845,0.655705,-0.677186,0.333873,0.754404,0.569812,-0.325865
0.627137,0.560799,0.677616,0.0304265,0.134953,0.990385,0.655705,-0.750538,0.0821265,0.754404,0.646901,-0.111326
0.627137,0.593781,0.719331,0.0304265,-0.211917,0.976814,0.655705,-0.733363,-0.179525,0.754404,0.645964,0.116641
0.627137,0.610507,0.769811,0.0304265,-0.533227,0.845425,0.655705,-0.627735,-0.419524,0.754404,0.567114,0.330539
0.627137,0.608959,0.822968,0.0304265,-0.790222,0.612065,0.655705,-0.446392,-0.608921,0.754404,0.419862,0.50457
0.674504,0.690083,0.72114,-0.303548,-0.760213,0.574399,0.683918,-0.593578,-0.424172,0.663411,0.264085,0.700103
0.674504,0.700383,0.804448,-0.303548,-0.910823,0.27975,0.683918,-0.412705,-0.601607,0.663411,0.00870943,0.748204
0.674504,0.681568,0.886255,-0.303548,-0.951574,-0.0486408,0.683918,-0.182055,-0.706479,0.663411,-0.247717,0.706061
0.674504,0.635909,0.956694,-0.303548,-0.877551,-0.371165,0.683918,0.0705547,-0.726139,0.663411,-0.474265,0.578756
0.674504,0.568911,1.00727,-0.303548,-0.697682,-0.648921,0.683918,0.314654,-0.658217,0.663411,-0.643609,0.381645
0.674504,0.488657,1.03188,-0.303548,-0.433663,-0.848407,0.683918,0.520801,-0.510903,0.663411,-0.735325,0.138501
0.674504,0.404825,1.02755,-0.303548,-0.117337,-0.945564,0.683918,0.664132,-0.301968,0.663411,-0.73835,-0.121347
0.674504,0.327528,0.99482,-0.303548,0.213141,-0.928671,0.683918,0.727359,-0.05661,0.663411,-0.652318,-0.366559
0.674504,0.266088,0.937622,-0.303548,0.517911,-0.799767,0.683918,0.702856,0.195576,0.663411,-0.487608,-0.567559
0.674504,0.227917,0.86286,-0.303548,0.760213,-0.574399,0.683918,0.593578,0.424172,0.663411,-0.264085,-0.700103
0.674504,0.217617,0.779552,-0.303548,0.910823,-0.27975,0.683918,0.412705,0.601607,0.663411,-0.00870943,-0.748204
0.674504,0.236432,0.697745,-0.303548,0.951574,0.0486408,0.683918,0.182055,0.706479,0.663411,0.247717,-0.706061
0.674504,0.282091,0.627306,-0.303548,0.877551,0.371165,0.683918,-0.0705547,0.726139,0.663411,0.474265,-0.578756
0.674504,0.349089,0.576732,-0.303548,0.697682,0.648921,0.683918,-0.314654,0.658217,0.663411,0.643609,-0.381645
0.674504,0.429343,0.552123,-0.303548,0.433663,0.848407,0.683918,-0.520801,0.510903,0.663411,0.735325,-0.138501
0.674504,0.513175,0.556446,-0.303548,0.117337,0.945564,0.683918,-0.664132,0.301968,0.663411,0.73835,0.121347
0.674504,0.590472,0.58918,-0.303548,-0.213141,0.928671,0.683918,-0.727359,0.05661,0.663411,0.652318,0.366559
0.674504,0.651912,0.646378,-0.303548,-0.517911,0.799767,0.683918,-0.702856,-0.195576,0.663411,0.487608,0.567559
0.674504,0.690083,0.72114,-0.303548,-0.760213,0.574399,0.683918,-0.593578,-0.424172,0.663411,0.264085,0.700103
0.763543,0.75622,0.638123,-0.60091,-0.66084,0.449663,0.629641,-0.737899,-0.243017,0.492402,0.137095,0.859503
0.763543,0.790925,0.749059,-0.60091,-0.77478,0.196525,0.629641,-0.610282,-0.480738,0.492402,-0.16514,0.854558
0.763543,0.785594,0.865173,-0.60091,-0.795271,-0.0803175,0.629641,-0.409056,-0.660474,0.492402,-0.447457,0.746541
0.763543,0.740871,0.972462,-0.60091,-0.71984,-0.347472,0.629641,-0.158491,-0.760548,0.492402,-0.675804,0.548479
0.763543,0.662151,1.05798,-0.60091,-0.557586,-0.572717,0.629641,0.11119,-0.768889,0.492402,-0.822639,0.284263
0.763543,0.558927,1.11143,-0.60091,-0.328078,-0.728884,0.629641,0.36746,-0.68449,0.492402,-0.870252,-0.0142389
0.763543,0.443651,1.12634,-0.60091,-0.059,-0.797136,0.629641,0.579408,-0.517531,0.492402,-0.812899,-0.311024
0.763543,0.330226,1.10093,-0.60091,0.217195,-0.769242,0.629641,0.721472,-0.288151,0.492402,-0.657499,-0.570295
0.763543,0.232333,1.03825,-0.60091,0.467192,-0.648566,0.629641,0.776515,-0.0240154,0.492402,-0.422795,-0.76078
0.763543,0.16178,0.945877,-0.60091,0.66084,-0.449663,0.629641,0.737899,0.243017,0.492402,-0.137095,-0.859503
0.763543,0.127075,0.834941,-0.60091,0.77478,-0.196525,0.629641,0.610282,0.480738,0.492402,0.16514,-0.854558
0.763543,0.132406,0.718827,-0.60091,0.795271,0.0803175,0.629641,0.409056,0.660474,0.492402,0.447457,-0.746541
0.763543,0.177129,0.611538,-0.60091,0.71984,0.347472,0.629641,0.158491,0.760548,0.492402,0.675804,-0.548479
0.763543,0.255849,0.526015,-0.60091,0.557586,0.572717,0.629641,-0.11119,0.768889,0.492402,0.822639,-0.284263
0.763543,0.359073,0.472575,-0.60091,0.328078,0.728884,0.629641,-0.36746,0.68449,0.492402,0.870252,0.0142389
0.763543,0.474349,0.457661,-0.60091,0.059,0.797136,0.629641,-0.579408,0.517531,0.492402,0.812899,0.311024
0.763543,0.587774,0.483074,-0.60091,-0.217195,0.769242,0.629641,-0.721472,0.288151,0.492402,0.657499,0.570295
0.763543,0.685667,0.545748,-0.60091,-0.467192,0.648566,0.629641,-0.776515,0.0240154,0.492402,0.422795,0.76078
0.763543,0.75622,0.638123,-0.60091,-0.66084,0.449663,0.629641,-0.737899,-0.243017,0.492402,0.137095,0.859503
0.883514,0.799393,0.583932,-0.825794,-0.504087,0.252904,0.499419,-0.86195,-0.0873063,0.262001,0.0542082,0.963544
0.883514,0.850029,0.712901,-0.825794,-0.560185,0.0652444,0.499419,-0.780108,-0.376845,0.262001,-0.278612,0.923975
0.883514,0.8535,0.851411,-0.825794,-0.548717,-0.130285,0.499419,-0.604173,-0.620931,0.262001,-0.577828,0.772962
0.883514,0.809389,0.982755,-0.825794,-0.471065,-0.3101,0.499419,-0.355366,-0.790124,0.262001,-0.807349,0.528718
0.883514,0.723016,1.09109,-0.825794,-0.336596,-0.452512,0.499419,-0.0636961,-0.864016,0.262001,-0.939492,0.220702
0.883514,0.604798,1.16335,-0.825794,-0.161528,-0.540345,0.499419,0.235656,-0.833695,0.262001,-0.958319,-0.113933
0.883514,0.468996,1.19082,-0.825794,0.0330219,-0.563004,0.499419,0.506585,-0.702818,0.262001,-0.861558,-0.434826
0.883514,0.331987,1.17019,-0.825794,0.223589,-0.517757,0.499419,0.716411,-0.48717,0.262001,-0.66088,-0.703273
0.883514,0.210298,1.10394,-0.825794,0.387188,-0.41006,0.499419,0.839829,-0.212763,0.262001,-0.380491,-0.886895
0.883514,0.118607,1.00007,-0.825794,0.504087,-0.252904,0.499419,0.86195,0.0873063,0.262001,-0.0542082,-0.963544
0.883514,0.0679714,0.871099,-0.825794,0.560185,-0.0652444,0.499419,0.780108,0.376845,0.262001,0.278612,-0.923975
0.883514,0.0645,0.732589,-0.825794,0.548717,0.130285,0.499419,0.604173,0.620931,0.262001,0.577828,-0.772962
0.883514,0.108611,0.601245,-0.825794,0.471065,0.3101,0.499419,0.355366,0.790124,0.262001,0.807349,-0.528718
0.883514,0.194984,0.492909,-0.825794,0.336596,0.452512,0.499419,0.0636961,0.864016,0.262001,0.939492,-0.220702
0.883514,0.313202,0.420647,-0.825794,0.161528,0.540345,0.499419,-0.235656,0.833695,0.262001,0.958319,0.113933
0.883514,0.449004,0.393177,-0.825794,-0.0330219,0.563004,0.499419,-0.506585,0.702818,0.262001,0.861558,0.434826
0.883514,0.586013,0.41381,-0.825794,-0.223589,0.517757,0.499419,-0.716411,0.48717,0.262001,0.66088,0.703273
0.883514,0.707702,0.480059,-0.825794,-0.387188,0.41006,0.499419,-0.839829,0.212763,0.262001,0.380491,0.886895
0.883514,0.799393,0.583932,-0.825794,-0.504087,0.252904,0.499419,-0.86195,-0.0873063,0.262001,0.0542082,0.963544
0.875863,0.205819,1.09682,0.985232,-0.166844,-0.0384931,-0.00862081,0.176188,-0.984319,0.17101,0.970114,0.172147
0.875863,0.116835,0.99184,0.985232,-0.143617,-0.0932358,-0.00862081,0.502219,-0.864697,0.17101,0.852731,0.493564
0.875863,0.0691209,0.86276,0.985232,-0.103067,-0.136733,-0.00862081,0.767676,-0.640781,0.17101,0.632496,0.75545
0.875863,0.068432,0.725146,0.985232,-0.0500862,-0.163738,-0.00862081,0.940539,-0.339576,0.17101,0.335973,0.926217
0.875863,0.114851,0.595596,0.985232,0.00893604,-0.170994,-0.00862081,0.999959,0.00258599,0.17101,-0.0010737,0.985269
0.875863,0.20278,0.489735,0.985232,0.0668805,-0.157625,-0.00862081,0.93877,0.344436,0.17101,-0.337991,0.925482
0.875863,0.321613,0.420331,0.985232,0.116758,-0.125245,-0.00862081,0.764351,0.644743,0.17101,-0.634141,0.754069
0.875863,0.457016,0.395757,0.985232,0.152553,-0.0777581,-0.00862081,0.49774,0.867283,0.17101,-0.853805,0.491704
0.875863,0.592659,0.418975,0.985232,0.169948,-0.0208925,-0.00862081,0.171094,0.985217,0.17101,-0.970487,0.170033
0.875863,0.712181,0.487185,0.985232,0.166844,0.0384931,-0.00862081,-0.176188,0.984319,0.17101,-0.970114,-0.172147
0.875863,0.801165,0.59216,0.985232,0.143617,0.0932358,-0.00862081,-0.502219,0.864697,0.17101,-0.852731,-0.493564
0.875863,0.848879,0.72124,0.985232,0.103067,0.136733,-0.00862081,-0.767676,0.640781,0.17101,-0.632496,-0.75545
0.875863,0.849568,0.858854,0.985232,0.0500862,0.163738,-0.00862081,-0.940539,0.339576,0.17101,-0.335973,-0.926217
0.875863,0.803149,0.988404,0.985232,-0.00893604,0.170994,-0.00862081,-0.999959,-0.00258599,0.17101,0.0010737,-0.985269
0.875863,0.71522,1.09427,0.985232,-0.0668805,0.157625,-0.00862081,-0.93877,-0.344436,0.17101,0.337991,-0.925482
0.875863,0.596387,1.16367,0.985232,-0.116758,0.125245,-0.00862081,-0.764351,-0.644743,0.17101,0.634141,-0.754069
0.875863,0.460984,1.18824,0.985232,-0.152553,0.0777581,-0.00862081,-0.49774,-0.867283,0.17101,0.853805,-0.491704
0.875863,0.325341,1.16503,0.985232,-0.169948,0.0208925,-0.00862081,-0.171094,-0.985217,0.17101,0.970487,-0.170033
0.875863,0.205819,1.09682,0.985232,-0.166844,-0.0384931,-0.00862081,0.176188,-0.984319,0.17101,0.970114,0.172147
0.749059,0.251424,1.03957,0.900555,-0.374037,0.221579,0.292759,0.144969,-0.945133,0.321393,0.916013,0.240056
0.749059,0.179268,0.953645,0.900555,-0.427264,0.0802877,0.292759,0.459481,-0.838552,0.321393,0.778667,0.538873
0.749059,0.140852,0.848223,0.900555,-0.428957,-0.0706873,0.292759,0.718573,-0.630829,0.321393,0.547402,0.772695
0.749059,0.140809,0.736019,0.900555,-0.378911,-0.213136,0.292759,0.890994,-0.347019,0.321393,0.250112,0.913318
0.749059,0.179145,0.630568,0.900555,-0.283163,-0.329878,0.292759,0.955948,-0.0213536,0.321393,-0.0773446,0.943782
0.749059,0.251235,0.544587,0.900555,-0.153262,-0.406832,0.292759,0.905601,0.306888,0.321393,-0.395473,0.860412
0.749059,0.348385,0.488449,0.900555,-0.00487426,-0.434715,0.292759,0.746024,0.598114,0.321393,-0.665901,0.673263
0.749059,0.458877,0.468923,0.900555,0.144101,-0.410166,0.292759,0.496467,0.817198,0.321393,-0.856012,0.404909
0.749059,0.569383,0.488364,0.900555,0.275696,-0.336144,0.292759,0.187028,0.937717,0.321393,-0.942875,0.0877165
0.749059,0.666576,0.544429,0.900555,0.374037,-0.221579,0.292759,-0.144969,0.945133,0.321393,-0.916013,-0.240056
0.749059,0.738732,0.630355,0.900555,0.427264,-0.0802877,0.292759,-0.459481,0.838552,0.321393,-0.778667,-0.538873
0.749059,0.777148,0.735777,0.900555,0.428957,0.0706873,0.292759,-0.718573,0.630829,0.321393,-0.547402,-0.772695
0.749059,0.777191,0.847981,0.900555,0.378911,0.213136,0.292759,-0.890994,0.347019,0.321393,-0.250112,-0.913318
0.749059,0.738855,0.953432,0.900555,0.283163,0.329878,0.292759,-0.955948,0.0213536,0.321393,0.0773446,-0.943782
0.749059,0.666765,1.03941,0.900555,0.153262,0.406832,0.292759,-0.905601,-0.306888,0.321393,0.395473,-0.860412
0.749059,0.569615,1.09555,0.900555,0.00487426,0.434715,0.292759,-0.746024,-0.598114,0.321393,0.665901,-0.673263
0.749059,0.459123,1.11508,0.900555,-0.144101,0.410166,0.292759,-0.496467,-0.817198,0.321393,0.856012,-0.404909
0.749059,0.348617,1.09564,0.900555,-0.275696,0.336144,0.292759,-0.187028,-0.937717,0.321393,0.942875,-0.0877165
0.749059,0.251424,1.03957,0.900555,-0.374037,0.221579,0.292759,0.144969,-0.945133,0.321393,0.916013,0.240056
0.654934,0.321303,0.951858,0.707258,-0.550689,0.443315,0.558827,0.051405,-0.827689,0.433011,0.833126,0.344097
0.654934,0.274932,0.895122,0.707258,-0.669101,0.228233,0.558827,0.331391,-0.760192,0.433011,0.665195,0.608291
0.654934,0.250763,0.825948,0.707258,-0.706809,-0.0143771,0.558827,0.571407,-0.601004,0.433011,0.417031,0.799116
0.654934,0.25171,0.75268,0.707258,-0.659266,-0.255253,0.558827,0.742502,-0.369327,0.433011,0.118567,0.893557
0.654934,0.27766,0.684154,0.707258,-0.532206,-0.465342,0.558827,0.824041,-0.0931027,0.433011,-0.194198,0.880221
0.654934,0.325481,0.628636,0.707258,-0.340954,-0.619303,0.558827,0.806188,0.194351,0.433011,-0.48354,0.760717
0.654934,0.389407,0.592822,0.707258,-0.108578,-0.698568,0.558827,0.691097,0.458363,0.433011,-0.714559,0.54946
0.654934,0.461727,0.581032,0.707258,0.136895,-0.693575,0.558827,0.49265,0.667089,0.433011,-0.859393,0.27193
0.654934,0.533718,0.594687,0.707258,0.365856,-0.604926,0.558827,0.234782,0.795355,0.433011,-0.900571,-0.0383991
0.654934,0.596697,0.632142,0.707258,0.550689,-0.443315,0.558827,-0.051405,0.827689,0.433011,-0.833126,-0.344097
0.654934,0.643068,0.688878,0.707258,0.669101,-0.228233,0.558827,-0.331391,0.760192,0.433011,-0.665195,-0.608291
0.654934,0.667237,0.758052,0.707258,0.706809,0.0143771,0.558827,-0.571407,0.601004,0.433011,-0.417031,-0.799116
0.654934,0.66629,0.83132,0.707258,0.659266,0.255253,0.558827,-0.742502,0.369327,0.433011,-0.118567,-0.893557
0.654934,0.64034,0.899846,0.707258,0.532206,0.465342,0.558827,-0.824041,0.0931027,0.433011,0.194198,-0.880221
0.654934,0.592519,0.955364,0.707258,0.340954,0.619303,0.558827,-0.806188,-0.194351,0.433011,0.48354,-0.760717
0.654934,0.528593,0.991178,0.707258,0.108578,0.698568,0.558827,-0.691097,-0.458363,0.433011,0.714559,-0.54946
