0.658953,0.247652,0.852451,0.308961,0.246299,0.918629,0.951075,-0.0800078,-0.298422,-3.49349e-06,0.965886,-0.258968
0.907818,0.12239,0.56672,0.92986,0.221899,-0.293465,-0.179072,0.969753,0.165866,0.321394,-0.10168,0.941471
0.907818,0.221048,0.465762,0.92986,0.308888,-0.199873,-0.179072,0.854541,0.487538,0.321394,-0.41755,0.849916
0.907818,0.348286,0.404635,0.92986,0.358621,-0.0821732,-0.179072,0.636258,0.750406,0.321394,-0.683057,0.655849
0.907818,0.488757,0.390713,0.92986,0.365098,0.045438,-0.179072,0.341233,0.922764,0.321394,-0.866177,0.382678
0.907818,0.625518,0.425674,0.92986,0.327539,0.167569,-0.179072,0.0050502,0.983823,0.321394,-0.944824,0.0633492
0.907818,0.742075,0.505302,0.92986,0.250474,0.269488,-0.179072,-0.331742,0.926218,0.321394,-0.909511,-0.26362
0.907818,0.824367,0.619993,0.92986,0.143199,0.338903,-0.179072,-0.628521,0.756898,0.321394,-0.764497,-0.558793
0.907818,0.86247,0.755912,0.92986,0.018651,0.367442,-0.179072,-0.849491,0.496285,0.321394,-0.527274,-0.786567
0.907818,0.851789,0.896667,0.92986,-0.108146,0.351661,-0.179072,-0.968,0.175813,0.321394,-0.226454,-0.91947
0.907818,0.79361,1.02528,0.92986,-0.221899,0.293465,-0.179072,-0.969753,-0.165866,0.321394,0.10168,-0.941471
0.907818,0.694952,1.12624,0.92986,-0.308888,0.199873,-0.179072,-0.854541,-0.487538,0.321394,0.41755,-0.849916
0.907818,0.567714,1.18736,0.92986,-0.358621,0.0821732,-0.179072,-0.636258,-0.750406,0.321394,0.683057,-0.655849
0.907818,0.427243,1.20129,0.92986,-0.365098,-0.045438,-0.179072,-0.341233,-0.922764,0.321394,0.866177,-0.382678
0.907818,0.290482,1.16633,0.92986,-0.327539,-0.167569,-0.179072,-0.0050502,-0.983823,0.321394,0.944824,-0.0633492
0.907818,0.173925,1.0867,0.92986,-0.250474,-0.269488,-0.179072,0.331742,-0.926218,0.321394,0.909511,0.26362
0.907818,0.0916328,0.972007,0.92986,-0.143199,-0.338903,-0.179072,0.628521,-0.756898,0.321394,0.764497,0.558793
0.907818,0.0535295,0.836088,0.92986,-0.018651,-0.367442,-0.179072,0.849491,-0.496285,0.321394,0.527274,0.786567
0.907818,0.0642113,0.695333,0.92986,0.108146,-0.351661,-0.179072,0.968,-0.175813,0.321394,0.226454,0.91947
0.907818,0.12239,0.56672,0.92986,0.221899,-0.293465,-0.179072,0.969753,0.165866,0.321394,-0.10168,0.941471
0.809114,0.137142,0.621743,0.796489,0.143069,-0.587483,-0.0275851,0.97919,0.201062,0.604023,-0.143938,0.783861
0.809114,0.216092,0.522512,0.796489,0.335372,-0.503121,-0.0275851,0.851371,0.523839,0.604023,-0.403354,0.687359
0.809114,0.324219,0.456268,0.796489,0.487224,-0.358075,-0.0275851,0.620863,0.783433,0.604023,-0.614119,0.507951
0.809114,0.448482,0.431,0.796489,0.580309,-0.16984,-0.0275851,0.31547,0.948534,0.604023,-0.750813,0.267277
0.809114,0.573894,0.449757,0.796489,0.603401,0.0388799,-0.0275851,-0.0279726,0.999228,0.604023,-0.796947,-0.00563501
0.809114,0.685326,0.510276,0.796489,0.553714,0.242911,-0.0275851,-0.368042,0.9294,0.604023,-0.746958,-0.277867
0.809114,0.76934,0.605258,0.796489,0.437241,0.417643,-0.0275851,-0.66372,0.747473,0.604023,-0.606875,-0.516584
0.809114,0.815802,0.723245,0.796489,0.26803,0.542001,-0.0275851,-0.879343,0.475389,0.604023,-0.393593,-0.692994
0.809114,0.819107,0.850009,0.796489,0.0664903,0.600986,-0.0275851,-0.988905,0.145967,0.604023,-0.132839,-0.785818
0.809114,0.778858,0.970257,0.796489,-0.143069,0.587483,-0.0275851,-0.97919,-0.201062,0.604023,0.143938,-0.783861
0.809114,0.699908,1.06949,0.796489,-0.335372,0.503121,-0.0275851,-0.851371,-0.523839,0.604023,0.403354,-0.687359
0.809114,0.591781,1.13573,0.796489,-0.487224,0.358075,-0.0275851,-0.620863,-0.783433,0.604023,0.614119,-0.507951
0.809114,0.467518,1.161,0.796489,-0.580309,0.16984,-0.0275851,-0.31547,-0.948534,0.604023,0.750813,-0.267277
0.809114,0.342106,1.14224,0.796489,-0.603401,-0.0388799,-0.0275851,0.0279726,-0.999228,0.604023,0.796947,0.00563501
0.809114,0.230674,1.08172,0.796489,-0.553714,-0.242911,-0.0275851,0.368042,-0.9294,0.604023,0.746958,0.277867
0.809114,0.14666,0.986742,0.796489,-0.437241,-0.417643,-0.0275851,0.66372,-0.747473,0.604023,0.606875,0.516584
0.809114,0.100198,0.868755,0.796489,-0.26803,-0.542001,-0.0275851,0.879343,-0.475389,0.604023,0.393593,0.692994
0.809114,0.0968927,0.741991,0.796489,-0.0664903,-0.600986,-0.0275851,0.988905,-0.145967,0.604023,0.132839,0.785818
0.809114,0.137142,0.621743,0.796489,0.143069,-0.587483,-0.0275851,0.97919,0.201062,0.604023,-0.143938,0.783861
0.735846,0.159747,0.706054,0.567051,0.080805,-0.81971,0.127229,0.97464,0.184091,0.813797,-0.20868,0.54239
0.735846,0.208498,0.60947,0.567051,0.356289,-0.742638,0.127229,0.852899,0.506336,0.813797,-0.381603,0.438307
0.735846,0.287342,0.535384,0.567051,0.588799,-0.575993,0.127229,0.628286,0.767509,0.813797,-0.5085,0.281358
0.735846,0.386769,0.492732,0.567051,0.750292,-0.339876,0.127229,0.327892,0.936109,0.813797,-0.574063,0.0904726
0.735846,0.494789,0.486659,0.567051,0.821288,-0.0627637,0.127229,-0.0120499,0.9918,0.813797,-0.570387,-0.111325
0.735846,0.598371,0.517897,0.567051,0.793225,0.221918,0.127229,-0.350539,0.927866,0.813797,-0.497913,-0.299695
0.735846,0.685022,0.582679,0.567051,0.669487,0.479834,0.127229,-0.646748,0.752017,0.813797,-0.365383,-0.451917
0.735846,0.744291,0.67319,0.567051,0.464999,0.679874,0.127229,-0.864949,0.485465,0.813797,-0.188783,-0.549632
0.735846,0.769029,0.778514,0.567051,0.204425,0.797912,0.127229,-0.978825,0.160357,0.813797,0.0105869,-0.581053
0.735846,0.756253,0.885946,0.567051,-0.080805,0.81971,0.127229,-0.97464,-0.184091,0.813797,0.20868,-0.54239
0.735846,0.707502,0.98253,0.567051,-0.356289,0.742638,0.127229,-0.852899,-0.506336,0.813797,0.381603,-0.438307
0.735846,0.628658,1.05662,0.567051,-0.588799,0.575993,0.127229,-0.628286,-0.767509,0.813797,0.5085,-0.281358
0.735846,0.529231,1.09927,0.567051,-0.750292,0.339876,0.127229,-0.327892,-0.936109,0.813797,0.574063,-0.0904726
0.735846,0.421211,1.10534,0.567051,-0.821288,0.0627637,0.127229,0.0120499,-0.9918,0.813797,0.570387,0.111325
0.735846,0.317629,1.0741,0.567051,-0.793225,-0.221918,0.127229,0.350539,-0.927866,0.813797,0.497913,0.299695
0.735846,0.230978,1.00932,0.567051,-0.669487,-0.479834,0.127229,0.646748,-0.752017,0.813797,0.365383,0.451917
0.735846,0.171709,0.91881,0.567051,-0.464999,-0.679874,0.127229,0.864949,-0.485465,0.813797,0.188783,0.549632
0.735846,0.146971,0.813486,0.567051,-0.204425,-0.797912,0.127229,0.978825,-0.160357,0.813797,-0.0105869,0.581053
0.735846,0.159747,0.706054,0.567051,0.080805,-0.81971,0.127229,0.97464,0.184091,0.813797,-0.20868,0.54239
0.696852,0.187479,0.809484,0.269218,0.0426183,-0.962136,0.266698,0.956652,0.117001,0.925416,-0.288098,0.246182
0.696852,0.199181,0.716147,0.269218,0.369118,-0.889536,0.266698,0.858942,0.437139,0.925416,-0.354923,0.1328
0.696852,0.242101,0.632442,0.269218,0.651097,-0.709644,0.266698,0.657631,0.704552,0.925416,-0.378939,0.0034
0.696852,0.311062,0.568464,0.269218,0.854543,-0.444159,0.266698,0.377,0.886985,0.925416,-0.357249,-0.12641
0.696852,0.397745,0.53193,0.269218,0.954919,-0.125102,0.266698,0.0508976,0.962435,0.925416,-0.292469,-0.240972
0.696852,0.491696,0.527247,0.269218,0.940118,0.209044,0.266698,-0.281344,0.921801,0.925416,-0.192414,-0.32647
0.696852,0.581583,0.55498,0.269218,0.811925,0.517976,0.266698,-0.579652,0.769985,0.925416,-0.0691503,-0.372591
0.696852,0.656564,0.611783,0.269218,0.585802,0.764433,0.266698,-0.808045,0.525296,0.925416,0.0624536,-0.373772
0.696852,0.707595,0.690805,0.269218,0.289022,0.918688,0.266698,-0.938975,0.217249,0.925416,0.186525,-0.32987
0.696852,0.728521,0.782516,0.269218,-0.0426183,0.962136,0.266698,-0.956652,-0.117001,0.925416,0.288098,-0.246182
0.696852,0.716819,0.875853,0.269218,-0.369118,0.889536,0.266698,-0.858942,-0.437139,0.925416,0.354923,-0.1328
0.696852,0.673899,0.959558,0.269218,-0.651097,0.709644,0.266698,-0.657631,-0.704552,0.925416,0.378939,-0.0034
0.696852,0.604938,1.02354,0.269218,-0.854543,0.444159,0.266698,-0.377,-0.886985,0.925416,0.357249,0.12641
0.696852,0.518255,1.06007,0.269218,-0.954919,0.125102,0.266698,-0.0508976,-0.962435,0.925416,0.292469,0.240972
0.696852,0.424304,1.06475,0.269218,-0.940118,-0.209044,0.266698,0.281344,-0.921801,0.925416,0.192414,0.32647
0.696852,0.334417,1.03702,0.269218,-0.811925,-0.517976,0.266698,0.579652,-0.769985,0.925416,0.0691503,0.372591
0.696852,0.259436,0.980217,0.269218,-0.585802,-0.764433,0.266698,0.808045,-0.525296,0.925416,-0.0624536,0.373772
0.696852,0.208405,0.901195,0.269218,-0.289022,-0.918688,0.266698,0.938975,-0.217249,0.925416,-0.186525,0.32987
0.696852,0.187479,0.809484,0.269218,0.0426183,-0.962136,0.266698,0.956652,0.117001,0.925416,-0.288098,0.246182
0.696834,0.216992,0.919559,-0.061087,0.0331143,-0.997583,0.373999,0.927396,0.00788266,0.925415,-0.372613,-0.0690366
0.696834,0.189266,0.829678,-0.061087,0.372311,-0.926096,0.373999,0.868771,0.324595,0.925415,-0.32653,-0.192314
0.696834,0.193955,0.735734,-0.061087,0.666601,-0.742907,0.373999,0.705359,0.602157,0.925415,-0.241062,-0.292396
0.696834,0.23049,0.64906,-0.061087,0.880489,-0.470114,0.373999,0.456871,0.80709,0.925415,-0.126519,-0.357211
0.696834,0.294467,0.580109,-0.061087,0.988178,-0.140617,0.373999,0.153278,0.914675,0.925415,0.00328413,-0.378941
0.696834,0.378169,0.537197,-0.061087,0.976677,0.20584,0.373999,-0.168803,0.911938,0.925415,0.132691,-0.354964
0.696834,0.471499,0.525501,-0.061087,0.847375,0.527469,0.373999,-0.470524,0.799207,0.925415,0.246094,-0.288174
0.696834,0.563201,0.546431,-0.061087,0.615867,0.785478,0.373999,-0.715493,0.59008,0.925415,0.329814,-0.186626
0.696834,0.642214,0.597463,-0.061087,0.310076,0.948747,0.373999,-0.874163,0.309781,0.925415,0.373754,-0.0625681
0.696834,0.699008,0.672441,-0.061087,-0.0331143,0.997583,0.373999,-0.927396,-0.00788266,0.925415,0.372613,0.0690366
0.696834,0.726734,0.762322,-0.061087,-0.372311,0.926096,0.373999,-0.868771,-0.324595,0.925415,0.32653,0.192314
0.696834,0.722045,0.856266,-0.061087,-0.666601,0.742907,0.373999,-0.705359,-0.602157,0.925415,0.241062,0.292396
0.696834,0.68551,0.94294,-0.061087,-0.880489,0.470114,0.373999,-0.456871,-0.80709,0.925415,0.126519,0.357211
0.696834,0.621533,1.01189,-0.061087,-0.988178,0.140617,0.373999,-0.153278,-0.914675,0.925415,-0.00328413,0.378941
0.696834,0.537831,1.0548,-0.061087,-0.976677,-0.20584,0.373999,0.168803,-0.911938,0.925415,-0.132691,0.354964
0.696834,0.444501,1.0665,-0.061087,-0.847375,-0.527469,0.373999,0.470524,-0.799207,0.925415,-0.246094,0.288174
0.696834,0.352799,1.04557,-0.061087,-0.615867,-0.785478,0.373999,0.715493,-0.59008,0.925415,-0.329814,0.186626
0.696834,0.273786,0.994537,-0.061087,-0.310076,-0.948747,0.373999,0.874163,-0.309781,0.925415,-0.373754,0.0625681
0.696834,0.216992,0.919559,-0.061087,0.0331143,-0.997583,0.373999,0.927396,0.00788266,0.925415,-0.372613,-0.0690366
0.735794,0.244726,1.023,-0.384024,0.0534395,-0.921775,0.43619,0.8904,-0.130102,0.813796,-0.452031,-0.365245
0.735794,0.179949,0.936368,-0.384024,0.365482,-0.847908,0.43619,0.8812,0.182279,0.813796,-0.29985,-0.497821
0.735794,0.148709,0.832803,-0.384024,0.633443,-0.671771,0.43619,0.765714,0.472674,0.813796,-0.111501,-0.570354
0.735794,0.154774,0.7248,-0.384024,0.825001,-0.414608,0.43619,0.557871,0.706058,0.813796,0.0902954,-0.574093
0.735794,0.197412,0.625385,-0.384024,0.917051,-0.107437,0.43619,0.282742,0.854281,0.813796,0.281201,-0.508588
0.735794,0.271482,0.546548,-0.384024,0.898492,0.212692,0.43619,-0.0264909,0.899465,0.813796,0.43819,-0.38174
0.735794,0.368048,0.497799,-0.384024,0.771561,0.507168,0.43619,-0.332528,0.83616,0.813796,0.542327,-0.208848
0.735794,0.475463,0.485017,-0.384024,0.551569,0.740471,0.43619,-0.598458,0.672002,0.813796,0.581051,-0.0107666
0.735794,0.580773,0.509744,-0.384024,0.265049,0.884463,0.43619,-0.792205,0.426791,0.813796,0.549692,0.188614
0.735794,0.671274,0.568998,-0.384024,-0.0534395,0.921775,0.43619,-0.8904,0.130102,0.813796,0.452031,0.365245
0.735794,0.736051,0.655632,-0.384024,-0.365482,0.847908,0.43619,-0.8812,-0.182279,0.813796,0.29985,0.497821
0.735794,0.767291,0.759197,-0.384024,-0.633443,0.671771,0.43619,-0.765714,-0.472674,0.813796,0.111501,0.570354
0.735794,0.761226,0.8672,-0.384024,-0.825001,0.414608,0.43619,-0.557871,-0.706058,0.813796,-0.0902954,0.574093
0.735794,0.718588,0.966615,-0.384024,-0.917051,0.107437,0.43619,-0.282742,-0.854281,0.813796,-0.281201,0.508588
0.735794,0.644518,1.04545,-0.384024,-0.898492,-0.212692,0.43619,0.0264909,-0.899465,0.813796,-0.43819,0.38174
0.735794,0.547952,1.0942,-0.384024,-0.771561,-0.507168,0.43619,0.332528,-0.83616,0.813796,-0.542327,0.208848
0.735794,0.440537,1.10698,-0.384024,-0.551569,-0.740471,0.43619,0.598458,-0.672002,0.813796,-0.581051,0.0107666
0.735794,0.335227,1.08226,-0.384024,-0.265049,-0.884463,0.43619,0.792205,-0.426791,0.813796,-0.549692,-0.188614
0.735794,0.244726,1.023,-0.384024,0.0534395,-0.921775,0.43619,0.8904,-0.130102,0.813796,-0.452031,-0.365245
0.809034,0.267337,1.10734,-0.660642,0.101142,-0.743857,0.44577,0.850127,-0.28031,0.604021,-0.516774,-0.606715
0.809034,0.172353,1.02335,-0.660642,0.349457,-0.664404,0.44577,0.894729,0.0273552,0.604021,-0.278099,-0.746873
0.809034,0.111822,0.911941,-0.660642,0.555621,-0.504814,0.44577,0.831415,0.331721,0.604021,-0.00588236,-0.796947
0.809034,0.0930446,0.786549,-0.660642,0.69477,-0.284336,0.44577,0.667819,0.596076,0.604021,0.267044,-0.750897
0.809034,0.118287,0.662297,-0.660642,0.750119,-0.0295635,0.44577,0.423674,0.788536,0.604021,0.507761,-0.614278
0.809034,0.184503,0.554171,-0.660642,0.714993,0.228775,0.44577,0.128429,0.885887,0.604021,0.687235,-0.403568
0.809034,0.283707,0.475214,-0.660642,0.593628,0.45952,0.44577,-0.182308,0.876386,0.604021,0.783818,-0.144181
0.809034,0.403934,0.434948,-0.660642,0.400662,0.63484,0.44577,-0.471055,0.761181,0.604021,0.785861,0.132595
0.809034,0.530682,0.43823,-0.660642,0.159371,0.733589,0.44577,-0.702986,0.554166,0.604021,0.693117,0.393379
0.809034,0.648663,0.484665,-0.660642,-0.101142,0.743857,0.44577,-0.850127,0.28031,0.604021,0.516774,0.606715
0.809034,0.743647,0.568651,-0.660642,-0.349457,0.664404,0.44577,-0.894729,-0.0273552,0.604021,0.278099,0.746873
0.809034,0.804178,0.680059,-0.660642,-0.555621,0.504814,0.44577,-0.831415,-0.331721,0.604021,0.00588236,0.796947
0.809034,0.822955,0.805451,-0.660642,-0.69477,0.284336,0.44577,-0.667819,-0.596076,0.604021,-0.267044,0.750897
0.809034,0.797713,0.929703,-0.660642,-0.750119,0.0295635,0.44577,-0.423674,-0.788536,0.604021,-0.507761,0.614278
0.809034,0.731497,1.03783,-0.660642,-0.714993,-0.228775,0.44577,-0.128429,-0.885887,0.604021,-0.687235,0.403568
0.809034,0.632293,1.11679,-0.660642,-0.593628,-0.45952,0.44577,0.182308,-0.876386,0.604021,-0.783818,0.144181
0.809034,0.512066,1.15705,-0.660642,-0.400662,-0.63484,0.44577,0.471055,-0.761181,0.604021,-0.785861,-0.132595
0.809034,0.385318,1.15377,-0.660642,-0.159371,-0.733589,0.44577,0.702986,-0.554166,0.604021,-0.693117,-0.393379
0.809034,0.267337,1.10734,-0.660642,0.101142,-0.743857,0.44577,0.850127,-0.28031,0.604021,-0.516774,-0.606715
0.90772,0.282098,1.16239,-0.857576,0.170469,-0.485286,0.401584,0.811434,-0.424624,0.321392,-0.559031,-0.764324
0.90772,0.167394,1.08013,-0.857576,0.326166,-0.397716,0.401584,0.907728,-0.12149,0.321392,-0.263903,-0.90943
0.90772,0.0877416,0.963601,-0.857576,0.442523,-0.262175,0.401584,0.894538,0.196298,0.321392,0.0630555,-0.944844
0.90772,0.0527479,0.826858,-0.857576,0.505505,-0.0950125,0.401584,0.773452,0.49041,0.321392,0.382409,-0.866297
0.90772,0.0666336,0.686393,-0.857576,0.507515,0.0836103,0.401584,0.559077,0.725371,0.321392,0.655638,-0.683262
0.90772,0.127724,0.559148,-0.857576,0.448312,0.252148,0.401584,0.277269,0.872841,0.321392,0.849787,-0.417815
0.90772,0.22865,0.46047,-0.857576,0.335036,0.390274,0.401584,-0.0379814,0.915034,0.321392,0.94144,-0.101973
0.90772,0.35724,0.402263,-0.857576,0.181349,0.481326,0.401584,-0.348651,0.846861,0.321392,0.919541,0.226168
0.90772,0.497982,0.391546,-0.857576,0.00578905,0.514324,0.401584,-0.617268,0.676543,0.321392,0.786732,0.52703
0.90772,0.633902,0.429612,-0.857576,-0.170469,0.485286,0.401584,-0.811434,0.424624,0.321392,0.559031,0.764324
0.90772,0.748606,0.51187,-0.857576,-0.326166,0.397716,0.401584,-0.907728,0.12149,0.321392,0.263903,0.90943
0.90772,0.828258,0.628399,-0.857576,-0.442523,0.262175,0.401584,-0.894538,-0.196298,0.321392,-0.0630555,0.944844
0.90772,0.863252,0.765142,-0.857576,-0.505505,0.0950125,0.401584,-0.773452,-0.49041,0.321392,-0.382409,0.866297
0.90772,0.849366,0.905607,-0.857576,-0.507515,-0.0836103,0.401584,-0.559077,-0.725371,0.321392,-0.655638,0.683262
0.90772,0.788276,1.03285,-0.857576,-0.448312,-0.252148,0.401584,-0.277269,-0.872841,0.321392,-0.849787,0.417815
0.90772,0.68735,1.13153,-0.857576,-0.335036,-0.390274,0.401584,0.0379814,-0.915034,0.321392,-0.94144,0.101973
0.90772,0.55876,1.18974,-0.857576,-0.181349,-0.481326,0.401584,0.348651,-0.846861,0.321392,-0.919541,-0.226168
0.90772,0.418018,1.20045,-0.857576,-0.00578905,-0.514324,0.401584,0.617268,-0.676543,0.321392,-0.786732,-0.52703
0.90772,0.282098,1.16239,-0.857576,0.170469,-0.485286,0.401584,0.811434,-0.424624,0.321392,-0.559031,-0.764324
0.883612,0.228994,0.469285,0.961642,0.192693,-0.195229,-0.0812368,0.879845,0.468266,0.262003,-0.434444,0.86175
0.883612,0.354547,0.410664,0.961642,0.247844,-0.117551,-0.0812368,0.666628,0.740951,0.262003,-0.70298,0.661191
0.883612,0.492579,0.398519,0.961642,0.273102,-0.0256937,-0.0812368,0.373005,0.924266,0.262003,-0.886726,0.380883
0.883612,0.62644,0.434317,0.961642,0.26542,0.0692623,-0.0812368,0.0343923,0.996101,0.262003,-0.963519,0.054635
0.883612,0.739985,0.513739,0.961642,0.225724,0.155864,-0.0812368,-0.308368,0.947792,0.262003,-0.924098,-0.278203
0.883612,0.819518,0.627206,0.961642,0.158802,0.223667,-0.0812368,-0.613935,0.785165,0.262003,-0.773217,-0.577485
0.883612,0.855447,0.761032,0.961642,0.072727,0.264491,-0.0812368,-0.845453,0.527835,0.262003,-0.529075,-0.807115
0.883612,0.843437,0.899076,0.961642,-0.0221204,0.273415,-0.0812368,-0.974996,0.206841,0.262003,-0.221118,-0.939394
0.883612,0.784939,1.02469,0.961642,-0.1143,0.24936,-0.0812368,-0.98694,-0.139101,0.262003,0.113508,-0.958369
0.883612,0.687006,1.12271,0.961642,-0.192693,0.195229,-0.0812368,-0.879845,-0.468266,0.262003,0.434444,-0.86175
0.883612,0.561453,1.18134,0.961642,-0.247844,0.117551,-0.0812368,-0.666628,-0.740951,0.262003,0.70298,-0.661191
0.883612,0.423421,1.19348,0.961642,-0.273102,0.0256937,-0.0812368,-0.373005,-0.924266,0.262003,0.886726,-0.380883
0.883612,0.28956,1.15768,0.961642,-0.26542,-0.0692623,-0.0812368,-0.0343923,-0.996101,0.262003,0.963519,-0.054635
0.883612,0.176015,1.07826,0.961642,-0.225724,-0.155864,-0.0812368,0.308368,-0.947792,0.262003,0.924098,0.278203
0.883612,0.096482,0.964794,0.961642,-0.158802,-0.223667,-0.0812368,0.613935,-0.785165,0.262003,0.773217,0.577485
0.883612,0.0605533,0.830968,0.961642,-0.072727,-0.264491,-0.0812368,0.845453,-0.527835,0.262003,0.529075,0.807115
0.883612,0.0725626,0.692924,0.961642,0.0221204,-0.273415,-0.0812368,0.974996,-0.206841,0.262003,0.221118,0.939394
0.883612,0.131061,0.567313,0.961642,0.1143,-0.24936,-0.0812368,0.98694,0.139101,0.262003,-0.113508,0.958369
0.883612,0.228994,0.469285,0.961642,0.192693,-0.195229,-0.0812368,0.879845,0.468266,0.262003,-0.434444,0.86175
0.763622,0.246929,0.536178,0.856221,0.109683,-0.504832,0.156285,0.876418,0.455484,0.492403,-0.468893,0.733266
0.763622,0.348522,0.479656,0.856221,0.275731,-0.436873,0.156285,0.667779,0.727768,0.492403,-0.691407,0.528673
0.763622,0.46332,0.46129,0.856221,0.408522,-0.316221,0.156285,0.378596,0.912272,0.492403,-0.830527,0.260315
0.763622,0.577477,0.483296,0.856221,0.492039,-0.157428,0.156285,0.0437481,0.986743,0.492403,-0.869473,-0.0394405
0.763622,0.677223,0.543017,0.856221,0.516209,0.0203537,0.156285,-0.296376,0.942197,0.492403,-0.803548,-0.334439
0.763622,0.750527,0.633253,0.856221,0.478117,0.19568,0.156285,-0.600753,0.784009,0.492403,-0.640703,-0.5891
0.763622,0.788549,0.743118,0.856221,0.382356,0.347405,0.156285,-0.83267,0.531258,0.492403,-0.40058,-0.772706
0.763622,0.786701,0.859361,0.856221,0.240478,0.457227,0.156285,-0.964155,0.21443,0.492403,-0.112141,-0.863113
0.763622,0.745207,0.967962,0.856221,0.0695943,0.511901,0.156285,-0.979349,-0.128263,0.492403,0.189824,-0.849415
0.763622,0.669071,1.05582,0.856221,-0.109683,0.504832,0.156285,-0.876418,-0.455484,0.492403,0.468893,-0.733266
0.763622,0.567478,1.11234,0.856221,-0.275731,0.436873,0.156285,-0.667779,-0.727768,0.492403,0.691407,-0.528673
0.763622,0.45268,1.13071,0.856221,-0.408522,0.316221,0.156285,-0.378596,-0.912272,0.492403,0.830527,-0.260315
0.763622,0.338523,1.1087,0.856221,-0.492039,0.157428,0.156285,-0.0437481,-0.986743,0.492403,0.869473,0.0394405
0.763622,0.238777,1.04898,0.856221,-0.516209,-0.0203537,0.156285,0.296376,-0.942197,0.492403,0.803548,0.334439
0.763622,0.165473,0.958747,0.856221,-0.478117,-0.19568,0.156285,0.600753,-0.784009,0.492403,0.640703,0.5891
0.763622,0.127451,0.848882,0.856221,-0.382356,-0.347405,0.156285,0.83267,-0.531258,0.492403,0.40058,0.772706
0.763622,0.129299,0.732639,0.856221,-0.240478,-0.457227,0.156285,0.964155,-0.21443,0.492403,0.112141,0.863113
0.763622,0.170793,0.624038,0.856221,-0.0695943,-0.511901,0.156285,0.979349,0.128263,0.492403,-0.189824,0.849415
0.763622,0.246929,0.536178,0.856221,0.109683,-0.504832,0.156285,0.876418,0.455484,0.492403,-0.468893,0.733266
0.674556,0.27441,0.638675,0.647527,0.0410172,-0.760938,0.374957,0.85216,0.365007,0.663413,-0.521671,0.536417
0.674556,0.33929,0.585371,0.647527,0.2988,-0.701019,0.374957,0.675928,0.634451,0.663413,-0.673676,0.325645
0.674556,0.418488,0.557472,0.647527,0.520543,-0.556547,0.374957,0.41817,0.82737,0.663413,-0.744425,0.075595
0.674556,0.502452,0.558344,0.647527,0.6795,-0.344947,0.374957,0.109974,0.920496,0.663413,-0.725386,-0.183572
0.674556,0.581055,0.58788,0.647527,0.7565,-0.0917414,0.374957,-0.211486,0.902597,0.663413,-0.618854,-0.420598
0.674556,0.644815,0.642518,0.647527,0.742255,0.17253,0.374957,-0.507438,0.775831,0.663413,-0.43768,-0.606894
0.674556,0.686043,0.715669,0.647527,0.638483,0.415991,0.374957,-0.742186,0.555488,0.663413,-0.203715,-0.719989
0.674556,0.699765,0.798508,0.647527,0.457701,0.609278,0.374957,-0.887415,0.268146,0.663413,0.0548216,-0.746243
0.674556,0.684327,0.881046,0.647527,0.221713,0.729077,0.374957,-0.925608,-0.051539,0.663413,0.306745,-0.682489
0.674556,0.64159,0.953325,0.647527,-0.0410172,0.760938,0.374957,-0.85216,-0.365007,0.663413,0.521671,-0.536417
0.674556,0.57671,1.00663,0.647527,-0.2988,0.701019,0.374957,-0.675928,-0.634451,0.663413,0.673676,-0.325645
0.674556,0.497512,1.03453,0.647527,-0.520543,0.556547,0.374957,-0.41817,-0.82737,0.663413,0.744425,-0.075595
0.674556,0.413548,1.03366,0.647527,-0.6795,0.344947,0.374957,-0.109974,-0.920496,0.663413,0.725386,0.183572
0.674556,0.334945,1.00412,0.647527,-0.7565,0.0917414,0.374957,0.211486,-0.902597,0.663413,0.618854,0.420598
0.674556,0.271185,0.949482,0.647527,-0.742255,-0.17253,0.374957,0.507438,-0.775831,0.663413,0.43768,0.606894
0.674556,0.229957,0.876331,0.647527,-0.638483,-0.415991,0.374957,0.742186,-0.555488,0.663413,0.203715,0.719989
0.674556,0.216235,0.793492,0.647527,-0.457701,-0.609278,0.374957,0.887415,-0.268146,0.663413,-0.0548216,0.746243
0.674556,0.231673,0.710954,0.647527,-0.221713,-0.729077,0.374957,0.925608,0.051539,0.663413,-0.306745,0.682489
0.674556,0.27441,0.638675,0.647527,0.0410172,-0.760938,0.374957,0.85216,0.365007,0.663413,-0.521671,0.536417
0.627155,0.308122,0.764414,0.360731,-0.00502313,-0.932656,0.548404,0.809996,0.207748,0.754404,-0.586414,0.294946
0.627155,0.327964,0.715058,0.360731,0.314267,-0.878128,0.548404,0.690093,0.472255,0.754404,-0.651926,0.0765931
0.627155,0.36349,0.675464,0.360731,0.595652,-0.717685,0.548404,0.486955,0.6798,0.754404,-0.638806,-0.150998
0.627155,0.410415,0.650409,0.360731,0.805192,-0.470678,0.548404,0.225083,0.805351,0.754404,-0.548637,-0.360376
0.627155,0.46308,0.642915,0.360731,0.917615,-0.166901,0.548404,-0.0639378,0.833766,0.754404,-0.392295,-0.526288
0.627155,0.515132,0.653884,0.360731,0.919359,0.157007,0.548404,-0.345246,0.761615,0.754404,-0.188635,-0.628721
0.627155,0.560293,0.681995,0.360731,0.810216,0.461978,0.548404,-0.584913,0.597603,0.754404,0.0377763,-0.655322
0.627155,0.593116,0.723857,0.360731,0.603348,0.711227,0.548404,-0.754031,0.361511,0.754404,0.259631,-0.602881
0.627155,0.609642,0.77442,0.360731,0.323707,0.874692,0.548404,-0.832202,0.0818155,0.754404,0.450171,-0.477724
0.627155,0.607878,0.827586,0.360731,0.00502313,0.932656,0.548404,-0.809996,-0.207748,0.754404,0.586414,-0.294946
0.627155,0.588036,0.876942,0.360731,-0.314267,0.878128,0.548404,-0.690093,-0.472255,0.754404,0.651926,-0.0765931
0.627155,0.55251,0.916536,0.360731,-0.595652,0.717685,0.548404,-0.486955,-0.6798,0.754404,0.638806,0.150998
0.627155,0.505585,0.941591,0.360731,-0.805192,0.470678,0.548404,-0.225083,-0.805351,0.754404,0.548637,0.360376
0.627155,0.45292,0.949085,0.360731,-0.917615,0.166901,0.548404,0.0639378,-0.833766,0.754404,0.392295,0.526288
0.627155,0.400868,0.938116,0.360731,-0.919359,-0.157007,0.548404,0.345246,-0.761615,0.754404,0.188635,0.628721
0.627155,0.355707,0.910005,0.360731,-0.810216,-0.461978,0.548404,0.584913,-0.597603,0.754404,-0.0377763,0.655322
0.627155,0.322884,0.868143,0.360731,-0.603348,-0.711227,0.548404,0.754031,-0.361511,0.754404,-0.259631,0.602881
0.627155,0.306358,0.81758,0.360731,-0.323707,-0.874692,0.548404,0.832202,-0.0818155,0.754404,-0.450171,0.477724
0.627155,0.308122,0.764414,0.360731,-0.00502313,-0.932656,0.548404,0.809996,0.207748,0.754404,-0.586414,0.294946
0.627137,0.344,0.898229,0.0304265,-0.0228847,-0.999275,0.655705,0.755013,0.00267453,0.754404,-0.655311,0.037978
0.627137,0.315911,0.853074,0.0304265,0.320268,-0.946838,0.655705,0.708565,0.260743,0.754404,-0.62878,-0.188442
0.627137,0.304959,0.801035,0.0304265,0.624791,-0.780199,0.655705,0.576654,0.487362,0.754404,-0.526409,-0.392133
0.627137,0.312467,0.748388,0.0304265,0.853955,-0.519456,0.655705,0.37519,0.655197,0.754404,-0.360545,-0.548527
0.627137,0.337528,0.701484,0.0304265,0.98012,-0.196059,0.655705,0.128473,0.744007,0.754404,-0.151195,-0.63876
0.627137,0.377119,0.66598,0.0304265,0.988068,0.150985,0.655705,-0.13374,0.743078,0.754404,0.0763925,-0.65195
0.627137,0.426466,0.646159,0.0304265,0.87684,0.479819,0.655705,-0.379823,0.652523,0.754404,0.294765,-0.586505
0.627137,0.479617,0.64441,0.0304265,0.659852,0.750779,0.655705,-0.580092,0.483264,0.754404,0.477585,-0.450318
0.627137,0.53016,0.660946,0.0304265,0.363277,0.931184,0.655705,-0.710395,0.255716,0.754404,0.602801,-0.259817
0.627137,0.572,0.693771,0.0304265,0.0228847,0.999275,0.655705,-0.755013,-0.00267453,0.754404,0.655311,-0.037978
0.627137,0.600089,0.738926,0.0304265,-0.320268,0.946838,0.655705,-0.708565,-0.260743,0.754404,0.62878,0.188442
0.627137,0.611041,0.790965,0.0304265,-0.624791,0.780199,0.655705,-0.576654,-0.487362,0.754404,0.526409,0.392133
0.627137,0.603533,0.843612,0.0304265,-0.853955,0.519456,0.655705,-0.37519,-0.655197,0.754404,0.360545,0.548527
0.627137,0.578472,0.890516,0.0304265,-0.98012,0.196059,0.655705,-0.128473,-0.744007,0.754404,0.151195,0.63876
0.627137,0.538881,0.92602,0.0304265,-0.988068,-0.150985,0.655705,0.13374,-0.743078,0.754404,-0.0763925,0.65195
0.627137,0.489534,0.945841,0.0304265,-0.87684,-0.479819,0.655705,0.379823,-0.652523,0.754404,-0.294765,0.586505
0.627137,0.436383,0.94759,0.0304265,-0.659852,-0.750779,0.655705,0.580092,-0.483264,0.754404,-0.477585,0.450318
0.627137,0.38584,0.931054,0.0304265,-0.363277,-0.931184,0.655705,0.710395,-0.255716,0.754404,-0.602801,0.259817
0.627137,0.344,0.898229,0.0304265,-0.0228847,-0.999275,0.655705,0.755013,0.00267453,0.754404,-0.655311,0.037978
0.674504,0.377716,1.02398,-0.303548,-0.0104131,-0.952759,0.683918,0.693841,-0.225479,0.663411,-0.720053,-0.203493
0.674504,0.304584,0.982773,-0.303548,0.316078,-0.898862,0.683918,0.729116,0.0254268,0.663411,-0.60703,-0.437493
0.674504,0.249956,0.919038,-0.303548,0.604445,-0.736549,0.683918,0.676448,0.273266,0.663411,-0.42079,-0.618725
0.674504,0.220421,0.840463,-0.303548,0.819907,-0.485398,0.683918,0.542191,0.488145,0.663411,-0.183797,-0.72533
0.674504,0.219542,0.756524,-0.303548,0.936476,-0.1757,0.683918,0.342538,0.644146,0.663411,0.0753652,-0.74445
0.674504,0.247424,0.677348,-0.303548,0.940093,0.15519,0.683918,0.101569,0.722454,0.663411,0.325437,-0.673777
0.674504,0.300705,0.612482,-0.303548,0.83032,0.467362,0.683918,-0.15165,0.713623,0.663411,0.536256,-0.521838
0.674504,0.372958,0.569751,-0.303548,0.620399,0.723162,0.683918,-0.386578,0.618719,0.663411,0.682395,-0.306957
0.674504,0.455468,0.55431,-0.303548,0.335648,0.891739,0.683918,-0.574879,0.449188,0.663411,0.746227,-0.0550521
0.674504,0.538284,0.568019,-0.303548,0.0104131,0.952759,0.683918,-0.693841,0.225479,0.663411,0.720053,0.203493
0.674504,0.611416,0.609227,-0.303548,-0.316078,0.898862,0.683918,-0.729116,-0.0254268,0.663411,0.60703,0.437493
0.674504,0.666044,0.672962,-0.303548,-0.604445,0.736549,0.683918,-0.676448,-0.273266,0.663411,0.42079,0.618725
0.674504,0.695579,0.751537,-0.303548,-0.819907,0.485398,0.683918,-0.542191,-0.488145,0.663411,0.183797,0.72533
0.674504,0.696458,0.835476,-0.303548,-0.936476,0.1757,0.683918,-0.342538,-0.644146,0.663411,-0.0753652,0.74445
0.674504,0.668576,0.914652,-0.303548,-0.940093,-0.15519,0.683918,-0.101569,-0.722454,0.663411,-0.325437,0.673777
0.674504,0.615295,0.979518,-0.303548,-0.83032,-0.467362,0.683918,0.15165,-0.713623,0.663411,-0.536256,0.521838
0.674504,0.543042,1.02225,-0.303548,-0.620399,-0.723162,0.683918,0.386578,-0.618719,0.663411,-0.682395,0.306957
0.674504,0.460532,1.03769,-0.303548,-0.335648,-0.891739,0.683918,0.574879,-0.449188,0.663411,-0.746227,0.0550521
0.674504,0.377716,1.02398,-0.303548,-0.0104131,-0.952759,0.683918,0.693841,-0.225479,0.663411,-0.720053,-0.203493
0.763543,0.405203,1.1265,-0.60091,0.0308875,-0.798719,0.629641,0.63386,-0.449193,0.492402,-0.772831,-0.400341
0.763543,0.29535,1.08851,-0.60091,0.302203,-0.739986,0.629641,0.749266,-0.205311,0.492402,-0.589299,-0.640521
0.763543,0.205114,1.01524,-0.60091,0.537068,-0.592,0.629641,0.774301,0.0633352,0.492402,-0.334689,-0.803445
0.763543,0.14538,0.915527,-0.60091,0.707155,-0.37261,0.629641,0.705943,0.324342,0.492402,-0.03971,-0.869462
0.763543,0.123353,0.801396,-0.60091,0.791949,-0.108278,0.629641,0.552438,0.546228,0.492402,0.260058,-0.830608
0.763543,0.141689,0.686615,-0.60091,0.781221,0.169114,0.629641,0.3323,0.702232,0.492402,0.52846,-0.691572
0.763543,0.198177,0.585027,-0.60091,0.676267,0.426109,0.629641,0.0720829,0.773535,0.492402,0.733121,-0.469121
0.763543,0.286003,0.508885,-0.60091,0.489746,0.631709,0.629641,-0.196829,0.751539,0.492402,0.849357,-0.190087
0.763543,0.394575,0.467374,-0.60091,0.244153,0.761115,0.629641,-0.442,0.638896,0.492402,0.863148,0.111874
0.763543,0.510797,0.4655,-0.60091,-0.0308875,0.798719,0.629641,-0.63386,0.449193,0.492402,0.772831,0.400341
0.763543,0.62065,0.503489,-0.60091,-0.302203,0.739986,0.629641,-0.749266,0.205311,0.492402,0.589299,0.640521
0.763543,0.710886,0.576759,-0.60091,-0.537068,0.592,0.629641,-0.774301,-0.0633352,0.492402,0.334689,0.803445
0.763543,0.77062,0.676473,-0.60091,-0.707155,0.37261,0.629641,-0.705943,-0.324342,0.492402,0.03971,0.869462
0.763543,0.792647,0.790604,-0.60091,-0.791949,0.108278,0.629641,-0.552438,-0.546228,0.492402,-0.260058,0.830608
0.763543,0.774311,0.905385,-0.60091,-0.781221,-0.169114,0.629641,-0.3323,-0.702232,0.492402,-0.52846,0.691572
0.763543,0.717823,1.00697,-0.60091,-0.676267,-0.426109,0.629641,-0.0720829,-0.773535,0.492402,-0.733121,0.469121
0.763543,0.629997,1.08311,-0.60091,-0.489746,-0.631709,0.629641,0.196829,-0.751539,0.492402,-0.849357,0.190087
0.763543,0.521425,1.12463,-0.60091,-0.244153,-0.761115,0.629641,0.442,-0.638896,0.492402,-0.863148,-0.111874
0.763543,0.405203,1.1265,-0.60091,0.0308875,-0.798719,0.629641,0.63386,-0.449193,0.492402,-0.772831,-0.400341
0.883514,0.423147,1.19342,-0.825794,0.0960355,-0.555735,0.499419,0.582303,-0.641485,0.262001,-0.80728,-0.528825
0.883514,0.289322,1.15754,-0.825794,0.280316,-0.489374,0.499419,0.766587,-0.40364,0.262001,-0.577726,-0.773038
0.883514,0.175842,1.07804,-0.825794,0.430787,-0.363987,0.499419,0.858409,-0.117109,0.262001,-0.27849,-0.924012
0.883514,0.0963947,0.964528,-0.825794,0.529298,-0.194698,0.499419,0.846694,0.183547,0.262001,0.0543357,-0.963537
0.883514,0.0605623,0.830688,-0.825794,0.563968,-0.00192584,0.499419,0.732856,0.462064,0.262001,0.380608,-0.886845
0.883514,0.0726668,0.692664,-0.825794,0.530616,0.191079,0.499419,0.530624,0.684849,0.262001,0.660973,-0.703186
0.883514,0.131248,0.567104,-0.825794,0.433263,0.361037,0.499419,0.264391,0.825032,0.262001,0.861615,-0.434712
0.883514,0.229241,0.469153,-0.825794,0.283652,0.487448,0.499419,-0.0337313,0.865704,0.262001,0.958334,-0.113806
0.883514,0.354825,0.410624,-0.825794,0.0998287,0.555066,0.499419,-0.327785,0.801958,0.262001,0.939463,0.220827
0.883514,0.492853,0.398577,-0.825794,-0.0960355,0.555735,0.499419,-0.582303,0.641485,0.262001,0.80728,0.528825
0.883514,0.626678,0.434465,-0.825794,-0.280316,0.489374,0.499419,-0.766587,0.40364,0.262001,0.577726,0.773038
0.883514,0.740158,0.51396,-0.825794,-0.430787,0.363987,0.499419,-0.858409,0.117109,0.262001,0.27849,0.924012
0.883514,0.819605,0.627472,-0.825794,-0.529298,0.194698,0.499419,-0.846694,-0.183547,0.262001,-0.0543357,0.963537
0.883514,0.855438,0.761312,-0.825794,-0.563968,0.00192584,0.499419,-0.732856,-0.462064,0.262001,-0.380608,0.886845
0.883514,0.843333,0.899336,-0.825794,-0.530616,-0.191079,0.499419,-0.530624,-0.684849,0.262001,-0.660973,0.703186
0.883514,0.784752,1.0249,-0.825794,-0.433263,-0.361037,0.499419,-0.264391,-0.825032,0.262001,-0.861615,0.434712
0.883514,0.686759,1.12285,-0.825794,-0.283652,-0.487448,0.499419,0.0337313,-0.865704,0.262001,-0.958334,0.113806
0.883514,0.561175,1.18138,-0.825794,-0.0998287,-0.555066,0.499419,0.327785,-0.801958,0.262001,-0.939463,-0.220827
0.883514,0.423147,1.19342,-0.825794,0.0960355,-0.555735,0.499419,0.582303,-0.641485,0.262001,-0.80728,-0.528825
0.875863,0.363218,0.411254,0.985232,0.130084,-0.111341,-0.00862081,0.687115,0.726497,0.17101,-0.714808,0.678089
0.875863,0.500525,0.40204,0.985232,0.16032,-0.0601354,-0.00862081,0.3972,0.917691,0.17101,-0.90362,0.392717
0.875863,0.632703,0.440343,0.985232,0.171219,-0.00167607,-0.00862081,0.0593774,0.998198,0.17101,-0.983442,0.0599766
0.875863,0.743809,0.521544,0.985232,0.161467,0.0569854,-0.00862081,-0.285607,0.958308,0.17101,-0.944646,-0.279997
0.875863,0.820442,0.635848,0.985232,0.132239,0.108774,-0.00862081,-0.596144,0.802831,0.17101,-0.791913,-0.5862
0.875863,0.853359,0.769469,0.985232,0.087061,0.147442,-0.00862081,-0.834776,0.550522,0.17101,-0.543662,-0.821698
0.875863,0.83859,0.906289,0.985232,0.0313825,0.168327,-0.00862081,-0.972723,0.231811,0.17101,-0.229838,-0.958087
0.875863,0.777917,1.02981,0.985232,-0.0280813,0.168909,-0.00862081,-0.993344,-0.11486,0.17101,0.111708,-0.978916
0.875863,0.678656,1.12513,0.985232,-0.084158,0.149118,-0.00862081,-0.894154,-0.447677,0.17101,0.43978,-0.881674
0.875863,0.552782,1.18075,0.985232,-0.130084,0.111341,-0.00862081,-0.687115,-0.726497,0.17101,0.714808,-0.678089
0.875863,0.415475,1.18996,0.985232,-0.16032,0.0601354,-0.00862081,-0.3972,-0.917691,0.17101,0.90362,-0.392717
0.875863,0.283297,1.15166,0.985232,-0.171219,0.00167607,-0.00862081,-0.0593774,-0.998198,0.17101,0.983442,-0.0599766
0.875863,0.172191,1.07046,0.985232,-0.161467,-0.0569854,-0.00862081,0.285607,-0.958308,0.17101,0.944646,0.279997
0.875863,0.0955582,0.956152,0.985232,-0.132239,-0.108774,-0.00862081,0.596144,-0.802831,0.17101,0.791913,0.5862
0.875863,0.0626409,0.822531,0.985232,-0.087061,-0.147442,-0.00862081,0.834776,-0.550522,0.17101,0.543662,0.821698
0.875863,0.0774097,0.685711,0.985232,-0.0313825,-0.168327,-0.00862081,0.972723,-0.231811,0.17101,0.229838,0.958087
0.875863,0.138083,0.562192,0.985232,0.0280813,-0.168909,-0.00862081,0.993344,0.11486,0.17101,-0.111708,0.978916
0.875863,0.237344,0.466875,0.985232,0.084158,-0.149118,-0.00862081,0.894154,0.447677,0.17101,-0.43978,0.881674
0.875863,0.363218,0.411254,0.985232,0.130084,-0.111341,-0.00862081,0.687115,0.726497,0.17101,-0.714808,0.678089
0.749059,0.382172,0.481947,0.900555,0.0439729,-0.432513,0.292759,0.674141,0.678105,0.321393,-0.737293,0.594227
0.749059,0.494158,0.474952,0.900555,0.189249,-0.39139,0.292759,0.401559,0.86778,0.321393,-0.896066,0.306222
0.749059,0.601782,0.50668,0.900555,0.311699,-0.303059,0.292759,0.080544,0.952788,0.321393,-0.946761,-0.0187183
0.749059,0.692064,0.573305,0.900555,0.396554,-0.178175,0.292759,-0.250186,0.922876,0.321393,-0.883262,-0.341401
0.749059,0.754114,0.666789,0.900555,0.433578,-0.0318003,0.292759,-0.55074,0.781651,0.321393,-0.713229,-0.622905
0.749059,0.780449,0.775859,0.900555,0.418306,0.11841,0.292759,-0.784867,0.546147,0.321393,-0.45717,-0.829278
0.749059,0.767892,0.887358,0.900555,0.352581,0.254338,0.292759,-0.924327,0.24477,0.321393,-0.145969,-0.935628
0.749059,0.717957,0.987837,0.900555,0.244329,0.359589,0.292759,-0.952299,-0.0861295,0.321393,0.182837,-0.929127
0.749059,0.636667,1.06518,0.900555,0.106607,0.421469,0.292759,-0.865411,-0.406641,0.321393,0.489591,-0.81056
0.749059,0.533828,1.11005,0.900555,-0.0439729,0.432513,0.292759,-0.674141,-0.678105,0.321393,0.737293,-0.594227
0.749059,0.421842,1.11705,0.900555,-0.189249,0.39139,0.292759,-0.401559,-0.86778,0.321393,0.896066,-0.306222
0.749059,0.314218,1.08532,0.900555,-0.311699,0.303059,0.292759,-0.080544,-0.952788,0.321393,0.946761,0.0187183
0.749059,0.223936,1.0187,0.900555,-0.396554,0.178175,0.292759,0.250186,-0.922876,0.321393,0.883262,0.341401
0.749059,0.161886,0.925211,0.900555,-0.433578,0.0318003,0.292759,0.55074,-0.781651,0.321393,0.713229,0.622905
0.749059,0.135551,0.816141,0.900555,-0.418306,-0.11841,0.292759,0.784867,-0.546147,0.321393,0.45717,0.829278
0.749059,0.148108,0.704642,0.900555,-0.352581,-0.254338,0.292759,0.924327,-0.24477,0.321393,0.145969,0.935628
0.749059,0.198043,0.604163,0.900555,-0.244329,-0.359589,0.292759,0.952299,0.0861295,0.321393,-0.182837,0.929127
0.749059,0.279333,0.526821,0.900555,-0.106607,-0.421469,0.292759,0.865411,0.406641,0.321393,-0.489591,0.81056
0.749059,0.382172,0.481947,0.900555,0.0439729,-0.432513,0.292759,0.674141,0.678105,0.321393,-0.737293,0.594227
0.654934,0.411214,0.590267,0.707258,-0.0294451,-0.706342,0.558827,0.635254,0.53307,0.433011,-0.771741,0.465743
0.654934,0.484401,0.586672,0.707258,0.213914,-0.673815,0.558827,0.414623,0.718192,0.433011,-0.884493,0.173705
0.654934,0.554403,0.608326,0.707258,0.431472,-0.560016,0.558827,0.143982,0.816689,0.433011,-0.890562,-0.139286
0.654934,0.612778,0.652616,0.707258,0.596988,-0.378671,0.558827,-0.144025,0.816682,0.433011,-0.789216,-0.435476
0.654934,0.652484,0.7142,0.707258,0.690498,-0.151653,0.558827,-0.414661,0.71817,0.433011,-0.592679,-0.679141
0.654934,0.668732,0.78565,0.707258,0.700724,0.0936572,0.558827,-0.635282,0.533037,0.433011,-0.324656,-0.840892
0.654934,0.659563,0.858349,0.707258,0.626433,0.327671,0.558827,-0.779279,0.283611,0.433011,-0.0174749,-0.901219
0.654934,0.626083,0.923528,0.707258,0.476584,0.522163,0.558827,-0.829284,-2.17709e-05,0.433011,0.291814,-0.852846
0.654934,0.572329,0.973325,0.707258,0.269253,0.653674,0.558827,-0.779265,-0.283652,0.433011,0.565906,-0.701607
0.654934,0.504786,1.00173,0.707258,0.0294451,0.706342,0.558827,-0.635254,-0.53307,0.433011,0.771741,-0.465743
0.654934,0.431599,1.00533,0.707258,-0.213914,0.673815,0.558827,-0.414623,-0.718192,0.433011,0.884493,-0.173705
0.654934,0.361597,0.983674,0.707258,-0.431472,0.560016,0.558827,-0.143982,-0.816689,0.433011,0.890562,0.139286
0.654934,0.303222,0.939384,0.707258,-0.596988,0.378671,0.558827,0.144025,-0.816682,0.433011,0.789216,0.435476
0.654934,0.263516,0.8778,0.707258,-0.690498,0.151653,0.558827,0.414661,-0.71817,0.433011,0.592679,0.679141
0.654934,0.247268,0.80635,0.707258,-0.700724,-0.0936572,0.558827,0.635282,-0.533037,0.433011,0.324656,0.840892
0.654934,0.256437,0.733651,0.707258,-0.626433,-0.327671,0.558827,0.779279,-0.283611,0.433011,0.0174749,0.901219
0.654934,0.289917,0.668472,0.707258,-0.476584,-0.522163,0.558827,0.829284,2.17709e-05,0.433011,-0.291814,0.852846
