0.658953,0.566165,1.03483,0.308961,0.676306,-0.668696,0.951075,-0.219703,0.217226,-3.49349e-06,-0.703094,-0.711097
0.907818,0.379888,1.2851,0.92986,-0.364828,-0.0475596,-0.179072,-0.335863,-0.924732,0.321394,0.868387,-0.377636
0.907818,0.243332,1.24935,0.92986,-0.32656,-0.16947,-0.179072,0.000669033,-0.983836,0.321394,0.945176,-0.0578557
0.907818,0.12724,1.16904,0.92986,-0.248904,-0.27094,-0.179072,0.33712,-0.924274,0.321394,0.907963,0.268903
0.907818,0.0456159,1.05387,0.92986,-0.141226,-0.33973,-0.179072,0.63291,-0.753232,0.321394,0.761236,0.563228
0.907818,0.00830331,0.917736,0.92986,-0.0165146,-0.367544,-0.179072,0.852361,-0.491338,0.321394,0.522693,0.789619
0.907818,0.0198031,0.777046,0.92986,0.110189,-0.351027,-0.179072,0.969005,-0.170182,0.321394,0.221105,0.92077
0.907818,0.0787283,0.648773,0.92986,0.223602,-0.29217,-0.179072,0.968773,0.1715,0.321394,-0.107151,0.940864
0.907818,0.177972,0.54839,0.92986,0.310045,-0.198074,-0.179072,0.851692,0.492497,0.321394,-0.422484,0.847475
0.907818,0.305563,0.488004,0.92986,0.359092,-0.0800871,-0.179072,0.631885,0.754092,0.321394,-0.686858,0.651868
0.907818,0.446112,0.474899,0.92986,0.364828,0.0475596,-0.179072,0.335863,0.924732,0.321394,-0.868387,0.377636
0.907818,0.582668,0.510655,0.92986,0.32656,0.16947,-0.179072,-0.000669033,0.983836,0.321394,-0.945176,0.0578557
0.907818,0.69876,0.590959,0.92986,0.248904,0.27094,-0.179072,-0.33712,0.924274,0.321394,-0.907963,-0.268903
0.907818,0.780384,0.706126,0.92986,0.141226,0.33973,-0.179072,-0.63291,0.753232,0.321394,-0.761236,-0.563228
0.907818,0.817697,0.842264,0.92986,0.0165146,0.367544,-0.179072,-0.852361,0.491338,0.321394,-0.522693,-0.789619
0.907818,0.806197,0.982954,0.92986,-0.110189,0.351027,-0.179072,-0.969005,0.170182,0.321394,-0.221105,-0.92077
0.907818,0.747272,1.11123,0.92986,-0.223602,0.29217,-0.179072,-0.968773,-0.1715,0.321394,0.107151,-0.940864
0.907818,0.648028,1.21161,0.92986,-0.310045,0.198074,-0.179072,-0.851692,-0.492497,0.321394,0.422484,-0.847475
0.907818,0.520437,1.272,0.92986,-0.359092,0.0800871,-0.179072,-0.631885,-0.754092,0.321394,0.686858,-0.651868
0.907818,0.379888,1.2851,0.92986,-0.364828,-0.0475596,-0.179072,-0.335863,-0.924732,0.321394,0.868387,-0.377636
0.809114,0.420396,1.24505,0.796489,-0.581287,0.166464,-0.0275851,-0.309951,-0.950352,0.604023,0.752354,-0.262908
0.809114,0.295096,1.22556,0.796489,-0.603165,-0.0423869,-0.0275851,0.0337808,-0.999049,0.604023,0.796901,0.0102677
0.809114,0.184016,1.1644,0.796489,-0.552292,-0.246125,-0.0275851,0.373438,-0.927245,0.604023,0.74533,0.282205
0.809114,0.100556,1.06893,0.796489,-0.434805,-0.420177,-0.0275851,0.668054,-0.743602,0.604023,0.603861,0.520104
0.809114,0.0547813,0.950673,0.796489,-0.264874,-0.54355,-0.0275851,0.882092,-0.470269,0.604023,0.389558,0.69527
0.809114,0.0522128,0.823893,0.796489,-0.0629955,-0.601362,-0.0275851,0.989737,-0.140215,0.604023,0.128269,0.786577
0.809114,0.0931606,0.70388,0.796489,0.146481,-0.586641,-0.0275851,0.978005,0.206751,0.604023,-0.148492,0.783011
0.809114,0.172686,0.60511,0.796489,0.338291,-0.501163,-0.0275851,0.848311,0.528779,0.604023,-0.407343,0.685003
0.809114,0.281196,0.539496,0.796489,0.489297,-0.355237,-0.0275851,0.616298,0.787029,0.604023,-0.617061,0.504372
0.809114,0.405604,0.514951,0.796489,0.581287,-0.166464,-0.0275851,0.309951,0.950352,0.604023,-0.752354,0.262908
0.809114,0.530904,0.534437,0.796489,0.603165,0.0423869,-0.0275851,-0.0337808,0.999049,0.604023,-0.796901,-0.0102677
0.809114,0.641984,0.595603,0.796489,0.552292,0.246125,-0.0275851,-0.373438,0.927245,0.604023,-0.74533,-0.282205
0.809114,0.725444,0.691071,0.796489,0.434805,0.420177,-0.0275851,-0.668054,0.743602,0.604023,-0.603861,-0.520104
0.809114,0.771219,0.809327,0.796489,0.264874,0.54355,-0.0275851,-0.882092,0.470269,0.604023,-0.389558,-0.69527
0.809114,0.773787,0.936107,0.796489,0.0629955,0.601362,-0.0275851,-0.989737,0.140215,0.604023,-0.128269,-0.786577
0.809114,0.732839,1.05612,0.796489,-0.146481,0.586641,-0.0275851,-0.978005,-0.206751,0.604023,0.148492,-0.783011
0.809114,0.653314,1.15489,0.796489,-0.338291,0.501163,-0.0275851,-0.848311,-0.528779,0.604023,0.407343,-0.685003
0.809114,0.544804,1.2205,0.796489,-0.489297,0.355237,-0.0275851,-0.616298,-0.787029,0.604023,0.617061,-0.504372
0.809114,0.420396,1.24505,0.796489,-0.581287,0.166464,-0.0275851,-0.309951,-0.950352,0.604023,0.752354,-0.262908
0.735846,0.482466,1.18368,0.567051,-0.752255,0.335508,0.127229,-0.322445,-0.937999,0.813797,0.57458,-0.087134
0.735846,0.374414,1.18912,0.567051,-0.821639,0.0579883,0.127229,0.0178153,-0.991713,0.813797,0.56973,0.114639
0.735846,0.271015,1.15728,0.567051,-0.791921,-0.226526,0.127229,0.355927,-0.925813,0.813797,0.496162,0.302584
0.735846,0.184742,1.092,0.567051,-0.666686,-0.483718,0.127229,0.651108,-0.748245,0.813797,0.36275,0.454034
0.735846,0.126,1.00114,0.567051,-0.461039,-0.682566,0.127229,0.867757,-0.480428,0.813797,0.185585,0.55072
0.735846,0.101874,0.895678,0.567051,-0.199783,-0.799087,0.127229,0.979741,-0.154665,0.813797,-0.0139645,0.580981
0.735846,0.115275,0.788321,0.567051,0.0855688,-0.819226,0.127229,0.973553,0.189754,0.813797,-0.21183,0.541168
0.735846,0.164586,0.692022,0.567051,0.3606,-0.740554,0.127229,0.849941,0.511285,0.813797,-0.384145,0.436081
0.735846,0.243859,0.618396,0.567051,0.592138,-0.572561,0.127229,0.623814,0.771148,0.813797,-0.510127,0.278397
0.735846,0.343534,0.576323,0.567051,0.752255,-0.335508,0.127229,0.322445,0.937999,0.813797,-0.57458,0.087134
0.735846,0.451586,0.570878,0.567051,0.821639,-0.0579883,0.127229,-0.0178153,0.991713,0.813797,-0.56973,-0.114639
0.735846,0.554985,0.602718,0.567051,0.791921,0.226526,0.127229,-0.355927,0.925813,0.813797,-0.496162,-0.302584
0.735846,0.641258,0.668002,0.567051,0.666686,0.483718,0.127229,-0.651108,0.748245,0.813797,-0.36275,-0.454034
0.735846,0.7,0.758856,0.567051,0.461039,0.682566,0.127229,-0.867757,0.480428,0.813797,-0.185585,-0.55072
0.735846,0.724126,0.864322,0.567051,0.199783,0.799087,0.127229,-0.979741,0.154665,0.813797,0.0139645,-0.580981
0.735846,0.710725,0.971679,0.567051,-0.0855688,0.819226,0.127229,-0.973553,-0.189754,0.813797,0.21183,-0.541168
0.735846,0.661414,1.06798,0.567051,-0.3606,0.740554,0.127229,-0.849941,-0.511285,0.813797,0.384145,-0.436081
0.735846,0.582141,1.1416,0.567051,-0.592138,0.572561,0.127229,-0.623814,-0.771148,0.813797,0.510127,-0.278397
0.735846,0.482466,1.18368,0.567051,-0.752255,0.335508,0.127229,-0.322445,-0.937999,0.813797,0.57458,-0.087134
0.696852,0.558613,1.10839,0.269218,-0.857111,0.439184,0.266698,-0.371838,-0.889162,0.925416,0.356508,0.128484
0.696852,0.471719,1.14442,0.269218,-0.955631,0.119549,0.266698,-0.0453019,-0.962715,0.925416,0.291063,0.242669
0.696852,0.377742,1.14855,0.269218,-0.938887,-0.214505,0.266698,0.286698,-0.92015,0.925416,0.190513,0.327583
0.696852,0.288018,1.1203,0.269218,-0.8089,-0.522688,0.266698,0.584118,-0.766602,0.925416,0.0669832,0.372987
0.696852,0.213369,1.06306,0.269218,-0.581348,-0.767826,0.266698,0.811085,-0.52059,0.925416,-0.0646254,0.373403
0.696852,0.162798,0.983742,0.269218,-0.283676,-0.920353,0.266698,0.940223,-0.211787,0.925416,-0.188439,0.328781
0.696852,0.142405,0.891911,0.269218,0.0482106,-0.961872,0.266698,0.955956,0.12256,0.925416,-0.289525,0.244503
0.696852,0.15465,0.798644,0.269218,0.374283,-0.887375,0.266698,0.856387,0.442125,0.925416,-0.355689,0.130734
0.696852,0.198056,0.715189,0.269218,0.655211,-0.705847,0.266698,0.653525,0.708363,0.925416,-0.378952,0.00119711
0.696852,0.267387,0.651613,0.269218,0.857111,-0.439184,0.266698,0.371838,0.889162,0.925416,-0.356508,-0.128484
0.696852,0.354281,0.615584,0.269218,0.955631,-0.119549,0.266698,0.0453019,0.962715,0.925416,-0.291063,-0.242669
0.696852,0.448258,0.611447,0.269218,0.938887,0.214505,0.266698,-0.286698,0.92015,0.925416,-0.190513,-0.327583
0.696852,0.537982,0.639702,0.269218,0.8089,0.522688,0.266698,-0.584118,0.766602,0.925416,-0.0669832,-0.372987
0.696852,0.612631,0.69694,0.269218,0.581348,0.767826,0.266698,-0.811085,0.52059,0.925416,0.0646254,-0.373403
0.696852,0.663202,0.776258,0.269218,0.283676,0.920353,0.266698,-0.940223,0.211787,0.925416,0.188439,-0.328781
0.696852,0.683595,0.868089,0.269218,-0.0482106,0.961872,0.266698,-0.955956,-0.12256,0.925416,0.289525,-0.244503
0.696852,0.67135,0.961356,0.269218,-0.374283,0.887375,0.266698,-0.856387,-0.442125,0.925416,0.355689,-0.130734
0.696852,0.627944,1.04481,0.269218,-0.655211,0.705847,0.266698,-0.653525,-0.708363,0.925416,0.378952,-0.00119711
0.696852,0.558613,1.10839,0.269218,-0.857111,0.439184,0.266698,-0.371838,-0.889162,0.925416,0.356508,0.128484
0.696834,0.639652,1.02826,-0.061087,-0.883207,0.464987,0.373999,-0.452172,-0.809732,0.925415,0.124441,0.35794
0.696834,0.575275,1.09684,-0.061087,-0.988978,0.13487,0.373999,-0.147958,-0.915551,0.925415,-0.00548692,0.378915
0.696834,0.491325,1.13926,-0.061087,-0.975464,-0.211514,0.373999,0.174102,-0.910941,0.925415,-0.134753,0.354187
0.696834,0.397929,1.15042,-0.061087,-0.844294,-0.532386,0.373999,0.475162,-0.796458,0.925415,-0.247765,0.286739
0.696834,0.30635,1.12895,-0.061087,-0.61129,-0.789045,0.373999,0.718911,-0.585911,0.925415,-0.330893,0.184706
0.696834,0.227635,1.07746,-0.061087,-0.304556,-0.950534,0.373999,0.875949,-0.304694,0.925415,-0.374111,0.0603943
0.696834,0.171277,1.00216,-0.061087,0.0389129,-0.997374,0.373999,0.927334,0.0132736,0.925415,-0.372206,-0.0712015
0.696834,0.144075,0.912115,-0.061087,0.377688,-0.923916,0.373999,0.866869,0.32964,0.925415,-0.325407,-0.194209
0.696834,0.149309,0.818201,-0.061087,0.670908,-0.73902,0.373999,0.701847,0.606247,0.925415,-0.239359,-0.293793
0.696834,0.186348,0.73174,-0.061087,0.883207,-0.464987,0.373999,0.452172,0.809732,0.925415,-0.124441,-0.35794
0.696834,0.250725,0.663162,-0.061087,0.988978,-0.13487,0.373999,0.147958,0.915551,0.925415,0.00548692,-0.378915
0.696834,0.334675,0.620737,-0.061087,0.975464,0.211514,0.373999,-0.174102,0.910941,0.925415,0.134753,-0.354187
0.696834,0.428071,0.609584,-0.061087,0.844294,0.532386,0.373999,-0.475162,0.796458,0.925415,0.247765,-0.286739
0.696834,0.51965,0.631047,-0.061087,0.61129,0.789045,0.373999,-0.718911,0.585911,0.925415,0.330893,-0.184706
0.696834,0.598365,0.682537,-0.061087,0.304556,0.950534,0.373999,-0.875949,0.304694,0.925415,0.374111,-0.0603943
0.696834,0.654723,0.757844,-0.061087,-0.0389129,0.997374,0.373999,-0.927334,-0.0132736,0.925415,0.372206,0.0712015
0.696834,0.681925,0.847885,-0.061087,-0.377688,0.923916,0.373999,-0.866869,-0.32964,0.925415,0.325407,0.194209
0.696834,0.676691,0.941799,-0.061087,-0.670908,0.73902,0.373999,-0.701847,-0.606247,0.925415,0.239359,0.293793
0.696834,0.639652,1.02826,-0.061087,-0.883207,0.464987,0.373999,-0.452172,-0.809732,0.925415,0.124441,0.35794
0.735794,0.715807,0.952961,-0.384024,-0.827397,0.409805,0.43619,-0.553758,-0.709289,0.813796,-0.0936312,0.573558
0.735794,0.672591,1.05213,-0.384024,-0.91766,0.102104,0.43619,-0.277771,-0.85591,0.813796,-0.284153,0.506945
0.735794,0.598065,1.13053,-0.384024,-0.89724,-0.217912,0.43619,0.0317192,-0.899295,0.813796,-0.440402,0.379186
0.735794,0.501217,1.17872,-0.384024,-0.7686,-0.511644,0.43619,0.337383,-0.834213,0.813796,-0.543532,0.205692
0.735794,0.393729,1.19088,-0.384024,-0.547255,-0.743665,0.43619,0.602354,-0.668512,0.813796,-0.581104,0.00738865
0.735794,0.288565,1.16554,-0.384024,-0.259903,-0.885989,0.43619,0.794672,-0.422178,0.813796,-0.548586,-0.191806
0.735794,0.19841,1.10576,-0.384024,0.0587971,-0.921449,0.43619,0.891141,-0.124924,0.813796,-0.4499,-0.367866
0.735794,0.134138,1.01875,-0.384024,0.370405,-0.845769,0.43619,0.880125,0.187398,0.813796,-0.296951,-0.499556
0.735794,0.1035,0.915005,-0.384024,0.637337,-0.668077,0.43619,0.762953,0.477117,0.813796,-0.108184,-0.570992
0.735794,0.110193,0.807039,-0.384024,0.827397,-0.409805,0.43619,0.553758,0.709289,0.813796,0.0936312,-0.573558
0.735794,0.153409,0.707873,-0.384024,0.91766,-0.102104,0.43619,0.277771,0.85591,0.813796,0.284153,-0.506945
0.735794,0.227935,0.629468,-0.384024,0.89724,0.217912,0.43619,-0.0317192,0.899295,0.813796,0.440402,-0.379186
0.735794,0.324783,0.581281,-0.384024,0.7686,0.511644,0.43619,-0.337383,0.834213,0.813796,0.543532,-0.205692
0.735794,0.432271,0.569124,-0.384024,0.547255,0.743665,0.43619,-0.602354,0.668512,0.813796,0.581104,-0.00738865
0.735794,0.537435,0.594463,-0.384024,0.259903,0.885989,0.43619,-0.794672,0.422178,0.813796,0.548586,0.191806
0.735794,0.62759,0.654242,-0.384024,-0.0587971,0.921449,0.43619,-0.891141,0.124924,0.813796,0.4499,0.367866
0.735794,0.691862,0.741251,-0.384024,-0.370405,0.845769,0.43619,-0.880125,-0.187398,0.813796,0.296951,0.499556
0.735794,0.7225,0.844995,-0.384024,-0.637337,0.668077,0.43619,-0.762953,-0.477117,0.813796,0.108184,0.570992
0.735794,0.715807,0.952961,-0.384024,-0.827397,0.409805,0.43619,-0.553758,-0.709289,0.813796,-0.0936312,0.573558
0.809034,0.777894,0.891573,-0.660642,-0.696411,0.280293,0.44577,-0.664343,-0.599948,0.604021,-0.271405,0.749332
0.809034,0.75193,1.01568,-0.660642,-0.750278,0.0252025,0.44577,-0.419083,-0.790986,0.604021,-0.511324,0.611316
0.809034,0.685086,1.12341,-0.660642,-0.713651,-0.232928,0.44577,-0.123277,-0.886618,0.604021,-0.689569,0.399566
0.809034,0.585425,1.20179,-0.660642,-0.590946,-0.462963,0.44577,0.187399,-0.875312,0.604021,-0.784643,0.139622
0.809034,0.464966,1.24136,-0.660642,-0.396965,-0.637159,0.44577,0.475472,-0.75843,0.604021,-0.785077,-0.137161
0.809034,0.33824,1.23734,-0.660642,-0.155104,-0.734503,0.44577,0.706196,-0.55007,0.604021,-0.690819,-0.397402
0.809034,0.220531,1.19022,-0.660642,0.105465,-0.743256,0.44577,0.851742,-0.275363,0.604021,-0.513238,-0.609709
0.809034,0.126036,1.10568,-0.660642,0.353313,-0.662361,0.44577,0.894555,0.0325559,0.604021,-0.273753,-0.748477
0.809034,0.0661534,0.993926,-0.660642,0.558547,-0.501576,0.44577,0.829472,0.336549,0.604021,-0.00124946,-0.796967
0.809034,0.0481057,0.868427,-0.660642,0.696411,-0.280293,0.44577,0.664343,0.599948,0.604021,0.271405,-0.749332
0.809034,0.0740696,0.744324,-0.660642,0.750278,-0.0252025,0.44577,0.419083,0.790986,0.604021,0.511324,-0.611316
0.809034,0.140914,0.636585,-0.660642,0.713651,0.232928,0.44577,0.123277,0.886618,0.604021,0.689569,-0.399566
0.809034,0.240575,0.558206,-0.660642,0.590946,0.462963,0.44577,-0.187399,0.875312,0.604021,0.784643,-0.139622
0.809034,0.361034,0.51864,-0.660642,0.396965,0.637159,0.44577,-0.475472,0.75843,0.604021,0.785077,0.137161
0.809034,0.48776,0.522659,-0.660642,0.155104,0.734503,0.44577,-0.706196,0.55007,0.604021,0.690819,0.397402
0.809034,0.605469,0.569779,-0.660642,-0.105465,0.743256,0.44577,-0.851742,0.275363,0.604021,0.513238,0.609709
0.809034,0.699964,0.654316,-0.660642,-0.353313,0.662361,0.44577,-0.894555,-0.0325559,0.604021,0.273753,0.748477
0.809034,0.759847,0.766074,-0.660642,-0.558547,0.501576,0.44577,-0.829472,-0.336549,0.604021,0.00124946,0.796967
0.809034,0.777894,0.891573,-0.660642,-0.696411,0.280293,0.44577,-0.664343,-0.599948,0.604021,-0.271405,0.749332
0.90772,0.818425,0.851498,-0.857576,-0.506049,0.0920723,0.401584,-0.770588,-0.494898,0.321392,-0.387438,0.864059
0.90772,0.803723,0.991881,-0.857576,-0.507021,-0.0865592,0.401584,-0.554851,-0.728609,0.321392,-0.659598,0.679439
0.90772,0.741894,1.11877,-0.857576,-0.446839,-0.25475,0.401584,-0.272191,-0.874438,0.321392,-0.852202,0.412867
0.90772,0.640395,1.21686,-0.857576,-0.332761,-0.392215,0.401584,0.0433,-0.914798,0.321392,-0.942016,0.0964985
0.90772,0.51147,1.27432,-0.857576,-0.178548,-0.482372,0.401584,0.353568,-0.84482,0.321392,-0.91821,-0.23151
0.90772,0.370667,1.28421,-0.857576,-0.00279909,-0.514349,0.401584,0.621191,-0.672943,0.321392,-0.783654,-0.531594
0.90772,0.234971,1.24536,-0.857576,0.173287,-0.484287,0.401584,0.813888,-0.4199,0.321392,-0.554578,-0.767561
0.90772,0.120747,1.16244,-0.857576,0.328473,-0.395813,0.401584,0.908419,-0.116211,0.321392,-0.258612,-0.910948
0.90772,0.0417736,1.04545,-0.857576,0.44404,-0.259599,0.401584,0.893381,0.201495,0.321392,0.068547,-0.944462
0.90772,0.00757538,0.908502,-0.857576,0.506049,-0.0920723,0.401584,0.770588,0.494898,0.321392,0.387438,-0.864059
0.90772,0.0222774,0.768119,-0.857576,0.507021,0.0865592,0.401584,0.554851,0.728609,0.321392,0.659598,-0.679439
0.90772,0.0841063,0.641232,-0.857576,0.446839,0.25475,0.401584,0.272191,0.874438,0.321392,0.852202,-0.412867
0.90772,0.185605,0.543143,-0.857576,0.332761,0.392215,0.401584,-0.0433,0.914798,0.321392,0.942016,-0.0964985
0.90772,0.31453,0.485684,-0.857576,0.178548,0.482372,0.401584,-0.353568,0.84482,0.321392,0.91821,0.23151
0.90772,0.455333,0.475785,-0.857576,0.00279909,0.514349,0.401584,-0.621191,0.672943,0.321392,0.783654,0.531594
0.90772,0.591029,0.514641,-0.857576,-0.173287,0.484287,0.401584,-0.813888,0.4199,0.321392,0.554578,0.767561
0.90772,0.705253,0.597565,-0.857576,-0.328473,0.395813,0.401584,-0.908419,0.116211,0.321392,0.258612,0.910948
0.90772,0.784226,0.714554,-0.857576,-0.44404,0.259599,0.401584,-0.893381,-0.201495,0.321392,-0.068547,0.944462
0.90772,0.818425,0.851498,-0.857576,-0.506049,0.0920723,0.401584,-0.770588,-0.494898,0.321392,-0.387438,0.864059
0.883612,0.24246,1.2407,0.961642,-0.265013,-0.0708041,-0.0812368,-0.0286012,-0.996284,0.262003,0.963821,-0.0490329
0.883612,0.129379,1.16062,0.961642,-0.224814,-0.157174,-0.0812368,0.313873,-0.945983,0.262003,0.922465,0.28357
0.883612,0.0505069,1.04669,0.961642,-0.1575,-0.224586,-0.0812368,0.618489,-0.781583,0.262003,0.769847,0.581971
0.883612,0.0153568,0.912657,0.961642,-0.0711882,-0.26491,-0.0812368,0.848507,-0.522912,0.262003,0.524374,0.810177
0.883612,0.0281683,0.774685,0.961642,0.0237094,-0.273282,-0.0812368,0.976182,-0.20117,0.262003,0.215654,0.940664
0.883612,0.0873962,0.649416,0.961642,0.115747,-0.248692,-0.0812368,0.986115,0.144836,0.262003,-0.119078,0.957693
0.883612,0.185897,0.551959,0.961642,0.193824,-0.194106,-0.0812368,0.877108,0.473373,0.262003,-0.439447,0.85921
0.883612,0.311789,0.494069,0.961642,0.248523,-0.116108,-0.0812368,0.662309,0.744814,0.262003,-0.706812,0.657093
0.883612,0.449889,0.482727,0.961642,0.273247,-0.0241056,-0.0812368,0.367626,0.926419,0.262003,-0.888925,0.375722
0.883612,0.58354,0.519302,0.961642,0.265013,0.0708041,-0.0812368,0.0286012,0.996284,0.262003,-0.963821,0.0490329
0.883612,0.696621,0.599383,0.961642,0.224814,0.157174,-0.0812368,-0.313873,0.945983,0.262003,-0.922465,-0.28357
0.883612,0.775493,0.713311,0.961642,0.1575,0.224586,-0.0812368,-0.618489,0.781583,0.262003,-0.769847,-0.581971
0.883612,0.810643,0.847343,0.961642,0.0711882,0.26491,-0.0812368,-0.848507,0.522912,0.262003,-0.524374,-0.810177
0.883612,0.797832,0.985315,0.961642,-0.0237094,0.273282,-0.0812368,-0.976182,0.20117,0.262003,-0.215654,-0.940664
0.883612,0.738604,1.11058,0.961642,-0.115747,0.248692,-0.0812368,-0.986115,-0.144836,0.262003,0.119078,-0.957693
0.883612,0.640103,1.20804,0.961642,-0.193824,0.194106,-0.0812368,-0.877108,-0.473373,0.262003,0.439447,-0.85921
0.883612,0.514211,1.26593,0.961642,-0.248523,0.116108,-0.0812368,-0.662309,-0.744814,0.262003,0.706812,-0.657093
0.883612,0.376111,1.27727,0.961642,-0.273247,0.0241056,-0.0812368,-0.367626,-0.926419,0.262003,0.888925,-0.375722
0.883612,0.24246,1.2407,0.961642,-0.265013,-0.0708041,-0.0812368,-0.0286012,-0.996284,0.262003,0.963821,-0.0490329
0.763622,0.291707,1.192,0.856221,-0.492946,0.154565,0.156285,-0.0380113,-0.98698,0.492403,0.869229,0.0444943
0.763622,0.19231,1.1317,0.856221,-0.516082,-0.0233542,0.156285,0.301848,-0.940459,0.492403,0.80159,0.339105
0.763622,0.119532,1.04104,0.856221,-0.476971,-0.198456,0.156285,0.6053,-0.780504,0.492403,0.637268,0.592814
0.763622,0.0821496,0.93096,0.856221,-0.38033,-0.349622,0.156285,0.835744,-0.526409,0.492403,0.396081,0.775022
0.763622,0.0846731,0.814729,0.856221,-0.237816,-0.458617,0.156285,0.965385,-0.208821,0.492403,0.107122,0.86375
0.763622,0.126798,0.706371,0.856221,-0.0666173,-0.512297,0.156285,0.978586,0.133954,0.492403,-0.194758,0.848297
0.763622,0.203442,0.618955,0.856221,0.112616,-0.504186,0.156285,0.873756,0.460571,0.492403,-0.473148,0.730527
0.763622,0.305363,0.563025,0.856221,0.278266,-0.435263,0.156285,0.663537,0.731638,0.492403,-0.694469,0.524645
0.763622,0.420266,0.545327,0.856221,0.410354,-0.313841,0.156285,0.373286,0.914457,0.492403,-0.832026,0.255483
0.763622,0.534293,0.567995,0.856221,0.492946,-0.154565,0.156285,0.0380113,0.98698,0.492403,-0.869229,-0.0444943
0.763622,0.63369,0.628296,0.856221,0.516082,0.0233542,0.156285,-0.301848,0.940459,0.492403,-0.80159,-0.339105
0.763622,0.706468,0.718956,0.856221,0.476971,0.198456,0.156285,-0.6053,0.780504,0.492403,-0.637268,-0.592814
0.763622,0.74385,0.82904,0.856221,0.38033,0.349622,0.156285,-0.835744,0.526409,0.492403,-0.396081,-0.775022
0.763622,0.741327,0.945271,0.856221,0.237816,0.458617,0.156285,-0.965385,0.208821,0.492403,-0.107122,-0.86375
0.763622,0.699202,1.05363,0.856221,0.0666173,0.512297,0.156285,-0.978586,-0.133954,0.492403,0.194758,-0.848297
0.763622,0.622558,1.14105,0.856221,-0.112616,0.504186,0.156285,-0.873756,-0.460571,0.492403,0.473148,-0.730527
0.763622,0.520637,1.19697,0.856221,-0.278266,0.435263,0.156285,-0.663537,-0.731638,0.492403,0.694469,-0.524645
0.763622,0.405734,1.21467,0.856221,-0.410354,0.313841,0.156285,-0.373286,-0.914457,0.492403,0.832026,-0.255483
0.763622,0.291707,1.192,0.856221,-0.492946,0.154565,0.156285,-0.0380113,-0.98698,0.492403,0.869229,0.0444943
0.674556,0.367167,1.11739,0.647527,-0.681494,0.340991,0.374957,-0.104621,-0.92112,0.663413,0.724307,0.187786
0.674556,0.288737,1.0874,0.647527,-0.757021,0.0873422,0.374957,0.21673,-0.901352,0.663413,0.616399,0.424189
0.674556,0.225296,1.03239,0.647527,-0.74124,-0.176842,0.374957,0.51194,-0.772868,0.663413,0.434145,0.609428
0.674556,0.184494,0.959004,0.647527,-0.636054,-0.419696,0.374957,0.745402,-0.551165,0.663413,0.199526,0.721161
0.674556,0.171254,0.876086,0.647527,-0.454151,-0.611928,0.374957,0.888958,-0.262983,0.663413,-0.0591587,0.745912
0.674556,0.187171,0.79364,0.647527,-0.217471,-0.730353,0.374957,0.925293,0.0569188,0.663413,-0.310708,0.680694
0.674556,0.230327,0.72161,0.647527,0.04544,-0.760687,0.374957,0.850024,0.369955,0.663413,-0.524781,0.533375
0.674556,0.295516,0.668685,0.647527,0.30287,-0.69927,0.374957,0.672229,0.638369,0.663413,-0.675558,0.321723
0.674556,0.374876,0.641247,0.647527,0.523769,-0.553512,0.374957,0.413353,0.829787,0.663413,-0.744852,0.0712663
0.674556,0.458833,0.642606,0.647527,0.681494,-0.340991,0.374957,0.104621,0.92112,0.663413,-0.724307,-0.187786
0.674556,0.537263,0.672598,0.647527,0.757021,-0.0873422,0.374957,-0.21673,0.901352,0.663413,-0.616399,-0.424189
0.674556,0.600704,0.727607,0.647527,0.74124,0.176842,0.374957,-0.51194,0.772868,0.663413,-0.434145,-0.609428
0.674556,0.641506,0.800996,0.647527,0.636054,0.419696,0.374957,-0.745402,0.551165,0.663413,-0.199526,-0.721161
0.674556,0.654746,0.883914,0.647527,0.454151,0.611928,0.374957,-0.888958,0.262983,0.663413,0.0591587,-0.745912
0.674556,0.638829,0.96636,0.647527,0.217471,0.730353,0.374957,-0.925293,-0.0569188,0.663413,0.310708,-0.680694
0.674556,0.595673,1.03839,0.647527,-0.04544,0.760687,0.374957,-0.850024,-0.369955,0.663413,0.524781,-0.533375
0.674556,0.530484,1.09132,0.647527,-0.30287,0.69927,0.374957,-0.672229,-0.638369,0.663413,0.675558,-0.321723
0.674556,0.451124,1.11875,0.647527,-0.523769,0.553512,0.374957,-0.413353,-0.829787,0.663413,0.744852,-0.0712663
0.674556,0.367167,1.11739,0.647527,-0.681494,0.340991,0.374957,-0.104621,-0.92112,0.663413,0.724307,0.187786
0.627155,0.459738,1.02586,0.360731,-0.807915,0.46599,0.548404,-0.220397,-0.806646,0.754404,0.546533,0.363559
0.627155,0.40703,1.03305,0.360731,-0.91857,0.161564,0.548404,0.0687835,-0.83338,0.754404,0.389228,0.528559
0.627155,0.355043,1.02178,0.360731,-0.918431,-0.162349,0.548404,0.349668,-0.759596,0.754404,0.184977,0.629807
0.627155,0.310046,0.993408,0.360731,-0.807516,-0.46668,0.548404,0.588378,-0.594193,0.754404,-0.0415851,0.655091
0.627155,0.277467,0.951357,0.360731,-0.599203,-0.714723,0.548404,0.75612,-0.357122,0.754404,-0.263132,0.601361
0.627155,0.261235,0.900698,0.360731,-0.318617,-0.876559,0.548404,0.832663,-0.0769764,0.754404,-0.452941,0.475099
0.627155,0.263309,0.847543,0.360731,0.000398657,-0.93267,0.548404,0.808775,0.212453,0.754404,-0.588118,0.291532
0.627155,0.283437,0.798303,0.360731,0.319366,-0.876286,0.548404,0.687336,0.476258,0.754404,-0.65236,0.072802
0.627155,0.319192,0.758917,0.360731,0.599814,-0.71421,0.548404,0.482995,0.682619,0.754404,-0.637918,-0.154709
0.627155,0.366262,0.734135,0.360731,0.807915,-0.46599,0.548404,0.220397,0.806646,0.754404,-0.546533,-0.363559
0.627155,0.41897,0.726947,0.360731,0.91857,-0.161564,0.548404,-0.0687835,0.83338,0.754404,-0.389228,-0.528559
0.627155,0.470957,0.738219,0.360731,0.918431,0.162349,0.548404,-0.349668,0.759596,0.754404,-0.184977,-0.629807
0.627155,0.515954,0.766592,0.360731,0.807516,0.46668,0.548404,-0.588378,0.594193,0.754404,0.0415851,-0.655091
0.627155,0.548533,0.808643,0.360731,0.599203,0.714723,0.548404,-0.75612,0.357122,0.754404,0.263132,-0.601361
0.627155,0.564765,0.859302,0.360731,0.318617,0.876559,0.548404,-0.832663,0.0769764,0.754404,0.452941,-0.475099
0.627155,0.562691,0.912457,0.360731,-0.000398657,0.93267,0.548404,-0.808775,-0.212453,0.754404,0.588118,-0.291532
0.627155,0.542563,0.961697,0.360731,-0.319366,0.876286,0.548404,-0.687336,-0.476258,0.754404,0.65236,-0.072802
0.627155,0.506808,1.00108,0.360731,-0.599814,0.71421,0.548404,-0.482995,-0.682619,0.754404,0.637918,0.154709
0.627155,0.459738,1.02586,0.360731,-0.807915,0.46599,0.548404,-0.220397,-0.806646,0.754404,0.546533,0.363559
0.627137,0.558254,0.928457,0.0304265,-0.85696,0.514483,0.655705,-0.371375,-0.657367,0.754404,0.35735,0.550613
0.627137,0.532921,0.975214,0.0304265,-0.981243,0.190358,0.655705,-0.124145,-0.744741,0.754404,0.147479,0.639628
0.627137,0.493123,1.01049,0.0304265,-0.987173,-0.156727,0.655705,0.138058,-0.742288,0.754404,-0.0801811,0.651495
0.627137,0.443662,1.03002,0.0304265,-0.874036,-0.484908,0.655705,0.383609,-0.650304,0.754404,-0.29817,0.584781
0.627137,0.390502,1.03146,0.0304265,-0.655477,-0.754602,0.655705,0.582892,-0.479884,0.754404,-0.480195,0.447535
0.627137,0.340056,1.01463,0.0304265,-0.357857,-0.93328,0.655705,0.711869,-0.251582,0.754404,-0.604302,0.256309
0.627137,0.298408,0.981565,0.0304265,-0.0170753,-0.999391,0.655705,0.754984,0.00706352,0.754404,-0.65552,0.0341679
0.627137,0.270581,0.936247,0.0304265,0.325766,-0.944961,0.655705,0.707037,0.264857,0.754404,-0.627674,-0.192094
0.627137,0.259933,0.884145,0.0304265,0.629316,-0.776554,0.655705,0.573811,0.490706,0.754404,-0.52412,-0.395186
0.627137,0.267746,0.831543,0.0304265,0.85696,-0.514483,0.655705,0.371375,0.657367,0.754404,-0.35735,-0.550613
0.627137,0.293079,0.784786,0.0304265,0.981243,-0.190358,0.655705,0.124145,0.744741,0.754404,-0.147479,-0.639628
0.627137,0.332877,0.749512,0.0304265,0.987173,0.156727,0.655705,-0.138058,0.742288,0.754404,0.0801811,-0.651495
0.627137,0.382338,0.729978,0.0304265,0.874036,0.484908,0.655705,-0.383609,0.650304,0.754404,0.29817,-0.584781
0.627137,0.435498,0.728538,0.0304265,0.655477,0.754602,0.655705,-0.582892,0.479884,0.754404,0.480195,-0.447535
0.627137,0.485944,0.745367,0.0304265,0.357857,0.93328,0.655705,-0.711869,0.251582,0.754404,0.604302,-0.256309
0.627137,0.527592,0.778435,0.0304265,0.0170753,0.999391,0.655705,-0.754984,-0.00706352,0.754404,0.65552,-0.0341679
0.627137,0.555419,0.823753,0.0304265,-0.325766,0.944961,0.655705,-0.707037,-0.264857,0.754404,0.627674,0.192094
0.627137,0.566067,0.875855,0.0304265,-0.629316,0.776554,0.655705,-0.573811,-0.490706,0.754404,0.52412,0.395186
0.627137,0.558254,0.928457,0.0304265,-0.85696,0.514483,0.655705,-0.371375,-0.657367,0.754404,0.35735,0.550613
0.674504,0.650833,0.836919,-0.303548,-0.822715,0.480623,0.683918,-0.539344,-0.491288,0.663411,0.179577,0.726386
0.674504,0.651225,0.920861,-0.303548,-0.937482,0.170253,0.683918,-0.338787,-0.646126,0.663411,-0.0796915,0.743999
0.674504,0.622883,0.999875,-0.303548,-0.939175,-0.160652,0.683918,-0.0973676,-0.723032,0.663411,-0.329348,0.671874
0.674504,0.569226,1.06443,-0.303548,-0.827589,-0.472181,0.683918,0.155796,-0.71273,0.663411,-0.539281,0.518712
0.674504,0.496726,1.10674,-0.303548,-0.616184,-0.726757,0.683918,0.390168,-0.616462,0.663411,-0.684168,0.302985
0.674504,0.414127,1.1217,-0.303548,-0.330458,-0.893675,0.683918,0.577481,-0.445839,0.663411,-0.746534,0.0507132
0.674504,0.331392,1.10751,-0.303548,-0.00487431,-0.952804,0.683918,0.69514,-0.221442,0.663411,-0.718858,-0.207675
0.674504,0.258501,1.06588,-0.303548,0.321298,-0.89701,0.683918,0.728956,0.0296649,0.663411,-0.604476,-0.441014
0.674504,0.204244,1.00183,-0.303548,0.608716,-0.733023,0.683918,0.674848,0.277193,0.663411,-0.417186,-0.621161
0.674504,0.175167,0.923081,-0.303548,0.822715,-0.480623,0.683918,0.539344,0.491288,0.663411,-0.179577,-0.726386
0.674504,0.174775,0.839139,-0.303548,0.937482,-0.170253,0.683918,0.338787,0.646126,0.663411,0.0796915,-0.743999
0.674504,0.203117,0.760125,-0.303548,0.939175,0.160652,0.683918,0.0973676,0.723032,0.663411,0.329348,-0.671874
0.674504,0.256774,0.695571,-0.303548,0.827589,0.472181,0.683918,-0.155796,0.71273,0.663411,0.539281,-0.518712
0.674504,0.329274,0.653261,-0.303548,0.616184,0.726757,0.683918,-0.390168,0.616462,0.663411,0.684168,-0.302985
0.674504,0.411873,0.638299,-0.303548,0.330458,0.893675,0.683918,-0.577481,0.445839,0.663411,0.746534,-0.0507132
0.674504,0.494608,0.65249,-0.303548,0.00487431,0.952804,0.683918,-0.69514,0.221442,0.663411,0.718858,0.207675
0.674504,0.567499,0.694122,-0.303548,-0.321298,0.89701,0.683918,-0.728956,-0.0296649,0.663411,0.604476,0.441014
0.674504,0.621756,0.758173,-0.303548,-0.608716,0.733023,0.683918,-0.674848,-0.277193,0.663411,0.417186,0.621161
0.674504,0.650833,0.836919,-0.303548,-0.822715,0.480623,0.683918,-0.539344,-0.491288,0.663411,0.179577,0.726386
0.763543,0.72631,0.762292,-0.60091,-0.709309,0.368493,0.629641,-0.704045,-0.32844,0.492402,0.034655,0.869678
0.763543,0.747673,0.876549,-0.60091,-0.792565,0.103672,0.629641,-0.549253,-0.549431,0.492402,-0.264882,0.829083
0.763543,0.72867,0.991222,-0.60091,-0.780225,-0.173653,0.629641,-0.328213,-0.704151,0.492402,-0.532471,0.688488
0.763543,0.671593,1.09248,-0.60091,-0.673779,-0.430033,0.629641,-0.067585,-0.773941,0.492402,-0.735836,0.464851
0.763543,0.583325,1.16811,-0.60091,-0.486065,-0.634545,0.629641,0.201194,-0.750382,0.492402,-0.850448,0.185147
0.763543,0.474514,1.20899,-0.60091,-0.239725,-0.762521,0.629641,0.445707,-0.636316,0.492402,-0.862483,-0.116889
0.763543,0.358283,1.21019,-0.60091,0.0355301,-0.798526,0.629641,0.63646,-0.445501,0.492402,-0.770491,-0.404827
0.763543,0.248652,1.17156,-0.60091,0.306499,-0.738217,0.629641,0.750447,-0.200952,0.492402,-0.585565,-0.643936
0.763543,0.158844,1.09777,-0.60091,0.5405,-0.588868,0.629641,0.773919,0.0678353,0.492402,-0.330012,-0.805377
0.763543,0.0996904,0.997708,-0.60091,0.709309,-0.368493,0.629641,0.704045,0.32844,0.492402,-0.034655,-0.869678
0.763543,0.0783269,0.883451,-0.60091,0.792565,-0.103672,0.629641,0.549253,0.549431,0.492402,0.264882,-0.829083
0.763543,0.0973299,0.768778,-0.60091,0.780225,0.173653,0.629641,0.328213,0.704151,0.492402,0.532471,-0.688488
0.763543,0.154407,0.66752,-0.60091,0.673779,0.430033,0.629641,0.067585,0.773941,0.492402,0.735836,-0.464851
0.763543,0.242675,0.59189,-0.60091,0.486065,0.634545,0.629641,-0.201194,0.750382,0.492402,0.850448,-0.185147
0.763543,0.351486,0.551011,-0.60091,0.239725,0.762521,0.629641,-0.445707,0.636316,0.492402,0.862483,0.116889
0.763543,0.467717,0.549812,-0.60091,-0.0355301,0.798526,0.629641,-0.63646,0.445501,0.492402,0.770491,0.404827
0.763543,0.577348,0.588439,-0.60091,-0.306499,0.738217,0.629641,-0.750447,0.200952,0.492402,0.585565,0.643936
0.763543,0.667156,0.662233,-0.60091,-0.5405,0.588868,0.629641,-0.773919,-0.0678353,0.492402,0.330012,0.805377
0.763543,0.72631,0.762292,-0.60091,-0.709309,0.368493,0.629641,-0.704045,-0.32844,0.492402,0.034655,0.869678
0.883514,0.775579,0.713577,-0.825794,-0.530421,0.191618,0.499419,-0.845613,-0.188466,0.262001,-0.059936,0.963205
0.883514,0.810633,0.847623,-0.825794,-0.56397,-0.00135265,0.499419,-0.730157,-0.466316,0.262001,-0.385757,0.884617
0.883514,0.797726,0.985574,-0.825794,-0.529496,-0.19416,0.499419,-0.526634,-0.687922,0.262001,-0.66505,0.699331
0.883514,0.738416,1.11079,-0.825794,-0.431157,-0.363549,0.499419,-0.25959,-0.826555,0.262001,-0.864128,0.429696
0.883514,0.639856,1.20817,-0.825794,-0.280814,-0.489089,0.499419,0.0387632,-0.865493,0.262001,-0.958979,0.108233
0.883514,0.513933,1.26597,-0.825794,-0.0966003,-0.555637,0.499419,0.332441,-0.800039,0.262001,-0.938164,-0.226284
0.883514,0.375837,1.27721,-0.825794,0.0992645,-0.555167,0.499419,0.586022,-0.638089,0.262001,-0.804192,-0.533508
0.883514,0.242223,1.24055,-0.825794,0.283156,-0.487736,0.499419,0.76892,-0.399176,0.262001,-0.573222,-0.776384
0.883514,0.129207,1.1604,-0.825794,0.432896,-0.361477,0.499419,0.859075,-0.112117,0.262001,-0.273114,-0.925616
0.883514,0.0504211,1.04642,-0.825794,0.530421,-0.191618,0.499419,0.845613,0.188466,0.262001,0.059936,-0.963205
0.883514,0.0153674,0.912377,-0.825794,0.56397,0.00135265,0.499419,0.730157,0.466316,0.262001,0.385757,-0.884617
0.883514,0.028274,0.774426,-0.825794,0.529496,0.19416,0.499419,0.526634,0.687922,0.262001,0.66505,-0.699331
0.883514,0.0875843,0.649209,-0.825794,0.431157,0.363549,0.499419,0.25959,0.826555,0.262001,0.864128,-0.429696
0.883514,0.186144,0.551829,-0.825794,0.280814,0.489089,0.499419,-0.0387632,0.865493,0.262001,0.958979,-0.108233
0.883514,0.312067,0.494031,-0.825794,0.0966003,0.555637,0.499419,-0.332441,0.800039,0.262001,0.938164,0.226284
0.883514,0.450163,0.482786,-0.825794,-0.0992645,0.555167,0.499419,-0.586022,0.638089,0.262001,0.804192,0.533508
0.883514,0.583777,0.519452,-0.825794,-0.283156,0.487736,0.499419,-0.76892,0.399176,0.262001,0.573222,0.776384
0.883514,0.696793,0.599605,-0.825794,-0.432896,0.361477,0.499419,-0.859075,0.112117,0.262001,0.273114,0.925616
0.883514,0.775579,0.713577,-0.825794,-0.530421,0.191618,0.499419,-0.845613,-0.188466,0.262001,-0.059936,0.963205
0.875863,0.125601,1.15279,0.985232,-0.161133,-0.057923,-0.00862081,0.291173,-0.956631,0.17101,0.943003,0.285484
0.875863,0.0496333,1.03804,0.985232,-0.131604,-0.10954,-0.00862081,0.600801,-0.799352,0.17101,0.788491,0.590793
0.875863,0.0174933,0.904233,0.985232,-0.0862025,-0.147946,-0.00862081,0.837963,-0.54566,0.17101,0.538876,0.824844
0.875863,0.0330572,0.7675,0.985232,-0.0304034,-0.168506,-0.00862081,0.974054,-0.226152,0.17101,0.224265,0.959406
0.875863,0.0944479,0.644336,0.985232,0.0290627,-0.168743,-0.00862081,0.99266,0.120633,0.17101,-0.117396,0.97825
0.875863,0.194261,0.549597,0.985232,0.0850234,-0.148626,-0.00862081,0.891536,0.452867,0.17101,-0.444898,0.879103
0.875863,0.320457,0.49471,0.985232,0.130729,-0.110583,-0.00862081,0.68288,0.730479,0.17101,-0.718738,0.673922
0.875863,0.457815,0.486294,0.985232,0.160667,-0.0592024,-0.00862081,0.391859,0.919985,0.17101,-0.905888,0.387457
0.875863,0.589767,0.525365,0.985232,0.171226,-0.000680717,-0.00862081,0.0535737,0.998527,0.17101,-0.983774,0.0542586
0.875863,0.700399,0.60721,0.985232,0.161133,0.057923,-0.00862081,-0.291173,0.956631,0.17101,-0.943003,-0.285484
0.875863,0.776367,0.721958,0.985232,0.131604,0.10954,-0.00862081,-0.600801,0.799352,0.17101,-0.788491,-0.590793
0.875863,0.808507,0.855767,0.985232,0.0862025,0.147946,-0.00862081,-0.837963,0.54566,0.17101,-0.538876,-0.824844
0.875863,0.792943,0.9925,0.985232,0.0304034,0.168506,-0.00862081,-0.974054,0.226152,0.17101,-0.224265,-0.959406
0.875863,0.731552,1.11566,0.985232,-0.0290627,0.168743,-0.00862081,-0.99266,-0.120633,0.17101,0.117396,-0.97825
0.875863,0.631739,1.2104,0.985232,-0.0850234,0.148626,-0.00862081,-0.891536,-0.452867,0.17101,0.444898,-0.879103
0.875863,0.505543,1.26529,0.985232,-0.130729,0.110583,-0.00862081,-0.68288,-0.730479,0.17101,0.718738,-0.673922
0.875863,0.368185,1.27371,0.985232,-0.160667,0.0592024,-0.00862081,-0.391859,-0.919985,0.17101,0.905888,-0.387457
0.875863,0.236233,1.23464,0.985232,-0.171226,0.000680717,-0.00862081,-0.0535737,-0.998527,0.17101,0.983774,-0.0542586
0.875863,0.125601,1.15279,0.985232,-0.161133,-0.057923,-0.00862081,0.291173,-0.956631,0.17101,0.943003,0.285484
0.749059,0.177646,1.10133,0.900555,-0.397583,0.175867,0.292759,0.255547,-0.921406,0.321393,0.881263,0.34653
0.749059,0.11614,1.00749,0.900555,-0.433755,0.0292793,0.292759,0.555275,-0.778436,0.321393,0.709596,0.627041
0.749059,0.0904393,0.898266,0.900555,-0.417611,-0.12084,0.292759,0.788028,-0.541575,0.321393,0.452341,0.831922
0.749059,0.103645,0.786842,0.900555,-0.351096,-0.256383,0.292759,0.925734,-0.239393,0.321393,0.140528,0.936461
0.749059,0.154163,0.686655,0.900555,-0.242234,-0.361004,0.292759,0.951783,0.0916639,0.321393,-0.188235,0.928049
0.749059,0.235901,0.609787,0.900555,-0.104155,-0.422081,0.292759,0.863032,0.411665,0.321393,-0.494295,0.8077
0.749059,0.338999,0.565512,0.900555,0.0464864,-0.43225,0.292759,0.670187,0.682013,0.321393,-0.740735,0.589931
0.749059,0.451023,0.559168,0.900555,0.191521,-0.390283,0.292759,0.396508,0.8701,0.321393,-0.897831,0.301008
0.749059,0.558461,0.591521,0.900555,0.313456,-0.301242,0.292759,0.0750039,0.95324,0.321393,-0.946636,-0.0242217
0.749059,0.648354,0.658669,0.900555,0.397583,-0.175867,0.292759,-0.255547,0.921406,0.321393,-0.881263,-0.34653
0.749059,0.70986,0.752513,0.900555,0.433755,-0.0292793,0.292759,-0.555275,0.778436,0.321393,-0.709596,-0.627041
0.749059,0.735561,0.861734,0.900555,0.417611,0.12084,0.292759,-0.788028,0.541575,0.321393,-0.452341,-0.831922
0.749059,0.722355,0.973158,0.900555,0.351096,0.256383,0.292759,-0.925734,0.239393,0.321393,-0.140528,-0.936461
0.749059,0.671837,1.07335,0.900555,0.242234,0.361004,0.292759,-0.951783,-0.0916639,0.321393,0.188235,-0.928049
0.749059,0.590099,1.15021,0.900555,0.104155,0.422081,0.292759,-0.863032,-0.411665,0.321393,0.494295,-0.8077
0.749059,0.487001,1.19449,0.900555,-0.0464864,0.43225,0.292759,-0.670187,-0.682013,0.321393,0.740735,-0.589931
0.749059,0.374977,1.20083,0.900555,-0.191521,0.390283,0.292759,-0.396508,-0.8701,0.321393,0.897831,-0.301008
0.749059,0.267539,1.16848,0.900555,-0.313456,0.301242,0.292759,-0.0750039,-0.95324,0.321393,0.946636,0.0242217
0.749059,0.177646,1.10133,0.900555,-0.397583,0.175867,0.292759,0.255547,-0.921406,0.321393,0.881263,0.34653
0.654934,0.257392,1.02248,0.707258,-0.599179,0.375195,0.558827,0.14877,-0.81583,0.433011,0.786672,0.440056
0.654934,0.218044,0.960668,0.707258,-0.691368,0.147636,0.558827,0.418829,-0.715747,0.433011,0.588721,0.682575
0.654934,0.202211,0.889124,0.707258,-0.700168,-0.0977291,0.558827,0.63837,-0.529335,0.433011,0.319763,0.842766
0.654934,0.211803,0.81648,0.707258,-0.624517,-0.331307,0.558827,0.780915,-0.279076,0.433011,0.0122357,0.901306
0.654934,0.245661,0.751497,0.707258,-0.473541,-0.524924,0.558827,0.82927,0.00484255,0.433011,-0.296767,0.851135
0.654934,0.299704,0.702014,0.707258,-0.265448,-0.655228,0.558827,0.777603,0.288178,0.433011,-0.569975,0.698305
0.654934,0.367411,0.673998,0.707258,-0.0253385,-0.706501,0.558827,0.632145,0.536754,0.433011,-0.774436,0.461249
0.654934,0.440617,0.670829,0.707258,0.217827,-0.67256,0.558827,0.410441,0.72059,0.433011,-0.885488,0.16856
0.654934,0.510492,0.692889,0.707258,0.43472,-0.557499,0.558827,0.139232,0.817512,0.433011,-0.889738,-0.14446
0.654934,0.568608,0.737518,0.707258,0.599179,-0.375195,0.558827,-0.14877,0.81583,0.433011,-0.786672,-0.440056
0.654934,0.607956,0.799332,0.707258,0.691368,-0.147636,0.558827,-0.418829,0.715747,0.433011,-0.588721,-0.682575
0.654934,0.623789,0.870876,0.707258,0.700168,0.0977291,0.558827,-0.63837,0.529335,0.433011,-0.319763,-0.842766
0.654934,0.614197,0.94352,0.707258,0.624517,0.331307,0.558827,-0.780915,0.279076,0.433011,-0.0122357,-0.901306
0.654934,0.580339,1.0085,0.707258,0.473541,0.524924,0.558827,-0.82927,-0.00484255,0.433011,0.296767,-0.851135
0.654934,0.526296,1.05799,0.707258,0.265448,0.655228,0.558827,-0.777603,-0.288178,0.433011,0.569975,-0.698305
0.654934,0.458589,1.086,0.707258,0.0253385,0.706501,0.558827,-0.632145,-0.536754,0.433011,0.774436,-0.461249
0.654934,0.385383,1.08917,0.707258,-0.217827,0.67256,0.558827,-0.410441,-0.72059,0.433011,0.885488,-0.16856
