0.658953,0.474726,1.15574,0.308961,0.811229,-0.496438,0.951075,-0.263533,0.161267,-3.49349e-06,-0.521975,-0.852961
0.907818,0.236183,1.35681,0.92986,-0.344304,-0.129678,-0.179072,-0.115639,-0.977016,0.321394,0.93171,-0.169183
0.907818,0.111413,1.2908,0.92986,-0.279187,-0.239616,-0.179072,0.225494,-0.957646,0.321394,0.933385,0.159683
0.907818,0.0167463,1.18609,0.92986,-0.180397,-0.320653,-0.179072,0.53943,-0.822769,0.321394,0.82248,0.46929
0.907818,-0.0363981,1.05531,0.92986,-0.0598476,-0.363014,-0.179072,0.788302,-0.588654,0.321394,0.612372,0.722293
0.907818,-0.0416105,0.914249,0.92986,0.0679199,-0.361591,-0.179072,0.942093,-0.283539,0.321394,0.328402,0.888176
0.907818,0.00173796,0.77991,0.92986,0.187495,-0.316555,-0.179072,0.982254,0.0557752,0.321394,0.00482302,0.946933
0.907818,0.0884187,0.668499,0.92986,0.284456,-0.233337,-0.179072,0.90394,0.388362,0.321394,-0.319338,0.891476
0.907818,0.207977,0.593453,0.92986,0.347107,-0.121975,-0.179072,0.716598,0.674107,0.321394,-0.604982,0.728493
0.907818,0.345992,0.563825,0.92986,0.367892,0.00409838,-0.179072,0.442824,0.878544,0.321394,-0.817657,0.477643
0.907818,0.485817,0.583187,0.92986,0.344304,0.129678,-0.179072,0.115639,0.977016,0.321394,-0.93171,0.169183
0.907818,0.610587,0.649205,0.92986,0.279187,0.239616,-0.179072,-0.225494,0.957646,0.321394,-0.933385,-0.159683
0.907818,0.705254,0.753915,0.92986,0.180397,0.320653,-0.179072,-0.53943,0.822769,0.321394,-0.82248,-0.46929
0.907818,0.758398,0.884688,0.92986,0.0598476,0.363014,-0.179072,-0.788302,0.588654,0.321394,-0.612372,-0.722293
0.907818,0.76361,1.02575,0.92986,-0.0679199,0.361591,-0.179072,-0.942093,0.283539,0.321394,-0.328402,-0.888176
0.907818,0.720262,1.16009,0.92986,-0.187495,0.316555,-0.179072,-0.982254,-0.0557752,0.321394,-0.00482302,-0.946933
0.907818,0.633581,1.2715,0.92986,-0.284456,0.233337,-0.179072,-0.90394,-0.388362,0.321394,0.319338,-0.891476
0.907818,0.514023,1.34655,0.92986,-0.347107,0.121975,-0.179072,-0.716598,-0.674107,0.321394,0.604982,-0.728493
0.907818,0.376008,1.37618,0.92986,-0.367892,-0.00409838,-0.179072,-0.442824,-0.878544,0.321394,0.817657,-0.477643
0.907818,0.236183,1.35681,0.92986,-0.344304,-0.129678,-0.179072,-0.115639,-0.977016,0.321394,0.93171,-0.169183
0.809114,0.284773,1.32708,0.796489,-0.603946,0.0292127,-0.0275851,-0.0845575,-0.996037,0.604023,0.792527,-0.084009
0.809114,0.167242,1.27947,0.796489,-0.577515,-0.179111,-0.0275851,0.261207,-0.964889,0.604023,0.773464,0.192117
0.809114,0.0730811,1.19454,0.796489,-0.481427,-0.365831,-0.0275851,0.575465,-0.817361,0.604023,0.661111,0.445072
0.809114,0.0136476,1.08252,0.796489,-0.327272,-0.508427,-0.0275851,0.820314,-0.571247,0.604023,0.469017,0.644344
0.809114,-0.00389003,0.956937,0.796489,-0.133643,-0.589698,-0.0275851,0.966221,-0.256233,0.604023,0.220354,0.765899
0.809114,0.0225835,0.832925,0.796489,0.0761052,-0.599844,-0.0275851,0.995588,0.0896871,0.604023,-0.0548881,0.795075
0.809114,0.089875,0.725446,0.796489,0.276674,-0.537639,-0.0275851,0.904872,0.424789,0.604023,-0.323509,0.728353
0.809114,0.189868,0.647464,0.796489,0.443872,-0.410587,-0.0275851,0.705015,0.708656,0.604023,-0.553111,0.573781
0.809114,0.310502,0.608385,0.796489,0.557533,-0.234013,-0.0275851,0.420123,0.907048,0.604023,-0.715999,0.350003
0.809114,0.437227,0.612922,0.796489,0.603946,-0.0292127,-0.0275851,0.0845575,0.996037,0.604023,-0.792527,0.084009
0.809114,0.554758,0.660528,0.796489,0.577515,0.179111,-0.0275851,-0.261207,0.964889,0.604023,-0.773464,-0.192117
0.809114,0.648919,0.74546,0.796489,0.481427,0.365831,-0.0275851,-0.575465,0.817361,0.604023,-0.661111,-0.445072
0.809114,0.708352,0.857476,0.796489,0.327272,0.508427,-0.0275851,-0.820314,0.571247,0.604023,-0.469017,-0.644344
0.809114,0.72589,0.983063,0.796489,0.133643,0.589698,-0.0275851,-0.966221,0.256233,0.604023,-0.220354,-0.765899
0.809114,0.699417,1.10708,0.796489,-0.0761052,0.599844,-0.0275851,-0.995588,-0.0896871,0.604023,0.0548881,-0.795075
0.809114,0.632125,1.21455,0.796489,-0.276674,0.537639,-0.0275851,-0.904872,-0.424789,0.604023,0.323509,-0.728353
0.809114,0.532132,1.29254,0.796489,-0.443872,0.410587,-0.0275851,-0.705015,-0.708656,0.604023,0.553111,-0.573781
0.809114,0.411498,1.33161,0.796489,-0.557533,0.234013,-0.0275851,-0.420123,-0.907048,0.604023,0.715999,-0.350003
0.809114,0.284773,1.32708,0.796489,-0.603946,0.0292127,-0.0275851,-0.0845575,-0.996037,0.604023,0.792527,-0.084009
0.735846,0.359227,1.28152,0.567051,-0.809023,0.154711,0.127229,-0.0995439,-0.986866,0.813797,0.579287,0.0464849
0.735846,0.252789,1.26212,0.567051,-0.813147,-0.131321,0.127229,0.243987,-0.961396,0.813797,0.528453,0.241809
0.735846,0.159403,1.20749,0.567051,-0.719194,-0.401514,0.127229,0.55809,-0.819969,0.813797,0.41388,0.407968
0.735846,0.090333,1.12422,0.567051,-0.538495,-0.623279,0.127229,0.804879,-0.57964,0.813797,0.249386,0.52492
0.735846,0.0539092,1.02235,0.567051,-0.292846,-0.769867,0.127229,0.954587,-0.269399,0.813797,0.0548134,0.578558
0.735846,0.0545251,0.914159,0.567051,-0.0118751,-0.823597,0.127229,0.989159,0.0733358,0.813797,-0.146371,0.562414
0.735846,0.0921064,0.812706,0.567051,0.270528,-0.77799,0.127229,0.904423,0.407225,0.813797,-0.329901,0.478435
0.735846,0.16212,0.730225,0.567051,0.520301,-0.638545,0.127229,0.7106,0.691997,0.813797,-0.473639,0.336749
0.735846,0.256122,0.676665,0.567051,0.707318,-0.422083,0.127229,0.431069,0.893304,0.813797,-0.56025,0.154446
0.735846,0.362773,0.658485,0.567051,0.809023,-0.154711,0.127229,0.0995439,0.986866,0.813797,-0.579287,-0.0464849
0.735846,0.469211,0.677878,0.567051,0.813147,0.131321,0.127229,-0.243987,0.961396,0.813797,-0.528453,-0.241809
0.735846,0.562597,0.732505,0.567051,0.719194,0.401514,0.127229,-0.55809,0.819969,0.813797,-0.41388,-0.407968
0.735846,0.631667,0.815778,0.567051,0.538495,0.623279,0.127229,-0.804879,0.57964,0.813797,-0.249386,-0.52492
0.735846,0.668091,0.917652,0.567051,0.292846,0.769867,0.127229,-0.954587,0.269399,0.813797,-0.0548134,-0.578558
0.735846,0.667475,1.02584,0.567051,0.0118751,0.823597,0.127229,-0.989159,-0.0733358,0.813797,0.146371,-0.562414
0.735846,0.629894,1.12729,0.567051,-0.270528,0.77799,0.127229,-0.904423,-0.407225,0.813797,0.329901,-0.478435
0.735846,0.55988,1.20977,0.567051,-0.520301,0.638545,0.127229,-0.7106,-0.691997,0.813797,0.473639,-0.336749
0.735846,0.465878,1.26334,0.567051,-0.707318,0.422083,0.127229,-0.431069,-0.893304,0.813797,0.56025,-0.154446
0.735846,0.359227,1.28152,0.567051,-0.809023,0.154711,0.127229,-0.0995439,-0.986866,0.813797,0.579287,0.0464849
0.696852,0.450565,1.22562,0.269218,-0.934797,0.23168,0.266698,-0.158791,-0.950609,0.925416,0.317709,0.206559
0.696852,0.357736,1.24084,0.269218,-0.957661,-0.102012,0.266698,0.175913,-0.94759,0.925416,0.227902,0.302765
0.696852,0.265301,1.22339,0.269218,-0.865017,-0.423399,0.266698,0.489399,-0.830277,0.925416,0.110606,0.362453
0.696852,0.184409,1.17538,0.269218,-0.668039,-0.693719,0.266698,0.743856,-0.612821,0.925416,-0.0200309,0.378424
0.696852,0.124816,1.10259,0.269218,-0.390486,-0.880365,0.266698,0.908594,-0.32145,0.925416,-0.148251,0.348751
0.696852,0.0937103,1.01382,0.269218,-0.0658341,-0.960827,0.266698,0.963741,0.00869338,0.925416,-0.258591,0.277014
0.696852,0.0948439,0.919755,0.269218,0.266758,-0.925398,0.266698,0.902647,0.337788,0.925416,-0.33774,0.171865
0.696852,0.12808,0.831754,0.269218,0.567176,-0.778353,0.266698,0.73268,0.62614,0.925416,-0.376153,0.0459861
0.696852,0.189409,0.760428,0.269218,0.799183,-0.537427,0.266698,0.474342,0.838971,0.925416,-0.369197,-0.0854392
0.696852,0.271435,0.71438,0.269218,0.934797,-0.23168,0.266698,0.158791,0.950609,0.925416,-0.317709,-0.206559
0.696852,0.364264,0.699163,0.269218,0.957661,0.102012,0.266698,-0.175913,0.94759,0.925416,-0.227902,-0.302765
0.696852,0.456699,0.716612,0.269218,0.865017,0.423399,0.266698,-0.489399,0.830277,0.925416,-0.110606,-0.362453
0.696852,0.537591,0.764625,0.269218,0.668039,0.693719,0.266698,-0.743856,0.612821,0.925416,0.0200309,-0.378424
0.696852,0.597184,0.837408,0.269218,0.390486,0.880365,0.266698,-0.908594,0.32145,0.925416,0.148251,-0.348751
0.696852,0.62829,0.926184,0.269218,0.0658341,0.960827,0.266698,-0.963741,-0.00869338,0.925416,0.258591,-0.277014
0.696852,0.627156,1.02024,0.269218,-0.266758,0.925398,0.266698,-0.902647,-0.337788,0.925416,0.33774,-0.171865
0.696852,0.59392,1.10825,0.269218,-0.567176,0.778353,0.266698,-0.73268,-0.62614,0.925416,0.376153,-0.0459861
0.696852,0.532591,1.17957,0.269218,-0.799183,0.537427,0.266698,-0.474342,-0.838971,0.925416,0.369197,0.0854392
0.696852,0.450565,1.22562,0.269218,-0.934797,0.23168,0.266698,-0.158791,-0.950609,0.925416,0.317709,0.206559
0.696834,0.54777,1.16613,-0.061087,-0.9661,0.250836,0.373999,-0.255151,-0.89164,0.925415,0.0393446,0.376907
0.696834,0.469425,1.21819,-0.061087,-0.993628,-0.0947173,0.373999,0.0651952,-0.925135,0.925415,-0.0919379,0.367633
0.696834,0.378001,1.2403,-0.061087,-0.90131,-0.428846,0.373999,0.377678,-0.847044,0.925415,-0.212131,0.314018
0.696834,0.284528,1.22982,-0.061087,-0.70028,-0.71125,0.373999,0.644608,-0.666788,0.925415,-0.306739,0.222527
0.696834,0.200277,1.18799,-0.061087,-0.414786,-0.907866,0.373999,0.833788,-0.406107,0.925415,-0.364349,0.104196
0.696834,0.135413,1.11987,-0.061087,-0.0792634,-0.99498,0.373999,0.922401,-0.0964432,0.925415,-0.378013,-0.0267023
0.696834,0.0977573,1.03368,-0.061087,0.26582,-0.962085,0.373999,0.899759,0.224853,0.925415,-0.346083,-0.15438
0.696834,0.0918527,0.939806,-0.061087,0.578842,-0.813149,0.373999,0.768593,0.519028,0.925415,-0.272411,-0.263437
0.696834,0.118411,0.849573,-0.061087,0.822046,-0.566134,0.373999,0.544723,0.750601,0.925415,-0.165882,-0.34072
0.696834,0.17423,0.773865,-0.061087,0.9661,-0.250836,0.373999,0.255151,0.89164,0.925415,-0.0393446,-0.376907
0.696834,0.252575,0.721815,-0.061087,0.993628,0.0947173,0.373999,-0.0651952,0.925135,0.925415,0.0919379,-0.367633
0.696834,0.343999,0.699699,-0.061087,0.90131,0.428846,0.373999,-0.377678,0.847044,0.925415,0.212131,-0.314018
0.696834,0.437472,0.710185,-0.061087,0.70028,0.71125,0.373999,-0.644608,0.666788,0.925415,0.306739,-0.222527
0.696834,0.521723,0.752009,-0.061087,0.414786,0.907866,0.373999,-0.833788,0.406107,0.925415,0.364349,-0.104196
0.696834,0.586587,0.820126,-0.061087,0.0792634,0.99498,0.373999,-0.922401,0.0964432,0.925415,0.378013,0.0267023
0.696834,0.624243,0.90632,-0.061087,-0.26582,0.962085,0.373999,-0.899759,-0.224853,0.925415,0.346083,0.15438
0.696834,0.630147,1.00019,-0.061087,-0.578842,0.813149,0.373999,-0.768593,-0.519028,0.925415,0.272411,0.263437
0.696834,0.603589,1.09043,-0.061087,-0.822046,0.566134,0.373999,-0.544723,-0.750601,0.925415,0.165882,0.34072
0.696834,0.54777,1.16613,-0.061087,-0.9661,0.250836,0.373999,-0.255151,-0.89164,0.925415,0.0393446,0.376907
0.735794,0.639119,1.11023,-0.384024,-0.899156,0.209868,0.43619,-0.377004,-0.817072,0.813796,-0.222233,0.536981
0.735794,0.574384,1.1969,-0.384024,-0.916709,-0.110318,0.43619,-0.0748124,-0.896739,0.813796,-0.392489,0.428589
0.735794,0.483911,1.2562,-0.384024,-0.823694,-0.417198,0.43619,0.236402,-0.868247,0.813796,-0.515405,0.268503
0.735794,0.378614,1.28097,-0.384024,-0.631329,-0.673757,0.43619,0.519103,-0.735031,0.813796,-0.576156,0.0760314
0.735794,0.271192,1.26824,-0.384024,-0.362817,-0.849052,0.43619,0.739193,-0.513159,0.813796,-0.567413,-0.125611
0.735794,0.174602,1.21954,-0.384024,-0.0505433,-0.921939,0.43619,0.870125,-0.229393,0.813796,-0.490233,-0.312102
0.735794,0.100495,1.14074,-0.384024,0.267826,-0.883626,0.43619,0.896107,0.0820413,0.813796,-0.353923,-0.46095
0.735794,0.0578084,1.04135,-0.384024,0.553892,-0.738735,0.43619,0.814005,0.38358,0.813796,-0.174925,-0.5542
0.735794,0.0516911,0.933346,-0.384024,0.773151,-0.504741,0.43619,0.633723,0.638854,0.813796,0.0251721,-0.580605
0.735794,0.0828811,0.829767,-0.384024,0.899156,-0.209868,0.43619,0.377004,0.817072,0.813796,0.222233,-0.536981
0.735794,0.147616,0.743102,-0.384024,0.916709,0.110318,0.43619,0.0748124,0.896739,0.813796,0.392489,-0.428589
0.735794,0.238089,0.683804,-0.384024,0.823694,0.417198,0.43619,-0.236402,0.868247,0.813796,0.515405,-0.268503
0.735794,0.343386,0.659025,-0.384024,0.631329,0.673757,0.43619,-0.519103,0.735031,0.813796,0.576156,-0.0760314
0.735794,0.450808,0.671755,-0.384024,0.362817,0.849052,0.43619,-0.739193,0.513159,0.813796,0.567413,0.125611
0.735794,0.547398,0.720458,-0.384024,0.0505433,0.921939,0.43619,-0.870125,0.229393,0.813796,0.490233,0.312102
0.735794,0.621505,0.799258,-0.384024,-0.267826,0.883626,0.43619,-0.896107,-0.0820413,0.813796,0.353923,0.46095
0.735794,0.664192,0.898653,-0.384024,-0.553892,0.738735,0.43619,-0.814005,-0.38358,0.813796,0.174925,0.5542
0.735794,0.670309,1.00665,-0.384024,-0.773151,0.504741,0.43619,-0.633723,-0.638854,0.813796,-0.0251721,0.580605
0.735794,0.639119,1.11023,-0.384024,-0.899156,0.209868,0.43619,-0.377004,-0.817072,0.813796,-0.222233,0.536981
0.809034,0.713593,1.06466,-0.660642,-0.742038,0.113719,0.44577,-0.50965,-0.735898,0.604021,-0.435472,0.667475
0.809034,0.659954,1.17954,-0.660642,-0.736182,-0.146931,0.44577,-0.227223,-0.865828,0.604021,-0.6375,0.478281
0.809034,0.570256,1.26915,-0.660642,-0.641531,-0.389859,0.44577,0.0826112,-0.891327,0.604021,-0.762636,0.231399
0.809034,0.45532,1.32268,-0.660642,-0.469503,-0.585764,0.44577,0.382481,-0.809319,0.604021,-0.795786,-0.0433927
0.809034,0.329007,1.33367,-0.660642,-0.240845,-0.711018,0.44577,0.636218,-0.629695,0.604021,-0.732953,-0.312951
0.809034,0.206553,1.3008,-0.660642,0.0168622,-0.750512,0.44577,0.813218,-0.37412,0.604021,-0.581715,-0.544762
0.809034,0.102727,1.22803,-0.660642,0.272535,-0.699483,0.44577,0.892131,-0.0734212,0.604021,-0.360314,-0.710867
0.809034,0.0300531,1.12413,-0.660642,0.495337,-0.564087,0.44577,0.863441,0.236134,0.604021,-0.0954533,-0.791231
0.809034,-0.00270378,1.00164,-0.660642,0.658393,-0.360653,0.44577,0.730607,0.517207,0.604021,0.18092,-0.776161
0.809034,0.00840734,0.875342,-0.660642,0.742038,-0.113719,0.44577,0.50965,0.735898,0.604021,0.435472,-0.667475
0.809034,0.0620463,0.760456,-0.660642,0.736182,0.146931,0.44577,0.227223,0.865828,0.604021,0.6375,-0.478281
0.809034,0.151744,0.670845,-0.660642,0.641531,0.389859,0.44577,-0.0826112,0.891327,0.604021,0.762636,-0.231399
0.809034,0.26668,0.617317,-0.660642,0.469503,0.585764,0.44577,-0.382481,0.809319,0.604021,0.795786,0.0433927
0.809034,0.392993,0.606327,-0.660642,0.240845,0.711018,0.44577,-0.636218,0.629695,0.604021,0.732953,0.312951
0.809034,0.515447,0.639201,-0.660642,-0.0168622,0.750512,0.44577,-0.813218,0.37412,0.604021,0.581715,0.544762
0.809034,0.619273,0.711975,-0.660642,-0.272535,0.699483,0.44577,-0.892131,0.0734212,0.604021,0.360314,0.710867
0.809034,0.691947,0.81587,-0.660642,-0.495337,0.564087,0.44577,-0.863441,-0.236134,0.604021,0.0954533,0.791231
0.809034,0.724704,0.938356,-0.660642,-0.658393,0.360653,0.44577,-0.730607,-0.517207,0.604021,-0.18092,0.776161
0.809034,0.713593,1.06466,-0.660642,-0.742038,0.113719,0.44577,-0.50965,-0.735898,0.604021,-0.435472,0.667475
0.90772,0.762209,1.03491,-0.857576,-0.513698,-0.0260153,0.401584,-0.637092,-0.657909,0.321392,-0.574654,0.752648
0.90772,0.715813,1.16821,-0.857576,-0.473821,-0.200142,0.401584,-0.373653,-0.83613,0.321392,-0.797419,0.510715
0.90772,0.626622,1.27761,-0.857576,-0.376793,-0.350128,0.401584,-0.0651454,-0.913502,0.321392,-0.924004,0.207181
0.90772,0.505393,1.34991,-0.857576,-0.234319,-0.457883,0.401584,0.25122,-0.880692,0.321392,-0.93914,-0.121341
0.90772,0.366748,1.37638,-0.857576,-0.0635826,-0.510411,0.401584,0.537284,-0.741658,0.321392,-0.841001,-0.435228
0.90772,0.22741,1.35384,-0.857576,0.114823,-0.501376,0.401584,0.758544,-0.513169,0.321392,-0.641426,-0.69662
0.90772,0.104184,1.285,-0.857576,0.279379,-0.431868,0.401584,0.888312,-0.222784,0.321392,-0.364485,-0.873989
0.90772,0.0119346,1.17817,-0.857576,0.410238,-0.31027,0.401584,0.910937,0.0944723,0.321392,-0.0435821,-0.945943
0.90772,-0.0382126,1.04623,-0.857576,0.491616,-0.151249,0.401584,0.823689,0.400334,0.321392,0.282578,-0.903801
0.90772,-0.0402088,0.905093,-0.857576,0.513698,0.0260153,0.401584,0.637092,0.657909,0.321392,0.574654,-0.752648
0.90772,0.00618666,0.771786,-0.857576,0.473821,0.200142,0.401584,0.373653,0.83613,0.321392,0.797419,-0.510715
0.90772,0.0953778,0.662386,-0.857576,0.376793,0.350128,0.401584,0.0651454,0.913502,0.321392,0.924004,-0.207181
0.90772,0.216607,0.590089,-0.857576,0.234319,0.457883,0.401584,-0.25122,0.880692,0.321392,0.93914,0.121341
0.90772,0.355252,0.563615,-0.857576,0.0635826,0.510411,0.401584,-0.537284,0.741658,0.321392,0.841001,0.435228
0.90772,0.49459,0.586157,-0.857576,-0.114823,0.501376,0.401584,-0.758544,0.513169,0.321392,0.641426,0.69662
0.90772,0.617816,0.654997,-0.857576,-0.279379,0.431868,0.401584,-0.888312,0.222784,0.321392,0.364485,0.873989
0.90772,0.710065,0.76183,-0.857576,-0.410238,0.31027,0.401584,-0.910937,-0.0944723,0.321392,0.0435821,0.945943
0.90772,0.760213,0.893771,-0.857576,-0.491616,0.151249,0.401584,-0.823689,-0.400334,0.321392,-0.282578,0.903801
0.90772,0.762209,1.03491,-0.857576,-0.513698,-0.0260153,0.401584,-0.637092,-0.657909,0.321392,-0.574654,0.752648
0.883612,0.112541,1.28218,0.961642,-0.241818,-0.129496,-0.0812368,0.199844,-0.976454,0.262003,0.949519,0.172534
0.883612,0.0207537,1.17837,0.961642,-0.182944,-0.204393,-0.0812368,0.521759,-0.849216,0.262003,0.833246,0.486883
0.883612,-0.0299945,1.04943,0.961642,-0.102005,-0.254637,-0.0812368,0.780742,-0.61955,0.262003,0.616471,0.742508
0.883612,-0.033583,0.910916,0.961642,-0.0087625,-0.274168,-0.0812368,0.945556,-0.315157,0.262003,0.325341,0.908575
0.883612,0.0104211,0.779524,0.961642,0.085537,-0.260631,-0.0812368,0.996322,0.0272482,0.262003,-0.00503018,0.965054
0.883612,0.0967101,0.671106,0.961642,0.169519,-0.215657,-0.0812368,0.926917,0.366367,0.262003,-0.334795,0.905134
0.883612,0.214876,0.598739,0.961642,0.233055,-0.144673,-0.0812368,0.745712,0.661297,0.262003,-0.624178,0.736041
0.883612,0.350667,0.571152,0.961642,0.268481,-0.0562382,-0.0812368,0.474564,0.876465,0.262003,-0.838276,0.478171
0.883612,0.487705,0.591671,0.961642,0.271524,0.0389794,-0.0812368,0.146175,0.985918,0.262003,-0.951266,0.162626
0.883612,0.609459,0.657823,0.961642,0.241818,0.129496,-0.0812368,-0.199844,0.976454,0.262003,-0.949519,-0.172534
0.883612,0.701246,0.761628,0.961642,0.182944,0.204393,-0.0812368,-0.521759,0.849216,0.262003,-0.833246,-0.486883
0.883612,0.751995,0.890565,0.961642,0.102005,0.254637,-0.0812368,-0.780742,0.61955,0.262003,-0.616471,-0.742508
0.883612,0.755583,1.02908,0.961642,0.0087625,0.274168,-0.0812368,-0.945556,0.315157,0.262003,-0.325341,-0.908575
0.883612,0.711579,1.16048,0.961642,-0.085537,0.260631,-0.0812368,-0.996322,-0.0272482,0.262003,0.00503018,-0.965054
0.883612,0.62529,1.26889,0.961642,-0.169519,0.215657,-0.0812368,-0.926917,-0.366367,0.262003,0.334795,-0.905134
0.883612,0.507124,1.34126,0.961642,-0.233055,0.144673,-0.0812368,-0.745712,-0.661297,0.262003,0.624178,-0.736041
0.883612,0.371333,1.36885,0.961642,-0.268481,0.0562382,-0.0812368,-0.474564,-0.876465,0.262003,0.838276,-0.478171
0.883612,0.234295,1.34833,0.961642,-0.271524,-0.0389794,-0.0812368,-0.146175,-0.985918,0.262003,0.951266,-0.162626
0.883612,0.112541,1.28218,0.961642,-0.241818,-0.129496,-0.0812368,0.199844,-0.976454,0.262003,0.949519,0.172534
0.763622,0.171612,1.24603,0.856221,-0.515224,0.0378176,0.156285,0.188556,-0.969547,0.492403,0.836057,0.241968
0.763622,0.0886269,1.16461,0.856221,-0.497087,-0.14068,0.156285,0.50879,-0.846586,0.492403,0.702878,0.513324
0.763622,0.0384936,1.05971,0.856221,-0.418993,-0.30221,0.156285,0.767655,-0.621514,0.492403,0.484922,0.722765
0.763622,0.0272594,0.943999,0.856221,-0.290363,-0.427288,0.156285,0.933931,-0.321479,0.492403,0.208478,0.84503
0.763622,0.0562791,0.831421,0.856221,-0.126711,-0.50083,0.156285,0.98756,0.0173318,0.492403,-0.0931122,0.865372
0.763622,0.122053,0.735558,0.856221,0.0522246,-0.513964,0.156285,0.922075,0.354052,0.492403,-0.383472,0.781338
0.763622,0.216647,0.667972,0.856221,0.224861,-0.465106,0.156285,0.745374,0.648068,0.492403,-0.627579,0.603062
0.763622,0.328652,0.636815,0.856221,0.370376,-0.36015,0.156285,0.47877,0.863918,0.492403,-0.79599,0.352049
0.763622,0.444559,0.645845,0.856221,0.471218,-0.211754,0.156285,0.154419,0.975566,0.492403,-0.868394,0.0585727
0.763622,0.550388,0.693972,0.856221,0.515224,-0.0378176,0.156285,-0.188556,0.969547,0.492403,-0.836057,-0.241968
0.763622,0.633373,0.775393,0.856221,0.497087,0.14068,0.156285,-0.50879,0.846586,0.492403,-0.702878,-0.513324
0.763622,0.683506,0.880287,0.856221,0.418993,0.30221,0.156285,-0.767655,0.621514,0.492403,-0.484922,-0.722765
0.763622,0.694741,0.996001,0.856221,0.290363,0.427288,0.156285,-0.933931,0.321479,0.492403,-0.208478,-0.84503
0.763622,0.665721,1.10858,0.856221,0.126711,0.50083,0.156285,-0.98756,-0.0173318,0.492403,0.0931122,-0.865372
0.763622,0.599947,1.20444,0.856221,-0.0522246,0.513964,0.156285,-0.922075,-0.354052,0.492403,0.383472,-0.781338
0.763622,0.505353,1.27203,0.856221,-0.224861,0.465106,0.156285,-0.745374,-0.648068,0.492403,0.627579,-0.603062
0.763622,0.393348,1.30319,0.856221,-0.370376,0.36015,0.156285,-0.47877,-0.863918,0.492403,0.79599,-0.352049
0.763622,0.277441,1.29416,0.856221,-0.471218,0.211754,0.156285,-0.154419,-0.975566,0.492403,0.868394,-0.0585727
0.763622,0.171612,1.24603,0.856221,-0.515224,0.0378176,0.156285,0.188556,-0.969547,0.492403,0.836057,0.241968
0.674556,0.262126,1.19064,0.647527,-0.741388,0.17622,0.374957,0.108658,-0.920652,0.663413,0.662222,0.348347
0.674556,0.192627,1.14351,0.647527,-0.756947,-0.0879767,0.374957,0.416986,-0.827967,0.663413,0.503143,0.553833
0.674556,0.143436,1.07546,0.647527,-0.681208,-0.341562,0.374957,0.67502,-0.635417,0.663413,0.283378,0.692518
0.674556,0.120486,0.994691,0.647527,-0.523305,-0.55395,0.374957,0.851637,-0.366226,0.663413,0.0294332,0.747675
0.674556,0.126546,0.910942,0.647527,-0.302284,-0.699524,0.374957,0.925534,-0.0528628,0.663413,-0.228062,0.712651
0.674556,0.160884,0.834315,0.647527,-0.0448024,-0.760725,0.374957,0.887797,0.266876,0.663413,-0.458049,0.591671
0.674556,0.21936,0.774055,0.647527,0.218083,-0.730171,0.374957,0.742979,0.554426,0.663413,-0.632789,0.399327
0.674556,0.294919,0.737428,0.647527,0.454664,-0.611547,0.374957,0.508547,0.775104,0.663413,-0.731205,0.158818
0.674556,0.378449,0.728852,0.647527,0.636406,-0.419162,0.374957,0.212777,0.902293,0.663413,-0.741427,-0.100846
0.674556,0.459874,0.749363,0.647527,0.741388,-0.17622,0.374957,-0.108658,0.920652,0.663413,-0.662222,-0.348347
0.674556,0.529373,0.796486,0.647527,0.756947,0.0879767,0.374957,-0.416986,0.827967,0.663413,-0.503143,-0.553833
0.674556,0.578564,0.864537,0.647527,0.681208,0.341562,0.374957,-0.67502,0.635417,0.663413,-0.283378,-0.692518
0.674556,0.601514,0.945309,0.647527,0.523305,0.55395,0.374957,-0.851637,0.366226,0.663413,-0.0294332,-0.747675
0.674556,0.595454,1.02906,0.647527,0.302284,0.699524,0.374957,-0.925534,0.0528628,0.663413,0.228062,-0.712651
0.674556,0.561116,1.10568,0.647527,0.0448024,0.760725,0.374957,-0.887797,-0.266876,0.663413,0.458049,-0.591671
0.674556,0.50264,1.16595,0.647527,-0.218083,0.730171,0.374957,-0.742979,-0.554426,0.663413,0.632789,-0.399327
0.674556,0.427081,1.20257,0.647527,-0.454664,0.611547,0.374957,-0.508547,-0.775104,0.663413,0.731205,-0.158818
0.674556,0.343551,1.21115,0.647527,-0.636406,0.419162,0.374957,-0.212777,-0.902293,0.663413,0.741427,0.100846
0.674556,0.262126,1.19064,0.647527,-0.741388,0.17622,0.374957,0.108658,-0.920652,0.663413,0.662222,0.348347
0.627155,0.373165,1.12269,0.360731,-0.89303,0.269019,0.548404,-0.0302159,-0.835668,0.754404,0.448982,0.478841
0.627155,0.32021,1.11764,0.360731,-0.931183,-0.0526393,0.548404,0.257422,-0.795605,0.754404,0.258132,0.603524
0.627155,0.272174,1.09478,0.360731,-0.857022,-0.367948,0.548404,0.51401,-0.659581,0.754404,0.0361473,0.655414
0.627155,0.234853,1.05688,0.360731,-0.679492,-0.638877,0.548404,0.708601,-0.444001,0.754404,-0.190197,0.628251
0.627155,0.212746,1.00849,0.360731,-0.420005,-0.832748,0.548404,0.817725,-0.174869,0.754404,-0.393601,0.525311
0.627155,0.208521,0.955467,0.360731,-0.109859,-0.926177,0.548404,0.828219,0.115355,0.754404,-0.549531,0.359011
0.627155,0.222688,0.904192,0.360731,0.213538,-0.907896,0.548404,0.738817,0.391666,0.754404,-0.63918,0.14941
0.627155,0.253536,0.860855,0.360731,0.511179,-0.780109,0.548404,0.560303,0.620736,0.754404,-0.651733,-0.0782132
0.627155,0.297347,0.830683,0.360731,0.747164,-0.558229,0.548404,0.314209,0.774936,0.754404,-0.585679,-0.296402
0.627155,0.348835,0.817314,0.360731,0.89303,-0.269019,0.548404,0.0302159,0.835668,0.754404,-0.448982,-0.478841
0.627155,0.40179,0.822362,0.360731,0.931183,0.0526393,0.548404,-0.257422,0.795605,0.754404,-0.258132,-0.603524
0.627155,0.449826,0.845216,0.360731,0.857022,0.367948,0.548404,-0.51401,0.659581,0.754404,-0.0361473,-0.655414
0.627155,0.487147,0.883122,0.360731,0.679492,0.638877,0.548404,-0.708601,0.444001,0.754404,0.190197,-0.628251
0.627155,0.509254,0.931506,0.360731,0.420005,0.832748,0.548404,-0.817725,0.174869,0.754404,0.393601,-0.525311
0.627155,0.513479,0.984533,0.360731,0.109859,0.926177,0.548404,-0.828219,-0.115355,0.754404,0.549531,-0.359011
0.627155,0.499312,1.03581,0.360731,-0.213538,0.907896,0.548404,-0.738817,-0.391666,0.754404,0.63918,-0.14941
0.627155,0.468464,1.07914,0.360731,-0.511179,0.780109,0.548404,-0.560303,-0.620736,0.754404,0.651733,0.0782132
0.627155,0.424653,1.10932,0.360731,-0.747164,0.558229,0.548404,-0.314209,-0.774936,0.754404,0.585679,0.296402
0.627155,0.373165,1.12269,0.360731,-0.89303,0.269019,0.548404,-0.0302159,-0.835668,0.754404,0.448982,0.478841
0.627137,0.491336,1.05037,0.0304265,-0.95186,0.30502,0.655705,-0.211314,-0.724843,0.754404,0.222058,0.617709
0.627137,0.455987,1.0901,0.0304265,-0.998779,-0.03893,0.655705,0.0493411,-0.753403,0.754404,-0.00260313,0.656405
0.627137,0.409182,1.11535,0.0304265,-0.92523,-0.378185,0.655705,0.304045,-0.691092,0.754404,-0.22695,0.615929
0.627137,0.356565,1.12306,0.0304265,-0.740085,-0.671825,0.655705,0.522076,-0.545425,0.754404,-0.423923,0.501162
0.627137,0.304483,1.11231,0.0304265,-0.465675,-0.884433,0.655705,0.677137,-0.333971,0.754404,-0.569765,0.325948
0.627137,0.259218,1.0844,0.0304265,-0.135098,-0.990365,0.655705,0.750526,-0.0822357,0.754404,-0.646885,0.11142
0.627137,0.226229,1.04269,0.0304265,0.211775,-0.976845,0.655705,0.73339,0.179419,0.754404,-0.645981,-0.116547
0.627137,0.209496,0.992211,0.0304265,0.533104,-0.845503,0.655705,0.627796,0.419432,0.754404,-0.567162,-0.330457
0.627137,0.211036,0.939054,0.0304265,0.790133,-0.61218,0.655705,0.446481,0.608856,0.754404,-0.419935,-0.504509
0.627137,0.230664,0.889629,0.0304265,0.95186,-0.30502,0.655705,0.211314,0.724843,0.754404,-0.222058,-0.617709
0.627137,0.266013,0.849899,0.0304265,0.998779,0.03893,0.655705,-0.0493411,0.753403,0.754404,0.00260313,-0.656405
0.627137,0.312818,0.824655,0.0304265,0.92523,0.378185,0.655705,-0.304045,0.691092,0.754404,0.22695,-0.615929
0.627137,0.365435,0.816941,0.0304265,0.740085,0.671825,0.655705,-0.522076,0.545425,0.754404,0.423923,-0.501162
0.627137,0.417517,0.827688,0.0304265,0.465675,0.884433,0.655705,-0.677137,0.333971,0.754404,0.569765,-0.325948
0.627137,0.462782,0.855601,0.0304265,0.135098,0.990365,0.655705,-0.750526,0.0822357,0.754404,0.646885,-0.11142
0.627137,0.495771,0.897311,0.0304265,-0.211775,0.976845,0.655705,-0.73339,-0.179419,0.754404,0.645981,0.116547
0.627137,0.512504,0.947789,0.0304265,-0.533104,0.845503,0.655705,-0.627796,-0.419432,0.754404,0.567162,0.330457
0.627137,0.510964,1.00095,0.0304265,-0.790133,0.61218,0.655705,-0.446481,-0.608856,0.754404,0.419935,0.504509
0.627137,0.491336,1.05037,0.0304265,-0.95186,0.30502,0.655705,-0.211314,-0.724843,0.754404,0.222058,0.617709
0.674504,0.602385,0.982413,-0.303548,-0.910782,0.279882,0.683918,-0.412793,-0.601547,0.663411,0.00881828,0.748203
0.674504,0.583582,1.06422,-0.303548,-0.951581,-0.0485024,0.683918,-0.182157,-0.706452,0.663411,-0.247614,0.706097
0.674504,0.537932,1.13467,-0.303548,-0.877605,-0.371037,0.683918,0.070449,-0.72615,0.663411,-0.47418,0.578825
0.674504,0.470942,1.18525,-0.303548,-0.697776,-0.648819,0.683918,0.314558,-0.658262,0.663411,-0.643554,0.381738
0.674504,0.390692,1.20987,-0.303548,-0.433786,-0.848344,0.683918,0.520727,-0.510979,0.663411,-0.735305,0.138608
0.674504,0.306859,1.20556,-0.303548,-0.117475,-0.945547,0.683918,0.664088,-0.302064,0.663411,-0.738367,-0.12124
0.674504,0.229558,1.17284,-0.303548,0.213006,-0.928702,0.683918,0.727351,-0.0567158,0.663411,-0.652372,-0.366465
0.674504,0.16811,1.11565,-0.303548,0.517795,-0.799842,0.683918,0.702884,0.195473,0.663411,-0.487691,-0.567488
0.674504,0.129927,1.04089,-0.303548,0.76013,-0.574509,0.683918,0.593639,0.424085,0.663411,-0.264187,-0.700065
0.674504,0.119615,0.957587,-0.303548,0.910782,-0.279882,0.683918,0.412793,0.601547,0.663411,-0.00881828,-0.748203
0.674504,0.138418,0.875777,-0.303548,0.951581,0.0485024,0.683918,0.182157,0.706452,0.663411,0.247614,-0.706097
0.674504,0.184068,0.805332,-0.303548,0.877605,0.371037,0.683918,-0.070449,0.72615,0.663411,0.47418,-0.578825
0.674504,0.251058,0.754748,-0.303548,0.697776,0.648819,0.683918,-0.314558,0.658262,0.663411,0.643554,-0.381738
0.674504,0.331308,0.730127,-0.303548,0.433786,0.848344,0.683918,-0.520727,0.510979,0.663411,0.735305,-0.138608
0.674504,0.415141,0.734438,-0.303548,0.117475,0.945547,0.683918,-0.664088,0.302064,0.663411,0.738367,0.12124
0.674504,0.492442,0.767161,-0.303548,-0.213006,0.928702,0.683918,-0.727351,0.0567158,0.663411,0.652372,0.366465
0.674504,0.55389,0.82435,-0.303548,-0.517795,0.799842,0.683918,-0.702884,-0.195473,0.663411,0.487691,0.567488
0.674504,0.592073,0.899106,-0.303548,-0.76013,0.574509,0.683918,-0.593639,-0.424085,0.663411,0.264187,0.700065
0.674504,0.602385,0.982413,-0.303548,-0.910782,0.279882,0.683918,-0.412793,-0.601547,0.663411,0.00881828,0.748203
0.763543,0.692918,0.92701,-0.60091,-0.774752,0.196638,0.629641,-0.610352,-0.480649,0.492402,-0.165016,0.854582
0.763543,0.687605,1.04313,-0.60091,-0.795282,-0.0802018,0.629641,-0.409152,-0.660415,0.492402,-0.447348,0.746606
0.763543,0.642898,1.15042,-0.60091,-0.71989,-0.347368,0.629641,-0.158602,-0.760525,0.492402,-0.675724,0.548578
0.763543,0.564189,1.23595,-0.60091,-0.557669,-0.572636,0.629641,0.111078,-0.768905,0.492402,-0.822598,0.284383
0.763543,0.460974,1.28941,-0.60091,-0.328184,-0.728836,0.629641,0.36736,-0.684543,0.492402,-0.870254,-0.0141123
0.763543,0.3457,1.30434,-0.60091,-0.059116,-0.797127,0.629641,0.579333,-0.517616,0.492402,-0.812944,-0.310906
0.763543,0.232271,1.27894,-0.60091,0.217083,-0.769273,0.629641,0.72143,-0.288256,0.492402,-0.657582,-0.570199
0.763543,0.134369,1.21629,-0.60091,0.467098,-0.648634,0.629641,0.776512,-0.0241284,0.492402,-0.422905,-0.760718
0.763543,0.063802,1.12392,-0.60091,0.660774,-0.44976,0.629641,0.737935,0.242909,0.492402,-0.13722,-0.859483
0.763543,0.0290815,1.01299,-0.60091,0.774752,-0.196638,0.629641,0.610352,0.480649,0.492402,0.165016,-0.854582
0.763543,0.0343953,0.896874,-0.60091,0.795282,0.0802018,0.629641,0.409152,0.660415,0.492402,0.447348,-0.746606
0.763543,0.0791024,0.789579,-0.60091,0.71989,0.347368,0.629641,0.158602,0.760525,0.492402,0.675724,-0.548578
0.763543,0.157811,0.704045,-0.60091,0.557669,0.572636,0.629641,-0.111078,0.768905,0.492402,0.822598,-0.284383
0.763543,0.261026,0.650589,-0.60091,0.328184,0.728836,0.629641,-0.36736,0.684543,0.492402,0.870254,0.0141123
0.763543,0.3763,0.635659,-0.60091,0.059116,0.797127,0.629641,-0.579333,0.517616,0.492402,0.812944,0.310906
0.763543,0.489729,0.661055,-0.60091,-0.217083,0.769273,0.629641,-0.72143,0.288256,0.492402,0.657582,0.570199
0.763543,0.587631,0.723715,-0.60091,-0.467098,0.648634,0.629641,-0.776512,0.0241284,0.492402,0.422905,0.760718
0.763543,0.658198,0.81608,-0.60091,-0.660774,0.44976,0.629641,-0.737935,-0.242909,0.492402,0.13722,0.859483
0.763543,0.692918,0.92701,-0.60091,-0.774752,0.196638,0.629641,-0.610352,-0.480649,0.492402,-0.165016,0.854582
0.883514,0.752017,0.890844,-0.825794,-0.560175,0.0653259,0.499419,-0.780162,-0.376732,0.262001,-0.278478,0.924016
0.883514,0.755509,1.02935,-0.825794,-0.548736,-0.130205,0.499419,-0.604263,-0.620843,0.262001,-0.577716,0.773046
0.883514,0.711417,1.1607,-0.825794,-0.47111,-0.310031,0.499419,-0.355481,-0.790072,0.262001,-0.807273,0.528835
0.883514,0.625059,1.26905,-0.825794,-0.336662,-0.452463,0.499419,-0.0638219,-0.864006,0.262001,-0.93946,0.220839
0.883514,0.506852,1.34133,-0.825794,-0.161607,-0.540321,0.499419,0.235535,-0.833729,0.262001,-0.958335,-0.113794
0.883514,0.371054,1.36882,-0.825794,0.03294,-0.563009,0.499419,0.506482,-0.702891,0.262001,-0.861621,-0.434701
0.883514,0.234042,1.34821,-0.825794,0.223514,-0.517789,0.499419,0.716341,-0.487275,0.262001,-0.660982,-0.703177
0.883514,0.112344,1.28198,-0.825794,0.387129,-0.410116,0.499419,0.839798,-0.212885,0.262001,-0.38062,-0.88684
0.883514,0.0206369,1.17812,-0.825794,0.50405,-0.252978,0.499419,0.861963,0.0871809,0.262001,-0.0543484,-0.963536
0.883514,-0.0300171,1.04916,-0.825794,0.560175,-0.0653259,0.499419,0.780162,0.376732,0.262001,0.278478,-0.924016
0.883514,-0.0335087,0.910646,-0.825794,0.548736,0.130205,0.499419,0.604263,0.620843,0.262001,0.577716,-0.773046
0.883514,0.0105833,0.779296,-0.825794,0.47111,0.310031,0.499419,0.355481,0.790072,0.262001,0.807273,-0.528835
0.883514,0.0969407,0.670947,-0.825794,0.336662,0.452463,0.499419,0.0638219,0.864006,0.262001,0.93946,-0.220839
0.883514,0.215148,0.598669,-0.825794,0.161607,0.540321,0.499419,-0.235535,0.833729,0.262001,0.958335,0.113794
0.883514,0.350946,0.571178,-0.825794,-0.03294,0.563009,0.499419,-0.506482,0.702891,0.262001,0.861621,0.434701
0.883514,0.487958,0.591792,-0.825794,-0.223514,0.517789,0.499419,-0.716341,0.487275,0.262001,0.660982,0.703177
0.883514,0.609656,0.658022,-0.825794,-0.387129,0.410116,0.499419,-0.839798,0.212885,0.262001,0.38062,0.88684
0.883514,0.701363,0.761882,-0.825794,-0.50405,0.252978,0.499419,-0.861963,-0.0871809,0.262001,0.0543484,0.963536
0.883514,0.752017,0.890844,-0.825794,-0.560175,0.0653259,0.499419,-0.780162,-0.376732,0.262001,-0.278478,0.924016
0.875863,0.018864,1.16989,0.985232,-0.143631,-0.0932149,-0.00862081,0.502093,-0.86477,0.17101,0.852803,0.49344
0.875863,-0.0288688,1.04082,0.985232,-0.103087,-0.136718,-0.00862081,0.767582,-0.640892,0.17101,0.632606,0.755358
0.875863,-0.0295777,0.903203,0.985232,-0.0501101,-0.163731,-0.00862081,0.94049,-0.339713,0.17101,0.336108,0.926168
0.875863,0.0168228,0.773646,0.985232,0.00891116,-0.170995,-0.00862081,0.99996,0.00244051,0.17101,-0.000930353,0.985269
0.875863,0.104736,0.667772,0.985232,0.0668576,-0.157635,-0.00862081,0.93882,0.3443,0.17101,-0.337856,0.925532
0.875863,0.223559,0.598351,0.985232,0.11674,-0.125262,-0.00862081,0.764445,0.644631,0.17101,-0.634031,0.754162
0.875863,0.358959,0.573757,0.985232,0.152542,-0.0777803,-0.00862081,0.497866,0.867211,0.17101,-0.853733,0.491829
0.875863,0.494605,0.596955,0.985232,0.169945,-0.0209172,-0.00862081,0.171238,0.985192,0.17101,-0.970462,0.170174
0.875863,0.614136,0.665148,0.985232,0.16685,0.0384688,-0.00862081,-0.176045,0.984344,0.17101,-0.970139,-0.172006
0.875863,0.703136,0.770111,0.985232,0.143631,0.0932149,-0.00862081,-0.502093,0.86477,0.17101,-0.852803,-0.49344
0.875863,0.750869,0.899183,0.985232,0.103087,0.136718,-0.00862081,-0.767582,0.640892,0.17101,-0.632606,-0.755358
0.875863,0.751578,1.0368,0.985232,0.0501101,0.163731,-0.00862081,-0.94049,0.339713,0.17101,-0.336108,-0.926168
0.875863,0.705177,1.16635,0.985232,-0.00891116,0.170995,-0.00862081,-0.99996,-0.00244051,0.17101,0.000930353,-0.985269
0.875863,0.617264,1.27223,0.985232,-0.0668576,0.157635,-0.00862081,-0.93882,-0.3443,0.17101,0.337856,-0.925532
0.875863,0.498441,1.34165,0.985232,-0.11674,0.125262,-0.00862081,-0.764445,-0.644631,0.17101,0.634031,-0.754162
0.875863,0.363041,1.36624,0.985232,-0.152542,0.0777803,-0.00862081,-0.497866,-0.867211,0.17101,0.853733,-0.491829
0.875863,0.227395,1.34304,0.985232,-0.169945,0.0209172,-0.00862081,-0.171238,-0.985192,0.17101,0.970462,-0.170174
0.875863,0.107864,1.27485,0.985232,-0.16685,-0.0384688,-0.00862081,0.176045,-0.984344,0.17101,0.970139,0.172006
0.875863,0.018864,1.16989,0.985232,-0.143631,-0.0932149,-0.00862081,0.502093,-0.86477,0.17101,0.852803,0.49344
0.749059,0.0812918,1.13169,0.900555,-0.427253,0.0803499,0.292759,0.459359,-0.838619,0.321393,0.778745,0.53876
0.749059,0.0428604,1.02627,0.900555,-0.428968,-0.0706249,0.292759,0.718481,-0.630934,0.321393,0.547514,0.772615
0.749059,0.0428013,0.914066,0.900555,-0.378942,-0.213081,0.292759,0.890943,-0.347149,0.321393,0.250245,0.913282
0.749059,0.0811216,0.808609,0.900555,-0.283211,-0.329837,0.292759,0.955945,-0.0214927,0.321393,-0.0772073,0.943793
0.749059,0.153199,0.722618,0.900555,-0.153321,-0.406809,0.292759,0.905645,0.306756,0.321393,-0.395347,0.860469
0.749059,0.250341,0.666465,0.900555,-0.00493751,-0.434714,0.292759,0.746111,0.598005,0.321393,-0.665803,0.67336
0.749059,0.36083,0.646923,0.900555,0.144041,-0.410187,0.292759,0.496586,0.817126,0.321393,-0.855953,0.405033
0.749059,0.471339,0.666348,0.900555,0.275647,-0.336184,0.292759,0.187164,0.93769,0.321393,-0.942862,0.0878537
0.749059,0.56854,0.722399,0.900555,0.374005,-0.221633,0.292759,-0.144832,0.945154,0.321393,-0.916048,-0.239922
0.749059,0.640708,0.808314,0.900555,0.427253,-0.0803499,0.292759,-0.459359,0.838619,0.321393,-0.778745,-0.53876
0.749059,0.67914,0.913731,0.900555,0.428968,0.0706249,0.292759,-0.718481,0.630934,0.321393,-0.547514,-0.772615
0.749059,0.679199,1.02593,0.900555,0.378942,0.213081,0.292759,-0.890943,0.347149,0.321393,-0.250245,-0.913282
0.749059,0.640878,1.13139,0.900555,0.283211,0.329837,0.292759,-0.955945,0.0214927,0.321393,0.0772073,-0.943793
0.749059,0.568801,1.21738,0.900555,0.153321,0.406809,0.292759,-0.905645,-0.306756,0.321393,0.395347,-0.860469
0.749059,0.471659,1.27354,0.900555,0.00493751,0.434714,0.292759,-0.746111,-0.598005,0.321393,0.665803,-0.67336
0.749059,0.36117,1.29308,0.900555,-0.144041,0.410187,0.292759,-0.496586,-0.817126,0.321393,0.855953,-0.405033
0.749059,0.250661,1.27365,0.900555,-0.275647,0.336184,0.292759,-0.187164,-0.93769,0.321393,0.942862,-0.0878537
0.749059,0.15346,1.2176,0.900555,-0.374005,0.221633,0.292759,0.144832,-0.945154,0.321393,0.916048,0.239922
0.749059,0.0812918,1.13169,0.900555,-0.427253,0.0803499,0.292759,0.459359,-0.838619,0.321393,0.778745,0.53876
0.654934,0.176947,1.07315,0.707258,-0.669068,0.22833,0.558827,0.331281,-0.76024,0.433011,0.665283,0.608194
0.654934,0.152768,1.00398,0.707258,-0.706812,-0.0142742,0.558827,0.571319,-0.601087,0.433011,0.417147,0.799056
0.654934,0.153705,0.93071,0.707258,-0.659303,-0.255157,0.558827,0.742449,-0.369435,0.433011,0.118697,0.89354
0.654934,0.179644,0.86218,0.707258,-0.532274,-0.465264,0.558827,0.824028,-0.0932226,0.433011,-0.19407,0.880249
0.654934,0.227458,0.806655,0.707258,-0.341044,-0.619254,0.558827,0.806217,0.194233,0.433011,-0.483429,0.760788
0.654934,0.291378,0.770832,0.707258,-0.108679,-0.698552,0.558827,0.691164,0.458262,0.433011,-0.71448,0.549564
0.654934,0.363697,0.759031,0.707258,0.136794,-0.693595,0.558827,0.492747,0.667018,0.433011,-0.859353,0.272055
0.654934,0.43569,0.772676,0.707258,0.365768,-0.60498,0.558827,0.234897,0.795321,0.433011,-0.900576,-0.038268
0.654934,0.498674,0.810122,0.707258,0.550624,-0.443395,0.558827,-0.0512845,0.827697,0.433011,-0.833176,-0.343975
0.654934,0.545053,0.866851,0.707258,0.669068,-0.22833,0.558827,-0.331281,0.76024,0.433011,-0.665283,-0.608194
0.654934,0.569232,0.936021,0.707258,0.706812,0.0142742,0.558827,-0.571319,0.601087,0.433011,-0.417147,-0.799056
0.654934,0.568295,1.00929,0.707258,0.659303,0.255157,0.558827,-0.742449,0.369435,0.433011,-0.118697,-0.89354
0.654934,0.542356,1.07782,0.707258,0.532274,0.465264,0.558827,-0.824028,0.0932226,0.433011,0.19407,-0.880249
0.654934,0.494542,1.13334,0.707258,0.341044,0.619254,0.558827,-0.806217,-0.194233,0.433011,0.483429,-0.760788
0.654934,0.430622,1.16917,0.707258,0.108679,0.698552,0.558827,-0.691164,-0.458262,0.433011,0.71448,-0.549564
0.654934,0.358303,1.18097,0.707258,-0.136794,0.693595,0.558827,-0.492747,-0.667018,0.433011,0.859353,-0.272055
0.654934,0.28631,1.16732,0.707258,-0.365768,0.60498,0.558827,-0.234897,-0.795321,0.433011,0.900576,0.038268
