0.658953,0.370068,1.03509,0.308961,0.913032,0.266301,0.951075,-0.296601,-0.0865125,-3.49349e-06,0.280001,-0.96
0.907818,0.0608244,0.993849,0.92986,-0.135657,-0.341992,-0.179072,0.645131,-0.742792,0.321394,0.751933,0.575588
0.907818,0.0257408,0.857119,0.92986,-0.0105081,-0.367765,-0.179072,0.860274,-0.477348,0.321394,0.509723,0.798052
0.907818,0.0395375,0.716636,0.92986,0.115909,-0.34918,-0.179072,0.971656,-0.15433,0.321394,0.206033,0.92426
0.907818,0.10055,0.589343,0.92986,0.228345,-0.288479,-0.179072,0.965842,0.187303,0.321394,-0.122507,0.938988
0.907818,0.20142,0.490595,0.92986,0.313239,-0.192983,-0.179072,0.843533,0.506345,0.321394,-0.436272,0.84046
0.907818,0.329981,0.432301,0.92986,0.360353,-0.0742101,-0.179072,0.619481,0.764314,0.321394,-0.697416,0.64056
0.907818,0.470726,0.421494,0.92986,0.364002,0.0535132,-0.179072,0.320711,0.930095,0.321394,-0.874441,0.363399
0.907818,0.606679,0.459476,0.92986,0.323748,0.174782,-0.179072,-0.0167412,0.983693,0.321394,-0.945995,0.0424072
0.907818,0.721443,0.541666,0.92986,0.244444,0.27497,-0.179072,-0.352175,0.918644,0.321394,-0.903449,-0.2837
0.907818,0.801176,0.658151,0.92986,0.135657,0.341992,-0.179072,-0.645131,0.742792,0.321394,-0.751933,-0.575588
0.907818,0.836259,0.794881,0.92986,0.0105081,0.367765,-0.179072,-0.860274,0.477348,0.321394,-0.509723,-0.798052
0.907818,0.822462,0.935364,0.92986,-0.115909,0.34918,-0.179072,-0.971656,0.15433,0.321394,-0.206033,-0.92426
0.907818,0.76145,1.06266,0.92986,-0.228345,0.288479,-0.179072,-0.965842,-0.187303,0.321394,0.122507,-0.938988
0.907818,0.66058,1.16141,0.92986,-0.313239,0.192983,-0.179072,-0.843533,-0.506345,0.321394,0.436272,-0.84046
0.907818,0.532019,1.2197,0.92986,-0.360353,0.0742101,-0.179072,-0.619481,-0.764314,0.321394,0.697416,-0.64056
0.907818,0.391274,1.23051,0.92986,-0.364002,-0.0535132,-0.179072,-0.320711,-0.930095,0.321394,0.874441,-0.363399
0.907818,0.255321,1.19252,0.92986,-0.323748,-0.174782,-0.179072,0.0167412,-0.983693,0.321394,0.945995,-0.0424072
0.907818,0.140557,1.11033,0.92986,-0.244444,-0.27497,-0.179072,0.352175,-0.918644,0.321394,0.903449,0.2837
0.907818,0.0608244,0.993849,0.92986,-0.135657,-0.341992,-0.179072,0.645131,-0.742792,0.321394,0.751933,0.575588
0.809114,0.115511,1.0098,0.796489,-0.427883,-0.427224,-0.0275851,0.680112,-0.732589,0.604023,0.595284,0.529899
0.809114,0.0716745,0.890812,0.796489,-0.255959,-0.547804,-0.0275851,0.889657,-0.455796,0.604023,0.378148,0.701541
0.809114,0.0711775,0.764007,0.796489,-0.053163,-0.602311,-0.0275851,0.991895,-0.124028,0.604023,0.115402,0.788568
0.809114,0.11408,0.644679,0.796489,0.156046,-0.58417,-0.0275851,0.974497,0.2227,0.604023,-0.161264,0.780481
0.809114,0.195208,0.547221,0.796489,0.346433,-0.495569,-0.0275851,0.839559,0.542567,0.604023,-0.418479,0.678257
0.809114,0.304777,0.483388,0.796489,0.495035,-0.347196,-0.0275851,0.603359,0.796992,0.604023,-0.625219,0.494225
0.809114,0.429569,0.460879,0.796489,0.583929,-0.156946,-0.0275851,0.294384,0.955289,0.604023,-0.756548,0.250582
0.809114,0.554534,0.482409,0.796489,0.602392,0.0522348,-0.0275851,-0.0500971,0.998363,0.604023,-0.796627,-0.0232848
0.809114,0.664599,0.545381,0.796489,0.548198,0.255115,-0.0275851,-0.388536,0.92102,0.604023,-0.74062,-0.294343
0.809114,0.746489,0.6422,0.796489,0.427883,0.427224,-0.0275851,-0.680112,0.732589,0.604023,-0.595284,-0.529899
0.809114,0.790325,0.761188,0.796489,0.255959,0.547804,-0.0275851,-0.889657,0.455796,0.604023,-0.378148,-0.701541
0.809114,0.790822,0.887993,0.796489,0.053163,0.602311,-0.0275851,-0.991895,0.124028,0.604023,-0.115402,-0.788568
0.809114,0.74792,1.00732,0.796489,-0.156046,0.58417,-0.0275851,-0.974497,-0.2227,0.604023,0.161264,-0.780481
0.809114,0.666792,1.10478,0.796489,-0.346433,0.495569,-0.0275851,-0.839559,-0.542567,0.604023,0.418479,-0.678257
0.809114,0.557223,1.16861,0.796489,-0.495035,0.347196,-0.0275851,-0.603359,-0.796992,0.604023,0.625219,-0.494225
0.809114,0.432431,1.19112,0.796489,-0.583929,0.156946,-0.0275851,-0.294384,-0.955289,0.604023,0.756548,-0.250582
0.809114,0.307466,1.16959,0.796489,-0.602392,-0.0522348,-0.0275851,0.0500971,-0.998363,0.604023,0.796627,0.0232848
0.809114,0.197401,1.10662,0.796489,-0.548198,-0.255115,-0.0275851,0.388536,-0.92102,0.604023,0.74062,0.294343
0.809114,0.115511,1.0098,0.796489,-0.427883,-0.427224,-0.0275851,0.680112,-0.732589,0.604023,0.595284,0.529899
0.735846,0.199309,1.03424,0.567051,-0.658695,-0.494544,0.127229,0.663245,-0.737508,0.813797,0.355284,0.459899
0.735846,0.142059,0.942439,0.567051,-0.449827,-0.690007,0.127229,0.875489,-0.466188,0.813797,0.176563,0.553678
0.735846,0.11966,0.836593,0.567051,-0.186703,-0.802244,0.127229,0.982136,-0.138639,0.813797,-0.0234538,0.580675
0.735846,0.134813,0.72947,0.567051,0.0989405,-0.817719,0.127229,0.970324,0.205633,0.813797,-0.220642,0.537635
0.735846,0.18569,0.633989,0.567051,0.37265,-0.734565,0.127229,0.841475,0.525102,0.813797,-0.391218,0.429747
0.735846,0.266156,0.561668,0.567051,0.601412,-0.562811,0.127229,0.611133,0.781236,0.813797,-0.514607,0.270026
0.735846,0.366504,0.521229,0.567051,0.757635,-0.323174,0.127229,0.307079,0.943141,0.813797,-0.575926,0.0777358
0.735846,0.474631,0.51755,0.567051,0.822477,-0.044558,0.127229,-0.0340139,0.99129,0.813797,-0.567781,-0.123931
0.735846,0.577496,0.551075,0.567051,0.788115,0.239433,0.127229,-0.371004,0.919874,0.813797,-0.491153,-0.310649
0.735846,0.662691,0.617759,0.567051,0.658695,0.494544,0.127229,-0.663245,0.737508,0.813797,-0.355284,-0.459899
0.735846,0.719941,0.709561,0.567051,0.449827,0.690007,0.127229,-0.875489,0.466188,0.813797,-0.176563,-0.553678
0.735846,0.74234,0.815407,0.567051,0.186703,0.802244,0.127229,-0.982136,0.138639,0.813797,0.0234538,-0.580675
0.735846,0.727187,0.92253,0.567051,-0.0989405,0.817719,0.127229,-0.970324,-0.205633,0.813797,0.220642,-0.537635
0.735846,0.67631,1.01801,0.567051,-0.37265,0.734565,0.127229,-0.841475,-0.525102,0.813797,0.391218,-0.429747
0.735846,0.595844,1.09033,0.567051,-0.601412,0.562811,0.127229,-0.611133,-0.781236,0.813797,0.514607,-0.270026
0.735846,0.495496,1.13077,0.567051,-0.757635,0.323174,0.127229,-0.307079,-0.943141,0.813797,0.575926,-0.0777358
0.735846,0.387369,1.13445,0.567051,-0.822477,0.044558,0.127229,0.0340139,-0.99129,0.813797,0.567781,0.123931
0.735846,0.284504,1.10093,0.567051,-0.788115,-0.239433,0.127229,0.371004,-0.919874,0.813797,0.491153,0.310649
0.735846,0.199309,1.03424,0.567051,-0.658695,-0.494544,0.127229,0.663245,-0.737508,0.813797,0.355284,0.459899
0.696852,0.302109,1.06422,0.269218,-0.800253,-0.535832,0.266698,0.596563,-0.756957,0.925416,0.060881,0.374031
0.696852,0.228405,1.00577,0.269218,-0.568727,-0.77722,0.266698,0.819481,-0.50727,0.925416,-0.0707168,0.372297
0.696852,0.179136,0.925641,0.269218,-0.268603,-0.924864,0.266698,0.943557,-0.196399,0.925416,-0.193785,0.325658
0.696852,0.160246,0.833489,0.269218,0.0639176,-0.960956,0.266698,0.953826,0.13816,0.925416,-0.29348,0.23974
0.696852,0.174013,0.740434,0.269218,0.388729,-0.881142,0.266698,0.84905,0.456056,0.925416,-0.357777,0.124906
0.696852,0.218777,0.6577,0.269218,0.666654,-0.695049,0.266698,0.641865,0.718945,0.925416,-0.378921,-0.00499374
0.696852,0.289137,0.595265,0.269218,0.864171,-0.425124,0.266698,0.357263,0.895118,0.925416,-0.354361,-0.134291
0.696852,0.376609,0.56066,0.269218,0.957456,-0.103922,0.266698,0.0295686,0.963327,0.925416,-0.28706,-0.247391
0.696852,0.47064,0.558059,0.269218,0.935258,0.229815,0.266698,-0.301692,0.915344,0.925416,-0.185136,-0.330652
0.696852,0.559891,0.587776,0.269218,0.800253,0.535832,0.266698,-0.596563,0.756957,0.925416,-0.060881,-0.374031
0.696852,0.633595,0.646226,0.269218,0.568727,0.77722,0.266698,-0.819481,0.50727,0.925416,0.0707168,-0.372297
0.696852,0.682864,0.726359,0.269218,0.268603,0.924864,0.266698,-0.943557,0.196399,0.925416,0.193785,-0.325658
0.696852,0.701754,0.818511,0.269218,-0.0639176,0.960956,0.266698,-0.953826,-0.13816,0.925416,0.29348,-0.23974
0.696852,0.687987,0.911566,0.269218,-0.388729,0.881142,0.266698,-0.84905,-0.456056,0.925416,0.357777,-0.124906
0.696852,0.643223,0.9943,0.269218,-0.666654,0.695049,0.266698,-0.641865,-0.718945,0.925416,0.378921,0.00499374
0.696852,0.572863,1.05673,0.269218,-0.864171,0.425124,0.266698,-0.357263,-0.895118,0.925416,0.354361,0.134291
0.696852,0.485391,1.09134,0.269218,-0.957456,0.103922,0.266698,-0.0295686,-0.963327,0.925416,0.28706,0.247391
0.696852,0.39136,1.09394,0.269218,-0.935258,-0.229815,0.266698,0.301692,-0.915344,0.925416,0.185136,0.330652
0.696852,0.302109,1.06422,0.269218,-0.800253,-0.535832,0.266698,0.596563,-0.756957,0.925416,0.060881,0.374031
0.696834,0.411513,1.09613,-0.061087,-0.835485,-0.546108,0.373999,0.48811,-0.788589,0.925415,-0.252416,0.282653
0.696834,0.320297,1.07318,-0.061087,-0.598319,-0.798926,0.373999,0.728387,-0.574088,0.925415,-0.333867,0.179275
0.696834,0.242434,1.02041,-0.061087,-0.288987,-0.955382,0.373999,0.88081,-0.290343,0.925415,-0.375048,0.0542747
0.696834,0.187314,0.944191,-0.061087,0.0552011,-0.996605,0.373999,0.926994,0.0284211,0.925415,-0.370993,-0.0772724
0.696834,0.161586,0.853717,-0.061087,0.392731,-0.917622,0.373999,0.861368,0.343758,0.925415,-0.32219,-0.199499
0.696834,0.168354,0.759901,-0.061087,0.682892,-0.727961,0.373999,0.69185,0.617632,0.925415,-0.234527,-0.297664
0.696834,0.206801,0.674057,-0.061087,0.890686,-0.450497,0.373999,0.438883,0.817011,0.925415,-0.118577,-0.359925
0.696834,0.272289,0.60654,-0.061087,0.99105,-0.118696,0.373999,0.132981,0.917846,0.925415,0.0116763,-0.378775
0.696834,0.35692,0.565493,-0.061087,0.971879,0.227421,0.373999,-0.18896,0.907975,0.925415,0.140521,-0.351938
0.696834,0.450487,0.555866,-0.061087,0.835485,0.546108,0.373999,-0.48811,0.788589,0.925415,0.252416,-0.282653
0.696834,0.541703,0.578822,-0.061087,0.598319,0.798926,0.373999,-0.728387,0.574088,0.925415,0.333867,-0.179275
0.696834,0.619566,0.631591,-0.061087,0.288987,0.955382,0.373999,-0.88081,0.290343,0.925415,0.375048,-0.0542747
0.696834,0.674686,0.707809,-0.061087,-0.0552011,0.996605,0.373999,-0.926994,-0.0284211,0.925415,0.370993,0.0772724
0.696834,0.700414,0.798283,-0.061087,-0.392731,0.917622,0.373999,-0.861368,-0.343758,0.925415,0.32219,0.199499
0.696834,0.693646,0.892099,-0.061087,-0.682892,0.727961,0.373999,-0.69185,-0.617632,0.925415,0.234527,0.297664
0.696834,0.655199,0.977943,-0.061087,-0.890686,0.450497,0.373999,-0.438883,-0.817011,0.925415,0.118577,0.359925
0.696834,0.589711,1.04546,-0.061087,-0.99105,0.118696,0.373999,-0.132981,-0.917846,0.925415,-0.0116763,0.378775
0.696834,0.50508,1.08651,-0.061087,-0.971879,-0.227421,0.373999,0.18896,-0.907975,0.925415,-0.140521,0.351938
0.696834,0.411513,1.09613,-0.061087,-0.835485,-0.546108,0.373999,0.48811,-0.788589,0.925415,-0.252416,0.282653
0.735794,0.514325,1.12612,-0.384024,-0.760139,-0.524132,0.43619,0.350966,-0.82859,0.813796,-0.546819,0.196785
0.735794,0.406653,1.13652,-0.384024,-0.535033,-0.752506,0.43619,0.613195,-0.658582,0.813796,-0.581147,-0.00210544
0.735794,0.301917,1.10947,-0.384024,-0.245394,-0.890116,0.43619,0.801463,-0.40914,0.813796,-0.545379,-0.200742
0.735794,0.212751,1.04822,-0.384024,0.0738424,-0.920366,0.43619,0.893063,-0.110349,0.813796,-0.443831,-0.375167
0.735794,0.149908,0.960175,-0.384024,0.384173,-0.839605,0.43619,0.876946,0.201751,0.813796,-0.28875,-0.504341
0.735794,0.12097,0.855944,-0.384024,0.648166,-0.657576,0.43619,0.755057,0.489518,0.813796,-0.0988416,-0.572683
0.735794,0.129425,0.748102,-0.384024,0.833981,-0.396233,0.43619,0.542097,0.718241,0.813796,0.102989,-0.571952
0.735794,0.174255,0.649655,-0.384024,0.919206,-0.0870993,0.43619,0.263751,0.860333,0.813796,0.292397,-0.502235
0.735794,0.250052,0.572478,-0.384024,0.893561,0.23254,0.43619,-0.0464062,0.898657,0.813796,0.446538,-0.371941
0.735794,0.347675,0.525879,-0.384024,0.760139,0.524132,0.43619,-0.350966,0.82859,0.813796,0.546819,-0.196785
0.735794,0.455347,0.51548,-0.384024,0.535033,0.752506,0.43619,-0.613195,0.658582,0.813796,0.581147,0.00210544
0.735794,0.560083,0.542534,-0.384024,0.245394,0.890116,0.43619,-0.801463,0.40914,0.813796,0.545379,0.200742
0.735794,0.649249,0.603778,-0.384024,-0.0738424,0.920366,0.43619,-0.893063,0.110349,0.813796,0.443831,0.375167
0.735794,0.712092,0.691825,-0.384024,-0.384173,0.839605,0.43619,-0.876946,-0.201751,0.813796,0.28875,0.504341
0.735794,0.74103,0.796056,-0.384024,-0.648166,0.657576,0.43619,-0.755057,-0.489518,0.813796,0.0988416,0.572683
0.735794,0.732575,0.903898,-0.384024,-0.833981,0.396233,0.43619,-0.542097,-0.718241,0.813796,-0.102989,0.571952
0.735794,0.687745,1.00235,-0.384024,-0.919206,0.0870993,0.43619,-0.263751,-0.860333,0.813796,-0.292397,0.502235
0.735794,0.611948,1.07952,-0.384024,-0.893561,-0.23254,0.43619,0.0464062,-0.898657,0.813796,-0.446538,0.371941
0.735794,0.514325,1.12612,-0.384024,-0.760139,-0.524132,0.43619,0.350966,-0.82859,0.813796,-0.546819,0.196785
0.809034,0.598145,1.15057,-0.660642,-0.583304,-0.472555,0.44577,0.201674,-0.872133,0.604021,-0.786819,0.126786
0.809034,0.477056,1.18816,-0.660642,-0.386503,-0.643559,0.44577,0.487798,-0.750561,0.604021,-0.782731,-0.149968
0.809034,0.350412,1.18207,-0.660642,-0.143084,-0.736939,0.44577,0.715088,-0.53846,0.604021,-0.684234,-0.408634
0.809034,0.233488,1.13304,-0.660642,0.117593,-0.741434,0.44577,0.856127,-0.261412,0.604021,-0.503209,-0.618012
0.809034,0.140387,1.04697,-0.660642,0.364087,-0.656501,0.44577,0.893904,0.0471654,0.604021,-0.261489,-0.752849
0.809034,0.0823386,0.934245,-0.660642,0.566666,-0.492384,0.44577,0.823864,0.350054,0.604021,0.0117702,-0.796881
0.809034,0.0663434,0.808468,-0.660642,0.700897,-0.268879,0.44577,0.654453,0.610721,0.604021,0.28361,-0.744798
0.809034,0.0943313,0.684805,-0.660642,0.75059,-0.0129423,0.44577,0.406106,0.797726,0.604021,0.521242,-0.602881
0.809034,0.162926,0.578173,-0.660642,0.70975,0.244555,0.44577,0.108776,0.888514,0.604021,0.696005,-0.388247
0.809034,0.263855,0.501432,-0.660642,0.583304,0.472555,0.44577,-0.201674,0.872133,0.604021,0.786819,-0.126786
0.809034,0.384944,0.463839,-0.660642,0.386503,0.643559,0.44577,-0.487798,0.750561,0.604021,0.782731,0.149968
0.809034,0.511588,0.469928,-0.660642,0.143084,0.736939,0.44577,-0.715088,0.53846,0.604021,0.684234,0.408634
0.809034,0.628512,0.518964,-0.660642,-0.117593,0.741434,0.44577,-0.856127,0.261412,0.604021,0.503209,0.618012
0.809034,0.721613,0.605034,-0.660642,-0.364087,0.656501,0.44577,-0.893904,-0.0471654,0.604021,0.261489,0.752849
0.809034,0.779661,0.717755,-0.660642,-0.566666,0.492384,0.44577,-0.823864,-0.350054,0.604021,-0.0117702,0.796881
0.809034,0.795657,0.843532,-0.660642,-0.700897,0.268879,0.44577,-0.654453,-0.610721,0.604021,-0.28361,0.744798
0.809034,0.767669,0.967195,-0.660642,-0.75059,0.0129423,0.44577,-0.406106,-0.797726,0.604021,-0.521242,0.602881
0.809034,0.699074,1.07383,-0.660642,-0.70975,-0.244555,0.44577,-0.108776,-0.888514,0.604021,-0.696005,0.388247
0.809034,0.598145,1.15057,-0.660642,-0.583304,-0.472555,0.44577,0.201674,-0.872133,0.604021,-0.786819,0.126786
0.90772,0.652862,1.16653,-0.857576,-0.32631,-0.397599,0.401584,0.0582387,-0.913969,0.321392,-0.943467,0.0810965
0.90772,0.523015,1.22187,-0.857576,-0.170644,-0.485225,0.401584,0.367322,-0.838931,0.321392,-0.914306,-0.246479
0.90772,0.38207,1.22947,-0.857576,0.00560387,-0.514326,0.401584,0.632101,-0.662705,0.321392,-0.774866,-0.544326
0.90772,0.247026,1.1884,-0.857576,0.181176,-0.481392,0.401584,0.820639,-0.406548,0.321392,-0.541965,-0.776518
0.90772,0.134172,1.10362,-0.857576,0.334895,-0.390394,0.401584,0.910196,-0.101355,0.321392,-0.243696,-0.915052
0.90772,0.0571204,0.98536,-0.857576,0.448221,-0.25231,0.401584,0.88997,0.216063,0.321392,0.0839669,-0.943216
0.90772,0.0251639,0.847875,-0.857576,0.507485,-0.083793,0.401584,0.762401,0.507421,0.321392,0.401502,-0.857615
0.90772,0.0421572,0.707751,-0.857576,0.505539,0.0948305,0.401584,0.542874,0.737576,0.321392,0.67061,-0.668573
0.90772,0.106051,0.581891,-0.857576,0.442617,0.262016,0.401584,0.257869,0.878768,0.321392,0.858833,-0.398891
0.90772,0.209138,0.485473,-0.857576,0.32631,0.397599,0.401584,-0.0582387,0.913969,0.321392,0.943467,-0.0810965
0.90772,0.338985,0.430128,-0.857576,0.170644,0.485225,0.401584,-0.367322,0.838931,0.321392,0.914306,0.246479
0.90772,0.47993,0.422531,-0.857576,-0.00560387,0.514326,0.401584,-0.632101,0.662705,0.321392,0.774866,0.544326
0.90772,0.614974,0.463598,-0.857576,-0.181176,0.481392,0.401584,-0.820639,0.406548,0.321392,0.541965,0.776518
0.90772,0.727828,0.548377,-0.857576,-0.334895,0.390394,0.401584,-0.910196,0.101355,0.321392,0.243696,0.915052
0.90772,0.80488,0.66664,-0.857576,-0.448221,0.25231,0.401584,-0.88997,-0.216063,0.321392,-0.0839669,0.943216
0.90772,0.836836,0.804125,-0.857576,-0.507485,0.083793,0.401584,-0.762401,-0.507421,0.321392,-0.401502,0.857615
0.90772,0.819843,0.944249,-0.857576,-0.505539,-0.0948305,0.401584,-0.542874,-0.737576,0.321392,-0.67061,0.668573
0.90772,0.755949,1.07011,-0.857576,-0.442617,-0.262016,0.401584,-0.257869,-0.878768,0.321392,-0.858833,0.398891
0.90772,0.652862,1.16653,-0.857576,-0.32631,-0.397599,0.401584,0.0582387,-0.913969,0.321392,-0.943467,0.0810965
0.883612,0.0328763,0.852156,0.961642,-0.0668511,-0.266037,-0.0812368,0.856936,-0.50898,0.262003,0.511069,0.818635
0.883612,0.0479401,0.714413,0.961642,0.0281707,-0.272858,-0.0812368,0.979338,-0.185196,0.262003,0.200258,0.944061
0.883612,0.109207,0.590128,0.961642,0.119795,-0.246767,-0.0812368,0.983617,0.160926,0.262003,-0.134707,0.955619
0.883612,0.209286,0.494293,0.961642,0.19697,-0.190913,-0.0812368,0.869258,0.487638,0.262003,-0.453424,0.851916
0.883612,0.336107,0.438467,0.961642,0.250387,-0.112032,-0.0812368,0.650053,0.755534,0.262003,-0.717452,0.645459
0.883612,0.474374,0.429383,0.961642,0.273604,-0.0196386,-0.0812368,0.352442,0.932301,0.262003,-0.894944,0.36115
0.883612,0.60741,0.468137,0.961642,0.263821,0.075124,-0.0812368,0.0123218,0.996619,0.262003,-0.964493,0.0332811
0.883612,0.719167,0.550054,0.961642,0.222216,0.160825,-0.0812368,-0.329285,0.94073,0.262003,-0.91771,-0.298602
0.883612,0.796168,0.665255,0.961642,0.15381,0.227129,-0.0812368,-0.631175,0.771374,0.262003,-0.760237,-0.594469
0.883612,0.829124,0.799844,0.961642,0.0668511,0.266037,-0.0812368,-0.856936,0.50898,0.262003,-0.511069,-0.818635
0.883612,0.81406,0.937587,0.961642,-0.0281707,0.272858,-0.0812368,-0.979338,0.185196,0.262003,-0.200258,-0.944061
0.883612,0.752793,1.06187,0.961642,-0.119795,0.246767,-0.0812368,-0.983617,-0.160926,0.262003,0.134707,-0.955619
0.883612,0.652714,1.15771,0.961642,-0.19697,0.190913,-0.0812368,-0.869258,-0.487638,0.262003,0.453424,-0.851916
0.883612,0.525893,1.21353,0.961642,-0.250387,0.112032,-0.0812368,-0.650053,-0.755534,0.262003,0.717452,-0.645459
0.883612,0.387626,1.22262,0.961642,-0.273604,0.0196386,-0.0812368,-0.352442,-0.932301,0.262003,0.894944,-0.36115
0.883612,0.25459,1.18386,0.961642,-0.263821,-0.075124,-0.0812368,-0.0123218,-0.996619,0.262003,0.964493,-0.0332811
0.883612,0.142833,1.10195,0.961642,-0.222216,-0.160825,-0.0812368,0.329285,-0.94073,0.262003,0.91771,0.298602
0.883612,0.0658322,0.986745,0.961642,-0.15381,-0.227129,-0.0812368,0.631175,-0.771374,0.262003,0.760237,0.594469
0.883612,0.0328763,0.852156,0.961642,-0.0668511,-0.266037,-0.0812368,0.856936,-0.50898,0.262003,0.511069,0.818635
0.763622,0.0993613,0.871548,0.856221,-0.374568,-0.355788,0.156285,0.844232,-0.512686,0.492403,0.383367,0.781389
0.763622,0.103783,0.755374,0.856221,-0.230292,-0.462441,0.156285,0.968668,-0.193022,0.492403,0.0929969,0.865385
0.763622,0.147672,0.647718,0.856221,-0.0582394,-0.513317,0.156285,0.976267,0.149922,0.492403,-0.20859,0.845002
0.763622,0.225735,0.561566,0.856221,0.120838,-0.502279,0.156285,0.866115,0.474784,0.492403,-0.485019,0.7227
0.763622,0.328556,0.507309,0.856221,0.28534,-0.430659,0.156285,0.651496,0.74238,0.492403,-0.702947,0.51323
0.763622,0.443732,0.49149,0.856221,0.415426,-0.307095,0.156285,0.358297,0.920434,0.492403,-0.836089,0.241857
0.763622,0.557374,0.516018,0.856221,0.495405,-0.146491,0.156285,0.0218825,0.98747,0.492403,-0.868386,-0.0586884
0.763622,0.655772,0.577935,0.856221,0.515632,0.031782,0.156285,-0.317172,0.935402,0.492403,-0.795944,-0.352155
0.763622,0.72706,0.669772,0.856221,0.473665,0.206222,0.156285,-0.61797,0.770511,0.492403,-0.627498,-0.603146
0.763622,0.762639,0.780452,0.856221,0.374568,0.355788,0.156285,-0.844232,0.512686,0.492403,-0.383367,-0.781389
0.763622,0.758217,0.896626,0.856221,0.230292,0.462441,0.156285,-0.968668,0.193022,0.492403,-0.0929969,-0.865385
0.763622,0.714328,1.00428,0.856221,0.0582394,0.513317,0.156285,-0.976267,-0.149922,0.492403,0.20859,-0.845002
0.763622,0.636265,1.09043,0.856221,-0.120838,0.502279,0.156285,-0.866115,-0.474784,0.492403,0.485019,-0.7227
0.763622,0.533444,1.14469,0.856221,-0.28534,0.430659,0.156285,-0.651496,-0.74238,0.492403,0.702947,-0.51323
0.763622,0.418268,1.16051,0.856221,-0.415426,0.307095,0.156285,-0.358297,-0.920434,0.492403,0.836089,-0.241857
0.763622,0.304626,1.13598,0.856221,-0.495405,0.146491,0.156285,-0.0218825,-0.98747,0.492403,0.868386,0.0586884
0.763622,0.206228,1.07407,0.856221,-0.515632,-0.031782,0.156285,0.317172,-0.935402,0.492403,0.795944,0.352155
0.763622,0.13494,0.982228,0.856221,-0.473665,-0.206222,0.156285,0.61797,-0.770511,0.492403,0.627498,0.603146
0.763622,0.0993613,0.871548,0.856221,-0.374568,-0.355788,0.156285,0.844232,-0.512686,0.492403,0.383367,0.781389
0.674556,0.201234,0.901261,0.647527,-0.629113,-0.43003,0.374957,0.754307,-0.538914,0.663413,0.187718,0.724324
0.674556,0.18935,0.818137,0.647527,-0.444094,-0.619266,0.374957,0.893136,-0.248425,0.663413,-0.0713363,0.744846
0.674556,0.206612,0.735962,0.647527,-0.20551,-0.733808,0.374957,0.92424,0.0720271,0.663413,-0.321786,0.675527
0.674556,0.250939,0.664647,0.647527,0.0578608,-0.759843,0.374957,0.843867,0.383792,0.663413,-0.533424,0.524731
0.674556,0.316984,0.612794,0.647527,0.314253,-0.694229,0.374957,0.661711,0.649266,0.663413,-0.680723,0.310644
0.674556,0.396781,0.586656,0.647527,0.532742,-0.544881,0.374957,0.399743,0.836429,0.663413,-0.745917,0.0590886
0.674556,0.480705,0.589386,0.647527,0.686974,-0.329813,0.374957,0.0895597,0.922706,0.663413,-0.721142,-0.199594
0.674556,0.558634,0.620656,0.647527,0.758347,-0.0749636,0.374957,-0.231425,0.897691,0.663413,-0.609387,-0.434202
0.674556,0.621169,0.676693,0.647527,0.738252,0.188927,0.374957,-0.524497,0.764402,0.663413,-0.424131,-0.616439
0.674556,0.660766,0.750739,0.647527,0.629113,0.43003,0.374957,-0.754307,0.538914,0.663413,-0.187718,-0.724324
0.674556,0.67265,0.833863,0.647527,0.444094,0.619266,0.374957,-0.893136,0.248425,0.663413,0.0713363,-0.744846
0.674556,0.655388,0.916038,0.647527,0.20551,0.733808,0.374957,-0.92424,-0.0720271,0.663413,0.321786,-0.675527
0.674556,0.611061,0.987353,0.647527,-0.0578608,0.759843,0.374957,-0.843867,-0.383792,0.663413,0.533424,-0.524731
0.674556,0.545016,1.03921,0.647527,-0.314253,0.694229,0.374957,-0.661711,-0.649266,0.663413,0.680723,-0.310644
0.674556,0.465219,1.06534,0.647527,-0.532742,0.544881,0.374957,-0.399743,-0.836429,0.663413,0.745917,-0.0590886
0.674556,0.381295,1.06261,0.647527,-0.686974,0.329813,0.374957,-0.0895597,-0.922706,0.663413,0.721142,0.199594
0.674556,0.303366,1.03134,0.647527,-0.758347,0.0749636,0.374957,0.231425,-0.897691,0.663413,0.609387,0.434202
0.674556,0.240831,0.975307,0.647527,-0.738252,-0.188927,0.374957,0.524497,-0.764402,0.663413,0.424131,0.616439
0.674556,0.201234,0.901261,0.647527,-0.629113,-0.43003,0.374957,0.754307,-0.538914,0.663413,0.187718,0.724324
0.627155,0.326207,0.937711,0.360731,-0.799785,-0.47981,0.548404,0.598006,-0.584502,0.754404,-0.0522814,0.654324
0.627155,0.294319,0.895133,0.360731,-0.587447,-0.724416,0.548404,0.761853,-0.344722,0.754404,-0.272921,0.596983
0.627155,0.278917,0.844216,0.360731,-0.304255,-0.881647,0.548404,0.83381,-0.0633634,0.754404,-0.460642,0.467636
0.627155,0.281859,0.791102,0.360731,0.015635,-0.932539,0.548404,0.805196,0.225638,0.754404,-0.592802,0.281885
0.627155,0.302789,0.742198,0.360731,0.333639,-0.870952,0.548404,0.679464,0.487423,0.754404,-0.653462,0.0621351
0.627155,0.339183,0.703401,0.360731,0.611401,-0.704316,0.548404,0.471779,0.690419,0.754404,-0.635305,-0.165109
0.627155,0.386652,0.679391,0.360731,0.81542,-0.452729,0.548404,0.20719,0.810139,0.754404,-0.540521,-0.372439
0.627155,0.439469,0.673065,0.360731,0.921086,-0.146536,0.548404,-0.0823887,0.832145,0.754404,-0.380542,-0.534847
0.627155,0.491266,0.685184,0.360731,0.915656,0.177331,0.548404,-0.36203,0.753782,0.754404,-0.174664,-0.632745
0.627155,0.535793,0.714289,0.360731,0.799785,0.47981,0.548404,-0.598006,0.584502,0.754404,0.0522814,-0.654324
0.627155,0.567681,0.756867,0.360731,0.587447,0.724416,0.548404,-0.761853,0.344722,0.754404,0.272921,-0.596983
0.627155,0.583083,0.807784,0.360731,0.304255,0.881647,0.548404,-0.83381,0.0633634,0.754404,0.460642,-0.467636
0.627155,0.580141,0.860898,0.360731,-0.015635,0.932539,0.548404,-0.805196,-0.225638,0.754404,0.592802,-0.281885
0.627155,0.559211,0.909802,0.360731,-0.333639,0.870952,0.548404,-0.679464,-0.487423,0.754404,0.653462,-0.0621351
0.627155,0.522817,0.948599,0.360731,-0.611401,0.704316,0.548404,-0.471779,-0.690419,0.754404,0.635305,0.165109
0.627155,0.475348,0.972609,0.360731,-0.81542,0.452729,0.548404,-0.20719,-0.810139,0.754404,0.540521,0.372439
0.627155,0.422531,0.978935,0.360731,-0.921086,0.146536,0.548404,0.0823887,-0.832145,0.754404,0.380542,0.534847
0.627155,0.370734,0.966816,0.360731,-0.915656,-0.177331,0.548404,0.36203,-0.753782,0.754404,0.174664,0.632745
0.627155,0.326207,0.937711,0.360731,-0.799785,-0.47981,0.548404,0.598006,-0.584502,0.754404,-0.0522814,0.654324
0.627137,0.459207,0.976503,0.0304265,-0.865998,-0.499122,0.655705,0.394182,-0.64395,0.754404,-0.307683,0.579832
0.627137,0.406031,0.977074,0.0304265,-0.643062,-0.76521,0.655705,0.590654,-0.470297,0.754404,-0.487442,0.43963
0.627137,0.355866,0.959423,0.0304265,-0.342563,-0.939002,0.655705,0.715884,-0.239919,0.754404,-0.608408,0.246402
0.627137,0.314764,0.925679,0.0304265,-0.000746646,-0.999537,0.655705,0.754768,0.0193963,0.754404,-0.655991,0.0234546
0.627137,0.287682,0.879913,0.0304265,0.34116,-0.939513,0.655705,0.702616,0.276372,0.754404,-0.624452,-0.202322
0.627137,0.277885,0.827644,0.0304265,0.641918,-0.766169,0.655705,0.565718,0.500014,0.754404,-0.517595,-0.403696
0.627137,0.286557,0.775177,0.0304265,0.865251,-0.500415,0.655705,0.360586,0.663347,0.754404,-0.348308,-0.556378
0.627137,0.312651,0.728839,0.0304265,0.984222,-0.174303,0.655705,0.111963,0.74667,0.754404,-0.13701,-0.641952
0.627137,0.353019,0.694221,0.0304265,0.984481,0.172832,0.655705,-0.150166,0.739933,0.754404,0.0908134,-0.650098
0.627137,0.402793,0.675497,0.0304265,0.865998,0.499122,0.655705,-0.394182,0.64395,0.754404,0.307683,-0.579832
0.627137,0.455969,0.674926,0.0304265,0.643062,0.76521,0.655705,-0.590654,0.470297,0.754404,0.487442,-0.43963
0.627137,0.506134,0.692577,0.0304265,0.342563,0.939002,0.655705,-0.715884,0.239919,0.754404,0.608408,-0.246402
0.627137,0.547236,0.726321,0.0304265,0.000746646,0.999537,0.655705,-0.754768,-0.0193963,0.754404,0.655991,-0.0234546
0.627137,0.574318,0.772087,0.0304265,-0.34116,0.939513,0.655705,-0.702616,-0.276372,0.754404,0.624452,0.202322
0.627137,0.584115,0.824356,0.0304265,-0.641918,0.766169,0.655705,-0.565718,-0.500014,0.754404,0.517595,0.403696
0.627137,0.575443,0.876823,0.0304265,-0.865251,0.500415,0.655705,-0.360586,-0.663347,0.754404,0.348308,0.556378
0.627137,0.549349,0.923161,0.0304265,-0.984222,0.174303,0.655705,-0.111963,-0.74667,0.754404,0.13701,0.641952
0.627137,0.508981,0.957779,0.0304265,-0.984481,-0.172832,0.655705,0.150166,-0.739933,0.754404,-0.0908134,0.650098
0.627137,0.459207,0.976503,0.0304265,-0.865998,-0.499122,0.655705,0.394182,-0.64395,0.754404,-0.307683,0.579832
0.674504,0.584192,1.01296,-0.303548,-0.819765,-0.485637,0.683918,0.167419,-0.71009,0.663411,-0.547682,0.509832
0.674504,0.51101,1.05408,-0.303548,-0.60423,-0.736726,0.683918,0.400187,-0.610005,0.663411,-0.689026,0.291767
0.674504,0.428178,1.06769,-0.303548,-0.315815,-0.898955,0.683918,0.584687,-0.436346,0.663411,-0.747263,0.0385108
0.674504,0.345687,1.05215,-0.303548,0.0106917,-0.952756,0.683918,0.698665,-0.210056,0.663411,-0.715369,-0.219391
0.674504,0.273485,1.00933,-0.303548,0.335909,-0.891641,0.683918,0.728374,0.0415694,0.663411,-0.597191,-0.45083
0.674504,0.220282,0.9444,-0.303548,0.62061,-0.722981,0.683918,0.67023,0.288181,0.663411,-0.406983,-0.627893
0.674504,0.192495,0.86519,-0.303548,0.830457,-0.467119,0.683918,0.531246,0.500034,0.663411,-0.167687,-0.729223
0.674504,0.193475,0.781253,-0.303548,0.940138,-0.154915,0.683918,0.328187,0.651575,0.663411,0.0918351,-0.742598
0.674504,0.223104,0.702713,-0.303548,0.936425,0.175974,0.683918,0.0855429,0.724526,0.663411,0.34028,-0.666404
0.674504,0.277808,0.639043,-0.303548,0.819765,0.485637,0.683918,-0.167419,0.71009,0.663411,0.547682,-0.509832
0.674504,0.35099,0.597923,-0.303548,0.60423,0.736726,0.683918,-0.400187,0.610005,0.663411,0.689026,-0.291767
0.674504,0.433822,0.584313,-0.303548,0.315815,0.898955,0.683918,-0.584687,0.436346,0.663411,0.747263,-0.0385108
0.674504,0.516313,0.599853,-0.303548,-0.0106917,0.952756,0.683918,-0.698665,0.210056,0.663411,0.715369,0.219391
0.674504,0.588515,0.642671,-0.303548,-0.335909,0.891641,0.683918,-0.728374,-0.0415694,0.663411,0.597191,0.45083
0.674504,0.641718,0.7076,-0.303548,-0.62061,0.722981,0.683918,-0.67023,-0.288181,0.663411,0.406983,0.627893
0.674504,0.669505,0.78681,-0.303548,-0.830457,0.467119,0.683918,-0.531246,-0.500034,0.663411,0.167687,0.729223
0.674504,0.668525,0.870747,-0.303548,-0.940138,0.154915,0.683918,-0.328187,-0.651575,0.663411,-0.0918351,0.742598
0.674504,0.638896,0.949287,-0.303548,-0.936425,-0.175974,0.683918,-0.0855429,-0.724526,0.663411,-0.34028,0.666404
0.674504,0.584192,1.01296,-0.303548,-0.819765,-0.485637,0.683918,0.167419,-0.71009,0.663411,-0.547682,0.509832
0.763543,0.686087,1.04268,-0.60091,-0.666664,-0.440983,0.629641,-0.0549326,-0.774942,0.492402,-0.743331,0.452768
0.763543,0.596596,1.11685,-0.60091,-0.475634,-0.642401,0.629641,0.213426,-0.746995,0.492402,-0.853359,0.171229
0.763543,0.487131,1.15595,-0.60091,-0.227236,-0.766336,0.629641,0.456042,-0.62895,0.492402,-0.860459,-0.130964
0.763543,0.370896,1.15525,-0.60091,0.0485703,-0.797839,0.629641,0.643653,-0.435044,0.492402,-0.763774,-0.41736
0.763543,0.261911,1.11484,-0.60091,0.318518,-0.733112,0.629641,0.75363,-0.188665,0.492402,-0.574968,-0.653416
0.763543,0.17332,1.03959,-0.60091,0.550048,-0.57996,0.629641,0.772708,0.0804693,0.492402,-0.316811,-0.810661
0.763543,0.115809,0.938574,-0.60091,0.715234,-0.356856,0.629641,0.698586,0.339898,0.492402,-0.020443,-0.870128
0.763543,0.0963152,0.823983,-0.60091,0.794152,-0.0907109,0.629641,0.540204,0.55833,0.492402,0.278391,-0.824645
0.763543,0.117189,0.709636,-0.60091,0.777284,0.186376,0.629641,0.316666,0.709419,0.492402,0.543647,-0.679697
0.763543,0.175913,0.609324,-0.60091,0.666664,0.440983,0.629641,0.0549326,0.774942,0.492402,0.743331,-0.452768
0.763543,0.265404,0.535146,-0.60091,0.475634,0.642401,0.629641,-0.213426,0.746995,0.492402,0.853359,-0.171229
0.763543,0.374869,0.49605,-0.60091,0.227236,0.766336,0.629641,-0.456042,0.62895,0.492402,0.860459,0.130964
0.763543,0.491104,0.49675,-0.60091,-0.0485703,0.797839,0.629641,-0.643653,0.435044,0.492402,0.763774,0.41736
0.763543,0.600089,0.537163,-0.60091,-0.318518,0.733112,0.629641,-0.75363,0.188665,0.492402,0.574968,0.653416
0.763543,0.68868,0.612414,-0.60091,-0.550048,0.57996,0.629641,-0.772708,-0.0804693,0.492402,0.316811,0.810661
0.763543,0.746191,0.713426,-0.60091,-0.715234,0.356856,0.629641,-0.698586,-0.339898,0.492402,0.020443,0.870128
0.763543,0.765685,0.828017,-0.60091,-0.794152,0.0907109,0.629641,-0.540204,-0.55833,0.492402,-0.278391,0.824645
0.763543,0.744811,0.942364,-0.60091,-0.777284,-0.186376,0.629641,-0.316666,-0.709419,0.492402,-0.543647,0.679697
0.763543,0.686087,1.04268,-0.60091,-0.666664,-0.440983,0.629641,-0.0549326,-0.774942,0.492402,-0.743331,0.452768
0.883514,0.752602,1.06208,-0.825794,-0.42516,-0.370544,0.499419,-0.246053,-0.830685,0.262001,-0.871032,0.415522
0.883514,0.652464,1.15783,-0.825794,-0.272786,-0.493611,0.499419,0.052897,-0.864744,0.262001,-0.960619,0.0925526
0.883514,0.525614,1.21357,-0.825794,-0.0875103,-0.557141,0.499419,0.345467,-0.794502,0.262001,-0.934342,-0.24158
0.883514,0.387353,1.22255,-0.825794,0.108321,-0.553471,0.499419,0.596368,-0.628431,0.262001,-0.795369,-0.546575
0.883514,0.254356,1.18371,-0.825794,0.291086,-0.483045,0.499419,0.775339,-0.386562,0.262001,-0.560463,-0.785644
0.883514,0.142664,1.10172,-0.825794,0.438743,-0.354357,0.499419,0.860792,-0.0980678,0.262001,-0.257956,-0.929954
0.883514,0.0657508,0.986477,-0.825794,0.533481,-0.182927,0.499419,0.842421,0.202255,0.262001,0.0756633,-0.962097
0.883514,0.0328915,0.851877,-0.825794,0.563873,0.0105657,0.499419,0.722442,0.478182,0.262001,0.400157,-0.878197
0.883514,0.0480501,0.714155,-0.825794,0.526253,0.202784,0.499419,0.515325,0.696434,0.262001,0.676385,-0.688374
0.883514,0.109398,0.589924,-0.825794,0.42516,0.370544,0.499419,0.246053,0.830685,0.262001,0.871032,-0.415522
0.883514,0.209536,0.494166,-0.825794,0.272786,0.493611,0.499419,-0.052897,0.864744,0.262001,0.960619,-0.0925526
0.883514,0.336386,0.438433,-0.825794,0.0875103,0.557141,0.499419,-0.345467,0.794502,0.262001,0.934342,0.24158
0.883514,0.474647,0.429446,-0.825794,-0.108321,0.553471,0.499419,-0.596368,0.628431,0.262001,0.795369,0.546575
0.883514,0.607644,0.46829,-0.825794,-0.291086,0.483045,0.499419,-0.775339,0.386562,0.262001,0.560463,0.785644
0.883514,0.719336,0.550278,-0.825794,-0.438743,0.354357,0.499419,-0.860792,0.0980678,0.262001,0.257956,0.929954
0.883514,0.796249,0.665523,-0.825794,-0.533481,0.182927,0.499419,-0.842421,-0.202255,0.262001,-0.0756633,0.962097
0.883514,0.829108,0.800123,-0.825794,-0.563873,-0.0105657,0.499419,-0.722442,-0.478182,0.262001,-0.400157,0.878197
0.883514,0.81395,0.937845,-0.825794,-0.526253,-0.202784,0.499419,-0.515325,-0.696434,0.262001,-0.676385,0.688374
0.883514,0.752602,1.06208,-0.825794,-0.42516,-0.370544,0.499419,-0.246053,-0.830685,0.262001,-0.871032,0.415522
0.875863,0.0529458,0.707308,0.985232,-0.0276466,-0.168981,-0.00862081,0.977618,-0.210209,0.17101,0.208562,0.962942
0.875863,0.11634,0.585164,0.985232,0.0318155,-0.168246,-0.00862081,0.990557,0.136833,0.17101,-0.133362,0.976202
0.875863,0.217687,0.492068,0.985232,0.0874401,-0.147218,-0.00862081,0.884019,0.467371,0.17101,-0.4592,0.871717
0.875863,0.344763,0.439249,0.985232,0.132518,-0.108433,-0.00862081,0.670856,0.741538,0.17101,-0.729651,0.662091
0.875863,0.48224,0.433079,0.985232,0.161613,-0.0565698,-0.00862081,0.376778,0.926264,0.17101,-0.912097,0.372606
0.875863,0.613537,0.4743,0.985232,0.171214,0.00211658,-0.00862081,0.0372543,0.999269,0.17101,-0.984529,0.0381801
0.875863,0.722817,0.557941,0.985232,0.160165,0.0605476,-0.00862081,-0.306762,0.951747,0.17101,-0.938213,-0.300851
0.875863,0.7969,0.673915,0.985232,0.129797,0.111676,-0.00862081,-0.613779,0.789431,0.17101,-0.778735,-0.603596
0.875863,0.82685,0.808232,0.985232,0.0837741,0.149334,-0.00862081,-0.846765,0.531897,0.17101,-0.52533,-0.833537
0.875863,0.809054,0.944692,0.985232,0.0276466,0.168981,-0.00862081,-0.977618,0.210209,0.17101,-0.208562,-0.962942
0.875863,0.74566,1.06684,0.985232,-0.0318155,0.168246,-0.00862081,-0.990557,-0.136833,0.17101,0.133362,-0.976202
0.875863,0.644313,1.15993,0.985232,-0.0874401,0.147218,-0.00862081,-0.884019,-0.467371,0.17101,0.4592,-0.871717
0.875863,0.517237,1.21275,0.985232,-0.132518,0.108433,-0.00862081,-0.670856,-0.741538,0.17101,0.729651,-0.662091
0.875863,0.37976,1.21892,0.985232,-0.161613,0.0565698,-0.00862081,-0.376778,-0.926264,0.17101,0.912097,-0.372606
0.875863,0.248463,1.1777,0.985232,-0.171214,-0.00211658,-0.00862081,-0.0372543,-0.999269,0.17101,0.984529,-0.0381801
0.875863,0.139183,1.09406,0.985232,-0.160165,-0.0605476,-0.00862081,0.306762,-0.951747,0.17101,0.938213,0.300851
0.875863,0.0651,0.978085,0.985232,-0.129797,-0.111676,-0.00862081,0.613779,-0.789431,0.17101,0.778735,0.603596
0.875863,0.0351502,0.843768,0.985232,-0.0837741,-0.149334,-0.00862081,0.846765,-0.531897,0.17101,0.52533,0.833537
0.875863,0.0529458,0.707308,0.985232,-0.0276466,-0.168981,-0.00862081,0.977618,-0.210209,0.17101,0.208562,0.962942
0.749059,0.123208,0.727801,0.900555,-0.346861,-0.262085,0.292759,0.929521,-0.224238,0.321393,0.125211,0.938631
0.749059,0.175356,0.628452,0.900555,-0.236304,-0.364913,0.292759,0.950158,0.1072,0.321393,-0.203371,0.92485
0.749059,0.258338,0.55293,0.900555,-0.0972461,-0.423727,0.292759,0.856192,0.425709,0.321393,-0.507424,0.799517
0.749059,0.362147,0.510345,0.900555,0.0535416,-0.431433,0.292759,0.658956,0.69287,0.321393,-0.750273,0.577751
0.749059,0.474259,0.505832,0.900555,0.197871,-0.387102,0.292759,0.382241,0.876461,0.321393,-0.902629,0.2863
0.749059,0.581155,0.539936,0.900555,0.318335,-0.296081,0.292759,0.0594215,0.954338,0.321393,-0.946114,-0.0396831
0.749059,0.669939,0.608544,0.900555,0.400403,-0.169348,0.292759,-0.270565,0.917108,0.321393,-0.875484,-0.36088
0.749059,0.729904,0.70338,0.900555,0.434176,-0.0221894,0.292759,-0.567917,0.769261,0.321393,-0.699258,-0.638549
0.749059,0.753816,0.813006,0.900555,0.415581,0.127646,0.292759,-0.79677,0.52863,0.321393,-0.438691,-0.8392
0.749059,0.738792,0.924199,0.900555,0.346861,0.262085,0.292759,-0.929521,0.224238,0.321393,-0.125211,-0.938631
0.749059,0.686644,1.02355,0.900555,0.236304,0.364913,0.292759,-0.950158,-0.1072,0.321393,0.203371,-0.92485
0.749059,0.603662,1.09907,0.900555,0.0972461,0.423727,0.292759,-0.856192,-0.425709,0.321393,0.507424,-0.799517
0.749059,0.499853,1.14166,0.900555,-0.0535416,0.431433,0.292759,-0.658956,-0.69287,0.321393,0.750273,-0.577751
0.749059,0.387741,1.14617,0.900555,-0.197871,0.387102,0.292759,-0.382241,-0.876461,0.321393,0.902629,-0.2863
0.749059,0.280845,1.11206,0.900555,-0.318335,0.296081,0.292759,-0.0594215,-0.954338,0.321393,0.946114,0.0396831
0.749059,0.192061,1.04346,0.900555,-0.400403,0.169348,0.292759,0.270565,-0.917108,0.321393,0.875484,0.36088
0.749059,0.132096,0.94862,0.900555,-0.434176,0.0221894,0.292759,0.567917,-0.769261,0.321393,0.699258,0.638549
0.749059,0.108184,0.838994,0.900555,-0.415581,-0.127646,0.292759,0.79677,-0.52863,0.321393,0.438691,0.8392
0.749059,0.123208,0.727801,0.900555,-0.346861,-0.262085,0.292759,0.929521,-0.224238,0.321393,0.125211,0.938631
0.654934,0.230867,0.759202,0.707258,-0.619022,-0.341465,0.558827,0.78537,-0.266282,0.433011,-0.00249,0.901385
0.654934,0.265783,0.694781,0.707258,-0.464902,-0.53259,0.558827,0.82908,0.0183891,0.433011,-0.310632,0.846174
0.654934,0.320626,0.646187,0.707258,-0.254709,-0.659477,0.558827,0.772791,0.300842,0.433011,-0.581307,0.688901
0.654934,0.388782,0.619281,0.707258,-0.0137935,-0.706821,0.558827,0.623292,0.547009,0.433011,-0.781868,0.448536
0.654934,0.462031,0.617308,0.707258,0.228785,-0.668912,0.558827,0.398615,0.727199,0.433011,-0.888124,0.154072
0.654934,0.531536,0.640507,0.707258,0.443769,-0.550323,0.558827,0.125858,0.819678,0.433011,-0.887259,-0.158976
0.654934,0.588915,0.686079,0.707258,0.605228,-0.365356,0.558827,-0.162078,0.813291,0.433011,-0.779378,-0.452849
0.654934,0.627248,0.748527,0.707258,0.693688,-0.136322,0.558827,-0.430466,0.70881,0.433011,-0.577492,-0.692102
0.654934,0.64191,0.82032,0.707258,0.698478,0.109154,0.558827,-0.646933,0.518835,0.433011,-0.305952,-0.847877
0.654934,0.631133,0.892798,0.707258,0.619022,0.341465,0.558827,-0.78537,0.266282,0.433011,0.00249,-0.901385
0.654934,0.596217,0.957219,0.707258,0.464902,0.53259,0.558827,-0.82908,-0.0183891,0.433011,0.310632,-0.846174
0.654934,0.541374,1.00581,0.707258,0.254709,0.659477,0.558827,-0.772791,-0.300842,0.433011,0.581307,-0.688901
0.654934,0.473218,1.03272,0.707258,0.0137935,0.706821,0.558827,-0.623292,-0.547009,0.433011,0.781868,-0.448536
0.654934,0.399969,1.03469,0.707258,-0.228785,0.668912,0.558827,-0.398615,-0.727199,0.433011,0.888124,-0.154072
0.654934,0.330464,1.01149,0.707258,-0.443769,0.550323,0.558827,-0.125858,-0.819678,0.433011,0.887259,0.158976
0.654934,0.273085,0.965921,0.707258,-0.605228,0.365356,0.558827,0.162078,-0.813291,0.433011,0.779378,0.452849
0.654934,0.234752,0.903473,0.707258,-0.693688,0.136322,0.558827,0.430466,-0.70881,0.433011,0.577492,0.692102
