0.658953,0.208925,1.15343,0.308961,0.73537,0.603137,0.951075,-0.238886,-0.195934,-3.49349e-06,0.634164,-0.773198
0.907818,-0.0593487,0.994174,0.92986,0.0093811,-0.367795,-0.179072,0.884813,-0.430162,0.321394,0.465852,0.824432
0.907818,-0.0379805,0.854641,0.92986,0.134609,-0.342406,-0.179072,0.978576,-0.101596,0.321394,0.155786,0.934043
0.907818,0.029822,0.730832,0.92986,0.2436,-0.275717,-0.179072,0.954309,0.239224,0.321394,-0.173071,0.930995
0.907818,0.135881,0.637679,0.92986,0.32321,-0.175773,-0.179072,0.814938,0.551189,0.321394,-0.481053,0.815656
0.907818,0.267404,0.586418,0.92986,0.363837,-0.0546284,-0.179072,0.577273,0.796674,0.321394,-0.731012,0.601936
0.907818,0.408527,0.583232,0.92986,0.360578,0.0731055,-0.179072,0.269981,0.946067,0.321394,-0.892801,0.315614
0.907818,0.54223,0.628505,0.92986,0.313829,0.192022,-0.179072,-0.0698752,0.981351,0.321394,-0.946905,-0.008776
0.907818,0.652384,0.716777,0.92986,0.229228,0.287777,-0.179072,-0.401303,0.89827,0.321394,-0.886798,-0.332107
0.907818,0.725705,0.8374,0.92986,0.116978,0.348823,-0.179072,-0.684328,0.706844,0.321394,-0.71973,-0.615381
0.907818,0.753349,0.975826,0.92986,-0.0093811,0.367795,-0.179072,-0.884813,0.430162,0.321394,-0.465852,-0.824432
0.907818,0.73198,1.11536,0.92986,-0.134609,0.342406,-0.179072,-0.978576,0.101596,0.321394,-0.155786,-0.934043
0.907818,0.664178,1.23917,0.92986,-0.2436,0.275717,-0.179072,-0.954309,-0.239224,0.321394,0.173071,-0.930995
0.907818,0.558119,1.33232,0.92986,-0.32321,0.175773,-0.179072,-0.814938,-0.551189,0.321394,0.481053,-0.815656
0.907818,0.426596,1.38358,0.92986,-0.363837,0.0546284,-0.179072,-0.577273,-0.796674,0.321394,0.731012,-0.601936
0.907818,0.285473,1.38677,0.92986,-0.360578,-0.0731055,-0.179072,-0.269981,-0.946067,0.321394,0.892801,-0.315614
0.907818,0.15177,1.3415,0.92986,-0.313829,-0.192022,-0.179072,0.0698752,-0.981351,0.321394,0.946905,0.008776
0.907818,0.0416157,1.25322,0.92986,-0.229228,-0.287777,-0.179072,0.401303,-0.89827,0.321394,0.886798,0.332107
0.907818,-0.0317052,1.1326,0.92986,-0.116978,-0.348823,-0.179072,0.684328,-0.706844,0.321394,0.71973,0.615381
0.907818,-0.0593487,0.994174,0.92986,0.0093811,-0.367795,-0.179072,0.884813,-0.430162,0.321394,0.465852,0.824432
0.809114,-0.0153028,1.0303,0.796489,-0.225982,-0.560836,-0.0275851,0.912988,-0.407054,0.604023,0.339685,0.720951
0.809114,-0.00894661,0.903653,0.796489,-0.0205367,-0.604304,-0.0275851,0.997148,-0.0702451,0.604023,0.0726192,0.793652
0.809114,0.040342,0.786818,0.796489,0.187386,-0.574884,-0.0275851,0.961038,0.275036,0.604023,-0.203205,0.770626
0.809114,0.126618,0.693886,0.796489,0.372707,-0.476124,-0.0275851,0.809013,0.587144,0.604023,-0.45452,0.654651
0.809114,0.239476,0.636068,0.796489,0.513074,-0.319937,-0.0275851,0.559408,0.828433,0.604023,-0.651013,0.459716
0.809114,0.365302,0.620335,0.796489,0.591557,-0.125161,-0.0275851,0.242331,0.969801,0.604023,-0.768984,0.209332
0.809114,0.488921,0.648587,0.796489,0.598689,0.0847115,-0.0275851,-0.103975,0.994197,0.604023,-0.794204,-0.0663002
0.809114,0.595422,0.717415,0.796489,0.533611,0.284366,-0.0275851,-0.43774,0.898678,0.604023,-0.723632,-0.333936
0.809114,0.67196,0.818518,0.796489,0.404171,0.449723,-0.0275851,-0.718707,0.694765,0.604023,-0.565779,-0.561294
0.809114,0.709303,0.939701,0.796489,0.225982,0.560836,-0.0275851,-0.912988,0.407054,0.604023,-0.339685,-0.720951
0.809114,0.702947,1.06635,0.796489,0.0205367,0.604304,-0.0275851,-0.997148,0.0702451,0.604023,-0.0726192,-0.793652
0.809114,0.653658,1.18318,0.796489,-0.187386,0.574884,-0.0275851,-0.961038,-0.275036,0.604023,0.203205,-0.770626
0.809114,0.567382,1.27611,0.796489,-0.372707,0.476124,-0.0275851,-0.809013,-0.587144,0.604023,0.45452,-0.654651
0.809114,0.454524,1.33393,0.796489,-0.513074,0.319937,-0.0275851,-0.559408,-0.828433,0.604023,0.651013,-0.459716
0.809114,0.328698,1.34966,0.796489,-0.591557,0.125161,-0.0275851,-0.242331,-0.969801,0.604023,0.768984,-0.209332
0.809114,0.205079,1.32141,0.796489,-0.598689,-0.0847115,-0.0275851,0.103975,-0.994197,0.604023,0.794204,0.0663002
0.809114,0.0985778,1.25259,0.796489,-0.533611,-0.284366,-0.0275851,0.43774,-0.898678,0.604023,0.723632,0.333936
0.809114,0.02204,1.15148,0.796489,-0.404171,-0.449723,-0.0275851,0.718707,-0.694765,0.604023,0.565779,0.561294
0.809114,-0.0153028,1.0303,0.796489,-0.225982,-0.560836,-0.0275851,0.912988,-0.407054,0.604023,0.339685,0.720951
0.735846,0.0521888,1.08565,0.567051,-0.411882,-0.713307,0.127229,0.899403,-0.418196,0.813797,0.146385,0.562411
0.735846,0.0355421,0.978753,0.567051,-0.143077,-0.811161,0.127229,0.988193,-0.0853617,0.813797,-0.054799,0.57856
0.735846,0.0564619,0.872605,0.567051,0.142985,-0.811177,0.127229,0.957793,0.257768,0.813797,-0.249373,0.524926
0.735846,0.112425,0.780013,0.567051,0.411801,-0.713353,0.127229,0.811869,0.569808,0.813797,-0.413869,0.407978
0.735846,0.196681,0.712146,0.567051,0.630948,-0.529489,0.127229,0.568022,0.81312,0.813797,-0.528447,0.241822
0.735846,0.299068,0.677189,0.567051,0.773993,-0.28176,0.127229,0.255663,0.958358,0.813797,-0.579286,0.0464993
0.735846,0.407236,0.679359,0.567051,0.823683,-4.65283e-05,0.127229,-0.0875331,0.988003,0.813797,-0.560254,-0.154432
0.735846,0.508139,0.718393,0.567051,0.774024,0.281672,0.127229,-0.420171,0.898481,0.813797,-0.473648,-0.336737
0.735846,0.589606,0.789584,0.567051,0.631007,0.529417,0.127229,-0.702131,0.700589,0.813797,-0.329912,-0.478426
0.735846,0.641811,0.884345,0.567051,0.411882,0.713307,0.127229,-0.899403,0.418196,0.813797,-0.146385,-0.562411
0.735846,0.658458,0.991247,0.567051,0.143077,0.811161,0.127229,-0.988193,0.0853617,0.813797,0.054799,-0.57856
0.735846,0.637538,1.09739,0.567051,-0.142985,0.811177,0.127229,-0.957793,-0.257768,0.813797,0.249373,-0.524926
0.735846,0.581575,1.18999,0.567051,-0.411801,0.713353,0.127229,-0.811869,-0.569808,0.813797,0.413869,-0.407978
0.735846,0.497319,1.25785,0.567051,-0.630948,0.529489,0.127229,-0.568022,-0.81312,0.813797,0.528447,-0.241822
0.735846,0.394932,1.29281,0.567051,-0.773993,0.28176,0.127229,-0.255663,-0.958358,0.813797,0.579286,-0.0464993
0.735846,0.286764,1.29064,0.567051,-0.823683,4.65283e-05,0.127229,0.0875331,-0.988003,0.813797,0.560254,0.154432
0.735846,0.185861,1.25161,0.567051,-0.774024,-0.281672,0.127229,0.420171,-0.898481,0.813797,0.473648,0.336737
0.735846,0.104394,1.18042,0.567051,-0.631007,-0.529417,0.127229,0.702131,-0.700589,0.813797,0.329912,0.478426
0.735846,0.0521888,1.08565,0.567051,-0.411882,-0.713307,0.127229,0.899403,-0.418196,0.813797,0.146385,0.562411
0.696852,0.134986,1.15356,0.269218,-0.525895,-0.806819,0.266698,0.845696,-0.462245,0.925416,-0.0907323,0.367932
0.696852,0.0901198,1.07088,0.269218,-0.218232,-0.938028,0.266698,0.952791,-0.145123,0.925416,-0.2111,0.31471
0.696852,0.0762373,0.977847,0.269218,0.115754,-0.956098,0.266698,0.944966,0.189503,0.925416,-0.306007,0.22353
0.696852,0.0950128,0.885672,0.269218,0.435778,-0.858848,0.266698,0.823164,0.501272,0.925416,-0.364004,0.105389
0.696852,0.144182,0.805477,0.269218,0.70324,-0.658008,0.266698,0.602076,0.75258,0.925416,-0.378097,-0.0254632
0.696852,0.217813,0.746936,0.269218,0.885882,-0.377803,0.266698,0.308369,0.913116,0.925416,-0.346586,-0.153244
0.696852,0.307027,0.717109,0.269218,0.961673,-0.0520292,0.266698,-0.0225324,0.963517,0.925416,-0.273272,-0.262542
0.696852,0.401062,0.719593,0.269218,0.921472,0.28002,0.266698,-0.350716,0.897703,0.925416,-0.166997,-0.340173
0.696852,0.488576,0.754089,0.269218,0.770128,0.578295,0.266698,-0.636597,0.723613,0.925416,-0.0405796,-0.376775
0.696852,0.559014,0.816437,0.269218,0.525895,0.806819,0.266698,-0.845696,0.462245,0.925416,0.0907323,-0.367932
0.696852,0.60388,0.899115,0.269218,0.218232,0.938028,0.266698,-0.952791,0.145123,0.925416,0.2111,-0.31471
0.696852,0.617763,0.992153,0.269218,-0.115754,0.956098,0.266698,-0.944966,-0.189503,0.925416,0.306007,-0.22353
0.696852,0.598987,1.08433,0.269218,-0.435778,0.858848,0.266698,-0.823164,-0.501272,0.925416,0.364004,-0.105389
0.696852,0.549818,1.16452,0.269218,-0.70324,0.658008,0.266698,-0.602076,-0.75258,0.925416,0.378097,0.0254632
0.696852,0.476187,1.22306,0.269218,-0.885882,0.377803,0.266698,-0.308369,-0.913116,0.925416,0.346586,0.153244
0.696852,0.386973,1.25289,0.269218,-0.961673,0.0520292,0.266698,0.0225324,-0.963517,0.925416,0.273272,0.262542
0.696852,0.292938,1.25041,0.269218,-0.921472,-0.28002,0.266698,0.350716,-0.897703,0.925416,0.166997,0.340173
0.696852,0.205424,1.21591,0.269218,-0.770128,-0.578295,0.266698,0.636597,-0.723613,0.925416,0.0405796,0.376775
0.696852,0.134986,1.15356,0.269218,-0.525895,-0.806819,0.266698,0.845696,-0.462245,0.925416,-0.0907323,0.367932
0.696834,0.223102,1.22583,-0.061087,-0.554271,-0.830092,0.373999,0.758346,-0.533888,0.925415,-0.343067,0.160971
0.696834,0.148203,1.16893,-0.061087,-0.236936,-0.969603,0.373999,0.895213,-0.24232,0.925415,-0.377433,0.0339279
0.696834,0.0972831,1.08985,-0.061087,0.108977,-0.992166,0.373999,0.924103,0.078474,0.925415,-0.366275,-0.0972079
0.696834,0.0764822,0.998118,-0.061087,0.441745,-0.895058,0.373999,0.841533,0.389803,0.925415,-0.310939,-0.216619
0.696834,0.0883099,0.904804,-0.061087,0.721233,-0.689994,0.373999,0.657462,0.654117,0.925415,-0.218099,-0.309903
0.696834,0.131339,0.821163,-0.061087,0.913729,-0.401706,0.373999,0.394091,0.839534,0.925415,-0.098953,-0.365807
0.696834,0.200381,0.757284,-0.061087,0.996016,-0.0649667,0.373999,0.083187,0.923691,0.925415,0.0321281,-0.37759
0.696834,0.287106,0.72087,-0.061087,0.958169,0.279609,0.373999,-0.237751,0.896437,0.925415,0.159334,-0.34383
0.696834,0.381056,0.716314,-0.061087,0.804752,0.590459,0.373999,-0.530012,0.76106,0.925415,0.267322,-0.268599
0.696834,0.470898,0.744166,-0.061087,0.554271,0.830092,0.373999,-0.758346,0.533888,0.925415,0.343067,-0.160971
0.696834,0.545797,0.801066,-0.061087,0.236936,0.969603,0.373999,-0.895213,0.24232,0.925415,0.377433,-0.0339279
0.696834,0.596717,0.880151,-0.061087,-0.108977,0.992166,0.373999,-0.924103,-0.078474,0.925415,0.366275,0.0972079
0.696834,0.617518,0.971882,-0.061087,-0.441745,0.895058,0.373999,-0.841533,-0.389803,0.925415,0.310939,0.216619
0.696834,0.60569,1.0652,-0.061087,-0.721233,0.689994,0.373999,-0.657462,-0.654117,0.925415,0.218099,0.309903
0.696834,0.562661,1.14884,-0.061087,-0.913729,0.401706,0.373999,-0.394091,-0.839534,0.925415,0.098953,0.365807
0.696834,0.493619,1.21272,-0.061087,-0.996016,0.0649667,0.373999,-0.083187,-0.923691,0.925415,-0.0321281,0.37759
0.696834,0.406894,1.24913,-0.061087,-0.958169,-0.279609,0.373999,0.237751,-0.896437,0.925415,-0.159334,0.34383
0.696834,0.312944,1.25369,-0.061087,-0.804752,-0.590459,0.373999,0.530012,-0.76106,0.925415,-0.267322,0.268599
0.696834,0.223102,1.22583,-0.061087,-0.554271,-0.830092,0.373999,0.758346,-0.533888,0.925415,-0.343067,0.160971
0.735794,0.305908,1.29375,-0.384024,-0.493586,-0.780319,0.43619,0.647888,-0.624483,0.813796,-0.580184,-0.0335073
0.735794,0.202787,1.26108,-0.384024,-0.196934,-0.902077,0.43619,0.822402,-0.365231,0.813796,-0.533734,-0.229921
0.735794,0.117061,1.1951,-0.384024,0.123471,-0.91503,0.43619,0.897721,-0.061927,0.813796,-0.422908,-0.398603
0.735794,0.0590682,1.10379,-0.384024,0.428983,-0.817618,0.43619,0.864762,0.248846,0.813796,-0.261074,-0.519208
0.735794,0.0358045,0.998146,-0.384024,0.682754,-0.621589,0.43619,0.7275,0.529605,0.813796,-0.0677496,-0.577188
0.735794,0.0500755,0.890918,-0.384024,0.854175,-0.350586,0.43619,0.502491,0.746486,0.813796,0.133746,-0.565551
0.735794,0.10016,0.795038,-0.384024,0.92257,-0.0372985,0.43619,0.216874,0.873329,0.813796,0.31911,-0.4857
0.735794,0.180017,0.72207,-0.384024,0.879689,0.280488,0.43619,-0.0949015,0.894836,0.813796,0.465985,-0.347267
0.735794,0.280015,0.680815,-0.384024,0.730704,0.564444,0.43619,-0.39523,0.808413,0.813796,0.556655,-0.166948
0.735794,0.388092,0.676249,-0.384024,0.493586,0.780319,0.43619,-0.647888,0.624483,0.813796,0.580184,0.0335073
0.735794,0.491213,0.708924,-0.384024,0.196934,0.902077,0.43619,-0.822402,0.365231,0.813796,0.533734,0.229921
0.735794,0.576939,0.774897,-0.384024,-0.123471,0.91503,0.43619,-0.897721,0.061927,0.813796,0.422908,0.398603
0.735794,0.634932,0.866211,-0.384024,-0.428983,0.817618,0.43619,-0.864762,-0.248846,0.813796,0.261074,0.519208
0.735794,0.658196,0.971854,-0.384024,-0.682754,0.621589,0.43619,-0.7275,-0.529605,0.813796,0.0677496,0.577188
0.735794,0.643924,1.07908,-0.384024,-0.854175,0.350586,0.43619,-0.502491,-0.746486,0.813796,-0.133746,0.565551
0.735794,0.59384,1.17496,-0.384024,-0.92257,0.0372985,0.43619,-0.216874,-0.873329,0.813796,-0.31911,0.4857
0.735794,0.513983,1.24793,-0.384024,-0.879689,-0.280488,0.43619,0.0949015,-0.894836,0.813796,-0.465985,0.347267
0.735794,0.413985,1.28918,-0.384024,-0.730704,-0.564444,0.43619,0.39523,-0.808413,0.813796,-0.556655,0.166948
0.735794,0.305908,1.29375,-0.384024,-0.493586,-0.780319,0.43619,0.647888,-0.624483,0.813796,-0.580184,-0.0335073
0.809034,0.373418,1.34912,-0.660642,-0.351161,-0.663505,0.44577,0.527646,-0.723104,0.604021,-0.773483,-0.192048
0.809034,0.247288,1.3362,-0.660642,-0.103051,-0.743595,0.44577,0.743141,-0.49903,0.604021,-0.661152,-0.445013
0.809034,0.133185,1.28091,-0.660642,0.157488,-0.733996,0.44577,0.869002,-0.214765,0.604021,-0.469076,-0.644303
0.809034,0.0448711,1.18994,-0.660642,0.399032,-0.635867,0.44577,0.890049,0.0954027,0.604021,-0.220423,-0.76588
0.809034,-0.00700149,1.07425,-0.660642,0.592446,-0.461042,0.44577,0.803743,0.394064,0.604021,0.0548162,-0.795081
0.809034,-0.0161763,0.947788,-0.660642,0.714403,-0.230609,0.44577,0.620493,0.645195,0.604021,0.323444,-0.728383
0.809034,0.0184533,0.825818,-0.660642,0.750192,0.0276382,0.44577,0.362403,0.818506,0.604021,0.55306,-0.573832
0.809034,0.0927105,0.723048,-0.660642,0.695497,0.282552,0.44577,0.0606021,0.893094,0.604021,0.715968,-0.350068
0.809034,0.197639,0.651874,-0.660642,0.556915,0.503386,0.44577,-0.248509,0.859961,0.604021,0.792521,-0.0840809
0.809034,0.320582,0.620879,-0.660642,0.351161,0.663505,0.44577,-0.527646,0.723104,0.604021,0.773483,0.192048
0.809034,0.446712,0.633803,-0.660642,0.103051,0.743595,0.44577,-0.743141,0.49903,0.604021,0.661152,0.445013
0.809034,0.560815,0.689086,-0.660642,-0.157488,0.733996,0.44577,-0.869002,0.214765,0.604021,0.469076,0.644303
0.809034,0.649129,0.780061,-0.660642,-0.399032,0.635867,0.44577,-0.890049,-0.0954027,0.604021,0.220423,0.76588
0.809034,0.701001,0.895755,-0.660642,-0.592446,0.461042,0.44577,-0.803743,-0.394064,0.604021,-0.0548162,0.795081
0.809034,0.710176,1.02221,-0.660642,-0.714403,0.230609,0.44577,-0.620493,-0.645195,0.604021,-0.323444,0.728383
0.809034,0.675547,1.14418,-0.660642,-0.750192,-0.0276382,0.44577,-0.362403,-0.818506,0.604021,-0.55306,0.573832
0.809034,0.601289,1.24695,-0.660642,-0.695497,-0.282552,0.44577,-0.0606021,-0.893094,0.604021,-0.715968,0.350068
0.809034,0.496361,1.31813,-0.660642,-0.556915,-0.503386,0.44577,0.248509,-0.859961,0.604021,-0.792521,0.0840809
0.809034,0.373418,1.34912,-0.660642,-0.351161,-0.663505,0.44577,0.527646,-0.723104,0.604021,-0.773483,-0.192048
0.90772,0.417488,1.38527,-0.857576,-0.144173,-0.493737,0.401584,0.412121,-0.817855,0.321392,-0.89965,-0.295528
0.90772,0.276338,1.38524,-0.857576,0.0333897,-0.513272,0.401584,0.66699,-0.627579,0.321392,-0.744318,-0.585404
0.90772,0.143711,1.33693,-0.857576,0.206925,-0.470898,0.401584,0.84141,-0.361607,0.321392,-0.499211,-0.804671
0.90772,0.0356033,1.24618,-0.857576,0.355503,-0.371726,0.401584,0.914344,-0.0520203,0.321392,-0.193891,-0.926884
0.90772,-0.0349451,1.12392,-0.857576,0.461201,-0.227719,0.401584,0.876994,0.263841,0.321392,0.134815,-0.9373
0.90772,-0.0594252,0.984911,-0.857576,0.511272,-0.0562463,0.401584,0.733866,0.547879,0.321392,0.447261,-0.834665
0.90772,-0.0348845,0.845911,-0.857576,0.499676,0.122011,0.401584,0.502223,0.765835,0.321392,0.70576,-0.631356
0.90772,0.0357172,0.723687,-0.857576,0.427811,0.285552,0.401584,0.210004,0.89142,0.321392,0.879133,-0.351897
0.90772,0.143864,0.632981,-0.857576,0.304347,0.414651,0.401584,-0.107544,0.909486,0.321392,0.946471,-0.0299933
0.90772,0.276512,0.584734,-0.857576,0.144173,0.493737,0.401584,-0.412121,0.817855,0.321392,0.89965,0.295528
0.90772,0.417662,0.584765,-0.857576,-0.0333897,0.513272,0.401584,-0.66699,0.627579,0.321392,0.744318,0.585404
0.90772,0.550289,0.63307,-0.857576,-0.206925,0.470898,0.401584,-0.84141,0.361607,0.321392,0.499211,0.804671
0.90772,0.658397,0.723823,-0.857576,-0.355503,0.371726,0.401584,-0.914344,0.0520203,0.321392,0.193891,0.926884
0.90772,0.728945,0.846078,-0.857576,-0.461201,0.227719,0.401584,-0.876994,-0.263841,0.321392,-0.134815,0.9373
0.90772,0.753425,0.985089,-0.857576,-0.511272,0.0562463,0.401584,-0.733866,-0.547879,0.321392,-0.447261,0.834665
0.90772,0.728884,1.12409,-0.857576,-0.499676,-0.122011,0.401584,-0.502223,-0.765835,0.321392,-0.70576,0.631356
0.90772,0.658283,1.24631,-0.857576,-0.427811,-0.285552,0.401584,-0.210004,-0.89142,0.321392,-0.879133,0.351897
0.90772,0.550136,1.33702,-0.857576,-0.304347,-0.414651,0.401584,0.107544,-0.909486,0.321392,-0.946471,0.0299933
0.90772,0.417488,1.38527,-0.857576,-0.144173,-0.493737,0.401584,0.412121,-0.817855,0.321392,-0.89965,-0.295528
0.883612,-0.0294701,0.852875,0.961642,0.0428747,-0.270937,-0.0812368,0.987915,-0.132002,0.262003,0.148949,0.953503
0.883612,0.0384231,0.732083,0.961642,0.132955,-0.239933,-0.0812368,0.973484,0.213846,0.262003,-0.186151,0.946944
0.883612,0.143535,0.641796,0.961642,0.206999,-0.17999,-0.0812368,0.841636,0.5339,0.262003,-0.498799,0.826168
0.883612,0.273188,0.592905,0.961642,0.256075,-0.0983378,-0.0812368,0.608275,0.789559,0.262003,-0.751284,0.605745
0.883612,0.411744,0.591306,0.961642,0.274266,-0.00482438,-0.0812368,0.301546,0.949984,0.262003,-0.913153,0.31226
0.883612,0.542491,0.637193,0.961642,0.259375,0.089271,-0.0812368,-0.0415531,0.995828,0.262003,-0.964882,-0.0188884
0.883612,0.649658,0.72503,0.961642,0.213201,0.172599,-0.0812368,-0.379641,0.92156,0.262003,-0.900232,-0.347758
0.883612,0.720321,0.844223,0.961642,0.141311,0.235109,-0.0812368,-0.671938,0.736139,0.262003,-0.727001,-0.634684
0.883612,0.745955,0.980396,0.961642,0.0523768,0.269261,-0.0812368,-0.883189,0.461928,0.262003,-0.466083,-0.845057
0.883612,0.72347,1.11712,0.961642,-0.0428747,0.270937,-0.0812368,-0.987915,0.132002,0.262003,-0.148949,-0.953503
0.883612,0.655577,1.23792,0.961642,-0.132955,0.239933,-0.0812368,-0.973484,-0.213846,0.262003,0.186151,-0.946944
0.883612,0.550465,1.3282,0.961642,-0.206999,0.17999,-0.0812368,-0.841636,-0.5339,0.262003,0.498799,-0.826168
0.883612,0.420812,1.37709,0.961642,-0.256075,0.0983378,-0.0812368,-0.608275,-0.789559,0.262003,0.751284,-0.605745
0.883612,0.282256,1.37869,0.961642,-0.274266,0.00482438,-0.0812368,-0.301546,-0.949984,0.262003,0.913153,-0.31226
0.883612,0.151509,1.33281,0.961642,-0.259375,-0.089271,-0.0812368,0.0415531,-0.995828,0.262003,0.964882,0.0188884
0.883612,0.0443417,1.24497,0.961642,-0.213201,-0.172599,-0.0812368,0.379641,-0.92156,0.262003,0.900232,0.347758
0.883612,-0.0263209,1.12578,0.961642,-0.141311,-0.235109,-0.0812368,0.671938,-0.736139,0.262003,0.727001,0.634684
0.883612,-0.0519554,0.989604,0.961642,-0.0523768,-0.269261,-0.0812368,0.883189,-0.461928,0.262003,0.466083,0.845057
0.883612,-0.0294701,0.852875,0.961642,0.0428747,-0.270937,-0.0812368,0.987915,-0.132002,0.262003,0.148949,0.953503
0.763622,0.024078,0.896794,0.856221,-0.204965,-0.47421,0.156285,0.977683,-0.140394,0.492403,0.046096,0.869146
0.763622,0.0737206,0.791668,0.856221,-0.0304148,-0.515714,0.156285,0.966739,0.20246,0.492403,-0.253949,0.832495
0.763622,0.156325,0.70986,0.856221,0.147804,-0.495015,0.156285,0.839192,0.520895,0.492403,-0.523364,0.695434
0.763622,0.261927,0.661239,0.856221,0.308196,-0.41461,0.156285,0.610426,0.776502,0.492403,-0.729654,0.474493
0.763622,0.377791,0.651667,0.856221,0.431414,-0.284197,0.156285,0.308034,0.938451,0.492403,-0.847937,0.196321
0.763622,0.48994,0.682301,0.856221,0.502598,-0.119506,0.156285,-0.0315119,0.987209,0.492403,-0.863946,-0.10553
0.763622,0.584849,0.749444,0.856221,0.513161,0.0596001,0.156285,-0.367257,0.916895,0.492403,-0.77575,-0.394653
0.763622,0.65107,0.844999,0.856221,0.461829,0.231517,0.156285,-0.658705,0.735991,0.492403,-0.593988,-0.636174
0.763622,0.680616,0.95744,0.856221,0.354794,0.37551,0.156285,-0.870704,0.466314,0.492403,-0.340581,-0.800964
0.763622,0.669922,1.07321,0.856221,0.204965,0.47421,0.156285,-0.977683,0.140394,0.492403,-0.046096,-0.869146
0.763622,0.620279,1.17833,0.856221,0.0304148,0.515714,0.156285,-0.966739,-0.20246,0.492403,0.253949,-0.832495
0.763622,0.537675,1.26014,0.856221,-0.147804,0.495015,0.156285,-0.839192,-0.520895,0.492403,0.523364,-0.695434
0.763622,0.432073,1.30876,0.856221,-0.308196,0.41461,0.156285,-0.610426,-0.776502,0.492403,0.729654,-0.474493
0.763622,0.316209,1.31833,0.856221,-0.431414,0.284197,0.156285,-0.308034,-0.938451,0.492403,0.847937,-0.196321
0.763622,0.20406,1.2877,0.856221,-0.502598,0.119506,0.156285,0.0315119,-0.987209,0.492403,0.863946,0.10553
0.763622,0.109151,1.22056,0.856221,-0.513161,-0.0596001,0.156285,0.367257,-0.916895,0.492403,0.77575,0.394653
0.763622,0.04293,1.125,0.856221,-0.461829,-0.231517,0.156285,0.658705,-0.735991,0.492403,0.593988,0.636174
0.763622,0.0133845,1.01256,0.856221,-0.354794,-0.37551,0.156285,0.870704,-0.466314,0.492403,0.340581,0.800964
0.763622,0.024078,0.896794,0.856221,-0.204965,-0.47421,0.156285,0.977683,-0.140394,0.492403,0.046096,0.869146
0.674556,0.106128,0.96409,0.647527,-0.40998,-0.642359,0.374957,0.905256,-0.199797,0.663413,-0.111483,0.739902
0.674556,0.127806,0.882968,0.647527,-0.165555,-0.743842,0.374957,0.918997,0.121867,0.663413,-0.357821,0.657151
0.674556,0.175922,0.814153,0.647527,0.0988379,-0.755606,0.374957,0.821893,0.428833,0.663413,-0.561001,0.495138
0.674556,0.244672,0.765944,0.647527,0.35131,-0.676233,0.374957,0.625658,0.684076,0.663413,-0.696516,0.273404
0.674556,0.325765,0.744156,0.647527,0.561408,-0.515296,0.374957,0.353958,0.856808,0.663413,-0.74802,0.0186931
0.674556,0.409419,0.751418,0.647527,0.703793,-0.292207,0.374957,0.0395661,0.926197,0.663413,-0.709303,-0.238272
0.674556,0.485544,0.786853,0.647527,0.76129,-0.0338733,0.374957,-0.279598,0.883873,0.663413,-0.585032,-0.466498
0.674556,0.544959,0.846188,0.647527,0.726964,0.228546,0.374957,-0.565039,0.734941,0.663413,-0.390199,-0.638458
0.674556,0.580497,0.922266,0.647527,0.604955,0.463399,0.374957,-0.782327,0.497364,0.663413,-0.148302,-0.73341
0.674556,0.587872,1.00591,0.647527,0.40998,0.642359,0.374957,-0.905256,0.199797,0.663413,0.111483,-0.739902
0.674556,0.566194,1.08703,0.647527,0.165555,0.743842,0.374957,-0.918997,-0.121867,0.663413,0.357821,-0.657151
0.674556,0.518078,1.15585,0.647527,-0.0988379,0.755606,0.374957,-0.821893,-0.428833,0.663413,0.561001,-0.495138
0.674556,0.449328,1.20406,0.647527,-0.35131,0.676233,0.374957,-0.625658,-0.684076,0.663413,0.696516,-0.273404
0.674556,0.368235,1.22584,0.647527,-0.561408,0.515296,0.374957,-0.353958,-0.856808,0.663413,0.74802,-0.0186931
0.674556,0.284581,1.21858,0.647527,-0.703793,0.292207,0.374957,-0.0395661,-0.926197,0.663413,0.709303,0.238272
0.674556,0.208456,1.18315,0.647527,-0.76129,0.0338733,0.374957,0.279598,-0.883873,0.663413,0.585032,0.466498
0.674556,0.149041,1.12381,0.647527,-0.726964,-0.228546,0.374957,0.565039,-0.734941,0.663413,0.390199,0.638458
0.674556,0.113503,1.04773,0.647527,-0.604955,-0.463399,0.374957,0.782327,-0.497364,0.663413,0.148302,0.73341
0.674556,0.106128,0.96409,0.647527,-0.40998,-0.642359,0.374957,0.905256,-0.199797,0.663413,-0.111483,0.739902
0.627155,0.206783,1.04665,0.360731,-0.547442,-0.755103,0.548404,0.779369,-0.303048,0.754404,-0.304783,0.581362
0.627155,0.194155,0.994971,0.360731,-0.256166,-0.896801,0.548404,0.836015,-0.0182121,0.754404,-0.485239,0.44206
0.627155,0.199963,0.942094,0.360731,0.0660062,-0.930331,0.548404,0.791826,0.26882,0.754404,-0.607169,0.249439
0.627155,0.223505,0.894392,0.360731,0.380218,-0.85165,0.548404,0.652131,0.523429,0.754404,-0.655865,0.0267315
0.627155,0.261942,0.857618,0.360731,0.648569,-0.670247,0.548404,0.43378,0.714904,0.754404,-0.625454,-0.1992
0.627155,0.310639,0.836209,0.360731,0.838694,-0.408003,0.548404,0.163108,0.820152,0.754404,-0.519605,-0.401105
0.627155,0.363722,0.832746,0.360731,0.927659,-0.0965469,0.548404,-0.127237,0.826477,0.754404,-0.351083,-0.55463
0.627155,0.414787,0.847647,0.360731,0.904735,0.226554,0.548404,-0.402236,0.733117,0.754404,-0.140215,-0.641259
0.627155,0.457677,0.879115,0.360731,0.772687,0.522329,0.548404,-0.628718,0.551332,0.754404,0.0875645,-0.650543
0.627155,0.487217,0.923354,0.360731,0.547442,0.755103,0.548404,-0.779369,0.303048,0.754404,0.304783,-0.581362
0.627155,0.499845,0.975029,0.360731,0.256166,0.896801,0.548404,-0.836015,0.0182121,0.754404,0.485239,-0.44206
0.627155,0.494037,1.02791,0.360731,-0.0660062,0.930331,0.548404,-0.791826,-0.26882,0.754404,0.607169,-0.249439
0.627155,0.470495,1.07561,0.360731,-0.380218,0.85165,0.548404,-0.652131,-0.523429,0.754404,0.655865,-0.0267315
0.627155,0.432058,1.11238,0.360731,-0.648569,0.670247,0.548404,-0.43378,-0.714904,0.754404,0.625454,0.1992
0.627155,0.383361,1.13379,0.360731,-0.838694,0.408003,0.548404,-0.163108,-0.820152,0.754404,0.519605,0.401105
0.627155,0.330278,1.13725,0.360731,-0.927659,0.0965469,0.548404,0.127237,-0.826477,0.754404,0.351083,0.55463
0.627155,0.279213,1.12235,0.360731,-0.904735,-0.226554,0.548404,0.402236,-0.733117,0.754404,0.140215,0.641259
0.627155,0.236323,1.09089,0.360731,-0.772687,-0.522329,0.548404,0.628718,-0.551332,0.754404,-0.0875645,0.650543
0.627155,0.206783,1.04665,0.360731,-0.547442,-0.755103,0.548404,0.779369,-0.303048,0.754404,-0.304783,0.581362
0.627137,0.313903,1.1345,0.0304265,-0.60077,-0.798842,0.655705,0.615205,-0.437691,0.754404,-0.510487,0.412647
0.627137,0.264766,1.11417,0.0304265,-0.291319,-0.956142,0.655705,0.727803,-0.200883,0.754404,-0.620835,0.213164
0.627137,0.225547,1.07825,0.0304265,0.053269,-0.998117,0.655705,0.752617,0.0601553,0.754404,-0.6563,-0.0120292
0.627137,0.200978,1.03109,0.0304265,0.391432,-0.919704,0.655705,0.686654,0.313938,0.754404,-0.612606,-0.235772
0.627137,0.19402,0.978367,0.0304265,0.682383,-0.730361,0.655705,0.537871,0.529855,0.754404,-0.495023,-0.431076
0.627137,0.205515,0.926445,0.0304265,0.891029,-0.452926,0.655705,0.324213,0.681863,0.754404,-0.317732,-0.574387
0.627137,0.234074,0.881586,0.0304265,0.992203,-0.120861,0.655705,0.0714492,0.751629,0.754404,-0.102119,-0.648418
0.627137,0.276254,0.849199,0.0304265,0.973703,0.225781,0.655705,-0.189932,0.730737,0.754404,0.125812,-0.644241
0.627137,0.326967,0.833193,0.0304265,0.83776,0.545191,0.655705,-0.428405,0.621708,0.754404,0.338568,-0.562358
0.627137,0.380097,0.835496,0.0304265,0.60077,0.798842,0.655705,-0.615205,0.437691,0.754404,0.510487,-0.412647
0.627137,0.429234,0.855832,0.0304265,0.291319,0.956142,0.655705,-0.727803,0.200883,0.754404,0.620835,-0.213164
0.627137,0.468453,0.891747,0.0304265,-0.053269,0.998117,0.655705,-0.752617,-0.0601553,0.754404,0.6563,0.0120292
0.627137,0.493022,0.938911,0.0304265,-0.391432,0.919704,0.655705,-0.686654,-0.313938,0.754404,0.612606,0.235772
0.627137,0.49998,0.991633,0.0304265,-0.682383,0.730361,0.655705,-0.537871,-0.529855,0.754404,0.495023,0.431076
0.627137,0.488485,1.04355,0.0304265,-0.891029,0.452926,0.655705,-0.324213,-0.681863,0.754404,0.317732,0.574387
0.627137,0.459926,1.08841,0.0304265,-0.992203,0.120861,0.655705,-0.0714492,-0.751629,0.754404,0.102119,0.648418
0.627137,0.417746,1.1208,0.0304265,-0.973703,-0.225781,0.655705,0.189932,-0.730737,0.754404,-0.125812,0.644241
0.627137,0.367033,1.13681,0.0304265,-0.83776,-0.545191,0.655705,0.428405,-0.621708,0.754404,-0.338568,0.562358
0.627137,0.313903,1.1345,0.0304265,-0.60077,-0.798842,0.655705,0.615205,-0.437691,0.754404,-0.510487,0.412647
0.674504,0.414568,1.21707,-0.303548,-0.563534,-0.768302,0.683918,0.432567,-0.587488,0.663411,-0.703786,0.254106
0.674504,0.331122,1.22618,-0.303548,-0.266774,-0.914708,0.683918,0.607413,-0.404112,0.663411,-0.748252,-0.00192727
0.674504,0.24959,1.20621,-0.303548,0.0621626,-0.950786,0.683918,0.708995,-0.171993,0.663411,-0.702468,-0.257728
0.674504,0.179808,1.15955,-0.303548,0.383602,-0.872186,0.683918,0.725063,0.0808697,0.663411,-0.571956,-0.482444
0.674504,0.130191,1.09184,-0.303548,0.658773,-0.688387,0.683918,0.653677,0.323979,0.663411,-0.372457,-0.648969
0.674504,0.106725,1.01124,-0.303548,0.854486,-0.421559,0.683918,0.503448,0.528011,0.663411,-0.128035,-0.737219
0.674504,0.11224,0.927482,-0.303548,0.947136,-0.103884,0.683918,0.292496,0.668358,0.663411,0.131831,-0.73655
0.674504,0.14607,0.850658,-0.303548,0.925547,0.226321,0.683918,0.0462648,0.728091,0.663411,0.375795,-0.647042
0.674504,0.204135,0.790038,-0.303548,0.792324,0.529228,0.683918,-0.205547,0.700005,0.663411,0.574433,-0.479491
0.674504,0.279432,0.752933,-0.303548,0.563534,0.768302,0.683918,-0.432567,0.587488,0.663411,0.703786,-0.254106
0.674504,0.362878,0.743818,-0.303548,0.266774,0.914708,0.683918,-0.607413,0.404112,0.663411,0.748252,0.00192727
0.674504,0.44441,0.763794,-0.303548,-0.0621626,0.950786,0.683918,-0.708995,0.171993,0.663411,0.702468,0.257728
0.674504,0.514192,0.810451,-0.303548,-0.383602,0.872186,0.683918,-0.725063,-0.0808697,0.663411,0.571956,0.482444
0.674504,0.563809,0.87816,-0.303548,-0.658773,0.688387,0.683918,-0.653677,-0.323979,0.663411,0.372457,0.648969
0.674504,0.587275,0.958756,-0.303548,-0.854486,0.421559,0.683918,-0.503448,-0.528011,0.663411,0.128035,0.737219
0.674504,0.58176,1.04252,-0.303548,-0.947136,0.103884,0.683918,-0.292496,-0.668358,0.663411,-0.131831,0.73655
0.674504,0.54793,1.11934,-0.303548,-0.925547,-0.226321,0.683918,-0.0462648,-0.728091,0.663411,-0.375795,0.647042
0.674504,0.489865,1.17996,-0.303548,-0.792324,-0.529228,0.683918,0.205547,-0.700005,0.663411,-0.574433,0.479491
0.674504,0.414568,1.21707,-0.303548,-0.563534,-0.768302,0.683918,0.432567,-0.587488,0.663411,-0.703786,0.254106
0.763543,0.496636,1.28438,-0.60091,-0.440224,-0.667165,0.629641,0.253482,-0.73437,0.492402,-0.861365,0.124863
0.763543,0.385219,1.3175,-0.60091,-0.185491,-0.777496,0.629641,0.489364,-0.603387,0.492402,-0.852124,-0.177271
0.763543,0.269192,1.31052,-0.60091,0.0916143,-0.794049,0.629641,0.666222,-0.399626,0.492402,-0.740104,-0.458024
0.763543,0.162549,1.26428,-0.60091,0.35767,-0.714828,0.629641,0.762724,-0.147664,0.492402,-0.538817,-0.683532
0.763543,0.0781545,1.18435,-0.60091,0.580585,-0.549388,0.629641,0.76723,0.122109,0.492402,-0.272541,-0.826597
0.763543,0.0261864,1.08038,-0.60091,0.733474,-0.317684,0.629641,0.679197,0.377153,0.492402,0.0266082,-0.869961
0.763543,0.0129132,0.9649,-0.60091,0.797894,-0.0476626,0.629641,0.509243,0.586707,0.492402,0.322548,-0.808396
0.763543,0.0399358,0.851848,-0.60091,0.766077,0.228108,0.629641,0.277866,0.725495,0.492402,0.579583,-0.649326
0.763543,0.103995,0.754856,-0.60091,0.641859,0.476365,0.629641,0.0129747,0.776778,0.492402,0.766713,-0.411937
0.763543,0.197364,0.685622,-0.60091,0.440224,0.667165,0.629641,-0.253482,0.73437,0.492402,0.861365,-0.124863
0.763543,0.308781,0.652498,-0.60091,0.185491,0.777496,0.629641,-0.489364,0.603387,0.492402,0.852124,0.177271
0.763543,0.424808,0.659479,-0.60091,-0.0916143,0.794049,0.629641,-0.666222,0.399626,0.492402,0.740104,0.458024
0.763543,0.531451,0.705722,-0.60091,-0.35767,0.714828,0.629641,-0.762724,0.147664,0.492402,0.538817,0.683532
0.763543,0.615845,0.785651,-0.60091,-0.580585,0.549388,0.629641,-0.76723,-0.122109,0.492402,0.272541,0.826597
0.763543,0.667814,0.889624,-0.60091,-0.733474,0.317684,0.629641,-0.679197,-0.377153,0.492402,-0.0266082,0.869961
0.763543,0.681087,1.0051,-0.60091,-0.797894,0.0476626,0.629641,-0.509243,-0.586707,0.492402,-0.322548,0.808396
0.763543,0.654064,1.11815,-0.60091,-0.766077,-0.228108,0.629641,-0.277866,-0.725495,0.492402,-0.579583,0.649326
0.763543,0.590005,1.21514,-0.60091,-0.641859,-0.476365,0.629641,-0.0129747,-0.776778,0.492402,-0.766713,0.411937
0.763543,0.496636,1.28438,-0.60091,-0.440224,-0.667165,0.629641,0.253482,-0.73437,0.492402,-0.861365,0.124863
0.883514,0.550208,1.32832,-0.825794,-0.245713,-0.507631,0.499419,0.0995502,-0.860622,0.262001,-0.964217,0.0405059
0.883514,0.420532,1.37711,-0.825794,-0.0572747,-0.561056,0.499419,0.387897,-0.774672,0.262001,-0.919922,-0.291719
0.883514,0.281987,1.37862,-0.825794,0.138072,-0.546809,0.499419,0.629457,-0.595285,0.262001,-0.76467,-0.588758
0.883514,0.151283,1.33264,-0.825794,0.316765,-0.466609,0.499419,0.795096,-0.344098,0.262001,-0.517188,-0.814784
0.883514,0.0441859,1.24474,-0.825794,0.457251,-0.330129,0.499419,0.864834,-0.0514076,0.262001,-0.207325,-0.942535
0.883514,-0.0263877,1.1255,-0.825794,0.542586,-0.153831,0.499419,0.83026,0.247483,0.262001,0.127544,-0.956602
0.883514,-0.0519251,0.989325,-0.825794,0.562478,0.0410217,0.499419,0.695545,0.516524,0.262001,0.44703,-0.85529
0.883514,-0.0293463,0.852624,-0.825794,0.514526,0.230927,0.499419,0.476937,0.723264,0.262001,0.712597,-0.650816
0.883514,0.0386254,0.731889,-0.825794,0.404515,0.392978,0.499419,0.200803,0.842768,0.262001,0.892214,-0.367845
0.883514,0.143792,0.641683,-0.825794,0.245713,0.507631,0.499419,-0.0995502,0.860622,0.262001,0.964217,-0.0405059
0.883514,0.273468,0.592887,-0.825794,0.0572747,0.561056,0.499419,-0.387897,0.774672,0.262001,0.919922,0.291719
0.883514,0.412013,0.591384,-0.825794,-0.138072,0.546809,0.499419,-0.629457,0.595285,0.262001,0.76467,0.588758
0.883514,0.542717,0.637358,-0.825794,-0.316765,0.466609,0.499419,-0.795096,0.344098,0.262001,0.517188,0.814784
0.883514,0.649814,0.725263,-0.825794,-0.457251,0.330129,0.499419,-0.864834,0.0514076,0.262001,0.207325,0.942535
0.883514,0.720388,0.844495,-0.825794,-0.542586,0.153831,0.499419,-0.83026,-0.247483,0.262001,-0.127544,0.956602
0.883514,0.745925,0.980675,-0.825794,-0.562478,-0.0410217,0.499419,-0.695545,-0.516524,0.262001,-0.44703,0.85529
0.883514,0.723346,1.11738,-0.825794,-0.514526,-0.230927,0.499419,-0.476937,-0.723264,0.262001,-0.712597,0.650816
0.883514,0.655375,1.23811,-0.825794,-0.404515,-0.392978,0.499419,-0.200803,-0.842768,0.262001,-0.892214,0.367845
0.883514,0.550208,1.32832,-0.825794,-0.245713,-0.507631,0.499419,0.0995502,-0.860622,0.262001,-0.964217,0.0405059
0.875863,0.0458147,0.727512,0.985232,0.0408609,-0.16628,-0.00862081,0.981715,0.190162,0.17101,-0.18592,0.967569
0.875863,0.152045,0.640029,0.985232,0.0952679,-0.142277,-0.00862081,0.857471,0.51446,0.17101,-0.505636,0.845629
0.875863,0.281789,0.594154,0.985232,0.138184,-0.101113,-0.00862081,0.629803,0.776707,0.17101,-0.764364,0.621693
0.875863,0.419399,0.595422,0.985232,0.164433,-0.0477536,-0.00862081,0.326172,0.945271,0.17101,-0.930899,0.322773
0.875863,0.548276,0.643678,0.985232,0.17085,0.0113658,-0.00862081,-0.0168003,0.999822,0.17101,-0.985154,-0.0150793
0.875863,0.652877,0.733103,0.985232,0.156659,0.0691144,-0.00862081,-0.357746,0.933779,0.17101,-0.920584,-0.351112
0.875863,0.720584,0.85291,0.985232,0.123573,0.118527,-0.00862081,-0.655543,0.755109,0.17101,-0.744979,-0.644796
0.875863,0.743232,0.988649,0.985232,0.0755817,0.153643,-0.00862081,-0.874271,0.485361,0.17101,-0.479518,-0.860708
0.875863,0.718088,1.12395,0.985232,0.0184746,0.170228,-0.00862081,-0.98755,0.157072,0.17101,-0.15622,-0.972806
0.875863,0.648185,1.24249,0.985232,-0.0408609,0.16628,-0.00862081,-0.981715,-0.190162,0.17101,0.18592,-0.967569
0.875863,0.541955,1.32997,0.985232,-0.0952679,0.142277,-0.00862081,-0.857471,-0.51446,0.17101,0.505636,-0.845629
0.875863,0.412211,1.37585,0.985232,-0.138184,0.101113,-0.00862081,-0.629803,-0.776707,0.17101,0.764364,-0.621693
0.875863,0.274601,1.37458,0.985232,-0.164433,0.0477536,-0.00862081,-0.326172,-0.945271,0.17101,0.930899,-0.322773
0.875863,0.145724,1.32632,0.985232,-0.17085,-0.0113658,-0.00862081,0.0168003,-0.999822,0.17101,0.985154,0.0150793
0.875863,0.0411233,1.2369,0.985232,-0.156659,-0.0691144,-0.00862081,0.357746,-0.933779,0.17101,0.920584,0.351112
0.875863,-0.026584,1.11709,0.985232,-0.123573,-0.118527,-0.00862081,0.655543,-0.755109,0.17101,0.744979,0.644796
0.875863,-0.0492315,0.981351,0.985232,-0.0755817,-0.153643,-0.00862081,0.874271,-0.485361,0.17101,0.479518,0.860708
0.875863,-0.0240877,0.846052,0.985232,-0.0184746,-0.170228,-0.00862081,0.98755,-0.157072,0.17101,0.15622,0.972806
0.875863,0.0458147,0.727512,0.985232,0.0408609,-0.16628,-0.00862081,0.981715,0.190162,0.17101,-0.18592,0.967569
0.749059,0.102405,0.773926,0.900555,-0.216239,-0.377149,0.292759,0.942977,0.15839,0.321393,-0.253053,0.912508
0.749059,0.189347,0.702999,0.900555,-0.074206,-0.428363,0.292759,0.831936,0.471355,0.321393,-0.549888,0.770928
0.749059,0.295305,0.666085,0.900555,0.0767778,-0.427909,0.292759,0.620551,0.727467,0.321393,-0.780398,0.536363
0.749059,0.407498,0.667637,0.900555,0.218501,-0.375843,0.292759,0.334319,0.895837,0.321393,-0.916782,0.237104
0.749059,0.512394,0.707468,0.900555,0.33387,-0.278446,0.292759,0.00776255,0.956155,0.321393,-0.942587,-0.0907527
0.749059,0.597341,0.780773,0.900555,0.408969,-0.147463,0.292759,-0.31973,0.901147,0.321393,-0.854703,-0.407664
0.749059,0.652093,0.878711,0.900555,0.434741,0.00130576,0.292759,-0.608658,0.737447,0.321393,-0.663729,-0.675404
0.749059,0.670047,0.989469,0.900555,0.408076,0.149917,0.292759,-0.824173,0.4848,0.321393,-0.392699,-0.861681
0.749059,0.649036,1.09969,0.900555,0.332191,0.280446,0.292759,-0.940281,0.173679,0.321393,-0.0743045,-0.944026
0.749059,0.591595,1.19607,0.900555,0.216239,0.377149,0.292759,-0.942977,-0.15839,0.321393,0.253053,-0.912508
0.749059,0.504653,1.267,0.900555,0.074206,0.428363,0.292759,-0.831936,-0.471355,0.321393,0.549888,-0.770928
0.749059,0.398695,1.30391,0.900555,-0.0767778,0.427909,0.292759,-0.620551,-0.727467,0.321393,0.780398,-0.536363
0.749059,0.286502,1.30236,0.900555,-0.218501,0.375843,0.292759,-0.334319,-0.895837,0.321393,0.916782,-0.237104
0.749059,0.181606,1.26253,0.900555,-0.33387,0.278446,0.292759,-0.00776255,-0.956155,0.321393,0.942587,0.0907527
0.749059,0.0966591,1.18923,0.900555,-0.408969,0.147463,0.292759,0.31973,-0.901147,0.321393,0.854703,0.407664
0.749059,0.0419069,1.09129,0.900555,-0.434741,-0.00130576,0.292759,0.608658,-0.737447,0.321393,0.663729,0.675404
0.749059,0.0239534,0.980531,0.900555,-0.408076,-0.149917,0.292759,0.824173,-0.4848,0.321393,0.392699,0.861681
0.749059,0.0449641,0.870312,0.900555,-0.332191,-0.280446,0.292759,0.940281,-0.173679,0.321393,0.0743045,0.944026
0.749059,0.102405,0.773926,0.900555,-0.216239,-0.377149,0.292759,0.942977,0.15839,0.321393,-0.253053,0.912508
0.654934,0.189115,0.845044,0.707258,-0.435442,-0.556935,0.558827,0.826875,0.0631655,0.433011,-0.355905,0.828151
0.654934,0.246505,0.799485,0.707258,-0.218699,-0.672278,0.558827,0.755404,0.342164,0.433011,-0.617685,0.65648
0.654934,0.316015,0.776301,0.707258,0.024423,-0.706534,0.558827,0.592821,0.579892,0.433011,-0.804964,0.405629
0.654934,0.389263,0.77829,0.707258,0.264599,-0.655571,0.558827,0.358735,0.747677,0.433011,-0.895152,0.105853
0.654934,0.457413,0.805211,0.707258,0.47286,-0.525537,0.558827,0.0813795,0.825281,0.433011,-0.877371,-0.206691
0.654934,0.512246,0.853817,0.707258,0.624088,-0.332116,0.558827,-0.205791,0.803344,0.433011,-0.753767,-0.494305
0.654934,0.547147,0.918246,0.707258,0.700041,-0.0986363,0.558827,-0.46814,0.684512,0.433011,-0.539247,-0.722298
0.654934,0.557908,0.990726,0.707258,0.691559,0.14674,0.558827,-0.674025,0.483117,0.433011,-0.259686,-0.863171
0.654934,0.543231,1.06252,0.707258,0.599665,0.374418,0.558827,-0.798612,0.223452,0.433011,0.0511969,-0.899934
0.654934,0.504885,1.12496,0.707258,0.435442,0.556935,0.558827,-0.826875,-0.0631655,0.433011,0.355905,-0.828151
0.654934,0.447495,1.17052,0.707258,0.218699,0.672278,0.558827,-0.755404,-0.342164,0.433011,0.617685,-0.65648
0.654934,0.377985,1.1937,0.707258,-0.024423,0.706534,0.558827,-0.592821,-0.579892,0.433011,0.804964,-0.405629
0.654934,0.304737,1.19171,0.707258,-0.264599,0.655571,0.558827,-0.358735,-0.747677,0.433011,0.895152,-0.105853
0.654934,0.236587,1.16479,0.707258,-0.47286,0.525537,0.558827,-0.0813795,-0.825281,0.433011,0.877371,0.206691
0.654934,0.181754,1.11618,0.707258,-0.624088,0.332116,0.558827,0.205791,-0.803344,0.433011,0.753767,0.494305
0.654934,0.146853,1.05175,0.707258,-0.700041,0.0986363,0.558827,0.46814,-0.684512,0.433011,0.539247,0.722298
