0.658953,0.58491,0.999546,0.308961,0.631387,-0.711262,0.951075,-0.205112,0.231054,-3.49349e-06,-0.74785,-0.663868
0.907818,0.415302,1.2614,0.92986,-0.367148,-0.0237335,-0.179072,-0.395289,-0.900933,0.321394,0.841991,-0.433309
0.907818,0.27671,1.2346,0.92986,-0.336889,-0.147874,-0.179072,-0.063313,-0.981797,0.321394,0.939413,-0.1192
0.907818,0.155642,1.16201,0.92986,-0.265996,-0.254179,-0.179072,0.276299,-0.944241,0.321394,0.923528,0.209287
0.907818,0.0667009,1.0524,0.92986,-0.16302,-0.329827,-0.179072,0.582586,-0.792797,0.321394,0.796252,0.512531
0.907818,0.020614,0.918974,0.92986,-0.0403817,-0.365692,-0.179072,0.818604,-0.545729,0.321394,0.572937,0.753956
0.907818,0.0229402,0.777834,0.92986,0.0871276,-0.357449,-0.179072,0.955887,-0.232838,0.321394,0.280516,0.904443
0.907818,0.0733988,0.646001,0.92986,0.204128,-0.306093,-0.179072,0.977875,0.108136,0.321394,-0.0457386,0.94584
0.907818,0.165904,0.539376,0.92986,0.296508,-0.217818,-0.179072,0.881917,0.436068,0.321394,-0.366477,0.873155
0.907818,0.289298,0.470821,0.92986,0.353124,-0.10327,-0.179072,0.679587,0.711403,0.321394,-0.643012,0.695155
0.907818,0.428698,0.448603,0.92986,0.367148,0.0237335,-0.179072,0.395289,0.900933,0.321394,-0.841991,0.433309
0.907818,0.56729,0.475403,0.92986,0.336889,0.147874,-0.179072,0.063313,0.981797,0.321394,-0.939413,0.1192
0.907818,0.688358,0.547987,0.92986,0.265996,0.254179,-0.179072,-0.276299,0.944241,0.321394,-0.923528,-0.209287
0.907818,0.777299,0.657602,0.92986,0.16302,0.329827,-0.179072,-0.582586,0.792797,0.321394,-0.796252,-0.512531
0.907818,0.823386,0.791026,0.92986,0.0403817,0.365692,-0.179072,-0.818604,0.545729,0.321394,-0.572937,-0.753956
0.907818,0.82106,0.932166,0.92986,-0.0871276,0.357449,-0.179072,-0.955887,0.232838,0.321394,-0.280516,-0.904443
0.907818,0.770601,1.064,0.92986,-0.204128,0.306093,-0.179072,-0.977875,-0.108136,0.321394,0.0457386,-0.94584
0.907818,0.678096,1.17062,0.92986,-0.296508,0.217818,-0.179072,-0.881917,-0.436068,0.321394,0.366477,-0.873155
0.907818,0.554702,1.23918,0.92986,-0.353124,0.10327,-0.179072,-0.679587,-0.711403,0.321394,0.643012,-0.695155
0.907818,0.415302,1.2614,0.92986,-0.367148,-0.0237335,-0.179072,-0.395289,-0.900933,0.321394,0.841991,-0.433309
0.809114,0.45312,1.2188,0.796489,-0.569231,0.203914,-0.0275851,-0.371098,-0.928184,0.604023,0.733664,-0.311278
0.809114,0.326818,1.2075,0.796489,-0.604645,-0.00307233,-0.0275851,-0.0312606,-0.999131,0.604023,0.795882,-0.0415779
0.809114,0.211996,1.15369,0.796489,-0.567129,-0.209688,-0.0275851,0.312347,-0.949567,0.604023,0.762105,0.233137
0.809114,0.122504,1.06385,0.796489,-0.46121,-0.391012,-0.0275851,0.618282,-0.785472,0.604023,0.636406,0.479732
0.809114,0.0691355,0.948819,0.796489,-0.299662,-0.525174,-0.0275851,0.849642,-0.526638,0.604023,0.433948,0.668465
0.809114,0.0583278,0.822475,0.796489,-0.10197,-0.595992,-0.0275851,0.978523,-0.204283,0.604023,0.17915,0.776571
0.809114,0.0913842,0.700053,0.796489,0.108021,-0.594925,-0.0275851,0.98938,0.142712,0.604023,-0.0972572,0.79101
0.809114,0.164318,0.59632,0.796489,0.304983,-0.522101,-0.0275851,0.880903,0.472493,0.604023,-0.361933,0.710043
0.809114,0.268332,0.523788,0.796489,0.46516,-0.386305,-0.0275851,0.666176,0.745284,0.604023,-0.582955,0.543433
0.809114,0.39088,0.491205,0.796489,0.569231,-0.203914,-0.0275851,0.371098,0.928184,0.604023,-0.733664,0.311278
0.809114,0.517182,0.502501,0.796489,0.604645,0.00307233,-0.0275851,0.0312606,0.999131,0.604023,-0.795882,0.0415779
0.809114,0.632004,0.556313,0.796489,0.567129,0.209688,-0.0275851,-0.312347,0.949567,0.604023,-0.762105,-0.233137
0.809114,0.721496,0.646152,0.796489,0.46121,0.391012,-0.0275851,-0.618282,0.785472,0.604023,-0.636406,-0.479732
0.809114,0.774864,0.761181,0.796489,0.299662,0.525174,-0.0275851,-0.849642,0.526638,0.604023,-0.433948,-0.668465
0.809114,0.785672,0.887525,0.796489,0.10197,0.595992,-0.0275851,-0.978523,0.204283,0.604023,-0.17915,-0.776571
0.809114,0.752616,1.00995,0.796489,-0.108021,0.594925,-0.0275851,-0.98938,-0.142712,0.604023,0.0972572,-0.79101
0.809114,0.679682,1.11368,0.796489,-0.304983,0.522101,-0.0275851,-0.880903,-0.472493,0.604023,0.361933,-0.710043
0.809114,0.575668,1.18621,0.796489,-0.46516,0.386305,-0.0275851,-0.666176,-0.745284,0.604023,0.582955,-0.543433
0.809114,0.45312,1.2188,0.796489,-0.569231,0.203914,-0.0275851,-0.371098,-0.928184,0.604023,0.733664,-0.311278
0.735846,0.511068,1.15352,0.567051,-0.728844,0.383719,0.127229,-0.382762,-0.915044,0.813797,0.567697,-0.124315
0.735846,0.403598,1.16598,0.567051,-0.816129,0.111298,0.127229,-0.0467153,-0.990773,0.813797,0.575979,0.0773455
0.735846,0.298347,1.14093,0.567051,-0.804976,-0.174546,0.127229,0.294966,-0.946999,0.813797,0.514789,0.269677
0.735846,0.208011,1.08139,0.567051,-0.696732,-0.439338,0.127229,0.60107,-0.789004,0.813797,0.391509,0.429482
0.735846,0.143485,0.994552,0.567051,-0.504451,-0.651139,0.127229,0.834677,-0.535843,0.813797,0.221006,0.537485
0.735846,0.112552,0.890878,0.567051,-0.251327,-0.784403,0.127229,0.967609,-0.218051,0.813797,0.0238473,0.580659
0.735846,0.118943,0.782877,0.567051,0.0321119,-0.823057,0.127229,0.983833,0.12604,0.813797,-0.176188,0.553798
0.735846,0.161887,0.683575,0.567051,0.311677,-0.762437,0.127229,0.881392,0.45493,0.813797,-0.354973,0.46014
0.735846,0.236205,0.60495,0.567051,0.55365,-0.609857,0.127229,0.672642,0.728948,0.813797,-0.490942,0.310982
0.735846,0.332932,0.556484,0.567051,0.728844,-0.383719,0.127229,0.382762,0.915044,0.813797,-0.567697,0.124315
0.735846,0.440402,0.544023,0.567051,0.816129,-0.111298,0.127229,0.0467153,0.990773,0.813797,-0.575979,-0.0773455
0.735846,0.545653,0.569072,0.567051,0.804976,0.174546,0.127229,-0.294966,0.946999,0.813797,-0.514789,-0.269677
0.735846,0.635989,0.628607,0.567051,0.696732,0.439338,0.127229,-0.60107,0.789004,0.813797,-0.391509,-0.429482
0.735846,0.700515,0.715448,0.567051,0.504451,0.651139,0.127229,-0.834677,0.535843,0.813797,-0.221006,-0.537485
0.735846,0.731448,0.819122,0.567051,0.251327,0.784403,0.127229,-0.967609,0.218051,0.813797,-0.0238473,-0.580659
0.735846,0.725057,0.927123,0.567051,-0.0321119,0.823057,0.127229,-0.983833,-0.12604,0.813797,0.176188,-0.553798
0.735846,0.682113,1.02642,0.567051,-0.311677,0.762437,0.127229,-0.881392,-0.45493,0.813797,0.354973,-0.46014
0.735846,0.607795,1.10505,0.567051,-0.55365,0.609857,0.127229,-0.672642,-0.728948,0.813797,0.490942,-0.310982
0.735846,0.511068,1.15352,0.567051,-0.728844,0.383719,0.127229,-0.382762,-0.915044,0.813797,0.567697,-0.124315
0.696852,0.582157,1.07343,0.269218,-0.826736,0.493994,0.266698,-0.428874,-0.863098,0.925416,0.364109,0.105028
0.696852,0.49779,1.11504,0.269218,-0.945833,0.181442,0.266698,-0.107813,-0.957731,0.925416,0.306229,0.223226
0.696852,0.404281,1.12528,0.269218,-0.950849,-0.152994,0.266698,0.226252,-0.936847,0.925416,0.211413,0.314501
0.696852,0.31291,1.10292,0.269218,-0.841179,-0.468977,0.266698,0.533028,-0.802965,0.925416,0.0910974,0.367841
0.696852,0.234696,1.05065,0.269218,-0.63005,-0.728394,0.266698,0.775513,-0.572234,0.925416,-0.0402055,0.376815
0.696852,0.179074,0.974794,0.269218,-0.342928,-0.899957,0.266698,0.924459,-0.272483,0.925416,-0.166659,0.340339
0.696852,0.152752,0.884483,0.269218,-0.0144437,-0.962971,0.266698,0.961902,0.0601331,0.925416,-0.273011,0.262813
0.696852,0.158906,0.790617,0.269218,0.315783,-0.909837,0.266698,0.883326,0.385497,0.925416,-0.346434,0.153588
0.696852,0.196793,0.704517,0.269218,0.607921,-0.746963,0.266698,0.698207,0.664364,0.925416,-0.378072,0.0258385
0.696852,0.261843,0.636566,0.269218,0.826736,-0.493994,0.266698,0.428874,0.863098,0.925416,-0.364109,-0.105028
0.696852,0.34621,0.594963,0.269218,0.945833,-0.181442,0.266698,0.107813,0.957731,0.925416,-0.306229,-0.223226
0.696852,0.439719,0.584723,0.269218,0.950849,0.152994,0.266698,-0.226252,0.936847,0.925416,-0.211413,-0.314501
0.696852,0.53109,0.607083,0.269218,0.841179,0.468977,0.266698,-0.533028,0.802965,0.925416,-0.0910974,-0.367841
0.696852,0.609304,0.659345,0.269218,0.63005,0.728394,0.266698,-0.775513,0.572234,0.925416,0.0402055,-0.376815
0.696852,0.664926,0.735206,0.269218,0.342928,0.899957,0.266698,-0.924459,0.272483,0.925416,0.166659,-0.340339
0.696852,0.691248,0.825517,0.269218,0.0144437,0.962971,0.266698,-0.961902,-0.0601331,0.925416,0.273011,-0.262813
0.696852,0.685094,0.919383,0.269218,-0.315783,0.909837,0.266698,-0.883326,-0.385497,0.925416,0.346434,-0.153588
0.696852,0.647207,1.00548,0.269218,-0.607921,0.746963,0.266698,-0.698207,-0.664364,0.925416,0.378072,-0.0258385
0.696852,0.582157,1.07343,0.269218,-0.826736,0.493994,0.266698,-0.428874,-0.863098,0.925416,0.364109,0.105028
0.696834,0.657813,0.988207,-0.061087,-0.851099,0.52144,0.373999,-0.503873,-0.778612,0.925415,0.147455,0.34909
0.696834,0.598033,1.06083,-0.061087,-0.978114,0.1989,0.373999,-0.207185,-0.903991,0.925415,0.0191662,0.37847
0.696834,0.51702,1.10862,-0.061087,-0.987154,-0.14763,0.373999,0.114493,-0.920335,0.925415,-0.111434,0.3622
0.696834,0.424546,1.12582,-0.061087,-0.877129,-0.476353,0.373999,0.422362,-0.825673,0.925415,-0.228594,0.302244
0.696834,0.331766,1.11036,-0.061087,-0.661309,-0.747622,0.373999,0.679287,-0.631423,0.925415,-0.318181,0.205833
0.696834,0.249869,1.0641,-0.061087,-0.365726,-0.928716,0.373999,0.85428,-0.361013,0.925415,-0.369392,0.0845956
0.696834,0.188733,0.992617,-0.061087,-0.0260305,-0.997793,0.373999,0.926234,-0.0470606,0.925415,-0.376048,-0.0468456
0.696834,0.155733,0.904536,-0.061087,0.316805,-0.946522,0.373999,0.886471,0.272568,0.925415,-0.337348,-0.172636
0.696834,0.154849,0.81048,-0.061087,0.621428,-0.781086,0.373999,0.739787,0.559321,0.925415,-0.257958,-0.277605
0.696834,0.186187,0.721793,-0.061087,0.851099,-0.52144,0.373999,0.503873,0.778612,0.925415,-0.147455,-0.34909
0.696834,0.245967,0.649174,-0.061087,0.978114,-0.1989,0.373999,0.207185,0.903991,0.925415,-0.0191662,-0.37847
0.696834,0.32698,0.60138,-0.061087,0.987154,0.14763,0.373999,-0.114493,0.920335,0.925415,0.111434,-0.3622
0.696834,0.419454,0.584176,-0.061087,0.877129,0.476353,0.373999,-0.422362,0.825673,0.925415,0.228594,-0.302244
0.696834,0.512234,0.599638,-0.061087,0.661309,0.747622,0.373999,-0.679287,0.631423,0.925415,0.318181,-0.205833
0.696834,0.594131,0.6459,-0.061087,0.365726,0.928716,0.373999,-0.85428,0.361013,0.925415,0.369392,-0.0845956
0.696834,0.655267,0.717383,-0.061087,0.0260305,0.997793,0.373999,-0.926234,0.0470606,0.925415,0.376048,0.0468456
0.696834,0.688267,0.805464,-0.061087,-0.316805,0.946522,0.373999,-0.886471,-0.272568,0.925415,0.337348,0.172636
0.696834,0.689151,0.89952,-0.061087,-0.621428,0.781086,0.373999,-0.739787,-0.559321,0.925415,0.257958,0.277605
0.696834,0.657813,0.988207,-0.061087,-0.851099,0.52144,0.373999,-0.503873,-0.778612,0.925415,0.147455,0.34909
0.735794,0.728911,0.908115,-0.384024,-0.798995,0.462744,0.43619,-0.598712,-0.671776,0.813796,-0.0561335,0.578433
0.735794,0.692236,1.00988,-0.384024,-0.909078,0.161565,0.43619,-0.332844,-0.836034,0.813796,-0.250584,0.524351
0.735794,0.622966,1.09297,-0.384024,-0.909512,-0.159101,0.43619,-0.0268307,-0.899455,0.813796,-0.41481,0.407024
0.735794,0.529457,1.14735,-0.384024,-0.800246,-0.460578,0.43619,0.282419,-0.854387,0.813796,-0.529005,0.240604
0.735794,0.422987,1.16647,-0.384024,-0.594458,-0.706502,0.43619,0.557605,-0.706269,0.813796,-0.579393,0.0451632
0.735794,0.316398,1.14802,-0.384024,-0.31697,-0.867211,0.43619,0.765535,-0.472963,0.813796,-0.559898,-0.155725
0.735794,0.222546,1.09424,-0.384024,-0.00125085,-0.923322,0.43619,0.881131,-0.182612,0.813796,-0.472871,-0.33783
0.735794,0.152751,1.01159,-0.384024,0.314619,-0.868067,0.43619,0.890449,0.129766,0.813796,-0.328809,-0.479187
0.735794,0.115432,0.910058,-0.384024,0.592542,-0.70811,0.43619,0.792366,0.426491,0.813796,-0.145088,-0.562748
0.735794,0.115089,0.801885,-0.384024,0.798995,-0.462744,0.43619,0.598712,0.671776,0.813796,0.0561335,-0.578433
0.735794,0.151764,0.700119,-0.384024,0.909078,-0.161565,0.43619,0.332844,0.836034,0.813796,0.250584,-0.524351
0.735794,0.221034,0.617033,-0.384024,0.909512,0.159101,0.43619,0.0268307,0.899455,0.813796,0.41481,-0.407024
0.735794,0.314543,0.56265,-0.384024,0.800246,0.460578,0.43619,-0.282419,0.854387,0.813796,0.529005,-0.240604
0.735794,0.421013,0.543528,-0.384024,0.594458,0.706502,0.43619,-0.557605,0.706269,0.813796,0.579393,-0.0451632
0.735794,0.527602,0.561975,-0.384024,0.31697,0.867211,0.43619,-0.765535,0.472963,0.813796,0.559898,0.155725
0.735794,0.621454,0.615765,-0.384024,0.00125085,0.923322,0.43619,-0.881131,0.182612,0.813796,0.472871,0.33783
0.735794,0.691249,0.69841,-0.384024,-0.314619,0.868067,0.43619,-0.890449,-0.129766,0.813796,0.328809,0.479187
0.735794,0.728568,0.799942,-0.384024,-0.592542,0.70811,0.43619,-0.792366,-0.426491,0.813796,0.145088,0.562748
0.735794,0.728911,0.908115,-0.384024,-0.798995,0.462744,0.43619,-0.598712,-0.671776,0.813796,-0.0561335,0.578433
0.809034,0.786874,0.842818,-0.660642,-0.676709,0.324988,0.44577,-0.701952,-0.555475,0.604021,-0.2221,0.765395
0.809034,0.769036,0.968348,-0.660642,-0.747051,0.073941,0.44577,-0.469635,-0.762057,0.604021,-0.470486,0.643274
0.809034,0.70934,1.08021,-0.660642,-0.727288,-0.186025,0.44577,-0.180674,-0.876725,0.604021,-0.662125,0.443564
0.809034,0.614987,1.1649,-0.660642,-0.619803,-0.423553,0.44577,0.130079,-0.885646,0.604021,-0.773902,0.190354
0.809034,0.497356,1.21222,-0.660642,-0.43756,-0.609995,0.44577,0.425143,-0.787745,0.604021,-0.792335,-0.0858162
0.809034,0.370637,1.21645,-0.660642,-0.202542,-0.722862,0.44577,0.668929,-0.594831,0.604021,-0.7152,-0.351635
0.809034,0.250112,1.17708,-0.660642,0.0569063,-0.748541,0.44577,0.832031,-0.330171,0.604021,-0.551802,-0.575042
0.809034,0.15032,1.09887,-0.660642,0.309491,-0.683936,0.44577,0.894779,-0.0256875,0.604021,-0.321848,-0.72909
0.809034,0.0832965,0.991241,-0.660642,0.524746,-0.536837,0.44577,0.849603,0.281894,0.604021,-0.053075,-0.795199
0.809034,0.0571255,0.867182,-0.660642,0.676709,-0.324988,0.44577,0.701952,0.555475,0.604021,0.2221,-0.765395
0.809034,0.0749638,0.741652,-0.660642,0.747051,-0.073941,0.44577,0.469635,0.762057,0.604021,0.470486,-0.643274
0.809034,0.13466,0.629795,-0.660642,0.727288,0.186025,0.44577,0.180674,0.876725,0.604021,0.662125,-0.443564
0.809034,0.229013,0.5451,-0.660642,0.619803,0.423553,0.44577,-0.130079,0.885646,0.604021,0.773902,-0.190354
0.809034,0.346644,0.497784,-0.660642,0.43756,0.609995,0.44577,-0.425143,0.787745,0.604021,0.792335,0.0858162
0.809034,0.473363,0.493553,-0.660642,0.202542,0.722862,0.44577,-0.668929,0.594831,0.604021,0.7152,0.351635
0.809034,0.593888,0.532919,-0.660642,-0.0569063,0.748541,0.44577,-0.832031,0.330171,0.604021,0.551802,0.575042
0.809034,0.69368,0.611132,-0.660642,-0.309491,0.683936,0.44577,-0.894779,0.0256875,0.604021,0.321848,0.72909
0.809034,0.760704,0.718759,-0.660642,-0.524746,0.536837,0.44577,-0.849603,-0.281894,0.604021,0.053075,0.795199
0.809034,0.786874,0.842818,-0.660642,-0.676709,0.324988,0.44577,-0.701952,-0.555475,0.604021,-0.2221,0.765395
0.90772,0.824713,0.800193,-0.857576,-0.49899,0.124787,0.401584,-0.801141,-0.443738,0.321392,-0.330427,0.887426
0.90772,0.819171,0.941234,-0.857576,-0.511577,-0.0534035,0.401584,-0.601059,-0.690983,0.321392,-0.614017,0.720895
0.90772,0.765725,1.07187,-0.857576,-0.46246,-0.225152,0.401584,-0.328481,-0.854886,0.321392,-0.823548,0.467414
0.90772,0.67082,1.17636,-0.857576,-0.357563,-0.369745,0.401584,-0.0162826,-0.915678,0.321392,-0.933747,0.157555
0.90772,0.545904,1.24208,-0.857576,-0.20954,-0.46974,0.401584,0.29788,-0.866024,0.321392,-0.931322,-0.171307
0.90772,0.406044,1.26111,-0.857576,-0.0362422,-0.513078,0.401584,0.576113,-0.711916,0.321392,-0.816566,-0.479507
0.90772,0.268108,1.23116,-0.857576,0.141427,-0.494531,0.401584,0.784859,-0.47194,0.321392,-0.60332,-0.729871
0.90772,0.148733,1.15584,-0.857576,0.302037,-0.416337,0.401584,0.898939,-0.175041,0.321392,-0.317305,-0.892202
0.90772,0.0623187,1.04424,-0.857576,0.426218,-0.287926,0.401584,0.904594,0.142971,0.321392,0.00698188,-0.94692
0.90772,0.0192871,0.909807,-0.857576,0.49899,-0.124787,0.401584,0.801141,0.443738,0.321392,0.330427,-0.887426
0.90772,0.0248286,0.768766,-0.857576,0.511577,0.0534035,0.401584,0.601059,0.690983,0.321392,0.614017,-0.720895
0.90772,0.0782749,0.638126,-0.857576,0.46246,0.225152,0.401584,0.328481,0.854886,0.321392,0.823548,-0.467414
0.90772,0.17318,0.533644,-0.857576,0.357563,0.369745,0.401584,0.0162826,0.915678,0.321392,0.933747,-0.157555
0.90772,0.298096,0.467922,-0.857576,0.20954,0.46974,0.401584,-0.29788,0.866024,0.321392,0.931322,0.171307
0.90772,0.437956,0.448888,-0.857576,0.0362422,0.513078,0.401584,-0.576113,0.711916,0.321392,0.816566,0.479507
0.90772,0.575892,0.478837,-0.857576,-0.141427,0.494531,0.401584,-0.784859,0.47194,0.321392,0.60332,0.729871
0.90772,0.695267,0.554157,-0.857576,-0.302037,0.416337,0.401584,-0.898939,0.175041,0.321392,0.317305,0.892202
0.90772,0.781681,0.665763,-0.857576,-0.426218,0.287926,0.401584,-0.904594,-0.142971,0.321392,-0.00698188,0.94692
0.90772,0.824713,0.800193,-0.857576,-0.49899,0.124787,0.401584,-0.801141,-0.443738,0.321392,-0.330427,0.887426
0.883612,0.275278,1.22602,0.961642,-0.269056,-0.0534199,-0.0812368,-0.0933308,-0.992315,0.262003,0.958592,-0.111608
0.883612,0.157228,1.15347,0.961642,-0.234559,-0.142221,-0.0812368,0.25169,-0.964393,0.262003,0.938954,0.22298
0.883612,0.0711143,1.04491,0.961642,-0.171771,-0.213868,-0.0812368,0.566353,-0.82015,0.262003,0.806064,0.530674
0.883612,0.0273222,0.913447,0.961642,-0.0882651,-0.25972,-0.0812368,0.812705,-0.576985,0.262003,0.575951,0.774361
0.883612,0.0311341,0.774935,0.961642,0.00588725,-0.274245,-0.0812368,0.961033,-0.264227,0.262003,0.27637,0.924648
0.883612,0.0820901,0.646079,0.961642,0.0993295,-0.255692,-0.0812368,0.993447,0.0804008,0.262003,-0.0565452,0.963409
0.883612,0.174044,0.542423,0.961642,0.180791,-0.2063,-0.0812368,0.906036,0.415331,0.262003,-0.38264,0.885969
0.883612,0.295906,0.476468,0.961642,0.240447,-0.132024,-0.0812368,0.709344,0.700166,0.262003,-0.662584,0.701668
0.883612,0.432976,0.456169,0.961642,0.271101,-0.0418243,-0.0812368,0.427094,0.90055,0.262003,-0.862609,0.432735
0.883612,0.568722,0.483975,0.961642,0.269056,0.0534199,-0.0812368,0.0933308,0.992315,0.262003,-0.958592,0.111608
0.883612,0.686772,0.556533,0.961642,0.234559,0.142221,-0.0812368,-0.25169,0.964393,0.262003,-0.938954,-0.22298
0.883612,0.772886,0.66509,0.961642,0.171771,0.213868,-0.0812368,-0.566353,0.82015,0.262003,-0.806064,-0.530674
0.883612,0.816678,0.796553,0.961642,0.0882651,0.25972,-0.0812368,-0.812705,0.576985,0.262003,-0.575951,-0.774361
0.883612,0.812866,0.935065,0.961642,-0.00588725,0.274245,-0.0812368,-0.961033,0.264227,0.262003,-0.27637,-0.924648
0.883612,0.76191,1.06392,0.961642,-0.0993295,0.255692,-0.0812368,-0.993447,-0.0804008,0.262003,0.0565452,-0.963409
0.883612,0.669956,1.16758,0.961642,-0.180791,0.2063,-0.0812368,-0.906036,-0.415331,0.262003,0.38264,-0.885969
0.883612,0.548094,1.23353,0.961642,-0.240447,0.132024,-0.0812368,-0.709344,-0.700166,0.262003,0.662584,-0.701668
0.883612,0.411024,1.25383,0.961642,-0.271101,0.0418243,-0.0812368,-0.427094,-0.90055,0.262003,0.862609,-0.432735
0.883612,0.275278,1.22602,0.961642,-0.269056,-0.0534199,-0.0812368,-0.0933308,-0.992315,0.262003,0.958592,-0.111608
0.763622,0.321254,1.17423,0.856221,-0.481851,0.186295,0.156285,-0.102116,-0.982419,0.492403,0.870283,-0.0121274
0.763622,0.218146,1.12052,0.856221,-0.516508,0.010257,0.156285,0.24005,-0.958098,0.492403,0.821946,0.286258
0.763622,0.139626,1.03479,0.856221,-0.488867,-0.167018,0.156285,0.553262,-0.818215,0.492403,0.674471,0.550117
0.763622,0.095164,0.927368,0.856221,-0.402261,-0.324148,0.156285,0.799742,-0.579644,0.492403,0.445644,0.747623
0.763622,0.0901234,0.811219,0.856221,-0.267137,-0.442181,0.156285,0.949762,-0.27116,0.492403,0.163066,0.854955
0.763622,0.125112,0.700351,0.856221,-0.0997919,-0.50688,0.156285,0.985226,0.0700308,0.492403,-0.13918,0.859167
0.763622,0.19591,0.608135,0.856221,0.0795896,-0.510443,0.156285,0.901858,0.402775,0.492403,-0.424639,0.759751
0.763622,0.293977,0.545696,0.856221,0.249371,-0.452438,0.156285,0.709712,0.686938,0.492403,-0.65888,0.568697
0.763622,0.407486,0.520563,0.856221,0.389075,-0.339863,0.156285,0.431965,0.888246,0.492403,-0.81365,0.30905
0.763622,0.522746,0.535768,0.856221,0.481851,-0.186295,0.156285,0.102116,0.982419,0.492403,-0.870283,0.0121274
0.763622,0.625854,0.589477,0.856221,0.516508,-0.010257,0.156285,-0.24005,0.958098,0.492403,-0.821946,-0.286258
0.763622,0.704374,0.675212,0.856221,0.488867,0.167018,0.156285,-0.553262,0.818215,0.492403,-0.674471,-0.550117
0.763622,0.748836,0.782632,0.856221,0.402261,0.324148,0.156285,-0.799742,0.579644,0.492403,-0.445644,-0.747623
0.763622,0.753877,0.898781,0.856221,0.267137,0.442181,0.156285,-0.949762,0.27116,0.492403,-0.163066,-0.854955
0.763622,0.718888,1.00965,0.856221,0.0997919,0.50688,0.156285,-0.985226,-0.0700308,0.492403,0.13918,-0.859167
0.763622,0.64809,1.10186,0.856221,-0.0795896,0.510443,0.156285,-0.901858,-0.402775,0.492403,0.424639,-0.759751
0.763622,0.550023,1.1643,0.856221,-0.249371,0.452438,0.156285,-0.709712,-0.686938,0.492403,0.65888,-0.568697
0.763622,0.436514,1.18944,0.856221,-0.389075,0.339863,0.156285,-0.431965,-0.888246,0.492403,0.81365,-0.30905
0.763622,0.321254,1.17423,0.856221,-0.481851,0.186295,0.156285,-0.102116,-0.982419,0.492403,0.870283,-0.0121274
0.674556,0.391702,1.09487,0.647527,-0.657876,0.384588,0.374957,-0.164302,-0.912366,0.663413,0.734986,0.140286
0.674556,0.311488,1.07004,0.647527,-0.749738,0.136388,0.374957,0.157654,-0.913538,0.663413,0.64268,0.383205
0.674556,0.244604,1.01928,0.647527,-0.751171,-0.128263,0.374957,0.460595,-0.804524,0.663413,0.472858,0.579905
0.674556,0.199116,0.948697,0.647527,-0.662001,-0.377443,0.374957,0.707981,-0.598473,0.663413,0.246002,0.706659
0.674556,0.180511,0.866816,0.647527,-0.492984,-0.581099,0.374957,0.869974,-0.320237,0.663413,-0.0105255,0.74818
0.674556,0.191033,0.783509,0.647527,-0.264506,-0.714665,0.374957,0.927036,-0.0033751,0.663413,-0.265783,0.699459
0.674556,0.229414,0.708825,0.647527,-0.00412499,-0.762032,0.374957,0.872283,0.313893,0.663413,-0.488984,0.566373
0.674556,0.291023,0.651772,0.647527,0.256754,-0.717486,0.374957,0.71232,0.593302,0.663413,-0.653205,0.364975
0.674556,0.36843,0.619231,0.647527,0.486665,-0.586402,0.374957,0.466441,0.801149,0.663413,-0.738641,0.119554
0.674556,0.452298,0.615128,0.647527,0.657876,-0.384588,0.374957,0.164302,0.912366,0.663413,-0.734986,-0.140286
0.674556,0.532512,0.639956,0.647527,0.749738,-0.136388,0.374957,-0.157654,0.913538,0.663413,-0.64268,-0.383205
0.674556,0.599396,0.690722,0.647527,0.751171,0.128263,0.374957,-0.460595,0.804524,0.663413,-0.472858,-0.579905
0.674556,0.644884,0.761303,0.647527,0.662001,0.377443,0.374957,-0.707981,0.598473,0.663413,-0.246002,-0.706659
0.674556,0.663489,0.843184,0.647527,0.492984,0.581099,0.374957,-0.869974,0.320237,0.663413,0.0105255,-0.74818
0.674556,0.652967,0.926491,0.647527,0.264506,0.714665,0.374957,-0.927036,0.0033751,0.663413,0.265783,-0.699459
0.674556,0.614586,1.00117,0.647527,0.00412499,0.762032,0.374957,-0.872283,-0.313893,0.663413,0.488984,-0.566373
0.674556,0.552977,1.05823,0.647527,-0.256754,0.717486,0.374957,-0.71232,-0.593302,0.663413,0.653205,-0.364975
0.674556,0.47557,1.09077,0.647527,-0.486665,0.586402,0.374957,-0.466441,-0.801149,0.663413,0.738641,-0.119554
0.674556,0.391702,1.09487,0.647527,-0.657876,0.384588,0.374957,-0.164302,-0.912366,0.663413,0.734986,0.140286
0.627155,0.478124,0.997517,0.360731,-0.775901,0.517543,0.548404,-0.272388,-0.790606,0.754404,0.569019,0.327248
0.627155,0.425996,1.00812,0.360731,-0.906118,0.220958,0.548404,0.0144417,-0.836089,0.754404,0.422778,0.502128
0.627155,0.373386,1.00025,0.360731,-0.927045,-0.102278,0.548404,0.29953,-0.780727,0.754404,0.225543,0.616445
0.627155,0.326639,0.974864,0.360731,-0.836156,-0.413178,0.548404,0.548491,-0.631198,0.754404,0.00110463,0.656409
0.627155,0.291394,0.93502,0.360731,-0.644414,-0.674243,0.548404,0.731295,-0.405538,0.754404,-0.223467,0.6172
0.627155,0.271903,0.885524,0.360731,-0.374947,-0.853983,0.548404,0.825895,-0.130963,0.754404,-0.421085,0.503548
0.627155,0.270515,0.832347,0.360731,-0.0602554,-0.930721,0.548404,0.820879,0.159408,0.754404,-0.567914,0.329161
0.627155,0.287398,0.781902,0.360731,0.261704,-0.895201,0.548404,0.716853,0.430551,0.754404,-0.646245,0.115072
0.627155,0.320517,0.740274,0.360731,0.552098,-0.751705,0.548404,0.526365,0.649764,0.754404,-0.646628,-0.112896
0.627155,0.365876,0.712483,0.360731,0.775901,-0.517543,0.548404,0.272388,0.790606,0.754404,-0.569019,-0.327248
0.627155,0.418004,0.701882,0.360731,0.906118,-0.220958,0.548404,-0.0144417,0.836089,0.754404,-0.422778,-0.502128
0.627155,0.470614,0.70975,0.360731,0.927045,0.102278,0.548404,-0.29953,0.780727,0.754404,-0.225543,-0.616445
0.627155,0.517361,0.735136,0.360731,0.836156,0.413178,0.548404,-0.548491,0.631198,0.754404,-0.00110463,-0.656409
0.627155,0.552606,0.77498,0.360731,0.644414,0.674243,0.548404,-0.731295,0.405538,0.754404,0.223467,-0.6172
0.627155,0.572097,0.824476,0.360731,0.374947,0.853983,0.548404,-0.825895,0.130963,0.754404,0.421085,-0.503548
0.627155,0.573485,0.877653,0.360731,0.0602554,0.930721,0.548404,-0.820879,-0.159408,0.754404,0.567914,-0.329161
0.627155,0.556602,0.928098,0.360731,-0.261704,0.895201,0.548404,-0.716853,-0.430551,0.754404,0.646245,-0.115072
0.627155,0.523483,0.969726,0.360731,-0.552098,0.751705,0.548404,-0.526365,-0.649764,0.754404,0.646628,0.112896
0.627155,0.478124,0.997517,0.360731,-0.775901,0.517543,0.548404,-0.272388,-0.790606,0.754404,0.569019,0.327248
0.627137,0.570098,0.893908,0.0304265,-0.821689,0.569124,0.655705,-0.413339,-0.631825,0.754404,0.392401,0.526209
0.627137,0.547859,0.942214,0.0304265,-0.966787,0.253767,0.655705,-0.172314,-0.735091,0.754404,0.188763,0.628684
0.627137,0.51044,0.980001,0.0304265,-0.995276,-0.0921971,0.655705,0.0894933,-0.749695,0.754404,-0.0376435,0.65533
0.627137,0.462353,1.00271,0.0304265,-0.90372,-0.427041,0.655705,0.340507,-0.673874,0.754404,-0.259509,0.602934
0.627137,0.4094,1.0076,0.0304265,-0.703162,-0.710378,0.655705,0.55045,-0.516774,0.754404,-0.450075,0.477815
0.627137,0.357966,0.994091,0.0304265,-0.417793,-0.908033,0.655705,0.694001,-0.297344,0.754404,-0.586354,0.295065
0.627137,0.314256,0.963802,0.0304265,-0.0820314,-0.996165,0.655705,0.753846,-0.0420494,0.754404,-0.651911,0.0767253
0.627137,0.283541,0.92039,0.0304265,0.263624,-0.964145,0.655705,0.722765,0.218317,0.754404,-0.638837,-0.150868
0.627137,0.269526,0.869091,0.0304265,0.577483,-0.815836,0.655705,0.604508,0.452351,0.754404,-0.548711,-0.360265
0.627137,0.273902,0.816092,0.0304265,0.821689,-0.569124,0.655705,0.413339,0.631825,0.754404,-0.392401,-0.526209
0.627137,0.296141,0.767786,0.0304265,0.966787,-0.253767,0.655705,0.172314,0.735091,0.754404,-0.188763,-0.628684
0.627137,0.33356,0.729999,0.0304265,0.995276,0.0921971,0.655705,-0.0894933,0.749695,0.754404,0.0376435,-0.65533
0.627137,0.381647,0.707289,0.0304265,0.90372,0.427041,0.655705,-0.340507,0.673874,0.754404,0.259509,-0.602934
0.627137,0.4346,0.702396,0.0304265,0.703162,0.710378,0.655705,-0.55045,0.516774,0.754404,0.450075,-0.477815
0.627137,0.486034,0.715909,0.0304265,0.417793,0.908033,0.655705,-0.694001,0.297344,0.754404,0.586354,-0.295065
0.627137,0.529744,0.746198,0.0304265,0.0820314,0.996165,0.655705,-0.753846,0.0420494,0.754404,0.651911,-0.0767253
0.627137,0.560459,0.78961,0.0304265,-0.263624,0.964145,0.655705,-0.722765,-0.218317,0.754404,0.638837,0.150868
0.627137,0.574474,0.840909,0.0304265,-0.577483,0.815836,0.655705,-0.604508,-0.452351,0.754404,0.548711,0.360265
0.627137,0.570098,0.893908,0.0304265,-0.821689,0.569124,0.655705,-0.413339,-0.631825,0.754404,0.392401,0.526209
0.674504,0.656528,0.796544,-0.303548,-0.789718,0.533108,0.683918,-0.570152,-0.455174,0.663411,0.226435,0.713171
0.674504,0.662378,0.880282,-0.303548,-0.924426,0.230859,0.683918,-0.380089,-0.622727,0.663411,-0.0311393,0.747607
0.674504,0.639234,0.960972,-0.303548,-0.947634,-0.0992361,0.683918,-0.144182,-0.71517,0.663411,-0.284958,0.69187
0.674504,0.589889,1.02888,-0.303548,-0.856544,-0.417361,0.683918,0.109116,-0.721353,0.663411,-0.504406,0.552684
0.674504,0.520294,1.07581,-0.303548,-0.662142,-0.685147,0.683918,0.349253,-0.64053,0.663411,-0.663016,0.346836
0.674504,0.438843,1.09612,-0.303548,-0.387876,-0.870293,0.683918,0.547264,-0.48245,0.663411,-0.741656,0.0991543
0.674504,0.355361,1.08734,-0.303548,-0.0668265,-0.95047,0.683918,0.679268,-0.266179,0.663411,-0.730841,-0.160487
0.674504,0.279916,1.05053,-0.303548,0.262283,-0.916005,0.683918,0.729342,-0.0178032,0.663411,-0.631877,-0.400771
0.674504,0.221609,0.990144,-0.303548,0.559758,-0.771057,0.683918,0.691446,0.23272,0.663411,-0.456698,-0.592716
0.674504,0.187472,0.913456,-0.303548,0.789718,-0.533108,0.683918,0.570152,0.455174,0.663411,-0.226435,-0.713171
0.674504,0.181622,0.829718,-0.303548,0.924426,-0.230859,0.683918,0.380089,0.622727,0.663411,0.0311393,-0.747607
0.674504,0.204766,0.749028,-0.303548,0.947634,0.0992361,0.683918,0.144182,0.71517,0.663411,0.284958,-0.69187
0.674504,0.254111,0.681121,-0.303548,0.856544,0.417361,0.683918,-0.109116,0.721353,0.663411,0.504406,-0.552684
0.674504,0.323706,0.634186,-0.303548,0.662142,0.685147,0.683918,-0.349253,0.64053,0.663411,0.663016,-0.346836
0.674504,0.405157,0.613884,-0.303548,0.387876,0.870293,0.683918,-0.547264,0.48245,0.663411,0.741656,-0.0991543
0.674504,0.488639,0.622664,-0.303548,0.0668265,0.95047,0.683918,-0.679268,0.266179,0.663411,0.730841,0.160487
0.674504,0.564084,0.659468,-0.303548,-0.262283,0.916005,0.683918,-0.729342,0.0178032,0.663411,0.631877,0.400771
0.674504,0.622391,0.719856,-0.303548,-0.559758,0.771057,0.683918,-0.691446,-0.23272,0.663411,0.456698,0.592716
0.674504,0.656528,0.796544,-0.303548,-0.789718,0.533108,0.683918,-0.570152,-0.455174,0.663411,0.226435,0.713171
0.763543,0.726992,0.717166,-0.60091,-0.683844,0.413841,0.629641,-0.723914,-0.28196,0.492402,0.0911384,0.865583
0.763543,0.75574,0.829792,-0.60091,-0.784145,0.154995,0.629641,-0.583821,-0.512549,0.492402,-0.210405,0.844553
0.763543,0.744235,0.945458,-0.60091,-0.789866,-0.122546,0.629641,-0.37331,-0.681317,0.492402,-0.48657,0.721658
0.763543,0.693863,1.05021,-0.60091,-0.700319,-0.385306,0.629641,-0.117773,-0.767908,0.492402,-0.704048,0.51172
0.763543,0.610701,1.13142,-0.60091,-0.526302,-0.601592,0.629641,0.15197,-0.761878,0.492402,-0.836607,0.240061
0.763543,0.504778,1.17929,-0.60091,-0.288805,-0.745317,0.629641,0.403383,-0.663954,0.492402,-0.868259,-0.0605532
0.763543,0.388872,1.18805,-0.60091,-0.0164747,-0.799147,0.629641,0.606141,-0.485948,0.492402,-0.795186,-0.353864
0.763543,0.276961,1.15663,-0.60091,0.257843,-0.756587,0.629641,0.735791,-0.249329,0.492402,-0.626202,-0.604493
0.763543,0.182544,1.08883,-0.60091,0.501061,-0.622771,0.629641,0.776693,0.0173624,0.492402,-0.381689,-0.782211
0.763543,0.117008,0.992834,-0.60091,0.683844,-0.413841,0.629641,0.723914,0.28196,0.492402,-0.0911384,-0.865583
0.763543,0.0882597,0.880208,-0.60091,0.784145,-0.154995,0.629641,0.583821,0.512549,0.492402,0.210405,-0.844553
0.763543,0.0997651,0.764542,-0.60091,0.789866,0.122546,0.629641,0.37331,0.681317,0.492402,0.48657,-0.721658
0.763543,0.150137,0.659786,-0.60091,0.700319,0.385306,0.629641,0.117773,0.767908,0.492402,0.704048,-0.51172
0.763543,0.233299,0.578576,-0.60091,0.526302,0.601592,0.629641,-0.15197,0.761878,0.492402,0.836607,-0.240061
0.763543,0.339222,0.530707,-0.60091,0.288805,0.745317,0.629641,-0.403383,0.663954,0.492402,0.868259,0.0605532
0.763543,0.455128,0.521953,-0.60091,0.0164747,0.799147,0.629641,-0.606141,0.485948,0.492402,0.795186,0.353864
0.763543,0.567039,0.553368,-0.60091,-0.257843,0.756587,0.629641,-0.735791,0.249329,0.492402,0.626202,0.604493
0.763543,0.661456,0.621165,-0.60091,-0.501061,0.622771,0.629641,-0.776693,-0.0173624,0.492402,0.381689,0.782211
0.763543,0.726992,0.717166,-0.60091,-0.683844,0.413841,0.629641,-0.723914,-0.28196,0.492402,0.0911384,0.865583
0.883514,0.772989,0.66535,-0.825794,-0.516837,0.225707,0.499419,-0.856079,-0.133075,0.262001,0.00282976,0.965064
0.883514,0.816685,0.796833,-0.825794,-0.562864,0.0353262,0.499419,-0.758937,-0.417846,0.262001,-0.327412,0.907831
0.883514,0.812777,0.935331,-0.825794,-0.541002,-0.159315,0.499419,-0.570256,-0.652218,0.262001,-0.618163,0.7411
0.883514,0.761736,1.06414,-0.825794,-0.453886,-0.334741,0.499419,-0.312793,-0.807924,0.262001,-0.834355,0.484982
0.883514,0.669717,1.16772,-0.825794,-0.312025,-0.469792,0.499419,-0.0176034,-0.866182,0.262001,-0.949911,0.170368
0.883514,0.54782,1.23359,-0.825794,-0.13253,-0.548179,0.499419,0.27971,-0.819965,0.262001,-0.950893,-0.164795
0.883514,0.410747,1.25379,-0.825794,0.0629508,-0.560447,0.499419,0.543286,-0.674849,0.262001,-0.837184,-0.480081
0.883514,0.275032,1.22589,-0.825794,0.250839,-0.505118,0.499419,0.741334,-0.448336,0.262001,-0.622499,-0.737463
0.883514,0.157043,1.15326,-0.825794,0.408472,-0.388864,0.499419,0.849966,-0.167747,0.262001,-0.33273,-0.905895
0.883514,0.0710114,1.04465,-0.825794,0.516837,-0.225707,0.499419,0.856079,0.133075,0.262001,-0.00282976,-0.965064
0.883514,0.0273146,0.913167,-0.825794,0.562864,-0.0353262,0.499419,0.758937,0.417846,0.262001,0.327412,-0.907831
0.883514,0.0312228,0.774669,-0.825794,0.541002,0.159315,0.499419,0.570256,0.652218,0.262001,0.618163,-0.7411
0.883514,0.0822644,0.64586,-0.825794,0.453886,0.334741,0.499419,0.312793,0.807924,0.262001,0.834355,-0.484982
0.883514,0.174283,0.542276,-0.825794,0.312025,0.469792,0.499419,0.0176034,0.866182,0.262001,0.949911,-0.170368
0.883514,0.29618,0.476411,-0.825794,0.13253,0.548179,0.499419,-0.27971,0.819965,0.262001,0.950893,0.164795
0.883514,0.433253,0.45621,-0.825794,-0.0629508,0.560447,0.499419,-0.543286,0.674849,0.262001,0.837184,0.480081
0.883514,0.568968,0.484109,-0.825794,-0.250839,0.505118,0.499419,-0.741334,0.448336,0.262001,0.622499,0.737463
0.883514,0.686957,0.556743,-0.825794,-0.408472,0.388864,0.499419,-0.849966,0.167747,0.262001,0.33273,0.905895
0.883514,0.772989,0.66535,-0.825794,-0.516837,0.225707,0.499419,-0.856079,-0.133075,0.262001,0.00282976,0.965064
0.875863,0.152949,1.1459,0.985232,-0.164558,-0.0473217,-0.00862081,0.228346,-0.973542,0.17101,0.959572,0.223555
0.875863,0.0696803,1.03634,0.985232,-0.138449,-0.10075,-0.00862081,0.547546,-0.836731,0.17101,0.825243,0.538266
0.875863,0.0289064,0.904902,0.985232,-0.0956412,-0.142027,-0.00862081,0.800704,-0.598999,0.17101,0.591377,0.788054
0.875863,0.0355454,0.767446,0.985232,-0.0412974,-0.166173,-0.00862081,0.957285,-0.289018,0.17101,0.286182,0.942791
0.875863,0.0887966,0.640551,0.985232,0.0180275,-0.170276,-0.00862081,0.998403,0.0558228,0.17101,-0.0535304,0.983814
0.875863,0.182237,0.539522,0.985232,0.075178,-0.153841,-0.00862081,0.9191,0.39393,0.17101,-0.386786,0.906174
0.875863,0.304596,0.476544,0.985232,0.123261,-0.118851,-0.00862081,0.728939,0.684524,0.17101,-0.67339,0.719237
0.875863,0.441116,0.459213,0.985232,0.156477,-0.0695255,-0.00862081,0.450858,0.892554,0.17101,-0.878773,0.445548
0.875863,0.575331,0.48962,0.985232,0.170819,-0.0118144,-0.00862081,0.118396,0.992929,0.17101,-0.978163,0.11812
0.875863,0.691051,0.564097,0.985232,0.164558,0.0473217,-0.00862081,-0.228346,0.973542,0.17101,-0.959572,-0.223555
0.875863,0.77432,0.673662,0.985232,0.138449,0.10075,-0.00862081,-0.547546,0.836731,0.17101,-0.825243,-0.538266
0.875863,0.815094,0.805098,0.985232,0.0956412,0.142027,-0.00862081,-0.800704,0.598999,0.17101,-0.591377,-0.788054
0.875863,0.808455,0.942554,0.985232,0.0412974,0.166173,-0.00862081,-0.957285,0.289018,0.17101,-0.286182,-0.942791
0.875863,0.755203,1.06945,0.985232,-0.0180275,0.170276,-0.00862081,-0.998403,-0.0558228,0.17101,0.0535304,-0.983814
0.875863,0.661763,1.17048,0.985232,-0.075178,0.153841,-0.00862081,-0.9191,-0.39393,0.17101,0.386786,-0.906174
0.875863,0.539404,1.23346,0.985232,-0.123261,0.118851,-0.00862081,-0.728939,-0.684524,0.17101,0.67339,-0.719237
0.875863,0.402884,1.25079,0.985232,-0.156477,0.0695255,-0.00862081,-0.450858,-0.892554,0.17101,0.878773,-0.445548
0.875863,0.268669,1.22038,0.985232,-0.170819,0.0118144,-0.00862081,-0.118396,-0.992929,0.17101,0.978163,-0.11812
0.875863,0.152949,1.1459,0.985232,-0.164558,-0.0473217,-0.00862081,0.228346,-0.973542,0.17101,0.959572,0.223555
0.749059,0.201537,1.09117,0.900555,-0.385304,0.20135,0.292759,0.195085,-0.936074,0.321393,0.901933,0.288486
0.749059,0.134059,1.00152,0.900555,-0.430933,0.0574252,0.292759,0.503476,-0.812899,0.321393,0.748871,0.579567
0.749059,0.10131,0.894204,0.900555,-0.424585,-0.0934258,0.292759,0.75114,-0.591676,0.321393,0.505485,0.800744
0.749059,0.107241,0.782158,0.900555,-0.367026,-0.233008,0.292759,0.908206,-0.299088,0.321393,0.20113,0.92534
0.749059,0.151137,0.678897,0.900555,-0.265198,-0.344486,0.292759,0.955729,0.0295738,0.321393,-0.127484,0.938325
0.749059,0.227703,0.596876,0.900555,-0.131383,-0.414415,0.292759,0.887977,0.354669,0.321393,-0.440722,0.838135
0.749059,0.327704,0.54599,0.900555,0.018278,-0.434358,0.292759,0.713121,0.636986,0.321393,-0.700803,0.636854
0.749059,0.439078,0.532374,0.900555,0.165735,-0.401912,0.292759,0.452253,0.842472,0.321393,-0.876356,0.358758
0.749059,0.548393,0.557672,0.900555,0.293202,-0.320989,0.292759,0.136836,0.946345,0.321393,-0.946207,0.037391
0.749059,0.642463,0.618832,0.900555,0.385304,-0.20135,0.292759,-0.195085,0.936074,0.321393,-0.901933,-0.288486
0.749059,0.709941,0.708477,0.900555,0.430933,-0.0574252,0.292759,-0.503476,0.812899,0.321393,-0.748871,-0.579567
0.749059,0.74269,0.815796,0.900555,0.424585,0.0934258,0.292759,-0.75114,0.591676,0.321393,-0.505485,-0.800744
0.749059,0.736759,0.927842,0.900555,0.367026,0.233008,0.292759,-0.908206,0.299088,0.321393,-0.20113,-0.92534
0.749059,0.692863,1.0311,0.900555,0.265198,0.344486,0.292759,-0.955729,-0.0295738,0.321393,0.127484,-0.938325
0.749059,0.616297,1.11312,0.900555,0.131383,0.414415,0.292759,-0.887977,-0.354669,0.321393,0.440722,-0.838135
0.749059,0.516296,1.16401,0.900555,-0.018278,0.434358,0.292759,-0.713121,-0.636986,0.321393,0.700803,-0.636854
0.749059,0.404922,1.17763,0.900555,-0.165735,0.401912,0.292759,-0.452253,-0.842472,0.321393,0.876356,-0.358758
0.749059,0.295607,1.15233,0.900555,-0.293202,0.320989,0.292759,-0.136836,-0.946345,0.321393,0.946207,-0.037391
0.749059,0.201537,1.09117,0.900555,-0.385304,0.20135,0.292759,0.195085,-0.936074,0.321393,0.901933,0.288486
0.654934,0.275987,1.0073,0.707258,-0.573511,0.413366,0.558827,0.0954004,-0.823778,0.433011,0.813624,0.387966
0.654934,0.232703,0.948176,0.707258,-0.680304,0.192285,0.558827,0.371396,-0.74147,0.433011,0.631864,0.642845
0.654934,0.212251,0.877813,0.707258,-0.705041,-0.051989,0.558827,0.602595,-0.569729,0.433011,0.373892,0.820187
0.654934,0.217098,0.804699,0.707258,-0.644741,-0.289992,0.558827,0.761113,-0.32927,0.433011,0.0708233,0.898602
0.654934,0.246659,0.737652,0.707258,-0.506675,-0.493018,0.558827,0.827829,-0.0490966,0.433011,-0.240788,0.868633
0.654934,0.297369,0.684758,0.707258,-0.307497,-0.636578,0.558827,0.794697,0.236999,0.433011,-0.523357,0.733894
0.654934,0.363111,0.652399,0.707258,-0.0712299,-0.703358,0.558827,0.665713,0.494508,0.433011,-0.742801,0.510636
0.654934,0.435956,0.644476,0.707258,0.173628,-0.685302,0.558827,0.456434,0.692373,0.433011,-0.872652,0.225788
0.654934,0.507118,0.661945,0.707258,0.397545,-0.584589,0.558827,0.192102,0.806727,0.433011,-0.897249,-0.0862933
0.654934,0.568013,0.7027,0.707258,0.573511,-0.413366,0.558827,-0.0954004,0.823778,0.433011,-0.813624,-0.387966
0.654934,0.611297,0.761824,0.707258,0.680304,-0.192285,0.558827,-0.371396,0.74147,0.433011,-0.631864,-0.642845
0.654934,0.631749,0.832187,0.707258,0.705041,0.051989,0.558827,-0.602595,0.569729,0.433011,-0.373892,-0.820187
0.654934,0.626902,0.905301,0.707258,0.644741,0.289992,0.558827,-0.761113,0.32927,0.433011,-0.0708233,-0.898602
0.654934,0.597341,0.972348,0.707258,0.506675,0.493018,0.558827,-0.827829,0.0490966,0.433011,0.240788,-0.868633
0.654934,0.546631,1.02524,0.707258,0.307497,0.636578,0.558827,-0.794697,-0.236999,0.433011,0.523357,-0.733894
0.654934,0.480889,1.0576,0.707258,0.0712299,0.703358,0.558827,-0.665713,-0.494508,0.433011,0.742801,-0.510636
0.654934,0.408044,1.06552,0.707258,-0.173628,0.685302,0.558827,-0.456434,-0.692373,0.433011,0.872652,-0.225788
