0.658953,0.234749,1.14102,0.308961,0.768551,0.560243,0.951075,-0.249665,-0.182,-3.49349e-06,0.589064,-0.808086
0.907818,-0.0421652,0.997319,0.92986,-0.0115969,-0.367732,-0.179072,0.858857,-0.479893,0.321394,0.512084,0.79654
0.907818,-0.0287846,0.856795,0.92986,0.114874,-0.349521,-0.179072,0.971195,-0.157206,0.321394,0.208769,0.923646
0.907818,0.0318511,0.729323,0.92986,0.22749,-0.289153,-0.179072,0.966392,0.184443,0.321394,-0.119727,0.939346
0.907818,0.132428,0.630276,0.92986,0.312667,-0.193909,-0.179072,0.845028,0.503845,0.321394,-0.433782,0.841748
0.907818,0.260816,0.571602,0.92986,0.360131,-0.0752767,-0.179072,0.621742,0.762477,0.321394,-0.695516,0.642622
0.907818,0.401528,0.560378,0.92986,0.364159,0.0524352,-0.179072,0.323464,0.929142,0.321394,-0.873361,0.365987
0.907818,0.537593,0.597957,0.92986,0.324264,0.173823,-0.179072,-0.0138287,0.983739,0.321394,-0.945866,0.0452079
0.907818,0.6526,0.679807,0.92986,0.245257,0.274245,-0.179072,-0.349453,0.919682,0.321394,-0.904285,-0.281024
0.907818,0.732677,0.796055,0.92986,0.136669,0.341589,-0.179072,-0.642928,0.744699,0.321394,-0.753634,-0.573359
0.907818,0.768165,0.932681,0.92986,0.0115969,0.367732,-0.179072,-0.858857,0.479893,0.321394,-0.512084,-0.79654
0.907818,0.754785,1.0732,0.92986,-0.114874,0.349521,-0.179072,-0.971195,0.157206,0.321394,-0.208769,-0.923646
0.907818,0.694149,1.20068,0.92986,-0.22749,0.289153,-0.179072,-0.966392,-0.184443,0.321394,0.119727,-0.939346
0.907818,0.593572,1.29972,0.92986,-0.312667,0.193909,-0.179072,-0.845028,-0.503845,0.321394,0.433782,-0.841748
0.907818,0.465184,1.3584,0.92986,-0.360131,0.0752767,-0.179072,-0.621742,-0.762477,0.321394,0.695516,-0.642622
0.907818,0.324472,1.36962,0.92986,-0.364159,-0.0524352,-0.179072,-0.323464,-0.929142,0.321394,0.873361,-0.365987
0.907818,0.188407,1.33204,0.92986,-0.324264,-0.173823,-0.179072,0.0138287,-0.983739,0.321394,0.945866,-0.0452079
0.907818,0.0733997,1.25019,0.92986,-0.245257,-0.274245,-0.179072,0.349453,-0.919682,0.321394,0.904285,0.281024
0.907818,-0.006677,1.13394,0.92986,-0.136669,-0.341589,-0.179072,0.642928,-0.744699,0.321394,0.753634,0.573359
0.907818,-0.0421652,0.997319,0.92986,-0.0115969,-0.367732,-0.179072,0.858857,-0.479893,0.321394,0.512084,0.79654
0.809114,0.00386798,1.03088,0.796489,-0.25758,-0.547044,-0.0275851,0.888303,-0.458428,0.604023,0.380224,0.700419
0.809114,0.00299555,0.904072,0.796489,-0.0549461,-0.602151,-0.0275851,0.991524,-0.126964,0.604023,0.117736,0.788222
0.809114,0.045545,0.784618,0.796489,0.154315,-0.584629,-0.0275851,0.975152,0.219814,0.604023,-0.158952,0.780955
0.809114,0.126384,0.68692,0.796489,0.344964,-0.496593,-0.0275851,0.841162,0.540079,0.604023,-0.416469,0.679493
0.809114,0.235763,0.622763,0.796489,0.494005,-0.34866,-0.0275851,0.605716,0.795203,0.604023,-0.623753,0.496074
0.809114,0.360488,0.599885,0.796489,0.583461,-0.158674,-0.0275851,0.297212,0.954413,0.604023,-0.755803,0.252821
0.809114,0.485516,0.621045,0.796489,0.602544,0.050451,-0.0275851,-0.047141,0.998507,0.604023,-0.796692,-0.0209261
0.809114,0.595767,0.683691,0.796489,0.548951,0.253491,-0.0275851,-0.385808,0.922167,0.604023,-0.741489,-0.292149
0.809114,0.677943,0.780267,0.796489,0.429146,0.425956,-0.0275851,-0.67794,0.734599,0.604023,-0.596851,-0.528134
0.809114,0.722132,0.899125,0.796489,0.25758,0.547044,-0.0275851,-0.888303,0.458428,0.604023,-0.380224,-0.700419
0.809114,0.723004,1.02593,0.796489,0.0549461,0.602151,-0.0275851,-0.991524,0.126964,0.604023,-0.117736,-0.788222
0.809114,0.680455,1.14538,0.796489,-0.154315,0.584629,-0.0275851,-0.975152,-0.219814,0.604023,0.158952,-0.780955
0.809114,0.599616,1.24308,0.796489,-0.344964,0.496593,-0.0275851,-0.841162,-0.540079,0.604023,0.416469,-0.679493
0.809114,0.490237,1.30724,0.796489,-0.494005,0.34866,-0.0275851,-0.605716,-0.795203,0.604023,0.623753,-0.496074
0.809114,0.365512,1.33012,0.796489,-0.583461,0.158674,-0.0275851,-0.297212,-0.954413,0.604023,0.755803,-0.252821
0.809114,0.240484,1.30896,0.796489,-0.602544,-0.050451,-0.0275851,0.047141,-0.998507,0.604023,0.796692,0.0209261
0.809114,0.130233,1.24631,0.796489,-0.548951,-0.253491,-0.0275851,0.385808,-0.922167,0.604023,0.741489,0.292149
0.809114,0.048057,1.14973,0.796489,-0.429146,-0.425956,-0.0275851,0.67794,-0.734599,0.604023,0.596851,0.528134
0.809114,0.00386798,1.03088,0.796489,-0.25758,-0.547044,-0.0275851,0.888303,-0.458428,0.604023,0.380224,0.700419
0.735846,0.0744049,1.08229,0.567051,-0.451868,-0.688672,0.127229,0.874105,-0.468778,0.813797,0.178202,0.553153
0.735846,0.0516924,0.976515,0.567051,-0.189077,-0.801688,0.127229,0.981722,-0.141546,0.813797,-0.0217344,0.580742
0.735846,0.0665281,0.869347,0.567051,0.096519,-0.818008,0.127229,0.970928,0.202759,0.813797,-0.219049,0.538286
0.735846,0.117123,0.773716,0.567051,0.370473,-0.735665,0.127229,0.843026,0.522608,0.813797,-0.389944,0.430904
0.735846,0.197374,0.701157,0.567051,0.599743,-0.564589,0.127229,0.613443,0.779423,0.813797,-0.513805,0.271549
0.735846,0.297602,0.660421,0.567051,0.756675,-0.325416,0.127229,0.30987,0.942228,0.813797,-0.575694,0.0794406
0.735846,0.405718,0.656422,0.567051,0.822341,-0.0469929,0.127229,-0.0310788,0.991386,0.813797,-0.568145,-0.122249
0.735846,0.508681,0.689642,0.567051,0.78882,0.237098,0.127229,-0.368279,0.920969,0.813797,-0.49207,-0.309194
0.735846,0.594074,0.756074,0.567051,0.660156,0.492592,0.127229,-0.661059,0.739469,0.813797,-0.356644,-0.458845
0.735846,0.651595,0.847706,0.567051,0.451868,0.688672,0.127229,-0.874105,0.468778,0.813797,-0.178202,-0.553153
0.735846,0.674308,0.953485,0.567051,0.189077,0.801688,0.127229,-0.981722,0.141546,0.813797,0.0217344,-0.580742
0.735846,0.659472,1.06065,0.567051,-0.096519,0.818008,0.127229,-0.970928,-0.202759,0.813797,0.219049,-0.538286
0.735846,0.608877,1.15628,0.567051,-0.370473,0.735665,0.127229,-0.843026,-0.522608,0.813797,0.389944,-0.430904
0.735846,0.528626,1.22884,0.567051,-0.599743,0.564589,0.127229,-0.613443,-0.779423,0.813797,0.513805,-0.271549
0.735846,0.428398,1.26958,0.567051,-0.756675,0.325416,0.127229,-0.30987,-0.942228,0.813797,0.575694,-0.0794406
0.735846,0.320282,1.27358,0.567051,-0.822341,0.0469929,0.127229,0.0310788,-0.991386,0.813797,0.568145,0.122249
0.735846,0.217319,1.24036,0.567051,-0.78882,-0.237098,0.127229,0.368279,-0.920969,0.813797,0.49207,0.309194
0.735846,0.131926,1.17393,0.567051,-0.660156,-0.492592,0.127229,0.661059,-0.739469,0.813797,0.356644,0.458845
0.735846,0.0744049,1.08229,0.567051,-0.451868,-0.688672,0.127229,0.874105,-0.468778,0.813797,0.178202,0.553153
0.696852,0.160938,1.14537,0.269218,-0.571025,-0.775533,0.266698,0.817975,-0.509694,0.925416,-0.0696142,0.372505
0.696852,0.111432,1.06539,0.269218,-0.27134,-0.924065,0.266698,0.942971,-0.199192,0.925416,-0.19282,0.326231
0.696852,0.0922698,0.973291,0.269218,0.0610722,-0.961141,0.266698,0.954231,0.135336,0.925416,-0.292769,0.240608
0.696852,0.105761,0.880196,0.269218,0.386119,-0.882289,0.266698,0.850396,0.45354,0.925416,-0.357406,0.125965
0.696852,0.150279,0.797329,0.269218,0.664594,-0.69702,0.266698,0.643991,0.717041,0.925416,-0.378934,-0.00387184
0.696852,0.220455,0.734686,0.269218,0.862909,-0.42768,0.266698,0.359911,0.894056,0.925416,-0.354757,-0.133241
0.696852,0.307823,0.699822,0.269218,0.957144,-0.106756,0.266698,0.0324207,0.963235,0.925416,-0.287792,-0.24654
0.696852,0.401847,0.696943,0.269218,0.935934,0.227045,0.266698,-0.29898,0.916233,0.925416,-0.186114,-0.330102
0.696852,0.491185,0.726395,0.269218,0.801836,0.533461,0.266698,-0.59432,0.75872,0.925416,-0.0619882,-0.373849
0.696852,0.565062,0.784627,0.269218,0.571025,0.775533,0.266698,-0.817975,0.509694,0.925416,0.0696142,-0.372505
0.696852,0.614568,0.864614,0.269218,0.27134,0.924065,0.266698,-0.942971,0.199192,0.925416,0.19282,-0.326231
0.696852,0.63373,0.956709,0.269218,-0.0610722,0.961141,0.266698,-0.954231,-0.135336,0.925416,0.292769,-0.240608
0.696852,0.620239,1.0498,0.269218,-0.386119,0.882289,0.266698,-0.850396,-0.45354,0.925416,0.357406,-0.125965
0.696852,0.575721,1.13267,0.269218,-0.664594,0.69702,0.266698,-0.643991,-0.717041,0.925416,0.378934,0.00387184
0.696852,0.505545,1.19531,0.269218,-0.862909,0.42768,0.266698,-0.359911,-0.894056,0.925416,0.354757,0.133241
0.696852,0.418177,1.23018,0.269218,-0.957144,0.106756,0.266698,-0.0324207,-0.963235,0.925416,0.287792,0.24654
0.696852,0.324153,1.23306,0.269218,-0.935934,-0.227045,0.266698,0.29898,-0.916233,0.925416,0.186114,0.330102
0.696852,0.234815,1.2036,0.269218,-0.801836,-0.533461,0.266698,0.59432,-0.75872,0.925416,0.0619882,0.373849
0.696852,0.160938,1.14537,0.269218,-0.571025,-0.775533,0.266698,0.817975,-0.509694,0.925416,-0.0696142,0.372505
0.696834,0.25303,1.2125,-0.061087,-0.600681,-0.797151,0.373999,0.726684,-0.576242,0.925415,-0.333335,0.180263
0.696834,0.17501,1.15997,-0.061087,-0.291814,-0.954522,0.373999,0.879946,-0.29295,0.925415,-0.374886,0.0553848
0.696834,0.119665,1.08391,-0.061087,0.0522502,-0.996764,0.373999,0.927074,0.0256764,0.925415,-0.37122,-0.0761737
0.696834,0.0936697,0.993515,-0.061087,0.390012,-0.918781,0.373999,0.862382,0.341206,0.925415,-0.32278,-0.198545
0.696834,0.10016,0.899679,-0.061087,0.680733,-0.72998,0.373999,0.693675,0.615581,0.925415,-0.235407,-0.296968
0.696834,0.138352,0.813722,-0.061087,0.889348,-0.453132,0.373999,0.4413,0.815708,0.925415,-0.119642,-0.359573
0.696834,0.20364,0.746011,-0.061087,0.990694,-0.12163,0.373999,0.135698,0.917448,0.925415,0.0105548,-0.378808
0.696834,0.288149,0.704713,-0.061087,0.972548,0.224543,0.373999,-0.186271,0.908531,0.925415,0.139478,-0.352353
0.696834,0.381687,0.69481,-0.061087,0.837098,0.543632,0.373999,-0.485773,0.790031,0.925415,0.251578,-0.283399
0.696834,0.47297,0.717496,-0.061087,0.600681,0.797151,0.373999,-0.726684,0.576242,0.925415,0.333335,-0.180263
0.696834,0.55099,0.770034,-0.061087,0.291814,0.954522,0.373999,-0.879946,0.29295,0.925415,0.374886,-0.0553848
0.696834,0.606335,0.846088,-0.061087,-0.0522502,0.996764,0.373999,-0.927074,-0.0256764,0.925415,0.37122,0.0761737
0.696834,0.63233,0.936485,-0.061087,-0.390012,0.918781,0.373999,-0.862382,-0.341206,0.925415,0.32278,0.198545
0.696834,0.62584,1.03032,-0.061087,-0.680733,0.72998,0.373999,-0.693675,-0.615581,0.925415,0.235407,0.296968
0.696834,0.587648,1.11628,-0.061087,-0.889348,0.453132,0.373999,-0.4413,-0.815708,0.925415,0.119642,0.359573
0.696834,0.52236,1.18399,-0.061087,-0.990694,0.12163,0.373999,-0.135698,-0.917448,0.925415,-0.0105548,0.378808
0.696834,0.437851,1.22529,-0.061087,-0.972548,-0.224543,0.373999,0.186271,-0.908531,0.925415,-0.139478,0.352353
0.696834,0.344313,1.23519,-0.061087,-0.837098,-0.543632,0.373999,0.485773,-0.790031,0.925415,-0.251578,0.283399
0.696834,0.25303,1.2125,-0.061087,-0.600681,-0.797151,0.373999,0.726684,-0.576242,0.925415,-0.333335,0.180263
0.735794,0.339572,1.27559,-0.384024,-0.537259,-0.750919,0.43619,0.611242,-0.660395,0.813796,-0.58115,-0.000384817
0.735794,0.234757,1.24885,-0.384024,-0.248029,-0.889386,0.43619,0.800248,-0.411511,0.813796,-0.545971,-0.199127
0.735794,0.14541,1.18787,-0.384024,0.0711171,-0.92058,0.43619,0.892732,-0.112993,0.813796,-0.44494,-0.373851
0.735794,0.0823067,1.10001,-0.384024,0.381685,-0.840739,0.43619,0.87754,0.199154,0.813796,-0.290242,-0.503483
0.735794,0.0530597,0.995862,-0.384024,0.646216,-0.659492,0.43619,0.756503,0.48728,0.813796,-0.100537,-0.572388
0.735794,0.061196,0.887995,-0.384024,0.832804,-0.398701,0.43619,0.544221,0.716633,0.813796,0.101295,-0.572255
0.735794,0.105734,0.789416,-0.384024,0.918944,-0.0898204,0.43619,0.266297,0.859549,0.813796,0.290908,-0.503099
0.735794,0.181303,0.712015,-0.384024,0.894245,0.229894,0.43619,-0.0437453,0.898791,0.813796,0.445434,-0.373261
0.735794,0.278786,0.665127,-0.384024,0.761687,0.521879,0.43619,-0.348512,0.829625,0.813796,0.546234,-0.198404
0.735794,0.386428,0.654409,-0.384024,0.537259,0.750919,0.43619,-0.611242,0.660395,0.813796,0.58115,0.000384817
0.735794,0.491243,0.681153,-0.384024,0.248029,0.889386,0.43619,-0.800248,0.411511,0.813796,0.545971,0.199127
0.735794,0.58059,0.742133,-0.384024,-0.0711171,0.92058,0.43619,-0.892732,0.112993,0.813796,0.44494,0.373851
0.735794,0.643693,0.829993,-0.384024,-0.381685,0.840739,0.43619,-0.87754,-0.199154,0.813796,0.290242,0.503483
0.735794,0.67294,0.934138,-0.384024,-0.646216,0.659492,0.43619,-0.756503,-0.48728,0.813796,0.100537,0.572388
0.735794,0.664804,1.04201,-0.384024,-0.832804,0.398701,0.43619,-0.544221,-0.716633,0.813796,-0.101295,0.572255
0.735794,0.620266,1.14058,-0.384024,-0.918944,0.0898204,0.43619,-0.266297,-0.859549,0.813796,-0.290908,0.503099
0.735794,0.544697,1.21799,-0.384024,-0.894245,-0.229894,0.43619,0.0437453,-0.898791,0.813796,-0.445434,0.373261
0.735794,0.447214,1.26487,-0.384024,-0.761687,-0.521879,0.43619,0.348512,-0.829625,0.813796,-0.546234,0.198404
0.735794,0.339572,1.27559,-0.384024,-0.537259,-0.750919,0.43619,0.611242,-0.660395,0.813796,-0.58115,-0.000384817
0.809034,0.410128,1.32702,-0.660642,-0.388407,-0.642412,0.44577,0.485574,-0.752002,0.604021,-0.783172,-0.14765
0.809034,0.283467,1.32131,-0.660642,-0.145265,-0.736512,0.44577,0.71349,-0.540575,0.604021,-0.685441,-0.406606
0.809034,0.166398,1.27262,-0.660642,0.115397,-0.741779,0.44577,0.855349,-0.263946,0.604021,-0.505037,-0.61652
0.809034,0.0730429,1.18683,-0.660642,0.362141,-0.657576,0.44577,0.89404,0.0445186,0.604021,-0.263717,-0.752072
0.809034,0.0146606,1.07428,-0.660642,0.565206,-0.49406,0.44577,0.824896,0.347613,0.604021,0.00941084,-0.796913
0.809034,-0.00170687,0.948548,-0.660642,0.700098,-0.270953,0.44577,0.656258,0.608781,0.604021,0.281404,-0.745634
0.809034,0.0259147,0.824803,-0.660642,0.750548,-0.0151645,0.44577,0.408466,0.79652,0.604021,0.519455,-0.604421
0.809034,0.0941938,0.717968,-0.660642,0.710471,0.242453,0.44577,0.111406,0.888188,0.604021,0.694852,-0.390306
0.809034,0.194895,0.640928,-0.660642,0.584701,0.470826,0.44577,-0.199091,0.872727,0.604021,0.78644,-0.129115
0.809034,0.315872,0.602977,-0.660642,0.388407,0.642412,0.44577,-0.485574,0.752002,0.604021,0.783172,0.14765
0.809034,0.442533,0.608691,-0.660642,0.145265,0.736512,0.44577,-0.71349,0.540575,0.604021,0.685441,0.406606
0.809034,0.559602,0.657381,-0.660642,-0.115397,0.741779,0.44577,-0.855349,0.263946,0.604021,0.505037,0.61652
0.809034,0.652957,0.743174,-0.660642,-0.362141,0.657576,0.44577,-0.89404,-0.0445186,0.604021,0.263717,0.752072
0.809034,0.711339,0.855723,-0.660642,-0.565206,0.49406,0.44577,-0.824896,-0.347613,0.604021,-0.00941084,0.796913
0.809034,0.727707,0.981452,-0.660642,-0.700098,0.270953,0.44577,-0.656258,-0.608781,0.604021,-0.281404,0.745634
0.809034,0.700085,1.1052,-0.660642,-0.750548,0.0151645,0.44577,-0.408466,-0.79652,0.604021,-0.519455,0.604421
0.809034,0.631806,1.21203,-0.660642,-0.710471,-0.242453,0.44577,-0.111406,-0.888188,0.604021,-0.694852,0.390306
0.809034,0.531105,1.28907,-0.660642,-0.584701,-0.470826,0.44577,0.199091,-0.872727,0.604021,-0.78644,0.129115
0.809034,0.410128,1.32702,-0.660642,-0.388407,-0.642412,0.44577,0.485574,-0.752002,0.604021,-0.783172,-0.14765
0.90772,0.456187,1.3606,-0.857576,-0.17208,-0.484718,0.401584,0.364837,-0.840015,0.321392,-0.915032,-0.243771
0.90772,0.315264,1.36861,-0.857576,0.00408106,-0.51434,0.401584,0.630136,-0.664574,0.321392,-0.776474,-0.542029
0.90772,0.1801,1.32794,-0.857576,0.17975,-0.481926,0.401584,0.819432,-0.408976,0.321392,-0.544262,-0.77491
0.90772,0.0669955,1.2435,-0.857576,0.333738,-0.391384,0.401584,0.909892,-0.104049,0.321392,-0.246404,-0.914326
0.90772,-0.0104062,1.12547,-0.857576,0.447472,-0.253636,0.401584,0.890606,0.213427,0.321392,0.0811739,-0.943461
0.90772,-0.0427696,0.988076,-0.857576,0.507235,-0.0852952,0.401584,0.7639,0.505161,0.321392,0.398961,-0.8588
0.90772,-0.0261912,0.847903,-0.857576,0.505818,0.0933333,0.401584,0.545056,0.735965,0.321392,0.668628,-0.670555
0.90772,0.0373294,0.721854,-0.857576,0.443391,0.260704,0.401584,0.26047,0.878001,0.321392,0.857648,-0.401432
0.90772,0.140131,0.625131,-0.857576,0.327485,0.396631,0.401584,-0.0555325,0.914137,0.321392,0.943223,-0.0838895
0.90772,0.269813,0.569402,-0.857576,0.17208,0.484718,0.401584,-0.364837,0.840015,0.321392,0.915032,0.243771
0.90772,0.410736,0.561388,-0.857576,-0.00408106,0.51434,0.401584,-0.630136,0.664574,0.321392,0.776474,0.542029
0.90772,0.5459,0.602055,-0.857576,-0.17975,0.481926,0.401584,-0.819432,0.408976,0.321392,0.544262,0.77491
0.90772,0.659004,0.686499,-0.857576,-0.333738,0.391384,0.401584,-0.909892,0.104049,0.321392,0.246404,0.914326
0.90772,0.736406,0.804534,-0.857576,-0.447472,0.253636,0.401584,-0.890606,-0.213427,0.321392,-0.0811739,0.943461
0.90772,0.76877,0.941924,-0.857576,-0.507235,0.0852952,0.401584,-0.7639,-0.505161,0.321392,-0.398961,0.8588
0.90772,0.752191,1.0821,-0.857576,-0.505818,-0.0933333,0.401584,-0.545056,-0.735965,0.321392,-0.668628,0.670555
0.90772,0.688671,1.20815,-0.857576,-0.443391,-0.260704,0.401584,-0.26047,-0.878001,0.321392,-0.857648,0.401432
0.90772,0.585869,1.30487,-0.857576,-0.327485,-0.396631,0.401584,0.0555325,-0.914137,0.321392,-0.943223,0.0838895
0.90772,0.456187,1.3606,-0.857576,-0.17208,-0.484718,0.401584,0.364837,-0.840015,0.321392,-0.915032,-0.243771
0.883612,-0.0203886,0.854547,0.961642,0.0273627,-0.27294,-0.0812368,0.978786,-0.188094,0.262003,0.203052,0.943464
0.883612,0.0405096,0.730082,0.961642,0.119063,-0.247121,-0.0812368,0.98409,0.158014,0.262003,-0.131877,0.956014
0.883612,0.140305,0.633951,0.961642,0.196403,-0.191496,-0.0812368,0.870698,0.485063,0.262003,-0.4509,0.853255
0.883612,0.26696,0.577749,0.961642,0.250054,-0.112773,-0.0812368,0.652287,0.753606,0.262003,-0.715538,0.64758
0.883612,0.4052,0.568256,0.961642,0.273545,-0.0204485,-0.0812368,0.355201,0.931253,0.262003,-0.893871,0.363798
0.883612,0.538349,0.606616,0.961642,0.264042,0.0743425,-0.0812368,0.0152724,0.996578,0.262003,-0.96439,0.0361365
0.883612,0.650349,0.688202,0.961642,0.222692,0.160167,-0.0812368,-0.326498,0.9417,0.262003,-0.91859,-0.295884
0.883612,0.72769,0.803174,0.961642,0.154481,0.226673,-0.0812368,-0.628889,0.77324,0.262003,-0.761994,-0.592216
0.883612,0.761044,0.937665,0.961642,0.0676384,0.265838,-0.0812368,-0.855425,0.511515,0.262003,-0.51349,-0.817118
0.883612,0.746389,1.07545,0.961642,-0.0273627,0.27294,-0.0812368,-0.978786,0.188094,0.262003,-0.203052,-0.943464
0.883612,0.68549,1.19992,0.961642,-0.119063,0.247121,-0.0812368,-0.98409,-0.158014,0.262003,0.131877,-0.956014
0.883612,0.585695,1.29605,0.961642,-0.196403,0.191496,-0.0812368,-0.870698,-0.485063,0.262003,0.4509,-0.853255
0.883612,0.45904,1.35225,0.961642,-0.250054,0.112773,-0.0812368,-0.652287,-0.753606,0.262003,0.715538,-0.64758
0.883612,0.3208,1.36174,0.961642,-0.273545,0.0204485,-0.0812368,-0.355201,-0.931253,0.262003,0.893871,-0.363798
0.883612,0.187651,1.32338,0.961642,-0.264042,-0.0743425,-0.0812368,-0.0152724,-0.996578,0.262003,0.96439,-0.0361365
0.883612,0.0756509,1.2418,0.961642,-0.222692,-0.160167,-0.0812368,0.326498,-0.9417,0.262003,0.91859,0.295884
0.883612,-0.00169029,1.12683,0.961642,-0.154481,-0.226673,-0.0812368,0.628889,-0.77324,0.262003,0.761994,0.592216
0.883612,-0.0350445,0.992335,0.961642,-0.0676384,-0.265838,-0.0812368,0.855425,-0.511515,0.262003,0.51349,0.817118
0.883612,-0.0203886,0.854547,0.961642,0.0273627,-0.27294,-0.0812368,0.978786,-0.188094,0.262003,0.203052,0.943464
0.763622,0.0355756,0.895343,0.856221,-0.23166,-0.461757,0.156285,0.968092,-0.195889,0.492403,0.0955587,0.865106
0.763622,0.0791458,0.787558,0.856221,-0.0597589,-0.513142,0.156285,0.976707,0.147031,0.492403,-0.206088,0.845616
0.763622,0.156953,0.701175,0.856221,0.11935,-0.502635,0.156285,0.867517,0.472218,0.492403,-0.482877,0.724133
0.763622,0.259612,0.646614,0.856221,0.284064,-0.431502,0.156285,0.653691,0.740448,0.492403,-0.701424,0.515309
0.763622,0.374742,0.630454,0.856221,0.414515,-0.308324,0.156285,0.361021,0.919369,0.492403,-0.835369,0.244331
0.763622,0.488455,0.654646,0.856221,0.494969,-0.147957,0.156285,0.0248061,0.9874,0.492403,-0.868556,-0.0561171
0.763622,0.587037,0.716271,0.856221,0.515724,0.0302552,0.156285,-0.314401,0.936337,0.492403,-0.796983,-0.349797
0.763622,0.658596,0.807896,0.856221,0.474274,0.204818,0.156285,-0.615686,0.772338,0.492403,-0.629281,-0.601285
0.763622,0.694502,0.91847,0.856221,0.37562,0.354678,0.156285,-0.842711,0.515183,0.492403,-0.385679,-0.78025
0.763622,0.690424,1.03466,0.856221,0.23166,0.461757,0.156285,-0.968092,0.195889,0.492403,-0.0955587,-0.865106
0.763622,0.646854,1.14244,0.856221,0.0597589,0.513142,0.156285,-0.976707,-0.147031,0.492403,0.206088,-0.845616
0.763622,0.569047,1.22882,0.856221,-0.11935,0.502635,0.156285,-0.867517,-0.472218,0.492403,0.482877,-0.724133
0.763622,0.466388,1.28339,0.856221,-0.284064,0.431502,0.156285,-0.653691,-0.740448,0.492403,0.701424,-0.515309
0.763622,0.351258,1.29955,0.856221,-0.414515,0.308324,0.156285,-0.361021,-0.919369,0.492403,0.835369,-0.244331
0.763622,0.237545,1.27535,0.856221,-0.494969,0.147957,0.156285,-0.0248061,-0.9874,0.492403,0.868556,0.0561171
0.763622,0.138963,1.21373,0.856221,-0.515724,-0.0302552,0.156285,0.314401,-0.936337,0.492403,0.796983,0.349797
0.763622,0.0674037,1.1221,0.856221,-0.474274,-0.204818,0.156285,0.615686,-0.772338,0.492403,0.629281,0.601285
0.763622,0.0314976,1.01153,0.856221,-0.37562,-0.354678,0.156285,0.842711,-0.515183,0.492403,0.385679,0.78025
0.763622,0.0355756,0.895343,0.856221,-0.23166,-0.461757,0.156285,0.968092,-0.195889,0.492403,0.0955587,0.865106
0.674556,0.121328,0.957853,0.647527,-0.445925,-0.617948,0.374957,0.892397,-0.251068,0.663413,-0.0691307,0.745053
0.674556,0.138347,0.875627,0.647527,-0.207682,-0.733197,0.374957,0.924449,0.0692904,0.663413,-0.319785,0.676477
0.674556,0.182462,0.804181,0.647527,0.0556109,-0.760011,0.374957,0.844999,0.381292,0.663413,-0.531868,0.526308
0.674556,0.248353,0.752132,0.647527,0.312196,-0.695157,0.374957,0.66363,0.647304,0.663413,-0.679801,0.312658
0.674556,0.328073,0.725758,0.647527,0.531126,-0.546456,0.374957,0.402217,0.835241,0.663413,-0.745739,0.0612968
0.674556,0.412004,0.72824,0.647527,0.685994,-0.331845,0.374957,0.0922911,0.922437,0.663413,-0.72173,-0.197458
0.674556,0.490026,0.759279,0.647527,0.758121,-0.0772085,0.374957,-0.228767,0.898372,0.663413,-0.61067,-0.432396
0.674556,0.552726,0.815131,0.647527,0.738808,0.186741,0.374957,-0.522232,0.765951,0.663413,-0.425954,-0.61518
0.674556,0.592542,0.889059,0.647527,0.630383,0.428166,0.374957,-0.752708,0.541145,0.663413,-0.189862,-0.723765
0.674556,0.604672,0.972147,0.647527,0.445925,0.617948,0.374957,-0.892397,0.251068,0.663413,0.0691307,-0.745053
0.674556,0.587653,1.05437,0.647527,0.207682,0.733197,0.374957,-0.924449,-0.0692904,0.663413,0.319785,-0.676477
0.674556,0.543538,1.12582,0.647527,-0.0556109,0.760011,0.374957,-0.844999,-0.381292,0.663413,0.531868,-0.526308
0.674556,0.477647,1.17787,0.647527,-0.312196,0.695157,0.374957,-0.66363,-0.647304,0.663413,0.679801,-0.312658
0.674556,0.397927,1.20424,0.647527,-0.531126,0.546456,0.374957,-0.402217,-0.835241,0.663413,0.745739,-0.0612968
0.674556,0.313996,1.20176,0.647527,-0.685994,0.331845,0.374957,-0.0922911,-0.922437,0.663413,0.72173,0.197458
0.674556,0.235974,1.17072,0.647527,-0.758121,0.0772085,0.374957,0.228767,-0.898372,0.663413,0.61067,0.432396
0.674556,0.173274,1.11487,0.647527,-0.738808,-0.186741,0.374957,0.522232,-0.765951,0.663413,0.425954,0.61518
0.674556,0.133458,1.04094,0.647527,-0.630383,-0.428166,0.374957,0.752708,-0.541145,0.663413,0.189862,0.723765
0.674556,0.121328,0.957853,0.647527,-0.445925,-0.617948,0.374957,0.892397,-0.251068,0.663413,-0.0691307,0.745053
0.627155,0.226525,1.03454,0.360731,-0.589589,-0.722674,0.548404,0.760829,-0.346976,0.754404,-0.271152,0.597788
0.627155,0.210972,0.983666,0.360731,-0.306864,-0.880743,0.548404,0.833618,-0.0658318,0.754404,-0.459255,0.468998
0.627155,0.213756,0.930544,0.360731,0.012874,-0.932581,0.548404,0.805861,0.223253,0.754404,-0.591965,0.283639
0.627155,0.234541,0.881578,0.360731,0.331059,-0.871936,0.548404,0.680905,0.485409,0.754404,-0.653276,0.0640696
0.627155,0.27082,0.842673,0.360731,0.609313,-0.706123,0.548404,0.473821,0.689019,0.754404,-0.635791,-0.163228
0.627155,0.318218,0.818523,0.360731,0.814076,-0.455141,0.548404,0.209588,0.809522,0.754404,-0.541621,-0.370837
0.627155,0.371017,0.81204,0.360731,0.920648,-0.149263,0.548404,-0.0799246,0.832385,0.754404,-0.382124,-0.533718
0.627155,0.422848,0.824007,0.360731,0.916177,0.174619,0.548404,-0.359797,0.754851,0.754404,-0.176536,-0.632225
0.627155,0.467462,0.852979,0.360731,0.801202,0.47744,0.548404,-0.596273,0.58627,0.754404,0.0503439,-0.654476
0.627155,0.499475,0.895463,0.360731,0.589589,0.722674,0.548404,-0.760829,0.346976,0.754404,0.271152,-0.597788
0.627155,0.515028,0.946334,0.360731,0.306864,0.880743,0.548404,-0.833618,0.0658318,0.754404,0.459255,-0.468998
0.627155,0.512244,0.999456,0.360731,-0.012874,0.932581,0.548404,-0.805861,-0.223253,0.754404,0.591965,-0.283639
0.627155,0.491459,1.04842,0.360731,-0.331059,0.871936,0.548404,-0.680905,-0.485409,0.754404,0.653276,-0.0640696
0.627155,0.45518,1.08733,0.360731,-0.609313,0.706123,0.548404,-0.473821,-0.689019,0.754404,0.635791,0.163228
0.627155,0.407782,1.11148,0.360731,-0.814076,0.455141,0.548404,-0.209588,-0.809522,0.754404,0.541621,0.370837
0.627155,0.354983,1.11796,0.360731,-0.920648,0.149263,0.548404,0.0799246,-0.832385,0.754404,0.382124,0.533718
0.627155,0.303152,1.10599,0.360731,-0.916177,-0.174619,0.548404,0.359797,-0.754851,0.754404,0.176536,0.632225
0.627155,0.258538,1.07702,0.360731,-0.801202,-0.47744,0.548404,0.596273,-0.58627,0.754404,-0.0503439,0.654476
0.627155,0.226525,1.03454,0.360731,-0.589589,-0.722674,0.548404,0.760829,-0.346976,0.754404,-0.271152,0.597788
0.627137,0.338478,1.11615,0.0304265,-0.645325,-0.763302,0.655705,0.589259,-0.472044,0.754404,-0.486138,0.441071
0.627137,0.288262,1.09864,0.0304265,-0.345342,-0.937984,0.655705,0.715171,-0.242038,0.754404,-0.607676,0.248203
0.627137,0.24706,1.06502,0.0304265,-0.003706,-0.99953,0.655705,0.754822,0.0171615,0.754404,-0.655919,0.0253967
0.627137,0.219842,1.01934,0.0304265,0.338377,-0.940519,0.655705,0.703431,0.274291,0.754404,-0.625048,-0.200472
0.627137,0.209891,0.967097,0.0304265,0.639647,-0.768067,0.655705,0.567196,0.498337,0.754404,-0.518788,-0.402161
0.627137,0.218407,0.914604,0.0304265,0.863765,-0.502975,0.655705,0.362549,0.662276,0.754404,-0.349954,-0.555344
0.627137,0.244364,0.86819,0.0304265,0.983701,-0.177216,0.655705,0.114173,0.746335,0.754404,-0.13891,-0.641544
0.627137,0.284629,0.833452,0.0304265,0.984989,0.169917,0.655705,-0.147974,0.740375,0.754404,0.0888883,-0.650364
0.627137,0.334347,0.814581,0.0304265,0.867471,0.496556,0.655705,-0.392273,0.645115,0.754404,0.305965,-0.580741
0.627137,0.387522,0.813853,0.0304265,0.645325,0.763302,0.655705,-0.589259,0.472044,0.754404,0.486138,-0.441071
0.627137,0.437738,0.831355,0.0304265,0.345342,0.937984,0.655705,-0.715171,0.242038,0.754404,0.607676,-0.248203
0.627137,0.47894,0.864977,0.0304265,0.003706,0.99953,0.655705,-0.754822,-0.0171615,0.754404,0.655919,-0.0253967
0.627137,0.506158,0.910663,0.0304265,-0.338377,0.940519,0.655705,-0.703431,-0.274291,0.754404,0.625048,0.200472
0.627137,0.516109,0.962903,0.0304265,-0.639647,0.768067,0.655705,-0.567196,-0.498337,0.754404,0.518788,0.402161
0.627137,0.507593,1.0154,0.0304265,-0.863765,0.502975,0.655705,-0.362549,-0.662276,0.754404,0.349954,0.555344
0.627137,0.481636,1.06181,0.0304265,-0.983701,0.177216,0.655705,-0.114173,-0.746335,0.754404,0.13891,0.641544
0.627137,0.441371,1.09655,0.0304265,-0.984989,-0.169917,0.655705,0.147974,-0.740375,0.754404,-0.0888883,0.650364
0.627137,0.391653,1.11542,0.0304265,-0.867471,-0.496556,0.655705,0.392273,-0.645115,0.754404,-0.305965,0.580741
0.627137,0.338478,1.11615,0.0304265,-0.645325,-0.763302,0.655705,0.589259,-0.472044,0.754404,-0.486138,0.441071
0.674504,0.443685,1.19284,-0.303548,-0.606408,-0.734934,0.683918,0.398379,-0.611188,0.663411,-0.688159,0.293806
0.674504,0.360894,1.20669,-0.303548,-0.318475,-0.898016,0.683918,0.583392,-0.438075,0.663411,-0.747146,0.0407231
0.674504,0.278357,1.1914,-0.303548,0.00787077,-0.952784,0.683918,0.69804,-0.212124,0.663411,-0.716016,-0.217272
0.674504,0.206028,1.14879,-0.303548,0.333267,-0.892632,0.683918,0.728494,0.0394127,0.663411,-0.598523,-0.44906
0.674504,0.152633,1.08402,-0.303548,0.618467,-0.724815,0.683918,0.67108,0.286195,0.663411,-0.40884,-0.626686
0.674504,0.124612,1.0049,-0.303548,0.82907,-0.469576,0.683918,0.532724,0.498459,0.663411,-0.169845,-0.728724
0.674504,0.125343,0.920956,-0.303548,0.939675,-0.157698,0.683918,0.330114,0.6506,0.663411,0.0896361,-0.742867
0.674504,0.154739,0.842329,-0.303548,0.936942,0.1732,0.683918,0.0876877,0.72427,0.663411,0.338306,-0.667409
0.674504,0.209255,0.778497,-0.303548,0.821199,0.483208,0.683918,-0.165316,0.710582,0.663411,0.546171,-0.511452
0.674504,0.282315,0.737161,-0.303548,0.606408,0.734934,0.683918,-0.398379,0.611188,0.663411,0.688159,-0.293806
0.674504,0.365106,0.723305,-0.303548,0.318475,0.898016,0.683918,-0.583392,0.438075,0.663411,0.747146,-0.0407231
0.674504,0.447643,0.738602,-0.303548,-0.00787077,0.952784,0.683918,-0.69804,0.212124,0.663411,0.716016,0.217272
0.674504,0.519972,0.781205,-0.303548,-0.333267,0.892632,0.683918,-0.728494,-0.0394127,0.663411,0.598523,0.44906
0.674504,0.573367,0.845977,-0.303548,-0.618467,0.724815,0.683918,-0.67108,-0.286195,0.663411,0.40884,0.626686
0.674504,0.601388,0.925104,-0.303548,-0.82907,0.469576,0.683918,-0.532724,-0.498459,0.663411,0.169845,0.728724
0.674504,0.600657,1.00904,-0.303548,-0.939675,0.157698,0.683918,-0.330114,-0.6506,0.663411,-0.0896361,0.742867
0.674504,0.571261,1.08767,-0.303548,-0.936942,-0.1732,0.683918,-0.0876877,-0.72427,0.663411,-0.338306,0.667409
0.674504,0.516745,1.1515,-0.303548,-0.821199,-0.483208,0.683918,0.165316,-0.710582,0.663411,-0.546171,0.511452
0.674504,0.443685,1.19284,-0.303548,-0.606408,-0.734934,0.683918,0.398379,-0.611188,0.663411,-0.688159,0.293806
0.763543,0.529456,1.25536,-0.60091,-0.477534,-0.64099,0.629641,0.211213,-0.747624,0.492402,-0.852848,0.173754
0.763543,0.420108,1.29478,-0.60091,-0.229504,-0.76566,0.629641,0.454178,-0.630297,0.492402,-0.860843,-0.128416
0.763543,0.303871,1.29443,-0.60091,0.0462079,-0.79798,0.629641,0.642362,-0.436948,0.492402,-0.765007,-0.415097
0.763543,0.194767,1.25434,-0.60091,0.316346,-0.734051,0.629641,0.753068,-0.190896,0.492402,-0.5769,-0.651711
0.763543,0.105954,1.17935,-0.60091,0.548329,-0.581586,0.629641,0.772943,0.0781811,0.492402,-0.31921,-0.809719
0.763543,0.048144,1.07851,-0.60091,0.714175,-0.358973,0.629641,0.699589,0.337828,0.492402,-0.0230192,-0.870064
0.763543,0.0283107,0.963974,-0.60091,0.79388,-0.0930618,0.629641,0.541855,0.556728,0.492402,0.275948,-0.825465
0.763543,0.0488458,0.849565,-0.60091,0.777833,0.184074,0.629641,0.318765,0.708479,0.492402,0.541632,-0.681304
0.763543,0.107273,0.74908,-0.60091,0.667967,0.439007,0.629641,0.0572267,0.774776,0.492402,0.741988,-0.454967
0.763543,0.196544,0.674638,-0.60091,0.477534,0.64099,0.629641,-0.211213,0.747624,0.492402,0.852848,-0.173754
0.763543,0.305892,0.635217,-0.60091,0.229504,0.76566,0.629641,-0.454178,0.630297,0.492402,0.860843,0.128416
0.763543,0.422129,0.635574,-0.60091,-0.0462079,0.79798,0.629641,-0.642362,0.436948,0.492402,0.765007,0.415097
0.763543,0.531233,0.675664,-0.60091,-0.316346,0.734051,0.629641,-0.753068,0.190896,0.492402,0.5769,0.651711
0.763543,0.620046,0.750652,-0.60091,-0.548329,0.581586,0.629641,-0.772943,-0.0781811,0.492402,0.31921,0.809719
0.763543,0.677856,0.851494,-0.60091,-0.714175,0.358973,0.629641,-0.699589,-0.337828,0.492402,0.0230192,0.870064
0.763543,0.697689,0.966026,-0.60091,-0.79388,0.0930618,0.629641,-0.541855,-0.556728,0.492402,-0.275948,0.825465
0.763543,0.677154,1.08043,-0.60091,-0.777833,-0.184074,0.629641,-0.318765,-0.708479,0.492402,-0.541632,0.681304
0.763543,0.618727,1.18092,-0.60091,-0.667967,-0.439007,0.629641,-0.0572267,-0.774776,0.492402,-0.741988,0.454967
0.763543,0.529456,1.25536,-0.60091,-0.477534,-0.64099,0.629641,0.211213,-0.747624,0.492402,-0.852848,0.173754
0.883514,0.585446,1.29618,-0.825794,-0.274246,-0.492801,0.499419,0.0503365,-0.864897,0.262001,-0.960341,0.0953963
0.883514,0.458761,1.35229,-0.825794,-0.0891595,-0.556879,0.499419,0.343113,-0.795521,0.262001,-0.935053,-0.238813
0.883514,0.320527,1.36168,-0.825794,0.106681,-0.55379,0.499419,0.594505,-0.630194,0.262001,-0.796984,-0.544218
0.883514,0.187416,1.32323,-0.825794,0.289655,-0.483905,0.499419,0.774191,-0.388856,0.262001,-0.562786,-0.783982
0.883514,0.075482,1.24157,-0.825794,0.437692,-0.355654,0.499419,0.860498,-0.100616,0.262001,-0.260709,-0.929186
0.883514,-0.0017725,1.12656,-0.825794,0.532937,-0.184506,0.499419,0.843016,0.19976,0.262001,0.0728144,-0.962317
0.883514,-0.0350301,0.992055,-0.825794,0.563901,0.00889616,0.499419,0.723854,0.476041,0.262001,0.397555,-0.879378
0.883514,-0.0202794,0.854289,-0.825794,0.526851,0.201225,0.499419,0.517385,0.694905,0.262001,0.674344,-0.690373
0.883514,0.0407005,0.729877,-0.825794,0.426255,0.369284,0.499419,0.248511,0.829953,0.262001,0.869798,-0.418099
0.883514,0.140554,0.633823,-0.825794,0.274246,0.492801,0.499419,-0.0503365,0.864897,0.262001,0.960341,-0.0953963
0.883514,0.267239,0.577715,-0.825794,0.0891595,0.556879,0.499419,-0.343113,0.795521,0.262001,0.935053,0.238813
0.883514,0.405473,0.568319,-0.825794,-0.106681,0.55379,0.499419,-0.594505,0.630194,0.262001,0.796984,0.544218
0.883514,0.538584,0.606768,-0.825794,-0.289655,0.483905,0.499419,-0.774191,0.388856,0.262001,0.562786,0.783982
0.883514,0.650518,0.688426,-0.825794,-0.437692,0.355654,0.499419,-0.860498,0.100616,0.262001,0.260709,0.929186
0.883514,0.727773,0.803442,-0.825794,-0.532937,0.184506,0.499419,-0.843016,-0.19976,0.262001,-0.0728144,0.962317
0.883514,0.76103,0.937945,-0.825794,-0.563901,-0.00889616,0.499419,-0.723854,-0.476041,0.262001,-0.397555,0.879378
0.883514,0.746279,1.07571,-0.825794,-0.526851,-0.201225,0.499419,-0.517385,-0.694905,0.262001,-0.674344,0.690373
0.883514,0.6853,1.20012,-0.825794,-0.426255,-0.369284,0.499419,-0.248511,-0.829953,0.262001,-0.869798,0.418099
0.883514,0.585446,1.29618,-0.825794,-0.274246,-0.492801,0.499419,0.0503365,-0.864897,0.262001,-0.960341,0.0953963
0.875863,0.0476286,0.725097,0.985232,0.0313172,-0.168339,-0.00862081,0.990957,0.1339,0.17101,-0.130471,0.976593
0.875863,0.1487,0.631701,0.985232,0.0870038,-0.147476,-0.00862081,0.885399,0.464752,0.17101,-0.456617,0.873073
0.875863,0.275618,0.578507,0.985232,0.132197,-0.108825,-0.00862081,0.673048,0.739548,0.17101,-0.727688,0.664248
0.875863,0.413077,0.571929,0.985232,0.161444,-0.057048,-0.00862081,0.379518,0.925144,0.17101,-0.910989,0.375305
0.875863,0.544495,0.612761,0.985232,0.17122,0.00160965,-0.00862081,0.0402127,0.999154,0.17101,-0.984412,0.0410948
0.875863,0.654022,0.696079,0.985232,0.160343,0.0600732,-0.00862081,-0.303943,0.952651,0.17101,-0.9391,-0.298072
0.875863,0.728448,0.811832,0.985232,0.130127,0.111291,-0.00862081,-0.611439,0.791245,0.17101,-0.780519,-0.601287
0.875863,0.758795,0.94606,0.985232,0.0842158,0.149085,-0.00862081,-0.845186,0.534402,0.17101,-0.527795,-0.831978
0.875863,0.741404,1.08257,0.985232,0.0281468,0.168898,-0.00862081,-0.976992,0.213103,0.17101,-0.211412,-0.96232
0.875863,0.678371,1.2049,0.985232,-0.0313172,0.168339,-0.00862081,-0.990957,-0.1339,0.17101,0.130471,-0.976593
0.875863,0.5773,1.2983,0.985232,-0.0870038,0.147476,-0.00862081,-0.885399,-0.464752,0.17101,0.456617,-0.873073
0.875863,0.450382,1.35149,0.985232,-0.132197,0.108825,-0.00862081,-0.673048,-0.739548,0.17101,0.727688,-0.664248
0.875863,0.312923,1.35807,0.985232,-0.161444,0.057048,-0.00862081,-0.379518,-0.925144,0.17101,0.910989,-0.375305
0.875863,0.181505,1.31724,0.985232,-0.17122,-0.00160965,-0.00862081,-0.0402127,-0.999154,0.17101,0.984412,-0.0410948
0.875863,0.0719776,1.23392,0.985232,-0.160343,-0.0600732,-0.00862081,0.303943,-0.952651,0.17101,0.9391,0.298072
0.875863,-0.00244812,1.11817,0.985232,-0.130127,-0.111291,-0.00862081,0.611439,-0.791245,0.17101,0.780519,0.601287
0.875863,-0.0327954,0.98394,0.985232,-0.0842158,-0.149085,-0.00862081,0.845186,-0.534402,0.17101,0.527795,0.831978
0.875863,-0.015404,0.847428,0.985232,-0.0281468,-0.168898,-0.00862081,0.976992,-0.213103,0.17101,0.211412,0.96232
0.875863,0.0476286,0.725097,0.985232,0.0313172,-0.168339,-0.00862081,0.990957,0.1339,0.17101,-0.130471,0.976593
0.749059,0.106772,0.76821,0.900555,-0.237384,-0.364211,0.292759,0.950471,0.104387,0.321393,-0.200632,0.925448
0.749059,0.189531,0.692443,0.900555,-0.0985002,-0.423437,0.292759,0.857448,0.423172,0.321393,-0.505054,0.801016
0.749059,0.293212,0.64955,0.900555,0.052264,-0.431589,0.292759,0.661005,0.690916,0.321393,-0.748559,0.57997
0.749059,0.405311,0.644705,0.900555,0.196724,-0.387686,0.292759,0.384834,0.875326,0.321393,-0.901777,0.288971
0.749059,0.512307,0.678493,0.900555,0.317457,-0.297022,0.292759,0.0622467,0.954158,0.321393,-0.946227,-0.0368817
0.749059,0.601294,0.746837,0.900555,0.399899,-0.170533,0.292759,-0.267848,0.917905,0.321393,-0.876549,-0.358286
0.749059,0.661539,0.841495,0.900555,0.434108,-0.0234747,0.292759,-0.565637,0.770939,0.321393,-0.701145,-0.636476
0.749059,0.685776,0.95105,0.900555,0.415957,0.126415,0.292759,-0.795202,0.530986,0.321393,-0.441173,-0.837898
0.749059,0.671082,1.06229,0.900555,0.347635,0.261057,0.292759,-0.928853,0.226989,0.321393,-0.127989,-0.938257
0.749059,0.619228,1.16179,0.900555,0.237384,0.364211,0.292759,-0.950471,-0.104387,0.321393,0.200632,-0.925448
0.749059,0.536469,1.23756,0.900555,0.0985002,0.423437,0.292759,-0.857448,-0.423172,0.321393,0.505054,-0.801016
0.749059,0.432788,1.28045,0.900555,-0.052264,0.431589,0.292759,-0.661005,-0.690916,0.321393,0.748559,-0.57997
0.749059,0.320689,1.28529,0.900555,-0.196724,0.387686,0.292759,-0.384834,-0.875326,0.321393,0.901777,-0.288971
0.749059,0.213693,1.25151,0.900555,-0.317457,0.297022,0.292759,-0.0622467,-0.954158,0.321393,0.946227,0.0368817
0.749059,0.124706,1.18316,0.900555,-0.399899,0.170533,0.292759,0.267848,-0.917905,0.321393,0.876549,0.358286
0.749059,0.0644608,1.0885,0.900555,-0.434108,0.0234747,0.292759,0.565637,-0.770939,0.321393,0.701145,0.636476
0.749059,0.0402238,0.97895,0.900555,-0.415957,-0.126415,0.292759,0.795202,-0.530986,0.321393,0.441173,0.837898
0.749059,0.0549184,0.867713,0.900555,-0.347635,-0.261057,0.292759,0.928853,-0.226989,0.321393,0.127989,0.938257
0.749059,0.106772,0.76821,0.900555,-0.237384,-0.364211,0.292759,0.950471,0.104387,0.321393,-0.200632,0.925448
0.654934,0.197395,0.834271,0.707258,-0.466477,-0.531211,0.558827,0.829131,0.0159344,0.433011,-0.308125,0.84709
0.654934,0.252095,0.785514,0.707258,-0.25666,-0.65872,0.558827,0.773678,0.298553,0.433011,-0.579265,0.690619
0.654934,0.320171,0.758407,0.707258,-0.0158862,-0.706777,0.558827,0.624909,0.545162,0.433011,-0.780536,0.450849
0.654934,0.393413,0.756217,0.707258,0.226804,-0.669587,0.558827,0.400766,0.726016,0.433011,-0.887664,0.156701
0.654934,0.462986,0.77921,0.707258,0.442138,-0.551634,0.558827,0.128285,0.819302,0.433011,-0.887726,-0.156348
0.654934,0.5205,0.824612,0.707258,0.604144,-0.367146,0.558827,-0.159669,0.813768,0.433011,-0.780715,-0.45054
0.654934,0.559017,0.886947,0.707258,0.693281,-0.138375,0.558827,-0.428365,0.710081,0.433011,-0.579538,-0.690389
0.654934,0.573892,0.958696,0.707258,0.698798,0.107086,0.558827,-0.645394,0.520749,0.433011,-0.308461,-0.846967
0.654934,0.56333,1.03121,0.707258,0.62003,0.339631,0.558827,-0.784578,0.268606,0.433011,-0.00017877,-0.901389
0.654934,0.528605,1.09573,0.707258,0.466477,0.531211,0.558827,-0.829131,-0.0159344,0.433011,0.308125,-0.84709
0.654934,0.473905,1.14449,0.707258,0.25666,0.65872,0.558827,-0.773678,-0.298553,0.433011,0.579265,-0.690619
0.654934,0.405829,1.17159,0.707258,0.0158862,0.706777,0.558827,-0.624909,-0.545162,0.433011,0.780536,-0.450849
0.654934,0.332587,1.17378,0.707258,-0.226804,0.669587,0.558827,-0.400766,-0.726016,0.433011,0.887664,-0.156701
0.654934,0.263014,1.15079,0.707258,-0.442138,0.551634,0.558827,-0.128285,-0.819302,0.433011,0.887726,0.156348
0.654934,0.2055,1.10539,0.707258,-0.604144,0.367146,0.558827,0.159669,-0.813768,0.433011,0.780715,0.45054
0.654934,0.166983,1.04305,0.707258,-0.693281,0.138375,0.558827,0.428365,-0.710081,0.433011,0.579538,0.690389
0.654934,0.152108,0.971304,0.707258,-0.698798,-0.107086,0.558827,0.645394,-0.520749,0.433011,0.308461,0.846967
