0.658953,0.210162,1.15262,0.308961,0.736218,0.602101,0.951075,-0.239161,-0.195598,-3.49349e-06,0.633075,-0.77409
0.907818,-0.0583353,0.993746,0.92986,0.00886341,-0.367808,-0.179072,0.884207,-0.431407,0.321394,0.467012,0.823775
0.907818,-0.0371636,0.854183,0.92986,0.134127,-0.342595,-0.179072,0.978432,-0.102974,0.321394,0.1571,0.933823
0.907818,0.0304646,0.730278,0.92986,0.243212,-0.27606,-0.179072,0.954645,0.23788,0.321394,-0.17176,0.931238
0.907818,0.136392,0.636976,0.92986,0.322963,-0.176228,-0.179072,0.815713,0.550042,0.321394,-0.479904,0.816332
0.907818,0.267843,0.58553,0.92986,0.363759,-0.0551404,-0.179072,0.578394,0.79586,0.321394,-0.730164,0.602964
0.907818,0.408962,0.582145,0.92986,0.360681,0.0725979,-0.179072,0.271312,0.945686,0.321394,-0.892356,0.31687
0.907818,0.542728,0.62723,0.92986,0.314099,0.19158,-0.179072,-0.0684939,0.981449,0.321394,-0.946916,-0.0074432
0.907818,0.653006,0.715347,0.92986,0.229633,0.287455,-0.179072,-0.400038,0.898834,0.321394,-0.887264,-0.330859
0.907818,0.726497,0.835867,0.92986,0.117469,0.348658,-0.179072,-0.683332,0.707806,0.321394,-0.720595,-0.614368
0.907818,0.754335,0.974254,0.92986,-0.00886341,0.367808,-0.179072,-0.884207,0.431407,0.321394,-0.467012,-0.823775
0.907818,0.733164,1.11382,0.92986,-0.134127,0.342595,-0.179072,-0.978432,0.102974,0.321394,-0.1571,-0.933823
0.907818,0.665535,1.23772,0.92986,-0.243212,0.27606,-0.179072,-0.954645,-0.23788,0.321394,0.17176,-0.931238
0.907818,0.559608,1.33102,0.92986,-0.322963,0.176228,-0.179072,-0.815713,-0.550042,0.321394,0.479904,-0.816332
0.907818,0.428157,1.38247,0.92986,-0.363759,0.0551404,-0.179072,-0.578394,-0.79586,0.321394,0.730164,-0.602964
0.907818,0.287038,1.38585,0.92986,-0.360681,-0.0725979,-0.179072,-0.271312,-0.945686,0.321394,0.892356,-0.31687
0.907818,0.153272,1.34077,0.92986,-0.314099,-0.19158,-0.179072,0.0684939,-0.981449,0.321394,0.946916,0.0074432
0.907818,0.0429935,1.25265,0.92986,-0.229633,-0.287455,-0.179072,0.400038,-0.898834,0.321394,0.887264,0.330859
0.907818,-0.0304971,1.13213,0.92986,-0.117469,-0.348658,-0.179072,0.683332,-0.707806,0.321394,0.720595,0.614368
0.907818,-0.0583353,0.993746,0.92986,0.00886341,-0.367808,-0.179072,0.884207,-0.431407,0.321394,0.467012,0.823775
0.809114,-0.0142387,1.02981,0.796489,-0.226771,-0.560517,-0.0275851,0.912414,-0.408338,0.604023,0.340699,0.720472
0.809114,-0.00806076,0.903154,0.796489,-0.0213873,-0.604274,-0.0275851,0.997048,-0.0716485,0.604023,0.0737362,0.793549
0.809114,0.0410634,0.786249,0.796489,0.186576,-0.575147,-0.0275851,0.961424,0.273683,0.604023,-0.20212,0.770911
0.809114,0.127209,0.693197,0.796489,0.372036,-0.476648,-0.0275851,0.809838,0.586004,0.604023,-0.453598,0.65529
0.809114,0.239985,0.635219,0.796489,0.512623,-0.320659,-0.0275851,0.560574,0.827645,0.604023,-0.650365,0.460632
0.809114,0.365789,0.61931,0.796489,0.59138,-0.125993,-0.0275851,0.243696,0.969459,0.604023,-0.768689,0.210414
0.809114,0.489447,0.647387,0.796489,0.598808,0.0838688,-0.0275851,-0.102576,0.994343,0.604023,-0.794297,-0.0651823
0.809114,0.596045,0.716065,0.796489,0.53401,0.283615,-0.0275851,-0.436475,0.899294,0.604023,-0.724101,-0.332917
0.809114,0.672725,0.81706,0.796489,0.404803,0.449153,-0.0275851,-0.717729,0.695776,0.604023,-0.566568,-0.560497
0.809114,0.710239,0.938191,0.796489,0.226771,0.560517,-0.0275851,-0.912414,0.408338,0.604023,-0.340699,-0.720472
0.809114,0.704061,1.06485,0.796489,0.0213873,0.604274,-0.0275851,-0.997048,0.0716485,0.604023,-0.0737362,-0.793549
0.809114,0.654937,1.18175,0.796489,-0.186576,0.575147,-0.0275851,-0.961424,-0.273683,0.604023,0.20212,-0.770911
0.809114,0.568791,1.2748,0.796489,-0.372036,0.476648,-0.0275851,-0.809838,-0.586004,0.604023,0.453598,-0.65529
0.809114,0.456015,1.33278,0.796489,-0.512623,0.320659,-0.0275851,-0.560574,-0.827645,0.604023,0.650365,-0.460632
0.809114,0.330211,1.34869,0.796489,-0.59138,0.125993,-0.0275851,-0.243696,-0.969459,0.604023,0.768689,-0.210414
0.809114,0.206553,1.32061,0.796489,-0.598808,-0.0838688,-0.0275851,0.102576,-0.994343,0.604023,0.794297,0.0651823
0.809114,0.0999547,1.25193,0.796489,-0.53401,-0.283615,-0.0275851,0.436475,-0.899294,0.604023,0.724101,0.332917
0.809114,0.0232746,1.15094,0.796489,-0.404803,-0.449153,-0.0275851,0.717729,-0.695776,0.604023,0.566568,0.560497
0.809114,-0.0142387,1.02981,0.796489,-0.226771,-0.560517,-0.0275851,0.912414,-0.408338,0.604023,0.340699,0.720472
0.735846,0.0533308,1.08507,0.567051,-0.412885,-0.712726,0.127229,0.898813,-0.419461,0.813797,0.147176,0.562204
0.735846,0.0365337,0.978192,0.567051,-0.144218,-0.810959,0.127229,0.988072,-0.0867525,0.813797,-0.0539846,0.578636
0.735846,0.057304,0.872014,0.567051,0.141843,-0.811378,0.127229,0.958155,0.25642,0.813797,-0.248634,0.525276
0.735846,0.113137,0.779344,0.567051,0.410797,-0.713932,0.127229,0.812671,0.568664,0.813797,-0.413295,0.40856
0.735846,0.197297,0.711358,0.567051,0.630202,-0.530376,0.127229,0.569166,0.812319,0.813797,-0.528106,0.242566
0.735846,0.299635,0.676257,0.567051,0.773595,-0.282849,0.127229,0.257012,0.957997,0.813797,-0.57922,0.0473147
0.735846,0.407806,0.678274,0.567051,0.823682,-0.00120588,0.127229,-0.0861424,0.988126,0.813797,-0.560471,-0.153644
0.735846,0.508763,0.717166,0.567051,0.77442,0.280583,0.127229,-0.418906,0.899072,0.813797,-0.474121,-0.33607
0.735846,0.590331,0.788243,0.567051,0.631752,0.528529,0.127229,-0.701144,0.701577,0.813797,-0.330586,-0.477962
0.735846,0.642669,0.88293,0.567051,0.412885,0.712726,0.127229,-0.898813,0.419461,0.813797,-0.147176,-0.562204
0.735846,0.659466,0.989808,0.567051,0.144218,0.810959,0.127229,-0.988072,0.0867525,0.813797,0.0539846,-0.578636
0.735846,0.638696,1.09599,0.567051,-0.141843,0.811378,0.127229,-0.958155,-0.25642,0.813797,0.248634,-0.525276
0.735846,0.582863,1.18866,0.567051,-0.410797,0.713932,0.127229,-0.812671,-0.568664,0.813797,0.413295,-0.40856
0.735846,0.498703,1.25664,0.567051,-0.630202,0.530376,0.127229,-0.569166,-0.812319,0.813797,0.528106,-0.242566
0.735846,0.396365,1.29174,0.567051,-0.773595,0.282849,0.127229,-0.257012,-0.957997,0.813797,0.57922,-0.0473147
0.735846,0.288194,1.28973,0.567051,-0.823682,0.00120588,0.127229,0.0861424,-0.988126,0.813797,0.560471,0.153644
0.735846,0.187237,1.25083,0.567051,-0.77442,-0.280583,0.127229,0.418906,-0.899072,0.813797,0.474121,0.33607
0.735846,0.105669,1.17976,0.567051,-0.631752,-0.528529,0.127229,0.701144,-0.701577,0.813797,0.330586,0.477962
0.735846,0.0533308,1.08507,0.567051,-0.412885,-0.712726,0.127229,0.898813,-0.419461,0.813797,0.147176,0.562204
0.696852,0.136223,1.15286,0.269218,-0.52703,-0.806078,0.266698,0.845045,-0.463435,0.925416,-0.0902143,0.368059
0.696852,0.0912409,1.07025,0.269218,-0.219552,-0.93772,0.266698,0.952586,-0.146464,0.925416,-0.210657,0.315007
0.696852,0.0772275,0.977228,0.269218,0.114408,-0.95626,0.266698,0.945232,0.188173,0.925416,-0.305692,0.223961
0.696852,0.0958732,0.885027,0.269218,0.434569,-0.85946,0.266698,0.823869,0.500113,0.925416,-0.363856,0.105902
0.696852,0.144929,0.804763,0.269218,0.702314,-0.658997,0.266698,0.603135,0.751732,0.925416,-0.378133,-0.024931
0.696852,0.218478,0.746118,0.269218,0.885349,-0.37905,0.266698,0.309654,0.912681,0.925416,-0.346802,-0.152756
0.696852,0.30765,0.716165,0.269218,0.961599,-0.0533828,0.266698,-0.0211762,0.963548,0.925416,-0.273641,-0.262157
0.696852,0.401688,0.718517,0.269218,0.921865,0.278723,0.266698,-0.349452,0.898196,0.925416,-0.167476,-0.339938
0.696852,0.489251,0.75289,0.269218,0.770941,0.57721,0.266698,-0.635578,0.724508,0.925416,-0.0411098,-0.376717
0.696852,0.559777,0.815138,0.269218,0.52703,0.806078,0.266698,-0.845045,0.463435,0.925416,0.0902143,-0.368059
0.696852,0.604759,0.897754,0.269218,0.219552,0.93772,0.266698,-0.952586,0.146464,0.925416,0.210657,-0.315007
0.696852,0.618772,0.990772,0.269218,-0.114408,0.95626,0.266698,-0.945232,-0.188173,0.925416,0.305692,-0.223961
0.696852,0.600127,1.08297,0.269218,-0.434569,0.85946,0.266698,-0.823869,-0.500113,0.925416,0.363856,-0.105902
0.696852,0.551071,1.16324,0.269218,-0.702314,0.658997,0.266698,-0.603135,-0.751732,0.925416,0.378133,0.024931
0.696852,0.477522,1.22188,0.269218,-0.885349,0.37905,0.266698,-0.309654,-0.912681,0.925416,0.346802,0.152756
0.696852,0.38835,1.25183,0.269218,-0.961599,0.0533828,0.266698,0.0211762,-0.963548,0.925416,0.273641,0.262157
0.696852,0.294312,1.24948,0.269218,-0.921865,-0.278723,0.266698,0.349452,-0.898196,0.925416,0.167476,0.339938
0.696852,0.206749,1.21511,0.269218,-0.770941,-0.57721,0.266698,0.635578,-0.724508,0.925416,0.0411098,0.376717
0.696852,0.136223,1.15286,0.269218,-0.52703,-0.806078,0.266698,0.845045,-0.463435,0.925416,-0.0902143,0.368059
0.696834,0.224441,1.22501,-0.061087,-0.555439,-0.829311,0.373999,0.757594,-0.534954,0.925415,-0.34284,0.161454
0.696834,0.149463,1.16821,-0.061087,-0.238301,-0.969268,0.373999,0.894871,-0.24358,0.925415,-0.377385,0.0344591
0.696834,0.0984309,1.0892,-0.061087,0.10758,-0.992318,0.373999,0.924213,0.0771732,0.925415,-0.366411,-0.0966922
0.696834,0.077501,0.997499,-0.061087,0.440485,-0.895679,0.373999,0.842081,0.388618,0.925415,-0.311243,-0.216181
0.696834,0.0891972,0.904169,-0.061087,0.720261,-0.691009,0.373999,0.658382,0.653191,0.925415,-0.218535,-0.309595
0.696834,0.132109,0.820467,-0.061087,0.913163,-0.402992,0.373999,0.395272,0.838978,0.925415,-0.0994678,-0.365668
0.696834,0.20106,0.75649,-0.061087,0.995923,-0.0663685,0.373999,0.0844871,0.923573,0.925415,0.0315966,-0.377635
0.696834,0.287735,0.719954,-0.061087,0.958561,0.27826,0.373999,-0.236489,0.896771,0.925415,0.15885,-0.344054
0.696834,0.381678,0.715266,-0.061087,0.805583,0.589326,0.373999,-0.52894,0.761805,0.925415,0.266944,-0.268975
0.696834,0.471559,0.742992,-0.061087,0.555439,0.829311,0.373999,-0.757594,0.534954,0.925415,0.34284,-0.161454
0.696834,0.546537,0.799786,-0.061087,0.238301,0.969268,0.373999,-0.894871,0.24358,0.925415,0.377385,-0.0344591
0.696834,0.597569,0.878799,-0.061087,-0.10758,0.992318,0.373999,-0.924213,-0.0771732,0.925415,0.366411,0.0966922
0.696834,0.618499,0.970501,-0.061087,-0.440485,0.895679,0.373999,-0.842081,-0.388618,0.925415,0.311243,0.216181
0.696834,0.606803,1.06383,-0.061087,-0.720261,0.691009,0.373999,-0.658382,-0.653191,0.925415,0.218535,0.309595
0.696834,0.563891,1.14753,-0.061087,-0.913163,0.402992,0.373999,-0.395272,-0.838978,0.925415,0.0994678,0.365668
0.696834,0.49494,1.21151,-0.061087,-0.995923,0.0663685,0.373999,-0.0844871,-0.923573,0.925415,-0.0315966,0.377635
0.696834,0.408265,1.24805,-0.061087,-0.958561,-0.27826,0.373999,0.236489,-0.896771,0.925415,-0.15885,0.344054
0.696834,0.314322,1.25273,-0.061087,-0.805583,-0.589326,0.373999,0.52894,-0.761805,0.925415,-0.266944,0.268975
0.696834,0.224441,1.22501,-0.061087,-0.555439,-0.829311,0.373999,0.757594,-0.534954,0.925415,-0.34284,0.161454
0.735794,0.307343,1.29281,-0.384024,-0.494684,-0.779624,0.43619,0.647009,-0.625394,0.813796,-0.58023,-0.0326907
0.735794,0.204176,1.26028,-0.384024,-0.198204,-0.901799,0.43619,0.821887,-0.366388,0.813796,-0.534057,-0.22917
0.735794,0.118357,1.19443,-0.384024,0.122183,-0.915203,0.43619,0.897633,-0.0631905,0.813796,-0.423469,-0.398007
0.735794,0.0602357,1.10319,-0.384024,0.427832,-0.818221,0.43619,0.865112,0.247629,0.813796,-0.261804,-0.51884
0.735794,0.0368233,0.997584,-0.384024,0.681879,-0.622549,0.43619,0.728245,0.528581,0.813796,-0.0685619,-0.577092
0.735794,0.0509434,0.890336,-0.384024,0.853681,-0.351788,0.43619,0.503541,0.745778,0.813796,0.13295,-0.565739
0.735794,0.100893,0.794386,-0.384024,0.922516,-0.038597,0.43619,0.218103,0.873023,0.813796,0.318426,-0.486149
0.735794,0.180647,0.721305,-0.384024,0.880083,0.27925,0.43619,-0.0936419,0.894969,0.813796,0.465495,-0.347922
0.735794,0.280587,0.67991,-0.384024,0.731498,0.563415,0.43619,-0.394092,0.808968,0.813796,0.556419,-0.167731
0.735794,0.388657,0.675192,-0.384024,0.494684,0.779624,0.43619,-0.647009,0.625394,0.813796,0.58023,0.0326907
0.735794,0.491824,0.707721,-0.384024,0.198204,0.901799,0.43619,-0.821887,0.366388,0.813796,0.534057,0.22917
0.735794,0.577643,0.773573,-0.384024,-0.122183,0.915203,0.43619,-0.897633,0.0631905,0.813796,0.423469,0.398007
0.735794,0.635764,0.864806,-0.384024,-0.427832,0.818221,0.43619,-0.865112,-0.247629,0.813796,0.261804,0.51884
0.735794,0.659177,0.970416,-0.384024,-0.681879,0.622549,0.43619,-0.728245,-0.528581,0.813796,0.0685619,0.577092
0.735794,0.645057,1.07766,-0.384024,-0.853681,0.351788,0.43619,-0.503541,-0.745778,0.813796,-0.13295,0.565739
0.735794,0.595107,1.17361,-0.384024,-0.922516,0.038597,0.43619,-0.218103,-0.873023,0.813796,-0.318426,0.486149
0.735794,0.515353,1.24669,-0.384024,-0.880083,-0.27925,0.43619,0.0936419,-0.894969,0.813796,-0.465495,0.347922
0.735794,0.415413,1.28809,-0.384024,-0.731498,-0.563415,0.43619,0.394092,-0.808968,0.813796,-0.556419,0.167731
0.735794,0.307343,1.29281,-0.384024,-0.494684,-0.779624,0.43619,0.647009,-0.625394,0.813796,-0.58023,-0.0326907
0.809034,0.37493,1.34808,-0.660642,-0.352094,-0.66301,0.44577,0.526627,-0.723846,0.604021,-0.773753,-0.190959
0.809034,0.248782,1.33534,-0.660642,-0.104098,-0.743449,0.44577,0.742438,-0.500075,0.604021,-0.661778,-0.444082
0.809034,0.134602,1.28021,-0.660642,0.156455,-0.734217,0.44577,0.868699,-0.215988,0.604021,-0.469983,-0.643642
0.809034,0.0461599,1.18936,-0.660642,0.398136,-0.636428,0.44577,0.890182,0.0941498,0.604021,-0.221501,-0.765569
0.809034,-0.00587553,1.07374,-0.660642,0.591797,-0.461876,0.44577,0.804297,0.392932,0.604021,0.0536971,-0.795157
0.809034,-0.0152283,0.947299,-0.660642,0.714078,-0.231615,0.44577,0.621401,0.644321,0.604021,0.322419,-0.728838
0.809034,0.0192296,0.825281,-0.660642,0.750231,0.0265823,0.44577,0.363555,0.817996,0.604021,0.552252,-0.57461
0.809034,0.0933421,0.722407,-0.660642,0.695894,0.281573,0.44577,0.0618591,0.893008,0.604021,0.715475,-0.351076
0.809034,0.19817,0.651084,-0.660642,0.557623,0.502602,0.44577,-0.247298,0.86031,0.604021,0.792401,-0.0851963
0.809034,0.32107,0.619917,-0.660642,0.352094,0.66301,0.44577,-0.526627,0.723846,0.604021,0.773753,0.190959
0.809034,0.447218,0.632663,-0.660642,0.104098,0.743449,0.44577,-0.742438,0.500075,0.604021,0.661778,0.444082
0.809034,0.561398,0.687786,-0.660642,-0.156455,0.734217,0.44577,-0.868699,0.215988,0.604021,0.469983,0.643642
0.809034,0.64984,0.778636,-0.660642,-0.398136,0.636428,0.44577,-0.890182,-0.0941498,0.604021,0.221501,0.765569
0.809034,0.701876,0.894256,-0.660642,-0.591797,0.461876,0.44577,-0.804297,-0.392932,0.604021,-0.0536971,0.795157
0.809034,0.711228,1.0207,-0.660642,-0.714078,0.231615,0.44577,-0.621401,-0.644321,0.604021,-0.322419,0.728838
0.809034,0.67677,1.14272,-0.660642,-0.750231,-0.0265823,0.44577,-0.363555,-0.817996,0.604021,-0.552252,0.57461
0.809034,0.602658,1.24559,-0.660642,-0.695894,-0.281573,0.44577,-0.0618591,-0.893008,0.604021,-0.715475,0.351076
0.809034,0.49783,1.31692,-0.660642,-0.557623,-0.502602,0.44577,0.247298,-0.86031,0.604021,-0.792401,0.0851963
0.809034,0.37493,1.34808,-0.660642,-0.352094,-0.66301,0.44577,0.526627,-0.723846,0.604021,-0.773753,-0.190959
0.90772,0.419051,1.38417,-0.857576,-0.144868,-0.493534,0.401584,0.410969,-0.818434,0.321392,-0.900065,-0.294261
0.90772,0.277901,1.38433,-0.857576,0.0326672,-0.513318,0.401584,0.666106,-0.628517,0.321392,-0.745141,-0.584355
0.90772,0.145206,1.33622,-0.857576,0.206262,-0.471188,0.401584,0.8409,-0.362791,0.321392,-0.500343,-0.803968
0.90772,0.0369712,1.24562,-0.857576,0.354979,-0.372226,0.401584,0.91427,-0.0533072,0.321392,-0.195195,-0.92661
0.90772,-0.0337492,1.12346,-0.857576,0.46088,-0.228368,0.401584,0.877364,0.262606,0.321392,0.133496,-0.937489
0.90772,-0.0584249,0.984483,-0.857576,0.511192,-0.0569658,0.401584,0.734636,0.546845,0.321392,0.446085,-0.835293
0.90772,-0.0340799,0.845449,-0.857576,0.499847,0.121308,0.401584,0.5033,0.765127,0.321392,0.70487,-0.632349
0.90772,0.0363497,0.723125,-0.857576,0.428213,0.28495,0.401584,0.211259,0.891123,0.321392,0.878637,-0.353134
0.90772,0.144369,0.632267,-0.857576,0.30493,0.414223,0.401584,-0.106264,0.909636,0.321392,0.946428,-0.0313255
0.90772,0.276949,0.583834,-0.857576,0.144868,0.493534,0.401584,-0.410969,0.818434,0.321392,0.900065,0.294261
0.90772,0.418099,0.583666,-0.857576,-0.0326672,0.513318,0.401584,-0.666106,0.628517,0.321392,0.745141,0.584355
0.90772,0.550794,0.631784,-0.857576,-0.206262,0.471188,0.401584,-0.8409,0.362791,0.321392,0.500343,0.803968
0.90772,0.659029,0.722385,-0.857576,-0.354979,0.372226,0.401584,-0.91427,0.0533072,0.321392,0.195195,0.92661
0.90772,0.729749,0.84454,-0.857576,-0.46088,0.228368,0.401584,-0.877364,-0.262606,0.321392,-0.133496,0.937489
0.90772,0.754425,0.983517,-0.857576,-0.511192,0.0569658,0.401584,-0.734636,-0.546845,0.321392,-0.446085,0.835293
0.90772,0.73008,1.12255,-0.857576,-0.499847,-0.121308,0.401584,-0.5033,-0.765127,0.321392,-0.70487,0.632349
0.90772,0.65965,1.24487,-0.857576,-0.428213,-0.28495,0.401584,-0.211259,-0.891123,0.321392,-0.878637,0.353134
0.90772,0.551631,1.33573,-0.857576,-0.30493,-0.414223,0.401584,0.106264,-0.909636,0.321392,-0.946428,0.0313255
0.90772,0.419051,1.38417,-0.857576,-0.144868,-0.493534,0.401584,0.410969,-0.818434,0.321392,-0.900065,-0.294261
0.883612,-0.0286556,0.852405,0.961642,0.0424933,-0.270997,-0.0812368,0.987728,-0.133392,0.262003,0.150291,0.953293
0.883612,0.0390675,0.731518,0.961642,0.132617,-0.24012,-0.0812368,0.973784,0.212475,0.262003,-0.184818,0.947205
0.883612,0.144052,0.641083,0.961642,0.206745,-0.180281,-0.0812368,0.842387,0.532715,0.262003,-0.497636,0.82687
0.883612,0.273636,0.592009,0.961642,0.255937,-0.0986982,-0.0812368,0.609385,0.788702,0.262003,-0.750431,0.606802
0.883612,0.41219,0.590215,0.961642,0.274259,-0.00521041,-0.0812368,0.302883,0.949559,0.262003,-0.912712,0.313545
0.883612,0.543001,0.635918,0.961642,0.259501,0.0889058,-0.0812368,-0.0401514,0.995886,0.262003,-0.964908,-0.0175303
0.883612,0.650292,0.723604,0.961642,0.213443,0.172299,-0.0812368,-0.378343,0.922094,0.262003,-0.900721,-0.346491
0.883612,0.721122,0.842698,0.961642,0.141642,0.23491,-0.0812368,-0.670901,0.737084,0.262003,-0.727894,-0.63366
0.883612,0.746949,0.978835,0.961642,0.0527558,0.269187,-0.0812368,-0.882538,0.463171,0.262003,-0.467272,-0.8444
0.883612,0.724656,1.11559,0.961642,-0.0424933,0.270997,-0.0812368,-0.987728,0.133392,0.262003,-0.150291,-0.953293
0.883612,0.656933,1.23648,0.961642,-0.132617,0.24012,-0.0812368,-0.973784,-0.212475,0.262003,0.184818,-0.947205
0.883612,0.551948,1.32692,0.961642,-0.206745,0.180281,-0.0812368,-0.842387,-0.532715,0.262003,0.497636,-0.82687
0.883612,0.422364,1.37599,0.961642,-0.255937,0.0986982,-0.0812368,-0.609385,-0.788702,0.262003,0.750431,-0.606802
0.883612,0.28381,1.37778,0.961642,-0.274259,0.00521041,-0.0812368,-0.302883,-0.949559,0.262003,0.912712,-0.313545
0.883612,0.152999,1.33208,0.961642,-0.259501,-0.0889058,-0.0812368,0.0401514,-0.995886,0.262003,0.964908,0.0175303
0.883612,0.0457079,1.2444,0.961642,-0.213443,-0.172299,-0.0812368,0.378343,-0.922094,0.262003,0.900721,0.346491
0.883612,-0.0251223,1.1253,0.961642,-0.141642,-0.23491,-0.0812368,0.670901,-0.737084,0.262003,0.727894,0.63366
0.883612,-0.0509485,0.989165,0.961642,-0.0527558,-0.269187,-0.0812368,0.882538,-0.463171,0.262003,0.467272,0.8444
0.883612,-0.0286556,0.852405,0.961642,0.0424933,-0.270997,-0.0812368,0.987728,-0.133392,0.262003,0.150291,0.953293
0.763622,0.0249541,0.896249,0.856221,-0.205632,-0.473921,0.156285,0.977485,-0.14177,0.492403,0.0473193,0.86908
0.763622,0.0744488,0.791053,0.856221,-0.0311407,-0.515671,0.156285,0.967023,0.201099,0.492403,-0.252777,0.832852
0.763622,0.156938,0.709129,0.856221,0.147107,-0.495223,0.156285,0.839925,0.519713,0.492403,-0.522385,0.69617
0.763622,0.262472,0.660359,0.856221,0.307612,-0.415044,0.156285,0.611519,0.775642,0.492403,-0.728986,0.47552
0.763622,0.378321,0.650624,0.856221,0.431014,-0.284804,0.156285,0.309354,0.938016,0.492403,-0.84766,0.197515
0.763622,0.490514,0.6811,0.856221,0.502429,-0.120213,0.156285,-0.0301224,0.987253,0.492403,-0.864094,-0.104314
0.763622,0.585517,0.74811,0.856221,0.513244,0.0588777,0.156285,-0.365966,0.917411,0.492403,-0.776305,-0.39356
0.763622,0.651873,0.843571,0.856221,0.462154,0.230867,0.156285,-0.657669,0.736917,0.492403,-0.594882,-0.635338
0.763622,0.681576,0.955971,0.856221,0.355322,0.37501,0.156285,-0.870047,0.467539,0.492403,-0.341708,-0.800484
0.763622,0.671046,1.07175,0.856221,0.205632,0.473921,0.156285,-0.977485,0.14177,0.492403,-0.0473193,-0.86908
0.763622,0.621551,1.17695,0.856221,0.0311407,0.515671,0.156285,-0.967023,-0.201099,0.492403,0.252777,-0.832852
0.763622,0.539062,1.25887,0.856221,-0.147107,0.495223,0.156285,-0.839925,-0.519713,0.492403,0.522385,-0.69617
0.763622,0.433528,1.30764,0.856221,-0.307612,0.415044,0.156285,-0.611519,-0.775642,0.492403,0.728986,-0.47552
0.763622,0.317679,1.31738,0.856221,-0.431014,0.284804,0.156285,-0.309354,-0.938016,0.492403,0.84766,-0.197515
0.763622,0.205486,1.2869,0.856221,-0.502429,0.120213,0.156285,0.0301224,-0.987253,0.492403,0.864094,0.104314
0.763622,0.110483,1.21989,0.856221,-0.513244,-0.0588777,0.156285,0.365966,-0.917411,0.492403,0.776305,0.39356
0.763622,0.0441273,1.12443,0.856221,-0.462154,-0.230867,0.156285,0.657669,-0.736917,0.492403,0.594882,0.635338
0.763622,0.0144236,1.01203,0.856221,-0.355322,-0.37501,0.156285,0.870047,-0.467539,0.492403,0.341708,0.800484
0.763622,0.0249541,0.896249,0.856221,-0.205632,-0.473921,0.156285,0.977485,-0.14177,0.492403,0.0473193,0.86908
0.674556,0.107099,0.963429,0.647527,-0.410884,-0.641782,0.374957,0.904974,-0.201071,0.663413,-0.110442,0.740058
0.674556,0.128662,0.882277,0.647527,-0.166602,-0.743608,0.374957,0.919168,0.120574,0.663413,-0.356896,0.657654
0.674556,0.176681,0.813394,0.647527,0.0977743,-0.755744,0.374957,0.822496,0.427676,0.663413,-0.560304,0.495927
0.674556,0.245364,0.765088,0.647527,0.350358,-0.676727,0.374957,0.62662,0.683194,0.663413,-0.69613,0.274384
0.674556,0.326426,0.743186,0.647527,0.560682,-0.516086,0.374957,0.355164,0.856309,0.663413,-0.747993,0.019746
0.674556,0.41009,0.750331,0.647527,0.703381,-0.293197,0.374957,0.0408697,0.926141,0.663413,-0.709637,-0.237274
0.674556,0.486265,0.785659,0.647527,0.761241,-0.0349448,0.374957,-0.278354,0.884266,0.663413,-0.585689,-0.465674
0.674556,0.545764,0.84491,0.647527,0.727285,0.227522,0.374957,-0.564004,0.735736,0.663413,-0.391097,-0.637908
0.674556,0.581409,0.920937,0.647527,0.605607,0.462547,0.374957,-0.781627,0.498465,0.663413,-0.149334,-0.733201
0.674556,0.588901,1.00457,0.647527,0.410884,0.641782,0.374957,-0.904974,0.201071,0.663413,0.110442,-0.740058
0.674556,0.567338,1.08572,0.647527,0.166602,0.743608,0.374957,-0.919168,-0.120574,0.663413,0.356896,-0.657654
0.674556,0.519319,1.15461,0.647527,-0.0977743,0.755744,0.374957,-0.822496,-0.427676,0.663413,0.560304,-0.495927
0.674556,0.450636,1.20291,0.647527,-0.350358,0.676727,0.374957,-0.62662,-0.683194,0.663413,0.69613,-0.274384
0.674556,0.369574,1.22481,0.647527,-0.560682,0.516086,0.374957,-0.355164,-0.856309,0.663413,0.747993,-0.019746
0.674556,0.28591,1.21767,0.647527,-0.703381,0.293197,0.374957,-0.0408697,-0.926141,0.663413,0.709637,0.237274
0.674556,0.209735,1.18234,0.647527,-0.761241,0.0349448,0.374957,0.278354,-0.884266,0.663413,0.585689,0.465674
0.674556,0.150236,1.12309,0.647527,-0.727285,-0.227522,0.374957,0.564004,-0.735736,0.663413,0.391097,0.637908
0.674556,0.114591,1.04706,0.647527,-0.605607,-0.462547,0.374957,0.781627,-0.498465,0.663413,0.149334,0.733201
0.674556,0.107099,0.963429,0.647527,-0.410884,-0.641782,0.374957,0.904974,-0.201071,0.663413,-0.110442,0.740058
0.627155,0.20787,1.04584,0.360731,-0.548504,-0.754332,0.548404,0.778941,-0.304145,0.754404,-0.303964,0.58179
0.627155,0.195169,0.994186,0.360731,-0.257428,-0.896439,0.548404,0.835989,-0.0193888,0.754404,-0.484617,0.442742
0.627155,0.200902,0.941301,0.360731,0.0646967,-0.930423,0.548404,0.792204,0.267706,0.754404,-0.606817,0.250293
0.627155,0.224377,0.893566,0.360731,0.379018,-0.852184,0.548404,0.652867,0.522511,0.754404,-0.655827,0.0276546
0.627155,0.262763,0.856738,0.360731,0.647625,-0.671159,0.548404,0.434786,0.714293,0.754404,-0.625734,-0.198319
0.627155,0.31143,0.83526,0.360731,0.838118,-0.409183,0.548404,0.164262,0.819921,0.754404,-0.520169,-0.400373
0.627155,0.364507,0.831722,0.360731,0.927522,-0.0978525,0.548404,-0.126074,0.826655,0.754404,-0.351863,-0.554136
0.627155,0.415594,0.846552,0.360731,0.905053,0.22528,0.548404,-0.401203,0.733682,0.754404,-0.141118,-0.641061
0.627155,0.458527,0.877959,0.360731,0.773422,0.521241,0.548404,-0.627942,0.552216,0.754404,0.0866487,-0.650666
0.627155,0.48813,0.922157,0.360731,0.548504,0.754332,0.548404,-0.778941,0.304145,0.754404,0.303964,-0.58179
0.627155,0.500831,0.973814,0.360731,0.257428,0.896439,0.548404,-0.835989,0.0193888,0.754404,0.484617,-0.442742
0.627155,0.495098,1.0267,0.360731,-0.0646967,0.930423,0.548404,-0.792204,-0.267706,0.754404,0.606817,-0.250293
0.627155,0.471623,1.07443,0.360731,-0.379018,0.852184,0.548404,-0.652867,-0.522511,0.754404,0.655827,-0.0276546
0.627155,0.433237,1.11126,0.360731,-0.647625,0.671159,0.548404,-0.434786,-0.714293,0.754404,0.625734,0.198319
0.627155,0.38457,1.13274,0.360731,-0.838118,0.409183,0.548404,-0.164262,-0.819921,0.754404,0.520169,0.400373
0.627155,0.331493,1.13628,0.360731,-0.927522,0.0978525,0.548404,0.126074,-0.826655,0.754404,0.351863,0.554136
0.627155,0.280406,1.12145,0.360731,-0.905053,-0.22528,0.548404,0.401203,-0.733682,0.754404,0.141118,0.641061
0.627155,0.237473,1.09004,0.360731,-0.773422,-0.521241,0.548404,0.627942,-0.552216,0.754404,-0.0866487,0.650666
0.627155,0.20787,1.04584,0.360731,-0.548504,-0.754332,0.548404,0.778941,-0.304145,0.754404,-0.303964,0.58179
0.627137,0.315114,1.13355,0.0304265,-0.601894,-0.797996,0.655705,0.614589,-0.438557,0.754404,-0.509906,0.413365
0.627137,0.265948,1.11328,0.0304265,-0.292665,-0.955731,0.655705,0.72752,-0.201907,0.754404,-0.620534,0.214038
0.627137,0.226679,1.07742,0.0304265,0.0518641,-0.998191,0.655705,0.752701,0.0590959,0.754404,-0.656316,-0.0111055
0.627137,0.202043,1.03029,0.0304265,0.390138,-0.920254,0.655705,0.687096,0.312971,0.754404,-0.612937,-0.234909
0.627137,0.195011,0.977583,0.0304265,0.681355,-0.731321,0.655705,0.538616,0.529097,0.754404,-0.495629,-0.430379
0.627137,0.206432,0.925644,0.0304265,0.89039,-0.45418,0.655705,0.325172,0.681406,0.754404,-0.318541,-0.573939
0.627137,0.234929,0.880745,0.0304265,0.992032,-0.122258,0.655705,0.072507,0.751528,0.754404,-0.103031,-0.648274
0.627137,0.277063,0.848299,0.0304265,0.97402,0.22441,0.655705,-0.188903,0.731004,0.754404,0.124905,-0.644417
0.627137,0.327754,0.832221,0.0304265,0.838526,0.544011,0.655705,-0.427529,0.62231,0.754404,0.337776,-0.562834
0.627137,0.380886,0.83445,0.0304265,0.601894,0.797996,0.655705,-0.614589,0.438557,0.754404,0.509906,-0.413365
0.627137,0.430052,0.854716,0.0304265,0.292665,0.955731,0.655705,-0.72752,0.201907,0.754404,0.620534,-0.214038
0.627137,0.469321,0.890577,0.0304265,-0.0518641,0.998191,0.655705,-0.752701,-0.0590959,0.754404,0.656316,0.0111055
0.627137,0.493957,0.937705,0.0304265,-0.390138,0.920254,0.655705,-0.687096,-0.312971,0.754404,0.612937,0.234909
0.627137,0.500989,0.990417,0.0304265,-0.681355,0.731321,0.655705,-0.538616,-0.529097,0.754404,0.495629,0.430379
0.627137,0.489568,1.04236,0.0304265,-0.89039,0.45418,0.655705,-0.325172,-0.681406,0.754404,0.318541,0.573939
0.627137,0.461071,1.08726,0.0304265,-0.992032,0.122258,0.655705,-0.072507,-0.751528,0.754404,0.103031,0.648274
0.627137,0.418937,1.1197,0.0304265,-0.97402,-0.22441,0.655705,0.188903,-0.731004,0.754404,-0.124905,0.644417
0.627137,0.368246,1.13578,0.0304265,-0.838526,-0.544011,0.655705,0.427529,-0.62231,0.754404,-0.337776,0.562834
0.627137,0.315114,1.13355,0.0304265,-0.601894,-0.797996,0.655705,0.614589,-0.438557,0.754404,-0.509906,0.413365
0.674504,0.415895,1.21597,-0.303548,-0.564615,-0.767508,0.683918,0.431739,-0.588096,0.663411,-0.703428,0.255097
0.674504,0.332461,1.2252,-0.303548,-0.268061,-0.914331,0.683918,0.606843,-0.404966,0.663411,-0.748254,-0.000874078
0.674504,0.250902,1.20534,-0.303548,0.0608243,-0.950873,0.683918,0.708753,-0.172991,0.663411,-0.70283,-0.256739
0.674504,0.181054,1.15878,-0.303548,0.382374,-0.872725,0.683918,0.725176,0.0798491,0.663411,-0.572634,-0.481638
0.674504,0.131342,1.09114,-0.303548,0.657803,-0.689314,0.683918,0.654133,0.323058,0.663411,-0.37337,-0.648444
0.674504,0.107762,1.01058,-0.303548,0.853892,-0.422761,0.683918,0.504191,0.527302,0.663411,-0.129072,-0.737038
0.674504,0.113159,0.926813,-0.303548,0.946989,-0.105217,0.683918,0.293437,0.667945,0.663411,0.130794,-0.736735
0.674504,0.146881,0.849941,-0.303548,0.925865,0.225018,0.683918,0.0472895,0.728025,0.663411,0.374884,-0.64757
0.674504,0.204861,0.789239,-0.303548,0.793068,0.528112,0.683918,-0.204561,0.700293,0.663411,0.573758,-0.480299
0.674504,0.280105,0.752028,-0.303548,0.564615,0.767508,0.683918,-0.431739,0.588096,0.663411,0.703428,-0.255097
0.674504,0.363539,0.742796,-0.303548,0.268061,0.914331,0.683918,-0.606843,0.404966,0.663411,0.748254,0.000874078
0.674504,0.445098,0.762657,-0.303548,-0.0608243,0.950873,0.683918,-0.708753,0.172991,0.663411,0.70283,0.256739
0.674504,0.514946,0.809215,-0.303548,-0.382374,0.872725,0.683918,-0.725176,-0.0798491,0.663411,0.572634,0.481638
0.674504,0.564658,0.876855,-0.303548,-0.657803,0.689314,0.683918,-0.654133,-0.323058,0.663411,0.37337,0.648444
0.674504,0.588238,0.957418,-0.303548,-0.853892,0.422761,0.683918,-0.504191,-0.527302,0.663411,0.129072,0.737038
0.674504,0.582841,1.04119,-0.303548,-0.946989,0.105217,0.683918,-0.293437,-0.667945,0.663411,-0.130794,0.736735
0.674504,0.549119,1.11806,-0.303548,-0.925865,-0.225018,0.683918,-0.0472895,-0.728025,0.663411,-0.374884,0.64757
0.674504,0.491139,1.17876,-0.303548,-0.793068,-0.528112,0.683918,0.204561,-0.700293,0.663411,-0.573758,0.480299
0.674504,0.415895,1.21597,-0.303548,-0.564615,-0.767508,0.683918,0.431739,-0.588096,0.663411,-0.703428,0.255097
0.763543,0.498057,1.28317,-0.60091,-0.441163,-0.666545,0.629641,0.252448,-0.734726,0.492402,-0.861189,0.126075
0.763543,0.386687,1.31645,-0.60091,-0.186586,-0.777234,0.629641,0.488514,-0.604075,0.492402,-0.852373,-0.176072
0.763543,0.27065,1.30963,-0.60091,0.0904966,-0.794177,0.629641,0.665659,-0.400563,0.492402,-0.740748,-0.456982
0.763543,0.163943,1.26354,-0.60091,0.356663,-0.715331,0.629641,0.762516,-0.148737,0.492402,-0.539779,-0.682773
0.763543,0.0794354,1.18373,-0.60091,0.579811,-0.550205,0.629641,0.767401,0.121029,0.492402,-0.273704,-0.826212
0.763543,0.027321,1.07983,-0.60091,0.733026,-0.318716,0.629641,0.679727,0.376196,0.492402,0.0253837,-0.869998
0.763543,0.0138852,0.96437,-0.60091,0.797826,-0.0487856,0.629641,0.510068,0.585989,0.492402,0.32141,-0.808849
0.763543,0.0407487,0.85128,-0.60091,0.766397,0.227029,0.629641,0.278887,0.725103,0.492402,0.578669,-0.650141
0.763543,0.104671,0.754198,-0.60091,0.642529,0.475461,0.629641,0.014068,0.776759,0.492402,0.766132,-0.413016
0.763543,0.197943,0.684833,-0.60091,0.441163,0.666545,0.629641,-0.252448,0.734726,0.492402,0.861189,-0.126075
0.763543,0.309313,0.651553,-0.60091,0.186586,0.777234,0.629641,-0.488514,0.604075,0.492402,0.852373,0.176072
0.763543,0.42535,0.65837,-0.60091,-0.0904966,0.794177,0.629641,-0.665659,0.400563,0.492402,0.740748,0.456982
0.763543,0.532057,0.704463,-0.60091,-0.356663,0.715331,0.629641,-0.762516,0.148737,0.492402,0.539779,0.682773
0.763543,0.616565,0.784273,-0.60091,-0.579811,0.550205,0.629641,-0.767401,-0.121029,0.492402,0.273704,0.826212
0.763543,0.668679,0.888172,-0.60091,-0.733026,0.318716,0.629641,-0.679727,-0.376196,0.492402,-0.0253837,0.869998
0.763543,0.682115,1.00363,-0.60091,-0.797826,0.0487856,0.629641,-0.510068,-0.585989,0.492402,-0.32141,0.808849
0.763543,0.655251,1.11672,-0.60091,-0.766397,-0.227029,0.629641,-0.278887,-0.725103,0.492402,-0.578669,0.650141
0.763543,0.591329,1.2138,-0.60091,-0.642529,-0.475461,0.629641,-0.014068,-0.776759,0.492402,-0.766132,0.413016
0.763543,0.498057,1.28317,-0.60091,-0.441163,-0.666545,0.629641,0.252448,-0.734726,0.492402,-0.861189,0.126075
0.883514,0.551691,1.32703,-0.825794,-0.246427,-0.507285,0.499419,0.0983388,-0.860761,0.262001,-0.964159,0.041863
0.883514,0.422084,1.37601,-0.825794,-0.0580644,-0.560975,0.499419,0.386806,-0.775217,0.262001,-0.920331,-0.290424
0.883514,0.283541,1.37771,-0.825794,0.137302,-0.547003,0.499419,0.628619,-0.59617,0.262001,-0.765498,-0.587681
0.883514,0.152773,1.33192,-0.825794,0.316108,-0.467055,0.499419,0.79461,-0.345217,0.262001,-0.518334,-0.814055
0.883514,0.0455517,1.24416,-0.825794,0.456786,-0.330773,0.499419,0.864761,-0.0526248,0.262001,-0.208651,-0.942242
0.883514,-0.0251895,1.12503,-0.825794,0.542369,-0.154594,0.499419,0.830608,0.246314,0.262001,0.126198,-0.956781
0.883514,-0.0509186,0.988887,-0.825794,0.562535,0.04023,0.499419,0.696272,0.515544,0.262001,0.445825,-0.855918
0.883514,-0.0285323,0.852154,-0.825794,0.51485,0.230202,0.499419,0.477955,0.722592,0.262001,0.71168,-0.651819
0.883514,0.0392695,0.731324,-0.825794,0.405067,0.392408,0.499419,0.201989,0.842485,0.262001,0.891695,-0.3691
0.883514,0.144309,0.64097,-0.825794,0.246427,0.507285,0.499419,-0.0983388,0.860761,0.262001,0.964159,-0.041863
0.883514,0.273916,0.59199,-0.825794,0.0580644,0.560975,0.499419,-0.386806,0.775217,0.262001,0.920331,0.290424
0.883514,0.412459,0.590293,-0.825794,-0.137302,0.547003,0.499419,-0.628619,0.59617,0.262001,0.765498,0.587681
0.883514,0.543227,0.636083,-0.825794,-0.316108,0.467055,0.499419,-0.79461,0.345217,0.262001,0.518334,0.814055
0.883514,0.650448,0.723837,-0.825794,-0.456786,0.330773,0.499419,-0.864761,0.0526248,0.262001,0.208651,0.942242
0.883514,0.72119,0.84297,-0.825794,-0.542369,0.154594,0.499419,-0.830608,-0.246314,0.262001,-0.126198,0.956781
0.883514,0.746919,0.979113,-0.825794,-0.562535,-0.04023,0.499419,-0.696272,-0.515544,0.262001,-0.445825,0.855918
0.883514,0.724532,1.11585,-0.825794,-0.51485,-0.230202,0.499419,-0.477955,-0.722592,0.262001,-0.71168,0.651819
0.883514,0.656731,1.23668,-0.825794,-0.405067,-0.392408,0.499419,-0.201989,-0.842485,0.262001,-0.891695,0.3691
0.883514,0.551691,1.32703,-0.825794,-0.246427,-0.507285,0.499419,0.0983388,-0.860761,0.262001,-0.964159,0.041863
0.875863,0.0464526,0.726936,0.985232,0.0406268,-0.166338,-0.00862081,0.981982,0.18878,0.17101,-0.184558,0.967829
0.875863,0.152559,0.639304,0.985232,0.0950676,-0.142411,-0.00862081,0.858194,0.513253,0.17101,-0.504445,0.846339
0.875863,0.282239,0.593247,0.985232,0.138042,-0.101308,-0.00862081,0.630896,0.77582,0.17101,-0.763489,0.622769
0.875863,0.41985,0.59432,0.985232,0.164366,-0.047985,-0.00862081,0.327502,0.944811,0.17101,-0.930444,0.324083
0.875863,0.548796,0.642395,0.985232,0.170865,0.0111254,-0.00862081,-0.015393,0.999844,0.17101,-0.985174,-0.0136927
0.875863,0.653522,0.731673,0.985232,0.156756,0.0688938,-0.00862081,-0.356432,0.934282,0.17101,-0.921078,-0.349816
0.875863,0.721398,0.851384,0.985232,0.123739,0.118353,-0.00862081,-0.654479,0.756031,0.17101,-0.745886,-0.643747
0.875863,0.744236,0.987092,0.985232,0.0757979,0.153536,-0.00862081,-0.873587,0.486591,0.17101,-0.480729,-0.860032
0.875863,0.719283,1.12243,0.985232,0.0187141,0.170202,-0.00862081,-0.987327,0.158462,0.17101,-0.157589,-0.972585
0.875863,0.649547,1.24106,0.985232,-0.0406268,0.166338,-0.00862081,-0.981982,-0.18878,0.17101,0.184558,-0.967829
0.875863,0.543441,1.3287,0.985232,-0.0950676,0.142411,-0.00862081,-0.858194,-0.513253,0.17101,0.504445,-0.846339
0.875863,0.413761,1.37475,0.985232,-0.138042,0.101308,-0.00862081,-0.630896,-0.77582,0.17101,0.763489,-0.622769
0.875863,0.27615,1.37368,0.985232,-0.164366,0.047985,-0.00862081,-0.327502,-0.944811,0.17101,0.930444,-0.324083
0.875863,0.147204,1.3256,0.985232,-0.170865,-0.0111254,-0.00862081,0.015393,-0.999844,0.17101,0.985174,0.0136927
0.875863,0.0424782,1.23633,0.985232,-0.156756,-0.0688938,-0.00862081,0.356432,-0.934282,0.17101,0.921078,0.349816
0.875863,-0.0253977,1.11662,0.985232,-0.123739,-0.118353,-0.00862081,0.654479,-0.756031,0.17101,0.745886,0.643747
0.875863,-0.0482363,0.980908,0.985232,-0.0757979,-0.153536,-0.00862081,0.873587,-0.486591,0.17101,0.480729,0.860032
0.875863,-0.0232829,0.845574,0.985232,-0.0187141,-0.170202,-0.00862081,0.987327,-0.158462,0.17101,0.157589,0.972585
0.875863,0.0464526,0.726936,0.985232,0.0406268,-0.166338,-0.00862081,0.981982,0.18878,0.17101,-0.184558,0.967829
0.749059,0.103108,0.77327,0.900555,-0.21677,-0.376844,0.292759,0.943199,0.157063,0.321393,-0.251768,0.912863
0.749059,0.189951,0.702221,0.900555,-0.0748088,-0.428258,0.292759,0.832598,0.470183,0.321393,-0.548802,0.771701
0.749059,0.295856,0.665158,0.900555,0.0761754,-0.428017,0.292759,0.621574,0.726593,0.321393,-0.779643,0.537461
0.749059,0.408051,0.666552,0.900555,0.217972,-0.376151,0.292759,0.335579,0.895365,0.321393,-0.916447,0.238394
0.749059,0.513003,0.706236,0.900555,0.333478,-0.278915,0.292759,0.00910835,0.956143,0.321393,-0.942714,-0.0894259
0.749059,0.598053,0.779421,0.900555,0.408761,-0.148038,0.292759,-0.318461,0.901596,0.321393,-0.855276,-0.40646
0.749059,0.652943,0.877282,0.900555,0.434742,0.000693848,0.292759,-0.607619,0.738303,0.321393,-0.664679,-0.674469
0.749059,0.671053,0.988015,0.900555,0.408286,0.149342,0.292759,-0.82349,0.48596,0.321393,-0.393912,-0.861127
0.749059,0.650197,1.09826,0.900555,0.332586,0.279978,0.292759,-0.940035,0.175002,0.321393,-0.0756332,-0.943921
0.749059,0.592892,1.19473,0.900555,0.21677,0.376844,0.292759,-0.943199,-0.157063,0.321393,0.251768,-0.912863
0.749059,0.506049,1.26578,0.900555,0.0748088,0.428258,0.292759,-0.832598,-0.470183,0.321393,0.548802,-0.771701
0.749059,0.400144,1.30284,0.900555,-0.0761754,0.428017,0.292759,-0.621574,-0.726593,0.321393,0.779643,-0.537461
0.749059,0.287949,1.30145,0.900555,-0.217972,0.376151,0.292759,-0.335579,-0.895365,0.321393,0.916447,-0.238394
0.749059,0.182997,1.26176,0.900555,-0.333478,0.278915,0.292759,-0.00910835,-0.956143,0.321393,0.942714,0.0894259
0.749059,0.0979468,1.18858,0.900555,-0.408761,0.148038,0.292759,0.318461,-0.901596,0.321393,0.855276,0.40646
0.749059,0.0430568,1.09072,0.900555,-0.434742,-0.000693848,0.292759,0.607619,-0.738303,0.321393,0.664679,0.674469
0.749059,0.0249474,0.979985,0.900555,-0.408286,-0.149342,0.292759,0.82349,-0.48596,0.321393,0.393912,0.861127
0.749059,0.045803,0.869737,0.900555,-0.332586,-0.279978,0.292759,0.940035,-0.175002,0.321393,0.0756332,0.943921
0.749059,0.103108,0.77327,0.900555,-0.21677,-0.376844,0.292759,0.943199,0.157063,0.321393,-0.251768,0.912863
0.654934,0.189919,0.844267,0.707258,-0.436225,-0.556322,0.558827,0.826963,0.0620016,0.433011,-0.354739,0.828651
0.654934,0.247244,0.798627,0.707258,-0.219645,-0.671969,0.558827,0.755885,0.3411,0.433011,-0.616761,0.657349
0.654934,0.316721,0.775345,0.707258,0.0234285,-0.706567,0.558827,0.593637,0.579057,0.433011,-0.804392,0.406762
0.654934,0.389972,0.777231,0.707258,0.263676,-0.655943,0.558827,0.359787,0.747172,0.433011,-0.895002,0.107113
0.654934,0.45816,0.804056,0.707258,0.47212,-0.526202,0.558827,0.082541,0.825166,0.433011,-0.877661,-0.205456
0.654934,0.513061,0.852585,0.707258,0.62362,-0.332994,0.558827,-0.20466,0.803633,0.433011,-0.754462,-0.493243
0.654934,0.548053,0.916964,0.707258,0.699901,-0.0996215,0.558827,-0.467176,0.68517,0.433011,-0.540263,-0.721538
0.654934,0.558916,0.989429,0.707258,0.691765,0.145767,0.558827,-0.673344,0.484066,0.433011,-0.260901,-0.862805
0.654934,0.54434,1.06124,0.707258,0.600191,0.373573,0.558827,-0.798297,0.224576,0.433011,0.0499302,-0.900005
0.654934,0.506081,1.12373,0.707258,0.436225,0.556322,0.558827,-0.826963,-0.0620016,0.433011,0.354739,-0.828651
0.654934,0.448756,1.16937,0.707258,0.219645,0.671969,0.558827,-0.755885,-0.3411,0.433011,0.616761,-0.657349
0.654934,0.379279,1.19265,0.707258,-0.0234285,0.706567,0.558827,-0.593637,-0.579057,0.433011,0.804392,-0.406762
0.654934,0.306028,1.19077,0.707258,-0.263676,0.655943,0.558827,-0.359787,-0.747172,0.433011,0.895002,-0.107113
0.654934,0.23784,1.16394,0.707258,-0.47212,0.526202,0.558827,-0.082541,-0.825166,0.433011,0.877661,0.205456
0.654934,0.182939,1.11542,0.707258,-0.62362,0.332994,0.558827,0.20466,-0.803633,0.433011,0.754462,0.493243
0.654934,0.147947,1.05104,0.707258,-0.699901,0.0996215,0.558827,0.467176,-0.68517,0.433011,0.540263,0.721538
