0.658953,0.240029,0.867565,0.308961,0.198758,0.930074,0.951075,-0.0645639,-0.302139,-3.49349e-06,0.97792,-0.208982
0.907818,0.129618,0.575774,0.92986,0.23669,-0.281672,-0.179072,0.959947,0.215489,0.321394,-0.149935,0.935
0.907818,0.233335,0.48002,0.92986,0.318753,-0.183733,-0.179072,0.828353,0.530815,0.321394,-0.460682,0.827332
0.907818,0.363546,0.425514,0.92986,0.36237,-0.0636323,-0.179072,0.596848,0.782116,0.321394,-0.715863,0.619875
0.907818,0.504547,0.41883,0.92986,0.36228,0.0641431,-0.179072,0.293354,0.939083,0.321394,-0.884701,0.337652
0.907818,0.639331,0.460774,0.92986,0.318494,0.184182,-0.179072,-0.0455227,0.982782,0.321394,-0.946831,0.0147037
0.907818,0.75164,0.546287,0.92986,0.236292,0.282006,-0.179072,-0.378909,0.907943,0.321394,-0.894759,-0.310018
0.907818,0.827929,0.665056,0.92986,0.125591,0.345815,-0.179072,-0.666593,0.723593,0.321394,-0.734766,-0.597348
0.907818,0.858996,0.802754,0.92986,-0.000259328,0.367915,-0.179072,-0.873876,0.451967,0.321394,-0.486149,-0.812628
0.907818,0.841094,0.942774,0.92986,-0.126078,0.345638,-0.179072,-0.975756,0.125827,0.321394,-0.178896,-0.929893
0.907818,0.776382,1.06823,0.92986,-0.23669,0.281672,-0.179072,-0.959947,-0.215489,0.321394,0.149935,-0.935
0.907818,0.672665,1.16398,0.92986,-0.318753,0.183733,-0.179072,-0.828353,-0.530815,0.321394,0.460682,-0.827332
0.907818,0.542454,1.21849,0.92986,-0.36237,0.0636323,-0.179072,-0.596848,-0.782116,0.321394,0.715863,-0.619875
0.907818,0.401453,1.22517,0.92986,-0.36228,-0.0641431,-0.179072,-0.293354,-0.939083,0.321394,0.884701,-0.337652
0.907818,0.266669,1.18323,0.92986,-0.318494,-0.184182,-0.179072,0.0455227,-0.982782,0.321394,0.946831,-0.0147037
0.907818,0.15436,1.09771,0.92986,-0.236292,-0.282006,-0.179072,0.378909,-0.907943,0.321394,0.894759,0.310018
0.907818,0.0780707,0.978944,0.92986,-0.125591,-0.345815,-0.179072,0.666593,-0.723593,0.321394,0.734766,0.597348
0.907818,0.0470037,0.841246,0.92986,0.000259328,-0.367915,-0.179072,0.873876,-0.451967,0.321394,0.486149,0.812628
0.907818,0.0649058,0.701226,0.92986,0.126078,-0.345638,-0.179072,0.975756,-0.125827,0.321394,0.178896,0.929893
0.907818,0.129618,0.575774,0.92986,0.23669,-0.281672,-0.179072,0.959947,0.215489,0.321394,-0.149935,0.935
0.809114,0.141523,0.631482,0.796489,0.173075,-0.579353,-0.0275851,0.967562,0.251124,0.604023,-0.184036,0.775427
0.809114,0.225468,0.53644,0.796489,0.360788,-0.485218,-0.0275851,0.823321,0.566905,0.604023,-0.438149,0.665719
0.809114,0.336857,0.475841,0.796489,0.504984,-0.33256,-0.0275851,0.579776,0.814309,0.604023,-0.639415,0.475715
0.809114,0.462255,0.456994,0.796489,0.588272,-0.139789,-0.0275851,0.266301,0.963495,0.604023,-0.763558,0.228333
0.809114,0.586537,0.482172,0.796489,0.600605,0.0698419,-0.0275851,-0.0792936,0.99647,0.604023,-0.795604,-0.0465888
0.809114,0.694711,0.548338,0.796489,0.540497,0.271049,-0.0275851,-0.415324,0.909255,0.604023,-0.731689,-0.315892
0.809114,0.773732,0.647512,0.796489,0.415197,0.439564,-0.0275851,-0.701261,0.712371,0.604023,-0.579521,-0.547094
0.809114,0.814068,0.767732,0.796489,0.239818,0.55506,-0.0275851,-0.902615,0.429565,0.604023,-0.357455,-0.712308
0.809114,0.810854,0.894497,0.796489,0.0355131,0.603609,-0.0275851,-0.9951,0.0949462,0.604023,-0.0922742,-0.791607
0.809114,0.764477,1.01252,0.796489,-0.173075,0.579353,-0.0275851,-0.967562,-0.251124,0.604023,0.184036,-0.775427
0.809114,0.680532,1.10756,0.796489,-0.360788,0.485218,-0.0275851,-0.823321,-0.566905,0.604023,0.438149,-0.665719
0.809114,0.569143,1.16816,0.796489,-0.504984,0.33256,-0.0275851,-0.579776,-0.814309,0.604023,0.639415,-0.475715
0.809114,0.443745,1.18701,0.796489,-0.588272,0.139789,-0.0275851,-0.266301,-0.963495,0.604023,0.763558,-0.228333
0.809114,0.319463,1.16183,0.796489,-0.600605,-0.0698419,-0.0275851,0.0792936,-0.99647,0.604023,0.795604,0.0465888
0.809114,0.211289,1.09566,0.796489,-0.540497,-0.271049,-0.0275851,0.415324,-0.909255,0.604023,0.731689,0.315892
0.809114,0.132268,0.996488,0.796489,-0.415197,-0.439564,-0.0275851,0.701261,-0.712371,0.604023,0.579521,0.547094
0.809114,0.0919317,0.876268,0.796489,-0.239818,-0.55506,-0.0275851,0.902615,-0.429565,0.604023,0.357455,0.712308
0.809114,0.0951459,0.749503,0.796489,-0.0355131,-0.603609,-0.0275851,0.9951,-0.0949462,0.604023,0.0922742,0.791607
0.809114,0.141523,0.631482,0.796489,0.173075,-0.579353,-0.0275851,0.967562,0.251124,0.604023,-0.184036,0.775427
0.735846,0.159765,0.716843,0.567051,0.122829,-0.814473,0.127229,0.96389,0.233942,0.813797,-0.236282,0.530947
0.735846,0.213415,0.622892,0.567051,0.393988,-0.723344,0.127229,0.825747,0.549503,0.813797,-0.403627,0.418114
0.735846,0.295962,0.552957,0.567051,0.617626,-0.544969,0.127229,0.588007,0.798787,0.813797,-0.522289,0.25485
0.735846,0.397451,0.515472,0.567051,0.766769,-0.300863,0.127229,0.279345,0.951724,0.813797,-0.577955,0.0608475
0.735846,0.50564,0.514959,0.567051,0.823428,-0.0204684,0.127229,-0.0630102,0.98987,0.813797,-0.563911,-0.140494
0.735846,0.607479,0.55148,0.567051,0.78077,0.262395,0.127229,-0.397766,0.908623,0.813797,-0.481851,-0.32489
0.735846,0.690686,0.620629,0.567051,0.64394,0.51361,0.127229,-0.684545,0.717782,0.813797,-0.341673,-0.4701
0.735846,0.745225,0.714067,0.567051,0.42944,0.702876,0.127229,-0.888758,0.440366,0.813797,-0.160284,-0.558608
0.735846,0.764517,0.820523,0.567051,0.163144,0.807364,0.127229,-0.985773,0.109836,0.813797,0.0404377,-0.57974
0.735846,0.746235,0.927157,0.567051,-0.122829,0.814473,0.127229,-0.96389,-0.233942,0.813797,0.236282,-0.530947
0.735846,0.692585,1.02111,0.567051,-0.393988,0.723344,0.127229,-0.825747,-0.549503,0.813797,0.403627,-0.418114
0.735846,0.610038,1.09104,0.567051,-0.617626,0.544969,0.127229,-0.588007,-0.798787,0.813797,0.522289,-0.25485
0.735846,0.508549,1.12853,0.567051,-0.766769,0.300863,0.127229,-0.279345,-0.951724,0.813797,0.577955,-0.0608475
0.735846,0.40036,1.12904,0.567051,-0.823428,0.0204684,0.127229,0.0630102,-0.98987,0.813797,0.563911,0.140494
0.735846,0.298521,1.09252,0.567051,-0.78077,-0.262395,0.127229,0.397766,-0.908623,0.813797,0.481851,0.32489
0.735846,0.215314,1.02337,0.567051,-0.64394,-0.51361,0.127229,0.684545,-0.717782,0.813797,0.341673,0.4701
0.735846,0.160775,0.929933,0.567051,-0.42944,-0.702876,0.127229,0.888758,-0.440366,0.813797,0.160284,0.558608
0.735846,0.141483,0.823477,0.567051,-0.163144,-0.807364,0.127229,0.985773,-0.109836,0.813797,-0.0404377,0.57974
0.735846,0.159765,0.716843,0.567051,0.122829,-0.814473,0.127229,0.96389,0.233942,0.813797,-0.236282,0.530947
0.696852,0.182143,0.821562,0.269218,0.0920135,-0.958674,0.266698,0.949374,0.166016,0.925416,-0.300371,0.231049
0.696852,0.198628,0.72895,0.269218,0.41435,-0.869388,0.266698,0.835339,0.480709,0.925416,-0.361279,0.114382
0.696852,0.245793,0.647561,0.269218,0.68671,-0.675242,0.266698,0.62055,0.737421,0.925416,-0.378612,-0.016081
0.696852,0.317951,0.587212,0.269218,0.876243,-0.399651,0.266698,0.330913,0.90519,0.925416,-0.350279,-0.144604
0.696852,0.406397,0.555182,0.269218,0.960087,-0.0758564,0.266698,0.0013634,0.963779,0.925416,-0.279697,-0.255686
0.696852,0.500465,0.555334,0.269218,0.928131,0.257088,0.266698,-0.328351,0.906123,0.925416,-0.17538,-0.335929
0.696852,0.588808,0.58765,0.269218,0.784229,0.559023,0.266698,-0.618461,0.739174,0.925416,-0.0499086,-0.375653
0.696852,0.66077,0.648232,0.269218,0.545737,0.793532,0.266698,-0.833976,0.48307,0.925416,0.0815821,-0.370068
0.696852,0.707672,0.729773,0.269218,0.241421,0.932329,0.266698,-0.9489,0.168701,0.925416,0.203233,-0.319847
0.696852,0.723857,0.822438,0.269218,-0.0920135,0.958674,0.266698,-0.949374,-0.166016,0.925416,0.300371,-0.231049
0.696852,0.707372,0.91505,0.269218,-0.41435,0.869388,0.266698,-0.835339,-0.480709,0.925416,0.361279,-0.114382
0.696852,0.660207,0.996439,0.269218,-0.68671,0.675242,0.266698,-0.62055,-0.737421,0.925416,0.378612,0.016081
0.696852,0.588049,1.05679,0.269218,-0.876243,0.399651,0.266698,-0.330913,-0.90519,0.925416,0.350279,0.144604
0.696852,0.499603,1.08882,0.269218,-0.960087,0.0758564,0.266698,-0.0013634,-0.963779,0.925416,0.279697,0.255686
0.696852,0.405535,1.08867,0.269218,-0.928131,-0.257088,0.266698,0.328351,-0.906123,0.925416,0.17538,0.335929
0.696852,0.317192,1.05635,0.269218,-0.784229,-0.559023,0.266698,0.618461,-0.739174,0.925416,0.0499086,0.375653
0.696852,0.24523,0.995768,0.269218,-0.545737,-0.793532,0.266698,0.833976,-0.48307,0.925416,-0.0815821,0.370068
0.696852,0.198328,0.914227,0.269218,-0.241421,-0.932329,0.266698,0.9489,-0.168701,0.925416,-0.203233,0.319847
0.696852,0.182143,0.821562,0.269218,0.0920135,-0.958674,0.266698,0.949374,0.166016,0.925416,-0.300371,0.231049
0.696834,0.205959,0.933008,-0.061087,0.084344,-0.994562,0.373999,0.925765,0.0555382,0.925415,-0.368572,-0.0880968
0.696834,0.182891,0.841821,-0.061087,0.419418,-0.905736,0.373999,0.850939,0.368819,0.925415,-0.316214,-0.208843
0.696834,0.192401,0.748243,-0.061087,0.703904,-0.707664,0.373999,0.673478,0.637615,0.925415,-0.225715,-0.3044
0.696834,0.233344,0.663561,-0.061087,0.903488,-0.424237,0.373999,0.414785,0.829505,0.925415,-0.107992,-0.363241
0.696834,0.30078,0.597989,-0.061087,0.994099,-0.0896413,0.373999,0.106063,0.921344,0.925415,0.0227564,-0.378271
0.696834,0.386576,0.559436,-0.061087,0.964807,0.255767,0.373999,-0.215452,0.902056,0.925415,0.15076,-0.347675
0.696834,0.480384,0.552552,-0.061087,0.819144,0.570325,0.373999,-0.51098,0.773967,0.925415,0.26058,-0.275145
0.696834,0.570889,0.578168,-0.061087,0.574681,0.816094,0.373999,-0.744876,0.552525,0.925415,0.33897,-0.169428
0.696834,0.647175,0.633193,-0.061087,0.260903,0.96343,0.373999,-0.88893,0.264441,0.925415,0.376476,-0.0432753
0.696834,0.700041,0.710992,-0.061087,-0.084344,0.994562,0.373999,-0.925765,-0.0555382,0.925415,0.368572,0.0880968
0.696834,0.723109,0.802179,-0.061087,-0.419418,0.905736,0.373999,-0.850939,-0.368819,0.925415,0.316214,0.208843
0.696834,0.713599,0.895757,-0.061087,-0.703904,0.707664,0.373999,-0.673478,-0.637615,0.925415,0.225715,0.3044
0.696834,0.672656,0.980439,-0.061087,-0.903488,0.424237,0.373999,-0.414785,-0.829505,0.925415,0.107992,0.363241
0.696834,0.60522,1.04601,-0.061087,-0.994099,0.0896413,0.373999,-0.106063,-0.921344,0.925415,-0.0227564,0.378271
0.696834,0.519424,1.08456,-0.061087,-0.964807,-0.255767,0.373999,0.215452,-0.902056,0.925415,-0.15076,0.347675
0.696834,0.425616,1.09145,-0.061087,-0.819144,-0.570325,0.373999,0.51098,-0.773967,0.925415,-0.26058,0.275145
0.696834,0.335111,1.06583,-0.061087,-0.574681,-0.816094,0.373999,0.744876,-0.552525,0.925415,-0.33897,0.169428
0.696834,0.258825,1.01081,-0.061087,-0.260903,-0.96343,0.373999,0.88893,-0.264441,0.925415,-0.376476,0.0432753
0.696834,0.205959,0.933008,-0.061087,0.084344,-0.994562,0.373999,0.925765,0.0555382,0.925415,-0.368572,-0.0880968
0.735794,0.228341,1.03774,-0.384024,0.100746,-0.91781,0.43619,0.89591,-0.0841655,0.813796,-0.432661,-0.387995
0.735794,0.168102,0.947891,-0.384024,0.40858,-0.828002,0.43619,0.870666,0.22733,0.813796,-0.273866,-0.512575
0.735794,0.142226,0.842858,-0.384024,0.667133,-0.638325,0.43619,0.740407,0.511405,0.813796,-0.0820392,-0.575331
0.735794,0.153834,0.735309,-0.384024,0.84522,-0.371657,0.43619,0.520844,0.733798,0.813796,0.119683,-0.568693
0.735794,0.201526,0.638217,-0.384024,0.921361,-0.0601606,0.43619,0.23846,0.867684,0.813796,0.30697,-0.493463
0.735794,0.27955,0.563291,-0.384024,0.886372,0.258592,0.43619,-0.0726863,0.896914,0.813796,0.457231,-0.358713
0.735794,0.378494,0.519569,-0.384024,0.744474,0.546154,0.43619,-0.375065,0.817963,0.813796,0.552344,-0.180698
0.735794,0.486424,0.512326,-0.384024,0.512781,0.767842,0.43619,-0.632206,0.640354,0.813796,0.580836,0.0191123
0.735794,0.590323,0.542433,-0.384024,0.219239,0.896917,0.43619,-0.813094,0.385509,0.813796,0.539271,0.216617
0.735794,0.677659,0.60626,-0.384024,-0.100746,0.91781,0.43619,-0.89591,0.0841655,0.813796,0.432661,0.387995
0.735794,0.737898,0.696109,-0.384024,-0.40858,0.828002,0.43619,-0.870666,-0.22733,0.813796,0.273866,0.512575
0.735794,0.763774,0.801142,-0.384024,-0.667133,0.638325,0.43619,-0.740407,-0.511405,0.813796,0.0820392,0.575331
0.735794,0.752166,0.908691,-0.384024,-0.84522,0.371657,0.43619,-0.520844,-0.733798,0.813796,-0.119683,0.568693
0.735794,0.704474,1.00578,-0.384024,-0.921361,0.0601606,0.43619,-0.23846,-0.867684,0.813796,-0.30697,0.493463
0.735794,0.62645,1.08071,-0.384024,-0.886372,-0.258592,0.43619,0.0726863,-0.896914,0.813796,-0.457231,0.358713
0.735794,0.527506,1.12443,-0.384024,-0.744474,-0.546154,0.43619,0.375065,-0.817963,0.813796,-0.552344,0.180698
0.735794,0.419576,1.13167,-0.384024,-0.512781,-0.767842,0.43619,0.632206,-0.640354,0.813796,-0.580836,-0.0191123
0.735794,0.315677,1.10157,-0.384024,-0.219239,-0.896917,0.43619,0.813094,-0.385509,0.813796,-0.539271,-0.216617
0.735794,0.228341,1.03774,-0.384024,0.100746,-0.91781,0.43619,0.89591,-0.0841655,0.813796,-0.432661,-0.387995
0.809034,0.246587,1.12312,-0.660642,0.139241,-0.737675,0.44577,0.86341,-0.236245,0.604021,-0.484907,-0.632474
0.809034,0.156045,1.03437,-0.660642,0.383144,-0.645564,0.44577,0.892141,0.073306,0.604021,-0.239344,-0.760179
0.809034,0.10132,0.919995,-0.660642,0.580833,-0.475589,0.44577,0.813266,0.374015,0.604021,0.0350866,-0.796196
0.809034,0.0890127,0.793803,-0.660642,0.708466,-0.248251,0.44577,0.636299,0.629613,0.604021,0.305286,-0.736179
0.809034,0.120608,0.671013,-0.660642,0.750647,0.0090299,0.44577,0.382586,0.80927,0.604021,0.538663,-0.587368
0.809034,0.192294,0.566434,-0.660642,0.702289,0.265222,0.44577,0.0827263,0.891317,0.604021,0.707069,-0.367712
0.809034,0.295425,0.492679,-0.660642,0.569225,0.489424,0.44577,-0.227111,0.865858,0.604021,0.790192,-0.103704
0.809034,0.417563,0.458646,-0.660642,0.367503,0.654594,0.44577,-0.509555,0.735964,0.604021,0.778007,0.172811
0.809034,0.543974,0.468439,-0.660642,0.121456,0.740811,0.44577,-0.73054,0.517301,0.604021,0.671982,0.428484
0.809034,0.659413,0.520876,-0.660642,-0.139241,0.737675,0.44577,-0.86341,0.236245,0.604021,0.484907,0.632474
0.809034,0.749955,0.609633,-0.660642,-0.383144,0.645564,0.44577,-0.892141,-0.073306,0.604021,0.239344,0.760179
0.809034,0.80468,0.724005,-0.660642,-0.580833,0.475589,0.44577,-0.813266,-0.374015,0.604021,-0.0350866,0.796196
0.809034,0.816987,0.850197,-0.660642,-0.708466,0.248251,0.44577,-0.636299,-0.629613,0.604021,-0.305286,0.736179
0.809034,0.785392,0.972987,-0.660642,-0.750647,-0.0090299,0.44577,-0.382586,-0.80927,0.604021,-0.538663,0.587368
0.809034,0.713706,1.07757,-0.660642,-0.702289,-0.265222,0.44577,-0.0827263,-0.891317,0.604021,-0.707069,0.367712
0.809034,0.610575,1.15132,-0.660642,-0.569225,-0.489424,0.44577,0.227111,-0.865858,0.604021,-0.790192,0.103704
0.809034,0.488437,1.18535,-0.660642,-0.367503,-0.654594,0.44577,0.509555,-0.735964,0.604021,-0.778007,-0.172811
0.809034,0.362026,1.17556,-0.660642,-0.121456,-0.740811,0.44577,0.73054,-0.517301,0.604021,-0.671982,-0.428484
0.809034,0.246587,1.12312,-0.660642,0.139241,-0.737675,0.44577,0.86341,-0.236245,0.604021,-0.484907,-0.632474
0.90772,0.258499,1.17886,-0.857576,0.195186,-0.475883,0.401584,0.832186,-0.382357,0.321392,-0.519008,-0.792047
0.90772,0.148174,1.09082,-0.857576,0.346177,-0.380426,0.401584,0.912773,-0.074674,0.321392,-0.216812,-0.921792
0.90772,0.0746167,0.970349,-0.857576,0.455413,-0.239084,0.401584,0.883266,0.242016,0.321392,0.111535,-0.940355
0.90772,0.0466975,0.831988,-0.857576,0.50972,-0.0689052,0.401584,0.747224,0.529515,0.321392,0.426429,-0.845497
0.90772,0.0677844,0.692422,-0.857576,0.502547,0.109585,0.401584,0.521056,0.753147,0.321392,0.689889,-0.64866
0.90772,0.135334,0.568485,-0.857576,0.43476,0.274857,0.401584,0.232041,0.885939,0.321392,0.870139,-0.373585
0.90772,0.241199,0.475126,-0.857576,0.314534,0.406978,0.401584,-0.0849619,0.911873,0.321392,0.945436,-0.0534504
0.90772,0.37261,0.423605,-0.857576,0.15637,0.490011,0.401584,-0.391717,0.827821,0.321392,0.906701,0.273131
0.90772,0.513717,0.420136,-0.857576,-0.0206537,0.513942,0.401584,-0.651225,0.643923,0.321392,0.758604,0.566769
0.90772,0.647501,0.465138,-0.857576,-0.195186,0.475883,0.401584,-0.832186,0.382357,0.321392,0.519008,0.792047
0.90772,0.757826,0.553182,-0.857576,-0.346177,0.380426,0.401584,-0.912773,0.074674,0.321392,0.216812,0.921792
0.90772,0.831383,0.673651,-0.857576,-0.455413,0.239084,0.401584,-0.883266,-0.242016,0.321392,-0.111535,0.940355
0.90772,0.859302,0.812012,-0.857576,-0.50972,0.0689052,0.401584,-0.747224,-0.529515,0.321392,-0.426429,0.845497
0.90772,0.838216,0.951578,-0.857576,-0.502547,-0.109585,0.401584,-0.521056,-0.753147,0.321392,-0.689889,0.64866
0.90772,0.770666,1.07551,-0.857576,-0.43476,-0.274857,0.401584,-0.232041,-0.885939,0.321392,-0.870139,0.373585
0.90772,0.664801,1.16887,-0.857576,-0.314534,-0.406978,0.401584,0.0849619,-0.911873,0.321392,-0.945436,0.0534504
0.90772,0.53339,1.2204,-0.857576,-0.15637,-0.490011,0.401584,0.391717,-0.827821,0.321392,-0.906701,-0.273131
0.90772,0.392283,1.22386,-0.857576,0.0206537,-0.513942,0.401584,0.651225,-0.643923,0.321392,-0.758604,-0.566769
0.90772,0.258499,1.17886,-0.857576,0.195186,-0.475883,0.401584,0.832186,-0.382357,0.321392,-0.519008,-0.792047
0.883612,0.241089,0.483946,0.961642,0.202472,-0.185067,-0.0812368,0.854614,0.512869,0.262003,-0.478162,0.838281
0.883612,0.36949,0.431856,0.961642,0.253559,-0.104657,-0.0812368,0.627663,0.774235,0.262003,-0.736034,0.624186
0.883612,0.507963,0.426822,0.961642,0.274062,-0.0116229,-0.0812368,0.325007,0.942216,0.262003,-0.90513,0.334804
0.883612,0.639807,0.469453,0.961642,0.261509,0.0828127,-0.0812368,-0.0168504,0.996552,0.262003,-0.965054,0.00504011
0.883612,0.74912,0.554606,0.961642,0.217415,0.16726,-0.0812368,-0.356675,0.93069,0.262003,-0.908578,-0.325332
0.883612,0.822716,0.67201,0.961642,0.147097,0.231533,-0.0812368,-0.65348,0.752572,0.262003,-0.742514,-0.616464
0.883612,0.851719,0.807506,0.961642,0.0590366,0.26788,-0.0812368,-0.871465,0.483683,0.262003,-0.486892,-0.833241
0.883612,0.83263,0.94475,0.961642,-0.036144,0.271916,-0.0812368,-0.984339,0.156455,0.262003,-0.172543,-0.949517
0.883612,0.767753,1.06719,0.961642,-0.126965,0.243156,-0.0812368,-0.978486,-0.189644,0.262003,0.162616,-0.951268
0.883612,0.664911,1.16005,0.961642,-0.202472,0.185067,-0.0812368,-0.854614,-0.512869,0.262003,0.478162,-0.838281
0.883612,0.53651,1.21214,0.961642,-0.253559,0.104657,-0.0812368,-0.627663,-0.774235,0.262003,0.736034,-0.624186
0.883612,0.398037,1.21718,0.961642,-0.274062,0.0116229,-0.0812368,-0.325007,-0.942216,0.262003,0.90513,-0.334804
0.883612,0.266193,1.17455,0.961642,-0.261509,-0.0828127,-0.0812368,0.0168504,-0.996552,0.262003,0.965054,-0.00504011
0.883612,0.15688,1.08939,0.961642,-0.217415,-0.16726,-0.0812368,0.356675,-0.93069,0.262003,0.908578,0.325332
0.883612,0.0832842,0.97199,0.961642,-0.147097,-0.231533,-0.0812368,0.65348,-0.752572,0.262003,0.742514,0.616464
0.883612,0.0542814,0.836494,0.961642,-0.0590366,-0.26788,-0.0812368,0.871465,-0.483683,0.262003,0.486892,0.833241
0.883612,0.0733699,0.69925,0.961642,0.036144,-0.271916,-0.0812368,0.984339,-0.156455,0.262003,0.172543,0.949517
0.883612,0.138247,0.576812,0.961642,0.126965,-0.243156,-0.0812368,0.978486,0.189644,0.262003,-0.162616,0.951268
0.883612,0.241089,0.483946,0.961642,0.202472,-0.185067,-0.0812368,0.854614,0.512869,0.262003,-0.478162,0.838281
0.763622,0.255562,0.551672,0.856221,0.135485,-0.498528,0.156285,0.851849,0.499928,0.492403,-0.505961,0.708196
0.763622,0.359926,0.500447,0.856221,0.297821,-0.422124,0.156285,0.629491,0.761128,0.492403,-0.717666,0.492438
0.763622,0.475517,0.488006,0.856221,0.424235,-0.294806,0.156285,0.331207,0.930525,0.492403,-0.842809,0.217284
0.763622,0.588391,0.51585,0.856221,0.49948,-0.13193,0.156285,-0.00702598,0.987687,0.492403,-0.866297,-0.0840773
0.763622,0.684936,0.580619,0.856221,0.514481,0.0468587,0.156285,-0.344411,0.925719,0.492403,-0.785296,-0.375298
0.763622,0.753505,0.674503,0.856221,0.467427,0.219996,0.156285,-0.640255,0.752096,0.492403,-0.609578,-0.621252
0.763622,0.78583,0.786177,0.856221,0.363995,0.366598,0.156285,-0.858875,0.487759,0.492403,-0.360335,-0.792274
0.763622,0.77801,0.902172,0.856221,0.216659,0.468983,0.156285,-0.973902,0.164591,0.492403,-0.0676309,-0.867736
0.763622,0.730989,1.0085,0.856221,0.0431918,0.514802,0.156285,-0.971462,-0.178429,0.492403,0.233231,-0.838536
0.763622,0.650438,1.09233,0.856221,-0.135485,0.498528,0.156285,-0.851849,-0.499928,0.492403,0.505961,-0.708196
0.763622,0.546074,1.14355,0.856221,-0.297821,0.422124,0.156285,-0.629491,-0.761128,0.492403,0.717666,-0.492438
0.763622,0.430483,1.15599,0.856221,-0.424235,0.294806,0.156285,-0.331207,-0.930525,0.492403,0.842809,-0.217284
0.763622,0.317609,1.12815,0.856221,-0.49948,0.13193,0.156285,0.00702598,-0.987687,0.492403,0.866297,0.0840773
0.763622,0.221064,1.06338,0.856221,-0.514481,-0.0468587,0.156285,0.344411,-0.925719,0.492403,0.785296,0.375298
0.763622,0.152495,0.969497,0.856221,-0.467427,-0.219996,0.156285,0.640255,-0.752096,0.492403,0.609578,0.621252
0.763622,0.12017,0.857823,0.856221,-0.363995,-0.366598,0.156285,0.858875,-0.487759,0.492403,0.360335,0.792274
0.763622,0.12799,0.741828,0.856221,-0.216659,-0.468983,0.156285,0.973902,-0.164591,0.492403,0.0676309,0.867736
0.763622,0.175011,0.635503,0.856221,-0.0431918,-0.514802,0.156285,0.971462,0.178429,0.492403,-0.233231,0.838536
0.763622,0.255562,0.551672,0.856221,0.135485,-0.498528,0.156285,0.851849,0.499928,0.492403,-0.505961,0.708196
0.674556,0.277738,0.655447,0.647527,0.0800735,-0.757824,0.374957,0.832273,0.408324,0.663413,-0.548552,0.508895
0.674556,0.345273,0.605548,0.647527,0.334436,-0.684735,0.374957,0.642426,0.668353,0.663413,-0.689523,0.290589
0.674556,0.4258,0.581757,0.647527,0.54846,-0.529057,0.374957,0.375093,0.847769,0.663413,-0.747327,0.0372334
0.674556,0.509609,0.586942,0.647527,0.696332,-0.309566,0.374957,0.0625175,0.924932,0.663413,-0.714992,-0.220613
0.674556,0.586589,0.620479,0.647527,0.760216,-0.0527378,0.374957,-0.257598,0.890534,0.663413,-0.596419,-0.45185
0.674556,0.647457,0.678323,0.647527,0.732407,0.210452,0.374957,-0.546643,0.748724,0.663413,-0.405908,-0.628587
0.674556,0.68487,0.753496,0.647527,0.616258,0.448258,0.374957,-0.769756,0.516608,0.663413,-0.16644,-0.729508
0.674556,0.694317,0.836931,0.647527,0.42578,0.631997,0.374957,-0.900024,0.22218,0.663413,0.0931042,-0.742439
0.674556,0.674657,0.918566,0.647527,0.183947,0.739509,0.374957,-0.921736,-0.099045,0.663413,0.341418,-0.665821
0.674556,0.628262,0.988553,0.647527,-0.0800735,0.757824,0.374957,-0.832273,-0.408324,0.663413,0.548552,-0.508895
0.674556,0.560727,1.03845,0.647527,-0.334436,0.684735,0.374957,-0.642426,-0.668353,0.663413,0.689523,-0.290589
0.674556,0.4802,1.06224,0.647527,-0.54846,0.529057,0.374957,-0.375093,-0.847769,0.663413,0.747327,-0.0372334
0.674556,0.396391,1.05706,0.647527,-0.696332,0.309566,0.374957,-0.0625175,-0.924932,0.663413,0.714992,0.220613
0.674556,0.319411,1.02352,0.647527,-0.760216,0.0527378,0.374957,0.257598,-0.890534,0.663413,0.596419,0.45185
0.674556,0.258543,0.965677,0.647527,-0.732407,-0.210452,0.374957,0.546643,-0.748724,0.663413,0.405908,0.628587
0.674556,0.22113,0.890504,0.647527,-0.616258,-0.448258,0.374957,0.769756,-0.516608,0.663413,0.16644,0.729508
0.674556,0.211683,0.807069,0.647527,-0.42578,-0.631997,0.374957,0.900024,-0.22218,0.663413,-0.0931042,0.742439
0.674556,0.231343,0.725434,0.647527,-0.183947,-0.739509,0.374957,0.921736,0.099045,0.663413,-0.341418,0.665821
0.674556,0.277738,0.655447,0.647527,0.0800735,-0.757824,0.374957,0.832273,0.408324,0.663413,-0.548552,0.508895
0.627155,0.304944,0.782753,0.360731,0.0429199,-0.931682,0.548404,0.798248,0.249106,0.754404,-0.600798,0.264416
0.627155,0.327296,0.734481,0.360731,0.358985,-0.860815,0.548404,0.664908,0.5071,0.754404,-0.655001,0.0429844
0.627155,0.36481,0.696766,0.360731,0.631752,-0.686121,0.548404,0.451371,0.70393,0.754404,-0.630201,-0.183631
0.627155,0.412961,0.674156,0.360731,0.82832,-0.428671,0.548404,0.183392,0.815856,0.754404,-0.52939,-0.388099
0.627155,0.465942,0.669378,0.360731,0.92498,-0.119517,0.548404,-0.106707,0.829377,0.754404,-0.364726,-0.545755
0.627155,0.517361,0.683008,0.360731,0.910074,0.204053,0.548404,-0.383935,0.742864,0.754404,-0.156071,-0.637586
0.627155,0.561017,0.713403,0.360731,0.7854,0.503011,0.548404,-0.614856,0.56675,0.754404,0.0714084,-0.652514
0.627155,0.591645,0.756897,0.360731,0.565995,0.741298,0.548404,-0.771615,0.322278,0.754404,0.290275,-0.58874
0.627155,0.605551,0.808242,0.360731,0.278322,0.890174,0.548404,-0.835307,0.0389341,0.754404,0.47413,-0.453954
0.627155,0.601056,0.861247,0.360731,-0.0429199,0.931682,0.548404,-0.798248,-0.249106,0.754404,0.600798,-0.264416
0.627155,0.578704,0.909519,0.360731,-0.358985,0.860815,0.548404,-0.664908,-0.5071,0.754404,0.655001,-0.0429844
0.627155,0.54119,0.947234,0.360731,-0.631752,0.686121,0.548404,-0.451371,-0.70393,0.754404,0.630201,0.183631
0.627155,0.493039,0.969844,0.360731,-0.82832,0.428671,0.548404,-0.183392,-0.815856,0.754404,0.52939,0.388099
0.627155,0.440058,0.974622,0.360731,-0.92498,0.119517,0.548404,0.106707,-0.829377,0.754404,0.364726,0.545755
0.627155,0.388639,0.960992,0.360731,-0.910074,-0.204053,0.548404,0.383935,-0.742864,0.754404,0.156071,0.637586
0.627155,0.344983,0.930597,0.360731,-0.7854,-0.503011,0.548404,0.614856,-0.56675,0.754404,-0.0714084,0.652514
0.627155,0.314355,0.887103,0.360731,-0.565995,-0.741298,0.548404,0.771615,-0.322278,0.754404,-0.290275,0.58874
0.627155,0.300449,0.835758,0.360731,-0.278322,-0.890174,0.548404,0.835307,-0.0389341,0.754404,-0.47413,0.453954
0.627155,0.304944,0.782753,0.360731,0.0429199,-0.931682,0.548404,0.798248,0.249106,0.754404,-0.600798,0.264416
0.627137,0.333897,0.918235,0.0304265,0.028506,-0.99913,0.655705,0.753877,0.0414769,0.754404,-0.656397,0.00424638
0.627137,0.308165,0.871696,0.0304265,0.36851,-0.929126,0.655705,0.694227,0.296817,0.754404,-0.618263,-0.220511
0.627137,0.299903,0.819162,0.0304265,0.664066,-0.747055,0.655705,0.550843,0.516356,0.754404,-0.505558,-0.418671
0.627137,0.310106,0.766971,0.0304265,0.879525,-0.474878,0.655705,0.341019,0.673615,0.754404,-0.331876,-0.566333
0.627137,0.337545,0.721417,0.0304265,0.988901,-0.145424,0.655705,0.0900627,0.749627,0.754404,-0.118164,-0.645687
0.627137,0.378909,0.687995,0.0304265,0.979001,0.20157,0.655705,-0.171756,0.735222,0.754404,0.1098,-0.647162
0.627137,0.42921,0.670736,0.0304265,0.851019,0.524252,0.655705,-0.412859,0.632138,0.754404,0.324521,-0.570579
0.627137,0.48238,0.671722,0.0304265,0.620392,0.783702,0.655705,-0.604164,0.45281,0.754404,0.500099,-0.425176
0.627137,0.532006,0.690833,0.0304265,0.314936,0.948625,0.655705,-0.722599,0.218866,0.754404,0.615359,-0.228491
0.627137,0.572103,0.725765,0.0304265,-0.028506,0.99913,0.655705,-0.753877,-0.0414769,0.754404,0.656397,-0.00424638
0.627137,0.597835,0.772304,0.0304265,-0.36851,0.929126,0.655705,-0.694227,-0.296817,0.754404,0.618263,0.220511
0.627137,0.606097,0.824838,0.0304265,-0.664066,0.747055,0.655705,-0.550843,-0.516356,0.754404,0.505558,0.418671
0.627137,0.595894,0.877029,0.0304265,-0.879525,0.474878,0.655705,-0.341019,-0.673615,0.754404,0.331876,0.566333
0.627137,0.568455,0.922583,0.0304265,-0.988901,0.145424,0.655705,-0.0900627,-0.749627,0.754404,0.118164,0.645687
0.627137,0.527091,0.956005,0.0304265,-0.979001,-0.20157,0.655705,0.171756,-0.735222,0.754404,-0.1098,0.647162
0.627137,0.47679,0.973264,0.0304265,-0.851019,-0.524252,0.655705,0.412859,-0.632138,0.754404,-0.324521,0.570579
0.627137,0.42362,0.972278,0.0304265,-0.620392,-0.783702,0.655705,0.604164,-0.45281,0.754404,-0.500099,0.425176
0.627137,0.373994,0.953167,0.0304265,-0.314936,-0.948625,0.655705,0.722599,-0.218866,0.754404,-0.615359,0.228491
0.627137,0.333897,0.918235,0.0304265,0.028506,-0.99913,0.655705,0.753877,0.0414769,0.754404,-0.656397,0.00424638
0.674504,0.361105,1.04555,-0.303548,0.0385703,-0.952035,0.683918,0.704513,-0.189519,0.663411,-0.708642,-0.240233
0.674504,0.290187,1.00064,-0.303548,0.361859,-0.881429,0.683918,0.726845,0.0628681,0.663411,-0.583741,-0.468115
0.674504,0.238907,0.934182,-0.303548,0.641503,-0.704509,0.683918,0.661509,0.307672,0.663411,-0.388433,-0.639535
0.674504,0.21345,0.854193,-0.303548,0.843772,-0.442615,0.683918,0.516385,0.515367,0.663411,-0.146273,-0.733818
0.674504,0.216886,0.77032,-0.303548,0.944269,-0.127335,0.683918,0.308977,0.6609,0.663411,0.113529,-0.739592
0.674504,0.248801,0.692681,-0.303548,0.930874,0.203303,0.683918,0.0643024,0.72672,0.663411,0.359637,-0.65616
0.674504,0.305345,0.63064,-0.303548,0.805201,0.50942,0.683918,-0.188128,0.704886,0.663411,0.562369,-0.493586
0.674504,0.379699,0.591679,-0.303548,0.58241,0.754094,0.683918,-0.417868,0.598032,0.663411,0.69727,-0.271477
0.674504,0.462894,0.580499,-0.303548,0.289371,0.907812,0.683918,-0.597206,0.419047,0.663411,0.74807,-0.016625
0.674504,0.544895,0.598447,-0.303548,-0.0385703,0.952035,0.683918,-0.704513,0.189519,0.663411,0.708642,0.240233
0.674504,0.615813,0.643359,-0.303548,-0.361859,0.881429,0.683918,-0.726845,-0.0628681,0.663411,0.583741,0.468115
0.674504,0.667093,0.709818,-0.303548,-0.641503,0.704509,0.683918,-0.661509,-0.307672,0.663411,0.388433,0.639535
0.674504,0.69255,0.789807,-0.303548,-0.843772,0.442615,0.683918,-0.516385,-0.515367,0.663411,0.146273,0.733818
0.674504,0.689114,0.87368,-0.303548,-0.944269,0.127335,0.683918,-0.308977,-0.6609,0.663411,-0.113529,0.739592
0.674504,0.657199,0.951319,-0.303548,-0.930874,-0.203303,0.683918,-0.0643024,-0.72672,0.663411,-0.359637,0.65616
0.674504,0.600655,1.01336,-0.303548,-0.805201,-0.50942,0.683918,0.188128,-0.704886,0.663411,-0.562369,0.493586
0.674504,0.526301,1.05232,-0.303548,-0.58241,-0.754094,0.683918,0.417868,-0.598032,0.663411,-0.69727,0.271477
0.674504,0.443106,1.0635,-0.303548,-0.289371,-0.907812,0.683918,0.597206,-0.419047,0.663411,-0.74807,0.016625
0.674504,0.361105,1.04555,-0.303548,0.0385703,-0.952035,0.683918,0.704513,-0.189519,0.663411,-0.708642,-0.240233
0.763543,0.383286,1.14935,-0.60091,0.071899,-0.796076,0.629641,0.656109,-0.416021,0.492402,-0.751233,-0.439534
0.763543,0.27553,1.10576,-0.60091,0.339837,-0.723476,0.629641,0.758829,-0.166529,0.492402,-0.555599,-0.669963
0.763543,0.18918,1.02795,-0.60091,0.566786,-0.563614,0.629641,0.770022,0.103049,0.492402,-0.292951,-0.819585
0.763543,0.13465,0.925301,-0.60091,0.725372,-0.335772,0.629641,0.688339,0.360197,0.492402,0.00503075,-0.870354
0.763543,0.118518,0.810189,-0.60091,0.796467,-0.0674305,0.629641,0.523633,0.5739,0.492402,0.302406,-0.816144
0.763543,0.142729,0.696502,-0.60091,0.771497,0.209044,0.629641,0.295768,0.718383,0.492402,0.563306,-0.663496
0.763543,0.204363,0.597951,-0.60091,0.653473,0.460304,0.629641,0.0322297,0.776218,0.492402,0.756264,-0.43082
0.763543,0.295987,0.526424,-0.60091,0.45663,0.656045,0.629641,-0.235196,0.740429,0.492402,0.858005,-0.146181
0.763543,0.406549,0.490548,-0.60091,0.204711,0.772658,0.629641,-0.474254,0.615334,0.492402,0.856257,0.15609
0.763543,0.522714,0.49465,-0.60091,-0.071899,0.796076,0.629641,-0.656109,0.416021,0.492402,0.751233,0.439534
0.763543,0.63047,0.538235,-0.60091,-0.339837,0.723476,0.629641,-0.758829,0.166529,0.492402,0.555599,0.669963
0.763543,0.71682,0.616046,-0.60091,-0.566786,0.563614,0.629641,-0.770022,-0.103049,0.492402,0.292951,0.819585
0.763543,0.77135,0.718699,-0.60091,-0.725372,0.335772,0.629641,-0.688339,-0.360197,0.492402,-0.00503075,0.870354
0.763543,0.787482,0.833811,-0.60091,-0.796467,0.0674305,0.629641,-0.523633,-0.5739,0.492402,-0.302406,0.816144
0.763543,0.763271,0.947498,-0.60091,-0.771497,-0.209044,0.629641,-0.295768,-0.718383,0.492402,-0.563306,0.663496
0.763543,0.701637,1.04605,-0.60091,-0.653473,-0.460304,0.629641,-0.0322297,-0.776218,0.492402,-0.756264,0.43082
0.763543,0.610013,1.11758,-0.60091,-0.45663,-0.656045,0.629641,0.235196,-0.740429,0.492402,-0.858005,0.146181
0.763543,0.499451,1.15345,-0.60091,-0.204711,-0.772658,0.629641,0.474254,-0.615334,0.492402,-0.856257,-0.15609
0.763543,0.383286,1.14935,-0.60091,0.071899,-0.796076,0.629641,0.656109,-0.416021,0.492402,-0.751233,-0.439534
0.883514,0.397766,1.21711,-0.825794,0.124472,-0.550064,0.499419,0.614504,-0.610708,0.262001,-0.779032,-0.569618
0.883514,0.265963,1.17439,-0.825794,0.305099,-0.474319,0.499419,0.78632,-0.363705,0.262001,-0.53723,-0.80171
0.883514,0.156719,1.08917,-0.825794,0.448926,-0.341365,0.499419,0.863293,-0.072834,0.262001,-0.23063,-0.937105
0.883514,0.0832107,0.971719,-0.825794,0.538606,-0.167236,0.499419,0.836141,0.226822,0.262001,0.103787,-0.959471
0.883514,0.0543048,0.836215,-0.825794,0.563322,0.0270634,0.499419,0.708138,0.49912,0.262001,0.425687,-0.86611
0.883514,0.0734873,0.698996,-0.825794,0.520093,0.218099,0.499419,0.494723,0.711217,0.262001,0.696242,-0.668284
0.883514,0.138445,0.576613,-0.825794,0.414134,0.382828,0.499419,0.221637,0.837531,0.262001,0.88282,-0.389853
0.883514,0.241342,0.483827,-0.825794,0.258223,0.501383,0.499419,-0.0781819,0.862826,0.262001,0.962917,-0.0643996
0.883514,0.369769,0.43183,-0.825794,0.0711676,0.559463,0.499419,-0.368571,0.784051,0.262001,0.926872,0.268821
0.883514,0.508234,0.426893,-0.825794,-0.124472,0.550064,0.499419,-0.614504,0.610708,0.262001,0.779032,0.569618
0.883514,0.640037,0.469612,-0.825794,-0.305099,0.474319,0.499419,-0.78632,0.363705,0.262001,0.53723,0.80171
0.883514,0.749281,0.554835,-0.825794,-0.448926,0.341365,0.499419,-0.863293,0.072834,0.262001,0.23063,0.937105
0.883514,0.822789,0.672281,-0.825794,-0.538606,0.167236,0.499419,-0.836141,-0.226822,0.262001,-0.103787,0.959471
0.883514,0.851695,0.807785,-0.825794,-0.563322,-0.0270634,0.499419,-0.708138,-0.49912,0.262001,-0.425687,0.86611
0.883514,0.832513,0.945004,-0.825794,-0.520093,-0.218099,0.499419,-0.494723,-0.711217,0.262001,-0.696242,0.668284
0.883514,0.767555,1.06739,-0.825794,-0.414134,-0.382828,0.499419,-0.221637,-0.837531,0.262001,-0.88282,0.389853
0.883514,0.664658,1.16017,-0.825794,-0.258223,-0.501383,0.499419,0.0781819,-0.862826,0.262001,-0.962917,0.0643996
0.883514,0.536231,1.21217,-0.825794,-0.0711676,-0.559463,0.499419,0.368571,-0.784051,0.262001,-0.926872,-0.268821
0.883514,0.397766,1.21711,-0.825794,0.124472,-0.550064,0.499419,0.614504,-0.610708,0.262001,-0.779032,-0.569618
0.875863,0.378119,0.432891,0.985232,0.135635,-0.104508,-0.00862081,0.648867,0.760853,0.17101,-0.748716,0.640453
0.875863,0.515718,0.430747,0.985232,0.163199,-0.0518158,-0.00862081,0.349508,0.936894,0.17101,-0.92261,0.345753
0.875863,0.645752,0.475793,0.985232,0.171079,0.0071264,-0.00862081,0.00799386,0.999931,0.17101,-0.985225,0.00935065
0.875863,0.752537,0.562596,0.985232,0.158324,0.0652091,-0.00862081,-0.334485,0.942362,0.17101,-0.929007,-0.32818
0.875863,0.823194,0.680688,0.985232,0.126473,0.115427,-0.00862081,-0.63662,0.77113,0.17101,-0.760737,-0.626127
0.875863,0.8492,0.815824,0.985232,0.0793678,0.151722,-0.00862081,-0.861969,0.506888,0.17101,-0.50071,-0.848554
0.875863,0.827419,0.951705,0.985232,0.0226894,0.169717,-0.00862081,-0.983352,0.181509,0.17101,-0.180291,-0.968633
0.875863,0.760477,1.07194,0.985232,-0.0367257,0.167242,-0.00862081,-0.986128,-0.165764,0.17101,0.161874,-0.971881
0.875863,0.656448,1.16203,0.985232,-0.0917111,0.144595,-0.00862081,-0.869962,-0.493043,0.17101,0.484515,-0.857905
0.875863,0.527881,1.21111,0.985232,-0.135635,0.104508,-0.00862081,-0.648867,-0.760853,0.17101,0.748716,-0.640453
0.875863,0.390282,1.21325,0.985232,-0.163199,0.0518158,-0.00862081,-0.349508,-0.936894,0.17101,0.92261,-0.345753
0.875863,0.260248,1.16821,0.985232,-0.171079,-0.0071264,-0.00862081,-0.00799386,-0.999931,0.17101,0.985225,-0.00935065
0.875863,0.153463,1.0814,0.985232,-0.158324,-0.0652091,-0.00862081,0.334485,-0.942362,0.17101,0.929007,0.32818
0.875863,0.0828058,0.963312,0.985232,-0.126473,-0.115427,-0.00862081,0.63662,-0.77113,0.17101,0.760737,0.626127
0.875863,0.0567998,0.828176,0.985232,-0.0793678,-0.151722,-0.00862081,0.861969,-0.506888,0.17101,0.50071,0.848554
0.875863,0.0785813,0.692295,0.985232,-0.0226894,-0.169717,-0.00862081,0.983352,-0.181509,0.17101,0.180291,0.968633
0.875863,0.145523,0.572058,0.985232,0.0367257,-0.167242,-0.00862081,0.986128,0.165764,0.17101,-0.161874,0.971881
0.875863,0.249552,0.481968,0.985232,0.0917111,-0.144595,-0.00862081,0.869962,0.493043,0.17101,-0.484515,0.857905
0.875863,0.378119,0.432891,0.985232,0.135635,-0.104508,-0.00862081,0.648867,0.760853,0.17101,-0.748716,0.640453
0.749059,0.393414,0.504465,0.900555,0.0661449,-0.429681,0.292759,0.638397,0.711858,0.321393,-0.76686,0.555547
0.749059,0.505611,0.503235,0.900555,0.209115,-0.381145,0.292759,0.356427,0.887272,0.321393,-0.910621,0.259761
0.749059,0.611462,0.540453,0.900555,0.326864,-0.286638,0.292759,0.0314665,0.955668,0.321393,-0.944548,-0.0673549
0.749059,0.6982,0.611629,0.900555,0.405187,-0.157557,0.292759,-0.297289,0.908797,0.321393,-0.864548,-0.386347
0.749059,0.755364,0.70818,0.900555,0.434639,-0.00947334,0.292759,-0.590187,0.752311,0.321393,-0.68027,-0.65874
0.749059,0.776058,0.818459,0.900555,0.411667,0.139753,0.292759,-0.8119,0.505085,0.321393,-0.413943,-0.85168
0.749059,0.757787,0.929165,0.900555,0.339042,0.272124,0.292759,-0.935686,0.196939,0.321393,-0.0976873,-0.941894
0.749059,0.702753,1.02694,0.900555,0.225524,0.371672,0.292759,-0.946614,-0.134962,0.321393,0.230351,-0.918502
0.749059,0.617596,1.10001,0.900555,0.0848037,0.426391,0.292759,-0.843366,-0.450583,0.321393,0.530605,-0.784325
0.749059,0.512586,1.13954,0.900555,-0.0661449,0.429681,0.292759,-0.638397,-0.711858,0.321393,0.76686,-0.555547
0.749059,0.400389,1.14077,0.900555,-0.209115,0.381145,0.292759,-0.356427,-0.887272,0.321393,0.910621,-0.259761
0.749059,0.294538,1.10355,0.900555,-0.326864,0.286638,0.292759,-0.0314665,-0.955668,0.321393,0.944548,0.0673549
0.749059,0.2078,1.03237,0.900555,-0.405187,0.157557,0.292759,0.297289,-0.908797,0.321393,0.864548,0.386347
0.749059,0.150636,0.93582,0.900555,-0.434639,0.00947334,0.292759,0.590187,-0.752311,0.321393,0.68027,0.65874
0.749059,0.129942,0.825541,0.900555,-0.411667,-0.139753,0.292759,0.8119,-0.505085,0.321393,0.413943,0.85168
0.749059,0.148213,0.714835,0.900555,-0.339042,-0.272124,0.292759,0.935686,-0.196939,0.321393,0.0976873,0.941894
0.749059,0.203247,0.617055,0.900555,-0.225524,-0.371672,0.292759,0.946614,0.134962,0.321393,-0.230351,0.918502
0.749059,0.288404,0.543994,0.900555,-0.0848037,-0.426391,0.292759,0.843366,0.450583,0.321393,-0.530605,0.784325
0.749059,0.393414,0.504465,0.900555,0.0661449,-0.429681,0.292759,0.638397,0.711858,0.321393,-0.76686,0.555547
0.654934,0.41685,0.614134,0.707258,0.00689812,-0.706922,0.558827,0.607016,0.565016,0.433011,-0.79466,0.425462
0.654934,0.490125,0.614306,0.707258,0.248264,-0.66193,0.558827,0.377162,0.738553,0.433011,-0.892252,0.128014
0.654934,0.558922,0.639529,0.707258,0.459685,-0.5371,0.558827,0.101816,0.82301,0.433011,-0.882226,-0.184874
0.654934,0.614943,0.68676,0.707258,0.615661,-0.347487,0.558827,-0.18581,0.8082,0.433011,-0.765791,-0.475464
0.654934,0.651431,0.750304,0.707258,0.69738,-0.115962,0.558827,-0.451025,0.695908,0.433011,-0.55699,-0.708706
0.654934,0.663986,0.822495,0.707258,0.694984,0.129549,0.558827,-0.66184,0.49968,0.433011,-0.281007,-0.856468
0.654934,0.651092,0.894627,0.707258,0.608763,0.359435,0.558827,-0.792826,0.243183,0.433011,0.0288687,-0.900926
0.654934,0.614306,0.957998,0.707258,0.449116,0.545968,0.558827,-0.828187,-0.042645,0.433011,0.335263,-0.83672
0.654934,0.558064,1.00497,0.707258,0.235299,0.666649,0.558827,-0.763656,-0.32333,0.433011,0.601219,-0.671593
0.654934,0.48915,1.02987,0.707258,-0.00689812,0.706922,0.558827,-0.607016,-0.565016,0.433011,0.79466,-0.425462
0.654934,0.415875,1.02969,0.707258,-0.248264,0.66193,0.558827,-0.377162,-0.738553,0.433011,0.892252,-0.128014
0.654934,0.347078,1.00447,0.707258,-0.459685,0.5371,0.558827,-0.101816,-0.82301,0.433011,0.882226,0.184874
0.654934,0.291057,0.95724,0.707258,-0.615661,0.347487,0.558827,0.18581,-0.8082,0.433011,0.765791,0.475464
0.654934,0.254569,0.893696,0.707258,-0.69738,0.115962,0.558827,0.451025,-0.695908,0.433011,0.55699,0.708706
0.654934,0.242014,0.821505,0.707258,-0.694984,-0.129549,0.558827,0.66184,-0.49968,0.433011,0.281007,0.856468
0.654934,0.254908,0.749373,0.707258,-0.608763,-0.359435,0.558827,0.792826,-0.243183,0.433011,-0.0288687,0.900926
0.654934,0.291694,0.686002,0.707258,-0.449116,-0.545968,0.558827,0.828187,0.042645,0.433011,-0.335263,0.83672
