0.658953,0.217097,0.868652,0.308961,0.0855918,0.947216,0.951075,-0.0278012,-0.307707,-3.49349e-06,0.995942,-0.0899937
0.907818,0.142538,0.56571,0.92986,0.268812,-0.2512,-0.179072,0.927109,0.329245,0.321394,-0.261168,0.910218
0.907818,0.257006,0.483108,0.92986,0.338516,-0.144111,-0.179072,0.758589,0.626479,0.321394,-0.556731,0.766
0.907818,0.392823,0.444639,0.92986,0.36739,-0.019641,-0.179072,0.498572,0.84815,0.321394,-0.785143,0.529392
0.907818,0.533606,0.454941,0.92986,0.351951,0.107198,-0.179072,0.17842,0.967522,0.321394,-0.918856,0.228931
0.907818,0.662375,0.512773,0.92986,0.294062,0.221108,-0.179072,-0.163252,0.970197,0.321394,-0.941741,-0.0991429
0.907818,0.763598,0.611159,0.92986,0.200705,0.308349,-0.179072,-0.485233,0.855851,0.321394,-0.851038,-0.415258
0.907818,0.825067,0.738232,0.92986,0.0831393,0.358398,-0.179072,-0.748689,0.638278,0.321394,-0.657688,-0.681287
0.907818,0.839368,0.878665,0.92986,-0.044454,0.365219,-0.179072,-0.921841,0.343718,0.321394,-0.38501,-0.865143
0.907818,0.804776,1.01552,0.92986,-0.166685,0.32799,-0.179072,-0.983806,0.00770126,0.321394,-0.0658949,-0.94465
0.907818,0.725462,1.13229,0.92986,-0.268812,0.2512,-0.179072,-0.927109,-0.329245,0.321394,0.261168,-0.910218
0.907818,0.610994,1.21489,0.92986,-0.338516,0.144111,-0.179072,-0.758589,-0.626479,0.321394,0.556731,-0.766
0.907818,0.475177,1.25336,0.92986,-0.36739,0.019641,-0.179072,-0.498572,-0.84815,0.321394,0.785143,-0.529392
0.907818,0.334394,1.24306,0.92986,-0.351951,-0.107198,-0.179072,-0.17842,-0.967522,0.321394,0.918856,-0.228931
0.907818,0.205625,1.18523,0.92986,-0.294062,-0.221108,-0.179072,0.163252,-0.970197,0.321394,0.941741,0.0991429
0.907818,0.104402,1.08684,0.92986,-0.200705,-0.308349,-0.179072,0.485233,-0.855851,0.321394,0.851038,0.415258
0.907818,0.0429325,0.959768,0.92986,-0.0831393,-0.358398,-0.179072,0.748689,-0.638278,0.321394,0.657688,0.681287
0.907818,0.0286318,0.819335,0.92986,0.044454,-0.365219,-0.179072,0.921841,-0.343718,0.321394,0.38501,0.865143
0.907818,0.0632244,0.68248,0.92986,0.166685,-0.32799,-0.179072,0.983806,-0.00770126,0.321394,0.0658949,0.94465
0.907818,0.142538,0.56571,0.92986,0.268812,-0.2512,-0.179072,0.927109,0.329245,0.321394,-0.261168,0.910218
0.809114,0.147665,0.622444,0.796489,0.241418,-0.554366,-0.0275851,0.930388,0.365536,0.604023,-0.275853,0.747704
0.809114,0.242419,0.538175,0.796489,0.416463,-0.438364,-0.0275851,0.749258,0.661703,0.604023,-0.514947,0.608265
0.809114,0.360282,0.491395,0.796489,0.541276,-0.269489,-0.0275851,0.477757,0.878059,0.604023,-0.691931,0.395459
0.809114,0.487035,0.487749,0.796489,0.600804,-0.0681095,-0.0275851,0.148631,0.988508,0.604023,-0.785457,0.134956
0.809114,0.607392,0.527674,0.796489,0.587866,0.141485,-0.0275851,-0.198422,0.979728,0.604023,-0.784246,-0.141825
0.809114,0.706835,0.606356,0.796489,0.504023,0.334015,-0.0275851,-0.521543,0.852779,0.604023,-0.688443,-0.4015
0.809114,0.773371,0.714304,0.796489,0.359387,0.486257,-0.0275851,-0.781758,0.622972,0.604023,-0.509604,-0.612748
0.809114,0.798973,0.838499,0.796489,0.171403,0.57985,-0.0275851,-0.947681,0.318025,0.604023,-0.269299,-0.75009
0.809114,0.780554,0.96396,0.796489,-0.0372538,0.603504,-0.0275851,-0.9993,-0.0252799,0.604023,0.00348748,-0.796959
0.809114,0.720335,1.07556,0.796489,-0.241418,0.554366,-0.0275851,-0.930388,-0.365536,0.604023,0.275853,-0.747704
0.809114,0.625581,1.15983,0.796489,-0.416463,0.438364,-0.0275851,-0.749258,-0.661703,0.604023,0.514947,-0.608265
0.809114,0.507718,1.2066,0.796489,-0.541276,0.269489,-0.0275851,-0.477757,-0.878059,0.604023,0.691931,-0.395459
0.809114,0.380965,1.21025,0.796489,-0.600804,0.0681095,-0.0275851,-0.148631,-0.988508,0.604023,0.785457,-0.134956
0.809114,0.260608,1.17033,0.796489,-0.587866,-0.141485,-0.0275851,0.198422,-0.979728,0.604023,0.784246,0.141825
0.809114,0.161165,1.09164,0.796489,-0.504023,-0.334015,-0.0275851,0.521543,-0.852779,0.604023,0.688443,0.4015
0.809114,0.0946294,0.983696,0.796489,-0.359387,-0.486257,-0.0275851,0.781758,-0.622972,0.604023,0.509604,0.612748
0.809114,0.0690272,0.859501,0.796489,-0.171403,-0.57985,-0.0275851,0.947681,-0.318025,0.604023,0.269299,0.75009
0.809114,0.0874462,0.73404,0.796489,0.0372538,-0.603504,-0.0275851,0.9993,0.0252799,0.604023,-0.00348748,0.796959
0.809114,0.147665,0.622444,0.796489,0.241418,-0.554366,-0.0275851,0.930388,0.365536,0.604023,-0.275853,0.747704
0.735846,0.15552,0.709379,0.567051,0.21978,-0.79382,0.127229,0.928807,0.348037,0.813797,-0.298352,0.498719
0.735846,0.220068,0.622553,0.567051,0.478028,-0.670777,0.127229,0.753757,0.644719,0.813797,-0.450931,0.3666
0.735846,0.310419,0.563041,0.567051,0.678619,-0.466829,0.127229,0.487793,0.863638,0.813797,-0.549121,0.190264
0.735846,0.415675,0.538019,0.567051,0.797358,-0.206575,0.127229,0.162994,0.978389,0.813797,-0.581079,-0.00902115
0.735846,0.523142,0.550506,0.567051,0.819924,0.0785959,0.127229,-0.181464,0.975133,0.813797,-0.54295,-0.207218
0.735846,0.619857,0.598996,0.567051,0.743595,0.354287,0.127229,-0.504036,0.85426,0.813797,-0.439334,-0.380421
0.735846,0.694155,0.67764,0.567051,0.577578,0.587245,0.127229,-0.765813,0.630352,0.813797,-0.282727,-0.50774
0.735846,0.737075,0.776953,0.567051,0.341896,0.749373,0.127229,-0.935222,0.330414,0.813797,-0.0920192,-0.573818
0.735846,0.743439,0.884955,0.567051,0.0649765,0.821116,0.127229,-0.991829,-0.00937733,0.813797,0.109787,-0.570685
0.735846,0.71248,0.988621,0.567051,-0.21978,0.79382,0.127229,-0.928807,-0.348037,0.813797,0.298352,-0.498719
0.735846,0.647932,1.07545,0.567051,-0.478028,0.670777,0.127229,-0.753757,-0.644719,0.813797,0.450931,-0.3666
0.735846,0.557581,1.13496,0.567051,-0.678619,0.466829,0.127229,-0.487793,-0.863638,0.813797,0.549121,-0.190264
0.735846,0.452325,1.15998,0.567051,-0.797358,0.206575,0.127229,-0.162994,-0.978389,0.813797,0.581079,0.00902115
0.735846,0.344858,1.14749,0.567051,-0.819924,-0.0785959,0.127229,0.181464,-0.975133,0.813797,0.54295,0.207218
0.735846,0.248143,1.099,0.567051,-0.743595,-0.354287,0.127229,0.504036,-0.85426,0.813797,0.439334,0.380421
0.735846,0.173845,1.02036,0.567051,-0.577578,-0.587245,0.127229,0.765813,-0.630352,0.813797,0.282727,0.50774
0.735846,0.130925,0.921047,0.567051,-0.341896,-0.749373,0.127229,0.935222,-0.330414,0.813797,0.0920192,0.573818
0.735846,0.124561,0.813045,0.567051,-0.0649765,-0.821116,0.127229,0.991829,0.00937733,0.813797,-0.109787,0.570685
0.735846,0.15552,0.709379,0.567051,0.21978,-0.79382,0.127229,0.928807,0.348037,0.813797,-0.298352,0.498719
0.696852,0.165157,0.816028,0.269218,0.20651,-0.940678,0.266698,0.922556,0.278859,0.925416,-0.325951,0.193293
0.696852,0.192647,0.726067,0.269218,0.515787,-0.813318,0.266698,0.771544,0.577575,0.925416,-0.372404,0.0701541
0.696852,0.249248,0.650933,0.269218,0.762852,-0.587859,0.266698,0.527472,0.806626,0.925416,-0.373939,-0.0614462
0.696852,0.328133,0.599689,0.269218,0.917906,-0.291496,0.266698,0.219779,0.938387,0.925416,-0.330372,-0.185635
0.696852,0.419787,0.578516,0.269218,0.962247,0.0400255,0.266698,-0.114422,0.956964,0.925416,-0.246957,-0.287434
0.696852,0.513155,0.589967,0.269218,0.890527,0.36672,0.266698,-0.434823,0.860117,0.925416,-0.133755,-0.354564
0.696852,0.596976,0.632661,0.269218,0.711396,0.649182,0.266698,-0.702777,0.659527,0.925416,-0.0044211,-0.378928
0.696852,0.661139,0.701449,0.269218,0.446461,0.853343,0.266698,-0.885966,0.379389,0.925416,0.125447,-0.357588
0.696852,0.697907,0.788034,0.269218,0.127675,0.954579,0.266698,-0.962295,0.0534909,0.925416,0.240183,-0.293118
0.696852,0.702843,0.881972,0.269218,-0.20651,0.940678,0.266698,-0.922556,-0.278859,0.925416,0.325951,-0.193293
0.696852,0.675353,0.971933,0.269218,-0.515787,0.813318,0.266698,-0.771544,-0.577575,0.925416,0.372404,-0.0701541
0.696852,0.618752,1.04707,0.269218,-0.762852,0.587859,0.266698,-0.527472,-0.806626,0.925416,0.373939,0.0614462
0.696852,0.539867,1.09831,0.269218,-0.917906,0.291496,0.266698,-0.219779,-0.938387,0.925416,0.330372,0.185635
0.696852,0.448213,1.11948,0.269218,-0.962247,-0.0400255,0.266698,0.114422,-0.956964,0.925416,0.246957,0.287434
0.696852,0.354845,1.10803,0.269218,-0.890527,-0.36672,0.266698,0.434823,-0.860117,0.925416,0.133755,0.354564
0.696852,0.271024,1.06534,0.269218,-0.711396,-0.649182,0.266698,0.702777,-0.659527,0.925416,0.0044211,0.378928
0.696852,0.206861,0.996551,0.269218,-0.446461,-0.853343,0.266698,0.885966,-0.379389,0.925416,-0.125447,0.357588
0.696852,0.170093,0.909966,0.269218,-0.127675,-0.954579,0.266698,0.962295,-0.0534909,0.925416,-0.240183,0.293118
0.696852,0.165157,0.816028,0.269218,0.20651,-0.940678,0.266698,0.922556,0.278859,0.925416,-0.325951,0.193293
0.696834,0.175413,0.929528,-0.061087,0.203207,-0.977228,0.373999,0.912389,0.166345,0.925415,-0.355321,-0.131734
0.696834,0.163466,0.83623,-0.061087,0.525184,-0.848793,0.373999,0.800472,0.468369,0.925415,-0.288836,-0.245317
0.696834,0.184148,0.744472,-0.061087,0.783816,-0.617981,0.373999,0.592006,0.713901,0.925415,-0.187514,-0.32931
0.696834,0.234967,0.665321,-0.061087,0.947908,-0.312632,0.373999,0.312135,0.873325,0.925415,-0.063575,-0.373584
0.696834,0.309792,0.608325,-0.061087,0.997669,0.030426,0.373999,-0.00538361,0.927414,0.925415,0.0680322,-0.372798
0.696834,0.399598,0.580358,-0.061087,0.927095,0.369814,0.373999,-0.322253,0.869642,0.925415,0.191434,-0.327047
0.696834,0.493554,0.584793,-0.061087,0.744701,0.664597,0.373999,-0.600254,0.70698,0.925415,0.291746,-0.24185
0.696834,0.580326,0.621095,-0.061087,0.472485,0.879219,0.373999,-0.805856,0.459044,0.925415,0.356869,-0.127481
0.696834,0.64945,0.684886,-0.061087,0.14328,0.987795,0.373999,-0.914259,0.155742,0.925415,0.378948,0.002263
0.696834,0.692587,0.768472,-0.061087,-0.203207,0.977228,0.373999,-0.912389,-0.166345,0.925415,0.355321,0.131734
0.696834,0.704534,0.86177,-0.061087,-0.525184,0.848793,0.373999,-0.800472,-0.468369,0.925415,0.288836,0.245317
0.696834,0.683852,0.953528,-0.061087,-0.783816,0.617981,0.373999,-0.592006,-0.713901,0.925415,0.187514,0.32931
0.696834,0.633033,1.03268,-0.061087,-0.947908,0.312632,0.373999,-0.312135,-0.873325,0.925415,0.063575,0.373584
0.696834,0.558208,1.08967,-0.061087,-0.997669,-0.030426,0.373999,0.00538361,-0.927414,0.925415,-0.0680322,0.372798
0.696834,0.468402,1.11764,-0.061087,-0.927095,-0.369814,0.373999,0.322253,-0.869642,0.925415,-0.191434,0.327047
0.696834,0.374446,1.11321,-0.061087,-0.744701,-0.664597,0.373999,0.600254,-0.70698,0.925415,-0.291746,0.24185
0.696834,0.287674,1.0769,-0.061087,-0.472485,-0.879219,0.373999,0.805856,-0.459044,0.925415,-0.356869,0.127481
0.696834,0.21855,1.01311,-0.061087,-0.14328,-0.987795,0.373999,0.914259,-0.155742,0.925415,-0.378948,-0.002263
0.696834,0.175413,0.929528,-0.061087,0.203207,-0.977228,0.373999,0.912389,0.166345,0.925415,-0.355321,-0.131734
0.735794,0.185051,1.03619,-0.384024,0.21027,-0.899062,0.43619,0.899533,0.0240671,0.813796,-0.382919,-0.43716
0.735794,0.136042,0.939755,-0.384024,0.505087,-0.772925,0.43619,0.837053,0.330274,0.813796,-0.210309,-0.541762
0.735794,0.122971,0.832375,-0.384024,0.738982,-0.553562,0.43619,0.673612,0.596645,0.813796,-0.0123323,-0.58102
0.735794,0.147415,0.726999,-0.384024,0.883746,-0.267431,0.43619,0.428924,0.791052,0.813796,0.187132,-0.550198
0.735794,0.206425,0.636339,-0.384024,0.921916,0.0509555,0.43619,0.132501,0.890046,0.813796,0.364025,-0.453014
0.735794,0.292884,0.571328,-0.384024,0.84889,0.363196,0.43619,-0.179904,0.881688,0.813796,0.497012,-0.30119
0.735794,0.396363,0.539809,-0.384024,0.673475,0.63163,0.43619,-0.470609,0.766985,0.813796,0.570051,-0.113038
0.735794,0.504382,0.545583,-0.384024,0.416829,0.82388,0.43619,-0.704552,0.559772,0.813796,0.574334,0.0887481
0.735794,0.603913,0.587954,-0.384024,0.109908,0.916758,0.43619,-0.853516,0.285043,0.813796,0.509344,0.27983
0.735794,0.682949,0.66181,-0.384024,-0.21027,0.899062,0.43619,-0.899533,-0.0240671,0.813796,0.382919,0.43716
0.735794,0.731958,0.758245,-0.384024,-0.505087,0.772925,0.43619,-0.837053,-0.330274,0.813796,0.210309,0.541762
0.735794,0.745029,0.865625,-0.384024,-0.738982,0.553562,0.43619,-0.673612,-0.596645,0.813796,0.0123323,0.58102
0.735794,0.720585,0.971001,-0.384024,-0.883746,0.267431,0.43619,-0.428924,-0.791052,0.813796,-0.187132,0.550198
0.735794,0.661575,1.06166,-0.384024,-0.921916,-0.0509555,0.43619,-0.132501,-0.890046,0.813796,-0.364025,0.453014
0.735794,0.575116,1.12667,-0.384024,-0.84889,-0.363196,0.43619,0.179904,-0.881688,0.813796,-0.497012,0.30119
0.735794,0.471637,1.15819,-0.384024,-0.673475,-0.63163,0.43619,0.470609,-0.766985,0.813796,-0.570051,0.113038
0.735794,0.363618,1.15242,-0.384024,-0.416829,-0.82388,0.43619,0.704552,-0.559772,0.813796,-0.574334,-0.0887481
0.735794,0.264087,1.11005,-0.384024,-0.109908,-0.916758,0.43619,0.853516,-0.285043,0.813796,-0.509344,-0.27983
0.735794,0.185051,1.03619,-0.384024,0.21027,-0.899062,0.43619,0.899533,0.0240671,0.813796,-0.382919,-0.43716
0.809034,0.192909,1.12315,-0.660642,0.226848,-0.715606,0.44577,0.885537,-0.130815,0.604021,-0.405418,-0.686145
0.809034,0.113685,1.02416,-0.660642,0.457919,-0.594864,0.44577,0.876874,0.179945,0.604021,-0.146293,-0.783426
0.809034,0.0730949,0.904039,-0.660642,0.633758,-0.402371,0.44577,0.762447,0.469002,0.604021,0.130477,-0.786215
0.809034,0.0760357,0.777283,-0.660642,0.733157,-0.161347,0.44577,0.556058,0.70149,0.604021,0.39151,-0.694175
0.809034,0.122152,0.659177,-0.660642,0.744126,0.0991376,0.44577,0.2826,0.849368,0.604021,0.605321,-0.518407
0.809034,0.205882,0.563966,-0.660642,0.665343,0.347665,0.44577,-0.0249441,0.8948,0.604021,0.746121,-0.280111
0.809034,0.317127,0.503135,-0.660642,0.50631,0.554259,0.44577,-0.329479,0.832305,0.604021,0.796928,-0.00802984
0.809034,0.442468,0.48402,-0.660642,0.286208,0.694001,0.44577,-0.594275,0.669423,0.604021,0.751614,0.26502
0.809034,0.566788,0.508928,-0.660642,0.0315848,0.750037,0.44577,-0.787391,0.425798,0.604021,0.615644,0.506104
0.809034,0.675091,0.574852,-0.660642,-0.226848,0.715606,0.44577,-0.885537,0.130815,0.604021,0.405418,0.686145
0.809034,0.754315,0.673844,-0.660642,-0.457919,0.594864,0.44577,-0.876874,-0.179945,0.604021,0.146293,0.783426
0.809034,0.794905,0.793961,-0.660642,-0.633758,0.402371,0.44577,-0.762447,-0.469002,0.604021,-0.130477,0.786215
0.809034,0.791964,0.920717,-0.660642,-0.733157,0.161347,0.44577,-0.556058,-0.70149,0.604021,-0.39151,0.694175
0.809034,0.745848,1.03882,-0.660642,-0.744126,-0.0991376,0.44577,-0.2826,-0.849368,0.604021,-0.605321,0.518407
0.809034,0.662118,1.13403,-0.660642,-0.665343,-0.347665,0.44577,0.0249441,-0.8948,0.604021,-0.746121,0.280111
0.809034,0.550873,1.19486,-0.660642,-0.50631,-0.554259,0.44577,0.329479,-0.832305,0.604021,-0.796928,0.00802984
0.809034,0.425532,1.21398,-0.660642,-0.286208,-0.694001,0.44577,0.594275,-0.669423,0.604021,-0.751614,-0.26502
0.809034,0.301212,1.18907,-0.660642,-0.0315848,-0.750037,0.44577,0.787391,-0.425798,0.604021,-0.615644,-0.506104
0.809034,0.192909,1.12315,-0.660642,0.226848,-0.715606,0.44577,0.885537,-0.130815,0.604021,-0.405418,-0.686145
0.90772,0.198038,1.17991,-0.857576,0.25094,-0.44899,0.401584,0.872091,-0.27962,0.321392,-0.420103,-0.848658
0.90772,0.0990896,1.07925,-0.857576,0.38937,-0.336086,0.401584,0.915133,0.0355156,0.321392,-0.104509,-0.941161
0.90772,0.040536,0.950821,-0.857576,0.480836,-0.182645,0.401584,0.847797,0.346368,0.321392,0.223689,-0.920147
0.90772,0.0294399,0.810108,-0.857576,0.514306,-0.00717496,0.401584,0.678204,0.615443,0.321392,0.524908,-0.788149
0.90772,0.0671398,0.674086,-0.857576,0.485744,0.169161,0.401584,0.426809,0.810287,0.321392,0.762815,-0.561089
0.90772,0.149088,0.559161,-0.857576,0.398594,0.325093,0.401584,0.123935,0.907398,0.321392,0.908715,-0.266353
0.90772,0.265402,0.479195,-0.857576,0.263367,0.441815,0.401584,-0.193887,0.895063,0.321392,0.945011,0.0605093
0.90772,0.40205,0.443833,-0.857576,0.0963743,0.505247,0.401584,-0.488324,0.774771,0.321392,0.867324,0.380073
0.90772,0.542552,0.45734,-0.857576,-0.0822424,0.507739,0.401584,-0.723862,0.56103,0.321392,0.685026,0.653794
0.90772,0.669962,0.518087,-0.857576,-0.25094,0.44899,0.401584,-0.872091,0.27962,0.321392,0.420103,0.848658
0.90772,0.76891,0.618747,-0.857576,-0.38937,0.336086,0.401584,-0.915133,-0.0355156,0.321392,0.104509,0.941161
0.90772,0.827464,0.747179,-0.857576,-0.480836,0.182645,0.401584,-0.847797,-0.346368,0.321392,-0.223689,0.920147
0.90772,0.83856,0.887892,-0.857576,-0.514306,0.00717496,0.401584,-0.678204,-0.615443,0.321392,-0.524908,0.788149
0.90772,0.80086,1.02391,-0.857576,-0.485744,-0.169161,0.401584,-0.426809,-0.810287,0.321392,-0.762815,0.561089
0.90772,0.718912,1.13884,-0.857576,-0.398594,-0.325093,0.401584,-0.123935,-0.907398,0.321392,-0.908715,0.266353
0.90772,0.602598,1.21881,-0.857576,-0.263367,-0.441815,0.401584,0.193887,-0.895063,0.321392,-0.945011,-0.0605093
0.90772,0.46595,1.25417,-0.857576,-0.0963743,-0.505247,0.401584,0.488324,-0.774771,0.321392,-0.867324,-0.380073
0.90772,0.325448,1.24066,-0.857576,0.0822424,-0.507739,0.401584,0.723862,-0.56103,0.321392,-0.685026,-0.653794
0.90772,0.198038,1.17991,-0.857576,0.25094,-0.44899,0.401584,0.872091,-0.27962,0.321392,-0.420103,-0.848658
0.883612,0.264233,0.487938,0.961642,0.223238,-0.159405,-0.0812368,0.786816,0.611818,0.262003,-0.5754,0.774771
0.883612,0.397961,0.451649,0.961642,0.264295,-0.0734394,-0.0812368,0.530112,0.844027,0.262003,-0.805686,0.531248
0.883612,0.536037,0.463286,0.961642,0.273473,0.0213835,-0.0812368,0.209468,0.974435,0.262003,-0.938795,0.223649
0.883612,0.661805,0.521446,0.961642,0.249667,0.113627,-0.0812368,-0.136441,0.987312,0.262003,-0.958671,-0.110926
0.883612,0.760097,0.619114,0.961642,0.195748,0.192166,-0.0812368,-0.465893,0.881104,0.262003,-0.862917,-0.432121
0.883612,0.819056,0.744509,0.961642,0.118218,0.247527,-0.0812368,-0.739152,0.668622,0.262003,-0.663083,-0.701196
0.883612,0.831572,0.882508,0.961642,0.0264295,0.273032,-0.0812368,-0.923258,0.375494,0.262003,-0.383271,-0.885696
0.883612,0.796135,1.01647,0.961642,-0.0685468,0.265605,-0.0812368,-0.996005,0.0370764,0.262003,-0.0572311,-0.963369
0.883612,0.71702,1.13022,0.961642,-0.155255,0.226143,-0.0812368,-0.948619,-0.305813,0.262003,0.275712,-0.924845
0.883612,0.603767,1.21006,0.961642,-0.223238,0.159405,-0.0812368,-0.786816,-0.611818,0.262003,0.5754,-0.774771
0.883612,0.470039,1.24635,0.961642,-0.264295,0.0734394,-0.0812368,-0.530112,-0.844027,0.262003,0.805686,-0.531248
0.883612,0.331963,1.23471,0.961642,-0.273473,-0.0213835,-0.0812368,-0.209468,-0.974435,0.262003,0.938795,-0.223649
0.883612,0.206195,1.17655,0.961642,-0.249667,-0.113627,-0.0812368,0.136441,-0.987312,0.262003,0.958671,0.110926
0.883612,0.107903,1.07889,0.961642,-0.195748,-0.192166,-0.0812368,0.465893,-0.881104,0.262003,0.862917,0.432121
0.883612,0.0489437,0.953491,0.961642,-0.118218,-0.247527,-0.0812368,0.739152,-0.668622,0.262003,0.663083,0.701196
0.883612,0.0364276,0.815492,0.961642,-0.0264295,-0.273032,-0.0812368,0.923258,-0.375494,0.262003,0.383271,0.885696
0.883612,0.0718645,0.681535,0.961642,0.0685468,-0.265605,-0.0812368,0.996005,-0.0370764,0.262003,0.0572311,0.963369
0.883612,0.15098,0.567777,0.961642,0.155255,-0.226143,-0.0812368,0.948619,0.305813,0.262003,-0.275712,0.924845
0.883612,0.264233,0.487938,0.961642,0.223238,-0.159405,-0.0812368,0.786816,0.611818,0.262003,-0.5754,0.774771
0.763622,0.270465,0.556912,0.856221,0.194391,-0.478642,0.156285,0.785625,0.598638,0.492403,-0.587371,0.642288
0.763622,0.380227,0.518595,0.856221,0.346373,-0.383291,0.156285,0.5335,0.831236,0.492403,-0.771624,0.402661
0.763622,0.496475,0.52013,0.856221,0.456577,-0.241709,0.156285,0.217027,0.963574,0.492403,-0.862807,0.114466
0.763622,0.605188,0.561331,0.856221,0.511712,-0.0709734,0.156285,-0.125623,0.979691,0.492403,-0.849923,-0.187534
0.763622,0.693253,0.637229,0.856221,0.505126,0.108323,0.156285,-0.453121,0.877642,0.492403,-0.734526,-0.466915
0.763622,0.750048,0.73867,0.856221,0.437615,0.274553,0.156285,-0.725966,0.669738,0.492403,-0.530535,-0.68998
0.763622,0.768723,0.853419,0.856221,0.317321,0.407669,0.156285,-0.911249,0.381053,0.492403,-0.262552,-0.829822
0.763622,0.747025,0.967634,0.856221,0.158753,0.491613,0.156285,-0.986621,0.0464069,0.492403,0.0370975,-0.869576
0.763622,0.687572,1.06754,0.856221,-0.0189626,0.516262,0.156285,-0.942993,-0.293836,0.492403,0.332273,-0.804446
0.763622,0.597535,1.14109,0.856221,-0.194391,0.478642,0.156285,-0.785625,-0.598638,0.492403,0.587371,-0.642288
0.763622,0.487773,1.1794,0.856221,-0.346373,0.383291,0.156285,-0.5335,-0.831236,0.492403,0.771624,-0.402661
0.763622,0.371525,1.17787,0.856221,-0.456577,0.241709,0.156285,-0.217027,-0.963574,0.492403,0.862807,-0.114466
0.763622,0.262812,1.13667,0.856221,-0.511712,0.0709734,0.156285,0.125623,-0.979691,0.492403,0.849923,0.187534
0.763622,0.174747,1.06077,0.856221,-0.505126,-0.108323,0.156285,0.453121,-0.877642,0.492403,0.734526,0.466915
0.763622,0.117952,0.95933,0.856221,-0.437615,-0.274553,0.156285,0.725966,-0.669738,0.492403,0.530535,0.68998
0.763622,0.0992772,0.844581,0.856221,-0.317321,-0.407669,0.156285,0.911249,-0.381053,0.492403,0.262552,0.829822
0.763622,0.120975,0.730366,0.856221,-0.158753,-0.491613,0.156285,0.986621,-0.0464069,0.492403,-0.0370975,0.869576
0.763622,0.180428,0.63046,0.856221,0.0189626,-0.516262,0.156285,0.942993,0.293836,0.492403,-0.332273,0.804446
0.763622,0.270465,0.556912,0.856221,0.194391,-0.478642,0.156285,0.785625,0.598638,0.492403,-0.587371,0.642288
0.674556,0.280015,0.662599,0.647527,0.170529,-0.742717,0.374957,0.777195,0.505346,0.663413,-0.605712,0.439314
0.674556,0.353054,0.621175,0.647527,0.414269,-0.639602,0.374957,0.557486,0.740686,0.663413,-0.719437,0.205654
0.674556,0.435857,0.607229,0.647527,0.608042,-0.459341,0.374957,0.270536,0.886689,0.663413,-0.746388,-0.0528105
0.674556,0.518435,0.622445,0.647527,0.728477,-0.223676,0.374957,-0.0490446,0.925744,0.663413,-0.683313,-0.304905
0.674556,0.59083,0.664986,0.647527,0.761046,0.0389666,0.374957,-0.36271,0.85314,0.663413,-0.53782,-0.520224
0.674556,0.644308,0.729723,0.647527,0.701822,0.29691,0.374957,-0.632627,0.677636,0.663413,-0.327459,-0.672796
0.674556,0.67242,0.808846,0.647527,0.557948,0.519041,0.374957,-0.82624,0.420398,0.663413,-0.0776007,-0.744219
0.674556,0.671775,0.892812,0.647527,0.346777,0.678568,0.374957,-0.920196,0.112454,0.663413,0.181617,-0.725878
0.674556,0.642451,0.971494,0.647527,0.0937796,0.75625,0.374957,-0.903163,-0.209053,0.663413,0.418929,-0.619986
0.674556,0.587985,1.0354,0.647527,-0.170529,0.742717,0.374957,-0.777195,-0.505346,0.663413,0.605712,-0.439314
0.674556,0.514946,1.07683,0.647527,-0.414269,0.639602,0.374957,-0.557486,-0.740686,0.663413,0.719437,-0.205654
0.674556,0.432143,1.09077,0.647527,-0.608042,0.459341,0.374957,-0.270536,-0.886689,0.663413,0.746388,0.0528105
0.674556,0.349565,1.07556,0.647527,-0.728477,0.223676,0.374957,0.0490446,-0.925744,0.663413,0.683313,0.304905
0.674556,0.27717,1.03301,0.647527,-0.761046,-0.0389666,0.374957,0.36271,-0.85314,0.663413,0.53782,0.520224
0.674556,0.223692,0.968277,0.647527,-0.701822,-0.29691,0.374957,0.632627,-0.677636,0.663413,0.327459,0.672796
0.674556,0.19558,0.889154,0.647527,-0.557948,-0.519041,0.374957,0.82624,-0.420398,0.663413,0.0776007,0.744219
0.674556,0.196225,0.805188,0.647527,-0.346777,-0.678568,0.374957,0.920196,-0.112454,0.663413,-0.181617,0.725878
0.674556,0.225549,0.726506,0.647527,-0.0937796,-0.75625,0.374957,0.903163,0.209053,0.663413,-0.418929,0.619986
0.674556,0.280015,0.662599,0.647527,0.170529,-0.742717,0.374957,0.777195,0.505346,0.663413,-0.605712,0.439314
0.627155,0.291731,0.792251,0.360731,0.154529,-0.919779,0.548404,0.762543,0.343193,0.754404,-0.628211,0.190329
0.627155,0.31972,0.747015,0.360731,0.459793,-0.811457,0.548404,0.599177,0.583301,0.754404,-0.655421,-0.0360103
0.627155,0.361493,0.714079,0.360731,0.709599,-0.605262,0.548404,0.363542,0.753054,0.754404,-0.603578,-0.258006
0.627155,0.412011,0.697417,0.360731,0.873817,-0.326063,0.548404,0.0840577,0.831978,0.754404,-0.478935,-0.448882
0.627155,0.465182,0.699038,0.360731,0.932639,-0.00753631,0.548404,-0.205565,0.810553,0.754404,-0.296525,-0.585617
0.627155,0.514591,0.718746,0.360731,0.878972,0.3119,0.548404,-0.470393,0.691363,0.754404,-0.0783495,-0.651717
0.627155,0.554281,0.754166,0.360731,0.719287,0.593716,0.548404,-0.678485,0.488785,0.754404,0.149276,-0.639211
0.627155,0.579462,0.801023,0.360731,0.472846,0.803921,0.548404,-0.804742,0.227252,0.754404,0.358896,-0.549606
0.627155,0.587099,0.853667,0.360731,0.169373,0.917162,0.548404,-0.833935,-0.0616908,0.754404,0.525229,-0.393711
0.627155,0.576269,0.905749,0.360731,-0.154529,0.919779,0.548404,-0.762543,-0.343193,0.754404,0.628211,-0.190329
0.627155,0.54828,0.950985,0.360731,-0.459793,0.811457,0.548404,-0.599177,-0.583301,0.754404,0.655421,0.0360103
0.627155,0.506507,0.983921,0.360731,-0.709599,0.605262,0.548404,-0.363542,-0.753054,0.754404,0.603578,0.258006
0.627155,0.455989,1.00058,0.360731,-0.873817,0.326063,0.548404,-0.0840577,-0.831978,0.754404,0.478935,0.448882
0.627155,0.402818,0.998962,0.360731,-0.932639,0.00753631,0.548404,0.205565,-0.810553,0.754404,0.296525,0.585617
0.627155,0.353409,0.979254,0.360731,-0.878972,-0.3119,0.548404,0.470393,-0.691363,0.754404,0.0783495,0.651717
0.627155,0.313719,0.943834,0.360731,-0.719287,-0.593716,0.548404,0.678485,-0.488785,0.754404,-0.149276,0.639211
0.627155,0.288538,0.896977,0.360731,-0.472846,-0.803921,0.548404,0.804742,-0.227252,0.754404,-0.358896,0.549606
0.627155,0.280901,0.844333,0.360731,-0.169373,-0.917162,0.548404,0.833935,0.0616908,0.754404,-0.525229,0.393711
0.627155,0.291731,0.792251,0.360731,0.154529,-0.919779,0.548404,0.762543,0.343193,0.754404,-0.628211,0.190329
0.627137,0.304199,0.930231,0.0304265,0.148322,-0.988471,0.655705,0.743436,0.131738,0.754404,-0.652153,-0.0746354
0.627137,0.284244,0.880937,0.0304265,0.477454,-0.87813,0.655705,0.653544,0.378063,0.754404,-0.587297,-0.293184
0.627137,0.282352,0.827792,0.0304265,0.748998,-0.661873,0.655705,0.484825,0.578788,0.754404,-0.451604,-0.47637
0.627137,0.298752,0.777204,0.0304265,0.930202,-0.365785,0.655705,0.25763,0.709703,0.754404,-0.261441,-0.602099
0.627137,0.331464,0.735276,0.0304265,0.99921,-0.0255773,0.655705,-0.000640016,0.755017,0.754404,-0.0397437,-0.655206
0.627137,0.376543,0.707065,0.0304265,0.947698,0.317715,0.655705,-0.258832,0.709265,0.754404,0.186747,-0.629285
0.627137,0.428553,0.695974,0.0304265,0.78188,0.622686,0.655705,-0.485806,0.577965,0.754404,0.390713,-0.527464
0.627137,0.481219,0.703339,0.0304265,0.521755,0.852552,0.655705,-0.654184,0.376954,0.754404,0.547553,-0.362022
0.627137,0.528191,0.728274,0.0304265,0.1987,0.979588,0.655705,-0.743658,0.130477,0.754404,0.638351,-0.152915
0.627137,0.563801,0.767769,0.0304265,-0.148322,0.988471,0.655705,-0.743436,-0.131738,0.754404,0.652153,0.0746354
0.627137,0.583756,0.817063,0.0304265,-0.477454,0.87813,0.655705,-0.653544,-0.378063,0.754404,0.587297,0.293184
0.627137,0.585648,0.870208,0.0304265,-0.748998,0.661873,0.655705,-0.484825,-0.578788,0.754404,0.451604,0.47637
0.627137,0.569248,0.920796,0.0304265,-0.930202,0.365785,0.655705,-0.25763,-0.709703,0.754404,0.261441,0.602099
0.627137,0.536536,0.962724,0.0304265,-0.99921,0.0255773,0.655705,0.000640016,-0.755017,0.754404,0.0397437,0.655206
0.627137,0.491457,0.990935,0.0304265,-0.947698,-0.317715,0.655705,0.258832,-0.709265,0.754404,-0.186747,0.629285
0.627137,0.439447,1.00203,0.0304265,-0.78188,-0.622686,0.655705,0.485806,-0.577965,0.754404,-0.390713,0.527464
0.627137,0.386781,0.994661,0.0304265,-0.521755,-0.852552,0.655705,0.654184,-0.376954,0.754404,-0.547553,0.362022
0.627137,0.339809,0.969726,0.0304265,-0.1987,-0.979588,0.655705,0.743658,-0.130477,0.754404,-0.638351,0.152915
0.627137,0.304199,0.930231,0.0304265,0.148322,-0.988471,0.655705,0.743436,0.131738,0.754404,-0.652153,-0.0746354
0.674504,0.315915,1.0599,-0.303548,0.152656,-0.940508,0.683918,0.722178,-0.103515,0.663411,-0.674652,-0.32362
0.674504,0.250906,1.00679,-0.303548,0.465122,-0.831577,0.683918,0.71403,0.149727,0.663411,-0.523281,-0.534848
0.674504,0.207981,0.934652,-0.303548,0.721488,-0.622345,0.683918,0.619759,0.384909,0.663411,-0.308794,-0.681565
0.674504,0.192317,0.852183,-0.303548,0.890832,-0.33805,0.683918,0.450736,0.573667,0.663411,-0.0570628,-0.746076
0.674504,0.205804,0.769331,-0.303548,0.952728,-0.0129804,0.683918,0.227348,0.693231,0.663411,0.201551,-0.720599
0.674504,0.246814,0.696088,-0.303548,0.899711,0.313654,0.683918,-0.023462,0.729182,0.663411,0.435856,-0.608206
0.674504,0.310402,0.641288,-0.303548,0.738175,0.602458,0.683918,-0.271442,0.677182,0.663411,0.617589,-0.422456
0.674504,0.388897,0.611542,-0.303548,0.487605,0.818596,0.683918,-0.486682,0.543504,0.663411,0.724832,-0.185751
0.674504,0.472833,0.610436,-0.303548,0.178223,0.936,0.683918,-0.643221,0.344272,0.663411,0.74465,0.0733589
0.674504,0.552085,0.638105,-0.303548,-0.152656,0.940508,0.683918,-0.722178,0.103515,0.663411,0.674652,0.32362
0.674504,0.617094,0.691211,-0.303548,-0.465122,0.831577,0.683918,-0.71403,-0.149727,0.663411,0.523281,0.534848
0.674504,0.660019,0.763348,-0.303548,-0.721488,0.622345,0.683918,-0.619759,-0.384909,0.663411,0.308794,0.681565
0.674504,0.675683,0.845817,-0.303548,-0.890832,0.33805,0.683918,-0.450736,-0.573667,0.663411,0.0570628,0.746076
0.674504,0.662196,0.928669,-0.303548,-0.952728,0.0129804,0.683918,-0.227348,-0.693231,0.663411,-0.201551,0.720599
0.674504,0.621186,1.00191,-0.303548,-0.899711,-0.313654,0.683918,0.023462,-0.729182,0.663411,-0.435856,0.608206
0.674504,0.557598,1.05671,-0.303548,-0.738175,-0.602458,0.683918,0.271442,-0.677182,0.663411,-0.617589,0.422456
0.674504,0.479103,1.08646,-0.303548,-0.487605,-0.818596,0.683918,0.486682,-0.543504,0.663411,-0.724832,0.185751
0.674504,0.395167,1.08756,-0.303548,-0.178223,-0.936,0.683918,0.643221,-0.344272,0.663411,-0.74465,-0.0733589
0.674504,0.315915,1.0599,-0.303548,0.152656,-0.940508,0.683918,0.722178,-0.103515,0.663411,-0.674652,-0.32362
0.763543,0.325468,1.1656,-0.60091,0.167009,-0.781674,0.629641,0.701334,-0.334191,0.492402,-0.692993,-0.526594
0.763543,0.223728,1.10939,-0.60091,0.424285,-0.677413,0.629641,0.773338,-0.074167,0.492402,-0.471095,-0.731854
0.763543,0.14735,1.02177,-0.60091,0.630387,-0.491446,0.629641,0.752067,0.194803,0.492402,-0.192375,-0.848842
0.763543,0.105546,0.913311,-0.60091,0.760454,-0.246203,0.629641,0.640085,0.440277,0.492402,0.109547,-0.863447
0.763543,0.103359,0.797094,-0.60091,0.7988,0.0287351,0.629641,0.4509,0.632647,0.492402,0.398257,-0.773907
0.763543,0.141051,0.687139,-0.60091,0.740798,0.300208,0.629641,0.207329,0.74871,0.492402,0.638931,-0.591023
0.763543,0.214078,0.596706,-0.60091,0.593445,0.535471,0.629641,-0.0612485,0.774468,0.492402,0.80254,-0.336852
0.763543,0.313631,0.536703,-0.60091,0.374514,0.706148,0.629641,-0.322439,0.706814,0.492402,0.869352,-0.0420528
0.763543,0.427702,0.514368,-0.60091,0.110412,0.791654,0.629641,-0.544738,0.553907,0.492402,0.831306,0.257819
0.763543,0.542532,0.532395,-0.60091,-0.167009,0.781674,0.629641,-0.701334,0.334191,0.492402,0.692993,0.526594
0.763543,0.644272,0.588609,-0.60091,-0.424285,0.677413,0.629641,-0.773338,0.074167,0.492402,0.471095,0.731854
0.763543,0.72065,0.67623,-0.60091,-0.630387,0.491446,0.629641,-0.752067,-0.194803,0.492402,0.192375,0.848842
0.763543,0.762454,0.784689,-0.60091,-0.760454,0.246203,0.629641,-0.640085,-0.440277,0.492402,-0.109547,0.863447
0.763543,0.764641,0.900906,-0.60091,-0.7988,-0.0287351,0.629641,-0.4509,-0.632647,0.492402,-0.398257,0.773907
0.763543,0.726949,1.01086,-0.60091,-0.740798,-0.300208,0.629641,-0.207329,-0.74871,0.492402,-0.638931,0.591023
0.763543,0.653922,1.10129,-0.60091,-0.593445,-0.535471,0.629641,0.0612485,-0.774468,0.492402,-0.80254,0.336852
0.763543,0.554369,1.1613,-0.60091,-0.374514,-0.706148,0.629641,0.322439,-0.706814,0.492402,-0.869352,0.0420528
0.763543,0.440298,1.18363,-0.60091,-0.110412,-0.791654,0.629641,0.544738,-0.553907,0.492402,-0.831306,-0.257819
0.763543,0.325468,1.1656,-0.60091,0.167009,-0.781674,0.629641,0.701334,-0.334191,0.492402,-0.692993,-0.526594
0.883514,0.331703,1.23461,-0.825794,0.189648,-0.531129,0.499419,0.683417,-0.532467,0.262001,-0.704964,-0.659076
0.883514,0.205986,1.17637,-0.825794,0.359868,-0.434234,0.499419,0.824317,-0.266613,0.262001,-0.437032,-0.860441
0.883514,0.10777,1.07864,-0.825794,0.486682,-0.284964,0.499419,0.865791,0.0313984,0.262001,-0.116388,-0.958024
0.883514,0.0489032,0.953213,-0.825794,0.554795,-0.101324,0.499419,0.802839,0.325623,0.262001,0.218294,-0.940055
0.883514,0.0364843,0.815218,-0.825794,0.555992,0.0945376,0.499419,0.643052,0.580572,0.262001,0.526647,-0.808702
0.883514,0.0720117,0.681297,-0.825794,0.490127,0.278997,0.499419,0.405704,0.765496,0.262001,0.771479,-0.579807
0.883514,0.1512,0.567603,-0.825794,0.365147,0.429805,0.499419,0.119422,0.85809,0.262001,0.923259,-0.280979
0.883514,0.264499,0.48785,-0.825794,0.196124,0.528772,0.499419,-0.181264,0.847186,0.262001,0.96368,0.0517391
0.883514,0.398241,0.451657,-0.825794,0.00344554,0.563961,0.499419,-0.460087,0.734098,0.262001,0.887867,0.378217
0.883514,0.536297,0.46339,-0.825794,-0.189648,0.531129,0.499419,-0.683417,0.532467,0.262001,0.704964,0.659076
0.883514,0.662014,0.521633,-0.825794,-0.359868,0.434234,0.499419,-0.824317,0.266613,0.262001,0.437032,0.860441
0.883514,0.76023,0.619361,-0.825794,-0.486682,0.284964,0.499419,-0.865791,-0.0313984,0.262001,0.116388,0.958024
0.883514,0.819097,0.744787,-0.825794,-0.554795,0.101324,0.499419,-0.802839,-0.325623,0.262001,-0.218294,0.940055
0.883514,0.831516,0.882782,-0.825794,-0.555992,-0.0945376,0.499419,-0.643052,-0.580572,0.262001,-0.526647,0.808702
0.883514,0.795988,1.0167,-0.825794,-0.490127,-0.278997,0.499419,-0.405704,-0.765496,0.262001,-0.771479,0.579807
0.883514,0.7168,1.1304,-0.825794,-0.365147,-0.429805,0.499419,-0.119422,-0.85809,0.262001,-0.923259,0.280979
0.883514,0.603501,1.21015,-0.825794,-0.196124,-0.528772,0.499419,0.181264,-0.847186,0.262001,-0.96368,-0.0517391
0.883514,0.469759,1.24634,-0.825794,-0.00344554,-0.563961,0.499419,0.460087,-0.734098,0.262001,-0.887867,-0.378217
0.883514,0.331703,1.23461,-0.825794,0.189648,-0.531129,0.499419,0.683417,-0.532467,0.262001,-0.704964,-0.659076
0.875863,0.406403,0.453714,0.985232,0.147207,-0.087458,-0.00862081,0.552769,0.83329,0.17101,-0.82023,0.545874
0.875863,0.543263,0.468114,0.985232,0.168242,-0.031836,-0.00862081,0.234431,0.972095,0.17101,-0.957464,0.232419
0.875863,0.666945,0.528454,0.985232,0.168984,0.027626,-0.00862081,-0.112183,0.99365,0.17101,-0.979214,-0.109069
0.875863,0.76253,0.627458,0.985232,0.149344,0.0837559,-0.00862081,-0.445266,0.895357,0.17101,-0.882856,-0.437402
0.875863,0.818489,0.753182,0.985232,0.111692,0.129784,-0.00862081,-0.724643,0.68907,0.17101,-0.680013,-0.712978
0.875863,0.828073,0.890463,0.985232,0.0605671,0.160157,-0.00862081,-0.916618,0.399672,0.17101,-0.39515,-0.902559
0.875863,0.790126,1.02274,0.985232,0.00213745,0.171214,-0.00862081,-0.998035,0.062067,0.17101,-0.0626264,-0.983277
0.875863,0.709225,1.13407,0.985232,-0.0565501,0.16162,-0.00862081,-0.959074,-0.283024,0.17101,0.277451,-0.945398
0.875863,0.595128,1.21101,0.985232,-0.108417,0.132531,-0.00862081,-0.804435,-0.593978,0.17101,0.584064,-0.793489
0.875863,0.461597,1.24429,0.985232,-0.147207,0.087458,-0.00862081,-0.552769,-0.83329,0.17101,0.82023,-0.545874
0.875863,0.324737,1.22989,0.985232,-0.168242,0.031836,-0.00862081,-0.234431,-0.972095,0.17101,0.957464,-0.232419
0.875863,0.201055,1.16955,0.985232,-0.168984,-0.027626,-0.00862081,0.112183,-0.99365,0.17101,0.979214,0.109069
0.875863,0.10547,1.07054,0.985232,-0.149344,-0.0837559,-0.00862081,0.445266,-0.895357,0.17101,0.882856,0.437402
0.875863,0.0495112,0.944818,0.985232,-0.111692,-0.129784,-0.00862081,0.724643,-0.68907,0.17101,0.680013,0.712978
0.875863,0.039927,0.807537,0.985232,-0.0605671,-0.160157,-0.00862081,0.916618,-0.399672,0.17101,0.39515,0.902559
0.875863,0.0778738,0.675256,0.985232,-0.00213745,-0.171214,-0.00862081,0.998035,-0.062067,0.17101,0.0626264,0.983277
0.875863,0.158775,0.563932,0.985232,0.0565501,-0.16162,-0.00862081,0.959074,0.283024,0.17101,-0.277451,0.945398
0.875863,0.272872,0.486991,0.985232,0.108417,-0.132531,-0.00862081,0.804435,0.593978,0.17101,-0.584064,0.793489
0.875863,0.406403,0.453714,0.985232,0.147207,-0.087458,-0.00862081,0.552769,0.83329,0.17101,-0.82023,0.545874
0.749059,0.41299,0.526606,0.900555,0.117282,-0.418624,0.292759,0.54826,0.783392,0.321393,-0.828043,0.459403
0.749059,0.524522,0.538863,0.900555,0.253387,-0.353265,0.292759,0.24726,0.923664,0.321393,-0.935231,0.14849
0.749059,0.625136,0.588527,0.900555,0.35893,-0.245297,0.292759,-0.0835631,0.952528,0.321393,-0.929616,-0.180333
0.749059,0.702696,0.669608,0.900555,0.42118,-0.107742,0.292759,-0.404307,0.866503,0.321393,-0.811876,-0.487405
0.749059,0.747847,0.772326,0.900555,0.43263,0.0428072,0.292759,-0.676286,0.675965,0.321393,-0.596212,-0.735689
0.749059,0.755144,0.884292,0.900555,0.391898,0.188194,0.292759,-0.866695,0.403896,0.321393,-0.308635,-0.895238
0.749059,0.723706,0.992002,0.900555,0.303898,0.310881,0.292759,-0.952567,0.0831112,0.321393,0.0161671,-0.946808
0.749059,0.657325,1.08246,0.900555,0.179243,0.396072,0.292759,-0.923546,-0.247698,0.321393,0.339019,-0.884179
0.749059,0.564008,1.14477,0.900555,0.0329685,0.433491,0.292759,-0.783132,-0.548632,0.321393,0.620981,-0.714905
0.749059,0.45501,1.17139,0.900555,-0.117282,0.418624,0.292759,-0.54826,-0.783392,0.321393,0.828043,-0.459403
0.749059,0.343478,1.15914,0.900555,-0.253387,0.353265,0.292759,-0.24726,-0.923664,0.321393,0.935231,-0.14849
0.749059,0.242864,1.10947,0.900555,-0.35893,0.245297,0.292759,0.0835631,-0.952528,0.321393,0.929616,0.180333
0.749059,0.165304,1.02839,0.900555,-0.42118,0.107742,0.292759,0.404307,-0.866503,0.321393,0.811876,0.487405
0.749059,0.120153,0.925674,0.900555,-0.43263,-0.0428072,0.292759,0.676286,-0.675965,0.321393,0.596212,0.735689
0.749059,0.112856,0.813708,0.900555,-0.391898,-0.188194,0.292759,0.866695,-0.403896,0.321393,0.308635,0.895238
0.749059,0.144294,0.705998,0.900555,-0.303898,-0.310881,0.292759,0.952567,-0.0831112,0.321393,-0.0161671,0.946808
0.749059,0.210675,0.615537,0.900555,-0.179243,-0.396072,0.292759,0.923546,0.247698,0.321393,-0.339019,0.884179
0.749059,0.303992,0.553235,0.900555,-0.0329685,-0.433491,0.292759,0.783132,0.548632,0.321393,-0.620981,0.714905
0.749059,0.41299,0.526606,0.900555,0.117282,-0.418624,0.292759,0.54826,0.783392,0.321393,-0.828043,0.459403
0.654934,0.423083,0.638297,0.707258,0.0917687,-0.700974,0.558827,0.534747,0.633844,0.433011,-0.840015,0.326921
0.654934,0.495806,0.64727,0.707258,0.325982,-0.627314,0.558827,0.28571,0.778512,0.433011,-0.901169,0.0199034
0.654934,0.561074,0.680574,0.707258,0.520876,-0.47799,0.558827,0.00221287,0.829281,0.433011,-0.853629,-0.289515
0.654934,0.611016,0.734193,0.707258,0.652946,-0.271013,0.558827,-0.281551,0.780026,0.433011,-0.703129,-0.564013
0.654934,0.639607,0.80166,0.707258,0.70626,-0.0313484,0.558827,-0.531356,0.636689,0.433011,-0.467821,-0.770484
0.654934,0.643398,0.874837,0.707258,0.674389,0.212097,0.558827,-0.717072,0.416557,0.433011,-0.176087,-0.884022
0.654934,0.621933,0.944897,0.707258,0.561177,0.429961,0.558827,-0.816298,0.146182,0.433011,0.136885,-0.890934
0.654934,0.577801,1.00339,0.707258,0.380279,0.595965,0.558827,-0.817067,-0.141824,0.433011,0.433348,-0.790387
0.654934,0.516324,1.04326,0.707258,0.153513,0.690087,0.558827,-0.719285,-0.412724,0.433011,0.677542,-0.594507
0.654934,0.444917,1.0597,0.707258,-0.0917687,0.700974,0.558827,-0.534747,-0.633844,0.433011,0.840015,-0.326921
0.654934,0.372194,1.05073,0.707258,-0.325982,0.627314,0.558827,-0.28571,-0.778512,0.433011,0.901169,-0.0199034
0.654934,0.306926,1.01743,0.707258,-0.520876,0.47799,0.558827,-0.00221287,-0.829281,0.433011,0.853629,0.289515
0.654934,0.256984,0.963807,0.707258,-0.652946,0.271013,0.558827,0.281551,-0.780026,0.433011,0.703129,0.564013
0.654934,0.228393,0.89634,0.707258,-0.70626,0.0313484,0.558827,0.531356,-0.636689,0.433011,0.467821,0.770484
0.654934,0.224602,0.823163,0.707258,-0.674389,-0.212097,0.558827,0.717072,-0.416557,0.433011,0.176087,0.884022
0.654934,0.246067,0.753103,0.707258,-0.561177,-0.429961,0.558827,0.816298,-0.146182,0.433011,-0.136885,0.890934
0.654934,0.290199,0.694609,0.707258,-0.380279,-0.595965,0.558827,0.817067,0.141824,0.433011,-0.433348,0.790387
