0.658953,0.237756,0.86627,0.308961,0.193102,0.931265,0.951075,-0.0627264,-0.302526,-3.49349e-06,0.979172,-0.203034
0.907818,0.12912,0.573813,0.92986,0.238397,-0.280229,-0.179072,0.958619,0.22132,0.321394,-0.155615,0.934072
0.907818,0.233417,0.478691,0.92986,0.319864,-0.181792,-0.179072,0.825112,0.535839,0.321394,-0.465702,0.824517
0.907818,0.363957,0.424977,0.92986,0.36275,-0.0614288,-0.179072,0.592083,0.785729,0.321394,-0.719618,0.615513
0.907818,0.504996,0.41915,0.92986,0.361884,0.0663437,-0.179072,0.287641,0.940848,0.321394,-0.886737,0.332269
0.907818,0.639523,0.461913,0.92986,0.317369,0.186114,-0.179072,-0.0514948,0.982487,0.321394,-0.946903,0.00894899
0.907818,0.75131,0.548108,0.92986,0.234574,0.283437,-0.179072,-0.38442,0.905624,0.321394,-0.892859,-0.315451
0.907818,0.826876,0.667338,0.92986,0.123487,0.346572,-0.179072,-0.670978,0.719529,0.321394,-0.731122,-0.601802
0.907818,0.857106,0.805222,0.92986,-0.00249535,0.367906,-0.179072,-0.876606,0.446648,0.321394,-0.481202,-0.815568
0.907818,0.838353,0.94513,0.92986,-0.128176,0.344865,-0.179072,-0.976503,0.119895,0.321394,-0.173241,-0.930964
0.907818,0.77288,1.07019,0.92986,-0.238397,0.280229,-0.179072,-0.958619,-0.22132,0.321394,0.155615,-0.934072
0.907818,0.668583,1.16531,0.92986,-0.319864,0.181792,-0.179072,-0.825112,-0.535839,0.321394,0.465702,-0.824517
0.907818,0.538043,1.21902,0.92986,-0.36275,0.0614288,-0.179072,-0.592083,-0.785729,0.321394,0.719618,-0.615513
0.907818,0.397004,1.22485,0.92986,-0.361884,-0.0663437,-0.179072,-0.287641,-0.940848,0.321394,0.886737,-0.332269
0.907818,0.262477,1.18209,0.92986,-0.317369,-0.186114,-0.179072,0.0514948,-0.982487,0.321394,0.946903,-0.00894899
0.907818,0.15069,1.09589,0.92986,-0.234574,-0.283437,-0.179072,0.38442,-0.905624,0.321394,0.892859,0.315451
0.907818,0.0751238,0.976662,0.92986,-0.123487,-0.346572,-0.179072,0.670978,-0.719529,0.321394,0.731122,0.601802
0.907818,0.0448942,0.838778,0.92986,0.00249535,-0.367906,-0.179072,0.876606,-0.446648,0.321394,0.481202,0.815568
0.907818,0.063647,0.69887,0.92986,0.128176,-0.344865,-0.179072,0.976503,-0.119895,0.321394,0.173241,0.930964
0.907818,0.12912,0.573813,0.92986,0.238397,-0.280229,-0.179072,0.958619,0.22132,0.321394,-0.155615,0.934072
0.809114,0.140686,0.629592,0.796489,0.176593,-0.57829,-0.0275851,0.966018,0.257,0.604023,-0.188746,0.774294
0.809114,0.225208,0.535062,0.796489,0.36373,-0.483017,-0.0275851,0.819861,0.571898,0.604023,-0.442187,0.663044
0.809114,0.336963,0.475141,0.796489,0.506996,-0.329484,-0.0275851,0.574816,0.817818,0.604023,-0.642294,0.47182
0.809114,0.462473,0.457057,0.796489,0.58911,-0.136211,-0.0275851,0.26044,0.965096,0.604023,-0.764931,0.223689
0.809114,0.586599,0.482989,0.796489,0.60017,0.0734909,-0.0275851,-0.0853482,0.995969,0.604023,-0.795306,-0.0514233
0.809114,0.69437,0.549812,0.796489,0.53884,0.274329,-0.0275851,-0.420843,0.906714,0.604023,-0.729756,-0.320333
0.809114,0.772787,0.649464,0.796489,0.412518,0.442079,-0.0275851,-0.705577,0.708096,0.604023,-0.576186,-0.550605
0.809114,0.812391,0.769927,0.796489,0.23644,0.556508,-0.0275851,-0.905209,0.424071,0.604023,-0.353119,-0.714467
0.809114,0.808407,0.896671,0.796489,0.031844,0.603813,-0.0275851,-0.995659,0.0888966,0.604023,-0.0874615,-0.792153
0.809114,0.761314,1.01441,0.796489,-0.176593,0.57829,-0.0275851,-0.966018,-0.257,0.604023,0.188746,-0.774294
0.809114,0.676792,1.10894,0.796489,-0.36373,0.483017,-0.0275851,-0.819861,-0.571898,0.604023,0.442187,-0.663044
0.809114,0.565037,1.16886,0.796489,-0.506996,0.329484,-0.0275851,-0.574816,-0.817818,0.604023,0.642294,-0.47182
0.809114,0.439527,1.18694,0.796489,-0.58911,0.136211,-0.0275851,-0.26044,-0.965096,0.604023,0.764931,-0.223689
0.809114,0.315401,1.16101,0.796489,-0.60017,-0.0734909,-0.0275851,0.0853482,-0.995969,0.604023,0.795306,0.0514233
0.809114,0.20763,1.09419,0.796489,-0.53884,-0.274329,-0.0275851,0.420843,-0.906714,0.604023,0.729756,0.320333
0.809114,0.129213,0.994536,0.796489,-0.412518,-0.442079,-0.0275851,0.705577,-0.708096,0.604023,0.576186,0.550605
0.809114,0.0896085,0.874073,0.796489,-0.23644,-0.556508,-0.0275851,0.905209,-0.424071,0.604023,0.353119,0.714467
0.809114,0.0935931,0.747329,0.796489,-0.031844,-0.603813,-0.0275851,0.995659,-0.0888966,0.604023,0.0874615,0.792153
0.809114,0.140686,0.629592,0.796489,0.176593,-0.57829,-0.0275851,0.966018,0.257,0.604023,-0.188746,0.774294
0.735846,0.158409,0.715063,0.567051,0.127777,-0.813711,0.127229,0.96245,0.239796,0.813797,-0.239504,0.529501
0.735846,0.212629,0.62144,0.567051,0.398377,-0.720936,0.127229,0.822392,0.554512,0.813797,-0.406161,0.415653
0.735846,0.2956,0.552008,0.567051,0.620927,-0.541206,0.127229,0.583142,0.802345,0.813797,-0.523828,0.251671
0.735846,0.397315,0.51514,0.567051,0.768583,-0.296197,0.127229,0.273556,0.953404,0.813797,-0.578314,0.0573338
0.735846,0.505505,0.515285,0.567051,0.823538,-0.0154636,0.127229,-0.0690251,0.989469,0.813797,-0.563047,-0.143919
0.735846,0.60712,0.552424,0.567051,0.779161,0.267135,0.127229,-0.403281,0.906188,0.813797,-0.479868,-0.327813
0.735846,0.689906,0.622077,0.567051,0.640806,0.517514,0.127229,-0.688894,0.713609,0.813797,-0.338809,-0.472168
0.735846,0.743876,0.715845,0.567051,0.425161,0.705473,0.127229,-0.891418,0.434957,0.813797,-0.156886,-0.559572
0.735846,0.76252,0.822416,0.567051,0.158234,0.808341,0.127229,-0.986422,0.103843,0.813797,0.0439603,-0.579484
0.735846,0.743591,0.928937,0.567051,-0.127777,0.813711,0.127229,-0.96245,-0.239796,0.813797,0.239504,-0.529501
0.735846,0.689371,1.02256,0.567051,-0.398377,0.720936,0.127229,-0.822392,-0.554512,0.813797,0.406161,-0.415653
0.735846,0.6064,1.09199,0.567051,-0.620927,0.541206,0.127229,-0.583142,-0.802345,0.813797,0.523828,-0.251671
0.735846,0.504685,1.12886,0.567051,-0.768583,0.296197,0.127229,-0.273556,-0.953404,0.813797,0.578314,-0.0573338
0.735846,0.396495,1.12872,0.567051,-0.823538,0.0154636,0.127229,0.0690251,-0.989469,0.813797,0.563047,0.143919
0.735846,0.29488,1.09158,0.567051,-0.779161,-0.267135,0.127229,0.403281,-0.906188,0.813797,0.479868,0.327813
0.735846,0.212094,1.02192,0.567051,-0.640806,-0.517514,0.127229,0.688894,-0.713609,0.813797,0.338809,0.472168
0.735846,0.158124,0.928155,0.567051,-0.425161,-0.705473,0.127229,0.891418,-0.434957,0.813797,0.156886,0.559572
0.735846,0.13948,0.821584,0.567051,-0.158234,-0.808341,0.127229,0.986422,-0.103843,0.813797,-0.0439603,0.579484
0.735846,0.158409,0.715063,0.567051,0.127777,-0.813711,0.127229,0.96245,0.239796,0.813797,-0.239504,0.529501
0.696852,0.180151,0.819916,0.269218,0.0978382,-0.958097,0.266698,0.948347,0.171783,0.925416,-0.301769,0.229219
0.696852,0.197198,0.727406,0.269218,0.419626,-0.866854,0.266698,0.832402,0.485777,0.925416,-0.361968,0.112184
0.696852,0.244857,0.646305,0.269218,0.690801,-0.671056,0.266698,0.616057,0.741179,0.925416,-0.378508,-0.0183818
0.696852,0.31738,0.586396,0.269218,0.878655,-0.394318,0.266698,0.325406,0.907184,0.925416,-0.349394,-0.14673
0.696852,0.40602,0.554904,0.269218,0.960531,-0.07002,0.266698,-0.00449405,0.96377,0.925416,-0.278138,-0.257381
0.696852,0.500085,0.555628,0.269218,0.926552,0.262724,0.266698,-0.333852,0.90411,0.925416,-0.173335,-0.336988
0.696852,0.588229,0.58848,0.269218,0.780817,0.563779,0.266698,-0.622942,0.735402,0.925416,-0.0476246,-0.375949
0.696852,0.659822,0.649498,0.269218,0.540904,0.796834,0.266698,-0.836896,0.477993,0.925416,0.0838297,-0.369565
0.696852,0.706228,0.731322,0.269218,0.235751,0.933779,0.266698,-0.949908,0.162931,0.925416,0.205173,-0.318606
0.696852,0.721849,0.824084,0.269218,-0.0978382,0.958097,0.266698,-0.948347,-0.171783,0.925416,0.301769,-0.229219
0.696852,0.704802,0.916594,0.269218,-0.419626,0.866854,0.266698,-0.832402,-0.485777,0.925416,0.361968,-0.112184
0.696852,0.657143,0.997695,0.269218,-0.690801,0.671056,0.266698,-0.616057,-0.741179,0.925416,0.378508,0.0183818
0.696852,0.58462,1.0576,0.269218,-0.878655,0.394318,0.266698,-0.325406,-0.907184,0.925416,0.349394,0.14673
0.696852,0.49598,1.0891,0.269218,-0.960531,0.07002,0.266698,0.00449405,-0.96377,0.925416,0.278138,0.257381
0.696852,0.401915,1.08837,0.269218,-0.926552,-0.262724,0.266698,0.333852,-0.90411,0.925416,0.173335,0.336988
0.696852,0.313771,1.05552,0.269218,-0.780817,-0.563779,0.266698,0.622942,-0.735402,0.925416,0.0476246,0.375949
0.696852,0.242178,0.994502,0.269218,-0.540904,-0.796834,0.266698,0.836896,-0.477993,0.925416,-0.0838297,0.369565
0.696852,0.195772,0.912678,0.269218,-0.235751,-0.933779,0.266698,0.949908,-0.162931,0.925416,-0.205173,0.318606
0.696852,0.180151,0.819916,0.269218,0.0978382,-0.958097,0.266698,0.948347,0.171783,0.925416,-0.301769,0.229219
0.696834,0.203289,0.931505,-0.061087,0.0903869,-0.994031,0.373999,0.92541,0.0611636,0.925415,-0.36803,-0.0903352
0.696834,0.180775,0.840179,-0.061087,0.424915,-0.90317,0.373999,0.848682,0.373984,0.925415,-0.314939,-0.210761
0.696834,0.190854,0.74666,-0.061087,0.708192,-0.703373,0.373999,0.66959,0.641696,0.925415,-0.223861,-0.305766
0.696834,0.232311,0.662229,-0.061087,0.90605,-0.418738,0.373999,0.409736,0.83201,0.925415,-0.105783,-0.363891
0.696834,0.300144,0.597068,-0.061087,0.994625,-0.083598,0.373999,0.100461,0.921972,0.925415,0.025055,-0.378126
0.696834,0.386173,0.559037,-0.061087,0.963234,0.261626,0.373999,-0.22093,0.90073,0.925415,0.152871,-0.346752
0.696834,0.480021,0.552724,-0.061087,0.815663,0.575293,0.373999,-0.515674,0.770847,0.925415,0.262248,-0.273556
0.696834,0.570369,0.578889,-0.061087,0.569711,0.819572,0.373999,-0.74822,0.547988,0.925415,0.339994,-0.167365
0.696834,0.646319,0.634377,-0.061087,0.255043,0.964998,0.373999,-0.89052,0.259034,0.925415,0.376732,-0.0409865
0.696834,0.698711,0.712495,-0.061087,-0.0903869,0.994031,0.373999,-0.92541,-0.0611636,0.925415,0.36803,0.0903352
0.696834,0.721225,0.803821,-0.061087,-0.424915,0.90317,0.373999,-0.848682,-0.373984,0.925415,0.314939,0.210761
0.696834,0.711146,0.89734,-0.061087,-0.708192,0.703373,0.373999,-0.66959,-0.641696,0.925415,0.223861,0.305766
0.696834,0.669689,0.981771,-0.061087,-0.90605,0.418738,0.373999,-0.409736,-0.83201,0.925415,0.105783,0.363891
0.696834,0.601856,1.04693,-0.061087,-0.994625,0.083598,0.373999,-0.100461,-0.921972,0.925415,-0.025055,0.378126
0.696834,0.515827,1.08496,-0.061087,-0.963234,-0.261626,0.373999,0.22093,-0.90073,0.925415,-0.152871,0.346752
0.696834,0.421979,1.09128,-0.061087,-0.815663,-0.575293,0.373999,0.515674,-0.770847,0.925415,-0.262248,0.273556
0.696834,0.331631,1.06511,-0.061087,-0.569711,-0.819572,0.373999,0.74822,-0.547988,0.925415,-0.339994,0.167365
0.696834,0.255681,1.00962,-0.061087,-0.255043,-0.964998,0.373999,0.89052,-0.259034,0.925415,-0.376732,0.0409865
0.696834,0.203289,0.931505,-0.061087,0.0903869,-0.994031,0.373999,0.92541,0.0611636,0.925415,-0.36803,-0.0903352
0.735794,0.225034,1.03637,-0.384024,0.106322,-0.917181,0.43619,0.896405,-0.078719,0.813796,-0.430295,-0.390618
0.735794,0.165342,0.946157,-0.384024,0.413605,-0.825504,0.43619,0.869269,0.232617,0.813796,-0.270746,-0.51423
0.735794,0.140105,0.840969,-0.384024,0.671,-0.634259,0.43619,0.737286,0.515896,0.813796,-0.0785411,-0.575819
0.735794,0.152367,0.733493,-0.384024,0.847463,-0.366513,0.43619,0.516375,0.73695,0.813796,0.123137,-0.567955
0.735794,0.200648,0.636692,-0.384024,0.92171,-0.0545599,0.43619,0.233182,0.869117,0.813796,0.309963,-0.491588
0.735794,0.279125,0.562242,-0.384024,0.884784,0.263974,0.43619,-0.078136,0.896456,0.813796,0.459403,-0.355928
0.735794,0.378333,0.519122,-0.384024,0.741141,0.550668,0.43619,-0.38003,0.815669,0.813796,0.553432,-0.177338
0.735794,0.486306,0.512534,-0.384024,0.508105,0.770944,0.43619,-0.636086,0.6365,0.813796,0.580709,0.022642
0.735794,0.59002,0.543273,-0.384024,0.213784,0.898233,0.43619,-0.815422,0.38056,0.813796,0.537944,0.219891
0.735794,0.676966,0.60763,-0.384024,-0.106322,0.917181,0.43619,-0.896405,0.078719,0.813796,0.430295,0.390618
0.735794,0.736658,0.697843,-0.384024,-0.413605,0.825504,0.43619,-0.869269,-0.232617,0.813796,0.270746,0.51423
0.735794,0.761895,0.803031,-0.384024,-0.671,0.634259,0.43619,-0.737286,-0.515896,0.813796,0.0785411,0.575819
0.735794,0.749633,0.910507,-0.384024,-0.847463,0.366513,0.43619,-0.516375,-0.73695,0.813796,-0.123137,0.567955
0.735794,0.701352,1.00731,-0.384024,-0.92171,0.0545599,0.43619,-0.233182,-0.869117,0.813796,-0.309963,0.491588
0.735794,0.622875,1.08176,-0.384024,-0.884784,-0.263974,0.43619,0.078136,-0.896456,0.813796,-0.459403,0.355928
0.735794,0.523667,1.12488,-0.384024,-0.741141,-0.550668,0.43619,0.38003,-0.815669,0.813796,-0.553432,0.177338
0.735794,0.415694,1.13147,-0.384024,-0.508105,-0.770944,0.43619,0.636086,-0.6365,0.813796,-0.580709,-0.022642
0.735794,0.31198,1.10073,-0.384024,-0.213784,-0.898233,0.43619,0.815422,-0.38056,0.813796,-0.537944,-0.219891
0.735794,0.225034,1.03637,-0.384024,0.106322,-0.917181,0.43619,0.896405,-0.078719,0.813796,-0.430295,-0.390618
0.809034,0.242761,1.12186,-0.660642,0.143722,-0.736815,0.44577,0.86483,-0.230993,0.604021,-0.481054,-0.63541
0.809034,0.15276,1.03256,-0.660642,0.38706,-0.643224,0.44577,0.891679,0.0787267,0.604021,-0.23472,-0.76162
0.809034,0.098731,0.917856,-0.660642,0.583713,-0.47205,0.44577,0.810978,0.378951,0.604021,0.0399249,-0.795968
0.809034,0.0871908,0.791592,-0.660642,0.709962,-0.243941,0.44577,0.632461,0.633468,0.604021,0.309754,-0.73431
0.809034,0.119531,0.668995,-0.660642,0.750578,0.0135918,0.44577,0.37766,0.81158,0.604021,0.542222,-0.584083
0.809034,0.191852,0.564854,-0.660642,0.700664,0.269485,0.44577,0.0773077,0.891803,0.604021,0.709291,-0.363408
0.809034,0.29543,0.491728,-0.660642,0.56624,0.492874,0.44577,-0.232369,0.864461,0.604021,0.790808,-0.0989
0.809034,0.417772,0.458438,-0.660642,0.363518,0.656816,0.44577,-0.514019,0.732853,0.604021,0.776942,0.177537
0.809034,0.544121,0.468998,-0.660642,0.116951,0.741536,0.44577,-0.73367,0.512852,0.604021,0.669366,0.43256
0.809034,0.659239,0.522136,-0.660642,-0.143722,0.736815,0.44577,-0.86483,0.230993,0.604021,0.481054,0.63541
0.809034,0.74924,0.611442,-0.660642,-0.38706,0.643224,0.44577,-0.891679,-0.0787267,0.604021,0.23472,0.76162
0.809034,0.803269,0.726144,-0.660642,-0.583713,0.47205,0.44577,-0.810978,-0.378951,0.604021,-0.0399249,0.795968
0.809034,0.814809,0.852408,-0.660642,-0.709962,0.243941,0.44577,-0.632461,-0.633468,0.604021,-0.309754,0.73431
0.809034,0.782469,0.975005,-0.660642,-0.750578,-0.0135918,0.44577,-0.37766,-0.81158,0.604021,-0.542222,0.584083
0.809034,0.710148,1.07915,-0.660642,-0.700664,-0.269485,0.44577,-0.0773077,-0.891803,0.604021,-0.709291,0.363408
0.809034,0.60657,1.15227,-0.660642,-0.56624,-0.492874,0.44577,0.232369,-0.864461,0.604021,-0.790808,0.0989
0.809034,0.484228,1.18556,-0.660642,-0.363518,-0.656816,0.44577,0.514019,-0.732853,0.604021,-0.776942,-0.177537
0.809034,0.357879,1.175,-0.660642,-0.116951,-0.741536,0.44577,0.73367,-0.512852,0.604021,-0.669366,-0.43256
0.809034,0.242761,1.12186,-0.660642,0.143722,-0.736815,0.44577,0.86483,-0.230993,0.604021,-0.481054,-0.63541
0.90772,0.254333,1.17767,-0.857576,0.198075,-0.474688,0.401584,0.834494,-0.377293,0.321392,-0.514184,-0.795186
0.90772,0.144546,1.08896,-0.857576,0.348483,-0.378315,0.401584,0.91321,-0.0691251,0.321392,-0.211205,-0.923092
0.90772,0.0717221,0.968047,-0.857576,0.456858,-0.236312,0.401584,0.881779,0.24738,0.321392,0.117248,-0.939659
0.90772,0.0446443,0.829519,-0.857576,0.51013,-0.065806,0.401584,0.743992,0.534047,0.321392,0.43156,-0.84289
0.90772,0.0665791,0.690083,-0.857576,0.501872,0.112637,0.401584,0.516469,0.7563,0.321392,0.693819,-0.644455
0.90772,0.134881,0.566559,-0.857576,0.433081,0.277495,0.401584,0.226652,0.887333,0.321392,0.872393,-0.36829
0.90772,0.241311,0.473845,-0.857576,0.312054,0.408882,0.401584,-0.0905022,0.91134,0.321392,0.945744,-0.0477034
0.90772,0.373033,0.423123,-0.857576,0.153389,0.490952,0.401584,-0.396741,0.825425,0.321392,0.905024,0.278637
0.90772,0.514159,0.420512,-0.857576,-0.0237768,0.513807,0.401584,-0.655127,0.639953,0.321392,0.755145,0.571369
0.90772,0.647667,0.466326,-0.857576,-0.198075,0.474688,0.401584,-0.834494,0.377293,0.321392,0.514184,0.795186
0.90772,0.757454,0.55504,-0.857576,-0.348483,0.378315,0.401584,-0.91321,0.0691251,0.321392,0.211205,0.923092
0.90772,0.830278,0.675953,-0.857576,-0.456858,0.236312,0.401584,-0.881779,-0.24738,0.321392,-0.117248,0.939659
0.90772,0.857356,0.814481,-0.857576,-0.51013,0.065806,0.401584,-0.743992,-0.534047,0.321392,-0.43156,0.84289
0.90772,0.835421,0.953917,-0.857576,-0.501872,-0.112637,0.401584,-0.516469,-0.7563,0.321392,-0.693819,0.644455
0.90772,0.767119,1.07744,-0.857576,-0.433081,-0.277495,0.401584,-0.226652,-0.887333,0.321392,-0.872393,0.36829
0.90772,0.660689,1.17016,-0.857576,-0.312054,-0.408882,0.401584,0.0905022,-0.91134,0.321392,-0.945744,0.0477034
0.90772,0.528967,1.22088,-0.857576,-0.153389,-0.490952,0.401584,0.396741,-0.825425,0.321392,-0.905024,-0.278637
0.90772,0.387841,1.22349,-0.857576,0.0237768,-0.513807,0.401584,0.655127,-0.639953,0.321392,-0.755145,-0.571369
0.90772,0.254333,1.17767,-0.857576,0.198075,-0.474688,0.401584,0.834494,-0.377293,0.321392,-0.514184,-0.795186
0.883612,0.241147,0.482665,0.961642,0.203593,-0.183833,-0.0812368,0.851482,0.518054,0.262003,-0.483248,0.83536
0.883612,0.369862,0.431355,0.961642,0.25419,-0.103114,-0.0812368,0.622946,0.778035,0.262003,-0.739814,0.619701
0.883612,0.508364,0.427163,0.961642,0.274127,-0.00995704,-0.0812368,0.319274,0.944174,0.262003,-0.907148,0.329297
0.883612,0.639946,0.470594,0.961642,0.261001,0.0844005,-0.0812368,-0.0229067,0.996432,0.262003,-0.965067,-0.000825159
0.883612,0.748739,0.55641,0.961642,0.216394,0.168578,-0.0812368,-0.362325,0.928505,0.262003,-0.906584,-0.330848
0.883612,0.82162,0.67426,0.961642,0.145687,0.232423,-0.0812368,-0.658041,0.748587,0.262003,-0.738754,-0.620965
0.883612,0.849799,0.80993,0.961642,0.0574075,0.268234,-0.0812368,-0.874388,0.478378,0.262003,-0.481819,-0.836185
0.883612,0.829877,0.947055,0.961642,-0.0377959,0.271692,-0.0812368,-0.985271,0.15047,0.262003,-0.166769,-0.950548
0.883612,0.764257,1.0691,0.961642,-0.128441,0.24238,-0.0812368,-0.977316,-0.195587,0.262003,0.168395,-0.950262
0.883612,0.660853,1.16134,0.961642,-0.203593,0.183833,-0.0812368,-0.851482,-0.518054,0.262003,0.483248,-0.83536
0.883612,0.532138,1.21264,0.961642,-0.25419,0.103114,-0.0812368,-0.622946,-0.778035,0.262003,0.739814,-0.619701
0.883612,0.393636,1.21684,0.961642,-0.274127,0.00995704,-0.0812368,-0.319274,-0.944174,0.262003,0.907148,-0.329297
0.883612,0.262054,1.17341,0.961642,-0.261001,-0.0844005,-0.0812368,0.0229067,-0.996432,0.262003,0.965067,0.000825159
0.883612,0.153261,1.08759,0.961642,-0.216394,-0.168578,-0.0812368,0.362325,-0.928505,0.262003,0.906584,0.330848
0.883612,0.0803795,0.96974,0.961642,-0.145687,-0.232423,-0.0812368,0.658041,-0.748587,0.262003,0.738754,0.620965
0.883612,0.0522007,0.83407,0.961642,-0.0574075,-0.268234,-0.0812368,0.874388,-0.478378,0.262003,0.481819,0.836185
0.883612,0.0721229,0.696945,0.961642,0.0377959,-0.271692,-0.0812368,0.985271,-0.15047,0.262003,0.166769,0.950548
0.883612,0.137743,0.574903,0.961642,0.128441,-0.24238,-0.0812368,0.977316,0.195587,0.262003,-0.168395,0.950262
0.883612,0.241147,0.482665,0.961642,0.203593,-0.183833,-0.0812368,0.851482,0.518054,0.262003,-0.483248,0.83536
0.763622,0.255208,0.550477,0.856221,0.138513,-0.497695,0.156285,0.848795,0.505096,0.492403,-0.510256,0.705108
0.763622,0.359882,0.499888,0.856221,0.300381,-0.420306,0.156285,0.624853,0.76494,0.492403,-0.720645,0.488067
0.763622,0.475546,0.488149,0.856221,0.426019,-0.292222,0.156285,0.325545,0.932521,0.492403,-0.844114,0.212158
0.763622,0.58825,0.516678,0.856221,0.500273,-0.128892,0.156285,-0.0130286,0.987626,0.492403,-0.86577,-0.0893407
0.763622,0.684399,0.582033,0.856221,0.514186,0.0499847,0.156285,-0.350031,0.923609,0.492403,-0.783001,-0.380064
0.763622,0.752396,0.676332,0.856221,0.466081,0.222832,0.156285,-0.644814,0.748191,0.492403,-0.605791,-0.624945
0.763622,0.784041,0.788201,0.856221,0.36176,0.368803,0.156285,-0.861823,0.48253,0.492403,-0.355514,-0.794449
0.763622,0.775516,0.904146,0.856221,0.213805,0.470291,0.156285,-0.974884,0.158669,0.492403,-0.0623559,-0.868131
0.763622,0.72785,1.01018,0.856221,0.0400622,0.515055,0.156285,-0.970359,-0.18433,0.492403,0.238323,-0.837103
0.763622,0.646792,1.09352,0.856221,-0.138513,0.497695,0.156285,-0.848795,-0.505096,0.492403,0.510256,-0.705108
0.763622,0.542118,1.14411,0.856221,-0.300381,0.420306,0.156285,-0.624853,-0.76494,0.492403,0.720645,-0.488067
0.763622,0.426454,1.15585,0.856221,-0.426019,0.292222,0.156285,-0.325545,-0.932521,0.492403,0.844114,-0.212158
0.763622,0.31375,1.12732,0.856221,-0.500273,0.128892,0.156285,0.0130286,-0.987626,0.492403,0.86577,0.0893407
0.763622,0.217601,1.06197,0.856221,-0.514186,-0.0499847,0.156285,0.350031,-0.923609,0.492403,0.783001,0.380064
0.763622,0.149604,0.967668,0.856221,-0.466081,-0.222832,0.156285,0.644814,-0.748191,0.492403,0.605791,0.624945
0.763622,0.117959,0.855799,0.856221,-0.36176,-0.368803,0.156285,0.861823,-0.48253,0.492403,0.355514,0.794449
0.763622,0.126484,0.739854,0.856221,-0.213805,-0.470291,0.156285,0.974884,-0.158669,0.492403,0.0623559,0.868131
0.763622,0.17415,0.633817,0.856221,-0.0400622,-0.515055,0.156285,0.970359,0.18433,0.492403,-0.238323,0.837103
0.763622,0.255208,0.550477,0.856221,0.138513,-0.497695,0.156285,0.848795,0.505096,0.492403,-0.510256,0.705108
0.674556,0.276754,0.654385,0.647527,0.0846777,-0.757324,0.374957,0.829776,0.413375,0.663413,-0.551635,0.505552
0.674556,0.34459,0.604897,0.647527,0.338591,-0.68269,0.374957,0.638352,0.672245,0.663413,-0.691276,0.286393
0.674556,0.425261,0.581596,0.647527,0.551665,-0.525714,0.374957,0.369933,0.850033,0.663413,-0.747539,0.0326908
0.674556,0.509036,0.587291,0.647527,0.6982,-0.305329,0.374957,0.056895,0.925295,0.663413,-0.713638,-0.224954
0.674556,0.585811,0.621295,0.647527,0.760522,-0.0481166,0.374957,-0.263006,0.888952,0.663413,-0.593662,-0.455466
0.674556,0.646326,0.679507,0.647527,0.731114,0.214899,0.374957,-0.551184,0.745388,0.663413,-0.402081,-0.631043
0.674556,0.683282,0.754906,0.647527,0.613523,0.451995,0.374957,-0.772881,0.51192,0.663413,-0.162003,-0.730506
0.674556,0.692221,0.838398,0.647527,0.421931,0.634573,0.374957,-0.901358,0.216706,0.663413,0.0976147,-0.741859
0.674556,0.672066,0.919911,0.647527,0.179449,0.740613,0.374957,-0.921117,-0.104645,0.663413,0.345459,-0.663733
0.674556,0.625246,0.989615,0.647527,-0.0846777,0.757324,0.374957,-0.829776,-0.413375,0.663413,0.551635,-0.505552
0.674556,0.55741,1.0391,0.647527,-0.338591,0.68269,0.374957,-0.638352,-0.672245,0.663413,0.691276,-0.286393
0.674556,0.476739,1.0624,0.647527,-0.551665,0.525714,0.374957,-0.369933,-0.850033,0.663413,0.747539,-0.0326908
0.674556,0.392964,1.05671,0.647527,-0.6982,0.305329,0.374957,-0.056895,-0.925295,0.663413,0.713638,0.224954
0.674556,0.316189,1.0227,0.647527,-0.760522,0.0481166,0.374957,0.263006,-0.888952,0.663413,0.593662,0.455466
0.674556,0.255674,0.964493,0.647527,-0.731114,-0.214899,0.374957,0.551184,-0.745388,0.663413,0.402081,0.631043
0.674556,0.218718,0.889094,0.647527,-0.613523,-0.451995,0.374957,0.772881,-0.51192,0.663413,0.162003,0.730506
0.674556,0.209779,0.805602,0.647527,-0.421931,-0.634573,0.374957,0.901358,-0.216706,0.663413,-0.0976147,0.741859
0.674556,0.229934,0.724089,0.647527,-0.179449,-0.740613,0.374957,0.921117,0.104645,0.663413,-0.345459,0.663733
0.674556,0.276754,0.654385,0.647527,0.0846777,-0.757324,0.374957,0.829776,0.413375,0.663413,-0.551635,0.505552
0.627155,0.303185,0.781853,0.360731,0.0485814,-0.931404,0.548404,0.796719,0.253952,0.754404,-0.602394,0.260759
0.627155,0.32583,0.733719,0.360731,0.36421,-0.858617,0.548404,0.661814,0.511131,0.754404,-0.65525,0.0390028
0.627155,0.363573,0.696232,0.360731,0.63591,-0.682269,0.548404,0.447085,0.70666,0.754404,-0.629073,-0.187458
0.627155,0.411861,0.673915,0.360731,0.83091,-0.423629,0.548404,0.17843,0.816955,0.754404,-0.527021,-0.391309
0.627155,0.464869,0.669459,0.360731,0.92569,-0.113893,0.548404,-0.111745,0.828714,0.754404,-0.361402,-0.547962
0.627155,0.516204,0.683402,0.360731,0.908817,0.20958,0.548404,-0.388443,0.740517,0.754404,-0.152193,-0.638523
0.627155,0.559675,0.714062,0.360731,0.782328,0.507775,0.548404,-0.618289,0.563003,0.754404,0.0753727,-0.652068
0.627155,0.590038,0.75774,0.360731,0.561479,0.744724,0.548404,-0.77356,0.317582,0.754404,0.293848,-0.586965
0.627155,0.603631,0.80917,0.360731,0.272907,0.891849,0.548404,-0.835528,0.0338568,0.754404,0.47688,-0.451064
0.627155,0.598815,0.862147,0.360731,-0.0485814,0.931404,0.548404,-0.796719,-0.253952,0.754404,0.602394,-0.260759
0.627155,0.57617,0.910281,0.360731,-0.36421,0.858617,0.548404,-0.661814,-0.511131,0.754404,0.65525,-0.0390028
0.627155,0.538427,0.947768,0.360731,-0.63591,0.682269,0.548404,-0.447085,-0.70666,0.754404,0.629073,0.187458
0.627155,0.490139,0.970085,0.360731,-0.83091,0.423629,0.548404,-0.17843,-0.816955,0.754404,0.527021,0.391309
0.627155,0.437131,0.974541,0.360731,-0.92569,0.113893,0.548404,0.111745,-0.828714,0.754404,0.361402,0.547962
0.627155,0.385796,0.960598,0.360731,-0.908817,-0.20958,0.548404,0.388443,-0.740517,0.754404,0.152193,0.638523
0.627155,0.342325,0.929938,0.360731,-0.782328,-0.507775,0.548404,0.618289,-0.563003,0.754404,-0.0753727,0.652068
0.627155,0.311962,0.88626,0.360731,-0.561479,-0.744724,0.548404,0.77356,-0.317582,0.754404,-0.293848,0.586965
0.627155,0.298369,0.83483,0.360731,-0.272907,-0.891849,0.548404,0.835528,-0.0338568,0.754404,-0.47688,0.451064
0.627155,0.303185,0.781853,0.360731,0.0485814,-0.931404,0.548404,0.796719,0.253952,0.754404,-0.602394,0.260759
0.627137,0.331314,0.917509,0.0304265,0.0345777,-0.998939,0.655705,0.753611,0.0460579,0.754404,-0.65641,0.000257006
0.627137,0.305866,0.870814,0.0304265,0.37415,-0.926869,0.655705,0.69241,0.30103,0.754404,-0.616912,-0.224264
0.627137,0.297923,0.818232,0.0304265,0.668594,-0.743005,0.655705,0.547694,0.519694,0.754404,-0.503005,-0.421735
0.627137,0.308443,0.766104,0.0304265,0.882395,-0.469524,0.655705,0.336918,0.675675,0.754404,-0.328428,-0.568339
0.627137,0.336158,0.720717,0.0304265,0.989767,-0.139411,0.655705,0.0855051,0.75016,0.754404,-0.114238,-0.646393
0.627137,0.377725,0.687547,0.0304265,0.977758,0.207516,0.655705,-0.176221,0.734164,0.754404,0.113731,-0.646483
0.627137,0.428129,0.670594,0.0304265,0.847817,0.529415,0.655705,-0.416693,0.629618,0.754404,0.327983,-0.568596
0.627137,0.481292,0.671903,0.0304265,0.615617,0.787458,0.655705,-0.606905,0.44913,0.754404,0.502674,-0.422129
0.627137,0.530802,0.691315,0.0304265,0.309165,0.950522,0.655705,-0.723916,0.21447,0.754404,0.616736,-0.224747
0.627137,0.570686,0.726491,0.0304265,-0.0345777,0.998939,0.655705,-0.753611,-0.0460579,0.754404,0.65641,-0.000257006
0.627137,0.596134,0.773186,0.0304265,-0.37415,0.926869,0.655705,-0.69241,-0.30103,0.754404,0.616912,0.224264
0.627137,0.604077,0.825768,0.0304265,-0.668594,0.743005,0.655705,-0.547694,-0.519694,0.754404,0.503005,0.421735
0.627137,0.593557,0.877896,0.0304265,-0.882395,0.469524,0.655705,-0.336918,-0.675675,0.754404,0.328428,0.568339
0.627137,0.565842,0.923283,0.0304265,-0.989767,0.139411,0.655705,-0.0855051,-0.75016,0.754404,0.114238,0.646393
0.627137,0.524275,0.956453,0.0304265,-0.977758,-0.207516,0.655705,0.176221,-0.734164,0.754404,-0.113731,0.646483
0.627137,0.473871,0.973406,0.0304265,-0.847817,-0.529415,0.655705,0.416693,-0.629618,0.754404,-0.327983,0.568596
0.627137,0.420708,0.972097,0.0304265,-0.615617,-0.787458,0.655705,0.606905,-0.44913,0.754404,-0.502674,0.422129
0.627137,0.371198,0.952685,0.0304265,-0.309165,-0.950522,0.655705,0.723916,-0.21447,0.754404,-0.616736,0.224747
0.627137,0.331314,0.917509,0.0304265,0.0345777,-0.998939,0.655705,0.753611,0.0460579,0.754404,-0.65641,0.000257006
0.674504,0.357748,1.04499,-0.303548,0.0443556,-0.951783,0.683918,0.705652,-0.185234,0.663411,-0.707169,-0.244535
0.674504,0.287104,0.999648,-0.303548,0.36721,-0.879213,0.683918,0.72645,0.0672843,0.663411,-0.580886,-0.471654
0.674504,0.236229,0.932879,-0.303548,0.645773,-0.700597,0.683918,0.659627,0.311687,0.663411,-0.384539,-0.641884
0.674504,0.211259,0.852736,-0.303548,0.846446,-0.437478,0.683918,0.513243,0.518496,0.663411,-0.141811,-0.734694
0.674504,0.215204,0.768886,-0.303548,0.945026,-0.121594,0.683918,0.304955,0.662766,0.663411,0.118021,-0.738889
0.674504,0.24759,0.691443,-0.303548,0.929621,0.208957,0.683918,0.0598845,0.727097,0.663411,0.363619,-0.653962
0.674504,0.304511,0.629746,-0.303548,0.802091,0.514305,0.683918,-0.192409,0.703729,0.663411,0.565358,-0.490159
0.674504,0.3791,0.591238,-0.303548,0.577816,0.757619,0.683918,-0.421495,0.595482,0.663411,0.698907,-0.267235
0.674504,0.462361,0.580563,-0.303548,0.283848,0.909554,0.683918,-0.599742,0.41541,0.663411,0.748157,-0.0120783
0.674504,0.544252,0.59901,-0.303548,-0.0443556,0.951783,0.683918,-0.705652,0.185234,0.663411,0.707169,0.244535
0.674504,0.614896,0.644352,-0.303548,-0.36721,0.879213,0.683918,-0.72645,-0.0672843,0.663411,0.580886,0.471654
0.674504,0.665771,0.711121,-0.303548,-0.645773,0.700597,0.683918,-0.659627,-0.311687,0.663411,0.384539,0.641884
0.674504,0.690741,0.791264,-0.303548,-0.846446,0.437478,0.683918,-0.513243,-0.518496,0.663411,0.141811,0.734694
0.674504,0.686796,0.875114,-0.303548,-0.945026,0.121594,0.683918,-0.304955,-0.662766,0.663411,-0.118021,0.738889
0.674504,0.65441,0.952557,-0.303548,-0.929621,-0.208957,0.683918,-0.0598845,-0.727097,0.663411,-0.363619,0.653962
0.674504,0.597489,1.01425,-0.303548,-0.802091,-0.514305,0.683918,0.192409,-0.703729,0.663411,-0.565358,0.490159
0.674504,0.5229,1.05276,-0.303548,-0.577816,-0.757619,0.683918,0.421495,-0.595482,0.663411,-0.698907,0.267235
0.674504,0.439639,1.06344,-0.303548,-0.283848,-0.909554,0.683918,0.599742,-0.41541,0.663411,-0.748157,0.0120783
0.674504,0.357748,1.04499,-0.303548,0.0443556,-0.951783,0.683918,0.705652,-0.185234,0.663411,-0.707169,-0.244535
0.763543,0.379298,1.14892,-0.60091,0.0767359,-0.795624,0.629641,0.658626,-0.412025,0.492402,-0.748548,-0.444091
0.763543,0.271809,1.10468,-0.60091,0.344228,-0.721397,0.629641,0.759827,-0.161914,0.492402,-0.551517,-0.673328
0.763543,0.185933,1.02635,-0.60091,0.570201,-0.560159,0.629641,0.769381,0.107727,0.492402,-0.287965,-0.821351
0.763543,0.132028,0.923364,-0.60091,0.727399,-0.331357,0.629641,0.686137,0.364374,0.492402,0.0103203,-0.870307
0.763543,0.116596,0.808157,-0.60091,0.796862,-0.0625887,0.629641,0.520135,0.577072,0.492402,0.30736,-0.814291
0.763543,0.141497,0.694618,-0.60091,0.770212,0.213729,0.629641,0.291397,0.720167,0.492402,0.567328,-0.66006
0.763543,0.20373,0.596444,-0.60091,0.650663,0.464267,0.629641,0.0275116,0.776399,0.492402,0.758868,-0.426216
0.763543,0.295787,0.525475,-0.60091,0.452634,0.658809,0.629641,-0.239692,0.738986,0.492402,0.858877,-0.140964
0.763543,0.406564,0.490272,-0.60091,0.200011,0.773888,0.629641,-0.477985,0.61244,0.492402,0.855293,0.161291
0.763543,0.522702,0.49508,-0.60091,-0.0767359,0.795624,0.629641,-0.658626,0.412025,0.492402,0.748548,0.444091
0.763543,0.630191,0.539319,-0.60091,-0.344228,0.721397,0.629641,-0.759827,0.161914,0.492402,0.551517,0.673328
0.763543,0.716067,0.617654,-0.60091,-0.570201,0.560159,0.629641,-0.769381,-0.107727,0.492402,0.287965,0.821351
0.763543,0.769972,0.720636,-0.60091,-0.727399,0.331357,0.629641,-0.686137,-0.364374,0.492402,-0.0103203,0.870307
0.763543,0.785404,0.835843,-0.60091,-0.796862,0.0625887,0.629641,-0.520135,-0.577072,0.492402,-0.30736,0.814291
0.763543,0.760503,0.949382,-0.60091,-0.770212,-0.213729,0.629641,-0.291397,-0.720167,0.492402,-0.567328,0.66006
0.763543,0.69827,1.04756,-0.60091,-0.650663,-0.464267,0.629641,-0.0275116,-0.776399,0.492402,-0.758868,0.426216
0.763543,0.606213,1.11852,-0.60091,-0.452634,-0.658809,0.629641,0.239692,-0.738986,0.492402,-0.858877,0.140964
0.763543,0.495436,1.15373,-0.60091,-0.200011,-0.773888,0.629641,0.477985,-0.61244,0.492402,-0.855293,-0.161291
0.763543,0.379298,1.14892,-0.60091,0.0767359,-0.795624,0.629641,0.658626,-0.412025,0.492402,-0.748548,-0.444091
0.883514,0.393366,1.21676,-0.825794,0.127813,-0.549298,0.499419,0.618205,-0.606962,0.262001,-0.775556,-0.574342
0.883514,0.261824,1.17324,-0.825794,0.307976,-0.472456,0.499419,0.788516,-0.35892,0.262001,-0.532348,-0.804961
0.883514,0.1531,1.08736,-0.825794,0.450992,-0.33863,0.499419,0.86372,-0.0675859,0.262001,-0.22493,-0.938489
0.883514,0.0803076,0.969469,-0.825794,0.539612,-0.16396,0.499419,0.834747,0.2319,0.262001,0.109617,-0.958822
0.883514,0.0522257,0.833791,-0.825794,0.563147,0.0304865,0.499419,0.705091,0.503415,0.262001,0.430943,-0.863507
0.883514,0.0722419,0.696691,-0.825794,0.518758,0.221256,0.499419,0.490391,0.714211,0.262001,0.70029,-0.66404
0.883514,0.137942,0.574705,-0.825794,0.411799,0.385338,0.499419,0.216543,0.838862,0.262001,0.885173,-0.38448
0.883514,0.241401,0.482547,-0.825794,0.255171,0.502943,0.499419,-0.0834243,0.862334,0.262001,0.96329,-0.0585463
0.883514,0.370141,0.431332,-0.825794,0.0677661,0.559886,0.499419,-0.373329,0.781797,0.262001,0.925221,0.274449
0.883514,0.508634,0.427236,-0.825794,-0.127813,0.549298,0.499419,-0.618205,0.606962,0.262001,0.775556,0.574342
0.883514,0.640176,0.470756,-0.825794,-0.307976,0.472456,0.499419,-0.788516,0.35892,0.262001,0.532348,0.804961
0.883514,0.7489,0.55664,-0.825794,-0.450992,0.33863,0.499419,-0.86372,0.0675859,0.262001,0.22493,0.938489
0.883514,0.821692,0.674531,-0.825794,-0.539612,0.16396,0.499419,-0.834747,-0.2319,0.262001,-0.109617,0.958822
0.883514,0.849774,0.810209,-0.825794,-0.563147,-0.0304865,0.499419,-0.705091,-0.503415,0.262001,-0.430943,0.863507
0.883514,0.829758,0.947309,-0.825794,-0.518758,-0.221256,0.499419,-0.490391,-0.714211,0.262001,-0.70029,0.66404
0.883514,0.764058,1.06929,-0.825794,-0.411799,-0.385338,0.499419,-0.216543,-0.838862,0.262001,-0.885173,0.38448
0.883514,0.660599,1.16145,-0.825794,-0.255171,-0.502943,0.499419,0.0834243,-0.862334,0.262001,-0.96329,0.0585463
0.883514,0.531859,1.21267,-0.825794,-0.0677661,-0.559886,0.499419,0.373329,-0.781797,0.262001,-0.925221,-0.274449
0.883514,0.393366,1.21676,-0.825794,0.127813,-0.549298,0.499419,0.618205,-0.606962,0.262001,-0.775556,-0.574342
0.875863,0.378485,0.432443,0.985232,0.136267,-0.103682,-0.00862081,0.644231,0.764783,0.17101,-0.752594,0.635891
0.875863,0.516094,0.431135,0.985232,0.163511,-0.050823,-0.00862081,0.343808,0.939,0.17101,-0.924695,0.34014
0.875863,0.645852,0.476971,0.985232,0.171032,0.00816601,-0.00862081,0.00191657,0.999961,0.17101,-0.985264,0.00336271
0.875863,0.752108,0.564422,0.985232,0.157925,0.0661701,-0.00862081,-0.340206,0.940311,0.17101,-0.926995,-0.33382
0.875863,0.822046,0.682941,0.985232,0.125769,0.116193,-0.00862081,-0.641294,0.767247,0.17101,-0.756917,-0.630739
0.875863,0.84723,0.818232,0.985232,0.0784442,0.152201,-0.00862081,-0.865033,0.50164,0.17101,-0.495544,-0.851582
0.875863,0.824623,0.953978,0.985232,0.0216575,0.169852,-0.00862081,-0.984437,0.175529,0.17101,-0.174401,-0.969711
0.875863,0.756952,1.07381,0.985232,-0.0377414,0.167016,-0.00862081,-0.985102,-0.171754,0.17101,0.167778,-0.970879
0.875863,0.652378,1.16326,0.985232,-0.0925882,0.144035,-0.00862081,-0.86695,-0.498321,0.17101,0.48972,-0.854945
0.875863,0.523515,1.21156,0.985232,-0.136267,0.103682,-0.00862081,-0.644231,-0.764783,0.17101,0.752594,-0.635891
0.875863,0.385906,1.21287,0.985232,-0.163511,0.050823,-0.00862081,-0.343808,-0.939,0.17101,0.924695,-0.34014
0.875863,0.256148,1.16703,0.985232,-0.171032,-0.00816601,-0.00862081,-0.00191657,-0.999961,0.17101,0.985264,-0.00336271
0.875863,0.149892,1.07958,0.985232,-0.157925,-0.0661701,-0.00862081,0.340206,-0.940311,0.17101,0.926995,0.33382
0.875863,0.0799538,0.961059,0.985232,-0.125769,-0.116193,-0.00862081,0.641294,-0.767247,0.17101,0.756917,0.630739
0.875863,0.0547696,0.825768,0.985232,-0.0784442,-0.152201,-0.00862081,0.865033,-0.50164,0.17101,0.495544,0.851582
0.875863,0.0773765,0.690022,0.985232,-0.0216575,-0.169852,-0.00862081,0.984437,-0.175529,0.17101,0.174401,0.969711
0.875863,0.145048,0.570194,0.985232,0.0377414,-0.167016,-0.00862081,0.985102,0.171754,0.17101,-0.167778,0.970879
0.875863,0.249622,0.480738,0.985232,0.0925882,-0.144035,-0.00862081,0.86695,0.498321,0.17101,-0.48972,0.854945
0.875863,0.378485,0.432443,0.985232,0.136267,-0.103682,-0.00862081,0.644231,0.764783,0.17101,-0.752594,0.635891
0.749059,0.393345,0.504109,0.900555,0.0687551,-0.429271,0.292759,0.634058,0.715725,0.321393,-0.770222,0.550876
0.749059,0.505547,0.503561,0.900555,0.211428,-0.379867,0.292759,0.351028,0.889422,0.321393,-0.912183,0.254222
0.749059,0.61117,0.541421,0.900555,0.3286,-0.284646,0.292759,0.0256578,0.955842,0.321393,-0.944121,-0.0730942
0.749059,0.697475,0.613124,0.900555,0.406137,-0.155092,0.292759,-0.302807,0.906973,0.321393,-0.862184,-0.391594
0.749059,0.75405,0.71002,0.900555,0.434689,-0.00683162,0.292759,-0.594748,0.74871,0.321393,-0.676254,-0.662863
0.749059,0.774074,0.820422,0.900555,0.41081,0.142253,0.292759,-0.814955,0.500141,0.321393,-0.408759,-0.85418
0.749059,0.75513,0.931015,0.900555,0.337382,0.274179,0.292759,-0.936865,0.191248,0.321393,-0.0919611,-0.94247
0.749059,0.699503,1.02846,0.900555,0.223261,0.373036,0.292759,-0.945776,-0.140712,0.321393,0.235929,-0.917085
0.749059,0.613903,1.101,0.900555,0.0822107,0.426899,0.292759,-0.840612,-0.455701,0.321393,0.535362,-0.781085
0.749059,0.508655,1.13989,0.900555,-0.0687551,0.429271,0.292759,-0.634058,-0.715725,0.321393,0.770222,-0.550876
0.749059,0.396453,1.14044,0.900555,-0.211428,0.379867,0.292759,-0.351028,-0.889422,0.321393,0.912183,-0.254222
0.749059,0.29083,1.10258,0.900555,-0.3286,0.284646,0.292759,-0.0256578,-0.955842,0.321393,0.944121,0.0730942
0.749059,0.204525,1.03088,0.900555,-0.406137,0.155092,0.292759,0.302807,-0.906973,0.321393,0.862184,0.391594
0.749059,0.14795,0.93398,0.900555,-0.434689,0.00683162,0.292759,0.594748,-0.74871,0.321393,0.676254,0.662863
0.749059,0.127926,0.823578,0.900555,-0.41081,-0.142253,0.292759,0.814955,-0.500141,0.321393,0.408759,0.85418
0.749059,0.14687,0.712985,0.900555,-0.337382,-0.274179,0.292759,0.936865,-0.191248,0.321393,0.0919611,0.94247
0.749059,0.202497,0.615541,0.900555,-0.223261,-0.373036,0.292759,0.945776,0.140712,0.321393,-0.235929,0.917085
0.749059,0.288097,0.542999,0.900555,-0.0822107,-0.426899,0.292759,0.840612,0.455701,0.321393,-0.535362,0.781085
0.749059,0.393345,0.504109,0.900555,0.0687551,-0.429271,0.292759,0.634058,0.715725,0.321393,-0.770222,0.550876
0.654934,0.416114,0.613918,0.707258,0.0111944,-0.706867,0.558827,0.603571,0.568695,0.433011,-0.797231,0.420625
0.654934,0.489386,0.614535,0.707258,0.252282,-0.660409,0.558827,0.372666,0.740832,0.433011,-0.893014,0.122589
0.654934,0.558029,0.640176,0.707258,0.462941,-0.534296,0.558827,0.0968122,0.823614,0.433011,-0.881086,-0.190233
0.654934,0.613761,0.687747,0.707258,0.617762,-0.343739,0.558827,-0.190719,0.807055,0.433011,-0.762887,-0.48011
0.654934,0.649863,0.751511,0.707258,0.698072,-0.111722,0.558827,-0.455246,0.693154,0.433011,-0.552672,-0.712078
0.654934,0.661979,0.823777,0.707258,0.694184,0.13377,0.558827,-0.664864,0.495649,0.433011,-0.275797,-0.85816
0.654934,0.648647,0.895829,0.707258,0.606568,0.363128,0.558827,-0.79429,0.23836,0.433011,0.0343436,-0.900734
0.654934,0.611476,0.958976,0.707258,0.44579,0.548687,0.558827,-0.827912,-0.0476776,0.433011,0.340342,-0.834667
0.654934,0.55495,1.0056,0.707258,0.231244,0.668066,0.558827,-0.761676,-0.327965,0.433011,0.60529,-0.667927
0.654934,0.485886,1.03008,0.707258,-0.0111944,0.706867,0.558827,-0.603571,-0.568695,0.433011,0.797231,-0.420625
0.654934,0.412614,1.02946,0.707258,-0.252282,0.660409,0.558827,-0.372666,-0.740832,0.433011,0.893014,-0.122589
0.654934,0.343971,1.00382,0.707258,-0.462941,0.534296,0.558827,-0.0968122,-0.823614,0.433011,0.881086,0.190233
0.654934,0.288239,0.956253,0.707258,-0.617762,0.343739,0.558827,0.190719,-0.807055,0.433011,0.762887,0.48011
0.654934,0.252137,0.892489,0.707258,-0.698072,0.111722,0.558827,0.455246,-0.693154,0.433011,0.552672,0.712078
0.654934,0.240021,0.820223,0.707258,-0.694184,-0.13377,0.558827,0.664864,-0.495649,0.433011,0.275797,0.85816
0.654934,0.253353,0.748171,0.707258,-0.606568,-0.363128,0.558827,0.79429,-0.23836,0.433011,-0.0343436,0.900734
0.654934,0.290524,0.685024,0.707258,-0.44579,-0.548687,0.558827,0.827912,0.0476776,0.433011,-0.340342,0.834667
