0.658953,0.184937,0.903199,0.308961,-0.0779596,0.947874,0.951075,0.0253292,-0.307921,-3.49349e-06,0.996635,0.0819711
0.907818,0.163384,0.591963,0.92986,0.307875,-0.20143,-0.179072,0.856991,0.483217,0.321394,-0.413254,0.852014
0.907818,0.290311,0.530194,0.92986,0.358201,-0.0839828,-0.179072,0.640038,0.747184,0.321394,-0.679737,0.65929
0.907818,0.43071,0.515563,0.92986,0.365323,0.0435941,-0.179072,0.345887,0.921029,0.321394,-0.864234,0.387046
0.907818,0.567647,0.549833,0.92986,0.328381,0.165913,-0.179072,0.0100173,0.983785,0.321394,-0.944492,0.0681186
0.907818,0.684603,0.628872,0.92986,0.251832,0.26822,-0.179072,-0.327061,0.927882,0.321394,-0.91083,-0.259025
0.907818,0.767474,0.743145,0.92986,0.144908,0.338176,-0.179072,-0.624691,0.760062,0.321394,-0.767309,-0.554926
0.907818,0.806263,0.878871,0.92986,0.0205059,0.367343,-0.179072,-0.846974,0.500568,0.321394,-0.531239,-0.783895
0.907818,0.796292,1.01968,0.92986,-0.106369,0.352203,-0.179072,-0.9671,0.180698,0.321394,-0.231093,-0.918315
0.907818,0.738764,1.14858,0.92986,-0.220415,0.294582,-0.179072,-0.970579,-0.160967,0.321394,0.0969256,-0.941972
0.907818,0.640616,1.25004,0.92986,-0.307875,0.20143,-0.179072,-0.856991,-0.483217,0.321394,0.413254,-0.852014
0.907818,0.513689,1.31181,0.92986,-0.358201,0.0839828,-0.179072,-0.640038,-0.747184,0.321394,0.679737,-0.65929
0.907818,0.37329,1.32644,0.92986,-0.365323,-0.0435941,-0.179072,-0.345887,-0.921029,0.321394,0.864234,-0.387046
0.907818,0.236353,1.29217,0.92986,-0.328381,-0.165913,-0.179072,-0.0100173,-0.983785,0.321394,0.944492,-0.0681186
0.907818,0.119397,1.21313,0.92986,-0.251832,-0.26822,-0.179072,0.327061,-0.927882,0.321394,0.91083,0.259025
0.907818,0.0365261,1.09885,0.92986,-0.144908,-0.338176,-0.179072,0.624691,-0.760062,0.321394,0.767309,0.554926
0.907818,-0.00226294,0.963129,0.92986,-0.0205059,-0.367343,-0.179072,0.846974,-0.500568,0.321394,0.531239,0.783895
0.907818,0.00770806,0.822322,0.92986,0.106369,-0.352203,-0.179072,0.9671,-0.180698,0.321394,0.231093,0.918315
0.907818,0.0652365,0.693418,0.92986,0.220415,-0.294582,-0.179072,0.970579,0.160967,0.321394,-0.0969256,0.941972
0.907818,0.163384,0.591963,0.92986,0.307875,-0.20143,-0.179072,0.856991,0.483217,0.321394,-0.413254,0.852014
0.809114,0.158714,0.648737,0.796489,0.332827,-0.504808,-0.0275851,0.854004,0.519534,0.604023,-0.399878,0.689387
0.809114,0.266506,0.581947,0.796489,0.48541,-0.36053,-0.0275851,0.624811,0.780289,0.604023,-0.611547,0.511045
0.809114,0.39064,0.556053,0.796489,0.579444,-0.172768,-0.0275851,0.320255,0.94693,0.604023,-0.749454,0.271064
0.809114,0.516144,0.574177,0.796489,0.60359,0.0358329,-0.0275851,-0.0229273,0.999356,0.604023,-0.796965,-0.00161129
0.809114,0.627881,0.634132,0.796489,0.554933,0.240112,-0.0275851,-0.363345,0.931246,0.604023,-0.748351,-0.274092
0.809114,0.712373,0.728688,0.796489,0.439344,0.41543,-0.0275851,-0.659937,0.750814,0.604023,-0.609475,-0.513514
0.809114,0.75943,0.84644,0.796489,0.270763,0.540641,-0.0275851,-0.876932,0.479823,0.604023,-0.397087,-0.690998
0.809114,0.763375,0.973185,0.796489,0.0695237,0.600642,-0.0275851,-0.988155,0.150957,0.604023,-0.136805,-0.785137
0.809114,0.723734,1.09364,0.796489,-0.140101,0.588198,-0.0275851,-0.980193,-0.196115,0.604023,0.139978,-0.784578
0.809114,0.645286,1.19326,0.796489,-0.332827,0.504808,-0.0275851,-0.854004,-0.519534,0.604023,0.399878,-0.689387
0.809114,0.537494,1.26005,0.796489,-0.48541,0.36053,-0.0275851,-0.624811,-0.780289,0.604023,0.611547,-0.511045
0.809114,0.41336,1.28595,0.796489,-0.579444,0.172768,-0.0275851,-0.320255,-0.94693,0.604023,0.749454,-0.271064
0.809114,0.287856,1.26782,0.796489,-0.60359,-0.0358329,-0.0275851,0.0229273,-0.999356,0.604023,0.796965,0.00161129
0.809114,0.176119,1.20787,0.796489,-0.554933,-0.240112,-0.0275851,0.363345,-0.931246,0.604023,0.748351,0.274092
0.809114,0.0916267,1.11331,0.796489,-0.439344,-0.41543,-0.0275851,0.659937,-0.750814,0.604023,0.609475,0.513514
0.809114,0.04457,0.99556,0.796489,-0.270763,-0.540641,-0.0275851,0.876932,-0.479823,0.604023,0.397087,0.690998
0.809114,0.0406246,0.868815,0.796489,-0.0695237,-0.600642,-0.0275851,0.988155,-0.150957,0.604023,0.136805,0.785137
0.809114,0.0802665,0.748365,0.796489,0.140101,-0.588198,-0.0275851,0.980193,0.196115,0.604023,-0.139978,0.784578
0.809114,0.158714,0.648737,0.796489,0.332827,-0.504808,-0.0275851,0.854004,0.519534,0.604023,-0.399878,0.689387
0.735846,0.151559,0.735732,0.567051,0.352535,-0.744427,0.127229,0.855445,0.502023,0.813797,-0.379386,0.440228
0.735846,0.230028,0.661249,0.567051,0.585884,-0.578959,0.127229,0.632153,0.764327,0.813797,-0.507073,0.283921
0.735846,0.329239,0.618096,0.567051,0.748566,-0.343659,0.127229,0.332614,0.934441,0.813797,-0.573599,0.0933698
0.735846,0.437227,0.611478,0.567051,0.820961,-0.0669094,0.127229,-0.00704236,0.991848,0.813797,-0.570941,-0.108444
0.735846,0.540965,0.642192,0.567051,0.794335,0.217911,0.127229,-0.34585,0.929624,0.813797,-0.49942,-0.297177
0.735846,0.627942,0.706535,0.567051,0.671901,0.476448,0.127229,-0.642943,0.755273,0.813797,-0.36766,-0.450067
0.735846,0.687668,0.796746,0.567051,0.468426,0.677518,0.127229,-0.862487,0.489825,0.813797,-0.191556,-0.548672
0.735846,0.712937,0.901943,0.567051,0.208451,0.79687,0.127229,-0.978003,0.165297,0.813797,0.00765316,-0.581099
0.735846,0.700703,1.00944,0.567051,-0.0766654,0.820107,0.127229,-0.975557,-0.179168,0.813797,0.205939,-0.543436
0.735846,0.652441,1.10627,0.567051,-0.352535,0.744427,0.127229,-0.855445,-0.502023,0.813797,0.379386,-0.440228
0.735846,0.573972,1.18075,0.567051,-0.585884,0.578959,0.127229,-0.632153,-0.764327,0.813797,0.507073,-0.283921
0.735846,0.474761,1.2239,0.567051,-0.748566,0.343659,0.127229,-0.332614,-0.934441,0.813797,0.573599,-0.0933698
0.735846,0.366773,1.23052,0.567051,-0.820961,0.0669094,0.127229,0.00704236,-0.991848,0.813797,0.570941,0.108444
0.735846,0.263035,1.19981,0.567051,-0.794335,-0.217911,0.127229,0.34585,-0.929624,0.813797,0.49942,0.297177
0.735846,0.176058,1.13546,0.567051,-0.671901,-0.476448,0.127229,0.642943,-0.755273,0.813797,0.36766,0.450067
0.735846,0.116332,1.04525,0.567051,-0.468426,-0.677518,0.127229,0.862487,-0.489825,0.813797,0.191556,0.548672
0.735846,0.0910629,0.940057,0.567051,-0.208451,-0.79687,0.127229,0.978003,-0.165297,0.813797,-0.00765316,0.581099
0.735846,0.103297,0.832561,0.567051,0.0766654,-0.820107,0.127229,0.975557,0.179168,0.813797,-0.205939,0.543436
0.735846,0.151559,0.735732,0.567051,0.352535,-0.744427,0.127229,0.855445,0.502023,0.813797,-0.379386,0.440228
0.696852,0.142781,0.842455,0.269218,0.364622,-0.891388,0.266698,0.861138,0.432797,0.925416,-0.354248,0.13459
0.696852,0.185278,0.758534,0.269218,0.647505,-0.712923,0.266698,0.66118,0.701223,0.925416,-0.378917,0.00531316
0.696852,0.253915,0.694209,0.269218,0.85229,-0.448468,0.266698,0.381474,0.885071,0.925416,-0.357882,-0.124604
0.696852,0.340413,0.657238,0.269218,0.954276,-0.129922,0.266698,0.0557561,0.962166,0.925416,-0.293682,-0.239493
0.696852,0.434339,0.65208,0.269218,0.941162,0.204295,0.266698,-0.276687,0.92321,0.925416,-0.19406,-0.325495
0.696852,0.524365,0.679359,0.269218,0.81453,0.513871,0.266698,-0.575757,0.772901,0.925416,-0.0710306,-0.372237
0.696852,0.599631,0.735783,0.269218,0.589654,0.761466,0.266698,-0.805382,0.529369,0.925416,0.0605657,-0.374083
0.696852,0.651061,0.814546,0.269218,0.293656,0.917217,0.266698,-0.937867,0.221987,0.925416,0.184857,-0.330808
0.696852,0.67245,0.90615,0.269218,-0.03776,0.962339,0.266698,-0.957231,-0.112169,0.925416,0.286852,-0.247633
0.696852,0.661219,0.999545,0.269218,-0.364622,0.891388,0.266698,-0.861138,-0.432797,0.925416,0.354248,-0.13459
0.696852,0.618722,1.08347,0.269218,-0.647505,0.712923,0.266698,-0.66118,-0.701223,0.925416,0.378917,-0.00531316
0.696852,0.550085,1.14779,0.269218,-0.85229,0.448468,0.266698,-0.381474,-0.885071,0.925416,0.357882,0.124604
0.696852,0.463587,1.18476,0.269218,-0.954276,0.129922,0.266698,-0.0557561,-0.962166,0.925416,0.293682,0.239493
0.696852,0.369661,1.18992,0.269218,-0.941162,-0.204295,0.266698,0.276687,-0.92321,0.925416,0.19406,0.325495
0.696852,0.279635,1.16264,0.269218,-0.81453,-0.513871,0.266698,0.575757,-0.772901,0.925416,0.0710306,0.372237
0.696852,0.204369,1.10622,0.269218,-0.589654,-0.761466,0.266698,0.805382,-0.529369,0.925416,-0.0605657,0.374083
0.696852,0.152939,1.02745,0.269218,-0.293656,-0.917217,0.266698,0.937867,-0.221987,0.925416,-0.184857,0.330808
0.696852,0.13155,0.93585,0.269218,0.03776,-0.962339,0.266698,0.957231,0.112169,0.925416,-0.286852,0.247633
0.696852,0.142781,0.842455,0.269218,0.364622,-0.891388,0.266698,0.861138,0.432797,0.925416,-0.354248,0.13459
0.696834,0.13344,0.956034,-0.061087,0.36763,-0.927964,0.373999,0.870399,0.320205,0.925415,-0.327497,-0.190663
0.696834,0.137654,0.862068,-0.061087,0.662842,-0.746264,0.373999,0.708391,0.598588,0.925415,-0.242536,-0.291175
0.696834,0.173751,0.775211,-0.061087,0.878105,-0.474553,0.373999,0.46094,0.804773,0.925415,-0.128321,-0.356568
0.696834,0.237379,0.705937,-0.061087,0.987455,-0.145605,0.373999,0.157894,0.91389,0.925415,0.00137088,-0.378952
0.696834,0.320863,0.662604,-0.061087,0.977704,0.200906,0.373999,-0.164197,0.912778,0.925415,0.130898,-0.35563
0.696834,0.414133,0.650436,-0.061087,0.850027,0.523184,0.373999,-0.466483,0.801572,0.925415,0.244636,-0.289413
0.696834,0.50594,0.670903,-0.061087,0.619825,0.782359,0.373999,-0.712505,0.593685,0.925415,0.328868,-0.188289
0.696834,0.585209,0.721535,-0.061087,0.314862,0.94717,0.373999,-0.872588,0.31419,0.925415,0.373433,-0.0644543
0.696834,0.642382,0.796226,-0.061087,-0.0280773,0.997737,0.373999,-0.927424,-0.00320029,0.925415,0.372957,0.0671544
0.696834,0.67056,0.885966,-0.061087,-0.36763,0.927964,0.373999,-0.870399,-0.320205,0.925415,0.327497,0.190663
0.696834,0.666346,0.979932,-0.061087,-0.662842,0.746264,0.373999,-0.708391,-0.598588,0.925415,0.242536,0.291175
0.696834,0.630249,1.06679,-0.061087,-0.878105,0.474553,0.373999,-0.46094,-0.804773,0.925415,0.128321,0.356568
0.696834,0.566621,1.13606,-0.061087,-0.987455,0.145605,0.373999,-0.157894,-0.91389,0.925415,-0.00137088,0.378952
0.696834,0.483137,1.1794,-0.061087,-0.977704,-0.200906,0.373999,0.164197,-0.912778,0.925415,-0.130898,0.35563
0.696834,0.389867,1.19156,-0.061087,-0.850027,-0.523184,0.373999,0.466483,-0.801572,0.925415,-0.244636,0.289413
0.696834,0.29806,1.1711,-0.061087,-0.619825,-0.782359,0.373999,0.712505,-0.593685,0.925415,-0.328868,0.188289
0.696834,0.218791,1.12046,-0.061087,-0.314862,-0.94717,0.373999,0.872588,-0.31419,0.925415,-0.373433,0.0644543
0.696834,0.161618,1.04577,-0.061087,0.0280773,-0.997737,0.373999,0.927424,0.00320029,0.925415,-0.372957,-0.0671544
0.696834,0.13344,0.956034,-0.061087,0.36763,-0.927964,0.373999,0.870399,0.320205,0.925415,-0.327497,-0.190663
0.735794,0.124661,1.06277,-0.384024,0.361197,-0.849743,0.43619,0.882109,0.177827,0.813796,-0.302359,-0.496301
0.735794,0.0928987,0.959365,-0.384024,0.630043,-0.67496,0.43619,0.76809,0.468802,0.813796,-0.11438,-0.569784
0.735794,0.0984183,0.851332,-0.384024,0.822897,-0.418768,0.43619,0.561429,0.703232,0.813796,0.0873957,-0.574541
0.735794,0.140554,0.751702,-0.384024,0.916497,-0.112066,0.43619,0.287051,0.852842,0.813796,0.27863,-0.510001
0.735794,0.214225,0.672493,-0.384024,0.899554,0.208153,0.43619,-0.0219493,0.899587,0.813796,0.436257,-0.383947
0.735794,0.310543,0.623257,-0.384024,0.774112,0.503266,0.43619,-0.328302,0.837828,0.813796,0.541265,-0.211584
0.735794,0.417893,0.609933,-0.384024,0.5553,0.737677,0.43619,-0.595057,0.675015,0.813796,0.580989,-0.0137001
0.735794,0.523326,0.634128,-0.384024,0.269511,0.883113,0.43619,-0.79004,0.430785,0.813796,0.550637,0.185836
0.735794,0.614125,0.692925,-0.384024,-0.048785,0.922033,0.43619,-0.889732,0.134596,0.813796,0.45387,0.362958
0.735794,0.679339,0.77923,-0.384024,-0.361197,0.849743,0.43619,-0.882109,-0.177827,0.813796,0.302359,0.496301
0.735794,0.711101,0.882635,-0.384024,-0.630043,0.67496,0.43619,-0.76809,-0.468802,0.813796,0.11438,0.569784
0.735794,0.705582,0.990668,-0.384024,-0.822897,0.418768,0.43619,-0.561429,-0.703232,0.813796,-0.0873957,0.574541
0.735794,0.663446,1.0903,-0.384024,-0.916497,0.112066,0.43619,-0.287051,-0.852842,0.813796,-0.27863,0.510001
0.735794,0.589775,1.16951,-0.384024,-0.899554,-0.208153,0.43619,0.0219493,-0.899587,0.813796,-0.436257,0.383947
0.735794,0.493457,1.21874,-0.384024,-0.774112,-0.503266,0.43619,0.328302,-0.837828,0.813796,-0.541265,0.211584
0.735794,0.386107,1.23207,-0.384024,-0.5553,-0.737677,0.43619,0.595057,-0.675015,0.813796,-0.580989,0.0137001
0.735794,0.280674,1.20787,-0.384024,-0.269511,-0.883113,0.43619,0.79004,-0.430785,0.813796,-0.550637,-0.185836
0.735794,0.189875,1.14908,-0.384024,0.048785,-0.922033,0.43619,0.889732,-0.134596,0.813796,-0.45387,-0.362958
0.735794,0.124661,1.06277,-0.384024,0.361197,-0.849743,0.43619,0.882109,0.177827,0.813796,-0.302359,-0.496301
0.809034,0.117504,1.14979,-0.660642,0.346098,-0.66616,0.44577,0.894856,0.0228375,0.604021,-0.281867,-0.745459
0.809034,0.0564113,1.03869,-0.660642,0.553066,-0.507613,0.44577,0.833079,0.327519,0.604021,-0.00990593,-0.796907
0.809034,0.0370015,0.913391,-0.660642,0.693326,-0.287841,0.44577,0.67082,0.592697,0.604021,0.26325,-0.752235
0.809034,0.0616159,0.789013,-0.660642,0.74996,-0.0333504,0.44577,0.42765,0.786387,0.604021,0.504653,-0.616833
0.809034,0.127286,0.680555,-0.660642,0.716139,0.225162,0.44577,0.1329,0.885227,0.604021,0.685189,-0.407032
0.809034,0.22609,0.601098,-0.660642,0.59594,0.456517,0.44577,-0.177881,0.877296,0.604021,0.78308,-0.148137
0.809034,0.346112,0.560225,-0.660642,0.403862,0.632809,0.44577,-0.467206,0.763549,0.604021,0.78652,0.128626
0.809034,0.472874,0.562868,-0.660642,0.163073,0.732775,0.44577,-0.700179,0.557708,0.604021,0.695094,0.389875
0.809034,0.591088,0.608706,-0.660642,-0.0973855,0.744358,0.44577,-0.848701,0.284599,0.604021,0.51983,0.604099
0.809034,0.686496,0.692212,-0.660642,-0.346098,0.66616,0.44577,-0.894856,-0.0228375,0.604021,0.281867,0.745459
0.809034,0.747589,0.803313,-0.660642,-0.553066,0.507613,0.44577,-0.833079,-0.327519,0.604021,0.00990593,0.796907
0.809034,0.766998,0.928609,-0.660642,-0.693326,0.287841,0.44577,-0.67082,-0.592697,0.604021,-0.26325,0.752235
0.809034,0.742384,1.05299,-0.660642,-0.74996,0.0333504,0.44577,-0.42765,-0.786387,0.604021,-0.504653,0.616833
0.809034,0.676714,1.16145,-0.660642,-0.716139,-0.225162,0.44577,-0.1329,-0.885227,0.604021,-0.685189,0.407032
0.809034,0.57791,1.2409,-0.660642,-0.59594,-0.456517,0.44577,0.177881,-0.877296,0.604021,-0.78308,0.148137
0.809034,0.457888,1.28177,-0.660642,-0.403862,-0.632809,0.44577,0.467206,-0.763549,0.604021,-0.78652,-0.128626
0.809034,0.331126,1.27913,-0.660642,-0.163073,-0.732775,0.44577,0.700179,-0.557708,0.604021,-0.695094,-0.389875
0.809034,0.212912,1.23329,-0.660642,0.0973855,-0.744358,0.44577,0.848701,-0.284599,0.604021,-0.51983,-0.604099
0.809034,0.117504,1.14979,-0.660642,0.346098,-0.66616,0.44577,0.894856,0.0228375,0.604021,-0.281867,-0.745459
0.90772,0.112832,1.20659,-0.857576,0.324154,-0.399358,0.401584,0.907103,-0.126071,0.321392,-0.268491,-0.908086
0.90772,0.0325925,1.09047,-0.857576,0.441194,-0.264406,0.401584,0.895517,0.19178,0.321392,0.0582844,-0.945151
0.90772,-0.00309112,0.953904,-0.857576,0.505019,-0.0975635,0.401584,0.775918,0.486499,0.321392,0.37803,-0.868217
0.90772,0.0100852,0.81337,-0.857576,0.507931,0.0810469,0.401584,0.562732,0.722539,0.321392,0.65218,-0.686563
0.90772,0.0705322,0.685818,-0.857576,0.449579,0.249882,0.401584,0.281673,0.87143,0.321392,0.847667,-0.4221
0.90772,0.170959,0.586633,-0.857576,0.337002,0.388577,0.401584,-0.0333611,0.915214,0.321392,0.940913,-0.106725
0.90772,0.299253,0.527777,-0.857576,0.183777,0.480405,0.401584,-0.344371,0.84861,0.321392,0.920671,0.221523
0.90772,0.43994,0.516349,-0.857576,0.00838571,0.514288,0.401584,-0.613845,0.679651,0.321392,0.789382,0.523051
0.90772,0.57605,0.553729,-0.857576,-0.168017,0.486141,0.401584,-0.809279,0.428716,0.321392,0.562883,0.761492
0.90772,0.691168,0.635407,-0.857576,-0.324154,0.399358,0.401584,-0.907103,0.126071,0.321392,0.268491,0.908086
0.90772,0.771407,0.751531,-0.857576,-0.441194,0.264406,0.401584,-0.895517,-0.19178,0.321392,-0.0582844,0.945151
0.90772,0.807091,0.888096,-0.857576,-0.505019,0.0975635,0.401584,-0.775918,-0.486499,0.321392,-0.37803,0.868217
0.90772,0.793915,1.02863,-0.857576,-0.507931,-0.0810469,0.401584,-0.562732,-0.722539,0.321392,-0.65218,0.686563
0.90772,0.733468,1.15618,-0.857576,-0.449579,-0.249882,0.401584,-0.281673,-0.87143,0.321392,-0.847667,0.4221
0.90772,0.633041,1.25537,-0.857576,-0.337002,-0.388577,0.401584,0.0333611,-0.915214,0.321392,-0.940913,0.106725
0.90772,0.504747,1.31422,-0.857576,-0.183777,-0.480405,0.401584,0.344371,-0.84861,0.321392,-0.920671,-0.221523
0.90772,0.36406,1.32565,-0.857576,-0.00838571,-0.514288,0.401584,0.613845,-0.679651,0.321392,-0.789382,-0.523051
0.90772,0.22795,1.28827,-0.857576,0.168017,-0.486141,0.401584,0.809279,-0.428716,0.321392,-0.562883,-0.761492
0.90772,0.112832,1.20659,-0.857576,0.324154,-0.399358,0.401584,0.907103,-0.126071,0.321392,-0.268491,-0.908086
0.883612,0.296603,0.536191,0.961642,0.247248,-0.1188,-0.0812368,0.67036,0.737576,0.262003,-0.699633,0.664732
0.883612,0.434572,0.52335,0.961642,0.272969,-0.0270722,-0.0812368,0.377667,0.922371,0.262003,-0.884791,0.385355
0.883612,0.568612,0.558471,0.961642,0.265766,0.0679214,-0.0812368,0.0394211,0.995915,0.262003,-0.963231,0.0594989
0.883612,0.682556,0.637319,0.961642,0.226508,0.154723,-0.0812368,-0.303579,0.949337,0.262003,-0.925491,-0.273534
0.883612,0.762661,0.750383,0.961642,0.15993,0.222862,-0.0812368,-0.609964,0.788254,0.262003,-0.776123,-0.573574
0.883612,0.799265,0.884026,0.961642,0.0740614,0.264121,-0.0812368,-0.842777,0.532097,0.262003,-0.533143,-0.804433
0.883612,0.787953,1.02213,0.961642,-0.0207397,0.273523,-0.0812368,-0.973939,0.211761,0.262003,-0.225858,-0.938266
0.883612,0.730089,1.14803,0.961642,-0.113039,0.249934,-0.0812368,-0.98763,-0.134117,0.262003,0.108668,-0.958929
0.883612,0.632653,1.24655,0.961642,-0.191705,0.1962,-0.0812368,-0.882198,-0.463818,0.262003,0.430088,-0.863932
0.883612,0.507397,1.30581,0.961642,-0.247248,0.1188,-0.0812368,-0.67036,-0.737576,0.262003,0.699633,-0.664732
0.883612,0.369428,1.31865,0.961642,-0.272969,0.0270722,-0.0812368,-0.377667,-0.922371,0.262003,0.884791,-0.385355
0.883612,0.235388,1.28353,0.961642,-0.265766,-0.0679214,-0.0812368,-0.0394211,-0.995915,0.262003,0.963231,-0.0594989
0.883612,0.121444,1.20468,0.961642,-0.226508,-0.154723,-0.0812368,0.303579,-0.949337,0.262003,0.925491,0.273534
0.883612,0.0413388,1.09162,0.961642,-0.15993,-0.222862,-0.0812368,0.609964,-0.788254,0.262003,0.776123,0.573574
0.883612,0.00473494,0.957974,0.961642,-0.0740614,-0.264121,-0.0812368,0.842777,-0.532097,0.262003,0.533143,0.804433
0.883612,0.0160471,0.819872,0.961642,0.0207397,-0.273523,-0.0812368,0.973939,-0.211761,0.262003,0.225858,0.938266
0.883612,0.0739108,0.693967,0.961642,0.113039,-0.249934,-0.0812368,0.98763,0.134117,0.262003,-0.108668,0.958929
0.883612,0.171347,0.595445,0.961642,0.191705,-0.1962,-0.0812368,0.882198,0.463818,0.262003,-0.430088,0.863932
0.883612,0.296603,0.536191,0.961642,0.247248,-0.1188,-0.0812368,0.67036,0.737576,0.262003,-0.699633,0.664732
0.763622,0.290926,0.605213,0.856221,0.273522,-0.43826,0.156285,0.671445,0.724387,0.492403,-0.688729,0.532157
0.763622,0.405631,0.586268,0.856221,0.40692,-0.31828,0.156285,0.383197,0.910349,0.492403,-0.829202,0.264505
0.763622,0.519897,0.607696,0.856221,0.491238,-0.15991,0.156285,0.0487295,0.986509,0.492403,-0.869661,-0.0350502
0.763622,0.619943,0.666914,0.856221,0.516305,0.0177472,0.156285,-0.291615,0.943682,0.492403,-0.805226,-0.330378
0.763622,0.693702,0.756778,0.856221,0.479098,0.193264,0.156285,-0.596787,0.787033,0.492403,-0.643669,-0.585857
0.763622,0.732277,0.86645,0.856221,0.384105,0.34547,0.156285,-0.829977,0.535456,0.492403,-0.404476,-0.770674
0.763622,0.731016,0.982701,0.856221,0.242783,0.456007,0.156285,-0.96306,0.219295,0.492403,-0.116497,-0.862535
0.763622,0.690071,1.09151,0.856221,0.0721779,0.511543,0.156285,-0.979984,-0.123316,0.492403,0.185533,-0.850363
0.763622,0.614381,1.17975,0.856221,-0.107133,0.50538,0.156285,-0.878707,-0.451054,0.492403,0.465185,-0.735624
0.763622,0.513074,1.23679,0.856221,-0.273522,0.43826,0.156285,-0.671445,-0.724387,0.492403,0.688729,-0.532157
0.763622,0.398369,1.25573,0.856221,-0.40692,0.31828,0.156285,-0.383197,-0.910349,0.492403,0.829202,-0.264505
0.763622,0.284103,1.2343,0.856221,-0.491238,0.15991,0.156285,-0.0487295,-0.986509,0.492403,0.869661,0.0350502
0.763622,0.184057,1.17509,0.856221,-0.516305,-0.0177472,0.156285,0.291615,-0.943682,0.492403,0.805226,0.330378
0.763622,0.110298,1.08522,0.856221,-0.479098,-0.193264,0.156285,0.596787,-0.787033,0.492403,0.643669,0.585857
0.763622,0.0717227,0.97555,0.856221,-0.384105,-0.34547,0.156285,0.829977,-0.535456,0.492403,0.404476,0.770674
0.763622,0.0729835,0.859299,0.856221,-0.242783,-0.456007,0.156285,0.96306,-0.219295,0.492403,0.116497,0.862535
0.763622,0.113929,0.75049,0.856221,-0.0721779,-0.511543,0.156285,0.979984,0.123316,0.492403,-0.185533,0.850363
0.763622,0.189619,0.662247,0.856221,0.107133,-0.50538,0.156285,0.878707,0.451054,0.492403,-0.465185,0.735624
0.763622,0.290926,0.605213,0.856221,0.273522,-0.43826,0.156285,0.671445,0.724387,0.492403,-0.688729,0.532157
0.674556,0.282228,0.710973,0.647527,0.295257,-0.702519,0.374957,0.679123,0.63103,0.663413,-0.672023,0.329042
0.674556,0.361285,0.682675,0.647527,0.517726,-0.559168,0.374957,0.422342,0.825248,0.663413,-0.744034,0.0793525
0.674556,0.445252,0.683122,0.647527,0.67775,-0.348373,0.374957,0.11462,0.919929,0.663413,-0.726304,-0.179908
0.674556,0.524003,0.712261,0.647527,0.756027,-0.0955597,0.374957,-0.206926,0.903653,0.663413,-0.62097,-0.417468
0.674556,0.588038,0.766577,0.647527,0.743117,0.16878,0.374957,-0.503515,0.778383,0.663413,-0.440738,-0.604676
0.674556,0.629634,0.839518,0.647527,0.640575,0.412762,0.374957,-0.739372,0.559229,0.663413,-0.207347,-0.718951
0.674556,0.643775,0.922288,0.647527,0.460771,0.606959,0.374957,-0.88605,0.272623,0.663413,0.0510532,-0.74651
0.674556,0.628753,1.0049,0.647527,0.225391,0.727948,0.374957,-0.925857,-0.0468651,0.663413,0.303296,-0.684029
0.674556,0.586382,1.0774,0.647527,-0.0371749,0.761136,0.374957,-0.853992,-0.3607,0.663413,0.518956,-0.539044
0.674556,0.521772,1.13103,0.647527,-0.295257,0.702519,0.374957,-0.679123,-0.63103,0.663413,0.672023,-0.329042
0.674556,0.442715,1.15933,0.647527,-0.517726,0.559168,0.374957,-0.422342,-0.825248,0.663413,0.744034,-0.0793525
0.674556,0.358748,1.15888,0.647527,-0.67775,0.348373,0.374957,-0.11462,-0.919929,0.663413,0.726304,0.179908
0.674556,0.279997,1.12974,0.647527,-0.756027,0.0955597,0.374957,0.206926,-0.903653,0.663413,0.62097,0.417468
0.674556,0.215962,1.07542,0.647527,-0.743117,-0.16878,0.374957,0.503515,-0.778383,0.663413,0.440738,0.604676
0.674556,0.174366,1.00248,0.647527,-0.640575,-0.412762,0.374957,0.739372,-0.559229,0.663413,0.207347,0.718951
0.674556,0.160225,0.919712,0.647527,-0.460771,-0.606959,0.374957,0.88605,-0.272623,0.663413,-0.0510532,0.74651
0.674556,0.175247,0.837098,0.647527,-0.225391,-0.727948,0.374957,0.925857,0.0468651,0.663413,-0.303296,0.684029
0.674556,0.217618,0.764604,0.647527,0.0371749,-0.761136,0.374957,0.853992,0.3607,0.663413,-0.518956,0.539044
0.674556,0.282228,0.710973,0.647527,0.295257,-0.702519,0.374957,0.679123,0.63103,0.663413,-0.672023,0.329042
0.627155,0.271557,0.840715,0.360731,0.309829,-0.879704,0.548404,0.692469,0.468764,0.754404,-0.651531,0.0798836
0.627155,0.306883,0.800943,0.360731,0.592021,-0.720683,0.548404,0.490381,0.677333,0.754404,-0.639561,-0.147771
0.627155,0.353681,0.775651,0.360731,0.802806,-0.474738,0.548404,0.229146,0.804205,0.754404,-0.55045,-0.357602
0.627155,0.406307,0.767891,0.360731,0.91676,-0.171532,0.548404,-0.0597274,0.834078,0.754404,-0.394947,-0.5243
0.627155,0.458414,0.778598,0.360731,0.92014,0.152364,0.548404,-0.341397,0.763349,0.754404,-0.191807,-0.627761
0.627155,0.503716,0.80648,0.360731,0.812538,0.457881,0.548404,-0.581889,0.600549,0.754404,0.0344672,-0.655504
0.627155,0.53675,0.848175,0.360731,0.606931,0.708172,0.548404,-0.752196,0.365313,0.754404,0.256584,-0.604184
0.627155,0.553531,0.898654,0.360731,0.328119,0.873047,0.548404,-0.831778,0.0860161,0.754404,0.447753,-0.47999
0.627155,0.552035,0.951829,0.360731,0.0097319,0.932619,0.548404,-0.811035,-0.203656,0.754404,0.584917,-0.297903
0.627155,0.532443,1.00128,0.360731,-0.309829,0.879704,0.548404,-0.692469,-0.468764,0.754404,0.651531,-0.0798836
0.627155,0.497117,1.04106,0.360731,-0.592021,0.720683,0.548404,-0.490381,-0.677333,0.754404,0.639561,0.147771
0.627155,0.450319,1.06635,0.360731,-0.802806,0.474738,0.548404,-0.229146,-0.804205,0.754404,0.55045,0.357602
0.627155,0.397693,1.07411,0.360731,-0.91676,0.171532,0.548404,0.0597274,-0.834078,0.754404,0.394947,0.5243
0.627155,0.345586,1.0634,0.360731,-0.92014,-0.152364,0.548404,0.341397,-0.763349,0.754404,0.191807,0.627761
0.627155,0.300284,1.03552,0.360731,-0.812538,-0.457881,0.548404,0.581889,-0.600549,0.754404,-0.0344672,0.655504
0.627155,0.26725,0.993825,0.360731,-0.606931,-0.708172,0.548404,0.752196,-0.365313,0.754404,-0.256584,0.604184
0.627155,0.250469,0.943346,0.360731,-0.328119,-0.873047,0.548404,0.831778,-0.0860161,0.754404,-0.447753,0.47999
0.627155,0.251965,0.890171,0.360731,-0.0097319,-0.932619,0.548404,0.811035,0.203656,0.754404,-0.584917,0.297903
0.627155,0.271557,0.840715,0.360731,0.309829,-0.879704,0.548404,0.692469,0.468764,0.754404,-0.651531,0.0798836
0.627137,0.260201,0.978791,0.0304265,0.315483,-0.948443,0.655705,0.709873,0.257162,0.754404,-0.629723,-0.185265
0.627137,0.248987,0.926807,0.0304265,0.620844,-0.783344,0.655705,0.579107,0.484444,0.754404,-0.528382,-0.38947
0.627137,0.256228,0.874124,0.0304265,0.851322,-0.523761,0.655705,0.378493,0.653295,0.754404,-0.36331,-0.546699
0.627137,0.281052,0.827094,0.0304265,0.979118,-0.201005,0.655705,0.132227,0.743349,0.754404,-0.154418,-0.637989
0.627137,0.320464,0.79139,0.0304265,0.988817,0.145995,0.655705,-0.129987,0.743744,0.754404,0.0730999,-0.652327
0.627137,0.36971,0.77132,0.0304265,0.879251,0.475386,0.655705,-0.376523,0.654432,0.754404,0.291801,-0.587985
0.627137,0.422851,0.769303,0.0304265,0.663634,0.747438,0.655705,-0.577645,0.486187,0.754404,0.475306,-0.452724
0.627137,0.473477,0.785583,0.0304265,0.367974,0.929338,0.655705,-0.709094,0.2593,0.754404,0.601482,-0.262857
0.627137,0.515482,0.818196,0.0304265,0.0279296,0.999147,0.655705,-0.755017,0.00113743,0.754404,0.655111,-0.0412861
0.627137,0.543799,0.863209,0.0304265,-0.315483,0.948443,0.655705,-0.709873,-0.257162,0.754404,0.629723,0.185265
0.627137,0.555013,0.915193,0.0304265,-0.620844,0.783344,0.655705,-0.579107,-0.484444,0.754404,0.528382,0.38947
0.627137,0.547772,0.967876,0.0304265,-0.851322,0.523761,0.655705,-0.378493,-0.653295,0.754404,0.36331,0.546699
0.627137,0.522948,1.01491,0.0304265,-0.979118,0.201005,0.655705,-0.132227,-0.743349,0.754404,0.154418,0.637989
0.627137,0.483536,1.05061,0.0304265,-0.988817,-0.145995,0.655705,0.129987,-0.743744,0.754404,-0.0730999,0.652327
0.627137,0.43429,1.07068,0.0304265,-0.879251,-0.475386,0.655705,0.376523,-0.654432,0.754404,-0.291801,0.587985
0.627137,0.381149,1.0727,0.0304265,-0.663634,-0.747438,0.655705,0.577645,-0.486187,0.754404,-0.475306,0.452724
0.627137,0.330523,1.05642,0.0304265,-0.367974,-0.929338,0.655705,0.709094,-0.2593,0.754404,-0.601482,0.262857
0.627137,0.288518,1.0238,0.0304265,-0.0279296,-0.999147,0.655705,0.755017,-0.00113743,0.754404,-0.655111,0.0412861
0.627137,0.260201,0.978791,0.0304265,0.315483,-0.948443,0.655705,0.709873,0.257162,0.754404,-0.629723,-0.185265
0.674504,0.249529,1.10855,-0.303548,0.311536,-0.900447,0.683918,0.729235,0.0217453,0.663411,-0.609231,-0.434423
0.674504,0.19458,1.04509,-0.303548,0.600719,-0.739592,0.683918,0.677819,0.269847,0.663411,-0.423908,-0.616593
0.674504,0.164649,0.966662,-0.303548,0.817446,-0.489531,0.683918,0.544649,0.485401,0.663411,-0.187456,-0.724393
0.674504,0.163345,0.882729,-0.303548,0.935577,-0.180426,0.683918,0.345785,0.642409,0.663411,0.0716056,-0.744821
0.674504,0.190828,0.803412,-0.303548,0.940864,0.150442,0.683918,0.105215,0.721932,0.663411,0.322031,-0.675412
0.674504,0.24378,0.738278,-0.303548,0.832669,0.463164,0.683918,-0.148045,0.71438,0.663411,0.533615,-0.524539
0.674504,0.315816,0.695184,-0.303548,0.624042,0.720021,0.683918,-0.383449,0.620663,0.663411,0.680836,-0.310398
0.674504,0.398248,0.679325,-0.303548,0.340146,0.890033,0.683918,-0.572604,0.452085,0.663411,0.745939,-0.058819
0.674504,0.481132,0.692617,-0.303548,0.0152232,0.952694,0.683918,-0.692694,0.228979,0.663411,0.721071,0.199855
0.674504,0.554471,0.733455,-0.303548,-0.311536,0.900447,0.683918,-0.729235,-0.0217453,0.663411,0.609231,0.434423
0.674504,0.60942,0.796913,-0.303548,-0.600719,0.739592,0.683918,-0.677819,-0.269847,0.663411,0.423908,0.616593
0.674504,0.639351,0.875338,-0.303548,-0.817446,0.489531,0.683918,-0.544649,-0.485401,0.663411,0.187456,0.724393
0.674504,0.640655,0.959271,-0.303548,-0.935577,0.180426,0.683918,-0.345785,-0.642409,0.663411,-0.0716056,0.744821
0.674504,0.613172,1.03859,-0.303548,-0.940864,-0.150442,0.683918,-0.105215,-0.721932,0.663411,-0.322031,0.675412
0.674504,0.56022,1.10372,-0.303548,-0.832669,-0.463164,0.683918,0.148045,-0.71438,0.663411,-0.533615,0.524539
0.674504,0.488184,1.14682,-0.303548,-0.624042,-0.720021,0.683918,0.383449,-0.620663,0.663411,-0.680836,0.310398
0.674504,0.405752,1.16267,-0.303548,-0.340146,-0.890033,0.683918,0.572604,-0.452085,0.663411,-0.745939,0.058819
0.674504,0.322868,1.14938,-0.303548,-0.0152232,-0.952694,0.683918,0.692694,-0.228979,0.663411,-0.721071,-0.199855
0.674504,0.249529,1.10855,-0.303548,0.311536,-0.900447,0.683918,0.729235,0.0217453,0.663411,-0.609231,-0.434423
0.763543,0.240829,1.21433,-0.60091,0.298463,-0.741503,0.629641,0.74822,-0.209091,0.492402,-0.592525,-0.637538
0.763543,0.150224,1.14152,-0.60091,0.534072,-0.594704,0.629641,0.77461,0.0594251,0.492402,-0.338741,-0.801745
0.763543,0.0899874,1.0421,-0.60091,0.705265,-0.376176,0.629641,0.707571,0.320774,0.492402,-0.0440993,-0.86925
0.763543,0.0673841,0.928086,-0.60091,0.791392,-0.112275,0.629641,0.555188,0.543432,0.492402,0.255861,-0.831911
0.763543,0.0851404,0.813213,-0.60091,0.782065,0.165168,0.629641,0.335842,0.700545,0.492402,0.524961,-0.694231
0.763543,0.141115,0.711341,-0.60091,0.67841,0.422689,0.629641,0.0759874,0.773161,0.492402,0.730743,-0.472816
0.763543,0.228556,0.634757,-0.60091,0.492929,0.629228,0.629641,-0.193032,0.752523,0.492402,0.848387,-0.194373
0.763543,0.336916,0.592698,-0.60091,0.247993,0.759872,0.629641,-0.438769,0.64112,0.492402,0.863702,0.107514
0.763543,0.453127,0.590237,-0.60091,-0.0268545,0.798865,0.629641,-0.631584,0.452388,0.492402,0.774842,0.396434
0.763543,0.563171,0.627671,-0.60091,-0.298463,0.741503,0.629641,-0.74822,0.209091,0.492402,0.592525,0.637538
0.763543,0.653776,0.700485,-0.60091,-0.534072,0.594704,0.629641,-0.77461,-0.0594251,0.492402,0.338741,0.801745
0.763543,0.714013,0.799896,-0.60091,-0.705265,0.376176,0.629641,-0.707571,-0.320774,0.492402,0.0440993,0.86925
0.763543,0.736616,0.913914,-0.60091,-0.791392,0.112275,0.629641,-0.555188,-0.543432,0.492402,-0.255861,0.831911
0.763543,0.71886,1.02879,-0.60091,-0.782065,-0.165168,0.629641,-0.335842,-0.700545,0.492402,-0.524961,0.694231
0.763543,0.662885,1.13066,-0.60091,-0.67841,-0.422689,0.629641,-0.0759874,-0.773161,0.492402,-0.730743,0.472816
0.763543,0.575444,1.20724,-0.60091,-0.492929,-0.629228,0.629641,0.193032,-0.752523,0.492402,-0.848387,0.194373
0.763543,0.467084,1.2493,-0.60091,-0.247993,-0.759872,0.629641,0.438769,-0.64112,0.492402,-0.863702,-0.107514
0.763543,0.350873,1.25176,-0.60091,0.0268545,-0.798865,0.629641,0.631584,-0.452388,0.492402,-0.774842,-0.396434
0.763543,0.240829,1.21433,-0.60091,0.298463,-0.741503,0.629641,0.74822,-0.209091,0.492402,-0.592525,-0.637538
0.883514,0.235149,1.28338,-0.825794,0.277842,-0.490783,0.499419,0.764539,-0.407505,0.262001,-0.581622,-0.770112
0.883514,0.12127,1.20446,-0.825794,0.428944,-0.366157,0.499419,0.857807,-0.121441,0.262001,-0.283152,-0.922595
0.883514,0.0412502,1.09135,-0.825794,0.528308,-0.197368,0.499419,0.84761,0.17927,0.262001,0.0494703,-0.963799
0.883514,0.00474252,0.957694,-0.825794,0.563951,-0.00477319,0.499419,0.735179,0.458358,0.262001,0.376125,-0.888755
0.883514,0.01615,0.819611,-0.825794,0.531574,0.188397,0.499419,0.534075,0.682162,0.262001,0.657414,-0.706514
0.883514,0.0740967,0.693757,-0.825794,0.43508,0.358845,0.499419,0.268553,0.823687,0.262001,0.859409,-0.439057
0.883514,0.171593,0.595312,-0.825794,0.286109,0.48601,0.499419,-0.0293601,0.865863,0.262001,0.957747,-0.118643
0.883514,0.29688,0.53615,-0.825794,0.10263,0.554555,0.499419,-0.323732,0.803603,0.262001,0.940566,0.216081
0.883514,0.434846,0.523406,-0.825794,-0.0932285,0.556213,0.499419,-0.579057,0.644417,0.262001,0.809939,0.524742
0.883514,0.568851,0.558618,-0.825794,-0.277842,0.490783,0.499419,-0.764539,0.407505,0.262001,0.581622,0.770112
0.883514,0.68273,0.637539,-0.825794,-0.428944,0.366157,0.499419,-0.857807,0.121441,0.262001,0.283152,0.922595
0.883514,0.76275,0.750649,-0.825794,-0.528308,0.197368,0.499419,-0.84761,-0.17927,0.262001,-0.0494703,0.963799
0.883514,0.799257,0.884306,-0.825794,-0.563951,0.00477319,0.499419,-0.735179,-0.458358,0.262001,-0.376125,0.888755
0.883514,0.78785,1.02239,-0.825794,-0.531574,-0.188397,0.499419,-0.534075,-0.682162,0.262001,-0.657414,0.706514
0.883514,0.729903,1.14824,-0.825794,-0.43508,-0.358845,0.499419,-0.268553,-0.823687,0.262001,-0.859409,0.439057
0.883514,0.632407,1.24669,-0.825794,-0.286109,-0.48601,0.499419,0.0293601,-0.865863,0.262001,-0.957747,0.118643
0.883514,0.50712,1.30585,-0.825794,-0.10263,-0.554555,0.499419,0.323732,-0.803603,0.262001,-0.940566,-0.216081
0.883514,0.369154,1.31859,-0.825794,0.0932285,-0.556213,0.499419,0.579057,-0.644417,0.262001,-0.809939,-0.524742
0.883514,0.235149,1.28338,-0.825794,0.277842,-0.490783,0.499419,0.764539,-0.407505,0.262001,-0.581622,-0.770112
0.875863,0.442536,0.52683,0.985232,0.160014,-0.060944,-0.00862081,0.401829,0.915674,0.17101,-0.901626,0.397274
0.875863,0.574905,0.564466,0.985232,0.171208,-0.00254051,-0.00862081,0.0644164,0.997886,0.17101,-0.983127,0.064941
0.875863,0.686419,0.645104,0.985232,0.161752,0.0561694,-0.00862081,-0.280765,0.959738,0.17101,-0.946048,-0.275225
0.875863,0.763629,0.75902,0.985232,0.132786,0.108105,-0.00862081,-0.592083,0.805831,0.17101,-0.794862,-0.582194
0.875863,0.79722,0.892473,0.985232,0.0878043,0.147001,-0.00862081,-0.831986,0.554729,0.17101,-0.547804,-0.818942
0.875863,0.783142,1.02937,0.985232,0.0322319,0.168166,-0.00862081,-0.97154,0.236719,0.17101,-0.234673,-0.956914
0.875863,0.723093,1.15319,0.985232,-0.0272281,0.169049,-0.00862081,-0.993912,-0.109843,0.17101,0.106764,-0.979468
0.875863,0.624315,1.24901,0.985232,-0.0834041,0.149541,-0.00862081,-0.896403,-0.443157,0.17101,0.435323,-0.883883
0.875863,0.498723,1.30526,0.985232,-0.12952,0.111997,-0.00862081,-0.690774,-0.723019,0.17101,0.711376,-0.681689
0.875863,0.361464,1.31517,0.985232,-0.160014,0.060944,-0.00862081,-0.401829,-0.915674,0.17101,0.901626,-0.397274
0.875863,0.229095,1.27753,0.985232,-0.171208,0.00254051,-0.00862081,-0.0644164,-0.997886,0.17101,0.983127,-0.064941
0.875863,0.117581,1.1969,0.985232,-0.161752,-0.0561694,-0.00862081,0.280765,-0.959738,0.17101,0.946048,0.275225
0.875863,0.0403714,1.08298,0.985232,-0.132786,-0.108105,-0.00862081,0.592083,-0.805831,0.17101,0.794862,0.582194
0.875863,0.00677986,0.949527,0.985232,-0.0878043,-0.147001,-0.00862081,0.831986,-0.554729,0.17101,0.547804,0.818942
0.875863,0.0208577,0.812633,0.985232,-0.0322319,-0.168166,-0.00862081,0.97154,-0.236719,0.17101,0.234673,0.956914
0.875863,0.0809069,0.68881,0.985232,0.0272281,-0.169049,-0.00862081,0.993912,0.109843,0.17101,-0.106764,0.979468
0.875863,0.179685,0.592993,0.985232,0.0834041,-0.149541,-0.00862081,0.896403,0.443157,0.17101,-0.435323,0.883883
0.875863,0.305277,0.536738,0.985232,0.12952,-0.111997,-0.00862081,0.690774,0.723019,0.17101,-0.711376,0.681689
0.875863,0.442536,0.52683,0.985232,0.160014,-0.060944,-0.00862081,0.401829,0.915674,0.17101,-0.901626,0.397274
0.749059,0.436536,0.599774,0.900555,0.187271,-0.39234,0.292759,0.405935,0.865742,0.321393,-0.894509,0.310742
0.749059,0.544319,0.630958,0.900555,0.310165,-0.304629,0.292759,0.0853535,0.952369,0.321393,-0.946843,-0.0139381
0.749059,0.634937,0.697126,0.900555,0.395649,-0.180175,0.292759,-0.245523,0.924127,0.321393,-0.884975,-0.336937
0.749059,0.697458,0.790296,0.900555,0.433412,-0.0339889,0.292759,-0.546787,0.784421,0.321393,-0.716365,-0.619296
0.749059,0.724343,0.899231,0.900555,0.418899,0.116296,0.292759,-0.782099,0.550103,0.321393,-0.461351,-0.826959
0.749059,0.712349,1.01079,0.900555,0.35386,0.252555,0.292759,-0.923079,0.249434,0.321393,-0.150691,-0.934879
0.749059,0.662922,1.11152,0.900555,0.246141,0.358351,0.292759,-0.952722,-0.0813204,0.321393,0.178144,-0.930038
0.749059,0.582024,1.18927,0.900555,0.108734,0.420925,0.292759,-0.867453,-0.402266,0.321393,0.485492,-0.813021
0.749059,0.479412,1.23467,0.900555,-0.0417886,0.432729,0.292759,-0.677556,-0.674693,0.321393,0.734283,-0.597942
0.749059,0.367464,1.24223,0.900555,-0.187271,0.39234,0.292759,-0.405935,-0.865742,0.321393,0.894509,-0.310742
0.749059,0.259681,1.21104,0.900555,-0.310165,0.304629,0.292759,-0.0853535,-0.952369,0.321393,0.946843,0.0139381
0.749059,0.169063,1.14487,0.900555,-0.395649,0.180175,0.292759,0.245523,-0.924127,0.321393,0.884975,0.336937
0.749059,0.106542,1.0517,0.900555,-0.433412,0.0339889,0.292759,0.546787,-0.784421,0.321393,0.716365,0.619296
0.749059,0.0796567,0.942769,0.900555,-0.418899,-0.116296,0.292759,0.782099,-0.550103,0.321393,0.461351,0.826959
0.749059,0.091651,0.831208,0.900555,-0.35386,-0.252555,0.292759,0.923079,-0.249434,0.321393,0.150691,0.934879
0.749059,0.141078,0.730478,0.900555,-0.246141,-0.358351,0.292759,0.952722,0.0813204,0.321393,-0.178144,0.930038
0.749059,0.221976,0.652727,0.900555,-0.108734,-0.420925,0.292759,0.867453,0.402266,0.321393,-0.485492,0.813021
0.749059,0.324588,0.607334,0.900555,0.0417886,-0.432729,0.292759,0.677556,0.674693,0.321393,-0.734283,0.597942
0.749059,0.436536,0.599774,0.900555,0.187271,-0.39234,0.292759,0.405935,0.865742,0.321393,-0.894509,0.310742
0.654934,0.427344,0.711542,0.707258,0.210509,-0.674887,0.558827,0.418244,0.716089,0.433011,-0.883605,0.178168
0.654934,0.497454,0.732841,0.707258,0.428639,-0.562188,0.558827,0.148104,0.815952,0.433011,-0.891254,-0.134788
0.654934,0.556052,0.776836,0.707258,0.595068,-0.381681,0.558827,-0.1399,0.817398,0.433011,-0.791405,-0.431486
0.654934,0.596068,0.838219,0.707258,0.689724,-0.155137,0.558827,-0.41103,0.720255,0.433011,-0.596101,-0.67614
0.654934,0.612677,0.909587,0.707258,0.701188,0.0901182,0.558827,-0.632583,0.536237,0.433011,-0.328898,-0.839243
0.654934,0.603875,0.982331,0.707258,0.628079,0.324504,0.558827,-0.777838,0.287542,0.433011,-0.0220248,-0.90112
0.654934,0.570725,1.04768,0.707258,0.479215,0.51975,0.558827,-0.829274,0.00416515,0.433011,0.287505,-0.854308
0.654934,0.517223,1.09775,0.707258,0.272549,0.652306,0.558827,-0.780687,-0.279714,0.433011,0.562357,-0.704455
0.654934,0.449824,1.12649,0.707258,0.033011,0.706185,0.558827,-0.637938,-0.529856,0.433011,0.76938,-0.469634
0.654934,0.376656,1.13046,0.707258,-0.210509,0.674887,0.558827,-0.418244,-0.716089,0.433011,0.883605,-0.178168
0.654934,0.306546,1.10916,0.707258,-0.428639,0.562188,0.558827,-0.148104,-0.815952,0.433011,0.891254,0.134788
0.654934,0.247948,1.06516,0.707258,-0.595068,0.381681,0.558827,0.1399,-0.817398,0.433011,0.791405,0.431486
0.654934,0.207932,1.00378,0.707258,-0.689724,0.155137,0.558827,0.41103,-0.720255,0.433011,0.596101,0.67614
0.654934,0.191323,0.932413,0.707258,-0.701188,-0.0901182,0.558827,0.632583,-0.536237,0.433011,0.328898,0.839243
0.654934,0.200125,0.859669,0.707258,-0.628079,-0.324504,0.558827,0.777838,-0.287542,0.433011,0.0220248,0.90112
0.654934,0.233275,0.794323,0.707258,-0.479215,-0.51975,0.558827,0.829274,-0.00416515,0.433011,-0.287505,0.854308
0.654934,0.286777,0.744255,0.707258,-0.272549,-0.652306,0.558827,0.780687,0.279714,0.433011,-0.562357,0.704455
