0.658953,0.249013,0.852779,0.308961,0.252095,0.917056,0.951075,-0.0818906,-0.29791,-3.49349e-06,0.964231,-0.265062
0.907818,0.121949,0.567844,0.92986,0.220042,-0.294861,-0.179072,0.970782,0.159739,0.321394,-0.095733,0.942094
0.907818,0.219967,0.466265,0.92986,0.30762,-0.20182,-0.179072,0.857602,0.482132,0.321394,-0.412175,0.852536
0.907818,0.346817,0.404336,0.92986,0.358095,-0.0844362,-0.179072,0.640984,0.746373,0.321394,-0.678902,0.66015
0.907818,0.487197,0.389527,0.92986,0.365378,0.0431315,-0.179072,0.347053,0.920591,0.321394,-0.863744,0.38814
0.907818,0.624176,0.423624,0.92986,0.328591,0.165497,-0.179072,0.0112627,0.983771,0.321394,-0.944405,0.0693143
0.907818,0.741233,0.502514,0.92986,0.252171,0.267901,-0.179072,-0.325886,0.928295,0.321394,-0.911157,-0.257872
0.907818,0.824248,0.616683,0.92986,0.145336,0.337992,-0.179072,-0.623728,0.760852,0.321394,-0.768011,-0.553954
0.907818,0.863209,0.752359,0.92986,0.0209709,0.367317,-0.179072,-0.84634,0.50164,0.321394,-0.53223,-0.783222
0.907818,0.853417,0.893178,0.92986,-0.105923,0.352337,-0.179072,-0.96687,0.181922,0.321394,-0.232255,-0.918021
0.907818,0.796051,1.02216,0.92986,-0.220042,0.294861,-0.179072,-0.970782,-0.159739,0.321394,0.095733,-0.942094
0.907818,0.698033,1.12374,0.92986,-0.30762,0.20182,-0.179072,-0.857602,-0.482132,0.321394,0.412175,-0.852536
0.907818,0.571183,1.18566,0.92986,-0.358095,0.0844362,-0.179072,-0.640984,-0.746373,0.321394,0.678902,-0.66015
0.907818,0.430803,1.20047,0.92986,-0.365378,-0.0431315,-0.179072,-0.347053,-0.920591,0.321394,0.863744,-0.38814
0.907818,0.293824,1.16638,0.92986,-0.328591,-0.165497,-0.179072,-0.0112627,-0.983771,0.321394,0.944405,-0.0693143
0.907818,0.176767,1.08749,0.92986,-0.252171,-0.267901,-0.179072,0.325886,-0.928295,0.321394,0.911157,0.257872
0.907818,0.0937516,0.973317,0.92986,-0.145336,-0.337992,-0.179072,0.623728,-0.760852,0.321394,0.768011,0.553954
0.907818,0.0547907,0.837641,0.92986,-0.0209709,-0.367317,-0.179072,0.84634,-0.50164,0.321394,0.53223,0.783222
0.907818,0.0645835,0.696822,0.92986,0.105923,-0.352337,-0.179072,0.96687,-0.181922,0.321394,0.232255,0.918021
0.907818,0.121949,0.567844,0.92986,0.220042,-0.294861,-0.179072,0.970782,0.159739,0.321394,-0.095733,0.942094
0.809114,0.137048,0.622772,0.796489,0.139356,-0.588374,-0.0275851,0.98044,0.194874,0.604023,-0.138985,0.784754
0.809114,0.21537,0.523045,0.796489,0.332188,-0.505229,-0.0275851,0.854661,0.518452,0.604023,-0.399005,0.689892
0.809114,0.323076,0.456119,0.796489,0.484953,-0.361145,-0.0275851,0.625798,0.779497,0.604023,-0.610899,0.511819
0.809114,0.447178,0.430068,0.796489,0.579225,-0.173501,-0.0275851,0.321454,0.946523,0.604023,-0.74911,0.272013
0.809114,0.572705,0.448032,0.796489,0.603635,0.0350688,-0.0275851,-0.0216621,0.999385,0.604023,-0.796967,-0.000602364
0.809114,0.684518,0.507846,0.796489,0.555237,0.239409,-0.0275851,-0.362165,0.931706,0.604023,-0.748698,-0.273145
0.809114,0.76913,0.602295,0.796489,0.439869,0.414873,-0.0275851,-0.658986,0.751649,0.604023,-0.610125,-0.512742
0.809114,0.816335,0.719987,0.796489,0.271447,0.540297,-0.0275851,-0.876324,0.480932,0.604023,-0.397962,-0.690495
0.809114,0.820441,0.846727,0.796489,0.070284,0.600554,-0.0275851,-0.987963,0.152208,0.604023,-0.137799,-0.784964
0.809114,0.780952,0.967228,0.796489,-0.139356,0.588374,-0.0275851,-0.98044,-0.194874,0.604023,0.138985,-0.784754
0.809114,0.70263,1.06696,0.796489,-0.332188,0.505229,-0.0275851,-0.854661,-0.518452,0.604023,0.399005,-0.689892
0.809114,0.594924,1.13388,0.796489,-0.484953,0.361145,-0.0275851,-0.625798,-0.779497,0.604023,0.610899,-0.511819
0.809114,0.470822,1.15993,0.796489,-0.579225,0.173501,-0.0275851,-0.321454,-0.946523,0.604023,0.74911,-0.272013
0.809114,0.345295,1.14197,0.796489,-0.603635,-0.0350688,-0.0275851,0.0216621,-0.999385,0.604023,0.796967,0.000602364
0.809114,0.233482,1.08215,0.796489,-0.555237,-0.239409,-0.0275851,0.362165,-0.931706,0.604023,0.748698,0.273145
0.809114,0.14887,0.987705,0.796489,-0.439869,-0.414873,-0.0275851,0.658986,-0.751649,0.604023,0.610125,0.512742
0.809114,0.101665,0.870013,0.796489,-0.271447,-0.540297,-0.0275851,0.876324,-0.480932,0.604023,0.397962,0.690495
0.809114,0.0975589,0.743273,0.796489,-0.070284,-0.600554,-0.0275851,0.987963,-0.152208,0.604023,0.137799,0.784964
0.809114,0.137048,0.622772,0.796489,0.139356,-0.588374,-0.0275851,0.98044,0.194874,0.604023,-0.138985,0.784754
0.735846,0.160185,0.706939,0.567051,0.0756271,-0.820203,0.127229,0.975783,0.177933,0.813797,-0.205251,0.543697
0.735846,0.208325,0.610049,0.567051,0.351592,-0.744873,0.127229,0.85608,0.50094,0.813797,-0.378828,0.440708
0.735846,0.286699,0.535467,0.567051,0.58515,-0.5797,0.127229,0.63312,0.763526,0.813797,-0.506713,0.284563
0.735846,0.385856,0.492188,0.567051,0.748131,-0.344607,0.127229,0.333797,0.934019,0.813797,-0.573481,0.0940959
0.735846,0.493835,0.485433,0.567051,0.820875,-0.0679486,0.127229,-0.00578672,0.991856,0.813797,-0.571078,-0.107721
0.735846,0.597612,0.516017,0.567051,0.79461,0.216905,0.127229,-0.344673,0.930061,0.813797,-0.499795,-0.296545
0.735846,0.684671,0.580249,0.567051,0.672503,0.475597,0.127229,-0.641986,0.756086,0.813797,-0.36823,-0.449601
0.735846,0.74451,0.670384,0.567051,0.469283,0.676924,0.127229,-0.861866,0.490917,0.813797,-0.19225,-0.548429
0.735846,0.769913,0.77555,0.567051,0.20946,0.796605,0.127229,-0.977793,0.166535,0.813797,0.00691751,-0.581108
0.735846,0.757815,0.883061,0.567051,-0.0756271,0.820203,0.127229,-0.975783,-0.177933,0.813797,0.205251,-0.543697
0.735846,0.709675,0.979951,0.567051,-0.351592,0.744873,0.127229,-0.85608,-0.50094,0.813797,0.378828,-0.440708
0.735846,0.631301,1.05453,0.567051,-0.58515,0.5797,0.127229,-0.63312,-0.763526,0.813797,0.506713,-0.284563
0.735846,0.532144,1.09781,0.567051,-0.748131,0.344607,0.127229,-0.333797,-0.934019,0.813797,0.573481,-0.0940959
0.735846,0.424165,1.10457,0.567051,-0.820875,0.0679486,0.127229,0.00578672,-0.991856,0.813797,0.571078,0.107721
0.735846,0.320388,1.07398,0.567051,-0.79461,-0.216905,0.127229,0.344673,-0.930061,0.813797,0.499795,0.296545
0.735846,0.233329,1.00975,0.567051,-0.672503,-0.475597,0.127229,0.641986,-0.756086,0.813797,0.36823,0.449601
0.735846,0.17349,0.919616,0.567051,-0.469283,-0.676924,0.127229,0.861866,-0.490917,0.813797,0.19225,0.548429
0.735846,0.148087,0.81445,0.567051,-0.20946,-0.796605,0.127229,0.977793,-0.166535,0.813797,-0.00691751,0.581108
0.735846,0.160185,0.706939,0.567051,0.0756271,-0.820203,0.127229,0.975783,0.177933,0.813797,-0.205251,0.543697
0.696852,0.188569,0.810192,0.269218,0.0365417,-0.962386,0.266698,0.957372,0.110957,0.925416,-0.286538,0.247996
0.696852,0.199682,0.716783,0.269218,0.363493,-0.891849,0.266698,0.861686,0.431706,0.925416,-0.354077,0.135038
0.696852,0.242073,0.632808,0.269218,0.646602,-0.713742,0.266698,0.662067,0.700385,0.925416,-0.37891,0.00579284
0.696852,0.310628,0.568396,0.269218,0.851721,-0.449547,0.266698,0.382594,0.884587,0.925416,-0.35804,-0.124151
0.696852,0.397079,0.531316,0.269218,0.95411,-0.13113,0.266698,0.0569741,0.962095,0.925416,-0.293985,-0.239121
0.696852,0.490998,0.52604,0.269218,0.94142,0.203103,0.266698,-0.275518,0.92356,0.925416,-0.194472,-0.325249
0.696852,0.581059,0.553204,0.269218,0.81518,0.512839,0.266698,-0.574778,0.77363,0.925416,-0.0715018,-0.372147
0.696852,0.656397,0.609533,0.269218,0.590617,0.760719,0.266698,-0.804711,0.530388,0.925416,0.0600921,-0.374159
0.696852,0.707926,0.688231,0.269218,0.294817,0.916845,0.266698,-0.937585,0.223175,0.925416,0.184438,-0.331042
0.696852,0.729431,0.779808,0.269218,-0.0365417,0.962386,0.266698,-0.957372,-0.110957,0.925416,0.286538,-0.247996
0.696852,0.718318,0.873217,0.269218,-0.363493,0.891849,0.266698,-0.861686,-0.431706,0.925416,0.354077,-0.135038
0.696852,0.675927,0.957192,0.269218,-0.646602,0.713742,0.266698,-0.662067,-0.700385,0.925416,0.37891,-0.00579284
0.696852,0.607372,1.0216,0.269218,-0.851721,0.449547,0.266698,-0.382594,-0.884587,0.925416,0.35804,0.124151
0.696852,0.520921,1.05868,0.269218,-0.95411,0.13113,0.266698,-0.0569741,-0.962095,0.925416,0.293985,0.239121
0.696852,0.427002,1.06396,0.269218,-0.94142,-0.203103,0.266698,0.275518,-0.92356,0.925416,0.194472,0.325249
0.696852,0.336941,1.0368,0.269218,-0.81518,-0.512839,0.266698,0.574778,-0.77363,0.925416,0.0715018,0.372147
0.696852,0.261603,0.980467,0.269218,-0.590617,-0.760719,0.266698,0.804711,-0.530388,0.925416,-0.0600921,0.374159
0.696852,0.210074,0.901769,0.269218,-0.294817,-0.916845,0.266698,0.937585,-0.223175,0.925416,-0.184438,0.331042
0.696852,0.188569,0.810192,0.269218,0.0365417,-0.962386,0.266698,0.957372,0.110957,0.925416,-0.286538,0.247996
0.696834,0.218777,0.920079,-0.061087,0.0268142,-0.997772,0.373999,0.927427,0.00202621,0.925415,-0.373042,-0.0666822
0.696834,0.190484,0.830374,-0.061087,0.366455,-0.928428,0.373999,0.870803,0.319103,0.925415,-0.327738,-0.190249
0.696834,0.194579,0.736403,-0.061087,0.661896,-0.747102,0.373999,0.709148,0.597691,0.925415,-0.242904,-0.290868
0.696834,0.230567,0.6495,-0.061087,0.877503,-0.475664,0.373999,0.461959,0.804188,0.925415,-0.128772,-0.356405
0.696834,0.294107,0.580146,-0.061087,0.98727,-0.146855,0.373999,0.159051,0.913689,0.925415,0.00089114,-0.378954
0.696834,0.377536,0.536706,-0.061087,0.977958,0.199668,0.373999,-0.163041,0.912985,0.925415,0.130447,-0.355795
0.696834,0.470791,0.524421,-0.061087,0.850689,0.522108,0.373999,-0.465468,0.802162,0.925415,0.244269,-0.289723
0.696834,0.562623,0.544772,-0.061087,0.620815,0.781574,0.373999,-0.711753,0.594586,0.925415,0.328629,-0.188705
0.696834,0.641957,0.595303,-0.061087,0.316061,0.94677,0.373999,-0.872189,0.315295,0.925415,0.373351,-0.064927
0.696834,0.699223,0.669921,-0.061087,-0.0268142,0.997772,0.373999,-0.927427,-0.00202621,0.925415,0.373042,0.0666822
0.696834,0.727516,0.759626,-0.061087,-0.366455,0.928428,0.373999,-0.870803,-0.319103,0.925415,0.327738,0.190249
0.696834,0.723421,0.853597,-0.061087,-0.661896,0.747102,0.373999,-0.709148,-0.597691,0.925415,0.242904,0.290868
0.696834,0.687433,0.9405,-0.061087,-0.877503,0.475664,0.373999,-0.461959,-0.804188,0.925415,0.128772,0.356405
0.696834,0.623893,1.00985,-0.061087,-0.98727,0.146855,0.373999,-0.159051,-0.913689,0.925415,-0.00089114,0.378954
0.696834,0.540464,1.05329,-0.061087,-0.977958,-0.199668,0.373999,0.163041,-0.912985,0.925415,-0.130447,0.355795
0.696834,0.447209,1.06558,-0.061087,-0.850689,-0.522108,0.373999,0.465468,-0.802162,0.925415,-0.244269,0.289723
0.696834,0.355377,1.04523,-0.061087,-0.620815,-0.781574,0.373999,0.711753,-0.594586,0.925415,-0.328629,0.188705
0.696834,0.276043,0.994697,-0.061087,-0.316061,-0.94677,0.373999,0.872189,-0.315295,0.925415,-0.373351,0.064927
0.696834,0.218777,0.920079,-0.061087,0.0268142,-0.997772,0.373999,0.927427,0.00202621,0.925415,-0.373042,-0.0666822
0.735794,0.247164,1.02334,-0.384024,0.0476177,-0.922094,0.43619,0.889561,-0.135722,0.813796,-0.454329,-0.362383
0.735794,0.181841,0.937121,-0.384024,0.360121,-0.850199,0.43619,0.882333,0.176711,0.813796,-0.302987,-0.495918
0.735794,0.149947,0.833756,-0.384024,0.629188,-0.675757,0.43619,0.768683,0.467829,0.813796,-0.115101,-0.569638
0.735794,0.15533,0.725716,-0.384024,0.822366,-0.419809,0.43619,0.562319,0.702521,0.813796,0.0866683,-0.574652
0.735794,0.19734,0.626034,-0.384024,0.916355,-0.113226,0.43619,0.288131,0.852478,0.813796,0.277984,-0.510354
0.735794,0.27091,0.546731,-0.384024,0.899817,0.207014,0.43619,-0.0208105,0.899614,0.813796,0.435771,-0.384499
0.735794,0.367167,0.497373,-0.384024,0.774748,0.502285,0.43619,-0.327242,0.838243,0.813796,0.540997,-0.212269
0.735794,0.474499,0.483913,-0.384024,0.556234,0.736973,0.43619,-0.594202,0.675768,0.813796,0.580971,-0.0144356
0.735794,0.579963,0.507975,-0.384024,0.270629,0.882772,0.43619,-0.789494,0.431785,0.813796,0.550872,0.185139
0.735794,0.670836,0.566656,-0.384024,-0.0476177,0.922094,0.43619,-0.889561,0.135722,0.813796,0.454329,0.362383
0.735794,0.736159,0.652879,-0.384024,-0.360121,0.850199,0.43619,-0.882333,-0.176711,0.813796,0.302987,0.495918
0.735794,0.768053,0.756244,-0.384024,-0.629188,0.675757,0.43619,-0.768683,-0.467829,0.813796,0.115101,0.569638
0.735794,0.76267,0.864284,-0.384024,-0.822366,0.419809,0.43619,-0.562319,-0.702521,0.813796,-0.0866683,0.574652
0.735794,0.72066,0.963966,-0.384024,-0.916355,0.113226,0.43619,-0.288131,-0.852478,0.813796,-0.277984,0.510354
0.735794,0.64709,1.04327,-0.384024,-0.899817,-0.207014,0.43619,0.0208105,-0.899614,0.813796,-0.435771,0.384499
0.735794,0.550833,1.09263,-0.384024,-0.774748,-0.502285,0.43619,0.327242,-0.838243,0.813796,-0.540997,0.212269
0.735794,0.443501,1.10609,-0.384024,-0.556234,-0.736973,0.43619,0.594202,-0.675768,0.813796,-0.580971,0.0144356
0.735794,0.338037,1.08203,-0.384024,-0.270629,-0.882772,0.43619,0.789494,-0.431785,0.813796,-0.550872,-0.185139
0.735794,0.247164,1.02334,-0.384024,0.0476177,-0.922094,0.43619,0.889561,-0.135722,0.813796,-0.454329,-0.362383
0.809034,0.270307,1.10753,-0.660642,0.0964431,-0.744481,0.44577,0.84834,-0.285673,0.604021,-0.520595,-0.60344
0.809034,0.174794,1.02415,-0.660642,0.345254,-0.666597,0.44577,0.894884,0.0217046,0.604021,-0.28281,-0.745102
0.809034,0.113561,0.913125,-0.660642,0.552423,-0.508313,0.44577,0.833493,0.326464,0.604021,-0.0109148,-0.796894
0.809034,0.0939922,0.787854,-0.660642,0.692961,-0.288718,0.44577,0.67157,0.591847,0.604021,0.262297,-0.752568
0.809034,0.118449,0.663444,-0.660642,0.749917,-0.0342998,0.44577,0.428645,0.785845,0.604021,0.503872,-0.617472
0.809034,0.183981,0.554903,-0.660642,0.716423,0.224256,0.44577,0.13402,0.885058,0.604021,0.684673,-0.407899
0.809034,0.282685,0.475321,-0.660642,0.596517,0.455762,0.44577,-0.17677,0.87752,0.604021,0.782892,-0.149128
0.809034,0.402655,0.434296,-0.660642,0.404663,0.632298,0.44577,-0.466239,0.76414,0.604021,0.786682,0.12763
0.809034,0.529421,0.436778,-0.660642,0.164,0.732568,0.44577,-0.699473,0.558594,0.604021,0.695587,0.388994
0.809034,0.647693,0.482467,-0.660642,-0.0964431,0.744481,0.44577,-0.84834,0.285673,0.604021,0.520595,0.60344
0.809034,0.743206,0.565852,-0.660642,-0.345254,0.666597,0.44577,-0.894884,-0.0217046,0.604021,0.28281,0.745102
0.809034,0.804439,0.676875,-0.660642,-0.552423,0.508313,0.44577,-0.833493,-0.326464,0.604021,0.0109148,0.796894
0.809034,0.824008,0.802146,-0.660642,-0.692961,0.288718,0.44577,-0.67157,-0.591847,0.604021,-0.262297,0.752568
0.809034,0.799551,0.926556,-0.660642,-0.749917,0.0342998,0.44577,-0.428645,-0.785845,0.604021,-0.503872,0.617472
0.809034,0.734019,1.0351,-0.660642,-0.716423,-0.224256,0.44577,-0.13402,-0.885058,0.604021,-0.684673,0.407899
0.809034,0.635315,1.11468,-0.660642,-0.596517,-0.455762,0.44577,0.17677,-0.87752,0.604021,-0.782892,0.149128
0.809034,0.515345,1.1557,-0.660642,-0.404663,-0.632298,0.44577,0.466239,-0.76414,0.604021,-0.786682,-0.12763
0.809034,0.388579,1.15322,-0.660642,-0.164,-0.732568,0.44577,0.699473,-0.558594,0.604021,-0.695587,-0.388994
0.809034,0.270307,1.10753,-0.660642,0.0964431,-0.744481,0.44577,0.84834,-0.285673,0.604021,-0.520595,-0.60344
0.90772,0.285415,1.16249,-0.857576,0.167401,-0.486353,0.401584,0.808736,-0.42974,0.321392,-0.563846,-0.760779
0.90772,0.170194,1.08096,-0.857576,0.323648,-0.399768,0.401584,0.906943,-0.127219,0.321392,-0.269641,-0.907745
0.90772,0.0898074,0.964936,-0.857576,0.440859,-0.264965,0.401584,0.895759,0.190646,0.321392,0.0570878,-0.945224
0.90772,0.0539509,0.828416,-0.857576,0.504895,-0.0982028,0.401584,0.776534,0.485516,0.321392,0.376931,-0.868695
0.90772,0.0669492,0.687866,-0.857576,0.508033,0.0804038,0.401584,0.563647,0.721826,0.321392,0.65131,-0.687388
0.90772,0.127235,0.560238,-0.857576,0.449895,0.249312,0.401584,0.282776,0.871073,0.321392,0.847132,-0.423172
0.90772,0.227536,0.460925,-0.857576,0.337494,0.38815,0.401584,-0.0322024,0.915256,0.321392,0.940777,-0.107916
0.90772,0.355755,0.401907,-0.857576,0.184385,0.480172,0.401584,-0.343296,0.849045,0.321392,0.92095,0.220357
0.90772,0.496427,0.390302,-0.857576,0.00903677,0.514277,0.401584,-0.612984,0.680427,0.321392,0.790044,0.522051
0.90772,0.632585,0.427509,-0.857576,-0.167401,0.486353,0.401584,-0.808736,0.42974,0.321392,0.563846,0.760779
0.90772,0.747806,0.509041,-0.857576,-0.323648,0.399768,0.401584,-0.906943,0.127219,0.321392,0.269641,0.907745
0.90772,0.828193,0.625064,-0.857576,-0.440859,0.264965,0.401584,-0.895759,-0.190646,0.321392,-0.0570878,0.945224
0.90772,0.864049,0.761584,-0.857576,-0.504895,0.0982028,0.401584,-0.776534,-0.485516,0.321392,-0.376931,0.868695
0.90772,0.851051,0.902134,-0.857576,-0.508033,-0.0804038,0.401584,-0.563647,-0.721826,0.321392,-0.65131,0.687388
0.90772,0.790765,1.02976,-0.857576,-0.449895,-0.249312,0.401584,-0.282776,-0.871073,0.321392,-0.847132,0.423172
0.90772,0.690464,1.12907,-0.857576,-0.337494,-0.38815,0.401584,0.0322024,-0.915256,0.321392,-0.940777,0.107916
0.90772,0.562245,1.18809,-0.857576,-0.184385,-0.480172,0.401584,0.343296,-0.849045,0.321392,-0.92095,-0.220357
0.90772,0.421573,1.1997,-0.857576,-0.00903677,-0.514277,0.401584,0.612984,-0.680427,0.321392,-0.790044,-0.522051
0.90772,0.285415,1.16249,-0.857576,0.167401,-0.486353,0.401584,0.808736,-0.42974,0.321392,-0.563846,-0.760779
0.883612,0.227935,0.469738,0.961642,0.191456,-0.196442,-0.0812368,0.882785,0.462701,0.262003,-0.428994,0.864476
0.883612,0.353116,0.410325,0.961642,0.247097,-0.119113,-0.0812368,0.671293,0.736727,0.262003,-0.698791,0.665617
0.883612,0.491069,0.397309,0.961642,0.272934,-0.0274177,-0.0812368,0.378834,0.921892,0.262003,-0.884303,0.386475
0.883612,0.625153,0.432261,0.961642,0.265852,0.0675849,-0.0812368,0.0406818,0.995864,0.262003,-0.963155,0.0607183
0.883612,0.739197,0.510964,0.961642,0.226704,0.154436,-0.0812368,-0.302377,0.94972,0.262003,-0.925837,-0.272362
0.883612,0.819445,0.623927,0.961642,0.160212,0.222659,-0.0812368,-0.608965,0.789026,0.262003,-0.776849,-0.572591
0.883612,0.856218,0.757523,0.961642,0.0743957,0.264027,-0.0812368,-0.842103,0.533164,0.262003,-0.534161,-0.803758
0.883612,0.845081,0.89564,0.961642,-0.0203934,0.273549,-0.0812368,-0.97367,0.212994,0.262003,-0.227046,-0.937979
0.883612,0.787376,1.02162,0.961642,-0.112723,0.250077,-0.0812368,-0.987799,-0.132866,0.262003,0.107454,-0.959066
0.883612,0.690065,1.12026,0.961642,-0.191456,0.196442,-0.0812368,-0.882785,-0.462701,0.262003,0.428994,-0.864476
0.883612,0.564884,1.17968,0.961642,-0.247097,0.119113,-0.0812368,-0.671293,-0.736727,0.262003,0.698791,-0.665617
0.883612,0.426931,1.19269,0.961642,-0.272934,0.0274177,-0.0812368,-0.378834,-0.921892,0.262003,0.884303,-0.386475
0.883612,0.292847,1.15774,0.961642,-0.265852,-0.0675849,-0.0812368,-0.0406818,-0.995864,0.262003,0.963155,-0.0607183
0.883612,0.178803,1.07904,0.961642,-0.226704,-0.154436,-0.0812368,0.302377,-0.94972,0.262003,0.925837,0.272362
0.883612,0.0985551,0.966073,0.961642,-0.160212,-0.222659,-0.0812368,0.608965,-0.789026,0.262003,0.776849,0.572591
0.883612,0.0617821,0.832477,0.961642,-0.0743957,-0.264027,-0.0812368,0.842103,-0.533164,0.262003,0.534161,0.803758
0.883612,0.0729193,0.69436,0.961642,0.0203934,-0.273549,-0.0812368,0.97367,-0.212994,0.262003,0.227046,0.937979
0.883612,0.130624,0.568382,0.961642,0.112723,-0.250077,-0.0812368,0.987799,0.132866,0.262003,-0.107454,0.959066
0.883612,0.227935,0.469738,0.961642,0.191456,-0.196442,-0.0812368,0.882785,0.462701,0.262003,-0.428994,0.864476
0.763622,0.246292,0.536516,0.856221,0.106493,-0.505515,0.156285,0.879277,0.449941,0.492403,-0.464253,0.736212
0.763622,0.347527,0.479354,0.856221,0.272967,-0.438606,0.156285,0.672361,0.723537,0.492403,-0.688055,0.533029
0.763622,0.462207,0.460263,0.856221,0.406517,-0.318794,0.156285,0.384349,0.909863,0.492403,-0.828867,0.265555
0.763622,0.5765,0.481547,0.856221,0.491035,-0.160532,0.156285,0.0499783,0.986447,0.492403,-0.869705,-0.0339492
0.763622,0.676621,0.540638,0.856221,0.516327,0.0170936,0.156285,-0.29042,0.94405,0.492403,-0.805644,-0.329358
0.763622,0.750494,0.630409,0.856221,0.479343,0.192657,0.156285,-0.59579,0.787787,0.492403,-0.64441,-0.585042
0.763622,0.789208,0.740032,0.856221,0.384542,0.344983,0.156285,-0.829299,0.536506,0.492403,-0.405451,-0.770161
0.763622,0.788094,0.856284,0.856221,0.24336,0.455699,0.156285,-0.962782,0.220514,0.492403,-0.117589,-0.862387
0.763622,0.747287,0.965145,0.856221,0.0728254,0.511451,0.156285,-0.980139,-0.122076,0.492403,0.184456,-0.850597
0.763622,0.671708,1.05348,0.856221,-0.106493,0.505515,0.156285,-0.879277,-0.449941,0.492403,0.464253,-0.736212
0.763622,0.570473,1.11065,0.856221,-0.272967,0.438606,0.156285,-0.672361,-0.723537,0.492403,0.688055,-0.533029
0.763622,0.455793,1.12974,0.856221,-0.406517,0.318794,0.156285,-0.384349,-0.909863,0.492403,0.828867,-0.265555
0.763622,0.3415,1.10845,0.856221,-0.491035,0.160532,0.156285,-0.0499783,-0.986447,0.492403,0.869705,0.0339492
0.763622,0.241379,1.04936,0.856221,-0.516327,-0.0170936,0.156285,0.29042,-0.94405,0.492403,0.805644,0.329358
0.763622,0.167506,0.959591,0.856221,-0.479343,-0.192657,0.156285,0.59579,-0.787787,0.492403,0.64441,0.585042
0.763622,0.128792,0.849968,0.856221,-0.384542,-0.344983,0.156285,0.829299,-0.536506,0.492403,0.405451,0.770161
0.763622,0.129906,0.733716,0.856221,-0.24336,-0.455699,0.156285,0.962782,-0.220514,0.492403,0.117589,0.862387
0.763622,0.170713,0.624855,0.856221,-0.0728254,-0.511451,0.156285,0.980139,0.122076,0.492403,-0.184456,0.850597
0.763622,0.246292,0.536516,0.856221,0.106493,-0.505515,0.156285,0.879277,0.449941,0.492403,-0.464253,0.736212
0.674556,0.27442,0.638837,0.647527,0.0362113,-0.761182,0.374957,0.854448,0.359619,0.663413,-0.518274,0.5397
0.674556,0.338962,0.585125,0.647527,0.294367,-0.702892,0.374957,0.679921,0.63017,0.663413,-0.671606,0.329892
0.674556,0.417983,0.556727,0.647527,0.517018,-0.559823,0.374957,0.423386,0.824713,0.663413,-0.743933,0.0802944
0.674556,0.501951,0.557068,0.647527,0.677309,-0.349231,0.374957,0.115785,0.919783,0.663413,-0.726531,-0.178988
0.674556,0.580738,0.586107,0.647527,0.755906,-0.0965167,0.374957,-0.205782,0.903914,0.663413,-0.621498,-0.416682
0.674556,0.644842,0.640341,0.647527,0.74333,0.167839,0.374957,-0.502529,0.77902,0.663413,-0.441504,-0.604118
0.674556,0.686531,0.71323,0.647527,0.641097,0.411951,0.374957,-0.738663,0.560164,0.663413,-0.208257,-0.718688
0.674556,0.700776,0.795982,0.647527,0.461539,0.606375,0.374957,-0.885704,0.273744,0.663413,0.0501081,-0.746574
0.674556,0.685859,0.878615,0.647527,0.226312,0.727662,0.374957,-0.925915,-0.0456929,0.663413,0.30243,-0.684412
0.674556,0.64358,0.951163,0.647527,-0.0362113,0.761182,0.374957,-0.854448,-0.359619,0.663413,0.518274,-0.5397
0.674556,0.579038,1.00488,0.647527,-0.294367,0.702892,0.374957,-0.679921,-0.63017,0.663413,0.671606,-0.329892
0.674556,0.500017,1.03327,0.647527,-0.517018,0.559823,0.374957,-0.423386,-0.824713,0.663413,0.743933,-0.0802944
0.674556,0.416049,1.03293,0.647527,-0.677309,0.349231,0.374957,-0.115785,-0.919783,0.663413,0.726531,0.178988
0.674556,0.337262,1.00389,0.647527,-0.755906,0.0965167,0.374957,0.205782,-0.903914,0.663413,0.621498,0.416682
0.674556,0.273158,0.949659,0.647527,-0.74333,-0.167839,0.374957,0.502529,-0.77902,0.663413,0.441504,0.604118
0.674556,0.231469,0.87677,0.647527,-0.641097,-0.411951,0.374957,0.738663,-0.560164,0.663413,0.208257,0.718688
0.674556,0.217224,0.794018,0.647527,-0.461539,-0.606375,0.374957,0.885704,-0.273744,0.663413,-0.0501081,0.746574
0.674556,0.232141,0.711385,0.647527,-0.226312,-0.727662,0.374957,0.925915,0.0456929,0.663413,-0.30243,0.684412
0.674556,0.27442,0.638837,0.647527,0.0362113,-0.761182,0.374957,0.854448,0.359619,0.663413,-0.518274,0.5397
0.627155,0.308926,0.764361,0.360731,-0.0109125,-0.932606,0.548404,0.811292,0.202629,0.754404,-0.584539,0.298643
0.627155,0.328456,0.714881,0.360731,0.308716,-0.880095,0.548404,0.693062,0.467887,0.754404,-0.651429,0.0807083
0.627155,0.363731,0.675064,0.360731,0.591108,-0.721432,0.548404,0.491238,0.676711,0.754404,-0.639747,-0.146961
0.627155,0.410497,0.649713,0.360731,0.802204,-0.475753,0.548404,0.230164,0.803914,0.754404,-0.550902,-0.356904
0.627155,0.463113,0.641886,0.360731,0.916543,-0.172692,0.548404,-0.0586714,0.834153,0.754404,-0.39561,-0.5238
0.627155,0.515233,0.652526,0.360731,0.920332,0.151199,0.548404,-0.34043,0.76378,0.754404,-0.192602,-0.627518
0.627155,0.560571,0.680351,0.360731,0.813117,0.456852,0.548404,-0.581128,0.601285,0.754404,0.0336373,-0.655547
0.627155,0.593658,0.722005,0.360731,0.607827,0.707403,0.548404,-0.751733,0.366265,0.754404,0.255819,-0.604508
0.627155,0.610503,0.772463,0.360731,0.329224,0.872631,0.548404,-0.831668,0.087069,0.754404,0.447145,-0.480557
0.627155,0.609074,0.825639,0.360731,0.0109125,0.932606,0.548404,-0.811292,-0.202629,0.754404,0.584539,-0.298643
0.627155,0.589544,0.875119,0.360731,-0.308716,0.880095,0.548404,-0.693062,-0.467887,0.754404,0.651429,-0.0807083
0.627155,0.554269,0.914936,0.360731,-0.591108,0.721432,0.548404,-0.491238,-0.676711,0.754404,0.639747,0.146961
0.627155,0.507503,0.940287,0.360731,-0.802204,0.475753,0.548404,-0.230164,-0.803914,0.754404,0.550902,0.356904
0.627155,0.454887,0.948114,0.360731,-0.916543,0.172692,0.548404,0.0586714,-0.834153,0.754404,0.39561,0.5238
0.627155,0.402767,0.937474,0.360731,-0.920332,-0.151199,0.548404,0.34043,-0.76378,0.754404,0.192602,0.627518
0.627155,0.357429,0.909649,0.360731,-0.813117,-0.456852,0.548404,0.581128,-0.601285,0.754404,-0.0336373,0.655547
0.627155,0.324342,0.867995,0.360731,-0.607827,-0.707403,0.548404,0.751733,-0.366265,0.754404,-0.255819,0.604508
0.627155,0.307497,0.817537,0.360731,-0.329224,-0.872631,0.548404,0.831668,-0.087069,0.754404,-0.447145,0.480557
0.627155,0.308926,0.764361,0.360731,-0.0109125,-0.932606,0.548404,0.811292,0.202629,0.754404,-0.584539,0.298643
0.627137,0.345648,0.897947,0.0304265,-0.0291944,-0.999111,0.655705,0.755015,-0.00209325,0.754404,-0.655058,0.0421154
0.627137,0.317274,0.85297,0.0304265,0.314282,-0.948842,0.655705,0.710198,0.256263,0.754404,-0.629957,-0.184467
0.627137,0.305994,0.801001,0.0304265,0.619852,-0.784129,0.655705,0.57972,0.48371,0.754404,-0.528875,-0.388801
0.627137,0.313169,0.748308,0.0304265,0.850658,-0.524838,0.655705,0.37932,0.652815,0.754404,-0.364002,-0.546239
0.627137,0.337933,0.701247,0.0304265,0.978862,-0.202245,0.655705,0.133168,0.743181,0.754404,-0.155225,-0.637793
0.627137,0.3773,0.665494,0.0304265,0.989001,0.144743,0.655705,-0.129045,0.743908,0.754404,0.072274,-0.652419
0.627137,0.426521,0.645361,0.0304265,0.879852,0.474272,0.655705,-0.375694,0.654908,0.754404,0.291056,-0.588354
0.627137,0.479659,0.643277,0.0304265,0.66458,0.746597,0.655705,-0.577029,0.486918,0.754404,0.474732,-0.453325
0.627137,0.530306,0.659493,0.0304265,0.36915,0.928872,0.655705,-0.708766,0.260197,0.754404,0.601149,-0.263618
0.627137,0.572352,0.692053,0.0304265,0.0291944,0.999111,0.655705,-0.755015,0.00209325,0.754404,0.655058,-0.0421154
0.627137,0.600726,0.73703,0.0304265,-0.314282,0.948842,0.655705,-0.710198,-0.256263,0.754404,0.629957,0.184467
0.627137,0.612006,0.788999,0.0304265,-0.619852,0.784129,0.655705,-0.57972,-0.48371,0.754404,0.528875,0.388801
0.627137,0.604831,0.841692,0.0304265,-0.850658,0.524838,0.655705,-0.37932,-0.652815,0.754404,0.364002,0.546239
0.627137,0.580067,0.888753,0.0304265,-0.978862,0.202245,0.655705,-0.133168,-0.743181,0.754404,0.155225,0.637793
0.627137,0.5407,0.924506,0.0304265,-0.989001,-0.144743,0.655705,0.129045,-0.743908,0.754404,-0.072274,0.652419
0.627137,0.491479,0.944639,0.0304265,-0.879852,-0.474272,0.655705,0.375694,-0.654908,0.754404,-0.291056,0.588354
0.627137,0.438341,0.946723,0.0304265,-0.66458,-0.746597,0.655705,0.577029,-0.486918,0.754404,-0.474732,0.453325
0.627137,0.387694,0.930507,0.0304265,-0.36915,-0.928872,0.655705,0.708766,-0.260197,0.754404,-0.601149,0.263618
0.627137,0.345648,0.897947,0.0304265,-0.0291944,-0.999111,0.655705,0.755015,-0.00209325,0.754404,-0.655058,0.0421154
0.674504,0.380158,1.02348,-0.303548,-0.0164293,-0.952674,0.683918,0.692403,-0.229856,0.663411,-0.721323,-0.198942
0.674504,0.306766,0.982738,-0.303548,0.310395,-0.90084,0.683918,0.729262,0.0208221,0.663411,-0.60978,-0.433651
0.674504,0.251737,0.919349,-0.303548,0.599782,-0.740352,0.683918,0.67816,0.268989,0.663411,-0.424689,-0.616056
0.674504,0.221707,0.840962,-0.303548,0.816826,-0.490565,0.683918,0.545263,0.484711,0.663411,-0.188373,-0.724155
0.674504,0.220297,0.757031,-0.303548,0.935348,-0.18161,0.683918,0.346598,0.64197,0.663411,0.0706626,-0.744911
0.674504,0.247679,0.67768,-0.303548,0.941054,0.14925,0.683918,0.106129,0.721798,0.663411,0.321176,-0.675819
0.674504,0.300549,0.612479,-0.303548,0.833255,0.462109,0.683918,-0.147141,0.714567,0.663411,0.53295,-0.525214
0.674504,0.372531,0.569293,-0.303548,0.624953,0.71923,0.683918,-0.382663,0.621148,0.663411,0.680443,-0.31126
0.674504,0.454942,0.55333,-0.303548,0.341272,0.889602,0.683918,-0.572031,0.45281,0.663411,0.745864,-0.0597633
0.674504,0.537842,0.566517,-0.303548,0.0164293,0.952674,0.683918,-0.692403,0.229856,0.663411,0.721323,0.198942
0.674504,0.611234,0.607262,-0.303548,-0.310395,0.90084,0.683918,-0.729262,-0.0208221,0.663411,0.60978,0.433651
0.674504,0.666263,0.670651,-0.303548,-0.599782,0.740352,0.683918,-0.67816,-0.268989,0.663411,0.424689,0.616056
0.674504,0.696293,0.749038,-0.303548,-0.816826,0.490565,0.683918,-0.545263,-0.484711,0.663411,0.188373,0.724155
0.674504,0.697703,0.832969,-0.303548,-0.935348,0.18161,0.683918,-0.346598,-0.64197,0.663411,-0.0706626,0.744911
0.674504,0.670321,0.91232,-0.303548,-0.941054,-0.14925,0.683918,-0.106129,-0.721798,0.663411,-0.321176,0.675819
0.674504,0.617451,0.977521,-0.303548,-0.833255,-0.462109,0.683918,0.147141,-0.714567,0.663411,-0.53295,0.525214
0.674504,0.545469,1.02071,-0.303548,-0.624953,-0.71923,0.683918,0.382663,-0.621148,0.663411,-0.680443,0.31126
0.674504,0.463058,1.03667,-0.303548,-0.341272,-0.889602,0.683918,0.572031,-0.45281,0.663411,-0.745864,0.0597633
0.674504,0.380158,1.02348,-0.303548,-0.0164293,-0.952674,0.683918,0.692403,-0.229856,0.663411,-0.721323,-0.198942
0.763543,0.408292,1.12583,-0.60091,0.0258432,-0.798898,0.629641,0.631011,-0.453187,0.492402,-0.775344,-0.395453
0.763543,0.2982,1.08853,-0.60091,0.297524,-0.74188,0.629641,0.747955,-0.210038,0.492402,-0.593332,-0.636787
0.763543,0.207503,1.01583,-0.60091,0.533319,-0.59538,0.629641,0.774685,0.0584444,0.492402,-0.339756,-0.801316
0.763543,0.147141,0.916499,-0.60091,0.704788,-0.377068,0.629641,0.707977,0.319878,0.492402,-0.0451997,-0.869194
0.763543,0.124393,0.802509,-0.60091,0.791249,-0.113277,0.629641,0.555876,0.542729,0.492402,0.254808,-0.832234
0.763543,0.142004,0.687614,-0.60091,0.782274,0.164178,0.629641,0.336728,0.700119,0.492402,0.524082,-0.694895
0.763543,0.197849,0.585672,-0.60091,0.678945,0.42183,0.629641,0.0769661,0.773065,0.492402,0.730144,-0.473741
0.763543,0.285193,0.508977,-0.60091,0.493725,0.628603,0.629641,-0.192079,0.752767,0.492402,0.84814,-0.195447
0.763543,0.393501,0.466781,-0.60091,0.248955,0.759558,0.629641,-0.437957,0.641675,0.492402,0.863838,0.106421
0.763543,0.509708,0.464173,-0.60091,-0.0258432,0.798898,0.629641,-0.631011,0.453187,0.492402,0.775344,0.395453
0.763543,0.6198,0.501467,-0.60091,-0.297524,0.74188,0.629641,-0.747955,0.210038,0.492402,0.593332,0.636787
0.763543,0.710497,0.574166,-0.60091,-0.533319,0.59538,0.629641,-0.774685,-0.0584444,0.492402,0.339756,0.801316
0.763543,0.770859,0.673501,-0.60091,-0.704788,0.377068,0.629641,-0.707977,-0.319878,0.492402,0.0451997,0.869194
0.763543,0.793607,0.787491,-0.60091,-0.791249,0.113277,0.629641,-0.555876,-0.542729,0.492402,-0.254808,0.832234
0.763543,0.775996,0.902386,-0.60091,-0.782274,-0.164178,0.629641,-0.336728,-0.700119,0.492402,-0.524082,0.694895
0.763543,0.720151,1.00433,-0.60091,-0.678945,-0.42183,0.629641,-0.0769661,-0.773065,0.492402,-0.730144,0.473741
0.763543,0.632807,1.08102,-0.60091,-0.493725,-0.628603,0.629641,0.192079,-0.752767,0.492402,-0.84814,0.195447
0.763543,0.524499,1.12322,-0.60091,-0.248955,-0.759558,0.629641,0.437957,-0.641675,0.492402,-0.863838,-0.106421
0.763543,0.408292,1.12583,-0.60091,0.0258432,-0.798898,0.629641,0.631011,-0.453187,0.492402,-0.775344,-0.395453
0.883514,0.426657,1.19264,-0.825794,0.0925243,-0.55633,0.499419,0.578241,-0.64515,0.262001,-0.810603,-0.523716
0.883514,0.292608,1.15759,-0.825794,0.27722,-0.491134,0.499419,0.764023,-0.408472,0.262001,-0.582596,-0.769375
0.883514,0.178629,1.07882,-0.825794,0.42848,-0.3667,0.499419,0.857652,-0.122527,0.262001,-0.284319,-0.922235
0.883514,0.0984661,0.965808,-0.825794,0.528058,-0.198037,0.499419,0.847836,0.178196,0.262001,0.0482501,-0.963861
0.883514,0.0617893,0.832197,-0.825794,0.563945,-0.00548713,0.499419,0.735759,0.457427,0.262001,0.375,-0.88923
0.883514,0.0730219,0.6941,-0.825794,0.531812,0.187724,0.499419,0.534938,0.681485,0.262001,0.656519,-0.707346
0.883514,0.130809,0.568172,-0.825794,0.435534,0.358293,0.499419,0.269596,0.823346,0.262001,0.858853,-0.440145
0.883514,0.228181,0.469604,-0.825794,0.286724,0.485647,0.499419,-0.0282639,0.865899,0.262001,0.957596,-0.119856
0.883514,0.353393,0.410283,-0.825794,0.103332,0.554425,0.499419,-0.322714,0.804012,0.262001,0.940839,0.21489
0.883514,0.491343,0.397365,-0.825794,-0.0925243,0.55633,0.499419,-0.578241,0.64515,0.262001,0.810603,0.523716
0.883514,0.625392,0.432407,-0.825794,-0.27722,0.491134,0.499419,-0.764023,0.408472,0.262001,0.582596,0.769375
0.883514,0.739371,0.511183,-0.825794,-0.42848,0.3667,0.499419,-0.857652,0.122527,0.262001,0.284319,0.922235
0.883514,0.819534,0.624192,-0.825794,-0.528058,0.198037,0.499419,-0.847836,-0.178196,0.262001,-0.0482501,0.963861
0.883514,0.856211,0.757803,-0.825794,-0.563945,0.00548713,0.499419,-0.735759,-0.457427,0.262001,-0.375,0.88923
0.883514,0.844978,0.8959,-0.825794,-0.531812,-0.187724,0.499419,-0.534938,-0.681485,0.262001,-0.656519,0.707346
0.883514,0.787191,1.02183,-0.825794,-0.435534,-0.358293,0.499419,-0.269596,-0.823346,0.262001,-0.858853,0.440145
0.883514,0.689819,1.1204,-0.825794,-0.286724,-0.485647,0.499419,0.0282639,-0.865899,0.262001,-0.957596,0.119856
0.883514,0.564607,1.17972,-0.825794,-0.103332,-0.554425,0.499419,0.322714,-0.804012,0.262001,-0.940839,-0.21489
0.883514,0.426657,1.19264,-0.825794,0.0925243,-0.55633,0.499419,0.578241,-0.64515,0.262001,-0.810603,-0.523716
0.875863,0.361791,0.410861,0.985232,0.129378,-0.112161,-0.00862081,0.691689,0.722144,0.17101,-0.710512,0.682589
0.875863,0.499036,0.400779,0.985232,0.159937,-0.0611465,-0.00862081,0.402988,0.915165,0.17101,-0.901122,0.398415
0.875863,0.631453,0.438247,0.985232,0.171205,-0.00275725,-0.00862081,0.0656796,0.997804,0.17101,-0.983044,0.0661856
0.875863,0.74307,0.518745,0.985232,0.161823,0.0559646,-0.00862081,-0.27955,0.960092,0.17101,-0.946396,-0.274027
0.875863,0.820423,0.632562,0.985232,0.132923,0.107936,-0.00862081,-0.591062,0.80658,0.17101,-0.795598,-0.581187
0.875863,0.854184,0.765973,0.985232,0.0879904,0.146889,-0.00862081,-0.831283,0.555782,0.17101,-0.54884,-0.818248
0.875863,0.840279,0.902884,0.985232,0.0324448,0.168125,-0.00862081,-0.971239,0.237949,0.17101,-0.235884,-0.956616
0.875863,0.780387,1.02678,0.985232,-0.0270141,0.169083,-0.00862081,-0.99405,-0.108585,0.17101,0.105524,-0.979602
0.875863,0.68173,1.12273,0.985232,-0.0832147,0.149647,-0.00862081,-0.896963,-0.442022,0.17101,0.434203,-0.884434
0.875863,0.556209,1.17914,0.985232,-0.129378,0.112161,-0.00862081,-0.691689,-0.722144,0.17101,0.710512,-0.682589
0.875863,0.418964,1.18922,0.985232,-0.159937,0.0611465,-0.00862081,-0.402988,-0.915165,0.17101,0.901122,-0.398415
0.875863,0.286547,1.15175,0.985232,-0.171205,0.00275725,-0.00862081,-0.0656796,-0.997804,0.17101,0.983044,-0.0661856
0.875863,0.17493,1.07126,0.985232,-0.161823,-0.0559646,-0.00862081,0.27955,-0.960092,0.17101,0.946396,0.274027
0.875863,0.0975768,0.957438,0.985232,-0.132923,-0.107936,-0.00862081,0.591062,-0.80658,0.17101,0.795598,0.581187
0.875863,0.0638163,0.824027,0.985232,-0.0879904,-0.146889,-0.00862081,0.831283,-0.555782,0.17101,0.54884,0.818248
0.875863,0.0777208,0.687116,0.985232,-0.0324448,-0.168125,-0.00862081,0.971239,-0.237949,0.17101,0.235884,0.956616
0.875863,0.137613,0.563217,0.985232,0.0270141,-0.169083,-0.00862081,0.99405,0.108585,0.17101,-0.105524,0.979602
0.875863,0.23627,0.467275,0.985232,0.0832147,-0.149647,-0.00862081,0.896963,0.442022,0.17101,-0.434203,0.884434
0.875863,0.361791,0.410861,0.985232,0.129378,-0.112161,-0.00862081,0.691689,0.722144,0.17101,-0.710512,0.682589
0.749059,0.381191,0.481432,0.900555,0.0412408,-0.432782,0.292759,0.678409,0.673835,0.321393,-0.733526,0.598871
0.749059,0.493129,0.47373,0.900555,0.186774,-0.392577,0.292759,0.407031,0.865227,0.321393,-0.894115,0.311874
0.749059,0.600952,0.504778,0.900555,0.309779,-0.305021,0.292759,0.0865591,0.95226,0.321393,-0.94686,-0.0127394
0.749059,0.691653,0.570831,0.900555,0.395421,-0.180675,0.292759,-0.244353,0.924437,0.321393,-0.885401,-0.335816
0.749059,0.754293,0.663922,0.900555,0.433368,-0.0345376,0.292759,-0.545793,0.785113,0.321393,-0.717148,-0.618389
0.749059,0.781315,0.772823,0.900555,0.419046,0.115766,0.292759,-0.781402,0.551093,0.321393,-0.462398,-0.826375
0.749059,0.769462,0.884399,0.900555,0.35418,0.252107,0.292759,-0.922763,0.250602,0.321393,-0.151875,-0.934688
0.749059,0.720163,0.985192,0.900555,0.246595,0.358039,0.292759,-0.952824,-0.0801142,0.321393,0.176966,-0.930263
0.749059,0.639364,1.06304,0.900555,0.109266,0.420787,0.292759,-0.867961,-0.401168,0.321393,0.484463,-0.813635
0.749059,0.536809,1.10857,0.900555,-0.0412408,0.432782,0.292759,-0.678409,-0.673835,0.321393,0.733526,-0.598871
0.749059,0.424871,1.11627,0.900555,-0.186774,0.392577,0.292759,-0.407031,-0.865227,0.321393,0.894115,-0.311874
0.749059,0.317048,1.08522,0.900555,-0.309779,0.305021,0.292759,-0.0865591,-0.95226,0.321393,0.94686,0.0127394
0.749059,0.226347,1.01917,0.900555,-0.395421,0.180675,0.292759,0.244353,-0.924437,0.321393,0.885401,0.335816
0.749059,0.163707,0.926078,0.900555,-0.433368,0.0345376,0.292759,0.545793,-0.785113,0.321393,0.717148,0.618389
0.749059,0.136685,0.817177,0.900555,-0.419046,-0.115766,0.292759,0.781402,-0.551093,0.321393,0.462398,0.826375
0.749059,0.148538,0.705601,0.900555,-0.35418,-0.252107,0.292759,0.922763,-0.250602,0.321393,0.151875,0.934688
0.749059,0.197837,0.604808,0.900555,-0.246595,-0.358039,0.292759,0.952824,0.0801142,0.321393,-0.176966,0.930263
0.749059,0.278636,0.526955,0.900555,-0.109266,-0.420787,0.292759,0.867961,0.401168,0.321393,-0.484463,0.813635
0.749059,0.381191,0.481432,0.900555,0.0412408,-0.432782,0.292759,0.678409,0.673835,0.321393,-0.733526,0.598871
0.654934,0.410916,0.589566,0.707258,-0.0339049,-0.706142,0.558827,0.638608,0.529048,0.433011,-0.768785,0.470608
0.654934,0.484078,0.58551,0.707258,0.209655,-0.675153,0.558827,0.41915,0.715559,0.433011,-0.883379,0.179286
0.654934,0.554216,0.606721,0.707258,0.427927,-0.56273,0.558827,0.149137,0.815764,0.433011,-0.891424,-0.133659
0.654934,0.612869,0.650641,0.707258,0.594585,-0.382434,0.558827,-0.138865,0.817575,0.433011,-0.791951,-0.430484
0.654934,0.652963,0.711973,0.707258,0.689527,-0.15601,0.558827,-0.410118,0.720774,0.433011,-0.596956,-0.675385
0.654934,0.669663,0.78332,0.707258,0.701302,0.0892305,0.558827,-0.631904,0.537038,0.433011,-0.32996,-0.838826
0.654934,0.660953,0.856075,0.707258,0.62849,0.323709,0.558827,-0.777473,0.288527,0.433011,-0.0231656,-0.901091
0.654934,0.627885,0.921464,0.707258,0.479872,0.519143,0.558827,-0.829268,0.00521496,0.433011,0.286423,-0.854672
0.654934,0.574447,0.971599,0.707258,0.273375,0.65196,0.558827,-0.78104,-0.278726,0.433011,0.561464,-0.705166
0.654934,0.507084,1.00043,0.707258,0.0339049,0.706142,0.558827,-0.638608,-0.529048,0.433011,0.768785,-0.470608
0.654934,0.433922,1.00449,0.707258,-0.209655,0.675153,0.558827,-0.41915,-0.715559,0.433011,0.883379,-0.179286
0.654934,0.363784,0.983279,0.707258,-0.427927,0.56273,0.558827,-0.149137,-0.815764,0.433011,0.891424,0.133659
0.654934,0.305131,0.939359,0.707258,-0.594585,0.382434,0.558827,0.138865,-0.817575,0.433011,0.791951,0.430484
0.654934,0.265037,0.878027,0.707258,-0.689527,0.15601,0.558827,0.410118,-0.720774,0.433011,0.596956,0.675385
0.654934,0.248337,0.80668,0.707258,-0.701302,-0.0892305,0.558827,0.631904,-0.537038,0.433011,0.32996,0.838826
0.654934,0.257047,0.733925,0.707258,-0.62849,-0.323709,0.558827,0.777473,-0.288527,0.433011,0.0231656,0.901091
