0.658953,0.217078,0.892436,0.308961,0.0846483,0.9473,0.951075,-0.0274947,-0.307735,-3.49349e-06,0.996031,-0.0890017
0.907818,0.14282,0.58942,0.92986,0.269062,-0.250932,-0.179072,0.926781,0.330168,0.321394,-0.262075,0.909957
0.907818,0.257371,0.506932,0.92986,0.33866,-0.143774,-0.179072,0.757965,0.627234,0.321394,-0.557493,0.765445
0.907818,0.393225,0.468598,0.92986,0.367409,-0.0192751,-0.179072,0.497727,0.848646,0.321394,-0.78567,0.528609
0.907818,0.533998,0.479041,0.92986,0.351844,0.107549,-0.179072,0.177457,0.967699,0.321394,-0.919084,0.228015
0.907818,0.662709,0.537001,0.92986,0.293842,0.221401,-0.179072,-0.164218,0.970034,0.321394,-0.941642,-0.100081
0.907818,0.763835,0.635487,0.92986,0.200397,0.308548,-0.179072,-0.486086,0.855368,0.321394,-0.850624,-0.416106
0.907818,0.825178,0.762621,0.92986,0.0827823,0.358481,-0.179072,-0.749324,0.637532,0.321394,-0.657009,-0.681942
0.907818,0.839338,0.903068,0.92986,-0.0448177,0.365175,-0.179072,-0.922183,0.3428,0.321394,-0.384148,-0.865526
0.907818,0.80461,1.03989,0.92986,-0.167012,0.327824,-0.179072,-0.983813,0.00672141,0.321394,-0.064954,-0.944715
0.907818,0.72518,1.15658,0.92986,-0.269062,0.250932,-0.179072,-0.926781,-0.330168,0.321394,0.262075,-0.909957
0.907818,0.610629,1.23907,0.92986,-0.33866,0.143774,-0.179072,-0.757965,-0.627234,0.321394,0.557493,-0.765445
0.907818,0.474775,1.2774,0.92986,-0.367409,0.0192751,-0.179072,-0.497727,-0.848646,0.321394,0.78567,-0.528609
0.907818,0.334002,1.26696,0.92986,-0.351844,-0.107549,-0.179072,-0.177457,-0.967699,0.321394,0.919084,-0.228015
0.907818,0.205291,1.209,0.92986,-0.293842,-0.221401,-0.179072,0.164218,-0.970034,0.321394,0.941642,0.100081
0.907818,0.104165,1.11051,0.92986,-0.200397,-0.308548,-0.179072,0.486086,-0.855368,0.321394,0.850624,0.416106
0.907818,0.0428224,0.983379,0.92986,-0.0827823,-0.358481,-0.179072,0.749324,-0.637532,0.321394,0.657009,0.681942
0.907818,0.0286615,0.842932,0.92986,0.0448177,-0.365175,-0.179072,0.922183,-0.3428,0.321394,0.384148,0.865526
0.907818,0.0633904,0.706111,0.92986,0.167012,-0.327824,-0.179072,0.983813,-0.00672141,0.321394,0.064954,0.944715
0.907818,0.14282,0.58942,0.92986,0.269062,-0.250932,-0.179072,0.926781,0.330168,0.321394,-0.262075,0.909957
0.809114,0.14789,0.646159,0.796489,0.24197,-0.554126,-0.0275851,0.930024,0.366462,0.604023,-0.276598,0.747429
0.809114,0.242729,0.561984,0.796489,0.416899,-0.437949,-0.0275851,0.748599,0.662449,0.604023,-0.515553,0.607751
0.809114,0.360638,0.515322,0.796489,0.541545,-0.26895,-0.0275851,0.476882,0.878534,0.604023,-0.692324,0.39477
0.809114,0.487395,0.511802,0.796489,0.600872,-0.0675111,-0.0275851,0.147646,0.988655,0.604023,-0.785591,0.134174
0.809114,0.607712,0.551847,0.796489,0.587725,0.142071,-0.0275851,-0.199398,0.97953,0.604023,-0.784105,-0.142606
0.809114,0.707077,0.630628,0.796489,0.50369,0.334516,-0.0275851,-0.522392,0.852259,0.604023,-0.688043,-0.402185
0.809114,0.773505,0.738642,0.796489,0.358902,0.486615,-0.0275851,-0.782378,0.622193,0.604023,-0.508993,-0.613255
0.809114,0.798983,0.862862,0.796489,0.170826,0.58002,-0.0275851,-0.947997,0.317081,0.604023,-0.268552,-0.750357
0.809114,0.780439,0.988305,0.796489,-0.0378549,0.603466,-0.0275851,-0.999274,-0.0262752,0.604023,0.00428123,-0.796955
0.809114,0.72011,1.09984,0.796489,-0.24197,0.554126,-0.0275851,-0.930024,-0.366462,0.604023,0.276598,-0.747429
0.809114,0.625271,1.18402,0.796489,-0.416899,0.437949,-0.0275851,-0.748599,-0.662449,0.604023,0.515553,-0.607751
0.809114,0.507362,1.23068,0.796489,-0.541545,0.26895,-0.0275851,-0.476882,-0.878534,0.604023,0.692324,-0.39477
0.809114,0.380605,1.2342,0.796489,-0.600872,0.0675111,-0.0275851,-0.147646,-0.988655,0.604023,0.785591,-0.134174
0.809114,0.260288,1.19415,0.796489,-0.587725,-0.142071,-0.0275851,0.199398,-0.97953,0.604023,0.784105,0.142606
0.809114,0.160923,1.11537,0.796489,-0.50369,-0.334516,-0.0275851,0.522392,-0.852259,0.604023,0.688043,0.402185
0.809114,0.0944954,1.00736,0.796489,-0.358902,-0.486615,-0.0275851,0.782378,-0.622193,0.604023,0.508993,0.613255
0.809114,0.069017,0.883138,0.796489,-0.170826,-0.58002,-0.0275851,0.947997,-0.317081,0.604023,0.268552,0.750357
0.809114,0.0875609,0.757695,0.796489,0.0378549,-0.603466,-0.0275851,0.999274,0.0262752,0.604023,-0.00428123,0.796955
0.809114,0.14789,0.646159,0.796489,0.24197,-0.554126,-0.0275851,0.930024,0.366462,0.604023,-0.276598,0.747429
0.735846,0.155659,0.733102,0.567051,0.220571,-0.7936,0.127229,0.92846,0.348962,0.813797,-0.298849,0.498421
0.735846,0.220293,0.646341,0.567051,0.478696,-0.670301,0.127229,0.753115,0.645469,0.813797,-0.451296,0.36615
0.735846,0.310704,0.586918,0.567051,0.679084,-0.466153,0.127229,0.486933,0.864123,0.813797,-0.54931,0.189717
0.735846,0.415985,0.562001,0.567051,0.797564,-0.20578,0.127229,0.16202,0.978551,0.813797,-0.58107,-0.00959988
0.735846,0.52344,0.574595,0.567051,0.819846,0.0794125,0.127229,-0.182435,0.974951,0.813797,-0.542744,-0.207758
0.735846,0.620106,0.623181,0.567051,0.743242,0.355027,0.127229,-0.504886,0.853758,0.813797,-0.438954,-0.380858
0.735846,0.694326,0.701899,0.567051,0.576993,0.58782,0.127229,-0.76644,0.629589,0.813797,-0.282221,-0.508021
0.735846,0.737146,0.801254,0.567051,0.34115,0.749713,0.127229,-0.93555,0.329482,0.813797,-0.0914476,-0.573909
0.735846,0.743403,0.909263,0.567051,0.0641587,0.82118,0.127229,-0.991819,-0.0103652,0.813797,0.110356,-0.570575
0.735846,0.712341,1.0129,0.567051,-0.220571,0.7936,0.127229,-0.92846,-0.348962,0.813797,0.298849,-0.498421
0.735846,0.647707,1.09966,0.567051,-0.478696,0.670301,0.127229,-0.753115,-0.645469,0.813797,0.451296,-0.36615
0.735846,0.557296,1.15908,0.567051,-0.679084,0.466153,0.127229,-0.486933,-0.864123,0.813797,0.54931,-0.189717
0.735846,0.452015,1.184,0.567051,-0.797564,0.20578,0.127229,-0.16202,-0.978551,0.813797,0.58107,0.00959988
0.735846,0.34456,1.17141,0.567051,-0.819846,-0.0794125,0.127229,0.182435,-0.974951,0.813797,0.542744,0.207758
0.735846,0.247894,1.12282,0.567051,-0.743242,-0.355027,0.127229,0.504886,-0.853758,0.813797,0.438954,0.380858
0.735846,0.173674,1.0441,0.567051,-0.576993,-0.58782,0.127229,0.76644,-0.629589,0.813797,0.282221,0.508021
0.735846,0.130854,0.944746,0.567051,-0.34115,-0.749713,0.127229,0.93555,-0.329482,0.813797,0.0914476,0.573909
0.735846,0.124597,0.836737,0.567051,-0.0641587,-0.82118,0.127229,0.991819,0.0103652,0.813797,-0.110356,0.570575
0.735846,0.155659,0.733102,0.567051,0.220571,-0.7936,0.127229,0.92846,0.348962,0.813797,-0.298849,0.498421
0.696852,0.16519,0.83976,0.269218,0.207447,-0.940472,0.266698,0.922278,0.279778,0.925416,-0.326143,0.192968
0.696852,0.19277,0.749827,0.269218,0.516596,-0.812804,0.266698,0.770968,0.578343,0.925416,-0.372473,0.0697832
0.696852,0.249446,0.674749,0.269218,0.763437,-0.587099,0.266698,0.526668,0.807151,0.925416,-0.373878,-0.0618186
0.696852,0.328381,0.623584,0.269218,0.918196,-0.290582,0.266698,0.218844,0.938605,0.925416,-0.330187,-0.185964
0.696852,0.420056,0.602502,0.269218,0.962207,0.0409838,0.266698,-0.115376,0.956849,0.925416,-0.246671,-0.28768
0.696852,0.513413,0.614046,0.269218,0.890161,0.367606,0.266698,-0.435679,0.859684,0.925416,-0.133402,-0.354697
0.696852,0.597191,0.656824,0.269218,0.710749,0.64989,0.266698,-0.703434,0.658827,0.925416,-0.0040437,-0.378932
0.696852,0.661286,0.725675,0.269218,0.44561,0.853788,0.266698,-0.886344,0.378507,0.925416,0.125803,-0.357463
0.696852,0.697967,0.812297,0.269218,0.126724,0.954706,0.266698,-0.962347,0.0525324,0.925416,0.240475,-0.292878
0.696852,0.70281,0.90624,0.269218,-0.207447,0.940472,0.266698,-0.922278,-0.279778,0.925416,0.326143,-0.192968
0.696852,0.67523,0.996173,0.269218,-0.516596,0.812804,0.266698,-0.770968,-0.578343,0.925416,0.372473,-0.0697832
0.696852,0.618554,1.07125,0.269218,-0.763437,0.587099,0.266698,-0.526668,-0.807151,0.925416,0.373878,0.0618186
0.696852,0.539619,1.12242,0.269218,-0.918196,0.290582,0.266698,-0.218844,-0.938605,0.925416,0.330187,0.185964
0.696852,0.447944,1.1435,0.269218,-0.962207,-0.0409838,0.266698,0.115376,-0.956849,0.925416,0.246671,0.28768
0.696852,0.354587,1.13195,0.269218,-0.890161,-0.367606,0.266698,0.435679,-0.859684,0.925416,0.133402,0.354697
0.696852,0.270809,1.08918,0.269218,-0.710749,-0.64989,0.266698,0.703434,-0.658827,0.925416,0.0040437,0.378932
0.696852,0.206714,1.02032,0.269218,-0.44561,-0.853788,0.266698,0.886344,-0.378507,0.925416,-0.125803,0.357463
0.696852,0.170033,0.933703,0.269218,-0.126724,-0.954706,0.266698,0.962347,-0.0525324,0.925416,-0.240475,0.292878
0.696852,0.16519,0.83976,0.269218,0.207447,-0.940472,0.266698,0.922278,0.279778,0.925416,-0.326143,0.192968
0.696834,0.175333,0.953271,-0.061087,0.20418,-0.977025,0.373999,0.912223,0.167254,0.925415,-0.355189,-0.132088
0.696834,0.163478,0.859961,-0.061087,0.526029,-0.84827,0.373999,0.800005,0.469166,0.925415,-0.288592,-0.245604
0.696834,0.184253,0.768223,-0.061087,0.784431,-0.6172,0.373999,0.591295,0.71449,0.925415,-0.187186,-0.329497
0.696834,0.23515,0.689123,-0.061087,0.948219,-0.311687,0.373999,0.311265,0.873635,0.925415,-0.0632029,-0.373647
0.696834,0.310032,0.632202,-0.061087,0.997638,0.0314197,0.373999,-0.00630728,0.927408,0.925415,0.0684035,-0.37273
0.696834,0.399866,0.604324,-0.061087,0.926727,0.370737,0.373999,-0.323119,0.869321,0.925415,0.191759,-0.326856
0.696834,0.493817,0.608853,-0.061087,0.744039,0.665338,0.373999,-0.600958,0.706381,0.925415,0.291986,-0.241559
0.696834,0.580553,0.645241,-0.061087,0.471609,0.87969,0.373999,-0.806312,0.458242,0.925415,0.356995,-0.127126
0.696834,0.649613,0.709101,-0.061087,0.142296,0.987937,0.373999,-0.914414,0.154831,0.925415,0.378946,0.00264042
0.696834,0.692667,0.792729,-0.061087,-0.20418,0.977025,0.373999,-0.912223,-0.167254,0.925415,0.355189,0.132088
0.696834,0.704522,0.886039,-0.061087,-0.526029,0.84827,0.373999,-0.800005,-0.469166,0.925415,0.288592,0.245604
0.696834,0.683747,0.977777,-0.061087,-0.784431,0.6172,0.373999,-0.591295,-0.71449,0.925415,0.187186,0.329497
0.696834,0.63285,1.05688,-0.061087,-0.948219,0.311687,0.373999,-0.311265,-0.873635,0.925415,0.0632029,0.373647
0.696834,0.557968,1.1138,-0.061087,-0.997638,-0.0314197,0.373999,0.00630728,-0.927408,0.925415,-0.0684035,0.37273
0.696834,0.468134,1.14168,-0.061087,-0.926727,-0.370737,0.373999,0.323119,-0.869321,0.925415,-0.191759,0.326856
0.696834,0.374183,1.13715,-0.061087,-0.744039,-0.665338,0.373999,0.600958,-0.706381,0.925415,-0.291986,0.241559
0.696834,0.287447,1.10076,-0.061087,-0.471609,-0.87969,0.373999,0.806312,-0.458242,0.925415,-0.356995,0.127126
0.696834,0.218387,1.0369,-0.061087,-0.142296,-0.987937,0.373999,0.914414,-0.154831,0.925415,-0.378946,-0.00264042
0.696834,0.175333,0.953271,-0.061087,0.20418,-0.977025,0.373999,0.912223,0.167254,0.925415,-0.355189,-0.132088
0.735794,0.184865,1.05994,-0.384024,0.211166,-0.898852,0.43619,0.899508,0.024963,0.813796,-0.382484,-0.437541
0.735794,0.135952,0.963459,-0.384024,0.505856,-0.772422,0.43619,0.836724,0.331107,0.813796,-0.209769,-0.541971
0.735794,0.122988,0.856065,-0.384024,0.739533,-0.552826,0.43619,0.673017,0.597316,0.813796,-0.0117536,-0.581032
0.735794,0.147536,0.750714,-0.384024,0.884011,-0.266551,0.43619,0.428136,0.791479,0.813796,0.18768,-0.550011
0.735794,0.206636,0.660112,-0.384024,0.921865,0.0518736,0.43619,0.131614,0.890178,0.813796,0.364476,-0.452651
0.735794,0.29316,0.595188,-0.384024,0.848528,0.364042,0.43619,-0.180782,0.881508,0.813796,0.497311,-0.300695
0.735794,0.396671,0.563772,-0.384024,0.672846,0.632301,0.43619,-0.471373,0.766516,0.813796,0.570163,-0.11247
0.735794,0.504685,0.569653,-0.384024,0.416009,0.824295,0.43619,-0.705109,0.55907,0.813796,0.574245,0.0893201
0.735794,0.604172,0.612123,-0.384024,0.108995,0.916867,0.43619,-0.853799,0.284192,0.813796,0.509065,0.280337
0.735794,0.683135,0.686058,-0.384024,-0.211166,0.898852,0.43619,-0.899508,-0.024963,0.813796,0.382484,0.437541
0.735794,0.732048,0.782541,-0.384024,-0.505856,0.772422,0.43619,-0.836724,-0.331107,0.813796,0.209769,0.541971
0.735794,0.745012,0.889935,-0.384024,-0.739533,0.552826,0.43619,-0.673017,-0.597316,0.813796,0.0117536,0.581032
0.735794,0.720464,0.995286,-0.384024,-0.884011,0.266551,0.43619,-0.428136,-0.791479,0.813796,-0.18768,0.550011
0.735794,0.661364,1.08589,-0.384024,-0.921865,-0.0518736,0.43619,-0.131614,-0.890178,0.813796,-0.364476,0.452651
0.735794,0.57484,1.15081,-0.384024,-0.848528,-0.364042,0.43619,0.180782,-0.881508,0.813796,-0.497311,0.300695
0.735794,0.471329,1.18223,-0.384024,-0.672846,-0.632301,0.43619,0.471373,-0.766516,0.813796,-0.570163,0.11247
0.735794,0.363315,1.17635,-0.384024,-0.416009,-0.824295,0.43619,0.705109,-0.55907,0.813796,-0.574245,-0.0893201
0.735794,0.263828,1.13388,-0.384024,-0.108995,-0.916867,0.43619,0.853799,-0.284192,0.813796,-0.509065,-0.280337
0.735794,0.184865,1.05994,-0.384024,0.211166,-0.898852,0.43619,0.899508,0.024963,0.813796,-0.382484,-0.437541
0.809034,0.192636,1.14691,-0.660642,0.22756,-0.71538,0.44577,0.885667,-0.129933,0.604021,-0.404734,-0.686548
0.809034,0.11351,1.04784,-0.660642,0.458511,-0.594407,0.44577,0.876695,0.180819,0.604021,-0.145513,-0.783572
0.809034,0.0730402,0.927679,-0.660642,0.634159,-0.40174,0.44577,0.76198,0.469761,0.604021,0.13126,-0.786085
0.809034,0.0761073,0.800926,-0.660642,0.733318,-0.160617,0.44577,0.555359,0.702044,0.604021,0.392201,-0.693784
0.809034,0.122342,0.682866,-0.660642,0.744027,0.0998787,0.44577,0.281754,0.849649,0.604021,0.605837,-0.517803
0.809034,0.206166,0.587739,-0.660642,0.664997,0.348328,0.44577,-0.0258353,0.894775,0.604021,0.746399,-0.279368
0.809034,0.317471,0.527019,-0.660642,0.505757,0.554763,0.44577,-0.330308,0.831977,0.604021,0.796935,-0.00723612
0.809034,0.442831,0.508029,-0.660642,0.285516,0.694286,0.44577,-0.594941,0.668831,0.604021,0.751349,0.265768
0.809034,0.567126,0.53306,-0.660642,0.0308377,0.750068,0.44577,-0.787815,0.425013,0.604021,0.615139,0.506717
0.809034,0.675364,0.599093,-0.660642,-0.22756,0.71538,0.44577,-0.885667,0.129933,0.604021,0.404734,0.686548
0.809034,0.75449,0.698163,-0.660642,-0.458511,0.594407,0.44577,-0.876695,-0.180819,0.604021,0.145513,0.783572
0.809034,0.79496,0.818321,-0.660642,-0.634159,0.40174,0.44577,-0.76198,-0.469761,0.604021,-0.13126,0.786085
0.809034,0.791893,0.945074,-0.660642,-0.733318,0.160617,0.44577,-0.555359,-0.702044,0.604021,-0.392201,0.693784
0.809034,0.745658,1.06313,-0.660642,-0.744027,-0.0998787,0.44577,-0.281754,-0.849649,0.604021,-0.605837,0.517803
0.809034,0.661834,1.15826,-0.660642,-0.664997,-0.348328,0.44577,0.0258353,-0.894775,0.604021,-0.746399,0.279368
0.809034,0.550529,1.21898,-0.660642,-0.505757,-0.554763,0.44577,0.330308,-0.831977,0.604021,-0.796935,0.00723612
0.809034,0.425169,1.23797,-0.660642,-0.285516,-0.694286,0.44577,0.594941,-0.668831,0.604021,-0.751349,-0.265768
0.809034,0.300874,1.21294,-0.660642,-0.0308377,-0.750068,0.44577,0.787815,-0.425013,0.604021,-0.615139,-0.506717
0.809034,0.192636,1.14691,-0.660642,0.22756,-0.71538,0.44577,0.885667,-0.129933,0.604021,-0.404734,-0.686548
0.90772,0.197709,1.20368,-0.857576,0.251387,-0.44874,0.401584,0.872369,-0.278752,0.321392,-0.419257,-0.849076
0.90772,0.0988604,1.10292,-0.857576,0.389704,-0.335698,0.401584,0.915098,0.036427,0.321392,-0.103572,-0.941265
0.90772,0.0404348,0.974429,-0.857576,0.481018,-0.182166,0.401584,0.847452,0.347212,0.321392,0.224606,-0.919923
0.90772,0.0294788,0.833705,-0.857576,0.514313,-0.00666272,0.401584,0.677591,0.616118,0.321392,0.525693,-0.787626
0.90772,0.0673142,0.69772,-0.857576,0.485575,0.169645,0.401584,0.426002,0.810711,0.321392,0.763373,-0.560328
0.90772,0.149377,0.582877,-0.857576,0.39827,0.32549,0.401584,0.123031,0.907521,0.321392,0.90898,-0.265447
0.90772,0.26577,0.503027,-0.857576,0.262927,0.442077,0.401584,-0.194779,0.89487,0.321392,0.94495,0.0614504
0.90772,0.402454,0.467801,-0.857576,0.0958711,0.505343,0.401584,-0.489095,0.774284,0.321392,0.866945,0.380937
0.90772,0.542942,0.481448,-0.857576,-0.0827481,0.507657,0.401584,-0.72442,0.560309,0.321392,0.684374,0.654476
0.90772,0.670291,0.542322,-0.857576,-0.251387,0.44874,0.401584,-0.872369,0.278752,0.321392,0.419257,0.849076
0.90772,0.76914,0.643081,-0.857576,-0.389704,0.335698,0.401584,-0.915098,-0.036427,0.321392,0.103572,0.941265
0.90772,0.827565,0.771571,-0.857576,-0.481018,0.182166,0.401584,-0.847452,-0.347212,0.321392,-0.224606,0.919923
0.90772,0.838521,0.912295,-0.857576,-0.514313,0.00666272,0.401584,-0.677591,-0.616118,0.321392,-0.525693,0.787626
0.90772,0.800686,1.04828,-0.857576,-0.485575,-0.169645,0.401584,-0.426002,-0.810711,0.321392,-0.763373,0.560328
0.90772,0.718623,1.16312,-0.857576,-0.39827,-0.32549,0.401584,-0.123031,-0.907521,0.321392,-0.90898,0.265447
0.90772,0.60223,1.24297,-0.857576,-0.262927,-0.442077,0.401584,0.194779,-0.89487,0.321392,-0.94495,-0.0614504
0.90772,0.465546,1.2782,-0.857576,-0.0958711,-0.505343,0.401584,0.489095,-0.774284,0.321392,-0.866945,-0.380937
0.90772,0.325058,1.26455,-0.857576,0.0827481,-0.507657,0.401584,0.72442,-0.560309,0.321392,-0.684374,-0.654476
0.90772,0.197709,1.20368,-0.857576,0.251387,-0.44874,0.401584,0.872369,-0.278752,0.321392,-0.419257,-0.849076
0.883612,0.264592,0.511769,0.961642,0.223396,-0.159182,-0.0812368,0.786207,0.612601,0.262003,-0.576171,0.774197
0.883612,0.398357,0.475613,0.961642,0.264368,-0.0731762,-0.0812368,0.529271,0.844555,0.262003,-0.806215,0.530445
0.883612,0.536421,0.487388,0.961642,0.273452,0.0216559,-0.0812368,0.208497,0.974643,0.262003,-0.939017,0.222714
0.883612,0.662131,0.545673,0.961642,0.249554,0.113876,-0.0812368,-0.137425,0.987175,0.262003,-0.95856,-0.11188
0.883612,0.760325,0.643439,0.961642,0.195556,0.192361,-0.0812368,-0.466771,0.880639,0.262003,-0.862486,-0.43298
0.883612,0.81916,0.768893,0.961642,0.117971,0.247644,-0.0812368,-0.739817,0.667885,0.262003,-0.662384,-0.701856
0.883612,0.831539,0.906904,0.961642,0.0261575,0.273058,-0.0812368,-0.923631,0.374574,0.262003,-0.382389,-0.886077
0.883612,0.795968,1.04083,0.961642,-0.0688113,0.265537,-0.0812368,-0.996041,0.0360844,0.262003,-0.0562716,-0.963425
0.883612,0.716739,1.1545,0.961642,-0.155481,0.225988,-0.0812368,-0.948314,-0.306758,0.262003,0.276633,-0.92457
0.883612,0.603408,1.23423,0.961642,-0.223396,0.159182,-0.0812368,-0.786207,-0.612601,0.262003,0.576171,-0.774197
0.883612,0.469643,1.27039,0.961642,-0.264368,0.0731762,-0.0812368,-0.529271,-0.844555,0.262003,0.806215,-0.530445
0.883612,0.331579,1.25861,0.961642,-0.273452,-0.0216559,-0.0812368,-0.208497,-0.974643,0.262003,0.939017,-0.222714
0.883612,0.205869,1.20033,0.961642,-0.249554,-0.113876,-0.0812368,0.137425,-0.987175,0.262003,0.95856,0.11188
0.883612,0.107675,1.10256,0.961642,-0.195556,-0.192361,-0.0812368,0.466771,-0.880639,0.262003,0.862486,0.43298
0.883612,0.0488398,0.977107,0.961642,-0.117971,-0.247644,-0.0812368,0.739817,-0.667885,0.262003,0.662384,0.701856
0.883612,0.0364612,0.839096,0.961642,-0.0261575,-0.273058,-0.0812368,0.923631,-0.374574,0.262003,0.382389,0.886077
0.883612,0.0720315,0.705174,0.961642,0.0688113,-0.265537,-0.0812368,0.996041,-0.0360844,0.262003,0.0562716,0.963425
0.883612,0.151261,0.591495,0.961642,0.155481,-0.225988,-0.0812368,0.948314,0.306758,0.262003,-0.276633,0.92457
0.883612,0.264592,0.511769,0.961642,0.223396,-0.159182,-0.0812368,0.786207,0.612601,0.262003,-0.576171,0.774197
0.763622,0.270756,0.58075,0.856221,0.194868,-0.478448,0.156285,0.785029,0.59942,0.492403,-0.588011,0.641703
0.763622,0.380557,0.542542,0.856221,0.346755,-0.382946,0.156285,0.532672,0.831766,0.492403,-0.772024,0.401892
0.763622,0.496803,0.544192,0.856221,0.456818,-0.241254,0.156285,0.216067,0.963789,0.492403,-0.862921,0.113607
0.763622,0.605474,0.585501,0.856221,0.511782,-0.0704638,0.156285,-0.126599,0.979565,0.492403,-0.849736,-0.188381
0.763622,0.693463,0.661487,0.856221,0.505018,0.108826,0.156285,-0.453995,0.877191,0.492403,-0.734061,-0.467647
0.763622,0.750157,0.762985,0.856221,0.437341,0.274989,0.156285,-0.726633,0.669014,0.492403,-0.529847,-0.690508
0.763622,0.768718,0.877752,0.856221,0.316914,0.407985,0.156285,-0.911628,0.380145,0.492403,-0.261726,-0.830084
0.763622,0.746907,0.991946,0.856221,0.158263,0.491771,0.156285,-0.986667,0.0454242,0.492403,0.0379635,-0.869539
0.763622,0.687355,1.09179,0.856221,-0.0194768,0.516243,0.156285,-0.9427,-0.294775,0.492403,0.333074,-0.804115
0.763622,0.597244,1.16525,0.856221,-0.194868,0.478448,0.156285,-0.785029,-0.59942,0.492403,0.588011,-0.641703
0.763622,0.487443,1.20346,0.856221,-0.346755,0.382946,0.156285,-0.532672,-0.831766,0.492403,0.772024,-0.401892
0.763622,0.371197,1.20181,0.856221,-0.456818,0.241254,0.156285,-0.216067,-0.963789,0.492403,0.862921,-0.113607
0.763622,0.262526,1.1605,0.856221,-0.511782,0.0704638,0.156285,0.126599,-0.979565,0.492403,0.849736,0.188381
0.763622,0.174537,1.08451,0.856221,-0.505018,-0.108826,0.156285,0.453995,-0.877191,0.492403,0.734061,0.467647
0.763622,0.117843,0.983015,0.856221,-0.437341,-0.274989,0.156285,0.726633,-0.669014,0.492403,0.529847,0.690508
0.763622,0.0992818,0.868248,0.856221,-0.316914,-0.407985,0.156285,0.911628,-0.380145,0.492403,0.261726,0.830084
0.763622,0.121093,0.754054,0.856221,-0.158263,-0.491771,0.156285,0.986667,-0.0454242,0.492403,-0.0379635,0.869539
0.763622,0.180645,0.654207,0.856221,0.0194768,-0.516243,0.156285,0.9427,0.294775,0.492403,-0.333074,0.804115
0.763622,0.270756,0.58075,0.856221,0.194868,-0.478448,0.156285,0.785029,0.59942,0.492403,-0.588011,0.641703
0.674556,0.280201,0.686446,0.647527,0.171268,-0.742547,0.374957,0.776692,0.50612,0.663413,-0.606149,0.43871
0.674556,0.353281,0.645094,0.647527,0.414906,-0.639189,0.374957,0.556748,0.741241,0.663413,-0.719642,0.204937
0.674556,0.436098,0.631231,0.647527,0.608499,-0.458735,0.374957,0.269653,0.886958,0.663413,-0.746335,-0.0535538
0.674556,0.518661,0.646529,0.647527,0.728699,-0.222951,0.374957,-0.0499666,0.925695,0.663413,-0.683009,-0.305586
0.674556,0.591013,0.689143,0.647527,0.761007,0.0397246,0.374957,-0.363559,0.852779,0.663413,-0.537302,-0.520759
0.674556,0.644427,0.753932,0.647527,0.701526,0.297609,0.374957,-0.633302,0.677005,0.663413,-0.326788,-0.673122
0.674556,0.67246,0.833083,0.647527,0.55743,0.519596,0.374957,-0.826658,0.419575,0.663413,-0.0768595,-0.744296
0.674556,0.671732,0.917049,0.647527,0.346101,0.678913,0.374957,-0.920308,0.111538,0.663413,0.18234,-0.725697
0.674556,0.642329,0.995701,0.647527,0.0930264,0.756343,0.374957,-0.902955,-0.209953,0.663413,0.419546,-0.619568
0.674556,0.587799,1.05955,0.647527,-0.171268,0.742547,0.374957,-0.776692,-0.50612,0.663413,0.606149,-0.43871
0.674556,0.514719,1.10091,0.647527,-0.414906,0.639189,0.374957,-0.556748,-0.741241,0.663413,0.719642,-0.204937
0.674556,0.431902,1.11477,0.647527,-0.608499,0.458735,0.374957,-0.269653,-0.886958,0.663413,0.746335,0.0535538
0.674556,0.349339,1.09947,0.647527,-0.728699,0.222951,0.374957,0.0499666,-0.925695,0.663413,0.683009,0.305586
0.674556,0.276987,1.05686,0.647527,-0.761007,-0.0397246,0.374957,0.363559,-0.852779,0.663413,0.537302,0.520759
0.674556,0.223573,0.992068,0.647527,-0.701526,-0.297609,0.374957,0.633302,-0.677005,0.663413,0.326788,0.673122
0.674556,0.19554,0.912917,0.647527,-0.55743,-0.519596,0.374957,0.826658,-0.419575,0.663413,0.0768595,0.744296
0.674556,0.196268,0.828951,0.647527,-0.346101,-0.678913,0.374957,0.920308,-0.111538,0.663413,-0.18234,0.725697
0.674556,0.225671,0.750299,0.647527,-0.0930264,-0.756343,0.374957,0.902955,0.209953,0.663413,-0.419546,0.619568
0.674556,0.280201,0.686446,0.647527,0.171268,-0.742547,0.374957,0.776692,0.50612,0.663413,-0.606149,0.43871
0.627155,0.291787,0.81611,0.360731,0.155445,-0.919625,0.548404,0.762201,0.343952,0.754404,-0.6284,0.189703
0.627155,0.319821,0.770901,0.360731,0.460601,-0.810999,0.548404,0.598596,0.583897,0.754404,-0.655385,-0.036663
0.627155,0.361627,0.738007,0.360731,0.710201,-0.604555,0.548404,0.362791,0.753416,0.754404,-0.603321,-0.258607
0.627155,0.412162,0.721395,0.360731,0.874141,-0.325193,0.548404,0.083229,0.832061,0.754404,-0.478488,-0.449359
0.627155,0.465331,0.723069,0.360731,0.932646,-0.00660742,0.548404,-0.206372,0.810348,0.754404,-0.295941,-0.585912
0.627155,0.514721,0.742827,0.360731,0.878661,0.312775,0.548404,-0.471082,0.690895,0.754404,-0.0777004,-0.651795
0.627155,0.554375,0.778285,0.360731,0.718696,0.594432,0.548404,-0.678972,0.488109,0.754404,0.149912,-0.639062
0.627155,0.57951,0.825168,0.360731,0.472045,0.804392,0.548404,-0.804968,0.226451,0.754404,0.359444,-0.549249
0.627155,0.587094,0.87782,0.360731,0.168459,0.91733,0.548404,-0.833873,-0.0625213,0.754404,0.525621,-0.393188
0.627155,0.576213,0.92989,0.360731,-0.155445,0.919625,0.548404,-0.762201,-0.343952,0.754404,0.6284,-0.189703
0.627155,0.548179,0.975099,0.360731,-0.460601,0.810999,0.548404,-0.598596,-0.583897,0.754404,0.655385,0.036663
0.627155,0.506373,1.00799,0.360731,-0.710201,0.604555,0.548404,-0.362791,-0.753416,0.754404,0.603321,0.258607
0.627155,0.455838,1.02461,0.360731,-0.874141,0.325193,0.548404,-0.083229,-0.832061,0.754404,0.478488,0.449359
0.627155,0.402669,1.02293,0.360731,-0.932646,0.00660742,0.548404,0.206372,-0.810348,0.754404,0.295941,0.585912
0.627155,0.353279,1.00317,0.360731,-0.878661,-0.312775,0.548404,0.471082,-0.690895,0.754404,0.0777004,0.651795
0.627155,0.313625,0.967715,0.360731,-0.718696,-0.594432,0.548404,0.678972,-0.488109,0.754404,-0.149912,0.639062
0.627155,0.28849,0.920832,0.360731,-0.472045,-0.804392,0.548404,0.804968,-0.226451,0.754404,-0.359444,0.549249
0.627155,0.280906,0.86818,0.360731,-0.168459,-0.91733,0.548404,0.833873,0.0625213,0.754404,-0.525621,0.393188
0.627155,0.291787,0.81611,0.360731,0.155445,-0.919625,0.548404,0.762201,0.343952,0.754404,-0.6284,0.189703
0.627137,0.304118,0.954101,0.0304265,0.149307,-0.988323,0.655705,0.743304,0.132478,0.754404,-0.652079,-0.0752849
0.627137,0.284212,0.904788,0.0304265,0.478329,-0.877654,0.655705,0.653167,0.378714,0.754404,-0.587005,-0.293769
0.627137,0.282374,0.851641,0.0304265,0.749657,-0.661127,0.655705,0.484249,0.579271,0.754404,-0.451129,-0.47682
0.627137,0.298823,0.801069,0.0304265,0.930566,-0.364858,0.655705,0.256923,0.709959,0.754404,-0.260841,-0.602359
0.627137,0.331577,0.759174,0.0304265,0.999235,-0.0245821,0.655705,-0.00139199,0.755016,0.754404,-0.0390911,-0.655245
0.627137,0.376685,0.731008,0.0304265,0.947381,0.318659,0.655705,-0.259539,0.709007,0.754404,0.187373,-0.629099
0.627137,0.428705,0.719968,0.0304265,0.781259,0.623465,0.655705,-0.486381,0.577481,0.754404,0.391238,-0.527074
0.627137,0.481365,0.727386,0.0304265,0.520906,0.853072,0.655705,-0.654559,0.376303,0.754404,0.547913,-0.361477
0.627137,0.528311,0.752367,0.0304265,0.197724,0.979785,0.655705,-0.743787,0.129736,0.754404,0.638503,-0.152279
0.627137,0.563882,0.791899,0.0304265,-0.149307,0.988323,0.655705,-0.743304,-0.132478,0.754404,0.652079,0.0752849
0.627137,0.583788,0.841212,0.0304265,-0.478329,0.877654,0.655705,-0.653167,-0.378714,0.754404,0.587005,0.293769
0.627137,0.585626,0.894359,0.0304265,-0.749657,0.661127,0.655705,-0.484249,-0.579271,0.754404,0.451129,0.47682
0.627137,0.569177,0.944931,0.0304265,-0.930566,0.364858,0.655705,-0.256923,-0.709959,0.754404,0.260841,0.602359
0.627137,0.536423,0.986826,0.0304265,-0.999235,0.0245821,0.655705,0.00139199,-0.755016,0.754404,0.0390911,0.655245
0.627137,0.491315,1.01499,0.0304265,-0.947381,-0.318659,0.655705,0.259539,-0.709007,0.754404,-0.187373,0.629099
0.627137,0.439295,1.02603,0.0304265,-0.781259,-0.623465,0.655705,0.486381,-0.577481,0.754404,-0.391238,0.527074
0.627137,0.386635,1.01861,0.0304265,-0.520906,-0.853072,0.655705,0.654559,-0.376303,0.754404,-0.547913,0.361477
0.627137,0.339689,0.993633,0.0304265,-0.197724,-0.979785,0.655705,0.743787,-0.129736,0.754404,-0.638503,0.152279
0.627137,0.304118,0.954101,0.0304265,0.149307,-0.988323,0.655705,0.743304,0.132478,0.754404,-0.652079,-0.0752849
0.674504,0.315705,1.08378,-0.303548,0.153593,-0.940355,0.683918,0.722281,-0.102796,0.663411,-0.674329,-0.324292
0.674504,0.250749,1.03061,-0.303548,0.46595,-0.831113,0.683918,0.71388,0.150438,0.663411,-0.522748,-0.535369
0.674504,0.207896,0.958427,-0.303548,0.722108,-0.621626,0.683918,0.619375,0.385527,0.663411,-0.308115,-0.681873
0.674504,0.192314,0.875943,-0.303548,0.891168,-0.337162,0.683918,0.450164,0.574115,0.663411,-0.0563197,-0.746132
0.674504,0.205883,0.793104,-0.303548,0.95274,-0.0120315,0.683918,0.226657,0.693457,0.663411,0.202269,-0.720397
0.674504,0.246966,0.719902,-0.303548,0.899398,0.31455,0.683918,-0.0241882,0.729158,0.663411,0.436461,-0.607772
0.674504,0.310609,0.665165,-0.303548,0.737575,0.603193,0.683918,-0.272116,0.676911,0.663411,0.61801,-0.42184
0.674504,0.389134,0.635497,-0.303548,0.48679,0.819081,0.683918,-0.487223,0.543019,0.663411,0.725017,-0.185029
0.674504,0.47307,0.634475,-0.303548,0.17729,0.936177,0.683918,-0.643563,0.343631,0.663411,0.744577,0.0741005
0.674504,0.552295,0.662223,-0.303548,-0.153593,0.940355,0.683918,-0.722281,0.102796,0.663411,0.674329,0.324292
0.674504,0.617251,0.715393,-0.303548,-0.46595,0.831113,0.683918,-0.71388,-0.150438,0.663411,0.522748,0.535369
0.674504,0.660104,0.787573,-0.303548,-0.722108,0.621626,0.683918,-0.619375,-0.385527,0.663411,0.308115,0.681873
0.674504,0.675686,0.870057,-0.303548,-0.891168,0.337162,0.683918,-0.450164,-0.574115,0.663411,0.0563197,0.746132
0.674504,0.662117,0.952896,-0.303548,-0.95274,0.0120315,0.683918,-0.226657,-0.693457,0.663411,-0.202269,0.720397
0.674504,0.621034,1.0261,-0.303548,-0.899398,-0.31455,0.683918,0.0241882,-0.729158,0.663411,-0.436461,0.607772
0.674504,0.557391,1.08083,-0.303548,-0.737575,-0.603193,0.683918,0.272116,-0.676911,0.663411,-0.61801,0.42184
0.674504,0.478866,1.1105,-0.303548,-0.48679,-0.819081,0.683918,0.487223,-0.543019,0.663411,-0.725017,0.185029
0.674504,0.39493,1.11153,-0.303548,-0.17729,-0.936177,0.683918,0.643563,-0.343631,0.663411,-0.744577,-0.0741005
0.674504,0.315705,1.08378,-0.303548,0.153593,-0.940355,0.683918,0.722281,-0.102796,0.663411,-0.674329,-0.324292
0.763543,0.325152,1.1895,-0.60091,0.167787,-0.781508,0.629641,0.701666,-0.333493,0.492402,-0.692468,-0.527284
0.763543,0.223468,1.13318,-0.60091,0.42496,-0.67699,0.629641,0.773412,-0.0733968,0.492402,-0.470365,-0.732323
0.763543,0.147178,1.04548,-0.60091,0.630876,-0.490818,0.629641,0.751872,0.195552,0.492402,-0.19153,-0.849033
0.763543,0.105482,0.936983,-0.60091,0.760699,-0.245446,0.629641,0.639646,0.440914,0.492402,0.110407,-0.863337
0.763543,0.10341,0.820765,-0.60091,0.798771,0.0295307,0.629641,0.450269,0.633096,0.492402,0.399028,-0.77351
0.763543,0.141213,0.710847,-0.60091,0.740499,0.300945,0.629641,0.206583,0.748917,0.492402,0.639519,-0.590386
0.763543,0.21433,0.620487,-0.60091,0.592912,0.536062,0.629641,-0.0620198,0.774407,0.492402,0.802876,-0.336053
0.763543,0.313942,0.560583,-0.60091,0.373811,0.706521,0.629641,-0.323142,0.706493,0.492402,0.869393,-0.0411869
0.763543,0.428035,0.538362,-0.60091,0.109623,0.791763,0.629641,-0.545289,0.553365,0.492402,0.831049,0.258647
0.763543,0.542848,0.556503,-0.60091,-0.167787,0.781508,0.629641,-0.701666,0.333493,0.492402,0.692468,0.527284
0.763543,0.644532,0.612818,-0.60091,-0.42496,0.67699,0.629641,-0.773412,0.0733968,0.492402,0.470365,0.732323
0.763543,0.720822,0.700515,-0.60091,-0.630876,0.490818,0.629641,-0.751872,-0.195552,0.492402,0.19153,0.849033
0.763543,0.762518,0.809017,-0.60091,-0.760699,0.245446,0.629641,-0.639646,-0.440914,0.492402,-0.110407,0.863337
0.763543,0.76459,0.925235,-0.60091,-0.798771,-0.0295307,0.629641,-0.450269,-0.633096,0.492402,-0.399028,0.77351
0.763543,0.726787,1.03515,-0.60091,-0.740499,-0.300945,0.629641,-0.206583,-0.748917,0.492402,-0.639519,0.590386
0.763543,0.65367,1.12551,-0.60091,-0.592912,-0.536062,0.629641,0.0620198,-0.774407,0.492402,-0.802876,0.336053
0.763543,0.554058,1.18542,-0.60091,-0.373811,-0.706521,0.629641,0.323142,-0.706493,0.492402,-0.869393,0.0411869
0.763543,0.439965,1.20764,-0.60091,-0.109623,-0.791763,0.629641,0.545289,-0.553365,0.492402,-0.831049,-0.258647
0.763543,0.325152,1.1895,-0.60091,0.167787,-0.781508,0.629641,0.701666,-0.333493,0.492402,-0.692468,-0.527284
0.883514,0.331319,1.25851,-0.825794,0.190177,-0.530939,0.499419,0.683947,-0.531786,0.262001,-0.704307,-0.659778
0.883514,0.20566,1.20014,-0.825794,0.3603,-0.433875,0.499419,0.824582,-0.265792,0.262001,-0.436175,-0.860876
0.883514,0.107542,1.10231,-0.825794,0.486965,-0.28448,0.499419,0.86576,0.0322607,0.262001,-0.115434,-0.958139
0.883514,0.0487996,0.97683,-0.825794,0.554896,-0.100771,0.499419,0.802514,0.326422,0.262001,0.21923,-0.939837
0.883514,0.0365182,0.838822,-0.825794,0.555897,0.0950913,0.499419,0.642474,0.581213,0.262001,0.527452,-0.808177
0.883514,0.0721789,0.704936,-0.825794,0.489849,0.279485,0.499419,0.404941,0.7659,0.262001,0.772056,-0.579038
0.883514,0.151481,0.591322,-0.825794,0.364718,0.430168,0.499419,0.118567,0.858209,0.262001,0.923538,-0.280059
0.883514,0.264858,0.511681,-0.825794,0.195597,0.528967,0.499419,-0.182108,0.847005,0.262001,0.963628,0.0526989
0.883514,0.398637,0.475622,-0.825794,0.00288384,0.563964,0.499419,-0.460818,0.733639,0.262001,0.88749,0.379101
0.883514,0.536681,0.487492,-0.825794,-0.190177,0.530939,0.499419,-0.683947,0.531786,0.262001,0.704307,0.659778
0.883514,0.66234,0.54586,-0.825794,-0.3603,0.433875,0.499419,-0.824582,0.265792,0.262001,0.436175,0.860876
0.883514,0.760458,0.643686,-0.825794,-0.486965,0.28448,0.499419,-0.86576,-0.0322607,0.262001,0.115434,0.958139
0.883514,0.8192,0.76917,-0.825794,-0.554896,0.100771,0.499419,-0.802514,-0.326422,0.262001,-0.21923,0.939837
0.883514,0.831482,0.907178,-0.825794,-0.555897,-0.0950913,0.499419,-0.642474,-0.581213,0.262001,-0.527452,0.808177
0.883514,0.795821,1.04106,-0.825794,-0.489849,-0.279485,0.499419,-0.404941,-0.7659,0.262001,-0.772056,0.579038
0.883514,0.716519,1.15468,-0.825794,-0.364718,-0.430168,0.499419,-0.118567,-0.858209,0.262001,-0.923538,0.280059
0.883514,0.603142,1.23432,-0.825794,-0.195597,-0.528967,0.499419,0.182108,-0.847005,0.262001,-0.963628,-0.0526989
0.883514,0.469363,1.27038,-0.825794,-0.00288384,-0.563964,0.499419,0.460818,-0.733639,0.262001,-0.88749,-0.379101
0.883514,0.331319,1.25851,-0.825794,0.190177,-0.530939,0.499419,0.683947,-0.531786,0.262001,-0.704307,-0.659778
0.875863,0.406797,0.477687,0.985232,0.147294,-0.0873114,-0.00862081,0.551939,0.83384,0.17101,-0.820773,0.545057
0.875863,0.543643,0.492223,0.985232,0.168273,-0.0316684,-0.00862081,0.233463,0.972328,0.17101,-0.957695,0.231465
0.875863,0.667264,0.552687,0.985232,0.168956,0.0277943,-0.00862081,-0.113172,0.993538,0.17101,-0.979105,-0.110045
0.875863,0.76275,0.651785,0.985232,0.149261,0.0839046,-0.00862081,-0.446157,0.894913,0.17101,-0.88242,-0.438282
0.875863,0.818584,0.777565,0.985232,0.111562,0.129895,-0.00862081,-0.725329,0.688348,0.17101,-0.679302,-0.713655
0.875863,0.828032,0.914856,0.985232,0.0604076,0.160218,-0.00862081,-0.917015,0.398759,0.17101,-0.394251,-0.902952
0.875863,0.789953,1.0471,0.985232,0.00196692,0.171216,-0.00862081,-0.998096,0.061073,0.17101,-0.061647,-0.983339
0.875863,0.708941,1.15834,0.985232,-0.056711,0.161563,-0.00862081,-0.958792,-0.283979,0.17101,0.278392,-0.945121
0.875863,0.594768,1.23517,0.985232,-0.108549,0.132423,-0.00862081,-0.803843,-0.594779,0.17101,0.584854,-0.792907
0.875863,0.461203,1.26831,0.985232,-0.147294,0.0873114,-0.00862081,-0.551939,-0.83384,0.17101,0.820773,-0.545057
0.875863,0.324357,1.25378,0.985232,-0.168273,0.0316684,-0.00862081,-0.233463,-0.972328,0.17101,0.957695,-0.231465
0.875863,0.200736,1.19331,0.985232,-0.168956,-0.0277943,-0.00862081,0.113172,-0.993538,0.17101,0.979105,0.110045
0.875863,0.10525,1.09422,0.985232,-0.149261,-0.0839046,-0.00862081,0.446157,-0.894913,0.17101,0.88242,0.438282
0.875863,0.0494159,0.968435,0.985232,-0.111562,-0.129895,-0.00862081,0.725329,-0.688348,0.17101,0.679302,0.713655
0.875863,0.0399685,0.831144,0.985232,-0.0604076,-0.160218,-0.00862081,0.917015,-0.398759,0.17101,0.394251,0.902952
0.875863,0.078047,0.698902,0.985232,-0.00196692,-0.171216,-0.00862081,0.998096,-0.061073,0.17101,0.061647,0.983339
0.875863,0.159059,0.587658,0.985232,0.056711,-0.161563,-0.00862081,0.958792,0.283979,0.17101,-0.278392,0.945121
0.875863,0.273232,0.510831,0.985232,0.108549,-0.132423,-0.00862081,0.803843,0.594779,0.17101,-0.584854,0.792907
0.875863,0.406797,0.477687,0.985232,0.147294,-0.0873114,-0.00862081,0.551939,0.83384,0.17101,-0.820773,0.545057
0.749059,0.413311,0.550586,0.900555,0.117699,-0.418507,0.292759,0.54748,0.783938,0.321393,-0.8285,0.458578
0.749059,0.524831,0.562954,0.900555,0.253739,-0.353012,0.292759,0.24634,0.92391,0.321393,-0.935379,0.147558
0.749059,0.625395,0.612718,0.900555,0.359174,-0.244939,0.292759,-0.0845117,0.952444,0.321393,-0.929436,-0.181259
0.749059,0.702875,0.693876,0.900555,0.421287,-0.107323,0.292759,-0.40517,0.8661,0.321393,-0.81139,-0.488213
0.749059,0.747924,0.796639,0.900555,0.432587,0.0432381,0.292759,-0.676959,0.675292,0.321393,-0.595479,-0.736282
0.749059,0.755109,0.908612,0.900555,0.39171,0.188584,0.292759,-0.867097,0.403033,0.321393,-0.307744,-0.895545
0.749059,0.723563,1.01629,0.900555,0.303588,0.311184,0.292759,-0.95265,0.0821624,0.321393,0.0171101,-0.946791
0.749059,0.657093,1.10669,0.900555,0.178848,0.39625,0.292759,-0.923299,-0.248618,0.321393,0.3399,-0.883841
0.749059,0.563713,1.16889,0.900555,0.0325367,0.433523,0.292759,-0.782585,-0.549411,0.321393,0.621693,-0.714286
0.749059,0.454689,1.19541,0.900555,-0.117699,0.418507,0.292759,-0.54748,-0.783938,0.321393,0.8285,-0.458578
0.749059,0.343169,1.18305,0.900555,-0.253739,0.353012,0.292759,-0.24634,-0.92391,0.321393,0.935379,-0.147558
0.749059,0.242605,1.13328,0.900555,-0.359174,0.244939,0.292759,0.0845117,-0.952444,0.321393,0.929436,0.181259
0.749059,0.165125,1.05212,0.900555,-0.421287,0.107323,0.292759,0.40517,-0.8661,0.321393,0.81139,0.488213
0.749059,0.120076,0.949361,0.900555,-0.432587,-0.0432381,0.292759,0.676959,-0.675292,0.321393,0.595479,0.736282
0.749059,0.112891,0.837388,0.900555,-0.39171,-0.188584,0.292759,0.867097,-0.403033,0.321393,0.307744,0.895545
0.749059,0.144437,0.72971,0.900555,-0.303588,-0.311184,0.292759,0.95265,-0.0821624,0.321393,-0.0171101,0.946791
0.749059,0.210907,0.639315,0.900555,-0.178848,-0.39625,0.292759,0.923299,0.248618,0.321393,-0.3399,0.883841
0.749059,0.304287,0.577106,0.900555,-0.0325367,-0.433523,0.292759,0.782585,0.549411,0.321393,-0.621693,0.714286
0.749059,0.413311,0.550586,0.900555,0.117699,-0.418507,0.292759,0.54748,0.783938,0.321393,-0.8285,0.458578
0.654934,0.423292,0.662286,0.707258,0.0924668,-0.700882,0.558827,0.534115,0.634376,0.433011,-0.84034,0.326084
0.654934,0.496007,0.671331,0.707258,0.326606,-0.626989,0.558827,0.284935,0.778797,0.433011,-0.901188,0.0190058
0.654934,0.561242,0.704701,0.707258,0.521352,-0.477471,0.558827,0.00138693,0.829283,0.433011,-0.85334,-0.290365
0.654934,0.61113,0.75837,0.707258,0.653215,-0.270363,0.558827,-0.282328,0.779745,0.433011,-0.702567,-0.564713
0.654934,0.639654,0.825865,0.707258,0.706291,-0.030645,0.558827,-0.53199,0.636159,0.433011,-0.467054,-0.770949
0.654934,0.643372,0.899045,0.707258,0.674178,0.212769,0.558827,-0.717487,0.415843,0.433011,-0.175207,-0.884197
0.654934,0.621838,0.969084,0.707258,0.560749,0.43052,0.558827,-0.816443,0.145369,0.433011,0.137773,-0.890798
0.654934,0.577647,1.02753,0.707258,0.379685,0.596344,0.558827,-0.816925,-0.142638,0.433011,0.434135,-0.789955
0.654934,0.51613,1.06734,0.707258,0.152826,0.69024,0.558827,-0.718873,-0.41344,0.433011,0.678134,-0.593832
0.654934,0.444708,1.08371,0.707258,-0.0924668,0.700882,0.558827,-0.534115,-0.634376,0.433011,0.84034,-0.326084
0.654934,0.371993,1.07467,0.707258,-0.326606,0.626989,0.558827,-0.284935,-0.778797,0.433011,0.901188,-0.0190058
0.654934,0.306758,1.0413,0.707258,-0.521352,0.477471,0.558827,-0.00138693,-0.829283,0.433011,0.85334,0.290365
0.654934,0.25687,0.98763,0.707258,-0.653215,0.270363,0.558827,0.282328,-0.779745,0.433011,0.702567,0.564713
0.654934,0.228346,0.920135,0.707258,-0.706291,0.030645,0.558827,0.53199,-0.636159,0.433011,0.467054,0.770949
0.654934,0.224628,0.846955,0.707258,-0.674178,-0.212769,0.558827,0.717487,-0.415843,0.433011,0.175207,0.884197
0.654934,0.246162,0.776916,0.707258,-0.560749,-0.43052,0.558827,0.816443,-0.145369,0.433011,-0.137773,0.890798
0.654934,0.290353,0.718466,0.707258,-0.379685,-0.596344,0.558827,0.816925,0.142638,0.433011,-0.434135,0.789955
