0.658953,0.140641,0.917403,0.308961,-0.291038,0.90545,0.951075,0.0945483,-0.294138,-3.49349e-06,0.952028,0.30601
0.907818,0.190282,0.609396,0.92986,0.345555,-0.126305,-0.179072,0.724969,0.665096,0.321394,-0.595829,0.735999
0.907818,0.327916,0.578044,0.92986,0.367914,-0.000500732,-0.179072,0.453772,0.87294,0.321394,-0.811622,0.487827
0.907818,0.467972,0.595657,0.92986,0.345898,0.125364,-0.179072,0.127843,0.975494,0.321394,-0.929522,0.180816
0.907818,0.593558,0.66011,0.92986,0.282161,0.236107,-0.179072,-0.213506,0.96039,0.321394,-0.935308,-0.148003
0.907818,0.689526,0.763628,0.92986,0.184391,0.318373,-0.179072,-0.529102,0.829448,0.321394,-0.828282,-0.458972
0.907818,0.744301,0.893727,0.92986,0.0643808,0.362238,-0.179072,-0.780882,0.598462,0.321394,-0.621353,-0.714581
0.907818,0.751276,1.03471,0.92986,-0.0633945,0.362412,-0.179072,-0.938475,0.295293,0.321394,-0.339479,-0.884002
0.907818,0.70961,1.16958,0.92986,-0.183524,0.318874,-0.179072,-0.982874,-0.0434923,0.321394,-0.0166597,-0.946799
0.907818,0.624329,1.28207,0.92986,-0.281517,0.236874,-0.179072,-0.908724,-0.377032,0.321394,0.308169,-0.895398
0.907818,0.505718,1.3586,0.92986,-0.345555,0.126305,-0.179072,-0.724969,-0.665096,0.321394,0.595829,-0.735999
0.907818,0.368084,1.38996,0.92986,-0.367914,0.000500732,-0.179072,-0.453772,-0.87294,0.321394,0.811622,-0.487827
0.907818,0.228028,1.37234,0.92986,-0.345898,-0.125364,-0.179072,-0.127843,-0.975494,0.321394,0.929522,-0.180816
0.907818,0.102442,1.30789,0.92986,-0.282161,-0.236107,-0.179072,0.213506,-0.96039,0.321394,0.935308,0.148003
0.907818,0.00647431,1.20437,0.92986,-0.184391,-0.318373,-0.179072,0.529102,-0.829448,0.321394,0.828282,0.458972
0.907818,-0.0483007,1.07427,0.92986,-0.0643808,-0.362238,-0.179072,0.780882,-0.598462,0.321394,0.621353,0.714581
0.907818,-0.0552759,0.933286,0.92986,0.0633945,-0.362412,-0.179072,0.938475,-0.295293,0.321394,0.339479,0.884002
0.907818,-0.0136102,0.798416,0.92986,0.183524,-0.318874,-0.179072,0.982874,0.0434923,0.321394,0.0166597,0.946799
0.907818,0.0716711,0.68593,0.92986,0.281517,-0.236874,-0.179072,0.908724,0.377032,0.321394,-0.308169,0.895398
0.907818,0.190282,0.609396,0.92986,0.345555,-0.126305,-0.179072,0.724969,0.665096,0.321394,-0.595829,0.735999
0.809114,0.17285,0.663629,0.796489,0.438705,-0.416104,-0.0275851,0.713818,0.699788,0.604023,-0.545895,0.58065
0.809114,0.292986,0.623045,0.796489,0.554564,-0.240964,-0.0275851,0.431428,0.901725,0.604023,-0.711568,0.358926
0.809114,0.419758,0.625997,0.796489,0.603534,-0.03676,-0.0275851,0.0970017,0.994902,0.604023,-0.791415,0.0939094
0.809114,0.537875,0.67213,0.796489,0.579709,0.171878,-0.0275851,-0.249125,0.968078,0.604023,-0.775806,-0.182434
0.809114,0.63309,0.755879,0.796489,0.485963,0.359784,-0.0275851,-0.565203,0.824491,0.604023,-0.666623,-0.436773
0.809114,0.693919,0.867143,0.796489,0.333602,0.504296,-0.0275851,-0.813109,0.581457,0.604023,-0.477035,-0.638431
0.809114,0.713025,0.992501,0.796489,0.141004,0.587982,-0.0275851,-0.962943,0.268291,0.604023,-0.22991,-0.763084
0.809114,0.688104,1.11683,0.796489,-0.068601,0.600748,-0.0275851,-0.996631,-0.0772349,0.604023,0.0449451,-0.795699
0.809114,0.622161,1.22515,0.796489,-0.269932,0.541056,-0.0275851,-0.910111,-0.413445,0.604023,0.31438,-0.73234
0.809114,0.52315,1.30437,0.796489,-0.438705,0.416104,-0.0275851,-0.713818,-0.699788,0.604023,0.545895,-0.58065
0.809114,0.403014,1.34496,0.796489,-0.554564,0.240964,-0.0275851,-0.431428,-0.901725,0.604023,0.711568,-0.358926
0.809114,0.276242,1.342,0.796489,-0.603534,0.03676,-0.0275851,-0.0970017,-0.994902,0.604023,0.791415,-0.0939094
0.809114,0.158125,1.29587,0.796489,-0.579709,-0.171878,-0.0275851,0.249125,-0.968078,0.604023,0.775806,0.182434
0.809114,0.0629104,1.21212,0.796489,-0.485963,-0.359784,-0.0275851,0.565203,-0.824491,0.604023,0.666623,0.436773
0.809114,0.00208134,1.10086,0.796489,-0.333602,-0.504296,-0.0275851,0.813109,-0.581457,0.604023,0.477035,0.638431
0.809114,-0.0170248,0.975499,0.796489,-0.141004,-0.587982,-0.0275851,0.962943,-0.268291,0.604023,0.22991,0.763084
0.809114,0.0078964,0.851166,0.796489,0.068601,-0.600748,-0.0275851,0.996631,0.0772349,0.604023,-0.0449451,0.795699
0.809114,0.0738391,0.742854,0.796489,0.269932,-0.541056,-0.0275851,0.910111,0.413445,0.604023,-0.31438,0.73234
0.809114,0.17285,0.663629,0.796489,0.438705,-0.416104,-0.0275851,0.713818,0.699788,0.604023,-0.545895,0.58065
0.735846,0.146139,0.74673,0.567051,0.512278,-0.644999,0.127229,0.719195,0.68306,0.813797,-0.469393,0.342643
0.735846,0.239463,0.691999,0.567051,0.701987,-0.430891,0.127229,0.442202,0.887846,0.813797,-0.558276,0.161438
0.735846,0.345879,0.672487,0.567051,0.807026,-0.164812,0.127229,0.111872,0.985544,0.813797,-0.579823,-0.0392399
0.735846,0.452551,0.690548,0.567051,0.814725,0.121147,0.127229,-0.23195,0.964371,0.813797,-0.531434,-0.235185
0.735846,0.546612,0.744004,0.567051,0.724156,0.392493,0.127229,-0.547796,0.826881,0.813797,-0.418947,-0.402762
0.735846,0.616718,0.826407,0.567051,0.546244,0.616499,0.127229,-0.79757,0.589656,0.813797,-0.255929,-0.521761
0.735846,0.654412,0.927818,0.567051,0.302446,0.766146,0.127229,-0.951145,0.281311,0.813797,-0.0620414,-0.577828
0.735846,0.655149,1.03601,0.567051,0.0221695,0.823384,0.127229,-0.989998,-0.0609652,0.813797,0.139329,-0.5642
0.735846,0.618839,1.13792,0.567051,-0.260782,0.781311,0.127229,-0.909442,-0.395888,0.813797,0.323894,-0.482521
0.735846,0.549861,1.22127,0.567051,-0.512278,0.644999,0.127229,-0.719195,-0.68306,0.813797,0.469393,-0.342643
0.735846,0.456537,1.276,0.567051,-0.701987,0.430891,0.127229,-0.442202,-0.887846,0.813797,0.558276,-0.161438
0.735846,0.350121,1.29551,0.567051,-0.807026,0.164812,0.127229,-0.111872,-0.985544,0.813797,0.579823,0.0392399
0.735846,0.243449,1.27745,0.567051,-0.814725,-0.121147,0.127229,0.23195,-0.964371,0.813797,0.531434,0.235185
0.735846,0.149388,1.224,0.567051,-0.724156,-0.392493,0.127229,0.547796,-0.826881,0.813797,0.418947,0.402762
0.735846,0.079282,1.14159,0.567051,-0.546244,-0.616499,0.127229,0.79757,-0.589656,0.813797,0.255929,0.521761
0.735846,0.0415876,1.04018,0.567051,-0.302446,-0.766146,0.127229,0.951145,-0.281311,0.813797,0.0620414,0.577828
0.735846,0.040851,0.931995,0.567051,-0.0221695,-0.823384,0.127229,0.989998,0.0609652,0.813797,-0.139329,0.5642
0.735846,0.0771612,0.83008,0.567051,0.260782,-0.781311,0.127229,0.909442,0.395888,0.813797,-0.323894,0.482521
0.735846,0.146139,0.74673,0.567051,0.512278,-0.644999,0.127229,0.719195,0.68306,0.813797,-0.469393,0.342643
0.696852,0.11337,0.848677,0.269218,0.557402,-0.785382,0.266698,0.74045,0.616933,0.925416,-0.375549,0.0506846
0.696852,0.173803,0.77659,0.269218,0.792403,-0.547375,0.266698,0.484792,0.832976,0.925416,-0.370236,-0.0808174
0.696852,0.255247,0.729519,0.269218,0.931828,-0.243347,0.266698,0.170661,0.94855,0.925416,-0.320267,-0.202572
0.696852,0.347878,0.713143,0.269218,0.958862,0.0900328,0.266698,-0.164054,0.949715,0.925416,-0.231669,-0.299893
0.696852,0.440524,0.729436,0.269218,0.870242,0.412553,0.266698,-0.478982,0.83633,0.925416,-0.115128,-0.361042
0.696852,0.52201,0.776433,0.269218,0.676659,0.685314,0.266698,-0.736138,0.622072,0.925416,0.0152989,-0.378645
0.696852,0.582508,0.848466,0.269218,0.40146,0.875415,0.266698,-0.904504,0.332782,0.925416,0.14388,-0.350577
0.696852,0.614721,0.936846,0.269218,0.0778396,0.959929,0.266698,-0.963774,0.00335443,0.925416,0.255108,-0.280225
0.696852,0.614763,1.03091,0.269218,-0.25517,0.92866,0.266698,-0.906799,-0.326478,0.925416,0.335565,-0.176073
0.696852,0.58263,1.11932,0.269218,-0.557402,0.785382,0.266698,-0.74045,-0.616933,0.925416,0.375549,-0.0506846
0.696852,0.522197,1.19141,0.269218,-0.792403,0.547375,0.266698,-0.484792,-0.832976,0.925416,0.370236,0.0808174
0.696852,0.440753,1.23848,0.269218,-0.931828,0.243347,0.266698,-0.170661,-0.94855,0.925416,0.320267,0.202572
0.696852,0.348122,1.25486,0.269218,-0.958862,-0.0900328,0.266698,0.164054,-0.949715,0.925416,0.231669,0.299893
0.696852,0.255476,1.23856,0.269218,-0.870242,-0.412553,0.266698,0.478982,-0.83633,0.925416,0.115128,0.361042
0.696852,0.17399,1.19157,0.269218,-0.676659,-0.685314,0.266698,0.736138,-0.622072,0.925416,-0.0152989,0.378645
0.696852,0.113492,1.11953,0.269218,-0.40146,-0.875415,0.266698,0.904504,-0.332782,0.925416,-0.14388,0.350577
0.696852,0.0812789,1.03115,0.269218,-0.0778396,-0.959929,0.266698,0.963774,-0.00335443,0.925416,-0.255108,0.280225
0.696852,0.0812366,0.937086,0.269218,0.25517,-0.92866,0.266698,0.906799,0.326478,0.925416,-0.335565,0.176073
0.696852,0.11337,0.848677,0.269218,0.557402,-0.785382,0.266698,0.74045,0.616933,0.925416,-0.375549,0.0506846
0.696834,0.0784963,0.957173,-0.061087,0.568632,-0.820321,0.373999,0.775021,0.50938,0.925415,-0.275682,-0.260011
0.696834,0.103925,0.866615,-0.061087,0.814905,-0.576366,0.373999,0.554063,0.743733,0.925415,-0.170128,-0.33862
0.696834,0.158793,0.790215,-0.061087,0.962889,-0.262893,0.373999,0.266277,0.888381,0.925415,-0.044053,-0.376385
0.696834,0.236481,0.737189,-0.061087,0.994735,0.0822892,0.373999,-0.0536256,0.925878,0.925415,0.0873352,-0.368754
0.696834,0.327621,0.713932,-0.061087,0.9066,0.417546,0.373999,-0.36706,0.851699,0.925415,0.208189,-0.316645
0.696834,0.421219,0.723249,-0.061087,0.709116,0.70244,0.373999,-0.636222,0.674793,0.925415,0.303933,-0.226344
0.696834,0.505985,0.764017,-0.061087,0.426103,0.90261,0.373999,-0.828646,0.416498,0.925415,0.363018,-0.108742
0.696834,0.571696,0.831317,-0.061087,0.0916948,0.993912,0.373999,-0.921123,0.107966,0.925415,0.378317,0.0219749
0.696834,0.610426,0.917034,-0.061087,-0.253773,0.965333,0.373999,-0.902499,-0.213588,0.925415,0.347986,0.150042
0.696834,0.617504,1.01083,-0.061087,-0.568632,0.820321,0.373999,-0.775021,-0.50938,0.925415,0.275682,0.260011
0.696834,0.592075,1.10139,-0.061087,-0.814905,0.576366,0.373999,-0.554063,-0.743733,0.925415,0.170128,0.33862
0.696834,0.537207,1.17778,-0.061087,-0.962889,0.262893,0.373999,-0.266277,-0.888381,0.925415,0.044053,0.376385
0.696834,0.459519,1.23081,-0.061087,-0.994735,-0.0822892,0.373999,0.0536256,-0.925878,0.925415,-0.0873352,0.368754
0.696834,0.368379,1.25407,-0.061087,-0.9066,-0.417546,0.373999,0.36706,-0.851699,0.925415,-0.208189,0.316645
0.696834,0.274781,1.24475,-0.061087,-0.709116,-0.70244,0.373999,0.636222,-0.674793,0.925415,-0.303933,0.226344
0.696834,0.190015,1.20398,-0.061087,-0.426103,-0.90261,0.373999,0.828646,-0.416498,0.925415,-0.363018,0.108742
0.696834,0.124304,1.13668,-0.061087,-0.0916948,-0.993912,0.373999,0.921123,-0.107966,0.925415,-0.378317,-0.0219749
0.696834,0.0855739,1.05097,-0.061087,0.253773,-0.965333,0.373999,0.902499,0.213588,0.925415,-0.347986,-0.150042
0.696834,0.0784963,0.957173,-0.061087,0.568632,-0.820321,0.373999,0.775021,0.50938,0.925415,-0.275682,-0.260011
0.735794,0.045724,1.05913,-0.384024,0.544615,-0.745601,0.43619,0.818737,0.373375,0.813796,-0.181839,-0.55197
0.735794,0.0382571,0.951216,-0.384024,0.766781,-0.514366,0.43619,0.641659,0.630882,0.813796,0.0179123,-0.580874
0.735794,0.0681498,0.847254,-0.384024,0.896462,-0.221092,0.43619,0.387188,0.812295,0.813796,0.215503,-0.539717
0.735794,0.131797,0.759787,-0.384024,0.918017,0.0988497,0.43619,0.0860161,0.895734,0.813796,0.387101,-0.433462
0.735794,0.221521,0.699363,-0.384024,0.828845,0.406869,0.43619,-0.22553,0.871134,0.813796,0.512008,-0.274925
0.735794,0.3265,0.67327,-0.384024,0.639702,0.665813,0.43619,-0.509875,0.741462,0.813796,0.57516,-0.0832276
0.735794,0.434073,0.684656,-0.384024,0.373402,0.844451,0.43619,-0.73272,0.522359,0.813796,0.568939,0.118508
0.735794,0.531264,0.732147,-0.384024,0.0620639,0.921235,0.43619,-0.867189,0.240252,0.813796,0.494096,0.30595
0.735794,0.60635,0.810015,-0.384024,-0.25676,0.886905,0.43619,-0.897062,-0.0708332,0.813796,0.359657,0.456489
0.735794,0.650276,0.908869,-0.384024,-0.544615,0.745601,0.43619,-0.818737,-0.373375,0.813796,0.181839,0.55197
0.735794,0.657743,1.01678,-0.384024,-0.766781,0.514366,0.43619,-0.641659,-0.630882,0.813796,-0.0179123,0.580874
0.735794,0.62785,1.12075,-0.384024,-0.896462,0.221092,0.43619,-0.387188,-0.812295,0.813796,-0.215503,0.539717
0.735794,0.564203,1.20821,-0.384024,-0.918017,-0.0988497,0.43619,-0.0860161,-0.895734,0.813796,-0.387101,0.433462
0.735794,0.474479,1.26864,-0.384024,-0.828845,-0.406869,0.43619,0.22553,-0.871134,0.813796,-0.512008,0.274925
0.735794,0.3695,1.29473,-0.384024,-0.639702,-0.665813,0.43619,0.509875,-0.741462,0.813796,-0.57516,0.0832276
0.735794,0.261927,1.28334,-0.384024,-0.373402,-0.844451,0.43619,0.73272,-0.522359,0.813796,-0.568939,-0.118508
0.735794,0.164736,1.23585,-0.384024,-0.0620639,-0.921235,0.43619,0.867189,-0.240252,0.813796,-0.494096,-0.30595
0.735794,0.0896498,1.15798,-0.384024,0.25676,-0.886905,0.43619,0.897062,0.0708332,0.813796,-0.359657,-0.456489
0.735794,0.045724,1.05913,-0.384024,0.544615,-0.745601,0.43619,0.818737,0.373375,0.813796,-0.181839,-0.55197
0.809034,0.0190057,1.14225,-0.660642,0.488247,-0.570235,0.44577,0.866325,0.225322,0.604021,-0.105337,-0.789976
0.809034,-0.0152798,1.02019,-0.660642,0.653834,-0.368855,0.44577,0.737015,0.508034,0.604021,0.171204,-0.778362
0.809034,-0.00574838,0.893757,-0.660642,0.740559,-0.122986,0.44577,0.518809,0.72947,0.604021,0.427095,-0.672866
0.809034,0.0464503,0.77821,-0.660642,0.737961,0.137717,0.44577,0.238028,0.86292,0.604021,0.631471,-0.486212
0.809034,0.13502,0.687484,-0.660642,0.646355,0.381809,0.44577,-0.0714628,0.89229,0.604021,0.759683,-0.240914
0.809034,0.249279,0.632523,-0.660642,0.476788,0.57985,0.44577,-0.372334,0.814037,0.604021,0.796266,0.0334417
0.809034,0.375445,0.619955,-0.660642,0.249714,0.707952,0.44577,-0.628297,0.637599,0.604021,0.736808,0.303764
0.809034,0.4983,0.651296,-0.660642,-0.00747915,0.750664,0.44577,-0.808478,0.384257,0.604021,0.58848,0.537448
0.809034,0.603027,0.722767,-0.660642,-0.26377,0.702835,0.44577,-0.891144,0.0845674,0.604021,0.369172,0.706308
0.809034,0.676994,0.825745,-0.660642,-0.488247,0.570235,0.44577,-0.866325,-0.225322,0.604021,0.105337,0.789976
0.809034,0.71128,0.947812,-0.660642,-0.653834,0.368855,0.44577,-0.737015,-0.508034,0.604021,-0.171204,0.778362
0.809034,0.701748,1.07424,-0.660642,-0.740559,0.122986,0.44577,-0.518809,-0.72947,0.604021,-0.427095,0.672866
0.809034,0.64955,1.18979,-0.660642,-0.737961,-0.137717,0.44577,-0.238028,-0.86292,0.604021,-0.631471,0.486212
0.809034,0.56098,1.28052,-0.660642,-0.646355,-0.381809,0.44577,0.0714628,-0.89229,0.604021,-0.759683,0.240914
0.809034,0.446721,1.33548,-0.660642,-0.476788,-0.57985,0.44577,0.372334,-0.814037,0.604021,-0.796266,-0.0334417
0.809034,0.320555,1.34804,-0.660642,-0.249714,-0.707952,0.44577,0.628297,-0.637599,0.604021,-0.736808,-0.303764
0.809034,0.1977,1.3167,-0.660642,0.00747915,-0.750664,0.44577,0.808478,-0.384257,0.604021,-0.58848,-0.537448
0.809034,0.0929727,1.24523,-0.660642,0.26377,-0.702835,0.44577,0.891144,-0.0845674,0.604021,-0.369172,-0.706308
0.809034,0.0190057,1.14225,-0.660642,0.488247,-0.570235,0.44577,0.866325,0.225322,0.604021,-0.105337,-0.789976
0.90772,0.00156409,1.19652,-0.857576,0.406327,-0.315374,0.401584,0.912046,0.0830779,0.321392,-0.0554034,-0.945324
0.90772,-0.0502285,1.06521,-0.857576,0.489687,-0.157382,0.401584,0.828629,0.390006,0.321392,0.271258,-0.907263
0.90772,-0.0539888,0.924113,-0.857576,0.513983,0.0195919,0.401584,0.645267,0.649893,0.321392,0.565201,-0.759773
0.90772,-0.00926338,0.790236,-0.857576,0.476285,0.194203,0.401584,0.384076,0.831394,0.321392,0.790973,-0.520643
0.90772,0.0785533,0.67973,-0.857576,0.381141,0.34539,0.401584,0.0765595,0.912617,0.321392,0.921342,-0.218715
0.90772,0.198869,0.605924,-0.857576,0.240025,0.454918,0.401584,-0.240191,0.883764,0.321392,0.940583,0.109592
0.90772,0.337173,0.577719,-0.857576,0.069958,0.509577,0.401584,-0.527971,0.748316,0.321392,0.846376,0.424681
0.90772,0.476782,0.598518,-0.857576,-0.108546,0.502773,0.401584,-0.752069,0.522611,0.321392,0.650084,0.688548
0.90772,0.600858,0.665811,-0.857576,-0.273959,0.435327,0.401584,-0.885458,0.233871,0.321392,0.375382,0.869365
0.90772,0.694436,0.771483,-0.857576,-0.406327,0.315374,0.401584,-0.912046,-0.0830779,0.321392,0.0554034,0.945324
0.90772,0.746228,0.902787,-0.857576,-0.489687,0.157382,0.401584,-0.828629,-0.390006,0.321392,-0.271258,0.907263
0.90772,0.749989,1.04389,-0.857576,-0.513983,-0.0195919,0.401584,-0.645267,-0.649893,0.321392,-0.565201,0.759773
0.90772,0.705263,1.17776,-0.857576,-0.476285,-0.194203,0.401584,-0.384076,-0.831394,0.321392,-0.790973,0.520643
0.90772,0.617447,1.28827,-0.857576,-0.381141,-0.34539,0.401584,-0.0765595,-0.912617,0.321392,-0.921342,0.218715
0.90772,0.497131,1.36208,-0.857576,-0.240025,-0.454918,0.401584,0.240191,-0.883764,0.321392,-0.940583,-0.109592
0.90772,0.358827,1.39028,-0.857576,-0.069958,-0.509577,0.401584,0.527971,-0.748316,0.321392,-0.846376,-0.424681
0.90772,0.219218,1.36948,-0.857576,0.108546,-0.502773,0.401584,0.752069,-0.522611,0.321392,-0.650084,-0.688548
0.90772,0.0951419,1.30219,-0.857576,0.273959,-0.435327,0.401584,0.885458,-0.233871,0.321392,-0.375382,-0.869365
0.90772,0.00156409,1.19652,-0.857576,0.406327,-0.315374,0.401584,0.912046,0.0830779,0.321392,-0.0554034,-0.945324
0.883612,0.332682,0.585312,0.961642,0.267757,-0.0595899,-0.0812368,0.485483,0.870464,0.262003,-0.832234,0.488612
0.883612,0.469965,0.604117,0.961642,0.271991,0.0355822,-0.0812368,0.158488,0.984013,0.262003,-0.949159,0.174505
0.883612,0.592538,0.668741,0.961642,0.243418,0.126463,-0.0812368,-0.187622,0.978876,0.262003,-0.951602,-0.160651
0.883612,0.685615,0.771391,0.961642,0.185485,0.20209,-0.0812368,-0.511102,0.855672,0.262003,-0.839267,-0.476429
0.883612,0.737971,0.899684,0.961642,0.10518,0.253342,-0.0812368,-0.772936,0.629261,0.262003,-0.625705,-0.734743
0.883612,0.743291,1.03815,0.961642,0.012189,0.274037,-0.0812368,-0.941543,0.326953,0.262003,-0.336673,-0.904437
0.883612,0.700933,1.17008,0.961642,-0.0822723,0.26168,-0.0812368,-0.996585,-0.0147916,0.262003,-0.00703376,-0.965041
0.883612,0.616006,1.27957,0.961642,-0.16681,0.21776,-0.0812368,-0.931425,-0.354752,0.262003,0.323454,-0.909248
0.883612,0.498753,1.35341,0.961642,-0.231229,0.147575,-0.0812368,-0.753921,-0.651924,0.262003,0.614929,-0.743786
0.883612,0.363318,1.38269,0.961642,-0.267757,0.0595899,-0.0812368,-0.485483,-0.870464,0.262003,0.832234,-0.488612
0.883612,0.226035,1.36388,0.961642,-0.271991,-0.0355822,-0.0812368,-0.158488,-0.984013,0.262003,0.949159,-0.174505
0.883612,0.103462,1.29926,0.961642,-0.243418,-0.126463,-0.0812368,0.187622,-0.978876,0.262003,0.951602,0.160651
0.883612,0.010385,1.19661,0.961642,-0.185485,-0.20209,-0.0812368,0.511102,-0.855672,0.262003,0.839267,0.476429
0.883612,-0.041971,1.06832,0.961642,-0.10518,-0.253342,-0.0812368,0.772936,-0.629261,0.262003,0.625705,0.734743
0.883612,-0.0472907,0.929853,0.961642,-0.012189,-0.274037,-0.0812368,0.941543,-0.326953,0.262003,0.336673,0.904437
0.883612,-0.00493256,0.797921,0.961642,0.0822723,-0.26168,-0.0812368,0.996585,0.0147916,0.262003,0.00703376,0.965041
0.883612,0.0799945,0.688433,0.961642,0.16681,-0.21776,-0.0812368,0.931425,0.354752,0.262003,-0.323454,0.909248
0.883612,0.197247,0.614595,0.961642,0.231229,-0.147575,-0.0812368,0.753921,0.651924,0.262003,-0.614929,0.743786
0.883612,0.332682,0.585312,0.961642,0.267757,-0.0595899,-0.0812368,0.485483,0.870464,0.262003,-0.832234,0.488612
0.763622,0.31149,0.651245,0.856221,0.365845,-0.364751,0.156285,0.489532,0.857866,0.492403,-0.791528,0.361971
0.763622,0.4275,0.658825,0.856221,0.468534,-0.217628,0.156285,0.166602,0.97356,0.492403,-0.867594,0.0694233
0.763622,0.533922,0.705627,0.856221,0.514711,-0.0442552,0.156285,-0.176422,0.971828,0.492403,-0.839016,-0.231498
0.763622,0.617919,0.786004,0.856221,0.498806,0.134455,0.156285,-0.498167,0.85288,0.492403,-0.70924,-0.504497
0.763622,0.66936,0.890262,0.856221,0.422738,0.296949,0.156285,-0.759826,0.631062,0.492403,-0.493919,-0.716647
0.763622,0.68204,1.00583,0.856221,0.295682,0.423625,0.156285,-0.929839,0.333128,0.492403,-0.219025,-0.842358
0.763622,0.654429,1.11876,0.856221,0.132962,0.499207,0.156285,-0.987699,-0.00498555,0.492403,0.0822875,-0.866469
0.763622,0.589859,1.21544,0.856221,-0.0457958,0.514576,0.156285,-0.926429,-0.342498,0.492403,0.373675,-0.78607
0.763622,0.496117,1.2842,0.856221,-0.219029,0.467881,0.156285,-0.753417,-0.6387,0.492403,0.619991,-0.61086
0.763622,0.38451,1.31675,0.856221,-0.365845,0.364751,0.156285,-0.489532,-0.857866,0.492403,0.791528,-0.361971
0.763622,0.2685,1.30917,0.856221,-0.468534,0.217628,0.156285,-0.166602,-0.97356,0.492403,0.867594,-0.0694233
0.763622,0.162078,1.26237,0.856221,-0.514711,0.0442552,0.156285,0.176422,-0.971828,0.492403,0.839016,0.231498
0.763622,0.0780809,1.182,0.856221,-0.498806,-0.134455,0.156285,0.498167,-0.85288,0.492403,0.70924,0.504497
0.763622,0.0266403,1.07774,0.856221,-0.422738,-0.296949,0.156285,0.759826,-0.631062,0.492403,0.493919,0.716647
0.763622,0.0139604,0.962173,0.856221,-0.295682,-0.423625,0.156285,0.929839,-0.333128,0.492403,0.219025,0.842358
0.763622,0.0415706,0.849241,0.856221,-0.132962,-0.499207,0.156285,0.987699,0.00498555,0.492403,-0.0822875,0.866469
0.763622,0.106141,0.752563,0.856221,0.0457958,-0.514576,0.156285,0.926429,0.342498,0.492403,-0.373675,0.78607
0.763622,0.199883,0.6838,0.856221,0.219029,-0.467881,0.156285,0.753417,0.6387,0.492403,-0.619991,0.61086
0.763622,0.31149,0.651245,0.856221,0.365845,-0.364751,0.156285,0.489532,0.857866,0.492403,-0.791528,0.361971
0.674556,0.279017,0.752272,0.647527,0.446984,-0.617183,0.374957,0.518197,0.768687,0.663413,-0.729162,0.167946
0.674556,0.362433,0.742653,0.647527,0.631116,-0.427085,0.374957,0.224039,0.899563,0.663413,-0.74263,-0.0915703
0.674556,0.444108,0.762144,0.647527,0.739127,-0.185474,0.374957,-0.0971406,0.921939,0.663413,-0.666525,-0.340042
0.674556,0.514191,0.808395,0.647527,0.757988,0.0785077,0.374957,-0.406604,0.833115,0.663413,-0.510027,-0.5475
0.674556,0.564229,0.875826,0.647527,0.685424,0.33302,0.374957,-0.667025,0.643805,0.663413,-0.292013,-0.688921
0.674556,0.588186,0.956304,0.647527,0.530189,0.547366,0.374957,-0.846993,0.376843,0.663413,-0.0387772,-0.747248
0.674556,0.583174,1.04012,0.647527,0.311004,0.695691,0.374957,-0.924801,0.0644282,0.663413,0.219135,-0.715446
0.674556,0.549796,1.11717,0.647527,0.0543082,0.760105,0.374957,-0.891064,-0.255758,0.663413,0.450617,-0.597351
0.674556,0.492079,1.17816,0.647527,-0.208938,0.73284,0.374957,-0.749852,-0.545095,0.663413,0.627747,-0.407206
0.674556,0.416983,1.21573,0.647527,-0.446984,0.617183,0.374957,-0.518197,-0.768687,0.663413,0.729162,-0.167946
0.674556,0.333567,1.22535,0.647527,-0.631116,0.427085,0.374957,-0.224039,-0.899563,0.663413,0.74263,0.0915703
0.674556,0.251892,1.20586,0.647527,-0.739127,0.185474,0.374957,0.0971406,-0.921939,0.663413,0.666525,0.340042
0.674556,0.181809,1.15961,0.647527,-0.757988,-0.0785077,0.374957,0.406604,-0.833115,0.663413,0.510027,0.5475
0.674556,0.131771,1.09217,0.647527,-0.685424,-0.33302,0.374957,0.667025,-0.643805,0.663413,0.292013,0.688921
0.674556,0.107814,1.0117,0.647527,-0.530189,-0.547366,0.374957,0.846993,-0.376843,0.663413,0.0387772,0.747248
0.674556,0.112826,0.927877,0.647527,-0.311004,-0.695691,0.374957,0.924801,-0.0644282,0.663413,-0.219135,0.715446
0.674556,0.146204,0.850827,0.647527,-0.0543082,-0.760105,0.374957,0.891064,0.255758,0.663413,-0.450617,0.597351
0.674556,0.203921,0.78984,0.647527,0.208938,-0.73284,0.374957,0.749852,0.545095,0.663413,-0.627747,0.407206
0.674556,0.279017,0.752272,0.647527,0.446984,-0.617183,0.374957,0.518197,0.768687,0.663413,-0.729162,0.167946
0.627155,0.23918,0.876207,0.360731,0.501387,-0.786438,0.548404,0.568019,0.613684,0.754404,-0.65266,-0.0700602
0.627155,0.28261,0.845489,0.360731,0.740127,-0.567525,0.548404,0.323871,0.770948,0.754404,-0.589338,-0.289058
0.627155,0.333927,0.831478,0.360731,0.889597,-0.280161,0.548404,0.0406597,0.835225,0.754404,-0.454933,-0.473191
0.627155,0.386941,0.835863,0.360731,0.931768,0.040995,0.548404,-0.247456,0.798761,0.754404,-0.265656,-0.60025
0.627155,0.435259,0.858116,0.360731,0.861555,0.357206,0.548404,-0.505725,0.665955,0.754404,-0.0443374,-0.654911
0.627155,0.473051,0.895552,0.360731,0.687425,0.630333,0.548404,-0.702996,0.452825,0.754404,0.182329,-0.630579
0.627155,0.495761,0.943656,0.360731,0.430381,0.827433,0.548404,-0.815475,0.185077,0.754404,0.387004,-0.53019
0.627155,0.500648,0.996626,0.360731,0.121428,0.924731,0.548404,-0.829596,-0.104993,0.754404,0.545001,-0.365853
0.627155,0.487124,1.04807,0.360731,-0.202172,0.910494,0.548404,-0.743656,-0.3824,0.754404,0.637262,-0.157388
0.627155,0.45682,1.09179,0.360731,-0.501387,0.786438,0.548404,-0.568019,-0.613684,0.754404,0.65266,0.0700602
0.627155,0.41339,1.12251,0.360731,-0.740127,0.567525,0.548404,-0.323871,-0.770948,0.754404,0.589338,0.289058
0.627155,0.362073,1.13652,0.360731,-0.889597,0.280161,0.548404,-0.0406597,-0.835225,0.754404,0.454933,0.473191
0.627155,0.309059,1.13214,0.360731,-0.931768,-0.040995,0.548404,0.247456,-0.798761,0.754404,0.265656,0.60025
0.627155,0.260741,1.10988,0.360731,-0.861555,-0.357206,0.548404,0.505725,-0.665955,0.754404,0.0443374,0.654911
0.627155,0.222949,1.07245,0.360731,-0.687425,-0.630333,0.548404,0.702996,-0.452825,0.754404,-0.182329,0.630579
0.627155,0.200239,1.02434,0.360731,-0.430381,-0.827433,0.548404,0.815475,-0.185077,0.754404,-0.387004,0.53019
0.627155,0.195352,0.971374,0.360731,-0.121428,-0.924731,0.548404,0.829596,0.104993,0.754404,-0.545001,0.365853
0.627155,0.208876,0.919926,0.360731,0.202172,-0.910494,0.548404,0.743656,0.3824,0.754404,-0.637262,0.157388
0.627155,0.23918,0.876207,0.360731,0.501387,-0.786438,0.548404,0.568019,0.613684,0.754404,-0.65266,-0.0700602
0.627137,0.196785,1.0081,0.0304265,0.522493,-0.852101,0.655705,0.63299,0.411552,0.754404,-0.571248,-0.323341
0.627137,0.197661,0.954931,0.0304265,0.782418,-0.62201,0.655705,0.454057,0.603228,0.754404,-0.426209,-0.49922
0.627137,0.21667,0.905265,0.0304265,0.947972,-0.316895,0.655705,0.220358,0.722145,0.754404,-0.229762,-0.614885
0.627137,0.251519,0.865096,0.0304265,0.999187,0.0264418,0.655705,-0.0399194,0.753961,0.754404,-0.00560239,-0.656386
0.627137,0.298005,0.839268,0.0304265,0.929885,0.366589,0.655705,-0.295382,0.694839,0.754404,0.219233,-0.618718
0.627137,0.350521,0.830897,0.0304265,0.748425,0.662521,0.655705,-0.515217,0.551908,0.754404,0.417625,-0.506422
0.627137,0.402734,0.840993,0.0304265,0.476694,0.878542,0.655705,-0.672909,0.342409,0.754404,0.565646,-0.333045
0.627137,0.448344,0.868337,0.0304265,0.147467,0.988599,0.655705,-0.749439,0.0916111,0.754404,0.645442,-0.119498
0.627137,0.481852,0.909632,0.0304265,-0.199547,0.979416,0.655705,-0.735575,-0.170237,0.754404,0.647387,0.108463
0.627137,0.499215,0.959897,0.0304265,-0.522493,0.852101,0.655705,-0.63299,-0.411552,0.754404,0.571248,0.323341
0.627137,0.498339,1.01307,0.0304265,-0.782418,0.62201,0.655705,-0.454057,-0.603228,0.754404,0.426209,0.49922
0.627137,0.47933,1.06273,0.0304265,-0.947972,0.316895,0.655705,-0.220358,-0.722145,0.754404,0.229762,0.614885
0.627137,0.444481,1.1029,0.0304265,-0.999187,-0.0264418,0.655705,0.0399194,-0.753961,0.754404,0.00560239,0.656386
0.627137,0.397995,1.12873,0.0304265,-0.929885,-0.366589,0.655705,0.295382,-0.694839,0.754404,-0.219233,0.618718
0.627137,0.345479,1.1371,0.0304265,-0.748425,-0.662521,0.655705,0.515217,-0.551908,0.754404,-0.417625,0.506422
0.627137,0.293266,1.12701,0.0304265,-0.476694,-0.878542,0.655705,0.672909,-0.342409,0.754404,-0.565646,0.333045
0.627137,0.247656,1.09966,0.0304265,-0.147467,-0.988599,0.655705,0.749439,-0.0916111,0.754404,-0.645442,0.119498
0.627137,0.214148,1.05837,0.0304265,0.199547,-0.979416,0.655705,0.735575,0.170237,0.754404,-0.647387,-0.108463
0.627137,0.196785,1.0081,0.0304265,0.522493,-0.852101,0.655705,0.63299,0.411552,0.754404,-0.571248,-0.323341
0.674504,0.156945,1.13205,-0.303548,0.507756,-0.806252,0.683918,0.705273,0.186672,0.663411,-0.494746,-0.561348
0.674504,0.117831,1.05778,-0.303548,0.752889,-0.583966,0.683918,0.598894,0.416632,0.663411,-0.272917,-0.696708
0.674504,0.106479,0.974605,-0.303548,0.907212,-0.291246,0.683918,0.42028,0.59634,0.663411,-0.0181704,-0.748034
0.674504,0.124258,0.892567,-0.303548,0.952113,0.0366035,0.683918,0.190974,0.70412,0.663411,0.238768,-0.709137
0.674504,0.169023,0.821556,-0.303548,0.882174,0.360038,0.683918,-0.0613664,0.726973,0.663411,0.466908,-0.584707
0.674504,0.235376,0.770139,-0.303548,0.705832,0.640046,0.683918,-0.306305,0.662143,0.663411,0.638731,-0.389753
0.674504,0.315312,0.744517,-0.303548,0.444357,0.842856,0.683918,-0.514299,0.517448,0.663411,0.733515,-0.147789
0.674504,0.399192,0.74778,-0.303548,0.129285,0.944004,0.683918,-0.660261,0.310342,0.663411,0.739825,0.112
0.674504,0.476897,0.779534,-0.303548,-0.20138,0.931292,0.683918,-0.726585,0.0658035,0.663411,0.656902,0.358281
0.674504,0.539055,0.83595,-0.303548,-0.507756,0.806252,0.683918,-0.705273,-0.186672,0.663411,0.494746,0.561348
0.674504,0.578169,0.910223,-0.303548,-0.752889,0.583966,0.683918,-0.598894,-0.416632,0.663411,0.272917,0.696708
0.674504,0.589521,0.993395,-0.303548,-0.907212,0.291246,0.683918,-0.42028,-0.59634,0.663411,0.0181704,0.748034
0.674504,0.571742,1.07543,-0.303548,-0.952113,-0.0366035,0.683918,-0.190974,-0.70412,0.663411,-0.238768,0.709137
0.674504,0.526977,1.14644,-0.303548,-0.882174,-0.360038,0.683918,0.0613664,-0.726973,0.663411,-0.466908,0.584707
0.674504,0.460624,1.19786,-0.303548,-0.705832,-0.640046,0.683918,0.306305,-0.662143,0.663411,-0.638731,0.389753
0.674504,0.380688,1.22348,-0.303548,-0.444357,-0.842856,0.683918,0.514299,-0.517448,0.663411,-0.733515,0.147789
0.674504,0.296808,1.22022,-0.303548,-0.129285,-0.944004,0.683918,0.660261,-0.310342,0.663411,-0.739825,-0.112
0.674504,0.219103,1.18847,-0.303548,0.20138,-0.931292,0.683918,0.726585,-0.0658035,0.663411,-0.656902,-0.358281
0.674504,0.156945,1.13205,-0.303548,0.507756,-0.806252,0.683918,0.705273,0.186672,0.663411,-0.494746,-0.561348
0.763543,0.124465,1.2331,-0.60091,0.458953,-0.654422,0.629641,0.776149,-0.0338332,0.492402,-0.432381,-0.755372
0.763543,0.0527493,1.14162,-0.60091,0.655101,-0.457984,0.629641,0.740914,0.233666,0.492402,-0.147953,-0.857701
0.763543,0.0166448,1.03114,-0.60091,0.772233,-0.206307,0.629641,0.616313,0.472982,0.492402,0.15432,-0.856578
0.763543,0.0205067,0.914963,-0.60091,0.796223,0.0702542,0.629641,0.417375,0.655249,0.492402,0.437981,-0.752139
0.763543,0.0638691,0.807117,-0.60091,0.724176,0.338342,0.629641,0.168096,0.758483,0.492402,0.668814,-0.556982
0.763543,0.141502,0.720606,-0.60091,0.564784,0.56562,0.629641,-0.101458,0.770233,0.492402,0.818979,-0.294644
0.763543,0.244041,0.665864,-0.60091,0.337269,0.724676,0.629641,-0.358774,0.689082,0.492402,0.870362,0.00323271
0.763543,0.35912,0.649494,-0.60091,0.0690757,0.796326,0.629641,-0.572817,0.524817,0.492402,0.816767,0.300719
0.763543,0.472857,0.67347,-0.60091,-0.20745,0.771927,0.629641,-0.71777,0.297252,0.492402,0.664658,0.561934
0.763543,0.571535,0.734901,-0.60091,-0.458953,0.654422,0.629641,-0.776149,0.0338332,0.492402,0.432381,0.755372
0.763543,0.643251,0.826377,-0.60091,-0.655101,0.457984,0.629641,-0.740914,-0.233666,0.492402,0.147953,0.857701
0.763543,0.679355,0.936865,-0.60091,-0.772233,0.206307,0.629641,-0.616313,-0.472982,0.492402,-0.15432,0.856578
0.763543,0.675493,1.05304,-0.60091,-0.796223,-0.0702542,0.629641,-0.417375,-0.655249,0.492402,-0.437981,0.752139
0.763543,0.632131,1.16088,-0.60091,-0.724176,-0.338342,0.629641,-0.168096,-0.758483,0.492402,-0.668814,0.556982
0.763543,0.554498,1.24739,-0.60091,-0.564784,-0.56562,0.629641,0.101458,-0.770233,0.492402,-0.818979,0.294644
0.763543,0.451959,1.30214,-0.60091,-0.337269,-0.724676,0.629641,0.358774,-0.689082,0.492402,-0.870362,-0.00323271
0.763543,0.33688,1.31851,-0.60091,-0.0690757,-0.796326,0.629641,0.572817,-0.524817,0.492402,-0.816767,-0.300719
0.763543,0.223143,1.29453,-0.60091,0.20745,-0.771927,0.629641,0.71777,-0.297252,0.492402,-0.664658,-0.561934
0.763543,0.124465,1.2331,-0.60091,0.458953,-0.654422,0.629641,0.776149,-0.0338332,0.492402,-0.432381,-0.755372
0.883514,0.103263,1.29906,-0.825794,0.381972,-0.414924,0.499419,0.837071,-0.223367,0.262001,-0.391676,-0.882012
0.883514,0.0102651,1.19636,-0.825794,0.500848,-0.259259,0.499419,0.862985,0.0763992,0.262001,-0.0663887,-0.962781
0.883514,-0.041997,1.06804,-0.825794,0.559315,-0.0723232,0.499419,0.784811,0.36695,0.262001,0.266906,-0.927425
0.883514,-0.0472198,0.929582,-0.825794,0.55032,0.123335,0.499419,0.611977,0.613241,0.262001,0.568007,-0.780207
0.883514,-0.00477317,0.797691,-0.825794,0.474949,0.304118,0.499419,0.365329,0.785567,0.262001,0.800599,-0.538885
0.883514,0.0802231,0.688271,-0.825794,0.342291,0.448219,0.499419,0.0746173,0.863141,0.262001,0.936626,-0.232565
0.883514,0.197517,0.614521,-0.825794,0.168349,0.538259,0.499419,-0.225094,0.836608,0.262001,0.959683,0.101805
0.883514,0.332962,0.585335,-0.825794,-0.0258996,0.563377,0.499419,-0.497656,0.709168,0.262001,0.866988,0.423896
0.883514,0.47022,0.604234,-0.825794,-0.217024,0.520543,0.499419,-0.710194,0.496191,0.262001,0.669721,0.69486
0.883514,0.592737,0.668938,-0.825794,-0.381972,0.414924,0.499419,-0.837071,0.223367,0.262001,0.391676,0.882012
0.883514,0.685735,0.771644,-0.825794,-0.500848,0.259259,0.499419,-0.862985,-0.0763992,0.262001,0.0663887,0.962781
0.883514,0.737997,0.899963,-0.825794,-0.559315,0.0723232,0.499419,-0.784811,-0.36695,0.262001,-0.266906,0.927425
0.883514,0.74322,1.03842,-0.825794,-0.55032,-0.123335,0.499419,-0.611977,-0.613241,0.262001,-0.568007,0.780207
0.883514,0.700773,1.17031,-0.825794,-0.474949,-0.304118,0.499419,-0.365329,-0.785567,0.262001,-0.800599,0.538885
0.883514,0.615777,1.27973,-0.825794,-0.342291,-0.448219,0.499419,-0.0746173,-0.863141,0.262001,-0.936626,0.232565
0.883514,0.498483,1.35348,-0.825794,-0.168349,-0.538259,0.499419,0.225094,-0.836608,0.262001,-0.959683,-0.101805
0.883514,0.363038,1.38267,-0.825794,0.0258996,-0.563377,0.499419,0.497656,-0.709168,0.262001,-0.866988,-0.423896
0.883514,0.22578,1.36377,-0.825794,0.217024,-0.520543,0.499419,0.710194,-0.496191,0.262001,-0.669721,-0.69486
0.883514,0.103263,1.29906,-0.825794,0.381972,-0.414924,0.499419,0.837071,-0.223367,0.262001,-0.391676,-0.882012
0.875863,0.476931,0.609314,0.985232,0.16967,-0.02304,-0.00862081,0.18354,0.982975,0.17101,-0.968259,0.182292
0.875863,0.597306,0.676008,0.985232,0.167318,0.0363801,-0.00862081,-0.163726,0.986468,0.17101,-0.972213,-0.159866
0.875863,0.687611,0.779849,0.985232,0.144785,0.0914122,-0.00862081,-0.491244,0.870979,0.17101,-0.858904,-0.482741
0.875863,0.736953,0.908315,0.985232,0.104788,0.135419,-0.00862081,-0.759511,0.650437,0.17101,-0.641999,-0.747391
0.875863,0.739382,1.04591,0.985232,0.0521528,0.163092,-0.00862081,-0.93617,0.351443,0.17101,-0.347659,-0.921894
0.875863,0.694605,1.17604,0.985232,-0.00677296,0.171093,-0.00862081,-0.999912,0.0100596,0.17101,-0.011386,-0.985203
0.875863,0.608022,1.283,0.985232,-0.0648818,0.158459,-0.00862081,-0.943051,-0.332537,0.17101,0.32626,-0.929683
0.875863,0.490076,1.3539,0.985232,-0.115165,0.126711,-0.00862081,-0.772443,-0.635025,0.17101,0.624554,-0.762028
0.875863,0.354994,1.38019,0.985232,-0.151558,0.0796811,-0.00862081,-0.508668,-0.86092,0.17101,0.847518,-0.502462
0.875863,0.219069,1.35869,0.985232,-0.16967,0.02304,-0.00862081,-0.18354,-0.982975,0.17101,0.968259,-0.182292
0.875863,0.0986941,1.29199,0.985232,-0.167318,-0.0363801,-0.00862081,0.163726,-0.986468,0.17101,0.972213,0.159866
0.875863,0.00838945,1.18815,0.985232,-0.144785,-0.0914122,-0.00862081,0.491244,-0.870979,0.17101,0.858904,0.482741
0.875863,-0.0409531,1.05969,0.985232,-0.104788,-0.135419,-0.00862081,0.759511,-0.650437,0.17101,0.641999,0.747391
0.875863,-0.0433822,0.922091,0.985232,-0.0521528,-0.163092,-0.00862081,0.93617,-0.351443,0.17101,0.347659,0.921894
0.875863,0.0013952,0.791964,0.985232,0.00677296,-0.171093,-0.00862081,0.999912,-0.0100596,0.17101,0.011386,0.985203
0.875863,0.0879782,0.684999,0.985232,0.0648818,-0.158459,-0.00862081,0.943051,0.332537,0.17101,-0.32626,0.929683
0.875863,0.205924,0.614099,0.985232,0.115165,-0.126711,-0.00862081,0.772443,0.635025,0.17101,-0.624554,0.762028
0.875863,0.341006,0.587813,0.985232,0.151558,-0.0796811,-0.00862081,0.508668,0.86092,0.17101,-0.847518,0.502462
0.875863,0.476931,0.609314,0.985232,0.16967,-0.02304,-0.00862081,0.18354,0.982975,0.17101,-0.968259,0.182292
0.749059,0.454535,0.678993,0.900555,0.271423,-0.339604,0.292759,0.198871,0.935277,0.321393,-0.94169,0.0996329
0.749059,0.552428,0.733824,0.900555,0.371205,-0.226291,0.292759,-0.133006,0.946891,0.321393,-0.918976,-0.228453
0.749059,0.625665,0.81883,0.900555,0.426215,-0.0856844,0.292759,-0.44884,0.844295,0.321393,-0.785419,-0.528983
0.749059,0.665411,0.923758,0.900555,0.429817,0.0652571,0.292759,-0.710538,0.639866,0.321393,-0.55713,-0.765711
0.749059,0.666873,1.03595,0.900555,0.381576,0.208328,0.292759,-0.886534,0.358259,0.321393,-0.261642,-0.910083
0.749059,0.629874,1.14188,0.900555,0.287312,0.326271,0.292759,-0.955601,0.0334407,0.321393,0.0654035,-0.944685
0.749059,0.558877,1.22877,0.900555,0.158394,0.404861,0.292759,-0.909409,-0.295411,0.321393,0.38456,-0.865344
0.749059,0.462445,1.28613,0.900555,0.0103712,0.434619,0.292759,-0.753528,-0.588632,0.321393,0.657334,-0.68163
0.749059,0.352209,1.30705,0.900555,-0.138903,0.411955,0.292759,-0.506761,-0.810855,0.321393,0.850823,-0.415701
0.749059,0.241465,1.28901,0.900555,-0.271423,0.339604,0.292759,-0.198871,-0.935277,0.321393,0.94169,-0.0996329
0.749059,0.143572,1.23418,0.900555,-0.371205,0.226291,0.292759,0.133006,-0.946891,0.321393,0.918976,0.228453
0.749059,0.0703348,1.14917,0.900555,-0.426215,0.0856844,0.292759,0.44884,-0.844295,0.321393,0.785419,0.528983
0.749059,0.0305886,1.04424,0.900555,-0.429817,-0.0652571,0.292759,0.710538,-0.639866,0.321393,0.55713,0.765711
0.749059,0.0291269,0.932048,0.900555,-0.381576,-0.208328,0.292759,0.886534,-0.358259,0.321393,0.261642,0.910083
0.749059,0.066126,0.82612,0.900555,-0.287312,-0.326271,0.292759,0.955601,-0.0334407,0.321393,-0.0654035,0.944685
0.749059,0.137123,0.739235,0.900555,-0.158394,-0.404861,0.292759,0.909409,0.295411,0.321393,-0.38456,0.865344
0.749059,0.233555,0.681872,0.900555,-0.0103712,-0.434619,0.292759,0.753528,0.588632,0.321393,-0.657334,0.68163
0.749059,0.343791,0.66095,0.900555,0.138903,-0.411955,0.292759,0.506761,0.810855,0.321393,-0.850823,0.415701
0.749059,0.454535,0.678993,0.900555,0.271423,-0.339604,0.292759,0.198871,0.935277,0.321393,-0.94169,0.0996329
0.654934,0.420217,0.785758,0.707258,0.358177,-0.609505,0.558827,0.244821,0.792322,0.433011,-0.900984,-0.0270075
0.654934,0.483665,0.822413,0.707258,0.545039,-0.450243,0.558827,-0.040934,0.828273,0.433011,-0.837411,-0.333533
0.654934,0.530749,0.878558,0.707258,0.666161,-0.236676,0.558827,-0.321751,0.764322,0.433011,-0.672834,-0.59983
0.654934,0.555791,0.947421,0.707258,0.706935,0.00543771,0.558827,-0.563761,0.608182,0.433011,-0.427103,-0.793779
0.654934,0.55577,1.0207,0.707258,0.662442,0.246896,0.558827,-0.737773,0.378687,0.433011,-0.129857,-0.891986
0.654934,0.53069,1.08954,0.707258,0.538048,0.458574,0.558827,-0.822798,0.103516,0.433011,0.183051,-0.882606
0.654934,0.483574,1.14566,0.707258,0.348758,0.614942,0.558827,-0.808582,-0.18414,0.433011,0.473881,-0.766771
0.654934,0.420106,1.18228,0.707258,0.117403,0.697139,0.558827,-0.696839,-0.449586,0.433011,0.707554,-0.558452
0.654934,0.347941,1.19499,0.707258,-0.128113,0.695251,0.558827,-0.501046,-0.660806,0.433011,0.855885,-0.282776
0.654934,0.275783,1.18224,0.707258,-0.358177,0.609505,0.558827,-0.244821,-0.792322,0.433011,0.900984,0.0270075
0.654934,0.212335,1.14559,0.707258,-0.545039,0.450243,0.558827,0.040934,-0.828273,0.433011,0.837411,0.333533
0.654934,0.165251,1.08944,0.707258,-0.666161,0.236676,0.558827,0.321751,-0.764322,0.433011,0.672834,0.59983
0.654934,0.140209,1.02058,0.707258,-0.706935,-0.00543771,0.558827,0.563761,-0.608182,0.433011,0.427103,0.793779
0.654934,0.14023,0.947304,0.707258,-0.662442,-0.246896,0.558827,0.737773,-0.378687,0.433011,0.129857,0.891986
0.654934,0.16531,0.878456,0.707258,-0.538048,-0.458574,0.558827,0.822798,-0.103516,0.433011,-0.183051,0.882606
0.654934,0.212426,0.822337,0.707258,-0.348758,-0.614942,0.558827,0.808582,0.18414,0.433011,-0.473881,0.766771
0.654934,0.275894,0.785718,0.707258,-0.117403,-0.697139,0.558827,0.696839,0.449586,0.433011,-0.707554,0.558452
