0.658953,0.168258,0.906682,0.308961,-0.158823,0.93772,0.951075,0.0515979,-0.304622,-3.49349e-06,0.985958,0.166994
0.907818,0.173429,0.594742,0.92986,0.32399,-0.174333,-0.179072,0.812476,0.554812,0.321394,-0.484679,0.813506
0.907818,0.305179,0.544067,0.92986,0.364076,-0.0530081,-0.179072,0.573721,0.799236,0.321394,-0.733685,0.598676
0.907818,0.446315,0.54151,0.92986,0.360249,0.07471,-0.179072,0.265766,0.94726,0.321394,-0.894197,0.311636
0.907818,0.579815,0.587377,0.92986,0.312971,0.193417,-0.179072,-0.0742433,0.981031,0.321394,-0.946856,-0.0129913
0.907818,0.689575,0.676139,0.92986,0.227944,0.288795,-0.179072,-0.405298,0.896475,0.321394,-0.885311,-0.336052
0.907818,0.762359,0.797087,0.92986,0.115424,0.34934,-0.179072,-0.687468,0.70379,0.321394,-0.716983,-0.618579
0.907818,0.789385,0.935635,0.92986,-0.0110184,0.36775,-0.179072,-0.886719,0.426219,0.321394,-0.462177,-0.826497
0.907818,0.767396,1.07507,0.92986,-0.136132,0.341803,-0.179072,-0.979019,0.0972388,0.321394,-0.151626,-0.934727
0.907818,0.699043,1.19858,0.92986,-0.244826,0.27463,-0.179072,-0.953234,-0.24347,0.321394,0.177214,-0.930215
0.907818,0.592571,1.29126,0.92986,-0.32399,0.174333,-0.179072,-0.812476,-0.554812,0.321394,0.484679,-0.813506
0.907818,0.460821,1.34193,0.92986,-0.364076,0.0530081,-0.179072,-0.573721,-0.799236,0.321394,0.733685,-0.598676
0.907818,0.319685,1.34449,0.92986,-0.360249,-0.07471,-0.179072,-0.265766,-0.94726,0.321394,0.894197,-0.311636
0.907818,0.186185,1.29862,0.92986,-0.312971,-0.193417,-0.179072,0.0742433,-0.981031,0.321394,0.946856,0.0129913
0.907818,0.0764247,1.20986,0.92986,-0.227944,-0.288795,-0.179072,0.405298,-0.896475,0.321394,0.885311,0.336052
0.907818,0.00364147,1.08891,0.92986,-0.115424,-0.34934,-0.179072,0.687468,-0.70379,0.321394,0.716983,0.618579
0.907818,-0.0233855,0.950365,0.92986,0.0110184,-0.36775,-0.179072,0.886719,-0.426219,0.321394,0.462177,0.826497
0.907818,-0.00139633,0.810929,0.92986,0.136132,-0.341803,-0.179072,0.979019,-0.0972388,0.321394,0.151626,0.934727
0.907818,0.0669567,0.687422,0.92986,0.244826,-0.27463,-0.179072,0.953234,0.24347,0.321394,-0.177214,0.930215
0.907818,0.173429,0.594742,0.92986,0.32399,-0.174333,-0.179072,0.812476,0.554812,0.321394,-0.484679,0.813506
0.809114,0.163916,0.650908,0.796489,0.374823,-0.47446,-0.0275851,0.806391,0.590739,0.604023,-0.45743,0.652621
0.809114,0.27703,0.593592,0.796489,0.514493,-0.31765,-0.0275851,0.555715,0.830915,0.604023,-0.653053,0.456813
0.809114,0.402925,0.57842,0.796489,0.592108,-0.122526,-0.0275851,0.238011,0.970871,0.604023,-0.769908,0.205907
0.809114,0.526417,0.607222,0.796489,0.598306,0.0873759,-0.0275851,-0.1084,0.993725,0.604023,-0.793901,-0.0698352
0.809114,0.632611,0.676523,0.796489,0.532339,0.286739,-0.0275851,-0.441737,0.896721,0.604023,-0.722138,-0.337154
0.809114,0.708698,0.777966,0.796489,0.402165,0.451517,-0.0275851,-0.721793,0.691559,0.604023,-0.563275,-0.563807
0.809114,0.745501,0.899314,0.796489,0.223483,0.561836,-0.0275851,-0.914791,0.402985,0.604023,-0.336472,-0.722456
0.809114,0.738581,1.02593,0.796489,0.0178463,0.604389,-0.0275851,-0.997451,0.0658053,0.604023,-0.0690853,-0.793967
0.809114,0.688773,1.14255,0.796489,-0.189943,0.574044,-0.0275851,-0.959804,-0.279312,0.604023,0.206634,-0.769713
0.809114,0.602084,1.23509,0.796489,-0.374823,0.47446,-0.0275851,-0.806391,-0.590739,0.604023,0.45743,-0.652621
0.809114,0.48897,1.29241,0.796489,-0.514493,0.31765,-0.0275851,-0.555715,-0.830915,0.604023,0.653053,-0.456813
0.809114,0.363075,1.30758,0.796489,-0.592108,0.122526,-0.0275851,-0.238011,-0.970871,0.604023,0.769908,-0.205907
0.809114,0.239583,1.27878,0.796489,-0.598306,-0.0873759,-0.0275851,0.1084,-0.993725,0.604023,0.793901,0.0698352
0.809114,0.133389,1.20948,0.796489,-0.532339,-0.286739,-0.0275851,0.441737,-0.896721,0.604023,0.722138,0.337154
0.809114,0.0573021,1.10803,0.796489,-0.402165,-0.451517,-0.0275851,0.721793,-0.691559,0.604023,0.563275,0.563807
0.809114,0.0204991,0.986686,0.796489,-0.223483,-0.561836,-0.0275851,0.914791,-0.402985,0.604023,0.336472,0.722456
0.809114,0.0274191,0.860069,0.796489,-0.0178463,-0.604389,-0.0275851,0.997451,-0.0658053,0.604023,0.0690853,0.793967
0.809114,0.0772273,0.743454,0.796489,0.189943,-0.574044,-0.0275851,0.959804,0.279312,0.604023,-0.206634,0.769713
0.809114,0.163916,0.650908,0.796489,0.374823,-0.47446,-0.0275851,0.806391,0.590739,0.604023,-0.45743,0.652621
0.735846,0.14934,0.736971,0.567051,0.414973,-0.711513,0.127229,0.809325,0.573416,0.813797,-0.415682,0.406132
0.735846,0.233897,0.66948,0.567051,0.633299,-0.526675,0.127229,0.564397,0.81564,0.813797,-0.529518,0.239468
0.735846,0.336439,0.634979,0.567051,0.775239,-0.278311,0.127229,0.251394,0.959486,0.813797,-0.579487,0.04392
0.735846,0.444596,0.63763,0.567051,0.823675,0.00362032,0.127229,-0.0919306,0.987604,0.813797,-0.559561,-0.156925
0.735846,0.545324,0.677113,0.567051,0.772763,0.285115,0.127229,-0.424167,0.896602,0.813797,-0.472144,-0.338842
0.735846,0.626473,0.748666,0.567051,0.628644,0.532221,0.127229,-0.705242,0.697457,0.813797,-0.327779,-0.47989
0.735846,0.678256,0.843659,0.567051,0.408702,0.715133,0.127229,-0.901255,0.414188,0.813797,-0.14388,-0.563057
0.735846,0.694427,0.950633,0.567051,0.139464,0.81179,0.127229,-0.988564,0.0809616,0.813797,0.0573741,-0.57831
0.735846,0.673035,1.05669,0.567051,-0.146595,0.810533,0.127229,-0.956636,-0.26203,0.813797,0.251708,-0.52381
0.735846,0.61666,1.14903,0.567051,-0.414973,0.711513,0.127229,-0.809325,-0.573416,0.813797,0.415682,-0.406132
0.735846,0.532103,1.21652,0.567051,-0.633299,0.526675,0.127229,-0.564397,-0.81564,0.813797,0.529518,-0.239468
0.735846,0.429561,1.25102,0.567051,-0.775239,0.278311,0.127229,-0.251394,-0.959486,0.813797,0.579487,-0.04392
0.735846,0.321404,1.24837,0.567051,-0.823675,-0.00362032,0.127229,0.0919306,-0.987604,0.813797,0.559561,0.156925
0.735846,0.220676,1.20889,0.567051,-0.772763,-0.285115,0.127229,0.424167,-0.896602,0.813797,0.472144,0.338842
0.735846,0.139527,1.13733,0.567051,-0.628644,-0.532221,0.127229,0.705242,-0.697457,0.813797,0.327779,0.47989
0.735846,0.0877436,1.04234,0.567051,-0.408702,-0.715133,0.127229,0.901255,-0.414188,0.813797,0.14388,0.563057
0.735846,0.071573,0.935367,0.567051,-0.139464,-0.81179,0.127229,0.988564,-0.0809616,0.813797,-0.0573741,0.57831
0.735846,0.0929651,0.829313,0.567051,0.146595,-0.810533,0.127229,0.956636,0.26203,0.813797,-0.251708,0.52381
0.735846,0.14934,0.736971,0.567051,0.414973,-0.711513,0.127229,0.809325,0.573416,0.813797,-0.415682,0.406132
0.696852,0.131457,0.842551,0.269218,0.439597,-0.856899,0.266698,0.820924,0.504932,0.925416,-0.36447,0.103768
0.696852,0.180983,0.762576,0.269218,0.706163,-0.654871,0.266698,0.59872,0.755253,0.925416,-0.37798,-0.0271461
0.696852,0.254875,0.704363,0.269218,0.887555,-0.373855,0.266698,0.304301,0.91448,0.925416,-0.345901,-0.154786
0.696852,0.34422,0.674933,0.269218,0.961895,-0.0477476,0.266698,-0.0268215,0.963407,0.925416,-0.2721,-0.263756
0.696852,0.438243,0.677836,0.269218,0.920216,0.284119,0.266698,-0.354709,0.896133,0.925416,-0.165481,-0.340914
0.696852,0.525603,0.712722,0.269218,0.767546,0.581717,0.266698,-0.639812,0.720772,0.925416,-0.0389018,-0.376952
0.696852,0.595762,0.775382,0.269218,0.522298,0.809152,0.266698,-0.847746,0.458475,0.925416,0.0923693,-0.367524
0.696852,0.64026,0.85826,0.269218,0.214053,0.93899,0.266698,-0.953428,0.14088,0.925416,0.212499,-0.313767
0.696852,0.653728,0.951358,0.269218,-0.120009,0.955573,0.266698,-0.944113,-0.193708,0.925416,0.306999,-0.222166
0.696852,0.634543,1.04345,0.269218,-0.439597,0.856899,0.266698,-0.820924,-0.504932,0.925416,0.36447,-0.103768
0.696852,0.585017,1.12342,0.269218,-0.706163,0.654871,0.266698,-0.59872,-0.755253,0.925416,0.37798,0.0271461
0.696852,0.511125,1.18164,0.269218,-0.887555,0.373855,0.266698,-0.304301,-0.91448,0.925416,0.345901,0.154786
0.696852,0.42178,1.21107,0.269218,-0.961895,0.0477476,0.266698,0.0268215,-0.963407,0.925416,0.2721,0.263756
0.696852,0.327757,1.20816,0.269218,-0.920216,-0.284119,0.266698,0.354709,-0.896133,0.925416,0.165481,0.340914
0.696852,0.240397,1.17328,0.269218,-0.767546,-0.581717,0.266698,0.639812,-0.720772,0.925416,0.0389018,0.376952
0.696852,0.170238,1.11062,0.269218,-0.522298,-0.809152,0.266698,0.847746,-0.458475,0.925416,-0.0923693,0.367524
0.696852,0.12574,1.02774,0.269218,-0.214053,-0.93899,0.266698,0.953428,-0.14088,0.925416,-0.212499,0.313767
0.696852,0.112272,0.934642,0.269218,0.120009,-0.955573,0.266698,0.944113,0.193708,0.925416,-0.306999,0.222166
0.696852,0.131457,0.842551,0.269218,0.439597,-0.856899,0.266698,0.820924,0.504932,0.925416,-0.36447,0.103768
0.696834,0.112427,0.954914,-0.061087,0.445725,-0.893083,0.373999,0.83979,0.393546,0.925415,-0.309971,-0.218001
0.696834,0.124669,0.861654,-0.061087,0.724297,-0.686776,0.373999,0.654544,0.657037,0.925415,-0.216717,-0.31087
0.696834,0.168071,0.778205,-0.061087,0.915508,-0.397635,0.373999,0.39035,0.84128,0.925415,-0.0973235,-0.366244
0.696834,0.237396,0.714633,-0.061087,0.996295,-0.060532,0.373999,0.0790741,0.924052,0.925415,0.0338087,-0.377444
0.696834,0.324283,0.678606,-0.061087,0.956914,0.283872,0.373999,-0.241739,0.89537,0.925415,0.160863,-0.343118
0.696834,0.418252,0.674468,-0.061087,0.802116,0.594036,0.373999,-0.533395,0.758693,0.925415,0.268515,-0.267407
0.696834,0.507969,0.70272,-0.061087,0.55057,0.832551,0.373999,-0.760715,0.530506,0.925415,0.34378,-0.159443
0.696834,0.582613,0.759952,-0.061087,0.232617,0.970648,0.373999,-0.896283,0.238333,0.925415,0.37758,-0.0322473
0.696834,0.633181,0.839263,-0.061087,-0.113392,0.991671,0.373999,-0.923745,-0.0825871,0.925415,0.365839,0.0988375
0.696834,0.653573,0.931086,-0.061087,-0.445725,0.893083,0.373999,-0.83979,-0.393546,0.925415,0.309971,0.218001
0.696834,0.641331,1.02435,-0.061087,-0.724297,0.686776,0.373999,-0.654544,-0.657037,0.925415,0.216717,0.31087
0.696834,0.597929,1.10779,-0.061087,-0.915508,0.397635,0.373999,-0.39035,-0.84128,0.925415,0.0973235,0.366244
0.696834,0.528604,1.17137,-0.061087,-0.996295,0.060532,0.373999,-0.0790741,-0.924052,0.925415,-0.0338087,0.377444
0.696834,0.441717,1.20739,-0.061087,-0.956914,-0.283872,0.373999,0.241739,-0.89537,0.925415,-0.160863,0.343118
0.696834,0.347748,1.21153,-0.061087,-0.802116,-0.594036,0.373999,0.533395,-0.758693,0.925415,-0.268515,0.267407
0.696834,0.258031,1.18328,-0.061087,-0.55057,-0.832551,0.373999,0.760715,-0.530506,0.925415,-0.34378,0.159443
0.696834,0.183387,1.12605,-0.061087,-0.232617,-0.970648,0.373999,0.896283,-0.238333,0.925415,-0.37758,0.0322473
0.696834,0.132819,1.04674,-0.061087,0.113392,-0.991671,0.373999,0.923745,0.0825871,0.925415,-0.365839,-0.0988375
0.696834,0.112427,0.954914,-0.061087,0.445725,-0.893083,0.373999,0.83979,0.393546,0.925415,-0.309971,-0.218001
0.735794,0.0945423,1.06051,-0.384024,0.432619,-0.8157,0.43619,0.863646,0.252694,0.813796,-0.25876,-0.520365
0.735794,0.0717491,0.954761,-0.384024,0.685515,-0.618543,0.43619,0.725135,0.532839,0.813796,-0.0651794,-0.577484
0.735794,0.0864973,0.847598,-0.384024,0.855727,-0.34678,0.43619,0.499163,0.748715,0.813796,0.136263,-0.56495
0.735794,0.137008,0.751941,-0.384024,0.922726,-0.033191,0.43619,0.212984,0.874286,0.813796,0.321269,-0.484275
0.735794,0.217189,0.679329,-0.384024,0.878431,0.284402,0.43619,-0.0988842,0.894405,0.813796,0.467526,-0.345189
0.735794,0.31737,0.63852,-0.384024,0.728184,0.567691,0.43619,-0.398825,0.806645,0.813796,0.557392,-0.164468
0.735794,0.425466,0.634435,-0.384024,0.490107,0.782509,0.43619,-0.650662,0.621592,0.813796,0.580029,0.0360898
0.735794,0.52844,0.667568,-0.384024,0.192917,0.902945,0.43619,-0.82402,0.361566,0.813796,0.532705,0.232295
0.735794,0.613872,0.733922,-0.384024,-0.127543,0.914472,0.43619,-0.897988,0.0579299,0.813796,0.42113,0.400482
0.735794,0.671458,0.825494,-0.384024,-0.432619,0.8157,0.43619,-0.863646,-0.252694,0.813796,0.25876,0.520365
0.735794,0.694251,0.931239,-0.384024,-0.685515,0.618543,0.43619,-0.725135,-0.532839,0.813796,0.0651794,0.577484
0.735794,0.679503,1.0384,-0.384024,-0.855727,0.34678,0.43619,-0.499163,-0.748715,0.813796,-0.136263,0.56495
0.735794,0.628992,1.13406,-0.384024,-0.922726,0.033191,0.43619,-0.212984,-0.874286,0.813796,-0.321269,0.484275
0.735794,0.548811,1.20667,-0.384024,-0.878431,-0.284402,0.43619,0.0988842,-0.894405,0.813796,-0.467526,0.345189
0.735794,0.44863,1.24748,-0.384024,-0.728184,-0.567691,0.43619,0.398825,-0.806645,0.813796,-0.557392,0.164468
0.735794,0.340534,1.25156,-0.384024,-0.490107,-0.782509,0.43619,0.650662,-0.621592,0.813796,-0.580029,-0.0360898
0.735794,0.23756,1.21843,-0.384024,-0.192917,-0.902945,0.43619,0.82402,-0.361566,0.813796,-0.532705,-0.232295
0.735794,0.152128,1.15208,-0.384024,0.127543,-0.914472,0.43619,0.897988,-0.0579299,0.813796,-0.42113,-0.400482
0.735794,0.0945423,1.06051,-0.384024,0.432619,-0.8157,0.43619,0.863646,0.252694,0.813796,-0.25876,-0.520365
0.809034,0.0799618,1.14659,-0.660642,0.401858,-0.634084,0.44577,0.889616,0.0993641,0.604021,-0.217012,-0.766854
0.809034,0.0286047,1.03067,-0.660642,0.594493,-0.4584,0.44577,0.801981,0.397638,0.604021,0.0583552,-0.794829
0.809034,0.019993,0.904171,-0.660642,0.715423,-0.227427,0.44577,0.617615,0.647951,0.604021,0.326683,-0.726936
0.809034,0.0551652,0.782357,-0.660642,0.750062,0.0309776,0.44577,0.358756,0.820112,0.604021,0.555609,-0.571364
0.809034,0.129879,0.679919,-0.660642,0.694233,0.285646,0.44577,0.0566256,0.893355,0.604021,0.71752,-0.346877
0.809034,0.235123,0.609212,-0.660642,0.554669,0.505861,0.44577,-0.252335,0.858846,0.604021,0.792887,-0.0805519
0.809034,0.358203,0.578765,-0.660642,0.348204,0.665061,0.44577,-0.53086,0.720748,0.604021,0.77262,0.195489
0.809034,0.484274,0.59225,-0.660642,0.0997399,0.744046,0.44577,-0.745355,0.495717,0.604021,0.659165,0.447952
0.809034,0.59813,0.648041,-0.660642,-0.160754,0.733288,0.44577,-0.86995,0.210895,0.604021,0.466204,0.646384
0.809034,0.686038,0.739408,-0.660642,-0.401858,0.634084,0.44577,-0.889616,-0.0993641,0.604021,0.217012,0.766854
0.809034,0.737395,0.855331,-0.660642,-0.594493,0.4584,0.44577,-0.801981,-0.397638,0.604021,-0.0583552,0.794829
0.809034,0.746007,0.981829,-0.660642,-0.715423,0.227427,0.44577,-0.617615,-0.647951,0.604021,-0.326683,0.726936
0.809034,0.710835,1.10364,-0.660642,-0.750062,-0.0309776,0.44577,-0.358756,-0.820112,0.604021,-0.555609,0.571364
0.809034,0.636121,1.20608,-0.660642,-0.694233,-0.285646,0.44577,-0.0566256,-0.893355,0.604021,-0.71752,0.346877
0.809034,0.530877,1.27679,-0.660642,-0.554669,-0.505861,0.44577,0.252335,-0.858846,0.604021,-0.792887,0.0805519
0.809034,0.407797,1.30723,-0.660642,-0.348204,-0.665061,0.44577,0.53086,-0.720748,0.604021,-0.77262,-0.195489
0.809034,0.281726,1.29375,-0.660642,-0.0997399,-0.744046,0.44577,0.745355,-0.495717,0.604021,-0.659165,-0.447952
0.809034,0.16787,1.23796,-0.660642,0.160754,-0.733288,0.44577,0.86995,-0.210895,0.604021,-0.466204,-0.646384
0.809034,0.0799618,1.14659,-0.660642,0.401858,-0.634084,0.44577,0.889616,0.0993641,0.604021,-0.217012,-0.766854
0.90772,0.0704437,1.20279,-0.857576,0.357154,-0.37014,0.401584,0.914566,-0.0479493,0.321392,-0.189762,-0.927738
0.90772,0.000440266,1.08022,-0.857576,0.46221,-0.225664,0.401584,0.875811,0.267742,0.321392,0.138987,-0.936691
0.90772,-0.0234208,0.941102,-0.857576,0.511517,-0.0539696,0.401584,0.73142,0.551141,0.321392,0.450972,-0.832665
0.90772,0.00173849,0.802212,-0.857576,0.499128,0.124234,0.401584,0.498808,0.768063,0.321392,0.708563,-0.628208
0.90772,0.0728835,0.680304,-0.857576,0.426536,0.287454,0.401584,0.206034,0.892346,0.321392,0.880691,-0.347979
0.90772,0.181433,0.59008,-0.857576,0.302498,0.416002,0.401584,-0.111592,0.908998,0.321392,0.946595,-0.0257796
0.90772,0.314295,0.542424,-0.857576,0.141974,0.494374,0.401584,-0.415758,0.816012,0.321392,0.898326,0.29953
0.90772,0.455443,0.543083,-0.857576,-0.0356743,0.513118,0.401584,-0.669777,0.624603,0.321392,0.741705,0.588711
0.90772,0.587854,0.591978,-0.857576,-0.20902,0.469972,0.401584,-0.843011,0.357858,0.321392,0.495623,0.806886
0.90772,0.695556,0.683212,-0.857576,-0.357154,0.37014,0.401584,-0.914566,0.0479493,0.321392,0.189762,0.927738
0.90772,0.76556,0.805779,-0.857576,-0.46221,0.225664,0.401584,-0.875811,-0.267742,0.321392,-0.138987,0.936691
0.90772,0.789421,0.944898,-0.857576,-0.511517,0.0539696,0.401584,-0.73142,-0.551141,0.321392,-0.450972,0.832665
0.90772,0.764262,1.08379,-0.857576,-0.499128,-0.124234,0.401584,-0.498808,-0.768063,0.321392,-0.708563,0.628208
0.90772,0.693116,1.2057,-0.857576,-0.426536,-0.287454,0.401584,-0.206034,-0.892346,0.321392,-0.880691,0.347979
0.90772,0.584567,1.29592,-0.857576,-0.302498,-0.416002,0.401584,0.111592,-0.908998,0.321392,-0.946595,0.0257796
0.90772,0.451705,1.34358,-0.857576,-0.141974,-0.494374,0.401584,0.415758,-0.816012,0.321392,-0.898326,-0.29953
0.90772,0.310557,1.34292,-0.857576,0.0356743,-0.513118,0.401584,0.669777,-0.624603,0.321392,-0.741705,-0.588711
0.90772,0.178146,1.29402,-0.857576,0.20902,-0.469972,0.401584,0.843011,-0.357858,0.321392,-0.495623,-0.806886
0.90772,0.0704437,1.20279,-0.857576,0.357154,-0.37014,0.401584,0.914566,-0.0479493,0.321392,-0.189762,-0.927738
0.883612,0.310934,0.55058,0.961642,0.256511,-0.0971969,-0.0812368,0.604754,0.792259,0.262003,-0.753973,0.602394
0.883612,0.449496,0.549598,0.961642,0.274284,-0.00360336,-0.0812368,0.297314,0.951317,0.262003,-0.914534,0.308192
0.883612,0.580037,0.596066,0.961642,0.258976,0.0904248,-0.0812368,-0.0459859,0.995633,0.262003,-0.964789,-0.0231837
0.883612,0.686813,0.68438,0.961642,0.21243,0.173546,-0.0812368,-0.383739,0.919861,0.262003,-0.898675,-0.351763
0.883612,0.756944,0.803886,0.961642,0.140263,0.235736,-0.0812368,-0.675208,0.73314,0.262003,-0.724169,-0.637914
0.883612,0.781972,0.940172,0.961642,0.0511776,0.269492,-0.0812368,-0.885237,0.457992,0.262003,-0.462317,-0.847123
0.883612,0.758878,1.0768,0.961642,-0.0440804,0.270743,-0.0812368,-0.988493,0.127603,0.262003,-0.144702,-0.954157
0.883612,0.690448,1.19729,0.961642,-0.134022,0.239339,-0.0812368,-0.972522,-0.218177,0.262003,0.190365,-0.946105
0.883612,0.584935,1.28711,0.961642,-0.207798,0.179067,-0.0812368,-0.839251,-0.537642,0.262003,0.502472,-0.82394
0.883612,0.455066,1.33542,0.961642,-0.256511,0.0971969,-0.0812368,-0.604754,-0.792259,0.262003,0.753973,-0.602394
0.883612,0.316504,1.3364,0.961642,-0.274284,0.00360336,-0.0812368,-0.297314,-0.951317,0.262003,0.914534,-0.308192
0.883612,0.185963,1.28993,0.961642,-0.258976,-0.0904248,-0.0812368,0.0459859,-0.995633,0.262003,0.964789,0.0231837
0.883612,0.0791874,1.20162,0.961642,-0.21243,-0.173546,-0.0812368,0.383739,-0.919861,0.262003,0.898675,0.351763
0.883612,0.00905614,1.08211,0.961642,-0.140263,-0.235736,-0.0812368,0.675208,-0.73314,0.262003,0.724169,0.637914
0.883612,-0.015972,0.945828,0.961642,-0.0511776,-0.269492,-0.0812368,0.885237,-0.457992,0.262003,0.462317,0.847123
0.883612,0.00712187,0.809201,0.961642,0.0440804,-0.270743,-0.0812368,0.988493,-0.127603,0.262003,0.144702,0.954157
0.883612,0.0755521,0.688712,0.961642,0.134022,-0.239339,-0.0812368,0.972522,0.218177,0.262003,-0.190365,0.946105
0.883612,0.181065,0.598894,0.961642,0.207798,-0.179067,-0.0812368,0.839251,0.537642,0.262003,-0.502472,0.82394
0.883612,0.310934,0.55058,0.961642,0.256511,-0.0971969,-0.0812368,0.604754,0.792259,0.262003,-0.753973,0.602394
0.763622,0.299369,0.618863,0.856221,0.310038,-0.413234,0.156285,0.606963,0.779211,0.492403,-0.731759,0.47124
0.763622,0.415274,0.609808,0.856221,0.432675,-0.282274,0.156285,0.303853,0.939813,0.492403,-0.848802,0.192544
0.763622,0.527286,0.64094,0.856221,0.503125,-0.117267,0.156285,-0.0359065,0.987059,0.492403,-0.863467,-0.109375
0.763622,0.621896,0.708505,0.856221,0.51289,0.061884,0.156285,-0.371335,0.915251,0.492403,-0.773986,-0.398102
0.763622,0.68769,0.804354,0.856221,0.460794,0.233571,0.156285,-0.661975,0.733051,0.492403,-0.59115,-0.638812
0.763622,0.716735,0.916926,0.856221,0.353119,0.377085,0.156285,-0.872771,0.462434,0.492403,-0.337012,-0.802472
0.763622,0.705526,1.03264,0.856221,0.202852,0.475118,0.156285,-0.978299,0.13604,0.492403,-0.0422263,-0.869342
0.763622,0.655416,1.13755,0.856221,0.0281187,0.515844,0.156285,-0.965828,-0.206762,0.492403,0.257653,-0.831357
0.763622,0.572448,1.21899,0.856221,-0.150006,0.494352,0.156285,-0.836865,-0.524625,0.492403,0.526455,-0.693097
0.763622,0.466631,1.26714,0.856221,-0.310038,0.413234,0.156285,-0.606963,-0.779211,0.492403,0.731759,-0.47124
0.763622,0.350726,1.27619,0.856221,-0.432675,0.282274,0.156285,-0.303853,-0.939813,0.492403,0.848802,-0.192544
0.763622,0.238714,1.24506,0.856221,-0.503125,0.117267,0.156285,0.0359065,-0.987059,0.492403,0.863467,0.109375
0.763622,0.144104,1.17749,0.856221,-0.51289,-0.061884,0.156285,0.371335,-0.915251,0.492403,0.773986,0.398102
0.763622,0.0783097,1.08165,0.856221,-0.460794,-0.233571,0.156285,0.661975,-0.733051,0.492403,0.59115,0.638812
0.763622,0.0492651,0.969074,0.856221,-0.353119,-0.377085,0.156285,0.872771,-0.462434,0.492403,0.337012,0.802472
0.763622,0.0604738,0.853358,0.856221,-0.202852,-0.475118,0.156285,0.978299,-0.13604,0.492403,0.0422263,0.869342
0.763622,0.110584,0.748453,0.856221,-0.0281187,-0.515844,0.156285,0.965828,0.206762,0.492403,-0.257653,0.831357
0.763622,0.193552,0.667014,0.856221,0.150006,-0.494352,0.156285,0.836865,0.524625,0.492403,-0.526455,0.693097
0.763622,0.299369,0.618863,0.856221,0.310038,-0.413234,0.156285,0.606963,0.779211,0.492403,-0.731759,0.47124
0.674556,0.281649,0.72349,0.647527,0.354317,-0.674662,0.374957,0.622606,0.686854,0.663413,-0.697726,0.2703
0.674556,0.362837,0.702064,0.647527,0.563697,-0.512792,0.374957,0.35014,0.858376,0.663413,-0.748096,0.0153629
0.674556,0.446458,0.709698,0.647527,0.705087,-0.289071,0.374957,0.0354425,0.926364,0.663413,-0.708235,-0.241427
0.674556,0.522425,0.745472,0.647527,0.761433,-0.0304838,0.374957,-0.28353,0.88262,0.663413,-0.58295,-0.469098
0.674556,0.581575,0.805071,0.647527,0.725939,0.23178,0.374957,-0.568305,0.732418,0.663413,-0.387353,-0.640189
0.674556,0.616774,0.881306,0.647527,0.602886,0.466088,0.374957,-0.784534,0.493876,0.663413,-0.145035,-0.734063
0.674556,0.623777,0.964982,0.647527,0.407116,0.644178,0.374957,-0.906136,0.195766,0.663413,0.114776,-0.739399
0.674556,0.601738,1.04601,0.647527,0.162242,0.744572,0.374957,-0.918445,-0.125957,0.663413,0.360743,-0.655552
0.674556,0.553316,1.11461,0.647527,-0.102201,0.755158,0.374957,-0.819976,-0.432488,0.663413,0.5632,-0.492636
0.674556,0.484351,1.16251,0.647527,-0.354317,0.674662,0.374957,-0.622606,-0.686854,0.663413,0.697726,-0.2703
0.674556,0.403163,1.18394,0.647527,-0.563697,0.512792,0.374957,-0.35014,-0.858376,0.663413,0.748096,-0.0153629
0.674556,0.319542,1.1763,0.647527,-0.705087,0.289071,0.374957,-0.0354425,-0.926364,0.663413,0.708235,0.241427
0.674556,0.243575,1.14053,0.647527,-0.761433,0.0304838,0.374957,0.28353,-0.88262,0.663413,0.58295,0.469098
0.674556,0.184425,1.08093,0.647527,-0.725939,-0.23178,0.374957,0.568305,-0.732418,0.663413,0.387353,0.640189
0.674556,0.149226,1.00469,0.647527,-0.602886,-0.466088,0.374957,0.784534,-0.493876,0.663413,0.145035,0.734063
0.674556,0.142223,0.921018,0.647527,-0.407116,-0.644178,0.374957,0.906136,-0.195766,0.663413,-0.114776,0.739399
0.674556,0.164262,0.839993,0.647527,-0.162242,-0.744572,0.374957,0.918445,0.125957,0.663413,-0.360743,0.655552
0.674556,0.212684,0.771393,0.647527,0.102201,-0.755158,0.374957,0.819976,0.432488,0.663413,-0.5632,0.492636
0.674556,0.281649,0.72349,0.647527,0.354317,-0.674662,0.374957,0.622606,0.686854,0.663413,-0.697726,0.2703
0.627155,0.259909,0.851843,0.360731,0.384005,-0.849949,0.548404,0.649795,0.526327,0.754404,-0.655978,0.0238114
0.627155,0.29851,0.815241,0.360731,0.651546,-0.667353,0.548404,0.430593,0.716828,0.754404,-0.624561,-0.201982
0.627155,0.347302,0.794048,0.360731,0.840502,-0.404265,0.548404,0.159455,0.82087,0.754404,-0.517814,-0.403414
0.627155,0.400399,0.790822,0.360731,0.92808,-0.0924162,0.548404,-0.130915,0.825902,0.754404,-0.34861,-0.556188
0.627155,0.451398,0.80595,0.360731,0.903718,0.230579,0.548404,-0.405495,0.731319,0.754404,-0.137359,-0.641877
0.627155,0.494147,0.837609,0.360731,0.770354,0.525763,0.548404,-0.631167,0.548527,0.754404,0.0904597,-0.650147
0.627155,0.52349,0.881979,0.360731,0.544075,0.757533,0.548404,-0.78071,0.299575,0.754404,0.307368,-0.579999
0.627155,0.535888,0.933709,0.360731,0.252172,0.897932,0.548404,-0.836088,0.0144901,0.754404,0.487202,-0.439895
0.627155,0.529845,0.98656,0.360731,-0.0701472,0.930028,0.548404,-0.790622,-0.272343,0.754404,0.608274,-0.246733
0.627155,0.506091,1.03416,0.360731,-0.384005,0.849949,0.548404,-0.649795,-0.526327,0.754404,0.655978,-0.0238114
0.627155,0.46749,1.07076,0.360731,-0.651546,0.667353,0.548404,-0.430593,-0.716828,0.754404,0.624561,0.201982
0.627155,0.418698,1.09195,0.360731,-0.840502,0.404265,0.548404,-0.159455,-0.82087,0.754404,0.517814,0.403414
0.627155,0.365601,1.09518,0.360731,-0.92808,0.0924162,0.548404,0.130915,-0.825902,0.754404,0.34861,0.556188
0.627155,0.314602,1.08005,0.360731,-0.903718,-0.230579,0.548404,0.405495,-0.731319,0.754404,0.137359,0.641877
0.627155,0.271853,1.04839,0.360731,-0.770354,-0.525763,0.548404,0.631167,-0.548527,0.754404,-0.0904597,0.650147
0.627155,0.24251,1.00402,0.360731,-0.544075,-0.757533,0.548404,0.78071,-0.299575,0.754404,-0.307368,0.579999
0.627155,0.230112,0.952291,0.360731,-0.252172,-0.897932,0.548404,0.836088,-0.0144901,0.754404,-0.487202,0.439895
0.627155,0.236155,0.89944,0.360731,0.0701472,-0.930028,0.548404,0.790622,0.272343,0.754404,-0.608274,0.246733
0.627155,0.259909,0.851843,0.360731,0.384005,-0.849949,0.548404,0.649795,0.526327,0.754404,-0.655978,0.0238114
0.627137,0.236774,0.988439,0.0304265,0.395523,-0.917952,0.655705,0.68525,0.316991,0.754404,-0.61155,-0.238496
0.627137,0.230051,0.935686,0.0304265,0.685628,-0.727316,0.655705,0.535507,0.532244,0.754404,-0.493099,-0.433276
0.627137,0.241777,0.883816,0.0304265,0.893036,-0.448955,0.655705,0.321174,0.6833,0.754404,-0.315172,-0.575796
0.627137,0.270536,0.839084,0.0304265,0.992731,-0.116443,0.655705,0.0681024,0.75194,0.754404,-0.0992312,-0.648866
0.627137,0.312859,0.806886,0.0304265,0.972688,0.230113,0.655705,-0.193183,0.729885,0.754404,0.128679,-0.643674
0.627137,0.363643,0.791105,0.0304265,0.835324,0.548915,0.655705,-0.431168,0.619795,0.754404,0.341068,-0.560845
0.627137,0.416762,0.793645,0.0304265,0.597208,0.801509,0.655705,-0.617148,0.434948,0.754404,0.512319,-0.41037
0.627137,0.465808,0.814199,0.0304265,0.28706,0.957429,0.655705,-0.72869,0.197641,0.754404,0.621777,-0.210398
0.627137,0.504867,0.850289,0.0304265,-0.0577119,0.99787,0.655705,-0.752342,-0.0635052,0.754404,0.65624,0.0149508
0.627137,0.529226,0.897561,0.0304265,-0.395523,0.917952,0.655705,-0.68525,-0.316991,0.754404,0.61155,0.238496
0.627137,0.535949,0.950314,0.0304265,-0.685628,0.727316,0.655705,-0.535507,-0.532244,0.754404,0.493099,0.433276
0.627137,0.524223,1.00218,0.0304265,-0.893036,0.448955,0.655705,-0.321174,-0.6833,0.754404,0.315172,0.575796
0.627137,0.495464,1.04692,0.0304265,-0.992731,0.116443,0.655705,-0.0681024,-0.75194,0.754404,0.0992312,0.648866
0.627137,0.453141,1.07911,0.0304265,-0.972688,-0.230113,0.655705,0.193183,-0.729885,0.754404,-0.128679,0.643674
0.627137,0.402357,1.0949,0.0304265,-0.835324,-0.548915,0.655705,0.431168,-0.619795,0.754404,-0.341068,0.560845
0.627137,0.349238,1.09236,0.0304265,-0.597208,-0.801509,0.655705,0.617148,-0.434948,0.754404,-0.512319,0.41037
0.627137,0.300192,1.0718,0.0304265,-0.28706,-0.957429,0.655705,0.72869,-0.197641,0.754404,-0.621777,0.210398
0.627137,0.261133,1.03571,0.0304265,0.0577119,-0.99787,0.655705,0.752342,0.0635052,0.754404,-0.65624,-0.0149508
0.627137,0.236774,0.988439,0.0304265,0.395523,-0.917952,0.655705,0.68525,0.316991,0.754404,-0.61155,-0.238496
0.674504,0.215033,1.1168,-0.303548,0.387481,-0.87047,0.683918,0.724696,0.0840967,0.663411,-0.569802,-0.484985
0.674504,0.165718,1.04887,-0.303548,0.661831,-0.685448,0.683918,0.652229,0.326886,0.663411,-0.369564,-0.650621
0.674504,0.142611,0.968174,-0.303548,0.856355,-0.41775,0.683918,0.501093,0.530247,0.663411,-0.124751,-0.737782
0.674504,0.148498,0.884438,-0.303548,0.947589,-0.0996666,0.683918,0.289518,0.669653,0.663411,0.135108,-0.735956
0.674504,0.18267,0.807765,-0.303548,0.92453,0.230439,0.683918,0.043023,0.728289,0.663411,0.378672,-0.645363
0.674504,0.241004,0.747404,-0.303548,0.78996,0.53275,0.683918,-0.208661,0.699083,0.663411,0.576562,-0.476929
0.674504,0.316465,0.710634,-0.303548,0.560108,0.770803,0.683918,-0.435178,0.585557,0.663411,0.704911,-0.250971
0.674504,0.399952,0.701891,-0.303548,0.2627,0.915886,0.683918,-0.609206,0.401404,0.663411,0.748236,0.0052583
0.674504,0.481393,0.72223,-0.303548,-0.0663947,0.9505,0.683918,-0.709754,0.168835,0.663411,0.701314,0.260853
0.674504,0.550967,0.769197,-0.303548,-0.387481,0.87047,0.683918,-0.724696,-0.0840967,0.663411,0.569802,0.484985
0.674504,0.600282,0.837126,-0.303548,-0.661831,0.685448,0.683918,-0.652229,-0.326886,0.663411,0.369564,0.650621
0.674504,0.623389,0.917826,-0.303548,-0.856355,0.41775,0.683918,-0.501093,-0.530247,0.663411,0.124751,0.737782
0.674504,0.617502,1.00156,-0.303548,-0.947589,0.0996666,0.683918,-0.289518,-0.669653,0.663411,-0.135108,0.735956
0.674504,0.58333,1.07823,-0.303548,-0.92453,-0.230439,0.683918,-0.043023,-0.728289,0.663411,-0.378672,0.645363
0.674504,0.524996,1.1386,-0.303548,-0.78996,-0.53275,0.683918,0.208661,-0.699083,0.663411,-0.576562,0.476929
0.674504,0.449535,1.17537,-0.303548,-0.560108,-0.770803,0.683918,0.435178,-0.585557,0.663411,-0.704911,0.250971
0.674504,0.366048,1.18411,-0.303548,-0.2627,-0.915886,0.683918,0.609206,-0.401404,0.663411,-0.748236,-0.0052583
0.674504,0.284607,1.16377,-0.303548,0.0663947,-0.9505,0.683918,0.709754,-0.168835,0.663411,-0.701314,-0.260853
0.674504,0.215033,1.1168,-0.303548,0.387481,-0.87047,0.683918,0.724696,0.0840967,0.663411,-0.569802,-0.484985
0.763543,0.197308,1.22145,-0.60091,0.360849,-0.713228,0.629641,0.763374,-0.144267,0.492402,-0.535769,-0.685924
0.763543,0.11327,1.14115,-0.60091,0.583025,-0.546798,0.629641,0.766679,0.125523,0.492402,-0.268858,-0.827802
0.763543,0.061765,1.03695,-0.60091,0.734881,-0.314416,0.629641,0.677511,0.380173,0.492402,0.0304808,-0.869834
0.763543,0.049006,0.921413,-0.60091,0.798098,-0.0441101,0.629641,0.506626,0.588968,0.492402,0.326143,-0.806952
0.763543,0.0765316,0.808482,-0.60091,0.765054,0.231516,0.629641,0.274634,0.726725,0.492402,0.582468,-0.646739
0.763543,0.141022,0.711776,-0.60091,0.639732,0.479217,0.629641,0.00951653,0.776828,0.492402,0.768539,-0.40852
0.763543,0.234698,0.642959,-0.60091,0.43725,0.669118,0.629641,-0.256748,0.733235,0.492402,0.861912,-0.121027
0.763543,0.346262,0.610332,-0.60091,0.182028,0.778314,0.629641,-0.492046,0.601202,0.492402,0.851327,0.181063
0.763543,0.462257,0.617829,-0.60091,-0.0951483,0.793633,0.629641,-0.667995,0.396656,0.492402,0.738058,0.461314
0.763543,0.568692,0.664546,-0.60091,-0.360849,0.713228,0.629641,-0.763374,0.144267,0.492402,0.535769,0.685924
0.763543,0.65273,0.74485,-0.60091,-0.583025,0.546798,0.629641,-0.766679,-0.125523,0.492402,0.268858,0.827802
0.763543,0.704235,0.849053,-0.60091,-0.734881,0.314416,0.629641,-0.677511,-0.380173,0.492402,-0.0304808,0.869834
0.763543,0.716994,0.964587,-0.60091,-0.798098,0.0441101,0.629641,-0.506626,-0.588968,0.492402,-0.326143,0.806952
0.763543,0.689468,1.07752,-0.60091,-0.765054,-0.231516,0.629641,-0.274634,-0.726725,0.492402,-0.582468,0.646739
0.763543,0.624978,1.17422,-0.60091,-0.639732,-0.479217,0.629641,-0.00951653,-0.776828,0.492402,-0.768539,0.40852
0.763543,0.531302,1.24304,-0.60091,-0.43725,-0.669118,0.629641,0.256748,-0.733235,0.492402,-0.861912,0.121027
0.763543,0.419738,1.27567,-0.60091,-0.182028,-0.778314,0.629641,0.492046,-0.601202,0.492402,-0.851327,-0.181063
0.763543,0.303743,1.26817,-0.60091,0.0951483,-0.793633,0.629641,0.667995,-0.396656,0.492402,-0.738058,-0.461314
0.763543,0.197308,1.22145,-0.60091,0.360849,-0.713228,0.629641,0.763374,-0.144267,0.492402,-0.535769,-0.685924
0.883514,0.185738,1.28977,-0.825794,0.318839,-0.465194,0.499419,0.79662,-0.340555,0.262001,-0.513555,-0.817078
0.883514,0.0790326,1.20139,-0.825794,0.458716,-0.32809,0.499419,0.865054,-0.0475571,0.262001,-0.203127,-0.943448
0.883514,0.00899054,1.08184,-0.825794,0.543266,-0.151414,0.499419,0.82915,0.251177,0.262001,0.131801,-0.956025
0.883514,-0.0159404,0.945549,-0.825794,0.56229,0.0435253,0.499419,0.693239,0.519615,0.262001,0.450833,-0.853291
0.883514,0.00724673,0.80895,-0.825794,0.513493,0.233215,0.499419,0.473713,0.72538,0.262001,0.715487,-0.647637
0.883514,0.0757553,0.688519,-0.825794,0.402761,0.394775,0.499419,0.19705,0.843654,0.262001,0.893843,-0.363869
0.883514,0.181322,0.598782,-0.825794,0.243451,0.50872,0.499419,-0.103381,0.86017,0.262001,0.964388,-0.036213
0.883514,0.311214,0.550563,-0.825794,0.0547765,0.561305,0.499419,-0.391341,0.772937,0.262001,0.918614,0.295811
0.883514,0.449765,0.549678,-0.825794,-0.140505,0.546189,0.499419,-0.632101,0.592477,0.262001,0.762041,0.592156
0.883514,0.580262,0.596233,-0.825794,-0.318839,0.465194,0.499419,-0.79662,0.340555,0.262001,0.513555,0.817078
0.883514,0.686967,0.684613,-0.825794,-0.458716,0.32809,0.499419,-0.865054,0.0475571,0.262001,0.203127,0.943448
0.883514,0.757009,0.804159,-0.825794,-0.543266,0.151414,0.499419,-0.82915,-0.251177,0.262001,-0.131801,0.956025
0.883514,0.78194,0.940451,-0.825794,-0.56229,-0.0435253,0.499419,-0.693239,-0.519615,0.262001,-0.450833,0.853291
0.883514,0.758753,1.07705,-0.825794,-0.513493,-0.233215,0.499419,-0.473713,-0.72538,0.262001,-0.715487,0.647637
0.883514,0.690245,1.19748,-0.825794,-0.402761,-0.394775,0.499419,-0.19705,-0.843654,0.262001,-0.893843,0.363869
0.883514,0.584678,1.28722,-0.825794,-0.243451,-0.50872,0.499419,0.103381,-0.86017,0.262001,-0.964388,0.036213
0.883514,0.454786,1.33544,-0.825794,-0.0547765,-0.561305,0.499419,0.391341,-0.772937,0.262001,-0.918614,-0.295811
0.883514,0.316235,1.33632,-0.825794,0.140505,-0.546189,0.499419,0.632101,-0.592477,0.262001,-0.762041,-0.592156
0.883514,0.185738,1.28977,-0.825794,0.318839,-0.465194,0.499419,0.79662,-0.340555,0.262001,-0.513555,-0.817078
0.875863,0.457132,0.553748,0.985232,0.164644,-0.0470211,-0.00862081,0.321961,0.946714,0.17101,-0.932327,0.318625
0.875863,0.585794,0.602577,0.985232,0.170797,0.0121263,-0.00862081,-0.0212511,0.999737,0.17101,-0.985077,-0.0194648
0.875863,0.689995,0.692467,0.985232,0.15635,0.0698111,-0.00862081,-0.3619,0.932177,0.17101,-0.919012,-0.355207
0.875863,0.757168,0.812574,0.985232,0.123044,0.119076,-0.00862081,-0.658898,0.752183,0.17101,-0.742101,-0.648106
0.875863,0.779211,0.948413,0.985232,0.074897,0.153978,-0.00862081,-0.876423,0.481465,0.17101,-0.475681,-0.862834
0.875863,0.753465,1.0836,0.985232,0.0177166,0.170308,-0.00862081,-0.988239,0.152674,0.17101,-0.151888,-0.973491
0.875863,0.683036,1.20183,0.985232,-0.0416007,0.166097,-0.00862081,-0.980859,-0.194531,0.17101,0.190226,-0.966731
0.875863,0.576418,1.28884,0.985232,-0.0959004,0.141852,-0.00862081,-0.855172,-0.518272,0.17101,0.509396,-0.843369
0.875863,0.44647,1.33413,0.985232,-0.138633,0.100497,-0.00862081,-0.626339,-0.779503,0.17101,0.767125,-0.618284
0.875863,0.308868,1.33225,0.985232,-0.164644,0.0470211,-0.00862081,-0.321961,-0.946714,0.17101,0.932327,-0.318625
0.875863,0.180206,1.28342,0.985232,-0.170797,-0.0121263,-0.00862081,0.0212511,-0.999737,0.17101,0.985077,0.0194648
0.875863,0.076005,1.19353,0.985232,-0.15635,-0.0698111,-0.00862081,0.3619,-0.932177,0.17101,0.919012,0.355207
0.875863,0.00883168,1.07343,0.985232,-0.123044,-0.119076,-0.00862081,0.658898,-0.752183,0.17101,0.742101,0.648106
0.875863,-0.0132114,0.937587,0.985232,-0.074897,-0.153978,-0.00862081,0.876423,-0.481465,0.17101,0.475681,0.862834
0.875863,0.0125345,0.802401,0.985232,-0.0177166,-0.170308,-0.00862081,0.988239,-0.152674,0.17101,0.151888,0.973491
0.875863,0.082964,0.684173,0.985232,0.0416007,-0.166097,-0.00862081,0.980859,0.194531,0.17101,-0.190226,0.966731
0.875863,0.189582,0.597164,0.985232,0.0959004,-0.141852,-0.00862081,0.855172,0.518272,0.17101,-0.509396,0.843369
0.875863,0.31953,0.551868,0.985232,0.138633,-0.100497,-0.00862081,0.626339,0.779503,0.17101,-0.767125,0.618284
0.875863,0.457132,0.553748,0.985232,0.164644,-0.0470211,-0.00862081,0.321961,0.946714,0.17101,-0.932327,0.318625
0.749059,0.44491,0.62591,0.900555,0.220172,-0.374867,0.292759,0.330327,0.897316,0.321393,-0.917828,0.23302
0.749059,0.549628,0.666207,0.900555,0.335106,-0.276956,0.292759,0.00350588,0.95618,0.321393,-0.942174,-0.094948
0.749059,0.634248,0.73989,0.900555,0.409621,-0.145641,0.292759,-0.323738,0.899714,0.321393,-0.85288,-0.411464
0.749059,0.688563,0.838071,0.900555,0.43473,0.00324111,0.292759,-0.611935,0.73473,0.321393,-0.660716,-0.678352
0.749059,0.706023,0.948908,0.900555,0.407404,0.151732,0.292759,-0.826323,0.481126,0.321393,-0.38886,-0.863421
0.749059,0.684522,1.05903,0.900555,0.330939,0.281922,0.292759,-0.941045,0.169492,0.321393,-0.0701012,-0.944348
0.749059,0.626653,1.15516,0.900555,0.214558,0.378108,0.292759,-0.942262,-0.162586,0.321393,0.257112,-0.911373
0.749059,0.539396,1.2257,0.900555,0.0722983,0.428689,0.292759,-0.829829,-0.475054,0.321393,0.553314,-0.768472
0.749059,0.433275,1.26214,0.900555,-0.078682,0.427563,0.292759,-0.617306,-0.730223,0.321393,0.782778,-0.532883
0.749059,0.32109,1.26009,0.900555,-0.220172,0.374867,0.292759,-0.330327,-0.897316,0.321393,0.917828,-0.23302
0.749059,0.216372,1.21979,0.900555,-0.335106,0.276956,0.292759,-0.00350588,-0.95618,0.321393,0.942174,0.094948
0.749059,0.131752,1.14611,0.900555,-0.409621,0.145641,0.292759,0.323738,-0.899714,0.321393,0.85288,0.411464
0.749059,0.0774367,1.04793,0.900555,-0.43473,-0.00324111,0.292759,0.611935,-0.73473,0.321393,0.660716,0.678352
0.749059,0.0599765,0.937092,0.900555,-0.407404,-0.151732,0.292759,0.826323,-0.481126,0.321393,0.38886,0.863421
0.749059,0.0814777,0.826968,0.900555,-0.330939,-0.281922,0.292759,0.941045,-0.169492,0.321393,0.0701012,0.944348
0.749059,0.139347,0.730839,0.900555,-0.214558,-0.378108,0.292759,0.942262,0.162586,0.321393,-0.257112,0.911373
0.749059,0.226604,0.6603,0.900555,-0.0722983,-0.428689,0.292759,0.829829,0.475054,0.321393,-0.553314,0.768472
0.749059,0.332725,0.623858,0.900555,0.078682,-0.427563,0.292759,0.617306,0.730223,0.321393,-0.782778,0.532883
0.749059,0.44491,0.62591,0.900555,0.220172,-0.374867,0.292759,0.330327,0.897316,0.321393,-0.917828,0.23302
0.654934,0.426183,0.73648,0.707258,0.267515,-0.654387,0.558827,0.355402,0.749267,0.433011,-0.895614,0.101867
0.654934,0.494212,0.763704,0.707258,0.475195,-0.523427,0.558827,0.0777047,0.825635,0.433011,-0.876443,-0.210595
0.654934,0.548828,0.812554,0.707258,0.62556,-0.329334,0.558827,-0.209365,0.80242,0.433011,-0.751559,-0.497655
0.654934,0.583443,0.877137,0.707258,0.700473,-0.0955189,0.558827,-0.471183,0.682421,0.433011,-0.536026,-0.724691
0.654934,0.593881,0.949665,0.707258,0.690899,0.149817,0.558827,-0.676169,0.480112,0.433011,-0.255841,-0.864319
0.654934,0.578884,1.02139,0.707258,0.597992,0.377084,0.558827,-0.799599,0.219894,0.433011,0.0552027,-0.899697
0.654934,0.54026,1.08366,0.707258,0.432958,0.558868,0.558827,-0.826585,-0.0668459,0.433011,0.359588,-0.826558
0.654934,0.482668,1.12896,0.707258,0.215704,0.673245,0.558827,-0.753874,-0.345523,0.433011,0.620602,-0.653724
0.654934,0.413055,1.15183,0.707258,-0.0275681,0.706418,0.558827,-0.590233,-0.582526,0.433011,0.806762,-0.402041
0.654934,0.339817,1.14952,0.707258,-0.267515,0.654387,0.558827,-0.355402,-0.749267,0.433011,0.895614,-0.101867
0.654934,0.271788,1.1223,0.707258,-0.475195,0.523427,0.558827,-0.0777047,-0.825635,0.433011,0.876443,0.210595
0.654934,0.217172,1.07345,0.707258,-0.62556,0.329334,0.558827,0.209365,-0.80242,0.433011,0.751559,0.497655
0.654934,0.182557,1.00886,0.707258,-0.700473,0.0955189,0.558827,0.471183,-0.682421,0.433011,0.536026,0.724691
0.654934,0.172119,0.936335,0.707258,-0.690899,-0.149817,0.558827,0.676169,-0.480112,0.433011,0.255841,0.864319
0.654934,0.187116,0.864612,0.707258,-0.597992,-0.377084,0.558827,0.799599,-0.219894,0.433011,-0.0552027,0.899697
0.654934,0.22574,0.802343,0.707258,-0.432958,-0.558868,0.558827,0.826585,0.0668459,0.433011,-0.359588,0.826558
0.654934,0.283332,0.757039,0.707258,-0.215704,-0.673245,0.558827,0.753874,0.345523,0.433011,-0.620602,0.653724
