0.658953,0.628209,0.904816,0.308961,0.527781,-0.791196,0.951075,-0.171455,0.257021,-3.49349e-06,-0.831896,-0.554932
0.907818,0.496149,1.18747,0.92986,-0.366931,0.0268872,-0.179072,-0.515213,-0.838146,0.321394,0.774544,-0.544782
0.907818,0.35519,1.17995,0.92986,-0.353998,-0.100232,-0.179072,-0.197478,-0.963813,0.321394,0.914159,-0.247019
0.907818,0.225305,1.12467,0.92986,-0.298368,-0.215262,-0.179072,0.144074,-0.97323,0.321394,0.943514,0.0805395
0.907818,0.122159,1.0283,0.92986,-0.20675,-0.304328,-0.179072,0.46825,-0.86526,0.321394,0.859067,0.398383
0.907818,0.0581946,0.902464,0.92986,-0.0901956,-0.356688,-0.179072,0.735947,-0.652928,0.321394,0.671004,0.668176
0.907818,0.0411253,0.76234,0.92986,0.0372382,-0.366025,-0.179072,0.914879,-0.361843,0.321394,0.402008,0.857377
0.907818,0.0730105,0.624829,0.92986,0.16018,-0.331215,-0.179072,0.983462,-0.027114,0.321394,0.0845236,0.943166
0.907818,0.150004,0.506517,0.92986,0.263803,-0.256455,-0.179072,0.933426,0.310885,0.321394,-0.243155,0.915195
0.907818,0.26282,0.421672,0.92986,0.335606,-0.150763,-0.179072,0.770804,0.611387,0.321394,-0.541506,0.776838
0.907818,0.397851,0.38053,0.92986,0.366931,-0.0268872,-0.179072,0.515213,0.838146,0.321394,-0.774544,0.544782
0.907818,0.53881,0.388053,0.92986,0.353998,0.100232,-0.179072,0.197478,0.963813,0.321394,-0.914159,0.247019
0.907818,0.668695,0.443332,0.92986,0.298368,0.215262,-0.179072,-0.144074,0.97323,0.321394,-0.943514,-0.0805395
0.907818,0.771841,0.539701,0.92986,0.20675,0.304328,-0.179072,-0.46825,0.86526,0.321394,-0.859067,-0.398383
0.907818,0.835805,0.665536,0.92986,0.0901956,0.356688,-0.179072,-0.735947,0.652928,0.321394,-0.671004,-0.668176
0.907818,0.852875,0.80566,0.92986,-0.0372382,0.366025,-0.179072,-0.914879,0.361843,0.321394,-0.402008,-0.857377
0.907818,0.820989,0.943171,0.92986,-0.16018,0.331215,-0.179072,-0.983462,0.027114,0.321394,-0.0845236,-0.943166
0.907818,0.743996,1.06148,0.92986,-0.263803,0.256455,-0.179072,-0.933426,-0.310885,0.321394,0.243155,-0.915195
0.907818,0.63118,1.14633,0.92986,-0.335606,0.150763,-0.179072,-0.770804,-0.611387,0.321394,0.541506,-0.776838
0.907818,0.496149,1.18747,0.92986,-0.366931,0.0268872,-0.179072,-0.515213,-0.838146,0.321394,0.774544,-0.544782
0.809114,0.527761,1.14008,0.796489,-0.535853,0.280118,-0.0275851,-0.494991,-0.86846,0.604023,0.683992,-0.409037
0.809114,0.401104,1.14623,0.796489,-0.599343,0.0799524,-0.0275851,-0.168109,-0.985382,0.604023,0.782641,-0.15043
0.809114,0.279983,1.10869,0.796489,-0.590544,-0.129857,-0.0275851,0.17905,-0.983453,0.604023,0.786892,0.126321
0.809114,0.179006,1.03198,0.796489,-0.510516,-0.324003,-0.0275851,0.504613,-0.862905,0.604023,0.696232,0.387836
0.809114,0.110354,0.925367,0.796489,-0.368912,-0.47907,-0.0275851,0.769312,-0.638278,0.604023,0.521597,0.602572
0.809114,0.0823055,0.801701,0.796489,-0.182813,-0.576354,-0.0275851,0.94122,-0.336665,0.604023,0.284049,0.744629
0.809114,0.0982451,0.675901,0.796489,0.0253371,-0.604121,-0.0275851,0.999604,0.005555,0.604023,0.0122402,0.796873
0.809114,0.15625,0.563139,0.796489,0.230431,-0.559023,-0.0275851,0.937421,0.347105,0.604023,-0.261045,0.753002
0.809114,0.249323,0.477016,0.796489,0.407731,-0.446497,-0.0275851,0.76217,0.646788,0.604023,-0.502844,0.618308
0.809114,0.366239,0.42792,0.796489,0.535853,-0.280118,-0.0275851,0.494991,0.86846,0.604023,-0.683992,0.409037
0.809114,0.492896,0.421772,0.796489,0.599343,-0.0799524,-0.0275851,0.168109,0.985382,0.604023,-0.782641,0.15043
0.809114,0.614017,0.459315,0.796489,0.590544,0.129857,-0.0275851,-0.17905,0.983453,0.604023,-0.786892,-0.126321
0.809114,0.714994,0.536019,0.796489,0.510516,0.324003,-0.0275851,-0.504613,0.862905,0.604023,-0.696232,-0.387836
0.809114,0.783646,0.642633,0.796489,0.368912,0.47907,-0.0275851,-0.769312,0.638278,0.604023,-0.521597,-0.602572
0.809114,0.811694,0.766299,0.796489,0.182813,0.576354,-0.0275851,-0.94122,0.336665,0.604023,-0.284049,-0.744629
0.809114,0.795755,0.892099,0.796489,-0.0253371,0.604121,-0.0275851,-0.999604,-0.005555,0.604023,-0.0122402,-0.796873
0.809114,0.73775,1.00486,0.796489,-0.230431,0.559023,-0.0275851,-0.937421,-0.347105,0.604023,0.261045,-0.753002
0.809114,0.644677,1.09098,0.796489,-0.407731,0.446497,-0.0275851,-0.76217,-0.646788,0.604023,0.502844,-0.618308
0.809114,0.527761,1.14008,0.796489,-0.535853,0.280118,-0.0275851,-0.494991,-0.86846,0.604023,0.683992,-0.409037
0.735846,0.5762,1.06746,0.567051,-0.669274,0.48013,0.127229,-0.504741,-0.853844,0.813797,0.545259,-0.201063
0.735846,0.471458,1.09456,0.567051,-0.793126,0.222269,0.127229,-0.18227,-0.974982,0.813797,0.581144,-0.0024475
0.735846,0.363765,1.08419,0.567051,-0.821316,-0.0624004,0.127229,0.162186,-0.978524,0.813797,0.546934,0.196463
0.735846,0.266112,1.03762,0.567051,-0.750442,-0.339544,0.127229,0.48708,-0.864041,0.813797,0.446755,0.371677
0.735846,0.190277,0.960461,0.567051,-0.589054,-0.575733,0.127229,0.753224,-0.645342,0.813797,0.292691,0.502062
0.735846,0.145406,0.862014,0.567051,-0.356618,-0.74248,0.127229,0.928519,-0.348805,0.813797,0.103325,0.57189
0.735846,0.136912,0.754158,0.567051,-0.0811676,-0.819674,0.127229,0.991821,-0.010197,0.813797,-0.0985042,0.57274
0.735846,0.165819,0.649902,0.567051,0.204072,-0.798002,0.127229,0.935494,0.329641,0.813797,-0.288452,0.504509
0.735846,0.228641,0.561819,0.567051,0.464698,-0.68008,0.127229,0.766333,0.629719,0.813797,-0.443609,0.375427
0.735846,0.3178,0.500535,0.567051,0.669274,-0.48013,0.127229,0.504741,0.853844,0.813797,-0.545259,0.201063
0.735846,0.422542,0.473441,0.567051,0.793126,-0.222269,0.127229,0.18227,0.974982,0.813797,-0.581144,0.0024475
0.735846,0.530235,0.483805,0.567051,0.821316,0.0624004,0.127229,-0.162186,0.978524,0.813797,-0.546934,-0.196463
0.735846,0.627888,0.530377,0.567051,0.750442,0.339544,0.127229,-0.48708,0.864041,0.813797,-0.446755,-0.371677
0.735846,0.703723,0.607539,0.567051,0.589054,0.575733,0.127229,-0.753224,0.645342,0.813797,-0.292691,-0.502062
0.735846,0.748594,0.705986,0.567051,0.356618,0.74248,0.127229,-0.928519,0.348805,0.813797,-0.103325,-0.57189
0.735846,0.757088,0.813842,0.567051,0.0811676,0.819674,0.127229,-0.991821,0.010197,0.813797,0.0985042,-0.57274
0.735846,0.728181,0.918098,0.567051,-0.204072,0.798002,0.127229,-0.935494,-0.329641,0.813797,0.288452,-0.504509
0.735846,0.665359,1.00618,0.567051,-0.464698,0.68008,0.127229,-0.766333,-0.629719,0.813797,0.443609,-0.375427
0.735846,0.5762,1.06746,0.567051,-0.669274,0.48013,0.127229,-0.504741,-0.853844,0.813797,0.545259,-0.201063
0.696852,0.635624,0.978382,0.269218,-0.751103,0.602799,0.266698,-0.543287,-0.79606,0.925416,0.375079,0.054055
0.696852,0.557766,1.03117,0.269218,-0.911975,0.309553,0.266698,-0.238254,-0.933867,0.925416,0.333971,0.17908
0.696852,0.466548,1.05415,0.269218,-0.96285,-0.0210289,0.266698,0.0955157,-0.959035,0.925416,0.252581,0.282504
0.696852,0.372972,1.04454,0.269218,-0.89759,-0.349075,0.266698,0.417765,-0.86853,0.925416,0.140726,0.351855
0.696852,0.288325,1.00351,0.269218,-0.724069,-0.635017,0.266698,0.689625,-0.673267,0.925416,0.0118979,0.378767
0.696852,0.222817,0.936005,0.269218,-0.463213,-0.844367,0.266698,0.878307,-0.396799,0.925416,-0.118366,0.359994
0.696852,0.184348,0.850162,0.269218,-0.146488,-0.951873,0.266698,0.961052,-0.0724702,0.925416,-0.234352,0.2978
0.696852,0.177559,0.75634,0.269218,0.187906,-0.94457,0.266698,0.927879,0.260599,0.925416,-0.322073,0.199687
0.696852,0.203268,0.665854,0.269218,0.499636,-0.823338,0.266698,0.782791,0.562237,0.925416,-0.370947,0.0774894
0.696852,0.258376,0.589618,0.269218,0.751103,-0.602799,0.266698,0.543287,0.79606,0.925416,-0.375079,-0.054055
0.696852,0.336234,0.536827,0.269218,0.911975,-0.309553,0.266698,0.238254,0.933867,0.925416,-0.333971,-0.17908
0.696852,0.427452,0.513849,0.269218,0.96285,0.0210289,0.266698,-0.0955157,0.959035,0.925416,-0.252581,-0.282504
0.696852,0.521028,0.523455,0.269218,0.89759,0.349075,0.266698,-0.417765,0.86853,0.925416,-0.140726,-0.351855
0.696852,0.605675,0.564487,0.269218,0.724069,0.635017,0.266698,-0.689625,0.673267,0.925416,-0.0118979,-0.378767
0.696852,0.671183,0.631995,0.269218,0.463213,0.844367,0.266698,-0.878307,0.396799,0.925416,0.118366,-0.359994
0.696852,0.709652,0.717838,0.269218,0.146488,0.951873,0.266698,-0.961052,0.0724702,0.925416,0.234352,-0.2978
0.696852,0.716441,0.81166,0.269218,-0.187906,0.94457,0.266698,-0.927879,-0.260599,0.925416,0.322073,-0.199687
0.696852,0.690732,0.902146,0.269218,-0.499636,0.823338,0.266698,-0.782791,-0.562237,0.925416,0.370947,-0.0774894
0.696852,0.635624,0.978382,0.269218,-0.751103,0.602799,0.266698,-0.543287,-0.79606,0.925416,0.375079,0.054055
0.696834,0.698866,0.883577,-0.061087,-0.771468,0.633329,0.373999,-0.605979,-0.702079,0.925415,0.193976,0.325546
0.696834,0.649619,0.963715,-0.061087,-0.941554,0.331277,0.373999,-0.329308,-0.866995,0.925415,0.0709349,0.372257
0.696834,0.575933,1.02218,-0.061087,-0.998075,-0.0107323,0.373999,-0.0129188,-0.927339,0.925415,-0.0606623,0.374068
0.696834,0.486696,1.05191,-0.061087,-0.934213,-0.351447,0.373999,0.305029,-0.875832,0.925415,-0.184943,0.330761
0.696834,0.392672,1.04933,-0.061087,-0.757671,-0.649772,0.373999,0.586186,-0.718687,0.925415,-0.286916,0.24756
0.696834,0.3052,1.01475,-0.061087,-0.489743,-0.869724,0.373999,0.79664,-0.474858,0.925415,-0.354283,0.134499
0.696834,0.234831,0.952333,-0.061087,-0.162745,-0.984775,0.373999,0.911008,-0.173753,0.925415,-0.378919,0.00521553
0.696834,0.190053,0.869616,-0.061087,0.183883,-0.981048,0.373999,0.915494,0.148308,0.925415,-0.357851,-0.124697
0.696834,0.176266,0.776571,-0.061087,0.508332,-0.858992,0.373999,0.809559,0.452482,0.925415,-0.293621,-0.239569
0.696834,0.195134,0.684423,-0.061087,0.771468,-0.633329,0.373999,0.605979,0.702079,0.925415,-0.193976,-0.325546
0.696834,0.244381,0.604285,-0.061087,0.941554,-0.331277,0.373999,0.329308,0.866995,0.925415,-0.0709349,-0.372257
0.696834,0.318067,0.545823,-0.061087,0.998075,0.0107323,0.373999,0.0129188,0.927339,0.925415,0.0606623,-0.374068
0.696834,0.407304,0.516089,-0.061087,0.934213,0.351447,0.373999,-0.305029,0.875832,0.925415,0.184943,-0.330761
0.696834,0.501328,0.518669,-0.061087,0.757671,0.649772,0.373999,-0.586186,0.718687,0.925415,0.286916,-0.24756
0.696834,0.5888,0.553252,-0.061087,0.489743,0.869724,0.373999,-0.79664,0.474858,0.925415,0.354283,-0.134499
0.696834,0.659169,0.615667,-0.061087,0.162745,0.984775,0.373999,-0.911008,0.173753,0.925415,0.378919,-0.00521553
0.696834,0.703947,0.698384,-0.061087,-0.183883,0.981048,0.373999,-0.915494,-0.148308,0.925415,0.357851,0.124697
0.696834,0.717734,0.791429,-0.061087,-0.508332,0.858992,0.373999,-0.809559,-0.452482,0.925415,0.293621,0.239569
0.696834,0.698866,0.883577,-0.061087,-0.771468,0.633329,0.373999,-0.605979,-0.702079,0.925415,0.193976,0.325546
0.735794,0.758297,0.794484,-0.384024,-0.727914,0.568037,0.43619,-0.685255,-0.583236,0.813796,0.0237956,0.580663
0.735794,0.735937,0.900322,-0.384024,-0.878296,0.284819,0.43619,-0.444451,-0.782433,0.813796,-0.176238,0.553783
0.735794,0.678728,0.992129,-0.384024,-0.922742,-0.0327526,0.43619,-0.150039,-0.887258,0.813796,-0.355015,0.460109
0.735794,0.593569,1.05883,-0.384024,-0.855892,-0.346374,0.43619,0.16247,-0.885066,0.813796,-0.490971,0.310939
0.735794,0.490731,1.09239,-0.384024,-0.685808,-0.618217,0.43619,0.455382,-0.776122,0.813796,-0.56771,0.124265
0.735794,0.382619,1.08875,-0.384024,-0.433006,-0.815494,0.43619,0.693368,-0.573567,0.813796,-0.575974,-0.077397
0.735794,0.282272,1.04835,-0.384024,-0.127977,-0.914411,0.43619,0.847725,-0.30183,0.813796,-0.514767,-0.269724
0.735794,0.201794,0.976066,-0.384024,0.192488,-0.903036,0.43619,0.899833,0.00631118,0.813796,-0.391472,-0.429518
0.735794,0.150891,0.880618,-0.384024,0.489736,-0.782742,0.43619,0.843407,0.313691,0.813796,-0.220959,-0.537506
0.735794,0.135703,0.773516,-0.384024,0.727914,-0.568037,0.43619,0.685255,0.583236,0.813796,-0.0237956,-0.580663
0.735794,0.158063,0.667678,-0.384024,0.878296,-0.284819,0.43619,0.444451,0.782433,0.813796,0.176238,-0.553783
0.735794,0.215272,0.575871,-0.384024,0.922742,0.0327526,0.43619,0.150039,0.887258,0.813796,0.355015,-0.460109
0.735794,0.300431,0.509167,-0.384024,0.855892,0.346374,0.43619,-0.16247,0.885066,0.813796,0.490971,-0.310939
0.735794,0.403269,0.475612,-0.384024,0.685808,0.618217,0.43619,-0.455382,0.776122,0.813796,0.56771,-0.124265
0.735794,0.511381,0.479253,-0.384024,0.433006,0.815494,0.43619,-0.693368,0.573567,0.813796,0.575974,0.077397
0.735794,0.611728,0.519651,-0.384024,0.127977,0.914411,0.43619,-0.847725,0.30183,0.813796,0.514767,0.269724
0.735794,0.692206,0.591934,-0.384024,-0.192488,0.903036,0.43619,-0.899833,-0.00631118,0.813796,0.391472,0.429518
0.735794,0.743109,0.687382,-0.384024,-0.489736,0.782742,0.43619,-0.843407,-0.313691,0.813796,0.220959,0.537506
0.735794,0.758297,0.794484,-0.384024,-0.727914,0.568037,0.43619,-0.685255,-0.583236,0.813796,0.0237956,0.580663
0.809034,0.806749,0.72185,-0.660642,-0.625695,0.4148,0.44577,-0.771554,-0.453865,0.604021,-0.114937,0.788637
0.809034,0.80631,0.848639,-0.660642,-0.72983,0.175784,0.44577,-0.569793,-0.69038,0.604021,-0.377735,0.701765
0.809034,0.762533,0.967632,-0.660642,-0.745938,-0.0844338,0.44577,-0.299306,-0.843626,0.604021,-0.594973,0.530251
0.809034,0.680698,1.06448,-0.660642,-0.672074,-0.334468,0.44577,0.00728143,-0.895118,0.604021,-0.740448,0.29478
0.809034,0.570676,1.12749,-0.660642,-0.517149,-0.54416,0.44577,0.312991,-0.838645,0.604021,-0.796614,0.0237547
0.809034,0.445736,1.14908,-0.660642,-0.299847,-0.688218,0.44577,0.580949,-0.68102,0.604021,-0.756697,-0.250136
0.809034,0.320949,1.12663,-0.660642,-0.0463797,-0.749267,0.44577,0.778836,-0.441253,0.604021,-0.625511,-0.493857
0.809034,0.211366,1.06285,-0.660642,0.212682,-0.719944,0.44577,0.882783,-0.148265,0.604021,-0.418879,-0.678011
0.809034,0.130203,0.965443,-0.660642,0.446091,-0.603784,0.44577,0.880255,0.162606,0.604021,-0.161724,-0.780387
0.809034,0.0872513,0.84615,-0.660642,0.625695,-0.4148,0.44577,0.771554,0.453865,0.604021,0.114937,-0.788637
0.809034,0.0876902,0.719361,-0.660642,0.72983,-0.175784,0.44577,0.569793,0.69038,0.604021,0.377735,-0.701765
0.809034,0.131467,0.600368,-0.660642,0.745938,0.0844338,0.44577,0.299306,0.843626,0.604021,0.594973,-0.530251
0.809034,0.213302,0.503524,-0.660642,0.672074,0.334468,0.44577,-0.00728143,0.895118,0.604021,0.740448,-0.29478
0.809034,0.323324,0.440509,-0.660642,0.517149,0.54416,0.44577,-0.312991,0.838645,0.604021,0.796614,-0.0237547
0.809034,0.448264,0.418924,-0.660642,0.299847,0.688218,0.44577,-0.580949,0.68102,0.604021,0.756697,0.250136
0.809034,0.573051,0.441373,-0.660642,0.0463797,0.749267,0.44577,-0.778836,0.441253,0.604021,0.625511,0.493857
0.809034,0.682634,0.505148,-0.660642,-0.212682,0.719944,0.44577,-0.882783,0.148265,0.604021,0.418879,0.678011
0.809034,0.763797,0.602557,-0.660642,-0.446091,0.603784,0.44577,-0.880255,-0.162606,0.604021,0.161724,0.780387
0.809034,0.806749,0.72185,-0.660642,-0.625695,0.4148,0.44577,-0.771554,-0.453865,0.604021,-0.114937,0.788637
0.90772,0.838378,0.674434,-0.857576,-0.477138,0.192099,0.401584,-0.854467,-0.32957,0.321392,-0.205488,0.924382
0.90772,0.852249,0.814901,-0.857576,-0.514065,0.0173228,0.401584,-0.690217,-0.60194,0.321392,-0.509253,0.798354
0.90772,0.817241,0.951641,-0.857576,-0.488988,-0.159542,0.401584,-0.442716,-0.801706,0.321392,-0.751594,0.576032
0.90772,0.737576,1.06816,-0.857576,-0.404931,-0.317164,0.401584,-0.141817,-0.904775,0.321392,-0.903282,0.284233
0.90772,0.622863,1.15041,-0.857576,-0.272034,-0.436532,0.401584,0.176187,-0.898715,0.321392,-0.946021,-0.0418488
0.90772,0.486939,1.18846,-0.857576,-0.106326,-0.503247,0.401584,0.47294,-0.784257,0.321392,-0.874656,-0.362883
0.90772,0.346198,1.17773,-0.857576,0.0722068,-0.509263,0.401584,0.71265,-0.575205,0.321392,-0.697794,-0.640149
0.90772,0.217614,1.11951,-0.857576,0.24203,-0.453854,0.401584,0.866403,-0.296776,0.321392,-0.436768,-0.840203
0.90772,0.116699,1.02082,-0.857576,0.382662,-0.343704,0.401584,0.915656,0.0174496,0.321392,-0.123062,-0.938916
0.90772,0.0556219,0.893566,-0.857576,0.477138,-0.192099,0.401584,0.854467,0.32957,0.321392,0.205488,-0.924382
0.90772,0.0417512,0.753099,-0.857576,0.514065,-0.0173228,0.401584,0.690217,0.60194,0.321392,0.509253,-0.798354
0.90772,0.0767595,0.616359,-0.857576,0.488988,0.159542,0.401584,0.442716,0.801706,0.321392,0.751594,-0.576032
0.90772,0.156424,0.49984,-0.857576,0.404931,0.317164,0.401584,0.141817,0.904775,0.321392,0.903282,-0.284233
0.90772,0.271137,0.417594,-0.857576,0.272034,0.436532,0.401584,-0.176187,0.898715,0.321392,0.946021,0.0418488
0.90772,0.407061,0.379542,-0.857576,0.106326,0.503247,0.401584,-0.47294,0.784257,0.321392,0.874656,0.362883
0.90772,0.547802,0.390274,-0.857576,-0.0722068,0.509263,0.401584,-0.71265,0.575205,0.321392,0.697794,0.640149
0.90772,0.676386,0.448495,-0.857576,-0.24203,0.453854,0.401584,-0.866403,0.296776,0.321392,0.436768,0.840203
0.90772,0.777301,0.547183,-0.857576,-0.382662,0.343704,0.401584,-0.915656,-0.0174496,0.321392,0.123062,0.938916
0.90772,0.838378,0.674434,-0.857576,-0.477138,0.192099,0.401584,-0.854467,-0.32957,0.321392,-0.205488,0.924382
0.883612,0.352595,1.17165,0.961642,-0.273842,-0.0159827,-0.0812368,-0.228656,-0.970112,0.262003,0.934199,-0.242131
0.883612,0.225703,1.11599,0.961642,-0.251861,-0.108678,-0.0812368,0.116931,-0.989812,0.262003,0.960673,0.0919857
0.883612,0.125503,1.02028,0.961642,-0.199502,-0.188266,-0.0812368,0.448415,-0.890126,0.262003,0.871277,0.415008
0.883612,0.0640807,0.896069,0.961642,-0.12308,-0.245146,-0.0812368,0.725813,-0.683078,0.262003,0.676791,0.687974
0.883612,0.0488438,0.758344,0.961642,-0.0318123,-0.272457,-0.0812368,0.915668,-0.39364,0.262003,0.400675,0.87796
0.883612,0.0816303,0.623714,0.961642,0.0632921,-0.266906,-0.0812368,0.995079,-0.0567241,0.262003,0.0762309,0.962052
0.883612,0.158486,0.508417,0.961642,0.150762,-0.229163,-0.0812368,0.95447,0.287034,0.262003,-0.257407,0.930105
0.883612,0.270141,0.426359,0.961642,0.220049,-0.163779,-0.0812368,0.798737,0.596171,0.262003,-0.559999,0.785975
0.883612,0.403127,0.387438,0.961642,0.262794,-0.0786407,-0.0812368,0.546664,0.833402,0.262003,-0.795046,0.547044
0.883612,0.541405,0.396348,0.961642,0.273842,0.0159827,-0.0812368,0.228656,0.970112,0.262003,-0.934199,0.242131
0.883612,0.668297,0.452015,0.961642,0.251861,0.108678,-0.0812368,-0.116931,0.989812,0.262003,-0.960673,-0.0919857
0.883612,0.768497,0.547724,0.961642,0.199502,0.188266,-0.0812368,-0.448415,0.890126,0.262003,-0.871277,-0.415008
0.883612,0.829919,0.671931,0.961642,0.12308,0.245146,-0.0812368,-0.725813,0.683078,0.262003,-0.676791,-0.687974
0.883612,0.845156,0.809656,0.961642,0.0318123,0.272457,-0.0812368,-0.915668,0.39364,0.262003,-0.400675,-0.87796
0.883612,0.81237,0.944286,0.961642,-0.0632921,0.266906,-0.0812368,-0.995079,0.0567241,0.262003,-0.0762309,-0.962052
0.883612,0.735514,1.05958,0.961642,-0.150762,0.229163,-0.0812368,-0.95447,-0.287034,0.262003,0.257407,-0.930105
0.883612,0.623859,1.14164,0.961642,-0.220049,0.163779,-0.0812368,-0.798737,-0.596171,0.262003,0.559999,-0.785975
0.883612,0.490873,1.18056,0.961642,-0.262794,0.0786407,-0.0812368,-0.546664,-0.833402,0.262003,0.795046,-0.547044
0.883612,0.352595,1.17165,0.961642,-0.273842,-0.0159827,-0.0812368,-0.228656,-0.970112,0.262003,0.934199,-0.242131
0.763622,0.391027,1.11404,0.856221,-0.451719,0.250672,0.156285,-0.236,-0.959103,0.492403,0.86038,-0.131471
0.763622,0.281522,1.07499,0.856221,-0.510212,0.0810576,0.156285,0.106266,-0.981979,0.492403,0.853459,0.170725
0.763622,0.191977,1.00085,0.856221,-0.507165,-0.0983334,0.156285,0.435714,-0.886413,0.492403,0.743597,0.45233
0.763622,0.133191,0.900545,0.856221,-0.442948,-0.265864,0.156285,0.712608,-0.683933,0.492403,0.544047,0.679376
0.763622,0.112255,0.786188,0.856221,-0.325304,-0.401327,0.156285,0.903551,-0.398961,0.492403,0.278877,0.82448
0.763622,0.131695,0.671566,0.856221,-0.168423,-0.488385,0.156285,0.985513,-0.0658676,0.492403,-0.0199302,0.870139
0.763622,0.189164,0.570506,0.856221,0.00877111,-0.516536,0.156285,0.948608,0.27517,0.492403,-0.316333,0.810847
0.763622,0.277733,0.495196,0.856221,0.184908,-0.482385,0.156285,0.797286,0.583018,0.492403,-0.574582,0.653754
0.763622,0.386718,0.454721,0.856221,0.338742,-0.390051,0.156285,0.5498,0.820546,0.492403,-0.763528,0.417809
0.763622,0.502973,0.453961,0.856221,0.451719,-0.250672,0.156285,0.236,0.959103,0.492403,-0.86038,0.131471
0.763622,0.612478,0.493009,0.856221,0.510212,-0.0810576,0.156285,-0.106266,0.981979,0.492403,-0.853459,-0.170725
0.763622,0.702023,0.567154,0.856221,0.507165,0.0983334,0.156285,-0.435714,0.886413,0.492403,-0.743597,-0.45233
0.763622,0.760809,0.667455,0.856221,0.442948,0.265864,0.156285,-0.712608,0.683933,0.492403,-0.544047,-0.679376
0.763622,0.781745,0.781812,0.856221,0.325304,0.401327,0.156285,-0.903551,0.398961,0.492403,-0.278877,-0.82448
0.763622,0.762305,0.896434,0.856221,0.168423,0.488385,0.156285,-0.985513,0.0658676,0.492403,0.0199302,-0.870139
0.763622,0.704836,0.997494,0.856221,-0.00877111,0.516536,0.156285,-0.948608,-0.27517,0.492403,0.316333,-0.810847
0.763622,0.616267,1.0728,0.856221,-0.184908,0.482385,0.156285,-0.797286,-0.583018,0.492403,0.574582,-0.653754
0.763622,0.507282,1.11328,0.856221,-0.338742,0.390051,0.156285,-0.5498,-0.820546,0.492403,0.763528,-0.417809
0.763622,0.391027,1.11404,0.856221,-0.451719,0.250672,0.156285,-0.236,-0.959103,0.492403,0.86038,-0.131471
0.674556,0.449914,1.02576,0.647527,-0.598859,0.47125,0.374957,-0.287981,-0.881178,0.663413,0.747285,0.0380711
0.674556,0.367052,1.01218,0.647527,-0.723921,0.238008,0.374957,0.0307666,-0.926531,0.663413,0.689197,0.291362
0.674556,0.293832,0.971073,0.647527,-0.761667,-0.0239407,0.374957,0.345804,-0.860132,0.663413,0.547982,0.509509
0.674556,0.239087,0.907404,0.647527,-0.707544,-0.283002,0.374957,0.619131,-0.689988,0.663413,0.340672,0.666203
0.674556,0.209419,0.828851,0.647527,-0.568082,-0.50793,0.374957,0.817783,-0.436621,0.663413,0.0922719,0.742543
0.674556,0.208406,0.744889,0.647527,-0.3601,-0.671593,0.374957,0.917798,-0.130591,0.663413,-0.167257,0.729321
0.674556,0.236172,0.665644,0.647527,-0.108685,-0.754252,0.374957,0.907113,0.19119,0.663413,-0.406613,0.628132
0.674556,0.289367,0.600674,0.647527,0.155839,-0.745938,0.374957,0.787016,0.48991,0.663413,-0.596925,0.451181
0.674556,0.361574,0.557816,0.647527,0.401567,-0.647652,0.374957,0.571994,0.729541,0.663413,-0.715239,0.219811
0.674556,0.444086,0.54224,0.647527,0.598859,-0.47125,0.374957,0.287981,0.881178,0.663413,-0.747285,-0.0380711
0.674556,0.526948,0.555823,0.647527,0.723921,-0.238008,0.374957,-0.0307666,0.926531,0.663413,-0.689197,-0.291362
0.674556,0.600168,0.596927,0.647527,0.761667,0.0239407,0.374957,-0.345804,0.860132,0.663413,-0.547982,-0.509509
0.674556,0.654913,0.660596,0.647527,0.707544,0.283002,0.374957,-0.619131,0.689988,0.663413,-0.340672,-0.666203
0.674556,0.684581,0.739149,0.647527,0.568082,0.50793,0.374957,-0.817783,0.436621,0.663413,-0.0922719,-0.742543
0.674556,0.685594,0.823111,0.647527,0.3601,0.671593,0.374957,-0.917798,0.130591,0.663413,0.167257,-0.729321
0.674556,0.657828,0.902356,0.647527,0.108685,0.754252,0.374957,-0.907113,-0.19119,0.663413,0.406613,-0.628132
0.674556,0.604633,0.967326,0.647527,-0.155839,0.745938,0.374957,-0.787016,-0.48991,0.663413,0.596925,-0.451181
0.674556,0.532426,1.01018,0.647527,-0.401567,0.647652,0.374957,-0.571994,-0.729541,0.663413,0.715239,-0.219811
0.674556,0.449914,1.02576,0.647527,-0.598859,0.47125,0.374957,-0.287981,-0.881178,0.663413,0.747285,0.0380711
0.627155,0.522156,0.917464,0.360731,-0.697517,0.619147,0.548404,-0.378331,-0.745734,0.754404,0.608552,0.246045
0.627155,0.471976,0.93512,0.360731,-0.867212,0.343243,0.548404,-0.100459,-0.830157,0.754404,0.4877,0.439344
0.627155,0.418784,0.934548,0.360731,-0.932309,0.0259394,0.548404,0.18953,-0.814452,0.754404,0.308024,0.579651
0.627155,0.368995,0.915819,0.360731,-0.884956,-0.294493,0.548404,0.456658,-0.700511,0.754404,0.0911951,0.650044
0.627155,0.328614,0.88119,0.360731,-0.730864,-0.579406,0.548404,0.668708,-0.502079,0.754404,-0.136633,0.642032
0.627155,0.302513,0.834838,0.360731,-0.488619,-0.794434,0.548404,0.800101,-0.243089,0.754404,-0.347981,0.556582
0.627155,0.293839,0.782355,0.360731,-0.187439,-0.913641,0.548404,0.83499,0.0452221,0.754404,-0.517357,0.403999
0.627155,0.303639,0.73007,0.360731,0.136348,-0.922649,0.548404,0.769167,0.328078,0.754404,-0.624333,0.202689
0.627155,0.33073,0.68429,0.360731,0.44369,-0.820373,0.548404,0.610571,0.571363,0.754404,-0.656004,-0.0230693
0.627155,0.371844,0.650536,0.360731,0.697517,-0.619147,0.548404,0.378331,0.745734,0.754404,-0.608552,-0.246045
0.627155,0.422024,0.63288,0.360731,0.867212,-0.343243,0.548404,0.100459,0.830157,0.754404,-0.4877,-0.439344
0.627155,0.475216,0.633452,0.360731,0.932309,-0.0259394,0.548404,-0.18953,0.814452,0.754404,-0.308024,-0.579651
0.627155,0.525005,0.652181,0.360731,0.884956,0.294493,0.548404,-0.456658,0.700511,0.754404,-0.0911951,-0.650044
0.627155,0.565386,0.68681,0.360731,0.730864,0.579406,0.548404,-0.668708,0.502079,0.754404,0.136633,-0.642032
0.627155,0.591487,0.733162,0.360731,0.488619,0.794434,0.548404,-0.800101,0.243089,0.754404,0.347981,-0.556582
0.627155,0.600161,0.785645,0.360731,0.187439,0.913641,0.548404,-0.83499,-0.0452221,0.754404,0.517357,-0.403999
0.627155,0.590361,0.83793,0.360731,-0.136348,0.922649,0.548404,-0.769167,-0.328078,0.754404,0.624333,-0.202689
0.627155,0.56327,0.88371,0.360731,-0.44369,0.820373,0.548404,-0.610571,-0.571363,0.754404,0.656004,0.0230693
0.627155,0.522156,0.917464,0.360731,-0.697517,0.619147,0.548404,-0.378331,-0.745734,0.754404,0.608552,0.246045
0.627137,0.599037,0.802212,0.0304265,-0.735791,0.676525,0.655705,-0.496153,-0.569108,0.754404,0.460916,0.467366
0.627137,0.583639,0.853113,0.0304265,-0.922803,0.38407,0.655705,-0.271585,-0.704481,0.754404,0.273271,0.596823
0.627137,0.551761,0.895678,0.0304265,-0.99851,0.0452905,0.655705,-0.0142595,-0.754883,0.754404,0.0526657,0.654294
0.627137,0.507247,0.924773,0.0304265,-0.953783,-0.298951,0.655705,0.244786,-0.714235,0.754404,-0.174292,0.632848
0.627137,0.455466,0.936889,0.0304265,-0.794016,-0.607136,0.655705,0.474306,-0.58744,0.754404,-0.380228,0.535071
0.627137,0.402664,0.930564,0.0304265,-0.538478,-0.84209,0.655705,0.646618,-0.38979,0.754404,-0.540302,0.372757
0.627137,0.35521,0.906562,0.0304265,-0.217992,-0.975476,0.655705,0.740938,-0.145127,0.754404,-0.635209,0.165483
0.627137,0.318827,0.867776,0.0304265,0.128787,-0.991205,0.655705,0.745891,0.117041,0.754404,-0.653499,-0.0617514
0.627137,0.297904,0.818886,0.0304265,0.460032,-0.887381,0.655705,0.660877,0.365092,0.754404,-0.592968,-0.281537
0.627137,0.294963,0.765788,0.0304265,0.735791,-0.676525,0.655705,0.496153,0.569108,0.754404,-0.460916,-0.467366
0.627137,0.310361,0.714887,0.0304265,0.922803,-0.38407,0.655705,0.271585,0.704481,0.754404,-0.273271,-0.596823
0.627137,0.342239,0.672322,0.0304265,0.99851,-0.0452905,0.655705,0.0142595,0.754883,0.754404,-0.0526657,-0.654294
0.627137,0.386753,0.643227,0.0304265,0.953783,0.298951,0.655705,-0.244786,0.714235,0.754404,0.174292,-0.632848
0.627137,0.438534,0.631111,0.0304265,0.794016,0.607136,0.655705,-0.474306,0.58744,0.754404,0.380228,-0.535071
0.627137,0.491336,0.637436,0.0304265,0.538478,0.84209,0.655705,-0.646618,0.38979,0.754404,0.540302,-0.372757
0.627137,0.53879,0.661438,0.0304265,0.217992,0.975476,0.655705,-0.740938,0.145127,0.754404,0.635209,-0.165483
0.627137,0.575173,0.700224,0.0304265,-0.128787,0.991205,0.655705,-0.745891,-0.117041,0.754404,0.653499,0.0617514
0.627137,0.596096,0.749114,0.0304265,-0.460032,0.887381,0.655705,-0.660877,-0.365092,0.754404,0.592968,0.281537
0.627137,0.599037,0.802212,0.0304265,-0.735791,0.676525,0.655705,-0.496153,-0.569108,0.754404,0.460916,0.467366
0.674504,0.671285,0.693905,-0.303548,-0.709066,0.636462,0.683918,-0.627234,-0.372604,0.663411,0.322184,0.675339
0.674504,0.688573,0.776048,-0.303548,-0.883987,0.355563,0.683918,-0.461969,-0.56466,0.663411,0.0717746,0.744804
0.674504,0.676724,0.85915,-0.303548,-0.952286,0.0317788,0.683918,-0.240984,-0.68861,0.663411,-0.187292,0.724436
0.674504,0.637167,0.933188,-0.303548,-0.905725,-0.295839,0.683918,0.00906792,-0.729503,0.663411,-0.423769,0.616689
0.674504,0.574673,0.989232,-0.303548,-0.74992,-0.587774,0.683918,0.258026,-0.682407,0.663411,-0.609132,0.434561
0.674504,0.49678,1.02052,-0.303548,-0.503664,-0.808814,0.683918,0.475862,-0.553003,0.663411,-0.721026,0.200018
0.674504,0.412882,1.02328,-0.303548,-0.196659,-0.9323,0.683918,0.636302,-0.356898,0.663411,-0.745953,-0.0586498
0.674504,0.3331,0.997184,-0.303548,0.134067,-0.943337,0.683918,0.719994,-0.117747,0.663411,-0.680907,-0.310244
0.674504,0.267056,0.945372,-0.303548,0.448622,-0.840593,0.683918,0.716845,0.135607,0.663411,-0.533734,-0.524418
0.674504,0.222715,0.874095,-0.303548,0.709066,-0.636462,0.683918,0.627234,0.372604,0.663411,-0.322184,-0.675339
0.674504,0.205427,0.791952,-0.303548,0.883987,-0.355563,0.683918,0.461969,0.56466,0.663411,-0.0717746,-0.744804
0.674504,0.217276,0.70885,-0.303548,0.952286,-0.0317788,0.683918,0.240984,0.68861,0.663411,0.187292,-0.724436
0.674504,0.256833,0.634812,-0.303548,0.905725,0.295839,0.683918,-0.00906792,0.729503,0.663411,0.423769,-0.616689
0.674504,0.319327,0.578768,-0.303548,0.74992,0.587774,0.683918,-0.258026,0.682407,0.663411,0.609132,-0.434561
0.674504,0.39722,0.547478,-0.303548,0.503664,0.808814,0.683918,-0.475862,0.553003,0.663411,0.721026,-0.200018
0.674504,0.481118,0.544716,-0.303548,0.196659,0.9323,0.683918,-0.636302,0.356898,0.663411,0.745953,0.0586498
0.674504,0.5609,0.570816,-0.303548,-0.134067,0.943337,0.683918,-0.719994,0.117747,0.663411,0.680907,0.310244
0.674504,0.626944,0.622628,-0.303548,-0.448622,0.840593,0.683918,-0.716845,-0.135607,0.663411,0.533734,0.524418
0.674504,0.671285,0.693905,-0.303548,-0.709066,0.636462,0.683918,-0.627234,-0.372604,0.663411,0.322184,0.675339
0.763543,0.730185,0.605607,-0.60091,-0.620566,0.50379,0.629641,-0.755765,-0.179924,0.492402,0.209089,0.84488
0.763543,0.774121,0.71322,-0.60091,-0.755447,0.261162,0.629641,-0.648649,-0.42756,0.492402,-0.092487,0.86544
0.763543,0.778601,0.829371,-0.60091,-0.799211,-0.0129662,0.629641,-0.463296,-0.623626,0.492402,-0.382907,0.781615
0.763543,0.743086,0.940049,-0.60091,-0.746578,-0.285531,0.629641,-0.222064,-0.744473,0.492402,-0.627143,0.603516
0.763543,0.671858,1.03191,-0.60091,-0.603897,-0.523656,0.629641,0.0459534,-0.775526,0.492402,-0.795737,0.352624
0.763543,0.573508,1.09386,-0.60091,-0.388377,-0.69862,0.629641,0.308428,-0.713039,0.492402,-0.868352,0.0592002
0.763543,0.4599,1.11844,-0.60091,-0.126012,-0.789321,0.629641,0.533701,-0.564549,0.492402,-0.836232,-0.241364
0.763543,0.344736,1.10269,-0.60091,0.151551,-0.784818,0.629641,0.694602,-0.347966,0.492402,-0.70325,-0.512816
0.763543,0.241907,1.04849,-0.60091,0.410835,-0.685654,0.629641,0.771724,-0.0894135,0.492402,-0.485445,-0.722415
0.763543,0.163815,0.962393,-0.60091,0.620566,-0.50379,0.629641,0.755765,0.179924,0.492402,-0.209089,-0.84488
0.763543,0.119879,0.85478,-0.60091,0.755447,-0.261162,0.629641,0.648649,0.42756,0.492402,0.092487,-0.86544
0.763543,0.115399,0.738629,-0.60091,0.799211,0.0129662,0.629641,0.463296,0.623626,0.492402,0.382907,-0.781615
0.763543,0.150914,0.627951,-0.60091,0.746578,0.285531,0.629641,0.222064,0.744473,0.492402,0.627143,-0.603516
0.763543,0.222142,0.536095,-0.60091,0.603897,0.523656,0.629641,-0.0459534,0.775526,0.492402,0.795737,-0.352624
0.763543,0.320492,0.474139,-0.60091,0.388377,0.69862,0.629641,-0.308428,0.713039,0.492402,0.868352,-0.0592002
0.763543,0.4341,0.449558,-0.60091,0.126012,0.789321,0.629641,-0.533701,0.564549,0.492402,0.836232,0.241364
0.763543,0.549264,0.465315,-0.60091,-0.151551,0.784818,0.629641,-0.694602,0.347966,0.492402,0.70325,0.512816
0.763543,0.652093,0.51951,-0.60091,-0.410835,0.685654,0.629641,-0.771724,0.0894135,0.492402,0.485445,0.722415
0.763543,0.730185,0.605607,-0.60091,-0.620566,0.50379,0.629641,-0.755765,-0.179924,0.492402,0.209089,0.84488
0.883514,0.768634,0.547968,-0.825794,-0.480964,0.294513,0.499419,-0.866242,-0.0143069,0.262001,0.135271,0.95554
0.883514,0.829965,0.672208,-0.825794,-0.552687,0.112252,0.499419,-0.809108,-0.309716,0.262001,-0.199701,0.94418
0.883514,0.845105,0.809931,-0.825794,-0.557749,-0.0835474,0.499419,-0.654384,-0.56777,0.262001,-0.510586,0.818937
0.883514,0.812227,0.944527,-0.825794,-0.495538,-0.26927,0.499419,-0.420731,-0.757341,0.262001,-0.759887,0.594918
0.883514,0.735298,1.05976,-0.825794,-0.373557,-0.422515,0.499419,-0.136332,-0.855566,0.262001,-0.917534,0.299144
0.883514,0.623595,1.14173,-0.825794,-0.20652,-0.524798,0.499419,0.164511,-0.850598,0.262001,-0.964513,-0.032712
0.883514,0.490593,1.18056,-0.825794,-0.014574,-0.563783,0.499419,0.445511,-0.743034,0.262001,-0.895158,-0.360622
0.883514,0.352332,1.17155,-0.825794,0.17913,-0.534768,0.499419,0.672776,-0.54585,0.262001,-0.717833,-0.645036
0.883514,0.22549,1.1158,-0.825794,0.351229,-0.441251,0.499419,0.818895,-0.282828,0.262001,-0.453927,-0.851649
0.883514,0.125366,1.02003,-0.825794,0.480964,-0.294513,0.499419,0.866242,0.0143069,0.262001,-0.135271,-0.95554
0.883514,0.0640347,0.895792,-0.825794,0.552687,-0.112252,0.499419,0.809108,0.309716,0.262001,0.199701,-0.94418
0.883514,0.0488951,0.758069,-0.825794,0.557749,0.0835474,0.499419,0.654384,0.56777,0.262001,0.510586,-0.818937
0.883514,0.0817728,0.623473,-0.825794,0.495538,0.26927,0.499419,0.420731,0.757341,0.262001,0.759887,-0.594918
0.883514,0.158702,0.508239,-0.825794,0.373557,0.422515,0.499419,0.136332,0.855566,0.262001,0.917534,-0.299144
0.883514,0.270405,0.426265,-0.825794,0.20652,0.524798,0.499419,-0.164511,0.850598,0.262001,0.964513,0.032712
0.883514,0.403407,0.38744,-0.825794,0.014574,0.563783,0.499419,-0.445511,0.743034,0.262001,0.895158,0.360622
0.883514,0.541668,0.396446,-0.825794,-0.17913,0.534768,0.499419,-0.672776,0.54585,0.262001,0.717833,0.645036
0.883514,0.66851,0.452197,-0.825794,-0.351229,0.441251,0.499419,-0.818895,0.282828,0.262001,0.453927,0.851649
0.883514,0.768634,0.547968,-0.825794,-0.480964,0.294513,0.499419,-0.866242,-0.0143069,0.262001,0.135271,0.95554
0.875863,0.220426,1.10908,0.985232,-0.169496,-0.0242859,-0.00862081,0.0925525,-0.99567,0.17101,0.981175,0.0897245
0.875863,0.122906,1.01198,0.985232,-0.150968,-0.0807924,-0.00862081,0.42751,-0.903969,0.17101,0.891316,0.419895
0.875863,0.0644769,0.887387,0.985232,-0.114231,-0.127554,-0.00862081,0.710904,-0.703236,0.17101,0.69395,0.69942
0.875863,0.0521855,0.750321,0.985232,-0.0637159,-0.158931,-0.00862081,0.908552,-0.417682,0.17101,0.412884,0.894585
0.875863,0.0875145,0.617318,0.985232,-0.00551573,-0.171138,-0.00862081,0.996616,-0.0817499,0.17101,0.082018,0.98185
0.875863,0.166203,0.504419,0.985232,0.0533497,-0.162704,-0.00862081,0.964472,0.264043,0.17101,-0.258741,0.950689
0.875863,0.278759,0.425241,0.985232,0.10578,-0.134645,-0.00862081,0.816,0.577988,0.17101,-0.568291,0.804861
0.875863,0.411608,0.389335,0.985232,0.145452,-0.090346,-0.00862081,0.569105,0.822219,0.17101,-0.809298,0.561954
0.875863,0.548726,0.401032,0.985232,0.167581,-0.0351498,-0.00862081,0.253568,0.967279,0.17101,-0.952691,0.251268
0.875863,0.673574,0.45892,0.985232,0.169496,0.0242859,-0.00862081,-0.0925525,0.99567,0.17101,-0.981175,-0.0897245
0.875863,0.771094,0.556018,0.985232,0.150968,0.0807924,-0.00862081,-0.42751,0.903969,0.17101,-0.891316,-0.419895
0.875863,0.829523,0.680613,0.985232,0.114231,0.127554,-0.00862081,-0.710904,0.703236,0.17101,-0.69395,-0.69942
0.875863,0.841815,0.817679,0.985232,0.0637159,0.158931,-0.00862081,-0.908552,0.417682,0.17101,-0.412884,-0.894585
0.875863,0.806485,0.950682,0.985232,0.00551573,0.171138,-0.00862081,-0.996616,0.0817499,0.17101,-0.082018,-0.98185
0.875863,0.727797,1.06358,0.985232,-0.0533497,0.162704,-0.00862081,-0.964472,-0.264043,0.17101,0.258741,-0.950689
0.875863,0.615241,1.14276,0.985232,-0.10578,0.134645,-0.00862081,-0.816,-0.577988,0.17101,0.568291,-0.804861
0.875863,0.482392,1.17866,0.985232,-0.145452,0.090346,-0.00862081,-0.569105,-0.822219,0.17101,0.809298,-0.561954
0.875863,0.345274,1.16697,0.985232,-0.167581,0.0351498,-0.00862081,-0.253568,-0.967279,0.17101,0.952691,-0.251268
0.875863,0.220426,1.10908,0.985232,-0.169496,-0.0242859,-0.00862081,0.0925525,-0.99567,0.17101,0.981175,0.0897245
0.749059,0.261041,1.04819,0.900555,-0.354019,0.252332,0.292759,0.0647498,-0.953991,0.321393,0.932994,0.161953
0.749059,0.181896,0.968659,0.900555,-0.418972,0.116033,0.292759,0.387129,-0.874313,0.321393,0.821336,0.471289
0.749059,0.134727,0.866852,0.900555,-0.43339,-0.0342615,0.292759,0.662815,-0.689179,0.321393,0.610614,0.72378
0.749059,0.125222,0.755052,0.900555,-0.395536,-0.180423,0.292759,0.858556,-0.420921,0.321393,0.326242,0.888973
0.749059,0.154528,0.646743,0.900555,-0.309973,-0.304824,0.292759,0.950742,-0.101893,0.321393,0.0025202,0.946943
0.749059,0.219111,0.55499,0.900555,-0.187024,-0.392458,0.292759,0.928255,0.229425,0.321393,-0.321505,0.890697
0.749059,0.311181,0.490858,0.900555,-0.0415165,-0.432756,0.292759,0.793806,0.533071,0.321393,-0.606752,0.72702
0.749059,0.419632,0.462084,0.900555,0.108998,-0.420857,0.292759,0.563613,0.77242,0.321393,-0.818816,0.475654
0.749059,0.531384,0.472137,0.900555,0.246366,-0.358196,0.292759,0.265439,0.918604,0.321393,-0.932119,0.166917
0.749059,0.632959,0.519806,0.900555,0.354019,-0.252332,0.292759,-0.0647498,0.953991,0.321393,-0.932994,-0.161953
0.749059,0.712104,0.599341,0.900555,0.418972,-0.116033,0.292759,-0.387129,0.874313,0.321393,-0.821336,-0.471289
0.749059,0.759273,0.701148,0.900555,0.43339,0.0342615,0.292759,-0.662815,0.689179,0.321393,-0.610614,-0.72378
0.749059,0.768778,0.812948,0.900555,0.395536,0.180423,0.292759,-0.858556,0.420921,0.321393,-0.326242,-0.888973
0.749059,0.739472,0.921257,0.900555,0.309973,0.304824,0.292759,-0.950742,0.101893,0.321393,-0.0025202,-0.946943
0.749059,0.674889,1.01301,0.900555,0.187024,0.392458,0.292759,-0.928255,-0.229425,0.321393,0.321505,-0.890697
0.749059,0.582819,1.07714,0.900555,0.0415165,0.432756,0.292759,-0.793806,-0.533071,0.321393,0.606752,-0.72702
0.749059,0.474368,1.10592,0.900555,-0.108998,0.420857,0.292759,-0.563613,-0.77242,0.321393,0.818816,-0.475654
0.749059,0.362616,1.09586,0.900555,-0.246366,0.358196,0.292759,-0.265439,-0.918604,0.321393,0.932119,-0.166917
0.749059,0.261041,1.04819,0.900555,-0.354019,0.252332,0.292759,0.0647498,-0.953991,0.321393,0.932994,0.161953
0.654934,0.323274,0.954901,0.707258,-0.511342,0.488175,0.558827,-0.0185773,-0.829076,0.433011,0.859176,0.272613
0.654934,0.272284,0.902277,0.707258,-0.647471,0.283845,0.558827,0.266104,-0.78543,0.433011,0.714122,0.550028
0.654934,0.242368,0.835388,0.707258,-0.705504,0.0452795,0.558827,0.518689,-0.64705,0.433011,0.482935,0.761102
0.654934,0.237133,0.762301,0.707258,-0.678444,-0.198748,0.558827,0.708712,-0.430626,0.433011,0.193498,0.880375
0.654934,0.257211,0.69183,0.707258,-0.569553,-0.418803,0.558827,0.813254,-0.162263,0.433011,-0.119277,0.893462
0.654934,0.30018,0.632477,0.707258,-0.391965,-0.588345,0.558827,0.819706,0.125672,0.433011,-0.417666,0.798785
0.654934,0.360859,0.5914,0.707258,-0.167101,-0.686923,0.558827,0.727289,0.39845,0.433011,-0.665678,0.607762
0.654934,0.431927,0.573553,0.707258,0.0779179,-0.702649,0.558827,0.547151,0.623168,0.433011,-0.8334,0.343434
0.654934,0.504813,0.581089,0.707258,0.313539,-0.633624,0.558827,0.301018,0.772723,0.433011,-0.900601,0.037683
0.654934,0.570726,0.613099,0.707258,0.511342,-0.488175,0.558827,0.0185773,0.829076,0.433011,-0.859176,-0.272613
0.654934,0.621716,0.665723,0.707258,0.647471,-0.283845,0.558827,-0.266104,0.78543,0.433011,-0.714122,-0.550028
0.654934,0.651632,0.732612,0.707258,0.705504,-0.0452795,0.558827,-0.518689,0.64705,0.433011,-0.482935,-0.761102
0.654934,0.656867,0.805699,0.707258,0.678444,0.198748,0.558827,-0.708712,0.430626,0.433011,-0.193498,-0.880375
0.654934,0.636789,0.87617,0.707258,0.569553,0.418803,0.558827,-0.813254,0.162263,0.433011,0.119277,-0.893462
0.654934,0.59382,0.935523,0.707258,0.391965,0.588345,0.558827,-0.819706,-0.125672,0.433011,0.417666,-0.798785
0.654934,0.533141,0.9766,0.707258,0.167101,0.686923,0.558827,-0.727289,-0.39845,0.433011,0.665678,-0.607762
0.654934,0.462073,0.994447,0.707258,-0.0779179,0.702649,0.558827,-0.547151,-0.623168,0.433011,0.8334,-0.343434
