0.658953,0.538894,1.09742,0.308961,0.779285,-0.545214,0.951075,-0.253156,0.177112,-3.49349e-06,-0.57326,-0.819374
0.907818,0.31312,1.31273,0.92986,-0.351603,-0.108336,-0.179072,-0.175289,-0.968094,0.321394,0.919592,-0.225957
0.907818,0.184539,1.25449,0.92986,-0.293345,-0.222058,-0.179072,0.16639,-0.969664,0.321394,0.941415,0.102189
0.907818,0.083634,1.15577,0.92986,-0.199706,-0.308996,-0.179072,0.488,-0.854277,0.321394,0.84969,0.41801
0.907818,0.0225762,1.0285,0.92986,-0.0819793,-0.358665,-0.179072,0.75075,-0.635852,0.321394,0.65548,0.683412
0.907818,0.00872987,0.888024,0.92986,0.0456354,-0.365074,-0.179072,0.922948,-0.340734,0.321394,0.382209,0.866384
0.907818,0.0437651,0.751281,0.92986,0.167746,-0.327449,-0.179072,0.983826,-0.00451822,0.321394,0.0628383,0.944858
0.907818,0.123456,0.634768,0.92986,0.269623,-0.250329,-0.179072,0.926039,0.332242,0.321394,-0.264112,0.909368
0.907818,0.238191,0.552538,0.92986,0.338981,-0.143015,-0.179072,0.756558,0.62893,0.321394,-0.559206,0.764195
0.907818,0.374131,0.514508,0.92986,0.367452,-0.0184523,-0.179072,0.495826,0.849759,0.321394,-0.786852,0.526849
0.907818,0.51488,0.525266,0.92986,0.351603,0.108336,-0.179072,0.175289,0.968094,0.321394,-0.919592,0.225957
0.907818,0.643461,0.583514,0.92986,0.293345,0.222058,-0.179072,-0.16639,0.969664,0.321394,-0.941415,-0.102189
0.907818,0.744366,0.682226,0.92986,0.199706,0.308996,-0.179072,-0.488,0.854277,0.321394,-0.84969,-0.41801
0.907818,0.805424,0.809497,0.92986,0.0819793,0.358665,-0.179072,-0.75075,0.635852,0.321394,-0.65548,-0.683412
0.907818,0.81927,0.949976,0.92986,-0.0456354,0.365074,-0.179072,-0.922948,0.340734,0.321394,-0.382209,-0.866384
0.907818,0.784235,1.08672,0.92986,-0.167746,0.327449,-0.179072,-0.983826,0.00451822,0.321394,-0.0628383,-0.944858
0.907818,0.704544,1.20323,0.92986,-0.269623,0.250329,-0.179072,-0.926039,-0.332242,0.321394,0.264112,-0.909368
0.907818,0.589809,1.28546,0.92986,-0.338981,0.143015,-0.179072,-0.756558,-0.62893,0.321394,0.559206,-0.764195
0.907818,0.453869,1.32349,0.92986,-0.367452,0.0184523,-0.179072,-0.495826,-0.849759,0.321394,0.786852,-0.526849
0.907818,0.31312,1.31273,0.92986,-0.351603,-0.108336,-0.179072,-0.175289,-0.968094,0.321394,0.919592,-0.225957
0.809114,0.359796,1.28008,0.796489,-0.601021,0.0661653,-0.0275851,-0.145432,-0.988984,0.604023,0.78589,-0.132414
0.809114,0.239569,1.23976,0.796489,-0.587405,-0.143386,-0.0275851,0.201591,-0.979081,0.604023,0.783783,0.144362
0.809114,0.140381,1.16076,0.796489,-0.502939,-0.335644,-0.0275851,0.524299,-0.851087,0.604023,0.687141,0.403725
0.809114,0.0741954,1.0526,0.796489,-0.357812,-0.487417,-0.0275851,0.783769,-0.620439,0.604023,0.507619,0.614394
0.809114,0.0489952,0.92832,0.796489,-0.169526,-0.580401,-0.0275851,0.948705,-0.314958,0.604023,0.266871,0.750957
0.809114,0.06782,0.802919,0.796489,0.0392062,-0.60338,-0.0275851,0.999213,0.0285129,0.604023,-0.00606594,0.796944
0.809114,0.128399,0.691519,0.796489,0.24321,-0.553582,-0.0275851,0.929201,0.368544,0.604023,-0.278271,0.746808
0.809114,0.223426,0.607557,0.796489,0.417879,-0.437015,-0.0275851,0.747114,0.664124,0.604023,-0.516912,0.606595
0.809114,0.341439,0.561159,0.796489,0.542146,-0.267736,-0.0275851,0.474913,0.8796,0.604023,-0.693207,0.393219
0.809114,0.468204,0.557922,0.796489,0.601021,-0.0661653,-0.0275851,0.145432,0.988984,0.604023,-0.78589,0.132414
0.809114,0.588431,0.598236,0.796489,0.587405,0.143386,-0.0275851,-0.201591,0.979081,0.604023,-0.783783,-0.144362
0.809114,0.687619,0.67724,0.796489,0.502939,0.335644,-0.0275851,-0.524299,0.851087,0.604023,-0.687141,-0.403725
0.809114,0.753805,0.785403,0.796489,0.357812,0.487417,-0.0275851,-0.783769,0.620439,0.604023,-0.507619,-0.614394
0.809114,0.779005,0.90968,0.796489,0.169526,0.580401,-0.0275851,-0.948705,0.314958,0.604023,-0.266871,-0.750957
0.809114,0.76018,1.03508,0.796489,-0.0392062,0.60338,-0.0275851,-0.999213,-0.0285129,0.604023,0.00606594,-0.796944
0.809114,0.699601,1.14648,0.796489,-0.24321,0.553582,-0.0275851,-0.929201,-0.368544,0.604023,0.278271,-0.746808
0.809114,0.604574,1.23044,0.796489,-0.417879,0.437015,-0.0275851,-0.747114,-0.664124,0.604023,0.516912,-0.606595
0.809114,0.486561,1.27684,0.796489,-0.542146,0.267736,-0.0275851,-0.474913,-0.8796,0.604023,0.693207,-0.393219
0.809114,0.359796,1.28008,0.796489,-0.601021,0.0661653,-0.0275851,-0.145432,-0.988984,0.604023,0.78589,-0.132414
0.735846,0.431318,1.23004,0.567051,-0.798022,0.203994,0.127229,-0.159828,-0.978911,0.813797,0.581047,0.0109011
0.735846,0.323892,1.2172,0.567051,-0.819666,-0.0812483,0.127229,0.184618,-0.97454,0.813797,0.542277,0.208973
0.735846,0.227335,1.1684,0.567051,-0.742445,-0.356691,0.127229,0.506797,-0.852625,0.813797,0.4381,0.38184
0.735846,0.153292,1.08952,0.567051,-0.575675,-0.589111,0.127229,0.767848,-0.627871,0.813797,0.281083,0.508652
0.735846,0.110694,0.990067,0.567051,-0.33947,-0.750475,0.127229,0.936286,-0.327386,0.813797,0.0901622,0.574112
0.735846,0.104679,0.882044,0.567051,-0.0623196,-0.821322,0.127229,0.991793,0.0125862,0.813797,-0.111633,0.570326
0.735846,0.135973,0.778479,0.567051,0.222347,-0.793105,0.127229,0.927676,0.351041,0.813797,-0.299964,0.497751
0.735846,0.200802,0.691862,0.567051,0.480196,-0.669227,0.127229,0.751668,0.647154,0.813797,-0.452115,0.365139
0.735846,0.291345,0.632642,0.567051,0.680126,-0.464631,0.127229,0.484997,0.865211,0.813797,-0.549734,0.188486
0.735846,0.396682,0.607961,0.567051,0.798022,-0.203994,0.127229,0.159828,0.978911,0.813797,-0.581047,-0.0109011
0.735846,0.504108,0.620796,0.567051,0.819666,0.0812483,0.127229,-0.184618,0.97454,0.813797,-0.542277,-0.208973
0.735846,0.600665,0.669599,0.567051,0.742445,0.356691,0.127229,-0.506797,0.852625,0.813797,-0.4381,-0.38184
0.735846,0.674708,0.748483,0.567051,0.575675,0.589111,0.127229,-0.767848,0.627871,0.813797,-0.281083,-0.508652
0.735846,0.717306,0.847933,0.567051,0.33947,0.750475,0.127229,-0.936286,0.327386,0.813797,-0.0901622,-0.574112
0.735846,0.723321,0.955956,0.567051,0.0623196,0.821322,0.127229,-0.991793,-0.0125862,0.813797,0.111633,-0.570326
0.735846,0.692027,1.05952,0.567051,-0.222347,0.793105,0.127229,-0.927676,-0.351041,0.813797,0.299964,-0.497751
0.735846,0.627198,1.14614,0.567051,-0.480196,0.669227,0.127229,-0.751668,-0.647154,0.813797,0.452115,-0.365139
0.735846,0.536655,1.20536,0.567051,-0.680126,0.464631,0.127229,-0.484997,-0.865211,0.813797,0.549734,-0.188486
0.735846,0.431318,1.23004,0.567051,-0.798022,0.203994,0.127229,-0.159828,-0.978911,0.813797,0.581047,0.0109011
0.696852,0.51906,1.16865,0.269218,-0.918844,0.288525,0.266698,-0.216742,-0.939093,0.925416,0.329769,0.186703
0.696852,0.427338,1.18953,0.269218,-0.962113,-0.0431385,0.266698,0.117518,-0.956589,0.925416,0.246026,0.288231
0.696852,0.334007,1.17778,0.269218,-0.889336,-0.369599,0.266698,0.437603,-0.858706,0.925416,0.132608,0.354995
0.696852,0.250325,1.13481,0.269218,-0.709292,-0.65148,0.266698,0.704907,-0.65725,0.925416,0.0031951,0.37894
0.696852,0.186384,1.06582,0.269218,-0.443697,-0.854783,0.266698,0.887189,-0.376521,0.925416,-0.126603,0.35718
0.696852,0.149897,0.979112,0.269218,-0.124586,-0.954987,0.266698,0.962463,-0.0503772,0.925416,-0.241131,0.292339
0.696852,0.145265,0.885159,0.269218,0.209552,-0.940005,0.266698,0.921649,0.281843,0.925416,-0.326574,0.192237
0.696852,0.173046,0.795287,0.269218,0.518415,-0.811645,0.266698,0.769671,0.580068,0.925416,-0.372629,0.0689489
0.696852,0.22989,0.720337,0.269218,0.76475,-0.585388,0.266698,0.524859,0.808329,0.925416,-0.373738,-0.0626557
0.696852,0.30894,0.669348,0.269218,0.918844,-0.288525,0.266698,0.216742,0.939093,0.925416,-0.329769,-0.186703
0.696852,0.400662,0.648471,0.269218,0.962113,0.0431385,0.266698,-0.117518,0.956589,0.925416,-0.246026,-0.288231
0.696852,0.493993,0.660224,0.269218,0.889336,0.369599,0.266698,-0.437603,0.858706,0.925416,-0.132608,-0.354995
0.696852,0.577675,0.70319,0.269218,0.709292,0.65148,0.266698,-0.704907,0.65725,0.925416,-0.0031951,-0.37894
0.696852,0.641616,0.772185,0.269218,0.443697,0.854783,0.266698,-0.887189,0.376521,0.925416,0.126603,-0.35718
0.696852,0.678103,0.858888,0.269218,0.124586,0.954987,0.266698,-0.962463,0.0503772,0.925416,0.241131,-0.292339
0.696852,0.682735,0.952841,0.269218,-0.209552,0.940005,0.266698,-0.921649,-0.281843,0.925416,0.326574,-0.192237
0.696852,0.654954,1.04271,0.269218,-0.518415,0.811645,0.266698,-0.769671,-0.580068,0.925416,0.372629,-0.0689489
0.696852,0.59811,1.11766,0.269218,-0.76475,0.585388,0.266698,-0.524859,-0.808329,0.925416,0.373738,0.0626557
0.696852,0.51906,1.16865,0.269218,-0.918844,0.288525,0.266698,-0.216742,-0.939093,0.925416,0.329769,0.186703
0.696834,0.612438,1.10332,-0.061087,-0.948915,0.309563,0.373999,-0.309308,-0.87433,0.925415,0.062366,0.373788
0.696834,0.537429,1.16008,-0.061087,-0.997565,-0.0336537,0.373999,0.00838412,-0.927391,0.925415,-0.069238,0.372576
0.696834,0.447532,1.18775,-0.061087,-0.925894,-0.372811,0.373999,0.325065,-0.868595,0.925415,-0.192491,0.326426
0.696834,0.353592,1.18301,-0.061087,-0.742547,-0.667003,0.373999,0.602538,-0.705034,0.925415,-0.292527,0.240904
0.696834,0.266937,1.14643,-0.061087,-0.469637,-0.880743,0.373999,0.807336,-0.456435,0.925415,-0.357279,0.126326
0.696834,0.19802,1.08242,-0.061087,-0.140083,-0.988254,0.373999,0.914758,-0.152783,0.925415,-0.378939,-0.00348903
0.696834,0.155154,0.998691,-0.061087,0.206368,-0.976566,0.373999,0.911846,0.169297,0.925415,-0.354893,-0.132883
0.696834,0.143508,0.905355,-0.061087,0.527927,-0.84709,0.373999,0.798952,0.470957,0.925415,-0.288041,-0.24625
0.696834,0.164488,0.813664,-0.061087,0.785811,-0.615442,0.373999,0.589693,0.715812,0.925415,-0.186448,-0.329915
0.696834,0.215562,0.734678,-0.061087,0.948915,-0.309563,0.373999,0.309308,0.87433,0.925415,-0.062366,-0.373788
0.696834,0.290571,0.677925,-0.061087,0.997565,0.0336537,0.373999,-0.00838412,0.927391,0.925415,0.069238,-0.372576
0.696834,0.380468,0.650248,-0.061087,0.925894,0.372811,0.373999,-0.325065,0.868595,0.925415,0.192491,-0.326426
0.696834,0.474408,0.654987,-0.061087,0.742547,0.667003,0.373999,-0.602538,0.705034,0.925415,0.292527,-0.240904
0.696834,0.561063,0.69157,-0.061087,0.469637,0.880743,0.373999,-0.807336,0.456435,0.925415,0.357279,-0.126326
0.696834,0.62998,0.755584,-0.061087,0.140083,0.988254,0.373999,-0.914758,0.152783,0.925415,0.378939,0.00348903
0.696834,0.672846,0.839309,-0.061087,-0.206368,0.976566,0.373999,-0.911846,-0.169297,0.925415,0.354893,0.132883
0.696834,0.684492,0.932645,-0.061087,-0.527927,0.84709,0.373999,-0.798952,-0.470957,0.925415,0.288041,0.24625
0.696834,0.663512,1.02434,-0.061087,-0.785811,0.615442,0.373999,-0.589693,-0.715812,0.925415,0.186448,0.329915
0.696834,0.612438,1.10332,-0.061087,-0.948915,0.309563,0.373999,-0.309308,-0.87433,0.925415,0.062366,0.373788
0.735794,0.700189,1.04193,-0.384024,-0.884606,0.264571,0.43619,-0.426362,-0.792435,0.813796,-0.188911,0.549589
0.735794,0.640886,1.1324,-0.384024,-0.921746,-0.053938,0.43619,-0.12962,-0.89047,0.813796,-0.365489,0.451834
0.735794,0.554217,1.19713,-0.384024,-0.84771,-0.365941,0.43619,0.182755,-0.881101,0.813796,-0.497984,0.29958
0.735794,0.450636,1.22831,-0.384024,-0.671428,-0.633806,0.43619,0.473088,-0.765458,0.813796,-0.570414,0.111193
0.735794,0.342636,1.22219,-0.384024,-0.414162,-0.825225,0.43619,0.706359,-0.55749,0.813796,-0.574044,-0.0906058
0.735794,0.243244,1.1795,-0.384024,-0.106941,-0.917109,0.43619,0.854433,-0.28228,0.813796,-0.508436,-0.281476
0.735794,0.164447,1.10538,-0.384024,0.213178,-0.898377,0.43619,0.89945,0.0269773,0.813796,-0.381503,-0.438396
0.735794,0.11575,1.00879,-0.384024,0.507585,-0.771287,0.43619,0.83598,0.33298,0.813796,-0.208555,-0.54244
0.735794,0.103026,0.901368,-0.384024,0.740769,-0.551168,0.43619,0.671678,0.598821,0.813796,-0.0104524,-0.581057
0.735794,0.127811,0.796072,-0.384024,0.884606,-0.264571,0.43619,0.426362,0.792435,0.813796,0.188911,-0.549589
0.735794,0.187114,0.705603,-0.384024,0.921746,0.053938,0.43619,0.12962,0.89047,0.813796,0.365489,-0.451834
0.735794,0.273783,0.640873,-0.384024,0.84771,0.365941,0.43619,-0.182755,0.881101,0.813796,0.497984,-0.29958
0.735794,0.377364,0.609689,-0.384024,0.671428,0.633806,0.43619,-0.473088,0.765458,0.813796,0.570414,-0.111193
0.735794,0.485364,0.615812,-0.384024,0.414162,0.825225,0.43619,-0.706359,0.55749,0.813796,0.574044,0.0906058
0.735794,0.584756,0.658505,-0.384024,0.106941,0.917109,0.43619,-0.854433,0.28228,0.813796,0.508436,0.281476
0.735794,0.663553,0.732617,-0.384024,-0.213178,0.898377,0.43619,-0.89945,-0.0269773,0.813796,0.381503,0.438396
0.735794,0.71225,0.829209,-0.384024,-0.507585,0.771287,0.43619,-0.83598,-0.33298,0.813796,0.208555,0.54244
0.735794,0.724974,0.936632,-0.384024,-0.740769,0.551168,0.43619,-0.671678,-0.598821,0.813796,0.0104524,0.581057
0.735794,0.700189,1.04193,-0.384024,-0.884606,0.264571,0.43619,-0.426362,-0.792435,0.813796,-0.188911,0.549589
0.809034,0.77173,0.991875,-0.660642,-0.733675,0.158975,0.44577,-0.553785,-0.703286,0.604021,-0.393754,0.692904
0.809034,0.725232,1.10983,-0.660642,-0.743802,-0.101545,0.44577,-0.27985,-0.850278,0.604021,-0.606995,0.516445
0.809034,0.641194,1.20477,-0.660642,-0.664215,-0.349816,0.44577,0.027839,-0.894714,0.604021,-0.747023,0.277696
0.809034,0.529754,1.26524,-0.660642,-0.504514,-0.555894,0.44577,0.33217,-0.831235,0.604021,-0.79695,0.00545143
0.809034,0.404351,1.28395,-0.660642,-0.283961,-0.694924,0.44577,0.596437,-0.667497,0.604021,-0.750752,-0.26745
0.809034,0.280113,1.25864,-0.660642,-0.0291579,-0.750135,0.44577,0.788765,-0.423248,0.604021,-0.614003,-0.508093
0.809034,0.172023,1.19237,-0.660642,0.229162,-0.714869,0.44577,0.885956,-0.127949,0.604021,-0.403196,-0.687453
0.809034,0.0931195,1.09312,-0.660642,0.459841,-0.593379,0.44577,0.876288,0.182782,0.604021,-0.143757,-0.783896
0.809034,0.0529187,0.972871,-0.660642,0.635057,-0.400319,0.44577,0.760926,0.471467,0.604021,0.13302,-0.785789
0.809034,0.0562696,0.846125,-0.660642,0.733675,-0.158975,0.44577,0.553785,0.703286,0.604021,0.393754,-0.692904
0.809034,0.102768,0.728169,-0.660642,0.743802,0.101545,0.44577,0.27985,0.850278,0.604021,0.606995,-0.516445
0.809034,0.186806,0.63323,-0.660642,0.664215,0.349816,0.44577,-0.027839,0.894714,0.604021,0.747023,-0.277696
0.809034,0.298246,0.572759,-0.660642,0.504514,0.555894,0.44577,-0.33217,0.831235,0.604021,0.79695,-0.00545143
0.809034,0.423649,0.55405,-0.660642,0.283961,0.694924,0.44577,-0.596437,0.667497,0.604021,0.750752,0.26745
0.809034,0.547887,0.579359,-0.660642,0.0291579,0.750135,0.44577,-0.788765,0.423248,0.604021,0.614003,0.508093
0.809034,0.655977,0.645634,-0.660642,-0.229162,0.714869,0.44577,-0.885956,0.127949,0.604021,0.403196,0.687453
0.809034,0.734881,0.744881,-0.660642,-0.459841,0.593379,0.44577,-0.876288,-0.182782,0.604021,0.143757,0.783896
0.809034,0.775081,0.865129,-0.660642,-0.635057,0.400319,0.44577,-0.760926,-0.471467,0.604021,-0.13302,0.785789
0.809034,0.77173,0.991875,-0.660642,-0.733675,0.158975,0.44577,-0.553785,-0.703286,0.604021,-0.393754,0.692904
0.90772,0.818432,0.959201,-0.857576,-0.514327,0.00551094,0.401584,-0.676209,-0.617634,0.321392,-0.527455,0.786446
0.90772,0.780292,1.0951,-0.857576,-0.485194,-0.170732,0.401584,-0.424185,-0.811663,0.321392,-0.764626,0.558618
0.90772,0.697972,1.20976,-0.857576,-0.39754,-0.326381,0.401584,-0.120999,-0.907794,0.321392,-0.909572,0.263411
0.90772,0.581401,1.28935,-0.857576,-0.261936,-0.442665,0.401584,0.196782,-0.894431,0.321392,-0.94481,-0.0635664
0.90772,0.444639,1.32427,-0.857576,-0.0947392,-0.505556,0.401584,0.490828,-0.773187,0.321392,-0.86609,-0.382877
0.90772,0.304181,1.31031,-0.857576,0.0838847,-0.50747,0.401584,0.725673,-0.558685,0.321392,-0.682907,-0.656007
0.90772,0.176969,1.24915,-0.857576,0.252391,-0.448176,0.401584,0.872991,-0.276797,0.321392,-0.417355,-0.850013
0.90772,0.0783464,1.14817,-0.857576,0.390455,-0.334825,0.401584,0.915014,0.0384762,0.321392,-0.101464,-0.941495
0.90772,0.0202086,1.01955,-0.857576,0.481424,-0.181089,0.401584,0.846672,0.349109,0.321392,0.226665,-0.919418
0.90772,0.00956786,0.878799,-0.857576,0.514327,-0.00551094,0.401584,0.676209,0.617634,0.321392,0.527455,-0.786446
0.90772,0.0477076,0.7429,-0.857576,0.485194,0.170732,0.401584,0.424185,0.811663,0.321392,0.764626,-0.558618
0.90772,0.130028,0.62824,-0.857576,0.39754,0.326381,0.401584,0.120999,0.907794,0.321392,0.909572,-0.263411
0.90772,0.246599,0.548651,-0.857576,0.261936,0.442665,0.401584,-0.196782,0.894431,0.321392,0.94481,0.0635664
0.90772,0.383361,0.513731,-0.857576,0.0947392,0.505556,0.401584,-0.490828,0.773187,0.321392,0.86609,0.382877
0.90772,0.523819,0.527693,-0.857576,-0.0838847,0.50747,0.401584,-0.725673,0.558685,0.321392,0.682907,0.656007
0.90772,0.651031,0.588852,-0.857576,-0.252391,0.448176,0.401584,-0.872991,0.276797,0.321392,0.417355,0.850013
0.90772,0.749654,0.689832,-0.857576,-0.390455,0.334825,0.401584,-0.915014,-0.0384762,0.321392,0.101464,0.941495
0.90772,0.807791,0.818453,-0.857576,-0.481424,0.181089,0.401584,-0.846672,-0.349109,0.321392,-0.226665,0.919418
0.90772,0.818432,0.959201,-0.857576,-0.514327,0.00551094,0.401584,-0.676209,-0.617634,0.321392,-0.527455,0.786446
0.883612,0.185136,1.24582,0.961642,-0.249298,-0.114435,-0.0812368,0.139635,-0.986865,0.262003,0.958307,0.114027
0.883612,0.0871613,1.14783,0.961642,-0.195125,-0.192798,-0.0812368,0.468742,-0.879592,0.262003,0.861515,0.43491
0.883612,0.0286077,1.02224,0.961642,-0.117417,-0.247908,-0.0812368,0.741311,-0.666227,0.262003,0.660811,0.703337
0.883612,0.0165381,0.884206,0.961642,-0.025546,-0.273116,-0.0812368,0.924468,-0.372505,0.262003,0.380404,0.886932
0.883612,0.0524083,0.750364,0.961642,0.0694058,-0.265382,-0.0812368,0.99612,-0.0338537,0.262003,0.054114,0.963549
0.883612,0.131892,0.636863,0.961642,0.155986,-0.22564,-0.0812368,0.947625,0.308881,0.262003,-0.278703,0.923948
0.883612,0.245402,0.557391,0.961642,0.223752,-0.158681,-0.0812368,0.784833,0.61436,0.262003,-0.577903,0.772905
0.883612,0.379247,0.521534,0.961642,0.264531,-0.072584,-0.0812368,0.527378,0.845738,0.262003,-0.807401,0.528638
0.883612,0.517284,0.533618,0.961642,0.273403,0.0222682,-0.0812368,0.206314,0.975108,0.262003,-0.939513,0.22061
0.883612,0.642864,0.592185,0.961642,0.249298,0.114435,-0.0812368,-0.139635,0.986865,0.262003,-0.958307,-0.114027
0.883612,0.740839,0.69017,0.961642,0.195125,0.192798,-0.0812368,-0.468742,0.879592,0.262003,-0.861515,-0.43491
0.883612,0.799392,0.815756,0.961642,0.117417,0.247908,-0.0812368,-0.741311,0.666227,0.262003,-0.660811,-0.703337
0.883612,0.811462,0.953794,0.961642,0.025546,0.273116,-0.0812368,-0.924468,0.372505,0.262003,-0.380404,-0.886932
0.883612,0.775592,1.08764,0.961642,-0.0694058,0.265382,-0.0812368,-0.99612,0.0338537,0.262003,-0.054114,-0.963549
0.883612,0.696108,1.20114,0.961642,-0.155986,0.22564,-0.0812368,-0.947625,-0.308881,0.262003,0.278703,-0.923948
0.883612,0.582598,1.28061,0.961642,-0.223752,0.158681,-0.0812368,-0.784833,-0.61436,0.262003,0.577903,-0.772905
0.883612,0.448753,1.31647,0.961642,-0.264531,0.072584,-0.0812368,-0.527378,-0.845738,0.262003,0.807401,-0.528638
0.883612,0.310716,1.30438,0.961642,-0.273403,-0.0222682,-0.0812368,-0.206314,-0.975108,0.262003,0.939513,-0.22061
0.883612,0.185136,1.24582,0.961642,-0.249298,-0.114435,-0.0812368,0.139635,-0.986865,0.262003,0.958307,0.114027
0.763622,0.241882,1.20611,0.856221,-0.511939,0.0693175,0.156285,0.128792,-0.979279,0.492403,0.849312,0.190283
0.763622,0.154064,1.12993,0.856221,-0.504773,-0.109956,0.156285,0.455958,-0.876172,0.492403,0.733012,0.469289
0.763622,0.097597,1.02831,0.856221,-0.436724,-0.275968,0.156285,0.728129,-0.667385,0.492403,0.528299,0.691693
0.763622,0.0792933,0.913499,0.856221,-0.316,-0.408693,0.156285,0.912477,-0.378102,0.492403,0.259866,0.830668
0.763622,0.10136,0.799354,0.856221,-0.157162,-0.492124,0.156285,0.986766,-0.0432145,0.492403,-0.0399107,0.869452
0.763622,0.161136,0.69964,0.856221,0.0206328,-0.516198,0.156285,0.942037,0.296885,0.492403,-0.334874,0.803367
0.763622,0.251411,0.626385,0.856221,0.195939,-0.478011,0.156285,0.783684,0.601177,0.492403,-0.589446,0.640384
0.763622,0.361297,0.588423,0.856221,0.347611,-0.382168,0.156285,0.530808,0.832957,0.492403,-0.772923,0.400162
0.763622,0.477539,0.590334,0.856221,0.457357,-0.24023,0.156285,0.213908,0.964271,0.492403,-0.863173,0.111674
0.763622,0.586118,0.631886,0.856221,0.511939,-0.0693175,0.156285,-0.128792,0.979279,0.492403,-0.849312,-0.190283
0.763622,0.673936,0.708069,0.856221,0.504773,0.109956,0.156285,-0.455958,0.876172,0.492403,-0.733012,-0.469289
0.763622,0.730403,0.809693,0.856221,0.436724,0.275968,0.156285,-0.728129,0.667385,0.492403,-0.528299,-0.691693
0.763622,0.748707,0.924501,0.856221,0.316,0.408693,0.156285,-0.912477,0.378102,0.492403,-0.259866,-0.830668
0.763622,0.72664,1.03865,0.856221,0.157162,0.492124,0.156285,-0.986766,0.0432145,0.492403,0.0399107,-0.869452
0.763622,0.666864,1.13836,0.856221,-0.0206328,0.516198,0.156285,-0.942037,-0.296885,0.492403,0.334874,-0.803367
0.763622,0.576589,1.21162,0.856221,-0.195939,0.478011,0.156285,-0.783684,-0.601177,0.492403,0.589446,-0.640384
0.763622,0.466703,1.24958,0.856221,-0.347611,0.382168,0.156285,-0.530808,-0.832957,0.492403,0.772923,-0.400162
0.763622,0.350461,1.24767,0.856221,-0.457357,0.24023,0.156285,-0.213908,-0.964271,0.492403,0.863173,-0.111674
0.763622,0.241882,1.20611,0.856221,-0.511939,0.0693175,0.156285,0.128792,-0.979279,0.492403,0.849312,0.190283
0.674556,0.328832,1.14528,0.647527,-0.729196,0.221318,0.374957,0.0520395,-0.92558,0.663413,0.682323,0.307114
0.674556,0.256576,1.10251,0.647527,-0.760916,-0.0414287,0.374957,0.365468,-0.851962,0.663413,0.536134,0.521961
0.674556,0.203307,1.0376,0.647527,-0.700858,-0.299179,0.374957,0.634816,-0.675585,0.663413,0.32528,0.673852
0.674556,0.175451,0.958383,0.647527,-0.556265,-0.520843,0.374957,0.827596,-0.417723,0.663413,0.0751925,0.744466
0.674556,0.176368,0.874419,0.647527,-0.34458,-0.679687,0.374957,0.920555,-0.109476,0.663413,-0.183965,0.725287
0.674556,0.205946,0.795833,0.647527,-0.0913324,-0.75655,0.374957,0.902482,0.211974,0.663413,-0.420933,0.618627
0.674556,0.260619,0.732102,0.647527,0.172931,-0.742162,0.374957,0.775556,0.507858,0.663413,-0.60713,0.437352
0.674556,0.333792,0.690914,0.647527,0.416336,-0.638258,0.374957,0.555087,0.742486,0.663413,-0.720099,0.203325
0.674556,0.416639,0.677236,0.647527,0.609525,-0.457371,0.374957,0.267666,0.88756,0.663413,-0.746213,-0.0552251
0.674556,0.499168,0.692719,0.647527,0.729196,-0.221318,0.374957,-0.0520395,0.92558,0.663413,-0.682323,-0.307114
0.674556,0.571424,0.735495,0.647527,0.760916,0.0414287,0.374957,-0.365468,0.851962,0.663413,-0.536134,-0.521961
0.674556,0.624693,0.800404,0.647527,0.700858,0.299179,0.374957,-0.634816,0.675585,0.663413,-0.32528,-0.673852
0.674556,0.652549,0.879617,0.647527,0.556265,0.520843,0.374957,-0.827596,0.417723,0.663413,-0.0751925,-0.744466
0.674556,0.651632,0.963581,0.647527,0.34458,0.679687,0.374957,-0.920555,0.109476,0.663413,0.183965,-0.725287
0.674556,0.622054,1.04217,0.647527,0.0913324,0.75655,0.374957,-0.902482,-0.211974,0.663413,0.420933,-0.618627
0.674556,0.567381,1.1059,0.647527,-0.172931,0.742162,0.374957,-0.775556,-0.507858,0.663413,0.60713,-0.437352
0.674556,0.494208,1.14709,0.647527,-0.416336,0.638258,0.374957,-0.555087,-0.742486,0.663413,0.720099,-0.203325
0.674556,0.411361,1.16076,0.647527,-0.609525,0.457371,0.374957,-0.267666,-0.88756,0.663413,0.746213,0.0552251
0.674556,0.328832,1.14528,0.647527,-0.729196,0.221318,0.374957,0.0520395,-0.92558,0.663413,0.682323,0.307114
0.627155,0.435498,1.07065,0.360731,-0.874867,0.323234,0.548404,-0.0813655,-0.832246,0.754404,0.47748,0.450429
0.627155,0.382333,1.06886,0.360731,-0.932659,0.00451882,0.548404,0.208186,-0.809884,0.754404,0.294629,0.586573
0.627155,0.332988,1.04899,0.360731,-0.877958,-0.314742,0.548404,0.472628,-0.689838,0.754404,0.0762406,0.651967
0.627155,0.293413,1.01344,0.360731,-0.717363,-0.59604,0.548404,0.680063,-0.486587,0.754404,-0.151343,0.638725
0.627155,0.268384,0.966506,0.360731,-0.470243,-0.805447,0.548404,0.805473,-0.224647,0.754404,-0.360673,0.548442
0.627155,0.260917,0.913837,0.360731,-0.166405,-0.917705,0.548404,0.833731,0.0643886,0.754404,-0.5265,0.39201
0.627155,0.271915,0.861791,0.360731,0.157504,-0.919274,0.548404,0.761429,0.345658,0.754404,-0.628823,0.188295
0.627155,0.30005,0.816645,0.360731,0.462416,-0.809966,0.548404,0.597287,0.585236,0.754404,-0.655301,-0.0381306
0.627155,0.34193,0.783845,0.360731,0.711553,-0.602963,0.548404,0.361103,0.754227,0.754404,-0.60274,-0.259957
0.627155,0.392502,0.767346,0.360731,0.874867,-0.323234,0.548404,0.0813655,0.832246,0.754404,-0.47748,-0.450429
0.627155,0.445667,0.769139,0.360731,0.932659,-0.00451882,0.548404,-0.208186,0.809884,0.754404,-0.294629,-0.586573
0.627155,0.495012,0.789008,0.360731,0.877958,0.314742,0.548404,-0.472628,0.689838,0.754404,-0.0762406,-0.651967
0.627155,0.534587,0.824555,0.360731,0.717363,0.59604,0.548404,-0.680063,0.486587,0.754404,0.151343,-0.638725
0.627155,0.559616,0.871494,0.360731,0.470243,0.805447,0.548404,-0.805473,0.224647,0.754404,0.360673,-0.548442
0.627155,0.567083,0.924163,0.360731,0.166405,0.917705,0.548404,-0.833731,-0.0643886,0.754404,0.5265,-0.39201
0.627155,0.556085,0.976209,0.360731,-0.157504,0.919274,0.548404,-0.761429,-0.345658,0.754404,0.628823,-0.188295
0.627155,0.52795,1.02135,0.360731,-0.462416,0.809966,0.548404,-0.597287,-0.585236,0.754404,0.655301,0.0381306
0.627155,0.48607,1.05415,0.360731,-0.711553,0.602963,0.548404,-0.361103,-0.754227,0.754404,0.60274,0.259957
0.627155,0.435498,1.07065,0.360731,-0.874867,0.323234,0.548404,-0.0813655,-0.832246,0.754404,0.47748,0.450429
0.627137,0.549015,0.991233,0.0304265,-0.931381,0.362773,0.655705,-0.255332,-0.710533,0.754404,0.259491,0.602942
0.627137,0.516168,1.03305,0.0304265,-0.999287,0.0223443,0.655705,0.00308279,-0.755011,0.754404,0.0376237,0.655331
0.627137,0.470997,1.06112,0.0304265,-0.946665,-0.32078,0.655705,0.261126,-0.708424,0.754404,-0.188782,0.628678
0.627137,0.418952,1.07204,0.0304265,-0.779861,-0.625213,0.655705,0.487673,-0.576391,0.754404,-0.392417,0.526197
0.627137,0.36631,1.06451,0.0304265,-0.518994,-0.854236,0.655705,0.6554,-0.374836,0.754404,-0.548722,0.360249
0.627137,0.319419,1.03942,0.0304265,-0.195529,-0.980226,0.655705,0.744076,-0.12807,0.754404,-0.638842,0.150849
0.627137,0.283937,0.99981,0.0304265,0.15152,-0.987986,0.655705,0.743005,0.134142,0.754404,-0.651908,-0.076745
0.627137,0.264142,0.950453,0.0304265,0.480293,-0.87658,0.655705,0.652317,0.380175,0.754404,-0.586345,-0.295083
0.627137,0.262422,0.897301,0.0304265,0.751136,-0.659446,0.655705,0.48295,0.580354,0.754404,-0.45006,-0.477829
0.627137,0.278985,0.846767,0.0304265,0.931381,-0.362773,0.655705,0.255332,0.710533,0.754404,-0.259491,-0.602942
0.627137,0.311832,0.804945,0.0304265,0.999287,-0.0223443,0.655705,-0.00308279,0.755011,0.754404,-0.0376237,-0.655331
0.627137,0.357003,0.77688,0.0304265,0.946665,0.32078,0.655705,-0.261126,0.708424,0.754404,0.188782,-0.628678
0.627137,0.409048,0.765957,0.0304265,0.779861,0.625213,0.655705,-0.487673,0.576391,0.754404,0.392417,-0.526197
0.627137,0.46169,0.773493,0.0304265,0.518994,0.854236,0.655705,-0.6554,0.374836,0.754404,0.548722,-0.360249
0.627137,0.508581,0.798579,0.0304265,0.195529,0.980226,0.655705,-0.744076,0.12807,0.754404,0.638842,-0.150849
0.627137,0.544063,0.83819,0.0304265,-0.15152,0.987986,0.655705,-0.743005,-0.134142,0.754404,0.651908,0.076745
0.627137,0.563858,0.887547,0.0304265,-0.480293,0.87658,0.655705,-0.652317,-0.380175,0.754404,0.586345,0.295083
0.627137,0.565578,0.940699,0.0304265,-0.751136,0.659446,0.655705,-0.48295,-0.580354,0.754404,0.45006,0.477829
0.627137,0.549015,0.991233,0.0304265,-0.931381,0.362773,0.655705,-0.255332,-0.710533,0.754404,0.259491,0.602942
0.674504,0.655692,0.916599,-0.303548,-0.891921,0.335166,0.683918,-0.448878,-0.575122,0.663411,0.0546486,0.746257
0.674504,0.641937,0.999407,-0.303548,-0.952765,0.00989787,0.683918,-0.225104,-0.693963,0.663411,-0.203882,0.719943
0.674504,0.60069,1.07252,-0.303548,-0.898691,-0.316564,0.683918,0.0258211,-0.729102,0.663411,-0.437821,0.606793
0.674504,0.536925,1.12711,-0.303548,-0.736222,-0.604843,0.683918,0.273631,-0.6763,0.663411,-0.618953,0.420455
0.674504,0.458334,1.1566,-0.303548,-0.484954,-0.820169,0.683918,0.488438,-0.541927,0.663411,-0.72543,0.183404
0.674504,0.374396,1.15744,-0.303548,-0.175193,-0.936571,0.683918,0.644331,-0.342189,0.663411,-0.744409,-0.0757677
0.674504,0.295234,1.12951,-0.303548,0.155698,-0.940009,0.683918,0.722509,-0.101178,0.663411,-0.673601,-0.325801
0.674504,0.230397,1.0762,-0.303548,0.467811,-0.830067,0.683918,0.713541,0.152036,0.663411,-0.521548,-0.536538
0.674504,0.187705,1.00392,-0.303548,0.723498,-0.620008,0.683918,0.61851,0.386913,0.663411,-0.306588,-0.682561
0.674504,0.172308,0.921401,-0.303548,0.891921,-0.335166,0.683918,0.448878,0.575122,0.663411,-0.0546486,-0.746257
0.674504,0.186063,0.838593,-0.303548,0.952765,-0.00989787,0.683918,0.225104,0.693963,0.663411,0.203882,-0.719943
0.674504,0.22731,0.765483,-0.303548,0.898691,0.316564,0.683918,-0.0258211,0.729102,0.663411,0.437821,-0.606793
0.674504,0.291075,0.710889,-0.303548,0.736222,0.604843,0.683918,-0.273631,0.6763,0.663411,0.618953,-0.420455
0.674504,0.369666,0.681397,-0.303548,0.484954,0.820169,0.683918,-0.488438,0.541927,0.663411,0.72543,-0.183404
0.674504,0.453604,0.680563,-0.303548,0.175193,0.936571,0.683918,-0.644331,0.342189,0.663411,0.744409,0.0757677
0.674504,0.532766,0.708488,-0.303548,-0.155698,0.940009,0.683918,-0.722509,0.101178,0.663411,0.673601,0.325801
0.674504,0.597603,0.761804,-0.303548,-0.467811,0.830067,0.683918,-0.713541,-0.152036,0.663411,0.521548,0.536538
0.674504,0.640295,0.83408,-0.303548,-0.723498,0.620008,0.683918,-0.61851,-0.386913,0.663411,0.306588,0.682561
0.674504,0.655692,0.916599,-0.303548,-0.891921,0.335166,0.683918,-0.448878,-0.575122,0.663411,0.0546486,0.746257
0.763543,0.742661,0.855752,-0.60091,-0.761247,0.243742,0.629641,-0.638657,-0.442346,0.492402,-0.11234,0.863088
0.763543,0.744472,0.971975,-0.60091,-0.798702,-0.0313194,0.629641,-0.44885,-0.634103,0.492402,-0.400759,0.772614
0.763543,0.706423,1.08181,-0.60091,-0.739823,-0.302603,0.629641,-0.204906,-0.749377,0.492402,-0.64084,0.588952
0.763543,0.633104,1.172,-0.60091,-0.59171,-0.537388,0.629641,0.0637539,-0.774266,0.492402,-0.803626,0.334254
0.763543,0.533358,1.23168,-0.60091,-0.372228,-0.707356,0.629641,0.324724,-0.705767,0.492402,-0.869483,0.0392399
0.763543,0.419215,1.25365,-0.60091,-0.10785,-0.792007,0.629641,0.546527,-0.552142,0.492402,-0.830468,-0.260507
0.763543,0.304444,1.23525,-0.60091,0.169537,-0.78113,0.629641,0.702411,-0.331921,0.492402,-0.691286,-0.528833
0.763543,0.202886,1.17871,-0.60091,0.426475,-0.676037,0.629641,0.773574,-0.0716646,0.492402,-0.468724,-0.733375
0.763543,0.126792,1.09084,-0.60091,0.631973,-0.489404,0.629641,0.751433,0.197235,0.492402,-0.189628,-0.84946
0.763543,0.0853395,0.982248,-0.60091,0.761247,-0.243742,0.629641,0.638657,0.442346,0.492402,0.11234,-0.863088
0.763543,0.0835282,0.866025,-0.60091,0.798702,0.0313194,0.629641,0.44885,0.634103,0.492402,0.400759,-0.772614
0.763543,0.121577,0.756192,-0.60091,0.739823,0.302603,0.629641,0.204906,0.749377,0.492402,0.64084,-0.588952
0.763543,0.194896,0.665995,-0.60091,0.59171,0.537388,0.629641,-0.0637539,0.774266,0.492402,0.803626,-0.334254
0.763543,0.294642,0.606315,-0.60091,0.372228,0.707356,0.629641,-0.324724,0.705767,0.492402,0.869483,-0.0392399
0.763543,0.408785,0.58435,-0.60091,0.10785,0.792007,0.629641,-0.546527,0.552142,0.492402,0.830468,0.260507
0.763543,0.523556,0.602748,-0.60091,-0.169537,0.78113,0.629641,-0.702411,0.331921,0.492402,0.691286,0.528833
0.763543,0.625114,0.659291,-0.60091,-0.426475,0.676037,0.629641,-0.773574,0.0716646,0.492402,0.468724,0.733375
0.763543,0.701208,0.747158,-0.60091,-0.631973,0.489404,0.629641,-0.751433,-0.197235,0.492402,0.189628,0.84946
0.763543,0.742661,0.855752,-0.60091,-0.761247,0.243742,0.629641,-0.638657,-0.442346,0.492402,-0.11234,0.863088
0.883514,0.799432,0.816033,-0.825794,-0.55512,0.0995285,0.499419,-0.801781,-0.328219,0.262001,-0.221335,0.939344
0.883514,0.811404,0.954068,-0.825794,-0.555683,-0.096336,0.499419,-0.64117,-0.58265,0.262001,-0.529261,0.806993
0.883514,0.775444,1.08787,-0.825794,-0.489222,-0.280581,0.499419,-0.403225,-0.766805,0.262001,-0.773351,0.577308
0.883514,0.695888,1.20131,-0.825794,-0.363754,-0.430984,0.499419,-0.116645,-0.858472,0.262001,-0.924163,0.27799
0.883514,0.582332,1.2807,-0.825794,-0.194412,-0.529403,0.499419,0.184004,-0.846595,0.262001,-0.963507,-0.0548567
0.883514,0.448473,1.31646,-0.825794,-0.00162088,-0.563969,0.499419,0.46246,-0.732606,0.262001,-0.886639,-0.381087
0.883514,0.310456,1.30428,-0.825794,0.191366,-0.530512,0.499419,0.685136,-0.530253,0.262001,-0.702828,-0.661353
0.883514,0.184928,1.24563,-0.825794,0.361271,-0.433067,0.499419,0.825175,-0.263945,0.262001,-0.434246,-0.86185
0.883514,0.0870292,1.14758,-0.825794,0.487601,-0.283388,0.499419,0.865685,0.0341994,0.262001,-0.113288,-0.958395
0.883514,0.028568,1.02197,-0.825794,0.55512,-0.0995285,0.499419,0.801781,0.328219,0.262001,0.221335,-0.939344
0.883514,0.0165957,0.883932,-0.825794,0.555683,0.096336,0.499419,0.64117,0.58265,0.262001,0.529261,-0.806993
0.883514,0.0525562,0.750126,-0.825794,0.489222,0.280581,0.499419,0.403225,0.766805,0.262001,0.773351,-0.577308
0.883514,0.132112,0.63669,-0.825794,0.363754,0.430984,0.499419,0.116645,0.858472,0.262001,0.924163,-0.27799
0.883514,0.245668,0.557304,-0.825794,0.194412,0.529403,0.499419,-0.184004,0.846595,0.262001,0.963507,0.0548567
0.883514,0.379527,0.521544,-0.825794,0.00162088,0.563969,0.499419,-0.46246,0.732606,0.262001,0.886639,0.381087
0.883514,0.517544,0.533723,-0.825794,-0.191366,0.530512,0.499419,-0.685136,0.530253,0.262001,0.702828,0.661353
0.883514,0.643072,0.592372,-0.825794,-0.361271,0.433067,0.499419,-0.825175,0.263945,0.262001,0.434246,0.86185
0.883514,0.740971,0.690417,-0.825794,-0.487601,0.283388,0.499419,-0.865685,-0.0341994,0.262001,0.113288,0.958395
0.883514,0.799432,0.816033,-0.825794,-0.55512,0.0995285,0.499419,-0.801781,-0.328219,0.262001,-0.221335,0.939344
0.875863,0.0847554,1.13948,0.985232,-0.149073,-0.0842386,-0.00862081,0.44816,-0.893912,0.17101,0.881436,0.440257
0.875863,0.0292032,1.01357,0.985232,-0.111271,-0.130144,-0.00862081,0.726869,-0.686722,0.17101,0.677702,0.715175
0.875863,0.0200632,0.876262,0.985232,-0.0600487,-0.160353,-0.00862081,0.917906,-0.396704,0.17101,0.392228,0.903832
0.875863,0.0584378,0.744105,0.985232,-0.00158349,-0.17122,-0.00862081,0.99823,-0.0588377,0.17101,0.0594448,0.983474
0.875863,0.139698,0.633043,0.985232,0.0570727,-0.161436,-0.00862081,0.958153,0.286126,0.17101,-0.280508,0.944495
0.875863,0.254044,0.556472,0.985232,0.108845,-0.13218,-0.00862081,0.802509,0.596578,0.17101,-0.586628,0.791595
0.875863,0.387682,0.523627,0.985232,0.147489,-0.0869813,-0.00862081,0.55007,0.835074,0.17101,-0.821991,0.543218
0.875863,0.524495,0.538469,0.985232,0.168344,-0.0312915,-0.00862081,0.231285,0.972848,0.17101,-0.958211,0.22932
0.875863,0.647981,0.59921,0.985232,0.168894,0.0281726,-0.00862081,-0.115397,0.993282,0.17101,-0.978856,-0.112237
0.875863,0.743245,0.698522,0.985232,0.149073,0.0842386,-0.00862081,-0.44816,0.893912,0.17101,-0.881436,-0.440257
0.875863,0.798797,0.824426,0.985232,0.111271,0.130144,-0.00862081,-0.726869,0.686722,0.17101,-0.677702,-0.715175
0.875863,0.807937,0.961738,0.985232,0.0600487,0.160353,-0.00862081,-0.917906,0.396704,0.17101,-0.392228,-0.903832
0.875863,0.769562,1.0939,0.985232,0.00158349,0.17122,-0.00862081,-0.99823,0.0588377,0.17101,-0.0594448,-0.983474
0.875863,0.688302,1.20496,0.985232,-0.0570727,0.161436,-0.00862081,-0.958153,-0.286126,0.17101,0.280508,-0.944495
0.875863,0.573956,1.28153,0.985232,-0.108845,0.13218,-0.00862081,-0.802509,-0.596578,0.17101,0.586628,-0.791595
0.875863,0.440318,1.31437,0.985232,-0.147489,0.0869813,-0.00862081,-0.55007,-0.835074,0.17101,0.821991,-0.543218
0.875863,0.303505,1.29953,0.985232,-0.168344,0.0312915,-0.00862081,-0.231285,-0.972848,0.17101,0.958211,-0.22932
0.875863,0.180019,1.23879,0.985232,-0.168894,-0.0281726,-0.00862081,0.115397,-0.993282,0.17101,0.978856,0.112237
0.875863,0.0847554,1.13948,0.985232,-0.149073,-0.0842386,-0.00862081,0.44816,-0.893912,0.17101,0.881436,0.440257
0.749059,0.144725,1.09752,0.900555,-0.421526,0.106379,0.292759,0.407109,-0.865191,0.321393,0.810295,0.490029
0.749059,0.0999062,0.994658,0.900555,-0.432489,-0.0442067,0.292759,0.67847,-0.673774,0.321393,0.593828,0.737614
0.749059,0.0929718,0.882669,0.900555,-0.391287,-0.189461,0.292759,0.867997,-0.40109,0.321393,0.305737,0.896232
0.749059,0.124758,0.775062,0.900555,-0.30289,-0.311863,0.292759,0.952831,-0.0800288,0.321393,-0.0192303,0.946751
0.749059,0.191431,0.684816,0.900555,-0.17796,-0.39665,0.292759,0.92274,0.250685,0.321393,-0.341878,0.883078
0.749059,0.28495,0.622816,0.900555,-0.0315658,-0.433595,0.292759,0.781353,0.551163,0.321393,-0.623291,0.712892
0.749059,0.394033,0.59654,0.900555,0.118636,-0.418242,0.292759,0.545723,0.785162,0.321393,-0.829525,0.456721
0.749059,0.505525,0.609158,0.900555,0.254529,-0.352443,0.292759,0.24427,0.924459,0.321393,-0.935707,0.145463
0.749059,0.605978,0.659147,0.900555,0.359721,-0.244134,0.292759,-0.0866444,0.952253,0.321393,-0.929028,-0.18334
0.749059,0.683275,0.740478,0.900555,0.421526,-0.106379,0.292759,-0.407109,0.865191,0.321393,-0.810295,-0.490029
0.749059,0.728094,0.843342,0.900555,0.432489,0.0442067,0.292759,-0.67847,0.673774,0.321393,-0.593828,-0.737614
0.749059,0.735028,0.955331,0.900555,0.391287,0.189461,0.292759,-0.867997,0.40109,0.321393,-0.305737,-0.896232
0.749059,0.703242,1.06294,0.900555,0.30289,0.311863,0.292759,-0.952831,0.0800288,0.321393,0.0192303,-0.946751
0.749059,0.636569,1.15318,0.900555,0.17796,0.39665,0.292759,-0.92274,-0.250685,0.321393,0.341878,-0.883078
0.749059,0.54305,1.21518,0.900555,0.0315658,0.433595,0.292759,-0.781353,-0.551163,0.321393,0.623291,-0.712892
0.749059,0.433967,1.24146,0.900555,-0.118636,0.418242,0.292759,-0.545723,-0.785162,0.321393,0.829525,-0.456721
0.749059,0.322475,1.22884,0.900555,-0.254529,0.352443,0.292759,-0.24427,-0.924459,0.321393,0.935707,-0.145463
0.749059,0.222022,1.17885,0.900555,-0.359721,0.244134,0.292759,0.0866444,-0.952253,0.321393,0.929028,0.18334
0.749059,0.144725,1.09752,0.900555,-0.421526,0.106379,0.292759,0.407109,-0.865191,0.321393,0.810295,0.490029
0.654934,0.236614,1.03323,0.707258,-0.653819,0.268899,0.558827,0.284074,-0.779111,0.433011,0.701301,0.566285
0.654934,0.208241,0.965674,0.707258,-0.706358,0.0290632,0.558827,0.533414,-0.634966,0.433011,0.465326,0.771993
0.654934,0.204687,0.892486,0.707258,-0.6737,-0.214278,0.558827,0.718416,-0.414235,0.433011,0.173226,0.884587
0.654934,0.226378,0.822496,0.707258,-0.559783,-0.431774,0.558827,0.816767,-0.143541,0.433011,-0.139767,0.890487
0.654934,0.270699,0.764145,0.707258,-0.378348,-0.597192,0.558827,0.816604,0.144467,0.433011,-0.435903,0.788981
0.654934,0.332305,0.724472,0.707258,-0.151279,-0.69058,0.558827,0.717946,0.415049,0.433011,-0.679462,0.592312
0.654934,0.403764,0.708262,0.707258,0.0940361,-0.700674,0.558827,0.532693,0.635571,0.433011,-0.841068,0.324202
0.654934,0.476458,0.717471,0.707258,0.32801,-0.626256,0.558827,0.28319,0.779433,0.433011,-0.901229,0.0169876
0.654934,0.541619,0.750986,0.707258,0.52242,-0.476302,0.558827,-0.000470188,0.829284,0.433011,-0.852688,-0.292275
0.654934,0.591386,0.804767,0.707258,0.653819,-0.268899,0.558827,-0.284074,0.779111,0.433011,-0.701301,-0.566285
0.654934,0.619759,0.872326,0.707258,0.706358,-0.0290632,0.558827,-0.533414,0.634966,0.433011,-0.465326,-0.771993
0.654934,0.623313,0.945514,0.707258,0.6737,0.214278,0.558827,-0.718416,0.414235,0.433011,-0.173226,-0.884587
0.654934,0.601622,1.0155,0.707258,0.559783,0.431774,0.558827,-0.816767,0.143541,0.433011,0.139767,-0.890487
0.654934,0.557301,1.07386,0.707258,0.378348,0.597192,0.558827,-0.816604,-0.144467,0.433011,0.435903,-0.788981
0.654934,0.495695,1.11353,0.707258,0.151279,0.69058,0.558827,-0.717946,-0.415049,0.433011,0.679462,-0.592312
0.654934,0.424236,1.12974,0.707258,-0.0940361,0.700674,0.558827,-0.532693,-0.635571,0.433011,0.841068,-0.324202
0.654934,0.351542,1.12053,0.707258,-0.32801,0.626256,0.558827,-0.28319,-0.779433,0.433011,0.901229,-0.0169876
