0.658953,0.172347,0.913556,0.308961,-0.13317,0.941705,0.951075,0.0432646,-0.305916,-3.49349e-06,0.990148,0.140022
0.907818,0.169002,0.601592,0.92986,0.319111,-0.18311,-0.179072,0.827316,0.53243,0.321394,-0.462295,0.826431
0.907818,0.29932,0.54734,0.92986,0.362494,-0.0629251,-0.179072,0.59532,0.783279,0.321394,-0.717072,0.618477
0.907818,0.440334,0.540931,0.92986,0.362154,0.0648499,-0.179072,0.291521,0.939654,0.321394,-0.885359,0.335925
0.907818,0.575035,0.583138,0.92986,0.318134,0.184803,-0.179072,-0.0474404,0.982691,0.321394,-0.946858,0.012856
0.907818,0.687178,0.668871,0.92986,0.235742,0.282466,-0.179072,-0.38068,0.907202,0.321394,-0.894153,-0.311764
0.907818,0.763235,0.787788,0.92986,0.124915,0.34606,-0.179072,-0.668003,0.722291,0.321394,-0.733599,-0.59878
0.907818,0.794033,0.925547,0.92986,-0.00097728,0.367913,-0.179072,-0.874756,0.450261,0.321394,-0.484563,-0.813575
0.907818,0.775858,1.06553,0.92986,-0.126752,0.345391,-0.179072,-0.976,0.123923,0.321394,-0.177081,-0.930241
0.907818,0.710901,1.19086,0.92986,-0.237239,0.28121,-0.179072,-0.959524,-0.217362,0.321394,0.151759,-0.934706
0.907818,0.606998,1.28641,0.92986,-0.319111,0.18311,-0.179072,-0.827316,-0.53243,0.321394,0.462295,-0.826431
0.907818,0.47668,1.34066,0.92986,-0.362494,0.0629251,-0.179072,-0.59532,-0.783279,0.321394,0.717072,-0.618477
0.907818,0.335666,1.34707,0.92986,-0.362154,-0.0648499,-0.179072,-0.291521,-0.939654,0.321394,0.885359,-0.335925
0.907818,0.200965,1.30486,0.92986,-0.318134,-0.184803,-0.179072,0.0474404,-0.982691,0.321394,0.946858,-0.012856
0.907818,0.0888223,1.21913,0.92986,-0.235742,-0.282466,-0.179072,0.38068,-0.907202,0.321394,0.894153,0.311764
0.907818,0.0127652,1.10021,0.92986,-0.124915,-0.34606,-0.179072,0.668003,-0.722291,0.321394,0.733599,0.59878
0.907818,-0.0180331,0.962453,0.92986,0.00097728,-0.367913,-0.179072,0.874756,-0.450261,0.321394,0.484563,0.813575
0.907818,0.000142245,0.822469,0.92986,0.126752,-0.345391,-0.179072,0.976,-0.123923,0.321394,0.177081,0.930241
0.907818,0.0650989,0.697143,0.92986,0.237239,-0.28121,-0.179072,0.959524,0.217362,0.321394,-0.151759,0.934706
0.907818,0.169002,0.601592,0.92986,0.319111,-0.18311,-0.179072,0.827316,0.53243,0.321394,-0.462295,0.826431
0.809114,0.161026,0.657996,0.796489,0.361734,-0.484513,-0.0275851,0.822213,0.568511,0.604023,-0.439447,0.664863
0.809114,0.272533,0.597615,0.796489,0.505632,-0.331574,-0.0275851,0.578186,0.815439,0.604023,-0.640342,0.474467
0.809114,0.397967,0.579012,0.796489,0.588543,-0.138641,-0.0275851,0.26442,0.964013,0.604023,-0.764002,0.226843
0.809114,0.522199,0.604433,0.796489,0.600468,0.0710138,-0.0275851,-0.081238,0.996313,0.604023,-0.795512,-0.0481412
0.809114,0.630245,0.67081,0.796489,0.539967,0.272103,-0.0275851,-0.417098,0.908443,0.604023,-0.731071,-0.317319
0.809114,0.709072,0.770138,0.796489,0.414338,0.440373,-0.0275851,-0.70265,0.711001,0.604023,-0.578453,-0.548223
0.809114,0.749174,0.890437,0.796489,0.238734,0.555527,-0.0275851,-0.903451,0.427802,0.604023,-0.356064,-0.713004
0.809114,0.745712,1.0172,0.796489,0.0343352,0.603677,-0.0275851,-0.995284,0.0930041,0.604023,-0.0907293,-0.791786
0.809114,0.699105,1.13513,0.796489,-0.174205,0.579014,-0.0275851,-0.96707,-0.253012,0.604023,0.185549,-0.775066
0.809114,0.614974,1.23,0.796489,-0.361734,0.484513,-0.0275851,-0.822213,-0.568511,0.604023,0.439447,-0.664863
0.809114,0.503467,1.29039,0.796489,-0.505632,0.331574,-0.0275851,-0.578186,-0.815439,0.604023,0.640342,-0.474467
0.809114,0.378033,1.30899,0.796489,-0.588543,0.138641,-0.0275851,-0.26442,-0.964013,0.604023,0.764002,-0.226843
0.809114,0.253801,1.28357,0.796489,-0.600468,-0.0710138,-0.0275851,0.081238,-0.996313,0.604023,0.795512,0.0481412
0.809114,0.145755,1.21719,0.796489,-0.539967,-0.272103,-0.0275851,0.417098,-0.908443,0.604023,0.731071,0.317319
0.809114,0.0669277,1.11786,0.796489,-0.414338,-0.440373,-0.0275851,0.70265,-0.711001,0.604023,0.578453,0.548223
0.809114,0.0268264,0.997563,0.796489,-0.238734,-0.555527,-0.0275851,0.903451,-0.427802,0.604023,0.356064,0.713004
0.809114,0.0302881,0.870805,0.796489,-0.0343352,-0.603677,-0.0275851,0.995284,-0.0930041,0.604023,0.0907293,0.791786
0.809114,0.0768951,0.752874,0.796489,0.174205,-0.579014,-0.0275851,0.96707,0.253012,0.604023,-0.185549,0.775066
0.809114,0.161026,0.657996,0.796489,0.361734,-0.484513,-0.0275851,0.822213,0.568511,0.604023,-0.439447,0.664863
0.735846,0.148804,0.744425,0.567051,0.395399,-0.722574,0.127229,0.824673,0.551114,0.813797,-0.404442,0.417326
0.735846,0.231488,0.674651,0.567051,0.618688,-0.543763,0.127229,0.586448,0.799932,0.813797,-0.522785,0.25383
0.735846,0.333049,0.637364,0.567051,0.767355,-0.299366,0.127229,0.277487,0.952268,0.813797,-0.578072,0.0597196
0.735846,0.441239,0.637062,0.567051,0.823467,-0.0188615,0.127229,-0.0649418,0.989745,0.813797,-0.563636,-0.141594
0.735846,0.543007,0.673782,0.567051,0.780257,0.263918,0.127229,-0.399538,0.907845,0.813797,-0.481216,-0.32583
0.735846,0.626079,0.743093,0.567051,0.642936,0.514865,0.127229,-0.685944,0.716445,0.813797,-0.340755,-0.470766
0.735846,0.680435,0.836637,0.567051,0.428068,0.703712,0.127229,-0.889615,0.438631,0.813797,-0.159194,-0.55892
0.735846,0.699519,0.943131,0.567051,0.161568,0.807681,0.127229,-0.985986,0.107912,0.813797,0.0415689,-0.57966
0.735846,0.68103,1.04973,0.567051,-0.124419,0.814232,0.127229,-0.963432,-0.235823,0.813797,0.237318,-0.530485
0.735846,0.627196,1.14357,0.567051,-0.395399,0.722574,0.127229,-0.824673,-0.551114,0.813797,0.404442,-0.417326
0.735846,0.544512,1.21335,0.567051,-0.618688,0.543763,0.127229,-0.586448,-0.799932,0.813797,0.522785,-0.25383
0.735846,0.442951,1.25064,0.567051,-0.767355,0.299366,0.127229,-0.277487,-0.952268,0.813797,0.578072,-0.0597196
0.735846,0.334761,1.25094,0.567051,-0.823467,0.0188615,0.127229,0.0649418,-0.989745,0.813797,0.563636,0.141594
0.735846,0.232993,1.21422,0.567051,-0.780257,-0.263918,0.127229,0.399538,-0.907845,0.813797,0.481216,0.32583
0.735846,0.149921,1.14491,0.567051,-0.642936,-0.514865,0.127229,0.685944,-0.716445,0.813797,0.340755,0.470766
0.735846,0.0955649,1.05136,0.567051,-0.428068,-0.703712,0.127229,0.889615,-0.438631,0.813797,0.159194,0.55892
0.735846,0.0764807,0.944869,0.567051,-0.161568,-0.807681,0.127229,0.985986,-0.107912,0.813797,-0.0415689,0.57966
0.735846,0.0949703,0.838271,0.567051,0.124419,-0.814232,0.127229,0.963432,0.235823,0.813797,-0.237318,0.530485
0.735846,0.148804,0.744425,0.567051,0.395399,-0.722574,0.127229,0.824673,0.551114,0.813797,-0.404442,0.417326
0.696852,0.13381,0.850454,0.269218,0.416046,-0.868578,0.266698,0.834399,0.482338,0.925416,-0.361502,0.113677
0.696852,0.181134,0.769157,0.269218,0.688026,-0.6739,0.266698,0.61911,0.738631,0.925416,-0.37858,-0.0168198
0.696852,0.253409,0.708949,0.269218,0.877021,-0.39794,0.266698,0.329146,0.905834,0.925416,-0.349996,-0.145288
0.696852,0.341918,0.677092,0.269218,0.960233,-0.0739827,0.266698,-0.000517329,0.96378,0.925416,-0.279198,-0.256231
0.696852,0.435985,0.677427,0.269218,0.927628,0.258898,0.266698,-0.330118,0.90548,0.925416,-0.174724,-0.33627
0.696852,0.524265,0.709915,0.269218,0.783137,0.560552,0.266698,-0.619902,0.737966,0.925416,-0.0491755,-0.37575
0.696852,0.596108,0.770638,0.269218,0.544188,0.794595,0.266698,-0.834917,0.481442,0.925416,0.0823041,-0.369908
0.696852,0.642851,0.85227,0.269218,0.239602,0.932798,0.266698,-0.949228,0.166849,0.925416,0.203857,-0.31945
0.696852,0.658855,0.944966,0.269218,-0.0938841,0.958492,0.266698,-0.949048,-0.167868,0.925416,0.300821,-0.230462
0.696852,0.64219,1.03755,0.269218,-0.416046,0.868578,0.266698,-0.834399,-0.482338,0.925416,0.361502,-0.113677
0.696852,0.594866,1.11884,0.269218,-0.688026,0.6739,0.266698,-0.61911,-0.738631,0.925416,0.37858,0.0168198
0.696852,0.522591,1.17905,0.269218,-0.877021,0.39794,0.266698,-0.329146,-0.905834,0.925416,0.349996,0.145288
0.696852,0.434082,1.21091,0.269218,-0.960233,0.0739827,0.266698,0.000517329,-0.96378,0.925416,0.279198,0.256231
0.696852,0.340015,1.21057,0.269218,-0.927628,-0.258898,0.266698,0.330118,-0.90548,0.925416,0.174724,0.33627
0.696852,0.251735,1.17808,0.269218,-0.783137,-0.560552,0.266698,0.619902,-0.737966,0.925416,0.0491755,0.37575
0.696852,0.179892,1.11736,0.269218,-0.544188,-0.794595,0.266698,0.834917,-0.481442,0.925416,-0.0823041,0.369908
0.696852,0.133149,1.03573,0.269218,-0.239602,-0.932798,0.266698,0.949228,-0.166849,0.925416,-0.203857,0.31945
0.696852,0.117145,0.943034,0.269218,0.0938841,-0.958492,0.266698,0.949048,0.167868,0.925416,-0.300821,0.230462
0.696852,0.13381,0.850454,0.269218,0.416046,-0.868578,0.266698,0.834399,0.482338,0.925416,-0.361502,0.113677
0.696834,0.117852,0.963294,-0.061087,0.421184,-0.904915,0.373999,0.850218,0.370479,0.925415,-0.315806,-0.20946
0.696834,0.127545,0.869734,-0.061087,0.705283,-0.706289,0.373999,0.672232,0.638928,0.925415,-0.225121,-0.30484
0.696834,0.168653,0.785132,-0.061087,0.904314,-0.422473,0.373999,0.413165,0.830313,0.925415,-0.107283,-0.363452
0.696834,0.236217,0.719692,-0.061087,0.994272,-0.0877013,0.373999,0.104265,0.92155,0.925415,0.0234946,-0.378226
0.696834,0.322089,0.681307,-0.061087,0.964306,0.257649,0.373999,-0.217212,0.901634,0.925415,0.151438,-0.34738
0.696834,0.41591,0.674606,-0.061087,0.81803,0.571923,0.373999,-0.512489,0.772968,0.925415,0.261117,-0.274636
0.696834,0.506365,0.700398,-0.061087,0.573088,0.817214,0.373999,-0.745953,0.551071,0.925415,0.3393,-0.168766
0.696834,0.582543,0.755573,-0.061087,0.259022,0.963938,0.373999,-0.889444,0.262706,0.925415,0.376559,-0.0425406
0.696834,0.635257,0.833474,-0.061087,-0.0862846,0.994396,0.373999,-0.925655,-0.0573447,0.925415,0.3684,0.0888158
0.696834,0.658148,0.924706,-0.061087,-0.421184,0.904915,0.373999,-0.850218,-0.370479,0.925415,0.315806,0.20946
0.696834,0.648455,1.01827,-0.061087,-0.705283,0.706289,0.373999,-0.672232,-0.638928,0.925415,0.225121,0.30484
0.696834,0.607347,1.10287,-0.061087,-0.904314,0.422473,0.373999,-0.413165,-0.830313,0.925415,0.107283,0.363452
0.696834,0.539783,1.16831,-0.061087,-0.994272,0.0877013,0.373999,-0.104265,-0.92155,0.925415,-0.0234946,0.378226
0.696834,0.453911,1.20669,-0.061087,-0.964306,-0.257649,0.373999,0.217212,-0.901634,0.925415,-0.151438,0.34738
0.696834,0.36009,1.21339,-0.061087,-0.81803,-0.571923,0.373999,0.512489,-0.772968,0.925415,-0.261117,0.274636
0.696834,0.269635,1.1876,-0.061087,-0.573088,-0.817214,0.373999,0.745953,-0.551071,0.925415,-0.3393,0.168766
0.696834,0.193457,1.13243,-0.061087,-0.259022,-0.963938,0.373999,0.889444,-0.262706,0.925415,-0.376559,0.0425406
0.696834,0.140743,1.05453,-0.061087,0.0862846,-0.994396,0.373999,0.925655,0.0573447,0.925415,-0.3684,-0.0888158
0.696834,0.117852,0.963294,-0.061087,0.421184,-0.904915,0.373999,0.850218,0.370479,0.925415,-0.315806,-0.20946
0.735794,0.102857,1.06933,-0.384024,0.410195,-0.827204,0.43619,0.870221,0.229028,0.813796,-0.272866,-0.513108
0.735794,0.077186,0.964252,-0.384024,0.668377,-0.637022,0.43619,0.739408,0.512849,0.813796,-0.0809163,-0.57549
0.735794,0.0890039,0.856726,-0.384024,0.845944,-0.370007,0.43619,0.519411,0.734813,0.813796,0.120793,-0.568459
0.735794,0.136885,0.759726,-0.384024,0.921477,-0.0583626,0.43619,0.236766,0.868148,0.813796,0.307932,-0.492863
0.735794,0.215055,0.684953,-0.384024,0.885866,0.260321,0.43619,-0.0744364,0.896771,0.813796,0.457931,-0.35782
0.735794,0.314084,0.641425,-0.384024,0.743407,0.547606,0.43619,-0.376661,0.81723,0.813796,0.552696,-0.17962
0.735794,0.422028,0.634391,-0.384024,0.511282,0.768841,0.43619,-0.633455,0.639119,0.813796,0.580798,0.0202457
0.735794,0.525869,0.664701,-0.384024,0.217489,0.897343,0.43619,-0.813844,0.383922,0.813796,0.538847,0.217669
0.735794,0.61308,0.728699,-0.384024,-0.102537,0.917612,0.43619,-0.896072,0.0824171,0.813796,0.431903,0.388839
0.735794,0.673143,0.818665,-0.384024,-0.410195,0.827204,0.43619,-0.870221,-0.229028,0.813796,0.272866,0.513108
0.735794,0.698814,0.923748,-0.384024,-0.668377,0.637022,0.43619,-0.739408,-0.512849,0.813796,0.0809163,0.57549
0.735794,0.686996,1.03127,-0.384024,-0.845944,0.370007,0.43619,-0.519411,-0.734813,0.813796,-0.120793,0.568459
0.735794,0.639115,1.12827,-0.384024,-0.921477,0.0583626,0.43619,-0.236766,-0.868148,0.813796,-0.307932,0.492863
0.735794,0.560945,1.20305,-0.384024,-0.885866,-0.260321,0.43619,0.0744364,-0.896771,0.813796,-0.457931,0.35782
0.735794,0.461916,1.24658,-0.384024,-0.743407,-0.547606,0.43619,0.376661,-0.81723,0.813796,-0.552696,0.17962
0.735794,0.353972,1.25361,-0.384024,-0.511282,-0.768841,0.43619,0.633455,-0.639119,0.813796,-0.580798,-0.0202457
0.735794,0.250131,1.2233,-0.384024,-0.217489,-0.897343,0.43619,0.813844,-0.383922,0.813796,-0.538847,-0.217669
0.735794,0.16292,1.1593,-0.384024,0.102537,-0.917612,0.43619,0.896072,-0.0824171,0.813796,-0.431903,-0.388839
0.735794,0.102857,1.06933,-0.384024,0.410195,-0.827204,0.43619,0.870221,0.229028,0.813796,-0.272866,-0.513108
0.809034,0.0906313,1.15579,-0.660642,0.384403,-0.644816,0.44577,0.891996,0.0750468,0.604021,-0.23786,-0.760645
0.809034,0.0361295,1.04131,-0.660642,0.58176,-0.474455,0.44577,0.812535,0.375602,0.604021,0.0366403,-0.796126
0.809034,0.0240684,0.915093,-0.660642,0.708949,-0.246868,0.44577,0.635069,0.630853,0.604021,0.306722,-0.735582
0.809034,0.0559029,0.792364,-0.660642,0.750628,0.0104947,0.44577,0.381006,0.810015,0.604021,0.539808,-0.586316
0.809034,0.127793,0.687925,-0.660642,0.70177,0.266592,0.44577,0.0809868,0.891476,0.604021,0.707785,-0.366331
0.809034,0.231068,0.614373,-0.660642,0.568269,0.490534,0.44577,-0.2288,0.865413,0.604021,0.790393,-0.102162
0.809034,0.353272,0.580578,-0.660642,0.366225,0.65531,0.44577,-0.51099,0.734968,0.604021,0.777668,0.174329
0.809034,0.479664,0.590617,-0.660642,0.12001,0.741047,0.44577,-0.731548,0.515875,0.604021,0.671145,0.429794
0.809034,0.595,0.643279,-0.660642,-0.14068,0.737402,0.44577,-0.86387,0.23456,0.604021,0.483672,0.633419
0.809034,0.685369,0.732213,-0.660642,-0.384403,0.644816,0.44577,-0.891996,-0.0750468,0.604021,0.23786,0.760645
0.809034,0.739871,0.846692,-0.660642,-0.58176,0.474455,0.44577,-0.812535,-0.375602,0.604021,-0.0366403,0.796126
0.809034,0.751932,0.972907,-0.660642,-0.708949,0.246868,0.44577,-0.635069,-0.630853,0.604021,-0.306722,0.735582
0.809034,0.720097,1.09564,-0.660642,-0.750628,-0.0104947,0.44577,-0.381006,-0.810015,0.604021,-0.539808,0.586316
0.809034,0.648207,1.20007,-0.660642,-0.70177,-0.266592,0.44577,-0.0809868,-0.891476,0.604021,-0.707785,0.366331
0.809034,0.544932,1.27363,-0.660642,-0.568269,-0.490534,0.44577,0.2288,-0.865413,0.604021,-0.790393,0.102162
0.809034,0.422728,1.30742,-0.660642,-0.366225,-0.65531,0.44577,0.51099,-0.734968,0.604021,-0.777668,-0.174329
0.809034,0.296336,1.29738,-0.660642,-0.12001,-0.741047,0.44577,0.731548,-0.515875,0.604021,-0.671145,-0.429794
0.809034,0.181,1.24472,-0.660642,0.14068,-0.737402,0.44577,0.86387,-0.23456,0.604021,-0.483672,-0.633419
0.809034,0.0906313,1.15579,-0.660642,0.384403,-0.644816,0.44577,0.891996,0.0750468,0.604021,-0.23786,-0.760645
0.90772,0.0826505,1.21222,-0.857576,0.346919,-0.37975,0.401584,0.912917,-0.0728926,0.321392,-0.215012,-0.922213
0.90772,0.00932793,1.09161,-0.857576,0.455879,-0.238195,0.401584,0.882792,0.243739,0.321392,0.11337,-0.940135
0.90772,-0.0183212,0.953195,-0.857576,0.509854,-0.0679103,0.401584,0.746189,0.530973,0.321392,0.428078,-0.844663
0.90772,0.00303802,0.813671,-0.857576,0.502332,0.110565,0.401584,0.519585,0.754163,0.321392,0.691154,-0.647313
0.90772,0.0708293,0.689866,-0.857576,0.434223,0.275705,0.401584,0.230312,0.88639,0.321392,0.870866,-0.371887
0.90772,0.176876,0.596713,-0.857576,0.313739,0.407591,0.401584,-0.0867411,0.911705,0.321392,0.945539,-0.0516053
0.90772,0.308388,0.545448,-0.857576,0.155414,0.490315,0.401584,-0.393332,0.827055,0.321392,0.906166,0.2749
0.90772,0.449501,0.542255,-0.857576,-0.0216565,0.5139,0.401584,-0.65248,0.642651,0.321392,0.757496,0.568249
0.90772,0.583197,0.587518,-0.857576,-0.196115,0.475501,0.401584,-0.83293,0.380733,0.321392,0.517461,0.793058
0.90772,0.69335,0.675778,-0.857576,-0.346919,0.37975,0.401584,-0.912917,0.0728926,0.321392,0.215012,0.922213
0.90772,0.766672,0.796389,-0.857576,-0.455879,0.238195,0.401584,-0.882792,-0.243739,0.321392,-0.11337,0.940135
0.90772,0.794321,0.934805,-0.857576,-0.509854,0.0679103,0.401584,-0.746189,-0.530973,0.321392,-0.428078,0.844663
0.90772,0.772962,1.07433,-0.857576,-0.502332,-0.110565,0.401584,-0.519585,-0.754163,0.321392,-0.691154,0.647313
0.90772,0.705171,1.19813,-0.857576,-0.434223,-0.275705,0.401584,-0.230312,-0.88639,0.321392,-0.870866,0.371887
0.90772,0.599124,1.29129,-0.857576,-0.313739,-0.407591,0.401584,0.0867411,-0.911705,0.321392,-0.945539,0.0516053
0.90772,0.467612,1.34255,-0.857576,-0.155414,-0.490315,0.401584,0.393332,-0.827055,0.321392,-0.906166,-0.2749
0.90772,0.326499,1.34574,-0.857576,0.0216565,-0.5139,0.401584,0.65248,-0.642651,0.321392,-0.757496,-0.568249
0.90772,0.192803,1.30048,-0.857576,0.196115,-0.475501,0.401584,0.83293,-0.380733,0.321392,-0.517461,-0.793058
0.90772,0.0826505,1.21222,-0.857576,0.346919,-0.37975,0.401584,0.912917,-0.0728926,0.321392,-0.215012,-0.922213
0.883612,0.305251,0.553693,0.961642,0.253762,-0.104162,-0.0812368,0.626151,0.775458,0.262003,-0.737251,0.622748
0.883612,0.443734,0.54893,0.961642,0.274084,-0.011088,-0.0812368,0.323168,0.942849,0.262003,-0.905782,0.333037
0.883612,0.575495,0.591818,0.961642,0.261347,0.0833229,-0.0812368,-0.018795,0.996518,0.262003,-0.965062,0.00315688
0.883612,0.684641,0.677184,0.961642,0.217088,0.167684,-0.0812368,-0.358491,0.929992,0.262003,-0.907941,-0.327104
0.883612,0.758008,0.794732,0.961642,0.146644,0.23182,-0.0812368,-0.654947,0.751296,0.262003,-0.74131,-0.617912
0.883612,0.786746,0.930284,0.961642,0.0585138,0.267995,-0.0812368,-0.872407,0.481982,0.262003,-0.485265,-0.83419
0.883612,0.76739,1.06749,0.961642,-0.0366746,0.271845,-0.0812368,-0.984642,0.154534,0.262003,-0.17069,-0.949852
0.883612,0.702274,1.1898,0.961642,-0.127439,0.242908,-0.0812368,-0.978115,-0.191553,0.262003,0.164472,-0.950949
0.883612,0.599251,1.28247,0.961642,-0.202833,0.184672,-0.0812368,-0.853612,-0.514536,0.262003,0.479797,-0.837347
0.883612,0.470749,1.33431,0.961642,-0.253762,0.104162,-0.0812368,-0.626151,-0.775458,0.262003,0.737251,-0.622748
0.883612,0.332266,1.33907,0.961642,-0.274084,0.011088,-0.0812368,-0.323168,-0.942849,0.262003,0.905782,-0.333037
0.883612,0.200505,1.29618,0.961642,-0.261347,-0.0833229,-0.0812368,0.018795,-0.996518,0.262003,0.965062,-0.00315688
0.883612,0.0913591,1.21082,0.961642,-0.217088,-0.167684,-0.0812368,0.358491,-0.929992,0.262003,0.907941,0.327104
0.883612,0.0179923,1.09327,0.961642,-0.146644,-0.23182,-0.0812368,0.654947,-0.751296,0.262003,0.74131,0.617912
0.883612,-0.0107461,0.957716,0.961642,-0.0585138,-0.267995,-0.0812368,0.872407,-0.481982,0.262003,0.485265,0.83419
0.883612,0.00861012,0.820509,0.961642,0.0366746,-0.271845,-0.0812368,0.984642,-0.154534,0.262003,0.17069,0.949852
0.883612,0.0737264,0.698198,0.961642,0.127439,-0.242908,-0.0812368,0.978115,0.191553,0.262003,-0.164472,0.950949
0.883612,0.176749,0.605534,0.961642,0.202833,-0.184672,-0.0812368,0.853612,0.514536,0.262003,-0.479797,0.837347
0.883612,0.305251,0.553693,0.961642,0.253762,-0.104162,-0.0812368,0.626151,0.775458,0.262003,-0.737251,0.622748
0.763622,0.295554,0.622266,0.856221,0.298644,-0.421542,0.156285,0.628004,0.762355,0.492403,-0.718625,0.491036
0.763622,0.411168,0.610051,0.856221,0.42481,-0.293978,0.156285,0.32939,0.93117,0.492403,-0.843231,0.215639
0.763622,0.523989,0.638114,0.856221,0.499737,-0.130955,0.156285,-0.00895335,0.987671,0.492403,-0.866131,-0.0857676
0.763622,0.620406,0.703072,0.856221,0.514388,0.0478626,0.156285,-0.346217,0.925045,0.492403,-0.784563,-0.376829
0.763622,0.688793,0.79709,0.856221,0.466997,0.220907,0.156285,-0.641722,0.750845,0.492403,-0.608364,-0.62244
0.763622,0.720899,0.908827,0.856221,0.363279,0.367307,0.156285,-0.859825,0.486082,0.492403,-0.358789,-0.792975
0.763622,0.712853,1.02481,0.856221,0.215744,0.469405,0.156285,-0.974221,0.16269,0.492403,-0.0659374,-0.867866
0.763622,0.665624,1.13104,0.856221,0.0421871,0.514885,0.156285,-0.971112,-0.180325,0.492403,0.234867,-0.838079
0.763622,0.58491,1.21471,0.856221,-0.136458,0.498262,0.156285,-0.850872,-0.50159,0.492403,0.507342,-0.707208
0.763622,0.480446,1.26573,0.856221,-0.298644,0.421542,0.156285,-0.628004,-0.762355,0.492403,0.718625,-0.491036
0.763622,0.364832,1.27795,0.856221,-0.42481,0.293978,0.156285,-0.32939,-0.93117,0.492403,0.843231,-0.215639
0.763622,0.252011,1.24989,0.856221,-0.499737,0.130955,0.156285,0.00895335,-0.987671,0.492403,0.866131,0.0857676
0.763622,0.155594,1.18493,0.856221,-0.514388,-0.0478626,0.156285,0.346217,-0.925045,0.492403,0.784563,0.376829
0.763622,0.0872073,1.09091,0.856221,-0.466997,-0.220907,0.156285,0.641722,-0.750845,0.492403,0.608364,0.62244
0.763622,0.0551011,0.979173,0.856221,-0.363279,-0.367307,0.156285,0.859825,-0.486082,0.492403,0.358789,0.792975
0.763622,0.0631474,0.863194,0.856221,-0.215744,-0.469405,0.156285,0.974221,-0.16269,0.492403,0.0659374,0.867866
0.763622,0.110376,0.756961,0.856221,-0.0421871,-0.514885,0.156285,0.971112,0.180325,0.492403,-0.234867,0.838079
0.763622,0.19109,0.673288,0.856221,0.136458,-0.498262,0.156285,0.850872,0.50159,0.492403,-0.507342,0.707208
0.763622,0.295554,0.622266,0.856221,0.298644,-0.421542,0.156285,0.628004,0.762355,0.492403,-0.718625,0.491036
0.674556,0.280695,0.727338,0.647527,0.335771,-0.684081,0.374957,0.64112,0.669606,0.663413,-0.690089,0.289243
0.674556,0.361269,0.703704,0.647527,0.549491,-0.527985,0.374957,0.373437,0.8485,0.663413,-0.747398,0.035775
0.674556,0.445067,0.709053,0.647527,0.696934,-0.308207,0.374957,0.0607125,0.925052,0.663413,-0.71456,-0.222008
0.674556,0.521982,0.74274,0.647527,0.760317,-0.0512542,0.374957,-0.259335,0.890029,0.663413,-0.595536,-0.453013
0.674556,0.582737,0.800703,0.647527,0.731994,0.211881,0.374957,-0.548103,0.747656,0.663413,-0.404681,-0.629378
0.674556,0.620003,0.875948,0.647527,0.615382,0.449459,0.374957,-0.770762,0.515104,0.663413,-0.165016,-0.729831
0.674556,0.629287,0.959402,0.647527,0.424546,0.632827,0.374957,-0.900456,0.220424,0.663413,0.0945529,-0.742256
0.674556,0.609468,1.041,0.647527,0.182503,0.739866,0.374957,-0.921541,-0.100843,0.663413,0.342717,-0.665153
0.674556,0.562936,1.11089,0.647527,-0.0815521,0.757666,0.374957,-0.831475,-0.409947,0.663413,0.549544,-0.507823
0.674556,0.495305,1.16066,0.647527,-0.335771,0.684081,0.374957,-0.64112,-0.669606,0.663413,0.690089,-0.289243
0.674556,0.414731,1.1843,0.647527,-0.549491,0.527985,0.374957,-0.373437,-0.8485,0.663413,0.747398,-0.035775
0.674556,0.330933,1.17895,0.647527,-0.696934,0.308207,0.374957,-0.0607125,-0.925052,0.663413,0.71456,0.222008
0.674556,0.254018,1.14526,0.647527,-0.760317,0.0512542,0.374957,0.259335,-0.890029,0.663413,0.595536,0.453013
0.674556,0.193263,1.0873,0.647527,-0.731994,-0.211881,0.374957,0.548103,-0.747656,0.663413,0.404681,0.629378
0.674556,0.155997,1.01205,0.647527,-0.615382,-0.449459,0.374957,0.770762,-0.515104,0.663413,0.165016,0.729831
0.674556,0.146713,0.928598,0.647527,-0.424546,-0.632827,0.374957,0.900456,-0.220424,0.663413,-0.0945529,0.742256
0.674556,0.166532,0.847002,0.647527,-0.182503,-0.739866,0.374957,0.921541,0.100843,0.663413,-0.342717,0.665153
0.674556,0.213064,0.777105,0.647527,0.0815521,-0.757666,0.374957,0.831475,0.409947,0.663413,-0.549544,0.507823
0.674556,0.280695,0.727338,0.647527,0.335771,-0.684081,0.374957,0.64112,0.669606,0.663413,-0.690089,0.289243
0.627155,0.262467,0.856236,0.360731,0.360665,-0.860113,0.548404,0.663918,0.508396,0.754404,-0.655084,0.0417061
0.627155,0.300055,0.818594,0.360731,0.63309,-0.684887,0.548404,0.449997,0.704809,0.754404,-0.629842,-0.184861
0.627155,0.34825,0.796078,0.360731,0.829155,-0.427054,0.548404,0.1818,0.816212,0.754404,-0.528631,-0.389131
0.627155,0.401239,0.791404,0.360731,0.925212,-0.117712,0.548404,-0.108325,0.829168,0.754404,-0.36366,-0.546466
0.627155,0.452632,0.805134,0.360731,0.909674,0.205828,0.548404,-0.385384,0.742113,0.754404,-0.154827,-0.637889
0.627155,0.496229,0.835614,0.360731,0.784417,0.504542,0.548404,-0.615961,0.565549,0.754404,0.0726816,-0.652374
0.627155,0.526772,0.879167,0.360731,0.564547,0.742401,0.548404,-0.772243,0.320772,0.754404,0.291423,-0.588172
0.627155,0.540577,0.93054,0.360731,0.276585,0.890715,0.548404,-0.835381,0.037304,0.754404,0.475015,-0.453028
0.627155,0.535979,0.983536,0.360731,-0.0447379,0.931596,0.548404,-0.79776,-0.250663,0.754404,0.601313,-0.263243
0.627155,0.513533,1.03176,0.360731,-0.360665,0.860113,0.548404,-0.663918,-0.508396,0.754404,0.655084,-0.0417061
0.627155,0.475945,1.06941,0.360731,-0.63309,0.684887,0.548404,-0.449997,-0.704809,0.754404,0.629842,0.184861
0.627155,0.42775,1.09192,0.360731,-0.829155,0.427054,0.548404,-0.1818,-0.816212,0.754404,0.528631,0.389131
0.627155,0.374761,1.0966,0.360731,-0.925212,0.117712,0.548404,0.108325,-0.829168,0.754404,0.36366,0.546466
0.627155,0.323368,1.08287,0.360731,-0.909674,-0.205828,0.548404,0.385384,-0.742113,0.754404,0.154827,0.637889
0.627155,0.279771,1.05239,0.360731,-0.784417,-0.504542,0.548404,0.615961,-0.565549,0.754404,-0.0726816,0.652374
0.627155,0.249228,1.00883,0.360731,-0.564547,-0.742401,0.548404,0.772243,-0.320772,0.754404,-0.291423,0.588172
0.627155,0.235423,0.95746,0.360731,-0.276585,-0.890715,0.548404,0.835381,-0.037304,0.754404,-0.475015,0.453028
0.627155,0.240021,0.904464,0.360731,0.0447379,-0.931596,0.548404,0.79776,0.250663,0.754404,-0.601313,0.263243
0.627155,0.262467,0.856236,0.360731,0.360665,-0.860113,0.548404,0.663918,0.508396,0.754404,-0.655084,0.0417061
0.627137,0.243068,0.993413,0.0304265,0.370322,-0.928405,0.655705,0.693646,0.298171,0.754404,-0.617832,-0.221717
0.627137,0.234909,0.940863,0.0304265,0.665522,-0.745758,0.655705,0.549834,0.51743,0.754404,-0.50474,-0.419656
0.627137,0.245214,0.888692,0.0304265,0.88045,-0.473161,0.655705,0.339703,0.67428,0.754404,-0.33077,-0.566979
0.627137,0.272741,0.843192,0.0304265,0.989183,-0.143494,0.655705,0.0885997,0.749801,0.754404,-0.116904,-0.645916
0.627137,0.314171,0.809851,0.0304265,0.978606,0.20348,0.655705,-0.173191,0.734885,0.754404,0.111063,-0.646946
0.627137,0.364505,0.79269,0.0304265,0.849995,0.525912,0.655705,-0.414091,0.631332,0.754404,0.325634,-0.569945
0.627137,0.417673,0.793779,0.0304265,0.618861,0.784911,0.655705,-0.605047,0.45163,0.754404,0.500928,-0.4242
0.627137,0.467262,0.812987,0.0304265,0.313084,0.949238,0.655705,-0.723025,0.217455,0.754404,0.615803,-0.22729
0.627137,0.507291,0.847998,0.0304265,-0.0304556,0.999073,0.655705,-0.753795,-0.0429479,0.754404,0.656404,-0.00296547
0.627137,0.532932,0.894587,0.0304265,-0.370322,0.928405,0.655705,-0.693646,-0.298171,0.754404,0.617832,0.221717
0.627137,0.541091,0.947137,0.0304265,-0.665522,0.745758,0.655705,-0.549834,-0.51743,0.754404,0.50474,0.419656
0.627137,0.530786,0.999308,0.0304265,-0.88045,0.473161,0.655705,-0.339703,-0.67428,0.754404,0.33077,0.566979
0.627137,0.503259,1.04481,0.0304265,-0.989183,0.143494,0.655705,-0.0885997,-0.749801,0.754404,0.116904,0.645916
0.627137,0.461829,1.07815,0.0304265,-0.978606,-0.20348,0.655705,0.173191,-0.734885,0.754404,-0.111063,0.646946
0.627137,0.411495,1.09531,0.0304265,-0.849995,-0.525912,0.655705,0.414091,-0.631332,0.754404,-0.325634,0.569945
0.627137,0.358327,1.09422,0.0304265,-0.618861,-0.784911,0.655705,0.605047,-0.45163,0.754404,-0.500928,0.4242
0.627137,0.308738,1.07501,0.0304265,-0.313084,-0.949238,0.655705,0.723025,-0.217455,0.754404,-0.615803,0.22729
0.627137,0.268709,1.04,0.0304265,0.0304556,-0.999073,0.655705,0.753795,0.0429479,0.754404,-0.656404,0.00296547
0.627137,0.243068,0.993413,0.0304265,0.370322,-0.928405,0.655705,0.693646,0.298171,0.754404,-0.617832,-0.221717
0.674504,0.224839,1.12232,-0.303548,0.363579,-0.880721,0.683918,0.726721,0.0642863,0.663411,-0.582827,-0.469253
0.674504,0.173689,1.05576,-0.303548,0.642877,-0.703256,0.683918,0.660907,0.308963,0.663411,-0.387184,-0.640292
0.674504,0.148387,0.975725,-0.303548,0.844634,-0.440967,0.683918,0.515378,0.516373,0.663411,-0.144841,-0.734102
0.674504,0.151987,0.89186,-0.303548,0.944516,-0.125492,0.683918,0.307687,0.661502,0.663411,0.114972,-0.739369
0.674504,0.184053,0.814283,-0.303548,0.930475,0.20512,0.683918,0.0628841,0.726844,0.663411,0.360917,-0.655457
0.674504,0.240719,0.752352,-0.303548,0.804206,0.510991,0.683918,-0.189503,0.704517,0.663411,0.563331,-0.492487
0.674504,0.315148,0.713537,-0.303548,0.580937,0.755229,0.683918,-0.419034,0.597216,0.663411,0.697798,-0.270116
0.674504,0.398365,0.702519,-0.303548,0.287599,0.908375,0.683918,-0.598023,0.417881,0.663411,0.748101,-0.0151652
0.674504,0.480331,0.720627,-0.303548,-0.040428,0.951958,0.683918,-0.704882,0.188144,0.663411,0.708172,0.241615
0.674504,0.551161,0.765677,-0.303548,-0.363579,0.880721,0.683918,-0.726721,-0.0642863,0.663411,0.582827,0.469253
0.674504,0.602311,0.832236,-0.303548,-0.642877,0.703256,0.683918,-0.660907,-0.308963,0.663411,0.387184,0.640292
0.674504,0.627613,0.912275,-0.303548,-0.844634,0.440967,0.683918,-0.515378,-0.516373,0.663411,0.144841,0.734102
0.674504,0.624013,0.99614,-0.303548,-0.944516,0.125492,0.683918,-0.307687,-0.661502,0.663411,-0.114972,0.739369
0.674504,0.591947,1.07372,-0.303548,-0.930475,-0.20512,0.683918,-0.0628841,-0.726844,0.663411,-0.360917,0.655457
0.674504,0.535281,1.13565,-0.303548,-0.804206,-0.510991,0.683918,0.189503,-0.704517,0.663411,-0.563331,0.492487
0.674504,0.460852,1.17446,-0.303548,-0.580937,-0.755229,0.683918,0.419034,-0.597216,0.663411,-0.697798,0.270116
0.674504,0.377635,1.18548,-0.303548,-0.287599,-0.908375,0.683918,0.598023,-0.417881,0.663411,-0.748101,0.0151652
0.674504,0.295669,1.16737,-0.303548,0.040428,-0.951958,0.683918,0.704882,-0.188144,0.663411,-0.708172,-0.241615
0.674504,0.224839,1.12232,-0.303548,0.363579,-0.880721,0.683918,0.726721,0.0642863,0.663411,-0.582827,-0.469253
0.763543,0.209977,1.22742,-0.60091,0.341248,-0.722811,0.629641,0.759152,-0.165048,0.492402,-0.55429,-0.671046
0.763543,0.123778,1.14944,-0.60091,0.567884,-0.562507,0.629641,0.769819,0.104551,0.492402,-0.291351,-0.820156
0.763543,0.0694488,1.04668,-0.60091,0.726025,-0.334356,0.629641,0.687635,0.36154,0.492402,0.00672916,-0.870342
0.763543,0.0535412,0.931536,-0.60091,0.796597,-0.0658761,0.629641,0.522512,0.574921,0.492402,0.303998,-0.815553
0.763543,0.0779744,0.817896,-0.60091,0.771087,0.210549,0.629641,0.294366,0.718959,0.492402,0.5646,-0.662395
0.763543,0.139801,0.719466,-0.60091,0.652573,0.461579,0.629641,0.0307149,0.776279,0.492402,0.757103,-0.429343
0.763543,0.231564,0.648118,-0.60091,0.455349,0.656935,0.629641,-0.236641,0.739969,0.492402,0.858288,-0.144506
0.763543,0.342196,0.612458,-0.60091,0.203203,0.773056,0.629641,-0.475454,0.614407,0.492402,0.855951,0.15776
0.763543,0.458352,0.616787,-0.60091,-0.0734523,0.795934,0.629641,-0.65692,0.414739,0.492402,0.750374,0.440999
0.763543,0.566023,0.660582,-0.60091,-0.341248,0.722811,0.629641,-0.759152,0.165048,0.492402,0.55429,0.671046
0.763543,0.652222,0.738562,-0.60091,-0.567884,0.562507,0.629641,-0.769819,-0.104551,0.492402,0.291351,0.820156
0.763543,0.706551,0.84132,-0.60091,-0.726025,0.334356,0.629641,-0.687635,-0.36154,0.492402,-0.00672916,0.870342
0.763543,0.722459,0.956464,-0.60091,-0.796597,0.0658761,0.629641,-0.522512,-0.574921,0.492402,-0.303998,0.815553
0.763543,0.698026,1.0701,-0.60091,-0.771087,-0.210549,0.629641,-0.294366,-0.718959,0.492402,-0.5646,0.662395
0.763543,0.636199,1.16853,-0.60091,-0.652573,-0.461579,0.629641,-0.0307149,-0.776279,0.492402,-0.757103,0.429343
0.763543,0.544436,1.23988,-0.60091,-0.455349,-0.656935,0.629641,0.236641,-0.739969,0.492402,-0.858288,0.144506
0.763543,0.433804,1.27554,-0.60091,-0.203203,-0.773056,0.629641,0.475454,-0.614407,0.492402,-0.855951,-0.15776
0.763543,0.317648,1.27121,-0.60091,0.0734523,-0.795934,0.629641,0.65692,-0.414739,0.492402,-0.750374,-0.440999
0.763543,0.209977,1.22742,-0.60091,0.341248,-0.722811,0.629641,0.759152,-0.165048,0.492402,-0.55429,-0.671046
0.883514,0.200275,1.29602,-0.825794,0.306024,-0.473723,0.499419,0.787028,-0.36217,0.262001,-0.535664,-0.802757
0.883514,0.0911979,1.21059,-0.825794,0.449591,-0.340488,0.499419,0.863434,-0.0711492,0.262001,-0.228801,-0.937553
0.883514,0.0179193,1.093,-0.825794,0.538931,-0.166185,0.499419,0.835697,0.228453,0.262001,0.10566,-0.959266
0.883514,-0.0107222,0.957437,-0.825794,0.563268,0.0281626,0.499419,0.707163,0.500501,0.262001,0.427376,-0.865278
0.883514,0.00872809,0.820255,-0.825794,0.519667,0.219113,0.499419,0.493334,0.712181,0.262001,0.697544,-0.666924
0.883514,0.0739242,0.697999,-0.825794,0.413386,0.383636,0.499419,0.220002,0.837962,0.262001,0.883579,-0.388129
0.883514,0.177002,0.605415,-0.825794,0.257245,0.501886,0.499419,-0.0798654,0.862671,0.262001,0.96304,-0.0625205
0.883514,0.30553,0.553669,-0.825794,0.0700757,0.559601,0.499419,-0.3701,0.78333,0.262001,0.926345,0.270629
0.883514,0.444005,0.549002,-0.825794,-0.125545,0.54982,0.499419,-0.615695,0.609508,0.262001,0.777919,0.571137
0.883514,0.575725,0.591978,-0.825794,-0.306024,0.473723,0.499419,-0.787028,0.36217,0.262001,0.535664,0.802757
0.883514,0.684802,0.677413,-0.825794,-0.449591,0.340488,0.499419,-0.863434,0.0711492,0.262001,0.228801,0.937553
0.883514,0.758081,0.795003,-0.825794,-0.538931,0.166185,0.499419,-0.835697,-0.228453,0.262001,-0.10566,0.959266
0.883514,0.786722,0.930563,-0.825794,-0.563268,-0.0281626,0.499419,-0.707163,-0.500501,0.262001,-0.427376,0.865278
0.883514,0.767272,1.06774,-0.825794,-0.519667,-0.219113,0.499419,-0.493334,-0.712181,0.262001,-0.697544,0.666924
0.883514,0.702076,1.19,-0.825794,-0.413386,-0.383636,0.499419,-0.220002,-0.837962,0.262001,-0.883579,0.388129
0.883514,0.598998,1.28259,-0.825794,-0.257245,-0.501886,0.499419,0.0798654,-0.862671,0.262001,-0.96304,0.0625205
0.883514,0.47047,1.33433,-0.825794,-0.0700757,-0.559601,0.499419,0.3701,-0.78333,0.262001,-0.926345,-0.270629
0.883514,0.331995,1.339,-0.825794,0.125545,-0.54982,0.499419,0.615695,-0.609508,0.262001,-0.777919,-0.571137
0.883514,0.200275,1.29602,-0.825794,0.306024,-0.473723,0.499419,0.787028,-0.36217,0.262001,-0.535664,-0.802757
0.875863,0.451481,0.55287,0.985232,0.1633,-0.0514972,-0.00862081,0.347679,0.937574,0.17101,-0.923283,0.343952
0.875863,0.581427,0.598169,0.985232,0.171065,0.00746023,-0.00862081,0.00604257,0.999945,0.17101,-0.985241,0.00742805
0.875863,0.688043,0.685182,0.985232,0.158197,0.0655179,-0.00862081,-0.336323,0.941707,0.17101,-0.928364,-0.329992
0.875863,0.758469,0.803411,0.985232,0.126248,0.115673,-0.00862081,-0.638123,0.769886,0.17101,-0.759513,-0.627611
0.875863,0.784212,0.938597,0.985232,0.0790716,0.151876,-0.00862081,-0.862956,0.505205,0.17101,-0.499054,-0.84953
0.875863,0.762165,1.07444,0.985232,0.0223582,0.169761,-0.00862081,-0.983704,0.179589,0.17101,-0.178401,-0.968983
0.875863,0.694988,1.19454,0.985232,-0.037052,0.16717,-0.00862081,-0.985802,-0.167688,0.17101,0.16377,-0.971563
0.875863,0.590785,1.28443,0.985232,-0.0919931,0.144416,-0.00862081,-0.868999,-0.494739,0.17101,0.486188,-0.856958
0.875863,0.462122,1.33325,0.985232,-0.135838,0.104243,-0.00862081,-0.647381,-0.762118,0.17101,0.749964,-0.638991
0.875863,0.324519,1.33513,0.985232,-0.1633,0.0514972,-0.00862081,-0.347679,-0.937574,0.17101,0.923283,-0.343952
0.875863,0.194573,1.28983,0.985232,-0.171065,-0.00746023,-0.00862081,-0.00604257,-0.999945,0.17101,0.985241,-0.00742805
0.875863,0.0879571,1.20282,0.985232,-0.158197,-0.0655179,-0.00862081,0.336323,-0.941707,0.17101,0.928364,0.329992
0.875863,0.0175308,1.08459,0.985232,-0.126248,-0.115673,-0.00862081,0.638123,-0.769886,0.17101,0.759513,0.627611
0.875863,-0.00821152,0.949403,0.985232,-0.0790716,-0.151876,-0.00862081,0.862956,-0.505205,0.17101,0.499054,0.84953
0.875863,0.0138352,0.813564,0.985232,-0.0223582,-0.169761,-0.00862081,0.983704,-0.179589,0.17101,0.178401,0.968983
0.875863,0.0810116,0.693459,0.985232,0.037052,-0.16717,-0.00862081,0.985802,0.167688,0.17101,-0.16377,0.971563
0.875863,0.185215,0.603572,0.985232,0.0919931,-0.144416,-0.00862081,0.868999,0.494739,0.17101,-0.486188,0.856958
0.875863,0.313878,0.554746,0.985232,0.135838,-0.104243,-0.00862081,0.647381,0.762118,0.17101,-0.749964,0.638991
0.875863,0.451481,0.55287,0.985232,0.1633,-0.0514972,-0.00862081,0.347679,0.937574,0.17101,-0.923283,0.343952
0.749059,0.441233,0.625338,0.900555,0.209859,-0.380736,0.292759,0.354695,0.887966,0.321393,-0.911126,0.257984
0.749059,0.547011,0.662763,0.900555,0.327422,-0.285999,0.292759,0.0296015,0.955728,0.321393,-0.944414,-0.069198
0.749059,0.633611,0.734108,0.900555,0.405494,-0.156766,0.292759,-0.299062,0.908215,0.321393,-0.863792,-0.388034
0.749059,0.690586,0.83077,0.900555,0.434657,-0.00862516,0.292759,-0.591654,0.751158,0.321393,-0.678984,-0.660067
0.749059,0.711064,0.941089,0.900555,0.411394,0.140556,0.292759,-0.812884,0.5035,0.321393,-0.41228,-0.852486
0.749059,0.692577,1.05176,0.900555,0.338511,0.272785,0.292759,-0.936068,0.195112,0.321393,-0.0958491,-0.942083
0.749059,0.637353,1.14943,0.900555,0.224798,0.372111,0.292759,-0.946349,-0.136809,0.321393,0.232143,-0.91805
0.749059,0.552053,1.22233,0.900555,0.0839715,0.426556,0.292759,-0.842486,-0.452228,0.321393,0.532134,-0.783288
0.749059,0.446966,1.26165,0.900555,-0.0669833,0.429551,0.292759,-0.637006,-0.713103,0.321393,0.767943,-0.554049
0.749059,0.334767,1.26266,0.900555,-0.209859,0.380736,0.292759,-0.354695,-0.887966,0.321393,0.911126,-0.257984
0.749059,0.228989,1.22524,0.900555,-0.327422,0.285999,0.292759,-0.0296015,-0.955728,0.321393,0.944414,0.069198
0.749059,0.142389,1.15389,0.900555,-0.405494,0.156766,0.292759,0.299062,-0.908215,0.321393,0.863792,0.388034
0.749059,0.0854144,1.05723,0.900555,-0.434657,0.00862516,0.292759,0.591654,-0.751158,0.321393,0.678984,0.660067
0.749059,0.0649356,0.946911,0.900555,-0.411394,-0.140556,0.292759,0.812884,-0.5035,0.321393,0.41228,0.852486
0.749059,0.0834232,0.836241,0.900555,-0.338511,-0.272785,0.292759,0.936068,-0.195112,0.321393,0.0958491,0.942083
0.749059,0.138647,0.738568,0.900555,-0.224798,-0.372111,0.292759,0.946349,0.136809,0.321393,-0.232143,0.91805
0.749059,0.223947,0.665674,0.900555,-0.0839715,-0.426556,0.292759,0.842486,0.452228,0.321393,-0.532134,0.783288
0.749059,0.329034,0.626349,0.900555,0.0669833,-0.429551,0.292759,0.637006,0.713103,0.321393,-0.767943,0.554049
0.749059,0.441233,0.625338,0.900555,0.209859,-0.380736,0.292759,0.354695,0.887966,0.321393,-0.911126,0.257984
0.654934,0.42553,0.736379,0.707258,0.249555,-0.661444,0.558827,0.37572,0.739288,0.433011,-0.8925,0.126273
0.654934,0.494277,0.761736,0.707258,0.460732,-0.536202,0.558827,0.10021,0.823207,0.433011,-0.881864,-0.186596
0.654934,0.550206,0.809077,0.707258,0.616338,-0.346285,0.558827,-0.187387,0.807835,0.433011,-0.764861,-0.476958
0.654934,0.58657,0.872691,0.707258,0.697605,-0.114601,0.558827,-0.452382,0.695027,0.433011,-0.555606,-0.709792
0.654934,0.598984,0.944907,0.707258,0.69473,0.130905,0.558827,-0.662813,0.498388,0.433011,-0.279335,-0.857014
0.654934,0.58595,1.01701,0.707258,0.608061,0.360622,0.558827,-0.793299,0.241636,0.433011,0.0306268,-0.900868
0.654934,0.54904,1.08031,0.707258,0.44805,0.546843,0.558827,-0.828102,-0.0442611,0.433011,0.336895,-0.836064
0.654934,0.492707,1.12717,0.707258,0.233998,0.667107,0.558827,-0.763023,-0.324819,0.433011,0.602528,-0.670419
0.654934,0.423744,1.15194,0.707258,-0.0082776,0.706907,0.558827,-0.605912,-0.5662,0.433011,0.795488,-0.423911
0.654934,0.35047,1.15162,0.707258,-0.249555,0.661444,0.558827,-0.37572,-0.739288,0.433011,0.8925,-0.126273
0.654934,0.281723,1.12626,0.707258,-0.460732,0.536202,0.558827,-0.10021,-0.823207,0.433011,0.881864,0.186596
0.654934,0.225794,1.07892,0.707258,-0.616338,0.346285,0.558827,0.187387,-0.807835,0.433011,0.764861,0.476958
0.654934,0.18943,1.01531,0.707258,-0.697605,0.114601,0.558827,0.452382,-0.695027,0.433011,0.555606,0.709792
0.654934,0.177016,0.943093,0.707258,-0.69473,-0.130905,0.558827,0.662813,-0.498388,0.433011,0.279335,0.857014
0.654934,0.19005,0.870987,0.707258,-0.608061,-0.360622,0.558827,0.793299,-0.241636,0.433011,-0.0306268,0.900868
0.654934,0.22696,0.807687,0.707258,-0.44805,-0.546843,0.558827,0.828102,0.0442611,0.433011,-0.336895,0.836064
0.654934,0.283293,0.760829,0.707258,-0.233998,-0.667107,0.558827,0.763023,0.324819,0.433011,-0.602528,0.670419
