0.658953,0.38587,1.0177,0.308961,0.924441,0.223502,0.951075,-0.300308,-0.072609,-3.49349e-06,0.235,-0.971995
0.907818,0.0750409,0.990903,0.92986,-0.151433,-0.335305,-0.179072,0.609847,-0.772023,0.321394,0.777917,0.539954
0.907818,0.0336293,0.855954,0.92986,-0.0276198,-0.366877,-0.179072,0.837116,-0.516885,0.321394,0.546328,0.773454
0.907818,0.0408701,0.714981,0.92986,0.0995251,-0.354198,-0.179072,0.963417,-0.199402,0.321394,0.248843,0.913664
0.907818,0.09589,0.584986,0.92986,0.214666,-0.298797,-0.179072,0.973515,0.142131,0.321394,-0.0786555,0.943673
0.907818,0.192053,0.481648,0.92986,0.303915,-0.207358,-0.179072,0.866193,0.466521,0.321394,-0.396667,0.859861
0.907818,0.31776,0.417432,0.92986,0.356507,-0.0909076,-0.179072,0.654396,0.734642,0.321394,-0.666835,0.672337
0.907818,0.457849,0.400083,0.92986,0.366099,0.0365073,-0.179072,0.363669,0.914154,0.321394,-0.856573,0.403719
0.907818,0.595424,0.431693,0.92986,0.331534,0.159519,-0.179072,0.0290775,0.983406,0.321394,-0.942995,0.0864066
0.907818,0.71389,0.508451,0.92986,0.256982,0.26329,-0.179072,-0.309021,0.934045,0.321394,-0.915678,-0.241328
0.907818,0.798959,0.621097,0.92986,0.151433,0.335305,-0.179072,-0.609847,0.772023,0.321394,-0.777917,-0.539954
0.907818,0.840371,0.756046,0.92986,0.0276198,0.366877,-0.179072,-0.837116,0.516885,0.321394,-0.546328,-0.773454
0.907818,0.83313,0.897019,0.92986,-0.0995251,0.354198,-0.179072,-0.963417,0.199402,0.321394,-0.248843,-0.913664
0.907818,0.77811,1.02701,0.92986,-0.214666,0.298797,-0.179072,-0.973515,-0.142131,0.321394,0.0786555,-0.943673
0.907818,0.681947,1.13035,0.92986,-0.303915,0.207358,-0.179072,-0.866193,-0.466521,0.321394,0.396667,-0.859861
0.907818,0.55624,1.19457,0.92986,-0.356507,0.0909076,-0.179072,-0.654396,-0.734642,0.321394,0.666835,-0.672337
0.907818,0.416151,1.21192,0.92986,-0.366099,-0.0365073,-0.179072,-0.363669,-0.914154,0.321394,0.856573,-0.403719
0.907818,0.278576,1.18031,0.92986,-0.331534,-0.159519,-0.179072,-0.0290775,-0.983406,0.321394,0.942995,-0.0864066
0.907818,0.16011,1.10355,0.92986,-0.256982,-0.26329,-0.179072,0.309021,-0.934045,0.321394,0.915678,0.241328
0.907818,0.0750409,0.990903,0.92986,-0.151433,-0.335305,-0.179072,0.609847,-0.772023,0.321394,0.777917,0.539954
0.809114,0.130411,1.00429,0.796489,-0.447311,-0.406839,-0.0275851,0.645265,-0.76346,0.604023,0.619311,0.501608
0.809114,0.0810818,0.887472,0.796489,-0.281187,-0.535293,-0.0275851,0.86747,-0.496724,0.604023,0.410402,0.683174
0.809114,0.0746813,0.760827,0.796489,-0.0811488,-0.599182,-0.0275851,0.985045,-0.170076,0.604023,0.151992,0.782339
0.809114,0.111982,0.639631,0.796489,0.128677,-0.590802,-0.0275851,0.983809,0.177086,0.604023,-0.12475,0.787143
0.809114,0.188484,0.538502,0.796489,0.322983,-0.511162,-0.0275851,0.863911,0.502889,0.604023,-0.386445,0.697005
0.809114,0.294961,0.469636,0.796489,0.478333,-0.369868,-0.0275851,0.639812,0.768036,0.604023,-0.60153,0.522799
0.809114,0.418571,0.441342,0.796489,0.575988,-0.183963,-0.0275851,0.338543,0.940546,0.604023,-0.744061,0.285535
0.809114,0.544402,0.45703,0.796489,0.604171,0.0241309,-0.0275851,-0.00355919,0.999613,0.604023,-0.796847,0.0138312
0.809114,0.65728,0.514809,0.796489,0.559482,0.229314,-0.0275851,-0.345232,0.938112,0.604023,-0.753522,-0.259541
0.809114,0.743589,0.60771,0.796489,0.447311,0.406839,-0.0275851,-0.645265,0.76346,0.604023,-0.619311,-0.501608
0.809114,0.792918,0.724528,0.796489,0.281187,0.535293,-0.0275851,-0.86747,0.496724,0.604023,-0.410402,-0.683174
0.809114,0.799319,0.851173,0.796489,0.0811488,0.599182,-0.0275851,-0.985045,0.170076,0.604023,-0.151992,-0.782339
0.809114,0.762018,0.972369,0.796489,-0.128677,0.590802,-0.0275851,-0.983809,-0.177086,0.604023,0.12475,-0.787143
0.809114,0.685516,1.0735,0.796489,-0.322983,0.511162,-0.0275851,-0.863911,-0.502889,0.604023,0.386445,-0.697005
0.809114,0.579039,1.14236,0.796489,-0.478333,0.369868,-0.0275851,-0.639812,-0.768036,0.604023,0.60153,-0.522799
0.809114,0.455429,1.17066,0.796489,-0.575988,0.183963,-0.0275851,-0.338543,-0.940546,0.604023,0.744061,-0.285535
0.809114,0.329598,1.15497,0.796489,-0.604171,-0.0241309,-0.0275851,0.00355919,-0.999613,0.604023,0.796847,-0.0138312
0.809114,0.21672,1.09719,0.796489,-0.559482,-0.229314,-0.0275851,0.345232,-0.938112,0.604023,0.753522,0.259541
0.809114,0.130411,1.00429,0.796489,-0.447311,-0.406839,-0.0275851,0.645265,-0.76346,0.604023,0.619311,0.501608
0.735846,0.215256,1.0248,0.567051,-0.681006,-0.463339,0.127229,0.628188,-0.767589,0.813797,0.376312,0.442858
0.735846,0.153794,0.935766,0.567051,-0.481465,-0.668315,0.127229,0.852834,-0.506445,0.813797,0.202151,0.544857
0.735846,0.126491,0.831078,0.567051,-0.223852,-0.792681,0.127229,0.974616,-0.184216,0.813797,0.0036078,0.581138
0.735846,0.136639,0.723365,0.567051,0.0607604,-0.821439,0.127229,0.978845,0.160232,0.813797,-0.195371,0.547325
0.735846,0.183016,0.625619,0.567051,0.338045,-0.751119,0.127229,0.865011,0.485353,0.813797,-0.370784,0.447496
0.735846,0.260027,0.54963,0.567051,0.574556,-0.590202,0.127229,0.646844,0.751934,0.813797,-0.501476,0.293693
0.735846,0.358384,0.504563,0.567051,0.741767,-0.358099,0.127229,0.350658,0.927821,0.813797,-0.571682,0.104467
0.735846,0.466223,0.495853,0.567051,0.81951,-0.082804,0.127229,0.0121773,0.991799,0.813797,-0.572935,-0.0973605
0.735846,0.570537,0.524552,0.567051,0.798408,0.202479,0.127229,-0.327772,0.936151,0.813797,-0.505084,-0.287444
0.735846,0.658744,0.587198,0.567051,0.681006,0.463339,0.127229,-0.628188,0.767589,0.813797,-0.376312,-0.442858
0.735846,0.720206,0.676234,0.567051,0.481465,0.668315,0.127229,-0.852834,0.506445,0.813797,-0.202151,-0.544857
0.735846,0.747509,0.780922,0.567051,0.223852,0.792681,0.127229,-0.974616,0.184216,0.813797,-0.0036078,-0.581138
0.735846,0.737361,0.888635,0.567051,-0.0607604,0.821439,0.127229,-0.978845,-0.160232,0.813797,0.195371,-0.547325
0.735846,0.690984,0.986381,0.567051,-0.338045,0.751119,0.127229,-0.865011,-0.485353,0.813797,0.370784,-0.447496
0.735846,0.613973,1.06237,0.567051,-0.574556,0.590202,0.127229,-0.646844,-0.751934,0.813797,0.501476,-0.293693
0.735846,0.515616,1.10744,0.567051,-0.741767,0.358099,0.127229,-0.350658,-0.927821,0.813797,0.571682,-0.104467
0.735846,0.407777,1.11615,0.567051,-0.81951,0.082804,0.127229,-0.0121773,-0.991799,0.813797,0.572935,0.0973605
0.735846,0.303463,1.08745,0.567051,-0.798408,-0.202479,0.127229,0.327772,-0.936151,0.813797,0.505084,0.287444
0.735846,0.215256,1.0248,0.567051,-0.681006,-0.463339,0.127229,0.628188,-0.767589,0.813797,0.376312,0.442858
0.696852,0.319341,1.04997,0.269218,-0.824334,-0.497992,0.266698,0.560673,-0.783912,0.925416,0.0782298,0.370791
0.696852,0.242995,0.995012,0.269218,-0.604297,-0.749898,0.266698,0.794974,-0.544875,0.925416,-0.053306,0.375186
0.696852,0.190049,0.917259,0.269218,-0.311374,-0.911355,0.266698,0.933389,-0.240118,0.925416,-0.178412,0.334328
0.696852,0.166889,0.826087,0.269218,0.0191064,-0.96289,0.266698,0.959224,0.0936007,0.925416,-0.282,0.253145
0.696852,0.176308,0.732492,0.269218,0.347282,-0.898286,0.266698,0.869363,0.41603,0.925416,-0.351574,0.141429
0.696852,0.217171,0.647764,0.269218,0.63357,-0.725335,0.266698,0.674643,0.68828,0.925416,-0.378742,0.0126541
0.696852,0.284548,0.58212,0.269218,0.84344,-0.464898,0.266698,0.398552,0.877513,0.925416,-0.360229,-0.117647
0.696852,0.370313,0.54348,0.269218,0.951579,-0.148388,0.266698,0.0743889,0.960905,0.925416,-0.298267,-0.233757
0.696852,0.464122,0.536504,0.269218,0.944944,0.18602,0.266698,-0.258746,0.928398,0.925416,-0.20033,-0.321674
0.696852,0.554659,0.562033,0.269218,0.824334,0.497992,0.266698,-0.560673,0.783912,0.925416,-0.0782298,-0.370791
0.696852,0.631005,0.616988,0.269218,0.604297,0.749898,0.266698,-0.794974,0.544875,0.925416,0.053306,-0.375186
0.696852,0.683951,0.694741,0.269218,0.311374,0.911355,0.266698,-0.933389,0.240118,0.925416,0.178412,-0.334328
0.696852,0.707111,0.785913,0.269218,-0.0191064,0.96289,0.266698,-0.959224,-0.0936007,0.925416,0.282,-0.253145
0.696852,0.697692,0.879508,0.269218,-0.347282,0.898286,0.266698,-0.869363,-0.41603,0.925416,0.351574,-0.141429
0.696852,0.656829,0.964236,0.269218,-0.63357,0.725335,0.266698,-0.674643,-0.68828,0.925416,0.378742,-0.0126541
0.696852,0.589452,1.02988,0.269218,-0.84344,0.464898,0.266698,-0.398552,-0.877513,0.925416,0.360229,0.117647
0.696852,0.503687,1.06852,0.269218,-0.951579,0.148388,0.266698,-0.0743889,-0.960905,0.925416,0.298267,0.233757
0.696852,0.409878,1.0755,0.269218,-0.944944,-0.18602,0.266698,0.258746,-0.928398,0.925416,0.20033,0.321674
0.696852,0.319341,1.04997,0.269218,-0.824334,-0.497992,0.266698,0.560673,-0.783912,0.925416,0.0782298,0.370791
0.696834,0.430112,1.07675,-0.061087,-0.860005,-0.506616,0.373999,0.450864,-0.810461,0.925415,-0.238982,0.294099
0.696834,0.337926,1.05806,-0.061087,-0.634868,-0.770202,0.373999,0.700868,-0.607379,0.925415,-0.325158,0.194626
0.696834,0.25769,1.00898,-0.061087,-0.333156,-0.940891,0.373999,0.866336,-0.331039,0.925415,-0.372114,0.071678
0.696834,0.199081,0.935409,-0.061087,0.00873957,-0.998094,0.373999,0.927312,-0.0147703,0.925415,-0.374188,-0.0599153
0.696834,0.169169,0.846231,-0.061087,0.349581,-0.934913,0.373999,0.87644,0.30328,0.925415,-0.33113,-0.184282
0.696834,0.171561,0.752201,-0.061087,0.648257,-0.758967,0.373999,0.719856,0.58475,0.925415,-0.248132,-0.286421
0.696834,0.205969,0.664661,-0.061087,0.868745,-0.491478,0.373999,0.476447,0.79569,0.925415,-0.135206,-0.354014
0.696834,0.268243,0.594167,-0.061087,0.984448,-0.16471,0.373999,0.175572,0.910659,0.925415,-0.00597206,-0.378908
0.696834,0.350872,0.549224,-0.061087,0.981413,0.181924,0.373999,-0.14648,0.915788,0.925415,0.123982,-0.358099
0.696834,0.443888,0.535252,-0.061087,0.860005,0.506616,0.373999,-0.450864,0.810461,0.925415,0.238982,-0.294099
0.696834,0.536074,0.553936,-0.061087,0.634868,0.770202,0.373999,-0.700868,0.607379,0.925415,0.325158,-0.194626
0.696834,0.61631,0.603023,-0.061087,0.333156,0.940891,0.373999,-0.866336,0.331039,0.925415,0.372114,-0.071678
0.696834,0.674919,0.676591,-0.061087,-0.00873957,0.998094,0.373999,-0.927312,0.0147703,0.925415,0.374188,0.0599153
0.696834,0.704831,0.765769,-0.061087,-0.349581,0.934913,0.373999,-0.87644,-0.30328,0.925415,0.33113,0.184282
0.696834,0.702439,0.859799,-0.061087,-0.648257,0.758967,0.373999,-0.719856,-0.58475,0.925415,0.248132,0.286421
0.696834,0.668031,0.947339,-0.061087,-0.868745,0.491478,0.373999,-0.476447,-0.79569,0.925415,0.135206,0.354014
0.696834,0.605757,1.01783,-0.061087,-0.984448,0.16471,0.373999,-0.175572,-0.910659,0.925415,0.00597206,0.378908
0.696834,0.523128,1.06278,-0.061087,-0.981413,-0.181924,0.373999,0.14648,-0.915788,0.925415,-0.123982,0.358099
0.696834,0.430112,1.07675,-0.061087,-0.860005,-0.506616,0.373999,0.450864,-0.810461,0.925415,-0.238982,0.294099
0.735794,0.534209,1.10192,-0.384024,-0.783718,-0.488172,0.43619,0.312007,-0.844032,0.813796,-0.537064,0.222032
0.735794,0.427137,1.11732,-0.384024,-0.569489,-0.726779,0.43619,0.581866,-0.686418,0.813796,-0.580614,0.0249549
0.735794,0.321255,1.09517,-0.384024,-0.286572,-0.877726,0.43619,0.781544,-0.446012,0.813796,-0.554134,-0.175132
0.735794,0.229334,1.03814,-0.384024,0.0309102,-0.922806,0.43619,0.886957,-0.15181,0.813796,-0.460817,-0.354095
0.735794,0.16246,0.953117,-0.384024,0.344664,-0.856582,0.43619,0.885389,0.160702,0.813796,-0.311919,-0.490349
0.735794,0.1287,0.850347,-0.384024,0.616847,-0.687041,0.43619,0.77703,0.453831,0.813796,-0.125398,-0.56746
0.735794,0.132125,0.742227,-0.384024,0.814628,-0.434634,0.43619,0.57495,0.692222,0.813796,0.0762469,-0.576127
0.735794,0.172323,0.6418,-0.384024,0.914154,-0.129803,0.43619,0.303522,0.84712,0.813796,0.268696,-0.515304
0.735794,0.244445,0.561178,-0.384024,0.903419,0.190684,0.43619,-0.00451457,0.899843,0.813796,0.428736,-0.392328
0.735794,0.339791,0.510085,-0.384024,0.783718,0.488172,0.43619,-0.312007,0.844032,0.813796,0.537064,-0.222032
0.735794,0.446863,0.494683,-0.384024,0.569489,0.726779,0.43619,-0.581866,0.686418,0.813796,0.580614,-0.0249549
0.735794,0.552745,0.516831,-0.384024,0.286572,0.877726,0.43619,-0.781544,0.446012,0.813796,0.554134,0.175132
0.735794,0.644666,0.573857,-0.384024,-0.0309102,0.922806,0.43619,-0.886957,0.15181,0.813796,0.460817,0.354095
0.735794,0.71154,0.658883,-0.384024,-0.344664,0.856582,0.43619,-0.885389,-0.160702,0.813796,0.311919,0.490349
0.735794,0.7453,0.761653,-0.384024,-0.616847,0.687041,0.43619,-0.77703,-0.453831,0.813796,0.125398,0.56746
0.735794,0.741875,0.869773,-0.384024,-0.814628,0.434634,0.43619,-0.57495,-0.692222,0.813796,-0.0762469,0.576127
0.735794,0.701677,0.9702,-0.384024,-0.914154,0.129803,0.43619,-0.303522,-0.84712,0.813796,-0.268696,0.515304
0.735794,0.629555,1.05082,-0.384024,-0.903419,-0.190684,0.43619,0.00451457,-0.899843,0.813796,-0.428736,0.392328
0.735794,0.534209,1.10192,-0.384024,-0.783718,-0.488172,0.43619,0.312007,-0.844032,0.813796,-0.537064,0.222032
0.809034,0.619076,1.12243,-0.660642,-0.604674,-0.444884,0.44577,0.160849,-0.880578,0.604021,-0.780062,0.163282
0.809034,0.499868,1.16562,-0.660642,-0.416048,-0.624865,0.44577,0.452323,-0.772459,0.604021,-0.788865,-0.113362
0.809034,0.373078,1.16544,-0.660642,-0.177241,-0.729478,0.44577,0.689241,-0.57117,0.604021,-0.702518,-0.376333
0.809034,0.253998,1.1219,-0.660642,0.0829443,-0.746105,0.44577,0.843027,-0.30099,0.604021,-0.531438,-0.593913
0.809034,0.156991,1.04026,-0.660642,0.333125,-0.672741,0.44577,0.895131,0.00549423,0.604021,-0.296258,-0.739858
0.809034,0.0937566,0.930361,-0.660642,0.543126,-0.518234,0.44577,0.839269,0.311316,0.604021,-0.0253452,-0.796565
0.809034,0.0719226,0.805465,-0.660642,0.687618,-0.301221,0.44577,0.682178,0.579588,0.604021,0.248625,-0.757195
0.809034,0.0941224,0.680634,-0.660642,0.749173,-0.0478756,0.44577,0.442807,0.777953,0.604021,0.492607,-0.626496
0.809034,0.157678,0.570923,-0.660642,0.720367,0.211244,0.44577,0.150027,0.882486,0.604021,0.677173,-0.420232
0.809034,0.254924,0.489566,-0.660642,0.604674,0.444884,0.44577,-0.160849,0.880578,0.604021,0.780062,-0.163282
0.809034,0.374132,0.446376,-0.660642,0.416048,0.624865,0.44577,-0.452323,0.772459,0.604021,0.788865,0.113362
0.809034,0.500922,0.446562,-0.660642,0.177241,0.729478,0.44577,-0.689241,0.57117,0.604021,0.702518,0.376333
0.809034,0.620002,0.490101,-0.660642,-0.0829443,0.746105,0.44577,-0.843027,0.30099,0.604021,0.531438,0.593913
0.809034,0.717009,0.571742,-0.660642,-0.333125,0.672741,0.44577,-0.895131,-0.00549423,0.604021,0.296258,0.739858
0.809034,0.780243,0.681639,-0.660642,-0.543126,0.518234,0.44577,-0.839269,-0.311316,0.604021,0.0253452,0.796565
0.809034,0.802077,0.806535,-0.660642,-0.687618,0.301221,0.44577,-0.682178,-0.579588,0.604021,-0.248625,0.757195
0.809034,0.779878,0.931366,-0.660642,-0.749173,0.0478756,0.44577,-0.442807,-0.777953,0.604021,-0.492607,0.626496
0.809034,0.716322,1.04108,-0.660642,-0.720367,-0.211244,0.44577,-0.150027,-0.882486,0.604021,-0.677173,0.420232
0.809034,0.619076,1.12243,-0.660642,-0.604674,-0.444884,0.44577,0.160849,-0.880578,0.604021,-0.780062,0.163282
0.90772,0.674476,1.13583,-0.857576,-0.344468,-0.381975,0.401584,0.0156214,-0.915689,0.321392,-0.938668,0.124936
0.90772,0.547347,1.19716,-0.857576,-0.193051,-0.476754,0.401584,0.327863,-0.855123,0.321392,-0.92479,-0.203642
0.90772,0.406908,1.21131,-0.857576,-0.0183491,-0.514029,0.401584,0.60056,-0.691417,0.321392,-0.799369,-0.507658
0.90772,0.270099,1.17657,-0.857576,0.158566,-0.489305,0.401584,0.800821,-0.444316,0.321392,-0.577532,-0.750442
0.90772,0.15342,1.09714,-0.857576,0.316355,-0.405564,0.401584,0.90449,-0.143624,0.321392,-0.286036,-0.902713
0.90772,0.0709456,0.982594,-0.857576,0.435988,-0.272905,0.401584,0.899065,0.174392,0.321392,0.0399599,-0.946103
0.90772,0.0326225,0.846747,-0.857576,0.503034,-0.107331,0.401584,0.785199,0.471373,0.321392,0.361136,-0.875379
0.90772,0.0430733,0.705984,-0.857576,0.509406,0.0711899,0.401584,0.576627,0.7115,0.321392,0.638754,-0.699071
0.90772,0.101037,0.577285,-0.857576,0.454337,0.241124,0.401584,0.298505,0.865809,0.321392,0.839329,-0.438445
0.90772,0.199524,0.476172,-0.857576,0.344468,0.381975,0.401584,-0.0156214,0.915689,0.321392,0.938668,-0.124936
0.90772,0.326653,0.414841,-0.857576,0.193051,0.476754,0.401584,-0.327863,0.855123,0.321392,0.92479,0.203642
0.90772,0.467092,0.40069,-0.857576,0.0183491,0.514029,0.401584,-0.60056,0.691417,0.321392,0.799369,0.507658
0.90772,0.603901,0.435426,-0.857576,-0.158566,0.489305,0.401584,-0.800821,0.444316,0.321392,0.577532,0.750442
0.90772,0.72058,0.514857,-0.857576,-0.316355,0.405564,0.401584,-0.90449,0.143624,0.321392,0.286036,0.902713
0.90772,0.803054,0.629406,-0.857576,-0.435988,0.272905,0.401584,-0.899065,-0.174392,0.321392,-0.0399599,0.946103
0.90772,0.841378,0.765253,-0.857576,-0.503034,0.107331,0.401584,-0.785199,-0.471373,0.321392,-0.361136,0.875379
0.90772,0.830927,0.906016,-0.857576,-0.509406,-0.0711899,0.401584,-0.576627,-0.7115,0.321392,-0.638754,0.699071
0.90772,0.772963,1.03472,-0.857576,-0.454337,-0.241124,0.401584,-0.298505,-0.865809,0.321392,-0.839329,0.438445
0.90772,0.674476,1.13583,-0.857576,-0.344468,-0.381975,0.401584,0.0156214,-0.915689,0.321392,-0.938668,0.124936
0.883612,0.0405259,0.850665,0.961642,-0.0791652,-0.262636,-0.0812368,0.832309,-0.548327,0.262003,0.54863,0.793952
0.883612,0.04916,0.712369,0.961642,0.0154359,-0.273873,-0.0812368,0.969653,-0.230593,0.262003,0.243996,0.933713
0.883612,0.104573,0.585367,0.961642,0.108175,-0.252077,-0.0812368,0.990043,0.114955,0.262003,-0.0900675,0.960855
0.883612,0.200082,0.484976,0.961642,0.187867,-0.199877,-0.0812368,0.89102,0.446637,0.262003,-0.413267,0.872103
0.883612,0.324167,0.423305,0.961642,0.244899,-0.123569,-0.0812368,0.684526,0.724448,0.262003,-0.686621,0.678163
0.883612,0.461861,0.407793,0.961642,0.272393,-0.0323562,-0.0812368,0.395468,0.91488,0.262003,-0.877159,0.402427
0.883612,0.596556,0.440311,0.961642,0.267032,0.0627591,-0.0812368,0.0587108,0.994964,0.262003,-0.961897,0.0781516
0.883612,0.712007,0.516936,0.961642,0.229463,0.150305,-0.0812368,-0.285128,0.955041,0.262003,-0.930617,-0.25555
0.883612,0.794288,0.628427,0.961642,0.164218,0.219721,-0.0812368,-0.594576,0.799925,0.262003,-0.787091,-0.558428
0.883612,0.833474,0.761335,0.961642,0.0791652,0.262636,-0.0812368,-0.832309,0.548327,0.262003,-0.54863,-0.793952
0.883612,0.82484,0.899631,0.961642,-0.0154359,0.273873,-0.0812368,-0.969653,0.230593,0.262003,-0.243996,-0.933713
0.883612,0.769427,1.02663,0.961642,-0.108175,0.252077,-0.0812368,-0.990043,-0.114955,0.262003,0.0900675,-0.960855
0.883612,0.673918,1.12702,0.961642,-0.187867,0.199877,-0.0812368,-0.89102,-0.446637,0.262003,0.413267,-0.872103
0.883612,0.549833,1.18869,0.961642,-0.244899,0.123569,-0.0812368,-0.684526,-0.724448,0.262003,0.686621,-0.678163
0.883612,0.412139,1.20421,0.961642,-0.272393,0.0323562,-0.0812368,-0.395468,-0.91488,0.262003,0.877159,-0.402427
0.883612,0.277444,1.17169,0.961642,-0.267032,-0.0627591,-0.0812368,-0.0587108,-0.994964,0.262003,0.961897,-0.0781516
0.883612,0.161993,1.09506,0.961642,-0.229463,-0.150305,-0.0812368,0.285128,-0.955041,0.262003,0.930617,0.25555
0.883612,0.0797125,0.983573,0.961642,-0.164218,-0.219721,-0.0812368,0.594576,-0.799925,0.262003,0.787091,0.558428
0.883612,0.0405259,0.850665,0.961642,-0.0791652,-0.262636,-0.0812368,0.832309,-0.548327,0.262003,0.54863,0.793952
0.763622,0.107842,0.86694,0.856221,-0.390727,-0.337962,0.156285,0.819446,-0.551437,0.492403,0.419333,0.762692
0.763622,0.10685,0.750686,0.856221,-0.251573,-0.451217,0.156285,0.95863,-0.237914,0.492403,0.133188,0.860116
0.763622,0.145679,0.641104,0.856221,-0.0820762,-0.510049,0.156285,0.982189,0.104305,0.492403,-0.169021,0.853798
0.763622,0.219646,0.55141,0.856221,0.0973206,-0.507361,0.156285,0.887281,0.433943,0.492403,-0.450844,0.744499
0.763622,0.319828,0.492424,0.856221,0.264979,-0.443477,0.156285,0.685355,0.711241,0.492403,-0.678288,0.545402
0.763622,0.434144,0.47126,0.856221,0.400677,-0.326104,0.156285,0.400764,0.902753,0.492403,-0.823921,0.280522
0.763622,0.548804,0.490471,0.856221,0.488048,-0.169398,0.156285,0.0678352,0.98538,0.492403,-0.870177,-0.0181928
0.763622,0.649979,0.547739,0.856221,0.516552,0.00773979,0.156285,-0.273276,0.949155,0.492403,-0.811477,-0.314714
0.763622,0.725465,0.636157,0.856221,0.482753,0.183944,0.156285,-0.581425,0.798448,0.492403,-0.6549,-0.573276
0.763622,0.766158,0.74506,0.856221,0.390727,0.337962,0.156285,-0.819446,0.551437,0.492403,-0.419333,-0.762692
0.763622,0.76715,0.861314,0.856221,0.251573,0.451217,0.156285,-0.95863,0.237914,0.492403,-0.133188,-0.860116
0.763622,0.728321,0.970896,0.856221,0.0820762,0.510049,0.156285,-0.982189,-0.104305,0.492403,0.169021,-0.853798
0.763622,0.654354,1.06059,0.856221,-0.0973206,0.507361,0.156285,-0.887281,-0.433943,0.492403,0.450844,-0.744499
0.763622,0.554172,1.11958,0.856221,-0.264979,0.443477,0.156285,-0.685355,-0.711241,0.492403,0.678288,-0.545402
0.763622,0.439856,1.14074,0.856221,-0.400677,0.326104,0.156285,-0.400764,-0.902753,0.492403,0.823921,-0.280522
0.763622,0.325196,1.12153,0.856221,-0.488048,0.169398,0.156285,-0.0678352,-0.98538,0.492403,0.870177,0.0181928
0.763622,0.224021,1.06426,0.856221,-0.516552,-0.00773979,0.156285,0.273276,-0.949155,0.492403,0.811477,0.314714
0.763622,0.148535,0.975843,0.856221,-0.482753,-0.183944,0.156285,0.581425,-0.798448,0.492403,0.6549,0.573276
0.763622,0.107842,0.86694,0.856221,-0.390727,-0.337962,0.156285,0.819446,-0.551437,0.492403,0.419333,0.762692
0.674556,0.210987,0.891877,0.647527,-0.648453,-0.400273,0.374957,0.728397,-0.57345,0.663413,0.221239,0.714799
0.674556,0.195246,0.809397,0.647527,-0.472445,-0.597917,0.374957,0.880601,-0.28974,0.663413,-0.036579,0.747359
0.674556,0.208664,0.726507,0.647527,-0.239453,-0.723444,0.374957,0.926591,0.0289166,0.663413,-0.289985,0.689777
0.674556,0.249622,0.653206,0.647527,0.0224199,-0.761713,0.374957,0.860821,0.344086,0.663413,-0.508414,0.548998
0.674556,0.313181,0.598333,0.647527,0.281589,-0.708108,0.374957,0.691223,0.617753,0.663413,-0.665522,0.342001
0.674556,0.391674,0.568509,0.647527,0.506794,-0.569095,0.374957,0.438253,0.81691,0.663413,-0.742357,0.0937542
0.674556,0.475635,0.567329,0.647527,0.670873,-0.36144,0.374957,0.132424,0.917535,0.663413,-0.729653,-0.165801
0.674556,0.554935,0.594936,0.647527,0.754034,-0.110191,0.374957,-0.189378,0.907493,0.663413,-0.628943,-0.405358
0.674556,0.620011,0.648001,0.647527,0.746248,0.154349,0.374957,-0.488338,0.787993,0.663413,-0.452372,-0.596023
0.674556,0.663013,0.720123,0.647527,0.648453,0.400273,0.374957,-0.728397,0.57345,0.663413,-0.221239,-0.714799
0.674556,0.678754,0.802603,0.647527,0.472445,0.597917,0.374957,-0.880601,0.28974,0.663413,0.036579,-0.747359
0.674556,0.665336,0.885493,0.647527,0.239453,0.723444,0.374957,-0.926591,-0.0289166,0.663413,0.289985,-0.689777
0.674556,0.624378,0.958794,0.647527,-0.0224199,0.761713,0.374957,-0.860821,-0.344086,0.663413,0.508414,-0.548998
0.674556,0.560819,1.01367,0.647527,-0.281589,0.708108,0.374957,-0.691223,-0.617753,0.663413,0.665522,-0.342001
0.674556,0.482326,1.04349,0.647527,-0.506794,0.569095,0.374957,-0.438253,-0.81691,0.663413,0.742357,-0.0937542
0.674556,0.398365,1.04467,0.647527,-0.670873,0.36144,0.374957,-0.132424,-0.917535,0.663413,0.729653,0.165801
0.674556,0.319065,1.01706,0.647527,-0.754034,0.110191,0.374957,0.189378,-0.907493,0.663413,0.628943,0.405358
0.674556,0.253989,0.963999,0.647527,-0.746248,-0.154349,0.374957,0.488338,-0.787993,0.663413,0.452372,0.596023
0.674556,0.210987,0.891877,0.647527,-0.648453,-0.400273,0.374957,0.728397,-0.57345,0.663413,0.221239,0.714799
0.627155,0.337522,0.922469,0.360731,-0.821257,-0.442052,0.548404,0.570143,-0.611711,0.754404,-0.0217595,0.656049
0.627155,0.303686,0.881422,0.360731,-0.620539,-0.696279,0.548404,0.744977,-0.37982,0.754404,-0.244829,0.609042
0.627155,0.28593,0.831277,0.360731,-0.344974,-0.866525,0.548404,0.829955,-0.102117,0.754404,-0.438369,0.488576
0.627155,0.286396,0.778084,0.360731,-0.0278007,-0.932255,0.548404,0.814829,0.187903,0.754404,-0.579035,0.30918
0.627155,0.305026,0.728258,0.360731,0.292726,-0.885542,0.548404,0.701422,0.455259,0.754404,-0.649861,0.0924928
0.627155,0.339574,0.687809,0.360731,0.577946,-0.732019,0.548404,0.503413,0.667704,0.754404,-0.642304,-0.135351
0.627155,0.385874,0.661615,0.360731,0.793456,-0.490204,0.548404,0.244686,0.799614,0.754404,-0.557275,-0.346869
0.627155,0.43834,0.652836,0.360731,0.913265,-0.189263,0.548404,-0.0435549,0.835079,0.754404,-0.405031,-0.516549
0.627155,0.490644,0.662531,0.360731,0.92292,0.134506,0.548404,-0.326542,0.769821,0.754404,-0.203935,-0.623927
0.627155,0.536478,0.689531,0.360731,0.821257,0.442052,0.548404,-0.570143,0.611711,0.754404,0.0217595,-0.656049
0.627155,0.570314,0.730578,0.360731,0.620539,0.696279,0.548404,-0.744977,0.37982,0.754404,0.244829,-0.609042
0.627155,0.58807,0.780723,0.360731,0.344974,0.866525,0.548404,-0.829955,0.102117,0.754404,0.438369,-0.488576
0.627155,0.587604,0.833916,0.360731,0.0278007,0.932255,0.548404,-0.814829,-0.187903,0.754404,0.579035,-0.30918
0.627155,0.568974,0.883742,0.360731,-0.292726,0.885542,0.548404,-0.701422,-0.455259,0.754404,0.649861,-0.0924928
0.627155,0.534426,0.924191,0.360731,-0.577946,0.732019,0.548404,-0.503413,-0.667704,0.754404,0.642304,0.135351
0.627155,0.488126,0.950385,0.360731,-0.793456,0.490204,0.548404,-0.244686,-0.799614,0.754404,0.557275,0.346869
0.627155,0.43566,0.959164,0.360731,-0.913265,0.189263,0.548404,0.0435549,-0.835079,0.754404,0.405031,0.516549
0.627155,0.383356,0.949469,0.360731,-0.92292,-0.134506,0.548404,0.326542,-0.769821,0.754404,0.203935,0.623927
0.627155,0.337522,0.922469,0.360731,-0.821257,-0.442052,0.548404,0.570143,-0.611711,0.754404,-0.0217595,0.656049
0.627137,0.472184,0.955026,0.0304265,-0.888297,-0.45826,0.655705,0.363772,-0.661605,0.754404,-0.280353,0.593529
0.627137,0.419092,0.958073,0.0304265,-0.677992,-0.734439,0.655705,0.568116,-0.497288,0.754404,-0.466444,0.461849
0.627137,0.36816,0.942777,0.0304265,-0.385912,-0.922034,0.655705,0.703937,-0.272991,0.754404,-0.596276,0.274462
0.627137,0.325531,0.910983,0.0304265,-0.0472841,-0.998418,0.655705,0.754853,-0.0157666,0.754404,-0.654188,0.0539719
0.627137,0.296347,0.866527,0.0304265,0.297047,-0.954378,0.655705,0.714722,0.243359,0.754404,-0.633195,-0.173028
0.627137,0.284128,0.814771,0.0304265,0.605549,-0.795226,0.655705,0.588385,0.473132,0.754404,-0.535829,-0.379159
0.627137,0.290347,0.761957,0.0304265,0.841013,-0.540158,0.655705,0.391081,0.645838,0.754404,-0.373835,-0.539557
0.627137,0.314255,0.714455,0.0304265,0.975039,-0.219939,0.655705,0.146606,0.740647,0.754404,-0.16675,-0.634877
0.627137,0.352968,0.677995,0.0304265,0.991461,0.126808,0.655705,-0.115552,0.746123,0.754404,0.0604465,-0.653621
0.627137,0.401816,0.656974,0.0304265,0.888297,0.45826,0.655705,-0.363772,0.661605,0.754404,0.280353,-0.593529
0.627137,0.454908,0.653927,0.0304265,0.677992,0.734439,0.655705,-0.568116,0.497288,0.754404,0.466444,-0.461849
0.627137,0.50584,0.669223,0.0304265,0.385912,0.922034,0.655705,-0.703937,0.272991,0.754404,0.596276,-0.274462
0.627137,0.548469,0.701017,0.0304265,0.0472841,0.998418,0.655705,-0.754853,0.0157666,0.754404,0.654188,-0.0539719
0.627137,0.577653,0.745473,0.0304265,-0.297047,0.954378,0.655705,-0.714722,-0.243359,0.754404,0.633195,0.173028
0.627137,0.589872,0.797229,0.0304265,-0.605549,0.795226,0.655705,-0.588385,-0.473132,0.754404,0.535829,0.379159
0.627137,0.583653,0.850043,0.0304265,-0.841013,0.540158,0.655705,-0.391081,-0.645838,0.754404,0.373835,0.539557
0.627137,0.559745,0.897545,0.0304265,-0.975039,0.219939,0.655705,-0.146606,-0.740647,0.754404,0.16675,0.634877
0.627137,0.521032,0.934005,0.0304265,-0.991461,-0.126808,0.655705,0.115552,-0.746123,0.754404,-0.0604465,0.653621
0.627137,0.472184,0.955026,0.0304265,-0.888297,-0.45826,0.655705,0.363772,-0.661605,0.754404,-0.280353,0.593529
0.674504,0.598731,0.985622,-0.303548,-0.841487,-0.446943,0.683918,0.134175,-0.717114,0.663411,-0.523351,0.53478
0.674504,0.527543,1.0301,-0.303548,-0.637876,-0.707794,0.683918,0.371351,-0.627976,0.663411,-0.674694,0.323532
0.674504,0.445434,1.04756,-0.303548,-0.357328,-0.883275,0.683918,0.563737,-0.463095,0.663411,-0.74466,0.0732615
0.674504,0.362308,1.03587,-0.303548,-0.0336801,-0.952221,0.683918,0.688127,-0.242358,0.663411,-0.724808,-0.185845
0.674504,0.288192,0.996464,-0.303548,0.29403,-0.906314,0.683918,0.729519,0.00761138,0.663411,-0.617534,-0.422536
0.674504,0.232023,0.934083,-0.303548,0.586275,-0.751092,0.683918,0.682921,0.256663,0.663411,-0.435776,-0.608263
0.674504,0.200578,0.856252,-0.303548,0.807807,-0.505278,0.683918,0.553952,0.474757,0.663411,-0.201457,-0.720625
0.674504,0.197649,0.77236,-0.303548,0.931906,-0.19852,0.683918,0.358168,0.635588,0.663411,0.0571603,-0.746068
0.674504,0.223589,0.692526,-0.303548,0.943603,0.132183,0.683918,0.119184,0.719758,0.663411,0.308884,-0.681525
0.674504,0.275269,0.626378,-0.303548,0.841487,0.446943,0.683918,-0.134175,0.717114,0.663411,0.523351,-0.53478
0.674504,0.346457,0.581896,-0.303548,0.637876,0.707794,0.683918,-0.371351,0.627976,0.663411,0.674694,-0.323532
0.674504,0.428566,0.564443,-0.303548,0.357328,0.883275,0.683918,-0.563737,0.463095,0.663411,0.74466,-0.0732615
0.674504,0.511692,0.576126,-0.303548,0.0336801,0.952221,0.683918,-0.688127,0.242358,0.663411,0.724808,0.185845
0.674504,0.585808,0.615536,-0.303548,-0.29403,0.906314,0.683918,-0.729519,-0.00761138,0.663411,0.617534,0.422536
0.674504,0.641977,0.677917,-0.303548,-0.586275,0.751092,0.683918,-0.682921,-0.256663,0.663411,0.435776,0.608263
0.674504,0.673422,0.755748,-0.303548,-0.807807,0.505278,0.683918,-0.553952,-0.474757,0.663411,0.201457,0.720625
0.674504,0.676351,0.83964,-0.303548,-0.931906,0.19852,0.683918,-0.358168,-0.635588,0.663411,-0.0571603,0.746068
0.674504,0.650411,0.919474,-0.303548,-0.943603,-0.132183,0.683918,-0.119184,-0.719758,0.663411,-0.308884,0.681525
0.674504,0.598731,0.985622,-0.303548,-0.841487,-0.446943,0.683918,0.134175,-0.717114,0.663411,-0.523351,0.53478
0.763543,0.701899,1.01056,-0.60091,-0.686473,-0.409465,0.629641,-0.0909541,-0.771544,0.492402,-0.721445,0.486887
0.763543,0.615958,1.08883,-0.60091,-0.505028,-0.619559,0.629641,0.178415,-0.756122,0.492402,-0.844461,0.210775
0.763543,0.508433,1.13298,-0.60091,-0.26267,-0.754925,0.629641,0.426264,-0.649501,0.492402,-0.865623,-0.0907589
0.763543,0.392291,1.13769,-0.60091,0.0113704,-0.799235,0.629641,0.6227,-0.464541,0.492402,-0.782378,-0.381346
0.763543,0.281542,1.1024,-0.60091,0.284039,-0.747147,0.629641,0.744028,-0.22355,0.492402,-0.604767,-0.625937
0.763543,0.189544,1.03135,-0.60091,0.522449,-0.604941,0.629641,0.775616,0.0444049,0.492402,-0.354212,-0.795031
0.763543,0.127393,0.933127,-0.60091,0.697843,-0.389771,0.629641,0.713654,0.307003,0.492402,-0.0609339,-0.868233
0.763543,0.102584,0.819568,-0.60091,0.789068,-0.127588,0.629641,0.565614,0.532573,0.492402,0.239694,-0.836712
0.763543,0.118111,0.704373,-0.60091,0.785119,0.149983,0.629641,0.349352,0.693906,0.492402,0.511411,-0.704272
0.763543,0.172101,0.601435,-0.60091,0.686473,0.409465,0.629641,0.0909541,0.771544,0.492402,0.721445,-0.486887
0.763543,0.258042,0.523172,-0.60091,0.505028,0.619559,0.629641,-0.178415,0.756122,0.492402,0.844461,-0.210775
0.763543,0.365567,0.479021,-0.60091,0.26267,0.754925,0.629641,-0.426264,0.649501,0.492402,0.865623,0.0907589
0.763543,0.481709,0.474309,-0.60091,-0.0113704,0.799235,0.629641,-0.6227,0.464541,0.492402,0.782378,0.381346
0.763543,0.592458,0.509603,-0.60091,-0.284039,0.747147,0.629641,-0.744028,0.22355,0.492402,0.604767,0.625937
0.763543,0.684456,0.580648,-0.60091,-0.522449,0.604941,0.629641,-0.775616,-0.0444049,0.492402,0.354212,0.795031
0.763543,0.746607,0.678873,-0.60091,-0.697843,0.389771,0.629641,-0.713654,-0.307003,0.492402,0.0609339,0.868233
0.763543,0.771416,0.792432,-0.60091,-0.789068,0.127588,0.629641,-0.565614,-0.532573,0.492402,-0.239694,0.836712
0.763543,0.755889,0.907627,-0.60091,-0.785119,-0.149983,0.629641,-0.349352,-0.693906,0.492402,-0.511411,0.704272
0.763543,0.701899,1.01056,-0.60091,-0.686473,-0.409465,0.629641,-0.0909541,-0.771544,0.492402,-0.721445,0.486887
0.883514,0.769245,1.02685,-0.825794,-0.441951,-0.350347,0.499419,-0.284463,-0.818328,0.262001,-0.850741,0.455627
0.883514,0.673674,1.12716,-0.825794,-0.295473,-0.480375,0.499419,0.0125774,-0.866269,0.262001,-0.955268,0.137178
0.883514,0.549557,1.18874,-0.825794,-0.113356,-0.552462,0.499419,0.3081,-0.809725,0.262001,-0.944576,-0.197815
0.883514,0.411864,1.20416,-0.825794,0.0824336,-0.557915,0.499419,0.566462,-0.655516,0.262001,-0.819955,-0.50895
0.883514,0.277202,1.17155,-0.825794,0.26828,-0.496074,0.499419,0.7565,-0.422242,0.262001,-0.596434,-0.758697
0.883514,0.161815,1.09485,-0.825794,0.421768,-0.3744,0.499419,0.855293,-0.13804,0.262001,-0.300975,-0.916935
0.883514,0.0796187,0.983309,-0.825794,0.524385,-0.207568,0.499419,0.850925,0.162812,0.262001,0.0307862,-0.964576
0.883514,0.0405281,0.850384,-0.825794,0.563753,-0.0156996,0.499419,0.743922,0.444027,0.262001,0.358834,-0.895876
0.883514,0.0492579,0.712106,-0.825794,0.535124,0.178062,0.499419,0.547192,0.671685,0.262001,0.643601,-0.719119
0.883514,0.104755,0.585153,-0.825794,0.441951,0.350347,0.499419,0.284463,0.818328,0.262001,0.850741,-0.455627
0.883514,0.200326,0.484838,-0.825794,0.295473,0.480375,0.499419,-0.0125774,0.866269,0.262001,0.955268,-0.137178
0.883514,0.324443,0.423259,-0.825794,0.113356,0.552462,0.499419,-0.3081,0.809725,0.262001,0.944576,0.197815
0.883514,0.462136,0.407844,-0.825794,-0.0824336,0.557915,0.499419,-0.566462,0.655516,0.262001,0.819955,0.50895
0.883514,0.596798,0.440453,-0.825794,-0.26828,0.496074,0.499419,-0.7565,0.422242,0.262001,0.596434,0.758697
0.883514,0.712185,0.517152,-0.825794,-0.421768,0.3744,0.499419,-0.855293,0.13804,0.262001,0.300975,0.916935
0.883514,0.794381,0.628691,-0.825794,-0.524385,0.207568,0.499419,-0.850925,-0.162812,0.262001,-0.0307862,0.964576
0.883514,0.833472,0.761616,-0.825794,-0.563753,0.0156996,0.499419,-0.743922,-0.444027,0.262001,-0.358834,0.895876
0.883514,0.824742,0.899894,-0.825794,-0.535124,-0.178062,0.499419,-0.547192,-0.671685,0.262001,-0.643601,0.719119
0.883514,0.769245,1.02685,-0.825794,-0.441951,-0.350347,0.499419,-0.284463,-0.818328,0.262001,-0.850741,0.455627
0.875863,0.0538295,0.705039,0.985232,-0.0354843,-0.16751,-0.00862081,0.966771,-0.255499,0.17101,0.25317,0.952187
0.875863,0.111468,0.580076,0.985232,0.0239475,-0.169544,-0.00862081,0.995853,0.0905644,0.17101,-0.0877653,0.981353
0.875863,0.208371,0.482362,0.985232,0.0804909,-0.151129,-0.00862081,0.904821,0.425705,0.17101,-0.418115,0.892152
0.875863,0.33285,0.423684,0.985232,0.127326,-0.114485,-0.00862081,0.704654,0.709498,0.17101,-0.698033,0.695345
0.875863,0.46989,0.411119,0.985232,0.158803,-0.0640331,-0.00862081,0.419496,0.907716,0.17101,-0.893759,0.414669
0.875863,0.602964,0.446182,0.985232,0.171127,-0.00585741,-0.00862081,0.0837396,0.99645,0.17101,-0.981684,0.0839782
0.875863,0.71602,0.524645,0.985232,0.16281,0.0530247,-0.00862081,-0.262117,0.964998,0.17101,-0.951203,-0.256842
0.875863,0.795422,0.637043,0.985232,0.134856,0.105511,-0.00862081,-0.576358,0.817152,0.17101,-0.805994,-0.566683
0.875863,0.831593,0.76982,0.985232,0.0906362,0.145272,-0.00862081,-0.821082,0.570746,0.17101,-0.563569,-0.808174
0.875863,0.82017,0.906961,0.985232,0.0354843,0.16751,-0.00862081,-0.966771,0.255499,0.17101,-0.25317,-0.952187
0.875863,0.762532,1.03192,0.985232,-0.0239475,0.169544,-0.00862081,-0.995853,-0.0905644,0.17101,0.0877653,-0.981353
0.875863,0.665629,1.12964,0.985232,-0.0804909,0.151129,-0.00862081,-0.904821,-0.425705,0.17101,0.418115,-0.892152
0.875863,0.54115,1.18832,0.985232,-0.127326,0.114485,-0.00862081,-0.704654,-0.709498,0.17101,0.698033,-0.695345
0.875863,0.40411,1.20088,0.985232,-0.158803,0.0640331,-0.00862081,-0.419496,-0.907716,0.17101,0.893759,-0.414669
0.875863,0.271036,1.16582,0.985232,-0.171127,0.00585741,-0.00862081,-0.0837396,-0.99645,0.17101,0.981684,-0.0839782
0.875863,0.15798,1.08735,0.985232,-0.16281,-0.0530247,-0.00862081,0.262117,-0.964998,0.17101,0.951203,0.256842
0.875863,0.0785779,0.974957,0.985232,-0.134856,-0.105511,-0.00862081,0.576358,-0.817152,0.17101,0.805994,0.566683
0.875863,0.0424068,0.84218,0.985232,-0.0906362,-0.145272,-0.00862081,0.821082,-0.570746,0.17101,0.563569,0.808174
0.875863,0.0538295,0.705039,0.985232,-0.0354843,-0.16751,-0.00862081,0.966771,-0.255499,0.17101,0.25317,0.952187
0.749059,0.124969,0.722238,0.900555,-0.358687,-0.245651,0.292759,0.918073,-0.267273,0.321393,0.168777,0.931784
0.749059,0.172435,0.620569,0.900555,-0.253038,-0.353515,0.292759,0.954119,0.0628449,0.321393,-0.16009,0.933316
0.749059,0.251812,0.541266,0.900555,-0.116869,-0.418739,0.292759,0.875084,0.385383,0.321393,-0.469648,0.822276
0.749059,0.353524,0.493893,0.900555,0.0333961,-0.433458,0.292759,0.690501,0.661438,0.321393,-0.72256,0.612057
0.749059,0.465306,0.484165,0.900555,0.179633,-0.395895,0.292759,0.422634,0.857714,0.321393,-0.88832,0.328016
0.749059,0.573673,0.513255,0.900555,0.304204,-0.310581,0.292759,0.103791,0.950537,0.321393,-0.946936,0.00441085
0.749059,0.665555,0.577654,0.900555,0.392084,-0.187807,0.292759,-0.227571,0.928711,0.321393,-0.891337,-0.319726
0.749059,0.72987,0.669596,0.900555,0.432672,-0.0423804,0.292759,-0.531485,0.794869,0.321393,-0.72823,-0.6053
0.749059,0.758861,0.777989,0.900555,0.421073,0.108158,0.292759,-0.771293,0.565154,0.321393,-0.477288,-0.817865
0.749059,0.749031,0.889762,0.900555,0.358687,0.245651,0.292759,-0.918073,0.267273,0.321393,-0.168777,-0.931784
0.749059,0.701565,0.991431,0.900555,0.253038,0.353515,0.292759,-0.954119,-0.0628449,0.321393,0.16009,-0.933316
0.749059,0.622188,1.07073,0.900555,0.116869,0.418739,0.292759,-0.875084,-0.385383,0.321393,0.469648,-0.822276
0.749059,0.520476,1.11811,0.900555,-0.0333961,0.433458,0.292759,-0.690501,-0.661438,0.321393,0.72256,-0.612057
0.749059,0.408694,1.12784,0.900555,-0.179633,0.395895,0.292759,-0.422634,-0.857714,0.321393,0.88832,-0.328016
0.749059,0.300327,1.09875,0.900555,-0.304204,0.310581,0.292759,-0.103791,-0.950537,0.321393,0.946936,-0.00441085
0.749059,0.208445,1.03435,0.900555,-0.392084,0.187807,0.292759,0.227571,-0.928711,0.321393,0.891337,0.319726
0.749059,0.14413,0.942404,0.900555,-0.432672,0.0423804,0.292759,0.531485,-0.794869,0.321393,0.72823,0.6053
0.749059,0.115139,0.834011,0.900555,-0.421073,-0.108158,0.292759,0.771293,-0.565154,0.321393,0.477288,0.817865
0.749059,0.124969,0.722238,0.900555,-0.358687,-0.245651,0.292759,0.918073,-0.267273,0.321393,0.168777,0.931784
0.654934,0.233974,0.748592,0.707258,-0.634249,-0.312273,0.558827,0.77212,-0.30256,0.433011,0.039481,0.900524
0.654934,0.265853,0.682616,0.707258,-0.489195,-0.510367,0.558827,0.829037,-0.0202326,0.433011,-0.270897,0.859719
0.654934,0.318374,0.631521,0.707258,-0.285138,-0.646903,0.558827,0.78596,0.264535,0.433011,-0.548601,0.715219
0.654934,0.385203,0.601471,0.707258,-0.046688,-0.705412,0.558827,0.648085,0.517396,0.433011,-0.760136,0.484453
0.654934,0.45828,0.59609,0.707258,0.197393,-0.678839,0.558827,0.432041,0.707851,0.433011,-0.879987,0.195256
0.654934,0.52879,0.616027,0.707258,0.417665,-0.570388,0.558827,0.163886,0.812929,0.433011,-0.893699,-0.117493
0.654934,0.588229,0.658878,0.707258,0.587561,-0.393139,0.558827,-0.124036,0.819956,0.433011,-0.799617,-0.41607
0.654934,0.629428,0.719474,0.707258,0.686588,-0.168472,0.558827,-0.396997,0.728084,0.433011,-0.60909,-0.664463
0.654934,0.647416,0.790507,0.707258,0.702803,0.0765149,0.558827,-0.622074,0.548394,0.433011,-0.345097,-0.832712
0.654934,0.640026,0.863408,0.707258,0.634249,0.312273,0.558827,-0.77212,0.30256,0.433011,-0.039481,-0.900524
0.654934,0.608147,0.929384,0.707258,0.489195,0.510367,0.558827,-0.829037,0.0202326,0.433011,0.270897,-0.859719
0.654934,0.555626,0.980479,0.707258,0.285138,0.646903,0.558827,-0.78596,-0.264535,0.433011,0.548601,-0.715219
0.654934,0.488797,1.01053,0.707258,0.046688,0.705412,0.558827,-0.648085,-0.517396,0.433011,0.760136,-0.484453
0.654934,0.41572,1.01591,0.707258,-0.197393,0.678839,0.558827,-0.432041,-0.707851,0.433011,0.879987,-0.195256
0.654934,0.34521,0.995973,0.707258,-0.417665,0.570388,0.558827,-0.163886,-0.812929,0.433011,0.893699,0.117493
0.654934,0.285771,0.953122,0.707258,-0.587561,0.393139,0.558827,0.124036,-0.819956,0.433011,0.799617,0.41607
