0.658953,0.583493,1.01751,0.308961,0.674884,-0.670131,0.951075,-0.219241,0.217692,-3.49349e-06,-0.704603,-0.709602
0.907818,0.397748,1.26817,0.92986,-0.364928,-0.0467845,-0.179072,-0.337826,-0.924016,0.321394,0.867583,-0.37948
0.907818,0.261117,1.23271,0.92986,-0.326919,-0.168776,-0.179072,-0.00142073,-0.983835,0.321394,0.945051,-0.0598632
0.907818,0.144855,1.15265,0.92986,-0.249479,-0.27041,-0.179072,0.335156,-0.924988,0.321394,0.908532,0.266974
0.907818,0.062986,1.03765,0.92986,-0.141947,-0.339429,-0.179072,0.631309,-0.754574,0.321394,0.762431,0.561609
0.907818,0.0253844,0.901595,0.92986,-0.0172953,-0.367508,-0.179072,0.851316,-0.493148,0.321394,0.524369,0.788507
0.907818,0.0365853,0.760881,0.92986,0.109443,-0.35126,-0.179072,0.968642,-0.17224,0.321394,0.22306,0.920299
0.907818,0.0952379,0.632484,0.92986,0.222981,-0.292645,-0.179072,0.969135,0.169442,0.321394,-0.105153,0.941089
0.907818,0.194268,0.53189,0.92986,0.309624,-0.198732,-0.179072,0.852736,0.490687,0.321394,-0.420683,0.84837
0.907818,0.32173,0.471233,0.92986,0.358921,-0.0808496,-0.179072,0.633485,0.752748,0.321394,-0.685472,0.653325
0.907818,0.462252,0.457829,0.92986,0.364928,0.0467845,-0.179072,0.337826,0.924016,0.321394,-0.867583,0.37948
0.907818,0.598883,0.493295,0.92986,0.326919,0.168776,-0.179072,0.00142073,0.983835,0.321394,-0.945051,0.0598632
0.907818,0.715145,0.573352,0.92986,0.249479,0.27041,-0.179072,-0.335156,0.924988,0.321394,-0.908532,-0.266974
0.907818,0.797014,0.688346,0.92986,0.141947,0.339429,-0.179072,-0.631309,0.754574,0.321394,-0.762431,-0.561609
0.907818,0.834616,0.824405,0.92986,0.0172953,0.367508,-0.179072,-0.851316,0.493148,0.321394,-0.524369,-0.788507
0.907818,0.823415,0.965119,0.92986,-0.109443,0.35126,-0.179072,-0.968642,0.17224,0.321394,-0.22306,-0.920299
0.907818,0.764762,1.09352,0.92986,-0.222981,0.292645,-0.179072,-0.969135,-0.169442,0.321394,0.105153,-0.941089
0.907818,0.665732,1.19411,0.92986,-0.309624,0.198732,-0.179072,-0.852736,-0.490687,0.321394,0.420683,-0.84837
0.907818,0.53827,1.25477,0.92986,-0.358921,0.0808496,-0.179072,-0.633485,-0.752748,0.321394,0.685472,-0.653325
0.907818,0.397748,1.26817,0.92986,-0.364928,-0.0467845,-0.179072,-0.337826,-0.924016,0.321394,0.867583,-0.37948
0.809114,0.438171,1.22803,0.796489,-0.580932,0.167698,-0.0275851,-0.311969,-0.949692,0.604023,0.751793,-0.264505
0.809114,0.31283,1.20881,0.796489,-0.603254,-0.0411057,-0.0275851,0.0316587,-0.999118,0.604023,0.796921,0.008575
0.809114,0.201621,1.14788,0.796489,-0.552814,-0.244952,-0.0275851,0.371468,-0.928036,0.604023,0.745928,0.280621
0.809114,0.117958,1.05259,0.796489,-0.435697,-0.419253,-0.0275851,0.666473,-0.745019,0.604023,0.604965,0.51882
0.809114,0.0719322,0.934434,0.796489,-0.266028,-0.542986,-0.0275851,0.881091,-0.472142,0.604023,0.391034,0.694441
0.809114,0.0690944,0.80766,0.796489,-0.0642727,-0.601227,-0.0275851,0.989437,-0.142317,0.604023,0.129939,0.786303
0.809114,0.109787,0.68756,0.796489,0.145235,-0.586951,-0.0275851,0.978442,0.204673,0.604023,-0.146829,0.783325
0.809114,0.189102,0.588621,0.796489,0.337225,-0.50188,-0.0275851,0.849432,0.526976,0.604023,-0.405887,0.685866
0.809114,0.297473,0.522776,0.796489,0.488541,-0.356275,-0.0275851,0.617969,0.785719,0.604023,-0.615989,0.505682
0.809114,0.421829,0.497968,0.796489,0.580932,-0.167698,-0.0275851,0.311969,0.949692,0.604023,-0.751793,0.264505
0.809114,0.54717,0.517187,0.796489,0.603254,0.0411057,-0.0275851,-0.0316587,0.999118,0.604023,-0.796921,-0.008575
0.809114,0.658379,0.578117,0.796489,0.552814,0.244952,-0.0275851,-0.371468,0.928036,0.604023,-0.745928,-0.280621
0.809114,0.742042,0.673408,0.796489,0.435697,0.419253,-0.0275851,-0.666473,0.745019,0.604023,-0.604965,-0.51882
0.809114,0.788068,0.791566,0.796489,0.266028,0.542986,-0.0275851,-0.881091,0.472142,0.604023,-0.391034,-0.694441
0.809114,0.790906,0.91834,0.796489,0.0642727,0.601227,-0.0275851,-0.989437,0.142317,0.604023,-0.129939,-0.786303
0.809114,0.750213,1.03844,0.796489,-0.145235,0.586951,-0.0275851,-0.978442,-0.204673,0.604023,0.146829,-0.783325
0.809114,0.670898,1.13738,0.796489,-0.337225,0.50188,-0.0275851,-0.849432,-0.526976,0.604023,0.405887,-0.685866
0.809114,0.562527,1.20322,0.796489,-0.488541,0.356275,-0.0275851,-0.617969,-0.785719,0.604023,0.615989,-0.505682
0.809114,0.438171,1.22803,0.796489,-0.580932,0.167698,-0.0275851,-0.311969,-0.949692,0.604023,0.751793,-0.264505
0.735846,0.500111,1.16653,0.567051,-0.751541,0.337105,0.127229,-0.324437,-0.937312,0.813797,0.574393,-0.0883542
0.735846,0.39207,1.1722,0.567051,-0.821514,0.0597334,0.127229,0.0157087,-0.991749,0.813797,0.569972,0.113428
0.735846,0.288604,1.14058,0.567051,-0.792401,-0.224843,0.127229,0.353959,-0.926566,0.813797,0.496804,0.30153
0.735846,0.202192,1.07548,0.567051,-0.667712,-0.482301,0.127229,0.649518,-0.749626,0.813797,0.363714,0.453262
0.735846,0.143258,0.984753,0.567051,-0.462488,-0.681585,0.127229,0.866734,-0.48227,0.813797,0.186754,0.550324
0.735846,0.118908,0.879339,0.567051,-0.20148,-0.798661,0.127229,0.97941,-0.156745,0.813797,-0.0127304,0.581009
0.735846,0.132081,0.771954,0.567051,0.0838285,-0.819406,0.127229,0.973954,0.187685,0.813797,-0.21068,0.541616
0.735846,0.181187,0.67555,0.567051,0.359026,-0.741319,0.127229,0.851025,0.509479,0.813797,-0.383218,0.436896
0.735846,0.260304,0.601756,0.567051,0.59092,-0.573817,0.127229,0.62545,0.769821,0.813797,-0.509534,0.27948
0.735846,0.359889,0.559472,0.567051,0.751541,-0.337105,0.127229,0.324437,0.937312,0.813797,-0.574393,0.0883542
0.735846,0.46793,0.553797,0.567051,0.821514,-0.0597334,0.127229,-0.0157087,0.991749,0.813797,-0.569972,-0.113428
0.735846,0.571396,0.585417,0.567051,0.792401,0.224843,0.127229,-0.353959,0.926566,0.813797,-0.496804,-0.30153
0.735846,0.657808,0.650518,0.567051,0.667712,0.482301,0.127229,-0.649518,0.749626,0.813797,-0.363714,-0.453262
0.735846,0.716742,0.741247,0.567051,0.462488,0.681585,0.127229,-0.866734,0.48227,0.813797,-0.186754,-0.550324
0.735846,0.741092,0.846661,0.567051,0.20148,0.798661,0.127229,-0.97941,0.156745,0.813797,0.0127304,-0.581009
0.735846,0.727919,0.954046,0.567051,-0.0838285,0.819406,0.127229,-0.973954,-0.187685,0.813797,0.21068,-0.541616
0.735846,0.678813,1.05045,0.567051,-0.359026,0.741319,0.127229,-0.851025,-0.509479,0.813797,0.383218,-0.436896
0.735846,0.599696,1.12424,0.567051,-0.59092,0.573817,0.127229,-0.62545,-0.769821,0.813797,0.509534,-0.27948
0.735846,0.500111,1.16653,0.567051,-0.751541,0.337105,0.127229,-0.324437,-0.937312,0.813797,0.574393,-0.0883542
0.696852,0.576098,1.09108,0.269218,-0.856176,0.441004,0.266698,-0.373726,-0.88837,0.925416,0.35678,0.127727
0.696852,0.48928,1.12729,0.269218,-0.955374,0.121579,0.266698,-0.0473467,-0.962617,0.925416,0.291578,0.24205
0.696852,0.395313,1.13163,0.269218,-0.939341,-0.212511,0.266698,0.284743,-0.920757,0.925416,0.191208,0.327178
0.696852,0.305529,1.10356,0.269218,-0.810009,-0.520968,0.266698,0.582488,-0.767841,0.925416,0.0677753,0.372844
0.696852,0.230758,1.04648,0.269218,-0.582977,-0.766589,0.266698,0.809977,-0.522312,0.925416,-0.0638321,0.373539
0.696852,0.180019,0.967273,0.269218,-0.285631,-0.919748,0.266698,0.939771,-0.213784,0.925416,-0.18774,0.32918
0.696852,0.159431,0.875486,0.269218,0.0461674,-0.961972,0.266698,0.956214,0.120529,0.925416,-0.289005,0.245117
0.696852,0.171478,0.782193,0.269218,0.372397,-0.888168,0.266698,0.857324,0.440305,0.925416,-0.35541,0.131489
0.696852,0.214706,0.698646,0.269218,0.65371,-0.707238,0.266698,0.655028,0.706973,0.925416,-0.378948,0.00200203
0.696852,0.283902,0.634923,0.269218,0.856176,-0.441004,0.266698,0.373726,0.88837,0.925416,-0.35678,-0.127727
0.696852,0.37072,0.59871,0.269218,0.955374,-0.121579,0.266698,0.0473467,0.962617,0.925416,-0.291578,-0.24205
0.696852,0.464687,0.594373,0.269218,0.939341,0.212511,0.266698,-0.284743,0.920757,0.925416,-0.191208,-0.327178
0.696852,0.554471,0.622437,0.269218,0.810009,0.520968,0.266698,-0.582488,0.767841,0.925416,-0.0677753,-0.372844
0.696852,0.629242,0.679517,0.269218,0.582977,0.766589,0.266698,-0.809977,0.522312,0.925416,0.0638321,-0.373539
0.696852,0.679981,0.758727,0.269218,0.285631,0.919748,0.266698,-0.939771,0.213784,0.925416,0.18774,-0.32918
0.696852,0.700569,0.850514,0.269218,-0.0461674,0.961972,0.266698,-0.956214,-0.120529,0.925416,0.289005,-0.245117
0.696852,0.688522,0.943807,0.269218,-0.372397,0.888168,0.266698,-0.857324,-0.440305,0.925416,0.35541,-0.131489
0.696852,0.645294,1.02735,0.269218,-0.65371,0.707238,0.266698,-0.655028,-0.706973,0.925416,0.378948,-0.00200203
0.696852,0.576098,1.09108,0.269218,-0.856176,0.441004,0.266698,-0.373726,-0.88837,0.925416,0.35678,0.127727
0.696834,0.656966,1.01078,-0.061087,-0.882218,0.466862,0.373999,-0.453891,-0.80877,0.925415,0.125201,0.357675
0.696834,0.592735,1.07949,-0.061087,-0.98869,0.136971,0.373999,-0.149902,-0.915235,0.925415,-0.00468206,0.378926
0.696834,0.508876,1.1221,-0.061087,-0.975911,-0.209441,0.373999,0.172167,-0.911309,0.925415,-0.134,0.354472
0.696834,0.415503,1.13345,-0.061087,-0.845423,-0.530592,0.373999,0.47347,-0.797466,0.925415,-0.247155,0.287264
0.696834,0.323879,1.11218,-0.061087,-0.612965,-0.787745,0.373999,0.717665,-0.587436,0.925415,-0.3305,0.185408
0.696834,0.245055,1.06086,-0.061087,-0.306574,-0.949885,0.373999,0.8753,-0.306554,0.925415,-0.373982,0.0611888
0.696834,0.188537,0.985669,-0.061087,0.0367943,-0.997454,0.373999,0.92736,0.0113039,0.925415,-0.372356,-0.0704107
0.696834,0.161144,0.895686,-0.061087,0.375725,-0.924716,0.373999,0.867567,0.327798,0.925415,-0.325818,-0.193518
0.696834,0.166179,0.801761,-0.061087,0.669337,-0.740443,0.373999,0.703133,0.604755,0.925415,-0.239982,-0.293284
0.696834,0.203034,0.715222,-0.061087,0.882218,-0.466862,0.373999,0.453891,0.80877,0.925415,-0.125201,-0.357675
0.696834,0.267265,0.646507,-0.061087,0.98869,-0.136971,0.373999,0.149902,0.915235,0.925415,0.00468206,-0.378926
0.696834,0.351124,0.603904,-0.061087,0.975911,0.209441,0.373999,-0.172167,0.911309,0.925415,0.134,-0.354472
0.696834,0.444497,0.592553,-0.061087,0.845423,0.530592,0.373999,-0.47347,0.797466,0.925415,0.247155,-0.287264
0.696834,0.536121,0.613821,-0.061087,0.612965,0.787745,0.373999,-0.717665,0.587436,0.925415,0.3305,-0.185408
0.696834,0.614945,0.665144,-0.061087,0.306574,0.949885,0.373999,-0.8753,0.306554,0.925415,0.373982,-0.0611888
0.696834,0.671463,0.740331,-0.061087,-0.0367943,0.997454,0.373999,-0.92736,-0.0113039,0.925415,0.372356,0.0704107
0.696834,0.698856,0.830314,-0.061087,-0.375725,0.924716,0.373999,-0.867567,-0.327798,0.925415,0.325818,0.193518
0.696834,0.693821,0.924239,-0.061087,-0.669337,0.740443,0.373999,-0.703133,-0.604755,0.925415,0.239982,0.293284
0.696834,0.656966,1.01078,-0.061087,-0.882218,0.466862,0.373999,-0.453891,-0.80877,0.925415,0.125201,0.357675
0.735794,0.732961,0.935318,-0.384024,-0.826525,0.411561,0.43619,-0.555263,-0.708111,0.813796,-0.0924127,0.573756
0.735794,0.689956,1.03458,-0.384024,-0.917441,0.104053,0.43619,-0.279588,-0.855318,0.813796,-0.283076,0.507547
0.735794,0.615597,1.11314,-0.384024,-0.897701,-0.216005,0.43619,0.029809,-0.899361,0.813796,-0.439595,0.380121
0.735794,0.518851,1.16153,-0.384024,-0.769685,-0.510011,0.43619,0.335611,-0.834927,0.813796,-0.543094,0.206846
0.735794,0.411389,1.17392,-0.384024,-0.548833,-0.742501,0.43619,0.600933,-0.669789,0.813796,-0.581087,0.00862295
0.735794,0.306172,1.1488,-0.384024,-0.261784,-0.885435,0.43619,0.793774,-0.423865,0.813796,-0.548992,-0.19064
0.735794,0.21589,1.08921,-0.384024,0.0568397,-0.921572,0.43619,0.890874,-0.126816,0.813796,-0.450681,-0.36691
0.735794,0.151433,1.00234,-0.384024,0.368608,-0.846554,0.43619,0.880521,0.185528,0.813796,-0.298011,-0.498924
0.735794,0.120575,0.898662,-0.384024,0.635917,-0.669429,0.43619,0.763965,0.475496,0.813796,-0.109397,-0.570761
0.735794,0.127039,0.790682,-0.384024,0.826525,-0.411561,0.43619,0.555263,0.708111,0.813796,0.0924127,-0.573756
0.735794,0.170044,0.691424,-0.384024,0.917441,-0.104053,0.43619,0.279588,0.855318,0.813796,0.283076,-0.507547
0.735794,0.244403,0.612861,-0.384024,0.897701,0.216005,0.43619,-0.029809,0.899361,0.813796,0.439595,-0.380121
0.735794,0.341149,0.564469,-0.384024,0.769685,0.510011,0.43619,-0.335611,0.834927,0.813796,0.543094,-0.206846
0.735794,0.448611,0.552083,-0.384024,0.548833,0.742501,0.43619,-0.600933,0.669789,0.813796,0.581087,-0.00862295
0.735794,0.553828,0.577199,-0.384024,0.261784,0.885435,0.43619,-0.793774,0.423865,0.813796,0.548992,0.19064
0.735794,0.64411,0.636787,-0.384024,-0.0568397,0.921572,0.43619,-0.890874,0.126816,0.813796,0.450681,0.36691
0.735794,0.708567,0.723659,-0.384024,-0.368608,0.846554,0.43619,-0.880521,-0.185528,0.813796,0.298011,0.498924
0.735794,0.739425,0.827338,-0.384024,-0.635917,0.669429,0.43619,-0.763965,-0.475496,0.813796,0.109397,0.570761
0.735794,0.732961,0.935318,-0.384024,-0.826525,0.411561,0.43619,-0.555263,-0.708111,0.813796,-0.0924127,0.573756
0.809034,0.794918,0.873798,-0.660642,-0.695814,0.281771,0.44577,-0.665615,-0.598536,0.604021,-0.269813,0.749906
0.809034,0.769218,0.997956,-0.660642,-0.750223,0.0267961,0.44577,-0.420763,-0.790094,0.604021,-0.510024,0.6124
0.809034,0.702603,1.10584,-0.660642,-0.714144,-0.231411,0.44577,-0.12516,-0.886354,0.604021,-0.688719,0.40103
0.809034,0.603108,1.18443,-0.660642,-0.591928,-0.461707,0.44577,0.18554,-0.875708,0.604021,-0.784344,0.141289
0.809034,0.482734,1.22425,-0.660642,-0.398318,-0.636314,0.44577,0.47386,-0.759438,0.604021,-0.785366,-0.135494
0.809034,0.355999,1.2205,-0.660642,-0.156664,-0.734172,0.44577,0.705026,-0.551569,0.604021,-0.691661,-0.395933
0.809034,0.23819,1.17363,-0.660642,0.103886,-0.743478,0.44577,0.851155,-0.277172,0.604021,-0.514532,-0.608618
0.809034,0.143516,1.08929,-0.660642,0.351905,-0.66311,0.44577,0.894622,0.0306558,0.604021,-0.275342,-0.747894
0.809034,0.0833962,0.977663,-0.660642,0.55748,-0.502761,0.44577,0.830185,0.334786,0.604021,-0.00294229,-0.796963
0.809034,0.0650819,0.852202,-0.660642,0.695814,-0.281771,0.44577,0.665615,0.598536,0.604021,0.269813,-0.749906
0.809034,0.0907822,0.728044,-0.660642,0.750223,-0.0267961,0.44577,0.420763,0.790094,0.604021,0.510024,-0.6124
0.809034,0.157397,0.620164,-0.660642,0.714144,0.231411,0.44577,0.12516,0.886354,0.604021,0.688719,-0.40103
0.809034,0.256892,0.541573,-0.660642,0.591928,0.461707,0.44577,-0.18554,0.875708,0.604021,0.784344,-0.141289
0.809034,0.377266,0.501751,-0.660642,0.398318,0.636314,0.44577,-0.47386,0.759438,0.604021,0.785366,0.135494
0.809034,0.504001,0.505501,-0.660642,0.156664,0.734172,0.44577,-0.705026,0.551569,0.604021,0.691661,0.395933
0.809034,0.62181,0.55237,-0.660642,-0.103886,0.743478,0.44577,-0.851155,0.277172,0.604021,0.514532,0.608618
0.809034,0.716484,0.636707,-0.660642,-0.351905,0.66311,0.44577,-0.894622,-0.0306558,0.604021,0.275342,0.747894
0.809034,0.776604,0.748337,-0.660642,-0.55748,0.502761,0.44577,-0.830185,-0.334786,0.604021,0.00294229,0.796963
0.809034,0.794918,0.873798,-0.660642,-0.695814,0.281771,0.44577,-0.665615,-0.598536,0.604021,-0.269813,0.749906
0.90772,0.835363,0.833637,-0.857576,-0.505852,0.093147,0.401584,-0.771638,-0.49326,0.321392,-0.385602,0.86488
0.90772,0.820959,0.97405,-0.857576,-0.507204,-0.085482,0.401584,-0.556397,-0.727429,0.321392,-0.658154,0.680838
0.90772,0.7594,1.10107,-0.857576,-0.447379,-0.253801,0.401584,-0.274047,-0.873858,0.321392,-0.851323,0.414677
0.90772,0.65811,1.19937,-0.857576,-0.333594,-0.391507,0.401584,0.0413568,-0.914888,0.321392,-0.941809,0.0984992
0.90772,0.529307,1.25711,-0.857576,-0.179572,-0.481992,0.401584,0.351773,-0.845569,0.321392,-0.9187,-0.229559
0.90772,0.388526,1.2673,-0.857576,-0.00389161,-0.514342,0.401584,0.61976,-0.674261,0.321392,-0.784782,-0.529929
0.90772,0.252747,1.22874,-0.857576,0.172258,-0.484654,0.401584,0.812995,-0.421628,0.321392,-0.556207,-0.766381
0.90772,0.138348,1.14606,-0.857576,0.327631,-0.39651,0.401584,0.90817,-0.11814,0.321392,-0.260546,-0.910397
0.90772,0.0591259,1.02923,-0.857576,0.443487,-0.260541,0.401584,0.893807,0.199597,0.321392,0.0665407,-0.944605
0.90772,0.0246368,0.892363,-0.857576,0.505852,-0.093147,0.401584,0.771638,0.49326,0.321392,0.385602,-0.86488
0.90772,0.0390406,0.75195,-0.857576,0.507204,0.085482,0.401584,0.556397,0.727429,0.321392,0.658154,-0.680838
0.90772,0.1006,0.624931,-0.857576,0.447379,0.253801,0.401584,0.274047,0.873858,0.321392,0.851323,-0.414677
0.90772,0.20189,0.526627,-0.857576,0.333594,0.391507,0.401584,-0.0413568,0.914888,0.321392,0.941809,-0.0984992
0.90772,0.330693,0.468894,-0.857576,0.179572,0.481992,0.401584,-0.351773,0.845569,0.321392,0.9187,0.229559
0.90772,0.471474,0.458696,-0.857576,0.00389161,0.514342,0.401584,-0.61976,0.674261,0.321392,0.784782,0.529929
0.90772,0.607253,0.497264,-0.857576,-0.172258,0.484654,0.401584,-0.812995,0.421628,0.321392,0.556207,0.766381
0.90772,0.721652,0.579944,-0.857576,-0.327631,0.39651,0.401584,-0.90817,0.11814,0.321392,0.260546,0.910397
0.90772,0.800874,0.696766,-0.857576,-0.443487,0.260541,0.401584,-0.893807,-0.199597,0.321392,-0.0665407,0.944605
0.90772,0.835363,0.833637,-0.857576,-0.505852,0.093147,0.401584,-0.771638,-0.49326,0.321392,-0.385602,0.86488
0.883612,0.260227,1.22406,0.961642,-0.265162,-0.070241,-0.0812368,-0.0307174,-0.996221,0.262003,0.963714,-0.0510801
0.883612,0.146976,1.14422,0.961642,-0.225147,-0.156696,-0.0812368,0.311863,-0.946648,0.262003,0.923066,0.28161
0.883612,0.0678618,1.03046,0.961642,-0.157976,-0.224251,-0.0812368,0.616828,-0.782895,0.262003,0.771082,0.580334
0.883612,0.032427,0.896501,0.961642,-0.0717508,-0.264758,-0.0812368,0.847394,-0.524713,0.262003,0.526094,0.809061
0.883612,0.0449454,0.758503,0.961642,0.0231289,-0.273331,-0.0812368,0.975753,-0.203243,0.262003,0.217651,0.940203
0.883612,0.103907,0.633109,0.961642,0.115219,-0.248937,-0.0812368,0.986421,0.142741,0.262003,-0.117043,0.957943
0.883612,0.2022,0.535442,0.961642,0.193412,-0.194517,-0.0812368,0.878112,0.471509,0.262003,-0.437621,0.860141
0.883612,0.32797,0.477285,0.961642,0.248276,-0.116635,-0.0812368,0.66389,0.743405,0.262003,-0.705414,0.658593
0.883612,0.466045,0.46565,0.961642,0.273195,-0.024686,-0.0812368,0.369593,0.925636,0.262003,-0.888125,0.377609
0.883612,0.599773,0.501941,0.961642,0.265162,0.070241,-0.0812368,0.0307174,0.996221,0.262003,-0.963714,0.0510801
0.883612,0.713024,0.581781,0.961642,0.225147,0.156696,-0.0812368,-0.311863,0.946648,0.262003,-0.923066,-0.28161
0.883612,0.792138,0.695541,0.961642,0.157976,0.224251,-0.0812368,-0.616828,0.782895,0.262003,-0.771082,-0.580334
0.883612,0.827573,0.829499,0.961642,0.0717508,0.264758,-0.0812368,-0.847394,0.524713,0.262003,-0.526094,-0.809061
0.883612,0.815055,0.967497,0.961642,-0.0231289,0.273331,-0.0812368,-0.975753,0.203243,0.262003,-0.217651,-0.940203
0.883612,0.756093,1.09289,0.961642,-0.115219,0.248937,-0.0812368,-0.986421,-0.142741,0.262003,0.117043,-0.957943
0.883612,0.6578,1.19056,0.961642,-0.193412,0.194517,-0.0812368,-0.878112,-0.471509,0.262003,0.437621,-0.860141
0.883612,0.53203,1.24872,0.961642,-0.248276,0.116635,-0.0812368,-0.66389,-0.743405,0.262003,0.705414,-0.658593
0.883612,0.393955,1.26035,0.961642,-0.273195,0.024686,-0.0812368,-0.369593,-0.925636,0.262003,0.888125,-0.377609
0.883612,0.260227,1.22406,0.961642,-0.265162,-0.070241,-0.0812368,-0.0307174,-0.996221,0.262003,0.963714,-0.0510801
0.763622,0.30937,1.17526,0.856221,-0.492617,0.155611,0.156285,-0.0401076,-0.986897,0.492403,0.869322,0.0426479
0.763622,0.209845,1.11517,0.856221,-0.516131,-0.0222579,0.156285,0.29985,-0.941098,0.492403,0.802309,0.337401
0.763622,0.136874,1.02467,0.856221,-0.477391,-0.197443,0.156285,0.603641,-0.781788,0.492403,0.638526,0.591459
0.763622,0.0992586,0.914662,0.856221,-0.381072,-0.348813,0.156285,0.834624,-0.528183,0.492403,0.397727,0.774179
0.763622,0.101535,0.798426,0.856221,-0.238789,-0.458111,0.156285,0.964939,-0.210871,0.492403,0.108956,0.86352
0.763622,0.14343,0.689979,0.856221,-0.0677054,-0.512154,0.156285,0.978869,0.131875,0.492403,-0.192956,0.848709
0.763622,0.219888,0.602401,0.856221,0.111545,-0.504424,0.156285,0.874732,0.458714,0.492403,-0.471595,0.731531
0.763622,0.32169,0.546254,0.856221,0.277341,-0.435853,0.156285,0.66509,0.730227,0.492403,-0.693353,0.526119
0.763622,0.436555,0.528312,0.856221,0.409686,-0.314712,0.156285,0.375228,0.913662,0.492403,-0.831482,0.25725
0.763622,0.55063,0.550738,0.856221,0.492617,-0.155611,0.156285,0.0401076,0.986897,0.492403,-0.869322,-0.0426479
0.763622,0.650155,0.610828,0.856221,0.516131,0.0222579,0.156285,-0.29985,0.941098,0.492403,-0.802309,-0.337401
0.763622,0.723126,0.701333,0.856221,0.477391,0.197443,0.156285,-0.603641,0.781788,0.492403,-0.638526,-0.591459
0.763622,0.760741,0.811338,0.856221,0.381072,0.348813,0.156285,-0.834624,0.528183,0.492403,-0.397727,-0.774179
0.763622,0.758465,0.927574,0.856221,0.238789,0.458111,0.156285,-0.964939,0.210871,0.492403,-0.108956,-0.86352
0.763622,0.71657,1.03602,0.856221,0.0677054,0.512154,0.156285,-0.978869,-0.131875,0.492403,0.192956,-0.848709
0.763622,0.640112,1.1236,0.856221,-0.111545,0.504424,0.156285,-0.874732,-0.458714,0.492403,0.471595,-0.731531
0.763622,0.53831,1.17975,0.856221,-0.277341,0.435853,0.156285,-0.66509,-0.730227,0.492403,0.693353,-0.526119
0.763622,0.423445,1.19769,0.856221,-0.409686,0.314712,0.156285,-0.375228,-0.913662,0.492403,0.831482,-0.25725
0.763622,0.30937,1.17526,0.856221,-0.492617,0.155611,0.156285,-0.0401076,-0.986897,0.492403,0.869322,0.0426479
0.674556,0.384671,1.10049,0.647527,-0.680768,0.342438,0.374957,-0.106578,-0.920895,0.663413,0.724704,0.186247
0.674556,0.306178,1.07067,0.647527,-0.756834,0.08895,0.374957,0.214815,-0.90181,0.663413,0.617299,0.422878
0.674556,0.24262,1.01579,0.647527,-0.741614,-0.175267,0.374957,0.510297,-0.773954,0.663413,0.435438,0.608504
0.674556,0.201662,0.94249,0.647527,-0.636944,-0.418344,0.374957,0.74423,-0.552747,0.663413,0.201057,0.720736
0.674556,0.188246,0.8596,0.647527,-0.45545,-0.610962,0.374957,0.888398,-0.26487,0.663413,-0.0575742,0.746036
0.674556,0.203988,0.77712,0.647527,-0.219021,-0.72989,0.374957,0.925412,0.0549533,0.663413,-0.309261,0.681353
0.674556,0.246991,0.704999,0.647527,0.0438241,-0.760782,0.374957,0.850808,0.368149,0.663413,-0.523647,0.534488
0.674556,0.312068,0.651935,0.647527,0.301384,-0.699912,0.374957,0.673583,0.63694,0.663413,-0.674873,0.323157
0.674556,0.391369,0.624328,0.647527,0.522592,-0.554623,0.374957,0.415115,0.828907,0.663413,-0.744699,0.0728482
0.674556,0.475329,0.625509,0.647527,0.680768,-0.342438,0.374957,0.106578,0.920895,0.663413,-0.724704,-0.186247
0.674556,0.553822,0.655335,0.647527,0.756834,-0.08895,0.374957,-0.214815,0.90181,0.663413,-0.617299,-0.422878
0.674556,0.61738,0.710208,0.647527,0.741614,0.175267,0.374957,-0.510297,0.773954,0.663413,-0.435438,-0.608504
0.674556,0.658338,0.78351,0.647527,0.636944,0.418344,0.374957,-0.74423,0.552747,0.663413,-0.201057,-0.720736
0.674556,0.671754,0.8664,0.647527,0.45545,0.610962,0.374957,-0.888398,0.26487,0.663413,0.0575742,-0.746036
0.674556,0.656012,0.94888,0.647527,0.219021,0.72989,0.374957,-0.925412,-0.0549533,0.663413,0.309261,-0.681353
0.674556,0.613009,1.021,0.647527,-0.0438241,0.760782,0.374957,-0.850808,-0.368149,0.663413,0.523647,-0.534488
0.674556,0.547932,1.07407,0.647527,-0.301384,0.699912,0.374957,-0.673583,-0.63694,0.663413,0.674873,-0.323157
0.674556,0.468631,1.10167,0.647527,-0.522592,0.554623,0.374957,-0.415115,-0.828907,0.663413,0.744699,-0.0728482
0.674556,0.384671,1.10049,0.647527,-0.680768,0.342438,0.374957,-0.106578,-0.920895,0.663413,0.724704,0.186247
0.627155,0.477047,1.00877,0.360731,-0.806923,0.467705,0.548404,-0.22211,-0.806176,0.754404,0.547304,0.362398
0.627155,0.424355,1.01607,0.360731,-0.918224,0.163515,0.548404,0.0670132,-0.833524,0.754404,0.39035,0.527731
0.627155,0.372344,1.0049,0.360731,-0.918774,-0.160398,0.548404,0.348054,-0.760337,0.754404,0.186314,0.629413
0.627155,0.327287,0.976627,0.360731,-0.808506,-0.464964,0.548404,0.587114,-0.595441,0.754404,-0.0401936,0.655178
0.627155,0.294619,0.934644,0.360731,-0.60072,-0.713448,0.548404,0.75536,-0.358727,0.754404,-0.261854,0.601919
0.627155,0.27828,0.884021,0.360731,-0.320478,-0.87588,0.548404,0.832498,-0.0787449,0.754404,-0.45193,0.47606
0.627155,0.28024,0.830861,0.360731,-0.00158242,-0.932668,0.548404,0.809224,0.210735,0.754404,-0.587498,0.29278
0.627155,0.300264,0.781579,0.360731,0.317504,-0.876963,0.548404,0.688346,0.474797,0.754404,-0.652204,0.0741875
0.627155,0.335935,0.742117,0.360731,0.598296,-0.715483,0.548404,0.484444,0.681592,0.754404,-0.638245,-0.153353
0.627155,0.382953,0.717235,0.360731,0.806923,-0.467705,0.548404,0.22211,0.806176,0.754404,-0.547304,-0.362398
0.627155,0.435645,0.709934,0.360731,0.918224,-0.163515,0.548404,-0.0670132,0.833524,0.754404,-0.39035,-0.527731
0.627155,0.487656,0.721096,0.360731,0.918774,0.160398,0.548404,-0.348054,0.760337,0.754404,-0.186314,-0.629413
0.627155,0.532713,0.749373,0.360731,0.808506,0.464964,0.548404,-0.587114,0.595441,0.754404,0.0401936,-0.655178
0.627155,0.565381,0.791356,0.360731,0.60072,0.713448,0.548404,-0.75536,0.358727,0.754404,0.261854,-0.601919
0.627155,0.58172,0.841979,0.360731,0.320478,0.87588,0.548404,-0.832498,0.0787449,0.754404,0.45193,-0.47606
0.627155,0.57976,0.895139,0.360731,0.00158242,0.932668,0.548404,-0.809224,-0.210735,0.754404,0.587498,-0.29278
0.627155,0.559736,0.944421,0.360731,-0.317504,0.876963,0.548404,-0.688346,-0.474797,0.754404,0.652204,-0.0741875
0.627155,0.524065,0.983883,0.360731,-0.598296,0.715483,0.548404,-0.484444,-0.681592,0.754404,0.638245,0.153353
0.627155,0.477047,1.00877,0.360731,-0.806923,0.467705,0.548404,-0.22211,-0.806176,0.754404,0.547304,0.362398
0.627137,0.575357,0.911148,0.0304265,-0.855866,0.516302,0.655705,-0.37277,-0.656577,0.754404,0.358519,0.549853
0.627137,0.550123,0.95796,0.0304265,-0.980836,0.192442,0.655705,-0.125727,-0.744476,0.754404,0.148837,0.639314
0.627137,0.5104,0.993317,0.0304265,-0.987504,-0.154629,0.655705,0.136481,-0.742579,0.754404,-0.0787971,0.651664
0.627137,0.460981,1.01296,0.0304265,-0.875064,-0.48305,0.655705,0.382227,-0.651117,0.754404,-0.296927,0.585413
0.627137,0.407824,1.01451,0.0304265,-0.657078,-0.753208,0.655705,0.581871,-0.481121,0.754404,-0.479243,0.448554
0.627137,0.357342,0.997787,0.0304265,-0.359839,-0.932518,0.655705,0.711333,-0.253094,0.754404,-0.603756,0.257592
0.627137,0.315624,0.964808,0.0304265,-0.0191981,-0.999353,0.655705,0.754998,0.00545985,0.754404,-0.655446,0.0355602
0.627137,0.287701,0.91955,0.0304265,0.323758,-0.94565,0.655705,0.707598,0.263355,0.754404,-0.62808,-0.19076
0.627137,0.276942,0.86747,0.0304265,0.627665,-0.777889,0.655705,0.574852,0.489486,0.754404,-0.524959,-0.394072
0.627137,0.284643,0.814852,0.0304265,0.855866,-0.516302,0.655705,0.37277,0.656577,0.754404,-0.358519,-0.549853
0.627137,0.309877,0.76804,0.0304265,0.980836,-0.192442,0.655705,0.125727,0.744476,0.754404,-0.148837,-0.639314
0.627137,0.3496,0.732683,0.0304265,0.987504,0.154629,0.655705,-0.136481,0.742579,0.754404,0.0787971,-0.651664
0.627137,0.399019,0.713043,0.0304265,0.875064,0.48305,0.655705,-0.382227,0.651117,0.754404,0.296927,-0.585413
0.627137,0.452176,0.711491,0.0304265,0.657078,0.753208,0.655705,-0.581871,0.481121,0.754404,0.479243,-0.448554
0.627137,0.502658,0.728213,0.0304265,0.359839,0.932518,0.655705,-0.711333,0.253094,0.754404,0.603756,-0.257592
0.627137,0.544376,0.761192,0.0304265,0.0191981,0.999353,0.655705,-0.754998,-0.00545985,0.754404,0.655446,-0.0355602
0.627137,0.572299,0.80645,0.0304265,-0.323758,0.94565,0.655705,-0.707598,-0.263355,0.754404,0.62808,0.19076
0.627137,0.583058,0.85853,0.0304265,-0.627665,0.777889,0.655705,-0.574852,-0.489486,0.754404,0.524959,0.394072
0.627137,0.575357,0.911148,0.0304265,-0.855866,0.516302,0.655705,-0.37277,-0.656577,0.754404,0.358519,0.549853
0.674504,0.667741,0.819414,-0.303548,-0.821692,0.48237,0.683918,-0.540386,-0.490141,0.663411,0.18112,0.726003
0.674504,0.668311,0.903355,-0.303548,-0.937118,0.172244,0.683918,-0.340159,-0.645405,0.663411,-0.078111,0.744167
0.674504,0.640137,0.982428,-0.303548,-0.939514,-0.158657,0.683918,-0.0989032,-0.722824,0.663411,-0.32792,0.672572
0.674504,0.586617,1.0471,-0.303548,-0.82859,-0.470422,0.683918,0.154282,-0.713059,0.663411,-0.538178,0.519856
0.674504,0.514207,1.08956,-0.303548,-0.617727,-0.725446,0.683918,0.388858,-0.617289,0.663411,-0.683523,0.304437
0.674504,0.43164,1.1047,-0.303548,-0.332356,-0.892971,0.683918,0.576532,-0.447065,0.663411,-0.746425,0.0522988
0.674504,0.348876,1.09068,-0.303548,-0.00689814,-0.952791,0.683918,0.694668,-0.222918,0.663411,-0.719297,-0.206148
0.674504,0.275896,1.04921,-0.303548,0.319392,-0.89769,0.683918,0.729017,0.0281164,0.663411,-0.605412,-0.439729
0.674504,0.221503,0.98527,-0.303548,0.607158,-0.734314,0.683918,0.675435,0.275759,0.663411,-0.418505,-0.620273
0.674504,0.192259,0.906586,-0.303548,0.821692,-0.48237,0.683918,0.540386,0.490141,0.663411,-0.18112,-0.726003
0.674504,0.191689,0.822645,-0.303548,0.937118,-0.172244,0.683918,0.340159,0.645405,0.663411,0.078111,-0.744167
0.674504,0.219863,0.743572,-0.303548,0.939514,0.158657,0.683918,0.0989032,0.722824,0.663411,0.32792,-0.672572
0.674504,0.273383,0.678903,-0.303548,0.82859,0.470422,0.683918,-0.154282,0.713059,0.663411,0.538178,-0.519856
0.674504,0.345793,0.636439,-0.303548,0.617727,0.725446,0.683918,-0.388858,0.617289,0.663411,0.683523,-0.304437
0.674504,0.42836,0.621302,-0.303548,0.332356,0.892971,0.683918,-0.576532,0.447065,0.663411,0.746425,-0.0522988
0.674504,0.511124,0.635317,-0.303548,0.00689814,0.952791,0.683918,-0.694668,0.222918,0.663411,0.719297,0.206148
0.674504,0.584104,0.676794,-0.303548,-0.319392,0.89769,0.683918,-0.729017,-0.0281164,0.663411,0.605412,0.439729
0.674504,0.638497,0.74073,-0.303548,-0.607158,0.734314,0.683918,-0.675435,-0.275759,0.663411,0.418505,0.620273
0.674504,0.667741,0.819414,-0.303548,-0.821692,0.48237,0.683918,-0.540386,-0.490141,0.663411,0.18112,0.726003
0.763543,0.743059,0.744627,-0.60091,-0.708525,0.369999,0.629641,-0.704741,-0.326944,0.492402,0.0365022,0.869602
0.763543,0.764665,0.858838,-0.60091,-0.792343,0.105356,0.629641,-0.550419,-0.548263,0.492402,-0.263121,0.829643
0.763543,0.745906,0.973551,-0.60091,-0.780592,-0.171995,0.629641,-0.329708,-0.703453,0.492402,-0.531007,0.689617
0.763543,0.689043,1.07493,-0.60091,-0.674691,-0.428601,0.629641,-0.0692287,-0.773796,0.492402,-0.734847,0.466413
0.763543,0.600937,1.15075,-0.60091,-0.487412,-0.633511,0.629641,0.1996,-0.750808,0.492402,-0.850053,0.186953
0.763543,0.492213,1.19186,-0.60091,-0.241344,-0.76201,0.629641,0.444354,-0.637261,0.492402,-0.86273,-0.115057
0.763543,0.375985,1.1933,-0.60091,0.0338339,-0.7986,0.629641,0.635513,-0.446852,0.492402,-0.771349,-0.403189
0.763543,0.266272,1.15491,-0.60091,0.304931,-0.738867,0.629641,0.750019,-0.202545,0.492402,-0.586932,-0.642691
0.763543,0.176307,1.08131,-0.60091,0.539248,-0.590015,0.629641,0.774062,0.0661913,0.492402,-0.331722,-0.804674
0.763543,0.116941,0.981373,-0.60091,0.708525,-0.369999,0.629641,0.704741,0.326944,0.492402,-0.0365022,-0.869602
0.763543,0.095335,0.867162,-0.60091,0.792343,-0.105356,0.629641,0.550419,0.548263,0.492402,0.263121,-0.829643
0.763543,0.114094,0.752449,-0.60091,0.780592,0.171995,0.629641,0.329708,0.703453,0.492402,0.531007,-0.689617
0.763543,0.170957,0.65107,-0.60091,0.674691,0.428601,0.629641,0.0692287,0.773796,0.492402,0.734847,-0.466413
0.763543,0.259063,0.575252,-0.60091,0.487412,0.633511,0.629641,-0.1996,0.750808,0.492402,0.850053,-0.186953
0.763543,0.367787,0.534142,-0.60091,0.241344,0.76201,0.629641,-0.444354,0.637261,0.492402,0.86273,0.115057
0.763543,0.484015,0.532697,-0.60091,-0.0338339,0.7986,0.629641,-0.635513,0.446852,0.492402,0.771349,0.403189
0.763543,0.593728,0.571091,-0.60091,-0.304931,0.738867,0.629641,-0.750019,0.202545,0.492402,0.586932,0.642691
0.763543,0.683693,0.644693,-0.60091,-0.539248,0.590015,0.629641,-0.774062,-0.0661913,0.492402,0.331722,0.804674
0.763543,0.743059,0.744627,-0.60091,-0.708525,0.369999,0.629641,-0.704741,-0.326944,0.492402,0.0365022,0.869602
0.883514,0.792225,0.695808,-0.825794,-0.530013,0.192744,0.499419,-0.846011,-0.186669,0.262001,-0.05789,0.96333
0.883514,0.827563,0.829779,-0.825794,-0.563972,-0.000154723,0.499419,-0.731146,-0.464764,0.262001,-0.383877,0.885434
0.883514,0.814949,0.967757,-0.825794,-0.529907,-0.193035,0.499419,-0.528094,-0.686802,0.262001,-0.663563,0.700743
0.883514,0.755905,1.0931,-0.825794,-0.431928,-0.362633,0.499419,-0.261346,-0.826002,0.262001,-0.863213,0.431531
0.883514,0.657552,1.19069,-0.825794,-0.281852,-0.488491,0.499419,0.0369247,-0.865573,0.262001,-0.958747,0.11027
0.883514,0.531753,1.24875,-0.825794,-0.0977803,-0.555431,0.499419,0.330741,-0.800744,0.262001,-0.938642,-0.224291
0.883514,0.393681,1.26029,-0.825794,0.098085,-0.555377,0.499419,0.584666,-0.639333,0.262001,-0.805323,-0.531799
0.883514,0.259989,1.22391,-0.825794,0.28212,-0.488336,0.499419,0.768071,-0.400809,0.262001,-0.57487,-0.775164
0.883514,0.146803,1.144,-0.825794,0.432127,-0.362395,0.499419,0.858835,-0.113941,0.262001,-0.275079,-0.925033
0.883514,0.0677754,1.03019,-0.825794,0.530013,-0.192744,0.499419,0.846011,0.186669,0.262001,0.05789,-0.96333
0.883514,0.0324371,0.896221,-0.825794,0.563972,0.000154723,0.499419,0.731146,0.464764,0.262001,0.383877,-0.885434
0.883514,0.0450506,0.758243,-0.825794,0.529907,0.193035,0.499419,0.528094,0.686802,0.262001,0.663563,-0.700743
0.883514,0.104095,0.632901,-0.825794,0.431928,0.362633,0.499419,0.261346,0.826002,0.262001,0.863213,-0.431531
0.883514,0.202448,0.535311,-0.825794,0.281852,0.488491,0.499419,-0.0369247,0.865573,0.262001,0.958747,-0.11027
0.883514,0.328247,0.477246,-0.825794,0.0977803,0.555431,0.499419,-0.330741,0.800744,0.262001,0.938642,0.224291
0.883514,0.466319,0.465708,-0.825794,-0.098085,0.555377,0.499419,-0.584666,0.639333,0.262001,0.805323,0.531799
0.883514,0.600011,0.50209,-0.825794,-0.28212,0.488336,0.499419,-0.768071,0.400809,0.262001,0.57487,0.775164
0.883514,0.713197,0.582002,-0.825794,-0.432127,0.362395,0.499419,-0.858835,0.113941,0.262001,0.275079,0.925033
0.883514,0.792225,0.695808,-0.825794,-0.530013,0.192744,0.499419,-0.846011,-0.186669,0.262001,-0.05789,0.96333
0.875863,0.143181,1.1364,0.985232,-0.161255,-0.0575807,-0.00862081,0.289141,-0.957248,0.17101,0.943607,0.28348
0.875863,0.0669699,1.02181,0.985232,-0.131837,-0.109261,-0.00862081,0.599101,-0.800627,0.17101,0.789745,0.589117
0.875863,0.0345457,0.888073,0.985232,-0.0865165,-0.147762,-0.00862081,0.836802,-0.547438,0.17101,0.540627,0.823698
0.875863,0.0498191,0.751307,0.985232,-0.0307613,-0.168441,-0.00862081,0.973571,-0.228221,0.17101,0.226302,0.958928
0.875863,0.110948,0.628014,0.985232,0.0287042,-0.168804,-0.00862081,0.992914,0.118524,0.17101,-0.115318,0.978497
0.875863,0.210559,0.533063,0.985232,0.0847075,-0.148807,-0.00862081,0.892496,0.450972,0.17101,-0.443029,0.880046
0.875863,0.336638,0.477907,0.985232,0.130494,-0.110861,-0.00862081,0.68443,0.729027,0.17101,-0.717305,0.675447
0.875863,0.473978,0.4692,0.985232,0.160541,-0.0595435,-0.00862081,0.393812,0.91915,0.17101,-0.905063,0.38938
0.875863,0.606014,0.50799,0.985232,0.171224,-0.00104441,-0.00862081,0.0556945,0.998411,0.17101,-0.983657,0.0563481
0.875863,0.716819,0.5896,0.985232,0.161255,0.0575807,-0.00862081,-0.289141,0.957248,0.17101,-0.943607,-0.28348
0.875863,0.79303,0.704186,0.985232,0.131837,0.109261,-0.00862081,-0.599101,0.800627,0.17101,-0.789745,-0.589117
0.875863,0.825454,0.837927,0.985232,0.0865165,0.147762,-0.00862081,-0.836802,0.547438,0.17101,-0.540627,-0.823698
0.875863,0.810181,0.974693,0.985232,0.0307613,0.168441,-0.00862081,-0.973571,0.228221,0.17101,-0.226302,-0.958928
0.875863,0.749052,1.09799,0.985232,-0.0287042,0.168804,-0.00862081,-0.992914,-0.118524,0.17101,0.115318,-0.978497
0.875863,0.649441,1.19294,0.985232,-0.0847075,0.148807,-0.00862081,-0.892496,-0.450972,0.17101,0.443029,-0.880046
0.875863,0.523362,1.24809,0.985232,-0.130494,0.110861,-0.00862081,-0.68443,-0.729027,0.17101,0.717305,-0.675447
0.875863,0.386022,1.2568,0.985232,-0.160541,0.0595435,-0.00862081,-0.393812,-0.91915,0.17101,0.905063,-0.38938
0.875863,0.253986,1.21801,0.985232,-0.171224,0.00104441,-0.00862081,-0.0556945,-0.998411,0.17101,0.983657,-0.0563481
0.875863,0.143181,1.1364,0.985232,-0.161255,-0.0575807,-0.00862081,0.289141,-0.957248,0.17101,0.943607,0.28348
0.749059,0.195116,1.08483,0.900555,-0.397208,0.176711,0.292759,0.253589,-0.921946,0.321393,0.881997,0.344657
0.749059,0.133411,0.991117,0.900555,-0.433692,0.0302005,0.292759,0.55362,-0.779614,0.321393,0.710926,0.625532
0.749059,0.107479,0.881951,0.900555,-0.417867,-0.119952,0.292759,0.786876,-0.543248,0.321393,0.454108,0.830959
0.749059,0.120447,0.7705,0.900555,-0.35164,-0.255637,0.292759,0.925223,-0.241359,0.321393,0.142517,0.93616
0.749059,0.170753,0.670205,0.900555,-0.243001,-0.360488,0.292759,0.951975,0.0896421,0.321393,-0.186264,0.928446
0.749059,0.252327,0.593164,0.900555,-0.105052,-0.421859,0.292759,0.863905,0.409831,0.321393,-0.492578,0.808748
0.749059,0.355331,0.54867,0.900555,0.0455682,-0.432348,0.292759,0.671634,0.680588,0.321393,-0.73948,0.591503
0.749059,0.467342,0.542088,0.900555,0.190692,-0.390689,0.292759,0.398355,0.869256,0.321393,-0.89719,0.302914
0.749059,0.574848,0.574213,0.900555,0.312815,-0.301907,0.292759,0.0770285,0.953079,0.321393,-0.946685,-0.0222109
0.749059,0.664884,0.64117,0.900555,0.397208,-0.176711,0.292759,-0.253589,0.921946,0.321393,-0.881997,-0.344657
0.749059,0.726589,0.734883,0.900555,0.433692,-0.0302005,0.292759,-0.55362,0.779614,0.321393,-0.710926,-0.625532
0.749059,0.752521,0.844049,0.900555,0.417867,0.119952,0.292759,-0.786876,0.543248,0.321393,-0.454108,-0.830959
0.749059,0.739553,0.9555,0.900555,0.35164,0.255637,0.292759,-0.925223,0.241359,0.321393,-0.142517,-0.93616
0.749059,0.689247,1.05579,0.900555,0.243001,0.360488,0.292759,-0.951975,-0.0896421,0.321393,0.186264,-0.928446
0.749059,0.607673,1.13284,0.900555,0.105052,0.421859,0.292759,-0.863905,-0.409831,0.321393,0.492578,-0.808748
0.749059,0.504669,1.17733,0.900555,-0.0455682,0.432348,0.292759,-0.671634,-0.680588,0.321393,0.73948,-0.591503
0.749059,0.392658,1.18391,0.900555,-0.190692,0.390689,0.292759,-0.398355,-0.869256,0.321393,0.89719,-0.302914
0.749059,0.285152,1.15179,0.900555,-0.312815,0.301907,0.292759,-0.0770285,-0.953079,0.321393,0.946685,0.0222109
0.749059,0.195116,1.08483,0.900555,-0.397208,0.176711,0.292759,0.253589,-0.921946,0.321393,0.881997,0.344657
0.654934,0.274695,1.00581,0.707258,-0.598381,0.376466,0.558827,0.147037,-0.816145,0.433011,0.787604,0.438385
0.654934,0.235216,0.944082,0.707258,-0.691053,0.149104,0.558827,0.417307,-0.716635,0.433011,0.59017,0.681323
0.654934,0.219231,0.872572,0.707258,-0.700374,-0.0962416,0.558827,0.637245,-0.53069,0.433011,0.321552,0.842084
0.654934,0.228668,0.799908,0.707258,-0.62522,-0.32998,0.558827,0.78032,-0.280735,0.433011,0.0141501,0.901278
0.654934,0.262389,0.734853,0.707258,-0.474655,-0.523917,0.558827,0.829278,0.0030811,0.433011,-0.294958,0.851764
0.654934,0.316326,0.685255,0.707258,-0.266839,-0.654663,0.558827,0.778213,0.286525,0.433011,-0.568491,0.699514
0.654934,0.383974,0.657095,0.707258,-0.0268392,-0.706446,0.558827,0.633284,0.53541,0.433011,-0.773454,0.462893
0.654934,0.457173,0.653771,0.707258,0.216398,-0.673022,0.558827,0.411971,0.719717,0.433011,-0.885128,0.17044
0.654934,0.527095,0.675683,0.707258,0.433535,-0.558421,0.558827,0.140968,0.817215,0.433011,-0.890042,-0.14257
0.654934,0.585305,0.720188,0.707258,0.598381,-0.376466,0.558827,-0.147037,0.816145,0.433011,-0.787604,-0.438385
0.654934,0.624784,0.781918,0.707258,0.691053,-0.149104,0.558827,-0.417307,0.716635,0.433011,-0.59017,-0.681323
0.654934,0.640769,0.853428,0.707258,0.700374,0.0962416,0.558827,-0.637245,0.53069,0.433011,-0.321552,-0.842084
0.654934,0.631332,0.926092,0.707258,0.62522,0.32998,0.558827,-0.78032,0.280735,0.433011,-0.0141501,-0.901278
0.654934,0.597611,0.991147,0.707258,0.474655,0.523917,0.558827,-0.829278,-0.0030811,0.433011,0.294958,-0.851764
0.654934,0.543674,1.04075,0.707258,0.266839,0.654663,0.558827,-0.778213,-0.286525,0.433011,0.568491,-0.699514
0.654934,0.476026,1.0689,0.707258,0.0268392,0.706446,0.558827,-0.633284,-0.53541,0.433011,0.773454,-0.462893
0.654934,0.402827,1.07223,0.707258,-0.216398,0.673022,0.558827,-0.411971,-0.719717,0.433011,0.885128,-0.17044
