0.658953,0.581623,1.03284,0.308961,0.711262,-0.631387,0.951075,-0.231059,0.205106,-3.49349e-06,-0.663866,-0.747851
0.907818,0.382167,1.27274,0.92986,-0.361745,-0.0670954,-0.179072,-0.285686,-0.941444,0.321394,0.887426,-0.330426
0.907818,0.24773,1.22969,0.92986,-0.316981,-0.186773,-0.179072,0.053536,-0.982378,0.321394,0.94692,-0.00698159
0.907818,0.136121,1.14327,0.92986,-0.233985,-0.283923,-0.179072,0.386301,-0.904823,0.321394,0.892201,0.317305
0.907818,0.0608033,1.02388,0.92986,-0.122766,-0.346828,-0.179072,0.672471,-0.718133,0.321394,0.72987,0.60332
0.907818,0.0308602,0.885934,0.92986,0.00325974,-0.3679,-0.179072,0.877533,-0.444826,0.321394,0.479506,0.816566
0.907818,0.0499037,0.746065,0.92986,0.128892,-0.344598,-0.179072,0.97675,-0.117866,0.321394,0.171306,0.931321
0.907818,0.115637,0.621145,0.92986,0.238979,-0.279733,-0.179072,0.958157,0.223311,0.321394,-0.157555,0.933746
0.907818,0.220131,0.52624,0.92986,0.320241,-0.181127,-0.179072,0.823997,0.537553,0.321394,-0.467414,0.823547
0.907818,0.350782,0.472797,0.92986,0.362877,-0.060675,-0.179072,0.59045,0.786958,0.321394,-0.720895,0.614016
0.907818,0.491833,0.467263,0.92986,0.361745,0.0670954,-0.179072,0.285686,0.941444,0.321394,-0.887426,0.330426
0.907818,0.62627,0.510306,0.92986,0.316981,0.186773,-0.179072,-0.053536,0.982378,0.321394,-0.94692,0.00698159
0.907818,0.737879,0.596732,0.92986,0.233985,0.283923,-0.179072,-0.386301,0.904823,0.321394,-0.892201,-0.317305
0.907818,0.813197,0.716119,0.92986,0.122766,0.346828,-0.179072,-0.672471,0.718133,0.321394,-0.72987,-0.60332
0.907818,0.84314,0.854066,0.92986,-0.00325974,0.3679,-0.179072,-0.877533,0.444826,0.321394,-0.479506,-0.816566
0.907818,0.824096,0.993935,0.92986,-0.128892,0.344598,-0.179072,-0.97675,0.117866,0.321394,-0.171306,-0.931321
0.907818,0.758363,1.11886,0.92986,-0.238979,0.279733,-0.179072,-0.958157,-0.223311,0.321394,0.157555,-0.933746
0.907818,0.653869,1.21376,0.92986,-0.320241,0.181127,-0.179072,-0.823997,-0.537553,0.321394,0.467414,-0.823547
0.907818,0.523218,1.2672,0.92986,-0.362877,0.060675,-0.179072,-0.59045,-0.786958,0.321394,0.720895,-0.614016
0.907818,0.382167,1.27274,0.92986,-0.361745,-0.0670954,-0.179072,-0.285686,-0.941444,0.321394,0.887426,-0.330426
0.809114,0.424768,1.23492,0.796489,-0.589392,0.134987,-0.0275851,-0.258435,-0.965635,0.604023,0.765394,-0.222099
0.809114,0.300697,1.20873,0.796489,-0.600016,-0.0747377,-0.0275851,0.0874174,-0.99579,0.604023,0.795198,0.0530756
0.809114,0.193065,1.14168,0.796489,-0.538269,-0.275448,-0.0275851,0.422726,-0.905838,0.604023,0.729088,0.321848
0.809114,0.114855,1.04187,0.796489,-0.411598,-0.442935,-0.0275851,0.707047,-0.706628,0.604023,0.57504,0.551801
0.809114,0.0755011,0.921322,0.796489,-0.235283,-0.556998,-0.0275851,0.906088,-0.422189,0.604023,0.351634,0.715199
0.809114,0.0797491,0.794587,0.796489,-0.0305894,-0.603878,-0.0275851,0.995841,-0.0868278,0.604023,0.0858154,0.792333
0.809114,0.127087,0.676948,0.796489,0.177794,-0.577922,-0.0275851,0.965482,0.259006,0.604023,-0.190354,0.7739
0.809114,0.211805,0.582594,0.796489,0.364733,-0.48226,-0.0275851,0.818671,0.573601,0.604023,-0.443564,0.662124
0.809114,0.323684,0.522905,0.796489,0.507679,-0.32843,-0.0275851,0.573116,0.81901,0.604023,-0.643273,0.470485
0.809114,0.449232,0.505081,0.796489,0.589392,-0.134987,-0.0275851,0.258435,0.965635,0.604023,-0.765394,0.222099
0.809114,0.573303,0.531272,0.796489,0.600016,0.0747377,-0.0275851,-0.0874174,0.99579,0.604023,-0.795198,-0.0530756
0.809114,0.680935,0.598318,0.796489,0.538269,0.275448,-0.0275851,-0.422726,0.905838,0.604023,-0.729088,-0.321848
0.809114,0.759145,0.698133,0.796489,0.411598,0.442935,-0.0275851,-0.707047,0.706628,0.604023,-0.57504,-0.551801
0.809114,0.798499,0.818678,0.796489,0.235283,0.556998,-0.0275851,-0.906088,0.422189,0.604023,-0.351634,-0.715199
0.809114,0.794251,0.945413,0.796489,0.0305894,0.603878,-0.0275851,-0.995841,0.0868278,0.604023,-0.0858154,-0.792333
0.809114,0.746913,1.06305,0.796489,-0.177794,0.577922,-0.0275851,-0.965482,-0.259006,0.604023,0.190354,-0.7739
0.809114,0.662195,1.15741,0.796489,-0.364733,0.48226,-0.0275851,-0.818671,-0.573601,0.604023,0.443564,-0.662124
0.809114,0.550316,1.21709,0.796489,-0.507679,0.32843,-0.0275851,-0.573116,-0.81901,0.604023,0.643273,-0.470485
0.809114,0.424768,1.23492,0.796489,-0.589392,0.134987,-0.0275851,-0.258435,-0.965635,0.604023,0.765394,-0.222099
0.735846,0.490047,1.17697,0.567051,-0.769197,0.2946,0.127229,-0.271574,-0.953971,0.813797,0.578432,-0.0561322
0.735846,0.381858,1.1766,0.567051,-0.823568,0.0137525,0.127229,0.0710807,-0.989323,0.813797,0.562746,0.145088
0.735846,0.28032,1.13925,0.567051,-0.778604,-0.268754,0.127229,0.405162,-0.905349,0.813797,0.479185,0.328809
0.735846,0.197679,1.06943,0.567051,-0.63973,-0.518844,0.127229,0.690376,-0.712176,0.813797,0.337828,0.472871
0.735846,0.143905,0.975546,0.567051,-0.423694,-0.706354,0.127229,0.892319,-0.433104,0.813797,0.155723,0.559897
0.735846,0.125481,0.868937,0.567051,-0.156555,-0.808668,0.127229,0.986636,-0.101793,0.813797,-0.0451642,0.579391
0.735846,0.144632,0.762455,0.567051,0.129467,-0.813444,0.127229,0.96195,0.241795,0.813797,-0.240604,0.529003
0.735846,0.199046,0.668945,0.567051,0.399874,-0.720107,0.127229,0.821239,0.556219,0.813797,-0.407023,0.414808
0.735846,0.282162,0.599685,0.567051,0.62205,-0.539914,0.127229,0.581474,0.803555,0.813797,-0.52435,0.250582
0.735846,0.383953,0.563029,0.567051,0.769197,-0.2946,0.127229,0.271574,0.953971,0.813797,-0.578432,0.0561322
0.735846,0.492142,0.563399,0.567051,0.823568,-0.0137525,0.127229,-0.0710807,0.989323,0.813797,-0.562746,-0.145088
0.735846,0.59368,0.600749,0.567051,0.778604,0.268754,0.127229,-0.405162,0.905349,0.813797,-0.479185,-0.328809
0.735846,0.676321,0.670574,0.567051,0.63973,0.518844,0.127229,-0.690376,0.712176,0.813797,-0.337828,-0.472871
0.735846,0.730095,0.764454,0.567051,0.423694,0.706354,0.127229,-0.892319,0.433104,0.813797,-0.155723,-0.559897
0.735846,0.748519,0.871063,0.567051,0.156555,0.808668,0.127229,-0.986636,0.101793,0.813797,0.0451642,-0.579391
0.735846,0.729368,0.977545,0.567051,-0.129467,0.813444,0.127229,-0.96195,-0.241795,0.813797,0.240604,-0.529003
0.735846,0.674954,1.07105,0.567051,-0.399874,0.720107,0.127229,-0.821239,-0.556219,0.813797,0.407023,-0.414808
0.735846,0.591838,1.14031,0.567051,-0.62205,0.539914,0.127229,-0.581474,-0.803555,0.813797,0.52435,-0.250582
0.735846,0.490047,1.17697,0.567051,-0.769197,0.2946,0.127229,-0.271574,-0.953971,0.813797,0.578432,-0.0561322
0.696852,0.57013,1.10588,0.269218,-0.879473,0.392492,0.266698,-0.32352,-0.907858,0.925416,0.349088,0.147456
0.696852,0.481425,1.13719,0.269218,-0.960674,0.0680241,0.266698,0.00649646,-0.963758,0.925416,0.277603,0.257959
0.696852,0.387362,1.13627,0.269218,-0.926004,-0.264648,0.266698,0.335729,-0.903415,0.925416,0.172634,0.337348
0.696852,0.299286,1.10323,0.269218,-0.779644,-0.5654,0.266698,0.624468,-0.734106,0.925416,0.0468434,0.376047
0.696852,0.22782,1.04207,0.269218,-0.539248,-0.797956,0.266698,0.837887,-0.476253,0.925416,-0.0845974,0.36939
0.696852,0.181584,0.960147,0.269218,-0.23381,-0.934267,0.266698,0.950245,-0.160957,0.925416,-0.205834,0.318179
0.696852,0.166156,0.867353,0.269218,0.0998286,-0.957891,0.266698,0.947989,0.173753,0.925416,-0.302245,0.228591
0.696852,0.183395,0.774879,0.269218,0.421426,-0.86598,0.266698,0.831391,0.487505,0.925416,-0.3622,0.111432
0.696852,0.231223,0.693877,0.269218,0.692194,-0.669619,0.266698,0.614515,0.742458,0.925416,-0.378469,-0.0191682
0.696852,0.30387,0.634119,0.269218,0.879473,-0.392492,0.266698,0.32352,0.907858,0.925416,-0.349088,-0.147456
0.696852,0.392575,0.602811,0.269218,0.960674,-0.0680241,0.266698,-0.00649646,0.963758,0.925416,-0.277603,-0.257959
0.696852,0.486638,0.60373,0.269218,0.926004,0.264648,0.266698,-0.335729,0.903415,0.925416,-0.172634,-0.337348
0.696852,0.574714,0.636765,0.269218,0.779644,0.5654,0.266698,-0.624468,0.734106,0.925416,-0.0468434,-0.376047
0.696852,0.64618,0.697932,0.269218,0.539248,0.797956,0.266698,-0.837887,0.476253,0.925416,0.0845974,-0.36939
0.696852,0.692416,0.779853,0.269218,0.23381,0.934267,0.266698,-0.950245,0.160957,0.925416,0.205834,-0.318179
0.696852,0.707844,0.872647,0.269218,-0.0998286,0.957891,0.266698,-0.947989,-0.173753,0.925416,0.302245,-0.228591
0.696852,0.690605,0.965121,0.269218,-0.421426,0.86598,0.266698,-0.831391,-0.487505,0.925416,0.3622,-0.111432
0.696852,0.642777,1.04612,0.269218,-0.692194,0.669619,0.266698,-0.614515,-0.742458,0.925416,0.378469,0.0191682
0.696852,0.57013,1.10588,0.269218,-0.879473,0.392492,0.266698,-0.32352,-0.907858,0.925416,0.349088,0.147456
0.696834,0.655357,1.03023,-0.061087,-0.906918,0.416855,0.373999,-0.408006,-0.83286,0.925415,0.105026,0.36411
0.696834,0.587388,1.09525,-0.061087,-0.994797,0.0815313,0.373999,-0.0985456,-0.922179,0.925415,-0.0258406,0.378073
0.696834,0.50128,1.1331,-0.061087,-0.962689,-0.263626,0.373999,0.222801,-0.900269,0.925415,-0.153591,0.346434
0.696834,0.407419,1.13922,-0.061087,-0.814466,-0.576987,0.373999,0.517275,-0.769774,0.925415,-0.262815,0.27301
0.696834,0.317126,1.11286,-0.061087,-0.568007,-0.820754,0.373999,0.749357,-0.546432,0.925415,-0.340341,0.166658
0.696834,0.241292,1.05722,-0.061087,-0.253037,-0.965526,0.373999,0.891057,-0.257183,0.925415,-0.376816,0.0402036
0.696834,0.189062,0.97899,-0.061087,0.0924521,-0.993842,0.373999,0.925281,0.0630862,0.925415,-0.367842,-0.0910996
0.696834,0.166738,0.887618,-0.061087,0.42679,-0.902285,0.373999,0.847903,0.375746,0.925415,-0.3145,-0.211415
0.696834,0.177011,0.79412,-0.061087,0.709651,-0.7019,0.373999,0.668255,0.643086,0.925415,-0.223225,-0.30623
0.696834,0.218643,0.709775,-0.061087,0.906918,-0.416855,0.373999,0.408006,0.83286,0.925415,-0.105026,-0.36411
0.696834,0.286612,0.644755,-0.061087,0.994797,-0.0815313,0.373999,0.0985456,0.922179,0.925415,0.0258406,-0.378073
0.696834,0.37272,0.606903,-0.061087,0.962689,0.263626,0.373999,-0.222801,0.900269,0.925415,0.153591,-0.346434
0.696834,0.466581,0.600785,-0.061087,0.814466,0.576987,0.373999,-0.517275,0.769774,0.925415,0.262815,-0.27301
0.696834,0.556874,0.627137,-0.061087,0.568007,0.820754,0.373999,-0.749357,0.546432,0.925415,0.340341,-0.166658
0.696834,0.632708,0.682783,-0.061087,0.253037,0.965526,0.373999,-0.891057,0.257183,0.925415,0.376816,-0.0402036
0.696834,0.684938,0.76101,-0.061087,-0.0924521,0.993842,0.373999,-0.925281,-0.0630862,0.925415,0.367842,0.0910996
0.696834,0.707262,0.852382,-0.061087,-0.42679,0.902285,0.373999,-0.847903,-0.375746,0.925415,0.3145,0.211415
0.696834,0.696989,0.94588,-0.061087,-0.709651,0.7019,0.373999,-0.668255,-0.643086,0.925415,0.223225,0.30623
0.696834,0.655357,1.03023,-0.061087,-0.906918,0.416855,0.373999,-0.408006,-0.83286,0.925415,0.105026,0.36411
0.735794,0.735449,0.959128,-0.384024,-0.848223,0.364751,0.43619,-0.514843,-0.738021,0.813796,-0.124317,0.567698
0.735794,0.686967,1.05583,-0.384024,-0.921821,0.0526448,0.43619,-0.231376,-0.8696,0.813796,-0.310984,0.490943
0.735794,0.608335,1.13012,-0.384024,-0.884234,-0.265812,0.43619,0.0799984,-0.896292,0.813796,-0.460142,0.354973
0.735794,0.509038,1.17303,-0.384024,-0.739995,-0.552207,0.43619,0.381724,-0.814878,0.813796,-0.5538,0.176187
0.735794,0.401051,1.17939,-0.384024,-0.506502,-0.771998,0.43619,0.637407,-0.635177,0.813796,-0.580661,-0.0238485
0.735794,0.297401,1.14844,-0.384024,-0.211918,-0.898675,0.43619,0.81621,-0.378865,0.813796,-0.537486,-0.221008
0.735794,0.210589,1.0839,-0.384024,0.108228,-0.916958,0.43619,0.896566,-0.0768564,0.813796,-0.429483,-0.391511
0.735794,0.151085,0.993563,-0.384024,0.415319,-0.824643,0.43619,0.868783,0.234422,0.813796,-0.269677,-0.514791
0.735794,0.126066,0.888323,-0.384024,0.672317,-0.632863,0.43619,0.736212,0.517426,0.813796,-0.0773445,-0.575981
0.735794,0.138551,0.780872,-0.384024,0.848223,-0.364751,0.43619,0.514843,0.738021,0.813796,0.124317,-0.567698
0.735794,0.187033,0.684172,-0.384024,0.921821,-0.0526448,0.43619,0.231376,0.8696,0.813796,0.310984,-0.490943
0.735794,0.265665,0.609885,-0.384024,0.884234,0.265812,0.43619,-0.0799984,0.896292,0.813796,0.460142,-0.354973
0.735794,0.364962,0.566972,-0.384024,0.739995,0.552207,0.43619,-0.381724,0.814878,0.813796,0.5538,-0.176187
0.735794,0.472949,0.560608,-0.384024,0.506502,0.771998,0.43619,-0.637407,0.635177,0.813796,0.580661,0.0238485
0.735794,0.576599,0.591562,-0.384024,0.211918,0.898675,0.43619,-0.81621,0.378865,0.813796,0.537486,0.221008
0.735794,0.663411,0.6561,-0.384024,-0.108228,0.916958,0.43619,-0.896566,0.0768564,0.813796,0.429483,0.391511
0.735794,0.722915,0.746437,-0.384024,-0.415319,0.824643,0.43619,-0.868783,-0.234422,0.813796,0.269677,0.514791
0.735794,0.747934,0.851677,-0.384024,-0.672317,0.632863,0.43619,-0.736212,-0.517426,0.813796,0.0773445,0.575981
0.735794,0.735449,0.959128,-0.384024,-0.848223,0.364751,0.43619,-0.514843,-0.738021,0.813796,-0.124317,0.567698
0.809034,0.800745,0.901164,-0.660642,-0.710467,0.242465,0.44577,-0.631144,-0.634781,0.604021,-0.311279,0.733665
0.809034,0.76815,1.02369,-0.660642,-0.750548,-0.0151513,0.44577,-0.375973,-0.812363,0.604021,-0.543435,0.582956
0.809034,0.695613,1.12768,-0.660642,-0.700103,-0.27094,0.44577,-0.0754547,-0.891962,0.604021,-0.710044,0.361933
0.809034,0.591884,1.20059,-0.660642,-0.565214,-0.49405,0.44577,0.234165,-0.863977,0.604021,-0.791012,0.0972567
0.809034,0.469473,1.23363,-0.660642,-0.362153,-0.65757,0.44577,0.51554,-0.731784,0.604021,-0.776572,-0.179151
0.809034,0.343146,1.22281,-0.660642,-0.11541,-0.741777,0.44577,0.734734,-0.511326,0.604021,-0.668466,-0.43395
0.809034,0.228138,1.16943,-0.660642,0.145252,-0.736515,0.44577,0.865308,-0.229196,0.604021,-0.479733,-0.636408
0.809034,0.138323,1.07994,-0.660642,0.388396,-0.642418,0.44577,0.891513,0.0805792,0.604021,-0.233137,-0.762106
0.809034,0.0845326,0.965124,-0.660642,0.584693,-0.470837,0.44577,0.810189,0.380635,0.604021,0.0415786,-0.795883
0.809034,0.0732548,0.838836,-0.660642,0.710467,-0.242465,0.44577,0.631144,0.634781,0.604021,0.311279,-0.733665
0.809034,0.10585,0.716307,-0.660642,0.750548,0.0151513,0.44577,0.375973,0.812363,0.604021,0.543435,-0.582956
0.809034,0.178387,0.612316,-0.660642,0.700103,0.27094,0.44577,0.0754547,0.891962,0.604021,0.710044,-0.361933
0.809034,0.282116,0.539405,-0.660642,0.565214,0.49405,0.44577,-0.234165,0.863977,0.604021,0.791012,-0.0972567
0.809034,0.404527,0.506369,-0.660642,0.362153,0.65757,0.44577,-0.51554,0.731784,0.604021,0.776572,0.179151
0.809034,0.530854,0.517192,-0.660642,0.11541,0.741777,0.44577,-0.734734,0.511326,0.604021,0.668466,0.43395
0.809034,0.645862,0.570569,-0.660642,-0.145252,0.736515,0.44577,-0.865308,0.229196,0.604021,0.479733,0.636408
0.809034,0.735677,0.660062,-0.660642,-0.388396,0.642418,0.44577,-0.891513,-0.0805792,0.604021,0.233137,0.762106
0.809034,0.789467,0.774876,-0.660642,-0.584693,0.470837,0.44577,-0.810189,-0.380635,0.604021,-0.0415786,0.795883
0.809034,0.800745,0.901164,-0.660642,-0.710467,0.242465,0.44577,-0.631144,-0.634781,0.604021,-0.311279,0.733665
0.90772,0.84337,0.863326,-0.857576,-0.510265,0.064746,0.401584,-0.742881,-0.535592,0.321392,-0.43331,0.841991
0.90772,0.821146,1.00272,-0.857576,-0.501637,-0.11368,0.401584,-0.514897,-0.757372,0.321392,-0.695156,0.643012
0.90772,0.752588,1.1261,-0.857576,-0.432504,-0.278394,0.401584,-0.224808,-0.887802,0.321392,-0.873156,0.366477
0.90772,0.645965,1.21859,-0.857576,-0.311204,-0.40953,0.401584,0.0923955,-0.91115,0.321392,-0.945841,0.0457384
0.90772,0.514138,1.26904,-0.857576,-0.152369,-0.49127,0.401584,0.398455,-0.824599,0.321392,-0.904443,-0.280517
0.90772,0.373007,1.27136,-0.857576,0.0248443,-0.513756,0.401584,0.656455,-0.63859,0.321392,-0.753956,-0.572937
0.90772,0.239595,1.22526,-0.857576,0.199061,-0.474276,0.401584,0.835276,-0.375558,0.321392,-0.512531,-0.796253
0.90772,0.129992,1.13632,-0.857576,0.349268,-0.37759,0.401584,0.913351,-0.0672276,0.321392,-0.209287,-0.923529
0.90772,0.0574195,1.01526,-0.857576,0.457348,-0.235362,0.401584,0.881263,0.249211,0.321392,0.1192,-0.939414
0.90772,0.0306296,0.876674,-0.857576,0.510265,-0.064746,0.401584,0.742881,0.535592,0.321392,0.43331,-0.841991
0.90772,0.052854,0.737285,-0.857576,0.501637,0.11368,0.401584,0.514897,0.757372,0.321392,0.695156,-0.643012
0.90772,0.121412,0.613903,-0.857576,0.432504,0.278394,0.401584,0.224808,0.887802,0.321392,0.873156,-0.366477
0.90772,0.228035,0.52141,-0.857576,0.311204,0.40953,0.401584,-0.0923955,0.91115,0.321392,0.945841,-0.0457384
0.90772,0.359862,0.470962,-0.857576,0.152369,0.49127,0.401584,-0.398455,0.824599,0.321392,0.904443,0.280517
0.90772,0.500993,0.468644,-0.857576,-0.0248443,0.513756,0.401584,-0.656455,0.63859,0.321392,0.753956,0.572937
0.90772,0.634405,0.514736,-0.857576,-0.199061,0.474276,0.401584,-0.835276,0.375558,0.321392,0.512531,0.796253
0.90772,0.744008,0.603677,-0.857576,-0.349268,0.37759,0.401584,-0.913351,0.0672276,0.321392,0.209287,0.923529
0.90772,0.816581,0.724741,-0.857576,-0.457348,0.235362,0.401584,-0.881263,-0.249211,0.321392,-0.1192,0.939414
0.90772,0.84337,0.863326,-0.857576,-0.510265,0.064746,0.401584,-0.742881,-0.535592,0.321392,-0.43331,0.841991
0.883612,0.247324,1.22101,0.961642,-0.260825,-0.0849426,-0.0812368,0.0249769,-0.996382,0.262003,0.965063,0.00283028
0.883612,0.138709,1.13497,0.961642,-0.216043,-0.169027,-0.0812368,0.364253,-0.92775,0.262003,0.905895,0.332731
0.883612,0.0660733,1.01697,0.961642,-0.145204,-0.232725,-0.0812368,0.659595,-0.747218,0.262003,0.737462,0.622499
0.883612,0.0381764,0.881242,0.961642,-0.05685,-0.268352,-0.0812368,0.87538,-0.47656,0.262003,0.48008,0.837184
0.883612,0.0583835,0.744158,0.961642,0.0383604,-0.271613,-0.0812368,0.985582,-0.148422,0.262003,0.164794,0.950893
0.883612,0.124257,0.622253,0.961642,0.128944,-0.242112,-0.0812368,0.976907,0.197617,0.262003,-0.170369,0.94991
0.883612,0.227853,0.53023,0.961642,0.203975,-0.18341,-0.0812368,0.850404,0.519822,0.262003,-0.484983,0.834354
0.883612,0.356674,0.479188,0.961642,0.254404,-0.102585,-0.0812368,0.621328,0.779328,0.262003,-0.7411,0.618162
0.883612,0.495184,0.475283,0.961642,0.274147,-0.00938746,-0.0812368,0.317312,0.944835,0.262003,-0.907831,0.327411
0.883612,0.626676,0.518988,0.961642,0.260825,0.0849426,-0.0812368,-0.0249769,0.996382,0.262003,-0.965063,-0.00283028
0.883612,0.735291,0.605029,0.961642,0.216043,0.169027,-0.0812368,-0.364253,0.92775,0.262003,-0.905895,-0.332731
0.883612,0.807927,0.723031,0.961642,0.145204,0.232725,-0.0812368,-0.659595,0.747218,0.262003,-0.737462,-0.622499
0.883612,0.835824,0.858758,0.961642,0.05685,0.268352,-0.0812368,-0.87538,0.47656,0.262003,-0.48008,-0.837184
0.883612,0.815616,0.995842,0.961642,-0.0383604,0.271613,-0.0812368,-0.985582,0.148422,0.262003,-0.164794,-0.950893
0.883612,0.749743,1.11775,0.961642,-0.128944,0.242112,-0.0812368,-0.976907,-0.197617,0.262003,0.170369,-0.94991
0.883612,0.646147,1.20977,0.961642,-0.203975,0.18341,-0.0812368,-0.850404,-0.519822,0.262003,0.484983,-0.834354
0.883612,0.517326,1.26081,0.961642,-0.254404,0.102585,-0.0812368,-0.621328,-0.779328,0.262003,0.7411,-0.618162
0.883612,0.378816,1.26472,0.961642,-0.274147,0.00938746,-0.0812368,-0.317312,-0.944835,0.262003,0.907831,-0.327411
0.883612,0.247324,1.22101,0.961642,-0.260825,-0.0849426,-0.0812368,0.0249769,-0.996382,0.262003,0.965063,0.00283028
0.763622,0.299116,1.17504,0.856221,-0.50054,0.127852,0.156285,0.0150805,-0.987597,0.492403,0.865582,0.0911393
0.763622,0.203103,1.10948,0.856221,-0.514081,-0.0510529,0.156285,0.351949,-0.92288,0.492403,0.78221,0.38169
0.763622,0.135302,1.01504,0.856221,-0.465617,-0.2238,0.156285,0.646367,-0.746849,0.492403,0.604491,0.626202
0.763622,0.103889,0.903107,0.856221,-0.360993,-0.369554,0.156285,0.862824,-0.480738,0.492403,0.353862,0.795186
0.763622,0.112655,0.78718,0.856221,-0.212828,-0.470734,0.156285,0.975212,-0.156643,0.492403,0.060552,0.868258
0.763622,0.160541,0.681242,0.856221,-0.038992,-0.515137,0.156285,0.969974,0.186346,0.492403,-0.240062,0.836606
0.763622,0.241773,0.598071,0.856221,0.139547,-0.497406,0.156285,0.847744,0.506859,0.492403,-0.51172,0.704047
0.763622,0.346552,0.547699,0.856221,0.301254,-0.419681,0.156285,0.623263,0.766237,0.492403,-0.721658,0.486569
0.763622,0.46224,0.536201,0.856221,0.426625,-0.291336,0.156285,0.323607,0.933195,0.492403,-0.844553,0.210404
0.763622,0.574884,0.564964,0.856221,0.50054,-0.127852,0.156285,-0.0150805,0.987597,0.492403,-0.865582,-0.0911393
0.763622,0.670897,0.630519,0.856221,0.514081,0.0510529,0.156285,-0.351949,0.92288,0.492403,-0.78221,-0.38169
0.763622,0.738698,0.724959,0.856221,0.465617,0.2238,0.156285,-0.646367,0.746849,0.492403,-0.604491,-0.626202
0.763622,0.770111,0.836893,0.856221,0.360993,0.369554,0.156285,-0.862824,0.480738,0.492403,-0.353862,-0.795186
0.763622,0.761345,0.95282,0.856221,0.212828,0.470734,0.156285,-0.975212,0.156643,0.492403,-0.060552,-0.868258
0.763622,0.713459,1.05876,0.856221,0.038992,0.515137,0.156285,-0.969974,-0.186346,0.492403,0.240062,-0.836606
0.763622,0.632227,1.14193,0.856221,-0.139547,0.497406,0.156285,-0.847744,-0.506859,0.492403,0.51172,-0.704047
0.763622,0.527448,1.1923,0.856221,-0.301254,0.419681,0.156285,-0.623263,-0.766237,0.492403,0.721658,-0.486569
0.763622,0.41176,1.2038,0.856221,-0.426625,0.291336,0.156285,-0.323607,-0.933195,0.492403,0.844553,-0.210404
0.763622,0.299116,1.17504,0.856221,-0.50054,0.127852,0.156285,0.0150805,-0.987597,0.492403,0.865582,0.0911393
0.674556,0.378476,1.10459,0.647527,-0.698833,0.303877,0.374957,-0.0549724,-0.925411,0.663413,0.713169,0.226436
0.674556,0.301772,1.07042,0.647527,-0.760621,0.0465363,0.374957,0.264852,-0.888403,0.663413,0.592714,0.456699
0.674556,0.241378,1.01209,0.647527,-0.730666,-0.216418,0.374957,0.552731,-0.744241,0.663413,0.400769,0.631877
0.674556,0.204579,0.936611,0.647527,-0.612582,-0.453269,0.374957,0.773943,-0.510313,0.663413,0.160485,0.730841
0.674556,0.195813,0.853101,0.647527,-0.420612,-0.635449,0.374957,0.901806,-0.214833,0.663413,-0.0991559,0.741655
0.674556,0.216138,0.77163,0.647527,-0.17791,-0.740984,0.374957,0.920898,0.106559,0.663413,-0.346837,0.663014
0.674556,0.263103,0.702023,0.647527,0.086251,-0.757146,0.374957,0.828915,0.415098,0.663413,-0.552684,0.504404
0.674556,0.331041,0.652677,0.647527,0.340009,-0.681985,0.374957,0.636954,0.67357,0.663413,-0.69187,0.284956
0.674556,0.41176,0.629543,0.647527,0.552756,-0.524566,0.374957,0.368166,0.8508,0.663413,-0.747606,0.0311375
0.674556,0.495524,0.635412,0.647527,0.698833,-0.303877,0.374957,0.0549724,0.925411,0.663413,-0.713169,-0.226436
0.674556,0.572228,0.669576,0.647527,0.760621,-0.0465363,0.374957,-0.264852,0.888403,0.663413,-0.592714,-0.456699
0.674556,0.632622,0.727913,0.647527,0.730666,0.216418,0.374957,-0.552731,0.744241,0.663413,-0.400769,-0.631877
0.674556,0.669421,0.803389,0.647527,0.612582,0.453269,0.374957,-0.773943,0.510313,0.663413,-0.160485,-0.730841
0.674556,0.678187,0.886899,0.647527,0.420612,0.635449,0.374957,-0.901806,0.214833,0.663413,0.0991559,-0.741655
0.674556,0.657862,0.96837,0.647527,0.17791,0.740984,0.374957,-0.920898,-0.106559,0.663413,0.346837,-0.663014
0.674556,0.610897,1.03798,0.647527,-0.086251,0.757146,0.374957,-0.828915,-0.415098,0.663413,0.552684,-0.504404
0.674556,0.542959,1.08732,0.647527,-0.340009,0.681985,0.374957,-0.636954,-0.67357,0.663413,0.69187,-0.284956
0.674556,0.46224,1.11046,0.647527,-0.552756,0.524566,0.374957,-0.368166,-0.8508,0.663413,0.747606,-0.0311375
0.674556,0.378476,1.10459,0.647527,-0.698833,0.303877,0.374957,-0.0549724,-0.925411,0.663413,0.713169,0.226436
0.627155,0.475832,1.01817,0.360731,-0.831788,0.421902,0.548404,-0.176733,-0.817324,0.754404,0.526207,0.392403
0.627155,0.422814,1.02251,0.360731,-0.925924,0.11197,0.548404,0.113467,-0.82848,0.754404,0.360263,0.548712
0.627155,0.371508,1.00846,0.360731,-0.90838,-0.211468,0.548404,0.389981,-0.739708,0.754404,0.150866,0.638837
0.627155,0.328101,0.977712,0.360731,-0.781272,-0.509399,0.548404,0.619457,-0.561717,0.754404,-0.0767274,0.65191
0.627155,0.297828,0.93397,0.360731,-0.559931,-0.745889,0.548404,0.774218,-0.315974,0.754404,-0.295067,0.586353
0.627155,0.284342,0.882513,0.360731,-0.271054,-0.892414,0.548404,0.835596,-0.0321207,0.754404,-0.477816,0.450073
0.627155,0.289269,0.829546,0.360731,0.0505165,-0.931301,0.548404,0.79619,0.255607,0.754404,-0.602934,0.259507
0.627155,0.312014,0.781459,0.360731,0.365994,-0.857859,0.548404,0.660751,0.512505,0.754404,-0.65533,0.0376413
0.627155,0.349834,0.744051,0.360731,0.637326,-0.680946,0.548404,0.445616,0.707587,0.754404,-0.628683,-0.188765
0.627155,0.398168,0.721834,0.360731,0.831788,-0.421902,0.548404,0.176733,0.817324,0.754404,-0.526207,-0.392403
0.627155,0.451186,0.717489,0.360731,0.925924,-0.11197,0.548404,-0.113467,0.82848,0.754404,-0.360263,-0.548712
0.627155,0.502492,0.731538,0.360731,0.90838,0.211468,0.548404,-0.389981,0.739708,0.754404,-0.150866,-0.638837
0.627155,0.545899,0.762288,0.360731,0.781272,0.509399,0.548404,-0.619457,0.561717,0.754404,0.0767274,-0.65191
0.627155,0.576172,0.80603,0.360731,0.559931,0.745889,0.548404,-0.774218,0.315974,0.754404,0.295067,-0.586353
0.627155,0.589658,0.857487,0.360731,0.271054,0.892414,0.548404,-0.835596,0.0321207,0.754404,0.477816,-0.450073
0.627155,0.584731,0.910454,0.360731,-0.0505165,0.931301,0.548404,-0.79619,-0.255607,0.754404,0.602934,-0.259507
0.627155,0.561986,0.958541,0.360731,-0.365994,0.857859,0.548404,-0.660751,-0.512505,0.754404,0.65533,-0.0376413
0.627155,0.524166,0.995949,0.360731,-0.637326,0.680946,0.548404,-0.445616,-0.707587,0.754404,0.628683,0.188765
0.627155,0.475832,1.01817,0.360731,-0.831788,0.421902,0.548404,-0.176733,-0.817324,0.754404,0.526207,0.392403
0.627137,0.57944,0.926192,0.0304265,-0.883369,0.46769,0.655705,-0.335514,-0.676374,0.754404,0.327246,0.569021
0.627137,0.551631,0.971521,0.0304265,-0.990054,0.137355,0.655705,-0.0839463,-0.750336,0.754404,0.112894,0.646629
0.627137,0.509996,1.0046,0.0304265,-0.977325,-0.209547,0.655705,0.177746,-0.733797,0.754404,-0.115074,0.646245
0.627137,0.459556,1.02145,0.0304265,-0.846716,-0.531175,0.655705,0.418,-0.62875,0.754404,-0.329163,0.567914
0.627137,0.406396,1.02003,0.0304265,-0.61398,-0.788735,0.655705,0.607837,-0.447868,0.754404,-0.50355,0.421084
0.627137,0.356927,1.00052,0.0304265,-0.307189,-0.951162,0.655705,0.72436,-0.212965,0.754404,-0.617202,0.223465
0.627137,0.317116,0.965261,0.0304265,0.0366531,-0.998865,0.655705,0.753514,0.0476235,0.754404,-0.656409,-0.00110682
0.627137,0.291765,0.918513,0.0304265,0.376075,-0.92609,0.655705,0.691783,0.302468,0.754404,-0.616444,-0.225545
0.627137,0.283931,0.865914,0.0304265,0.670136,-0.741615,0.655705,0.546613,0.520831,0.754404,-0.502127,-0.42278
0.627137,0.29456,0.813808,0.0304265,0.883369,-0.46769,0.655705,0.335514,0.676374,0.754404,-0.327246,-0.569021
0.627137,0.322369,0.768479,0.0304265,0.990054,-0.137355,0.655705,0.0839463,0.750336,0.754404,-0.112894,-0.646629
0.627137,0.364004,0.735395,0.0304265,0.977325,0.209547,0.655705,-0.177746,0.733797,0.754404,0.115074,-0.646245
0.627137,0.414444,0.718547,0.0304265,0.846716,0.531175,0.655705,-0.418,0.62875,0.754404,0.329163,-0.567914
0.627137,0.467604,0.719966,0.0304265,0.61398,0.788735,0.655705,-0.607837,0.447868,0.754404,0.50355,-0.421084
0.627137,0.517073,0.739482,0.0304265,0.307189,0.951162,0.655705,-0.72436,0.212965,0.754404,0.617202,-0.223465
0.627137,0.556884,0.774739,0.0304265,-0.0366531,0.998865,0.655705,-0.753514,-0.0476235,0.754404,0.656409,0.00110682
0.627137,0.582235,0.821487,0.0304265,-0.376075,0.92609,0.655705,-0.691783,-0.302468,0.754404,0.616444,0.225545
0.627137,0.590069,0.874086,0.0304265,-0.670136,0.741615,0.655705,-0.546613,-0.520831,0.754404,0.502127,0.42278
0.627137,0.57944,0.926192,0.0304265,-0.883369,0.46769,0.655705,-0.335514,-0.676374,0.754404,0.327246,0.569021
0.674504,0.676805,0.839762,-0.303548,-0.847353,0.435719,0.683918,-0.512165,-0.519561,0.663411,0.140284,0.734987
0.674504,0.672685,0.923603,-0.303548,-0.945276,0.11963,0.683918,-0.303577,-0.663398,0.663411,-0.119556,0.738642
0.674504,0.640138,1.00098,-0.303548,-0.929185,-0.210888,0.683918,-0.0583737,-0.72722,0.663411,-0.364977,0.653205
0.674504,0.583089,1.06256,-0.303548,-0.80102,-0.51597,0.683918,0.193871,-0.703328,0.663411,-0.566375,0.488983
0.674504,0.508421,1.10091,-0.303548,-0.576241,-0.758818,0.683918,0.422731,-0.594605,0.663411,-0.699461,0.265782
0.674504,0.425137,1.11141,-0.303548,-0.281958,-0.910142,0.683918,0.600604,-0.414163,0.663411,-0.748181,0.0105238
0.674504,0.343285,1.0928,-0.303548,0.0463331,-0.951689,0.683918,0.706035,-0.183767,0.663411,-0.706659,-0.246004
0.674504,0.272736,1.04731,-0.303548,0.369036,-0.878448,0.683918,0.726308,0.0687935,0.663411,-0.579904,-0.47286
0.674504,0.221999,0.980433,-0.303548,0.647227,-0.699254,0.683918,0.658978,0.313057,0.663411,-0.383204,-0.642682
0.674504,0.197195,0.900238,-0.303548,0.847353,-0.435719,0.683918,0.512165,0.519561,0.663411,-0.140284,-0.734987
0.674504,0.201315,0.816397,-0.303548,0.945276,-0.11963,0.683918,0.303577,0.663398,0.663411,0.119556,-0.738642
0.674504,0.233862,0.73902,-0.303548,0.929185,0.210888,0.683918,0.0583737,0.72722,0.663411,0.364977,-0.653205
0.674504,0.290911,0.677442,-0.303548,0.80102,0.51597,0.683918,-0.193871,0.703328,0.663411,0.566375,-0.488983
0.674504,0.365579,0.639089,-0.303548,0.576241,0.758818,0.683918,-0.422731,0.594605,0.663411,0.699461,-0.265782
0.674504,0.448863,0.628588,-0.303548,0.281958,0.910142,0.683918,-0.600604,0.414163,0.663411,0.748181,-0.0105238
0.674504,0.530715,0.647204,-0.303548,-0.0463331,0.951689,0.683918,-0.706035,0.183767,0.663411,0.706659,0.246004
0.674504,0.601264,0.692693,-0.303548,-0.369036,0.878448,0.683918,-0.726308,-0.0687935,0.663411,0.579904,0.47286
0.674504,0.652001,0.759567,-0.303548,-0.647227,0.699254,0.683918,-0.658978,-0.313057,0.663411,0.383204,0.642682
0.674504,0.676805,0.839762,-0.303548,-0.847353,0.435719,0.683918,-0.512165,-0.519561,0.663411,0.140284,0.734987
0.763543,0.756182,0.769298,-0.60091,-0.728086,0.329845,0.629641,-0.685379,-0.365799,0.492402,-0.0121285,0.870284
0.763543,0.771375,0.884538,-0.60091,-0.79699,0.0609329,0.629641,-0.518935,-0.578152,0.492402,-0.309052,0.813651
0.763543,0.746237,0.998024,-0.60091,-0.769766,-0.215329,0.629641,-0.2899,-0.720771,0.492402,-0.568699,0.65888
0.763543,0.683801,1.09607,-0.60091,-0.649697,-0.465618,0.629641,-0.0258984,-0.776455,0.492402,-0.759752,0.424638
0.763543,0.591597,1.16685,-0.60091,-0.451265,-0.659748,0.629641,0.241227,-0.738487,0.492402,-0.859168,0.139179
0.763543,0.480746,1.20182,-0.60091,-0.198403,-0.774301,0.629641,0.479256,-0.611446,0.492402,-0.854956,-0.163067
0.763543,0.364619,1.19677,-0.60091,0.0783888,-0.795463,0.629641,0.65948,-0.410656,0.492402,-0.747623,-0.445645
0.763543,0.257222,1.15231,-0.60091,0.345726,-0.72068,0.629641,0.760161,-0.160335,0.492402,-0.550117,-0.674472
0.763543,0.171509,1.0738,-0.60091,0.571363,-0.558973,0.629641,0.769156,0.109325,0.492402,-0.286257,-0.821947
0.763543,0.117818,0.970702,-0.60091,0.728086,-0.329845,0.629641,0.685379,0.365799,0.492402,0.0121285,-0.870284
0.763543,0.102625,0.855462,-0.60091,0.79699,-0.0609329,0.629641,0.518935,0.578152,0.492402,0.309052,-0.813651
0.763543,0.127763,0.741976,-0.60091,0.769766,0.215329,0.629641,0.2899,0.720771,0.492402,0.568699,-0.65888
0.763543,0.190199,0.643931,-0.60091,0.649697,0.465618,0.629641,0.0258984,0.776455,0.492402,0.759752,-0.424638
0.763543,0.282403,0.573154,-0.60091,0.451265,0.659748,0.629641,-0.241227,0.738487,0.492402,0.859168,-0.139179
0.763543,0.393254,0.53818,-0.60091,0.198403,0.774301,0.629641,-0.479256,0.611446,0.492402,0.854956,0.163067
0.763543,0.509381,0.543229,-0.60091,-0.0783888,0.795463,0.629641,-0.65948,0.410656,0.492402,0.747623,0.445645
0.763543,0.616778,0.587692,-0.60091,-0.345726,0.72068,0.629641,-0.760161,0.160335,0.492402,0.550117,0.674472
0.763543,0.702491,0.666205,-0.60091,-0.571363,0.558973,0.629641,-0.769156,-0.109325,0.492402,0.286257,0.821947
0.763543,0.756182,0.769298,-0.60091,-0.728086,0.329845,0.629641,-0.685379,-0.365799,0.492402,-0.0121285,0.870284
0.883514,0.807998,0.723301,-0.825794,-0.539952,0.162838,0.499419,-0.834264,-0.233634,0.262001,-0.111609,0.958592
0.883514,0.835798,0.859037,-0.825794,-0.563082,-0.0316565,0.499419,-0.704044,-0.504879,0.262001,-0.432736,0.86261
0.883514,0.815497,0.996095,-0.825794,-0.518297,-0.222333,0.499419,-0.488906,-0.715228,0.262001,-0.701668,0.662584
0.883514,0.749544,1.11794,-0.825794,-0.410998,-0.386193,0.499419,-0.214799,-0.83931,0.262001,-0.88597,0.38264
0.883514,0.645893,1.20989,-0.825794,-0.254126,-0.503472,0.499419,0.0852158,-0.862159,0.262001,-0.96341,0.0565447
0.883514,0.517047,1.26084,-0.825794,-0.0666027,-0.560025,0.499419,0.374952,-0.781019,0.262001,-0.924648,-0.276371
0.883514,0.378546,1.26464,-0.825794,0.128954,-0.549031,0.499419,0.619464,-0.605677,0.262001,-0.774361,-0.575952
0.883514,0.247095,1.22085,-0.825794,0.308957,-0.471816,0.499419,0.78926,-0.357281,0.262001,-0.530674,-0.806065
0.883514,0.13855,1.13474,-0.825794,0.451695,-0.337692,0.499419,0.863859,-0.0657912,0.262001,-0.22298,-0.938954
0.883514,0.066002,1.0167,-0.825794,0.539952,-0.162838,0.499419,0.834264,0.233634,0.262001,0.111609,-0.958592
0.883514,0.0382021,0.880963,-0.825794,0.563082,0.0316565,0.499419,0.704044,0.504879,0.262001,0.432736,-0.86261
0.883514,0.0585031,0.743905,-0.825794,0.518297,0.222333,0.499419,0.488906,0.715228,0.262001,0.701668,-0.662584
0.883514,0.124456,0.622056,-0.825794,0.410998,0.386193,0.499419,0.214799,0.83931,0.262001,0.88597,-0.38264
0.883514,0.228107,0.530112,-0.825794,0.254126,0.503472,0.499419,-0.0852158,0.862159,0.262001,0.96341,-0.0565447
0.883514,0.356953,0.479164,-0.825794,0.0666027,0.560025,0.499419,-0.374952,0.781019,0.262001,0.924648,0.276371
0.883514,0.495454,0.475357,-0.825794,-0.128954,0.549031,0.499419,-0.619464,0.605677,0.262001,0.774361,0.575952
0.883514,0.626905,0.51915,-0.825794,-0.308957,0.471816,0.499419,-0.78926,0.357281,0.262001,0.530674,0.806065
0.883514,0.73545,0.60526,-0.825794,-0.451695,0.337692,0.499419,-0.863859,0.0657912,0.262001,0.22298,0.938954
0.883514,0.807998,0.723301,-0.825794,-0.539952,0.162838,0.499419,-0.834264,-0.233634,0.262001,-0.111609,0.958592
0.875863,0.135357,1.12695,0.985232,-0.157787,-0.0664981,-0.00862081,0.342159,-0.939603,0.17101,0.926299,0.335745
0.875863,0.0656657,1.00829,0.985232,-0.125528,-0.116454,-0.00862081,0.642887,-0.765912,0.17101,0.755605,0.63231
0.875863,0.0407626,0.872944,0.985232,-0.0781278,-0.152364,-0.00862081,0.866074,-0.499842,0.17101,0.493774,0.85261
0.875863,0.0636516,0.737246,0.985232,-0.0213046,-0.169897,-0.00862081,0.984799,-0.173483,0.17101,0.172386,0.970072
0.875863,0.131572,0.617559,0.985232,0.0380883,-0.166937,-0.00862081,0.984743,0.1738,0.17101,-0.169794,0.970528
0.875863,0.236331,0.528321,0.985232,0.0928872,-0.143843,-0.00862081,0.865913,0.500121,0.17101,-0.491495,0.853925
0.875863,0.365294,0.480294,0.985232,0.136483,-0.103399,-0.00862081,0.64264,0.766119,0.17101,-0.753914,0.634326
0.875863,0.502906,0.479271,0.985232,0.163616,-0.0504832,-0.00862081,0.341856,0.939713,0.17101,-0.925399,0.338218
0.875863,0.632569,0.525376,0.985232,0.171015,0.00852135,-0.00862081,-0.000161048,0.999963,0.17101,-0.985268,0.00131562
0.875863,0.738643,0.613048,0.985232,0.157787,0.0664981,-0.00862081,-0.342159,0.939603,0.17101,-0.926299,-0.335745
0.875863,0.808334,0.731712,0.985232,0.125528,0.116454,-0.00862081,-0.642887,0.765912,0.17101,-0.755605,-0.63231
0.875863,0.833237,0.867056,0.985232,0.0781278,0.152364,-0.00862081,-0.866074,0.499842,0.17101,-0.493774,-0.85261
0.875863,0.810348,1.00275,0.985232,0.0213046,0.169897,-0.00862081,-0.984799,0.173483,0.17101,-0.172386,-0.970072
0.875863,0.742428,1.12244,0.985232,-0.0380883,0.166937,-0.00862081,-0.984743,-0.1738,0.17101,0.169794,-0.970528
0.875863,0.637669,1.21168,0.985232,-0.0928872,0.143843,-0.00862081,-0.865913,-0.500121,0.17101,0.491495,-0.853925
0.875863,0.508706,1.25971,0.985232,-0.136483,0.103399,-0.00862081,-0.64264,-0.766119,0.17101,0.753914,-0.634326
0.875863,0.371094,1.26073,0.985232,-0.163616,0.0504832,-0.00862081,-0.341856,-0.939713,0.17101,0.925399,-0.338218
0.875863,0.241431,1.21462,0.985232,-0.171015,-0.00852135,-0.00862081,0.000161048,-0.999963,0.17101,0.985268,-0.00131562
0.875863,0.135357,1.12695,0.985232,-0.157787,-0.0664981,-0.00862081,0.342159,-0.939603,0.17101,0.926299,0.335745
0.749059,0.190092,1.07836,0.900555,-0.406459,0.154248,0.292759,0.304691,-0.906342,0.321393,0.861368,0.393385
0.749059,0.133718,0.981351,0.900555,-0.434702,0.00592845,0.292759,0.596303,-0.747473,0.321393,0.674876,0.664266
0.749059,0.113924,0.870907,0.900555,-0.410514,-0.143106,0.292759,0.815992,-0.498447,0.321393,0.406983,0.855027
0.749059,0.133098,0.760353,0.900555,-0.336812,-0.27488,0.292759,0.937261,-0.189301,0.321393,0.0900027,0.942659
0.749059,0.188926,0.663025,0.900555,-0.222485,-0.373499,0.292759,0.945482,0.142677,0.321393,-0.237834,0.916593
0.749059,0.274677,0.590661,0.900555,-0.0813236,-0.427068,0.292759,0.839664,0.457446,0.321393,-0.536984,0.779971
0.749059,0.380006,0.551989,0.900555,0.0696468,-0.429127,0.292759,0.63257,0.717041,0.321393,-0.771365,0.549274
0.749059,0.492209,0.551675,0.900555,0.212217,-0.379427,0.292759,0.349179,0.89015,0.321393,-0.912709,0.252326
0.749059,0.597753,0.589754,0.900555,0.32919,-0.283963,0.292759,0.0236718,0.955893,0.321393,-0.943967,-0.0750556
0.749059,0.683908,0.661636,0.900555,0.406459,-0.154248,0.292759,-0.304691,0.906342,0.321393,-0.861368,-0.393385
0.749059,0.740282,0.758649,0.900555,0.434702,-0.00592845,0.292759,-0.596303,0.747473,0.321393,-0.674876,-0.664266
0.749059,0.760076,0.869093,0.900555,0.410514,0.143106,0.292759,-0.815992,0.498447,0.321393,-0.406983,-0.855027
0.749059,0.740902,0.979647,0.900555,0.336812,0.27488,0.292759,-0.937261,0.189301,0.321393,-0.0900027,-0.942659
0.749059,0.685074,1.07697,0.900555,0.222485,0.373499,0.292759,-0.945482,-0.142677,0.321393,0.237834,-0.916593
0.749059,0.599323,1.14934,0.900555,0.0813236,0.427068,0.292759,-0.839664,-0.457446,0.321393,0.536984,-0.779971
0.749059,0.493994,1.18801,0.900555,-0.0696468,0.429127,0.292759,-0.63257,-0.717041,0.321393,0.771365,-0.549274
0.749059,0.381791,1.18833,0.900555,-0.212217,0.379427,0.292759,-0.349179,-0.89015,0.321393,0.912709,-0.252326
0.749059,0.276247,1.15025,0.900555,-0.32919,0.283963,0.292759,-0.0236718,-0.955893,0.321393,0.943967,0.0750556
0.749059,0.190092,1.07836,0.900555,-0.406459,0.154248,0.292759,0.304691,-0.906342,0.321393,0.861368,0.393385
0.654934,0.27396,1.00391,0.707258,-0.618475,0.342455,0.558827,0.192395,-0.806657,0.433011,0.761888,0.481694
0.654934,0.237991,0.940075,0.707258,-0.698303,0.110271,0.558827,0.456685,-0.692207,0.433011,0.551191,0.713225
0.654934,0.226026,0.867784,0.707258,-0.693905,-0.135212,0.558827,0.665893,-0.494266,0.433011,0.274013,0.858731
0.654934,0.239507,0.79576,0.707258,-0.605812,-0.364388,0.558827,0.794783,-0.23671,0.433011,-0.036215,0.900661
0.654934,0.276808,0.732691,0.707258,-0.444649,-0.549612,0.558827,0.827811,0.0493976,0.433011,-0.342075,0.833958
0.654934,0.333432,0.686183,0.707258,-0.229855,-0.668545,0.558827,0.760993,0.329547,0.433011,-0.606676,0.666668
0.654934,0.402547,0.661846,0.707258,0.012663,-0.706842,0.558827,0.602388,0.569948,0.433011,-0.798103,0.418967
0.654934,0.475817,0.662615,0.707258,0.253654,-0.659883,0.558827,0.371126,0.741605,0.433011,-0.893267,0.120733
0.654934,0.544406,0.688399,0.707258,0.46405,-0.533333,0.558827,0.0951008,0.823813,0.433011,-0.880689,-0.192063
0.654934,0.60004,0.736086,0.707258,0.618475,-0.342455,0.558827,-0.192395,0.806657,0.433011,-0.761888,-0.481694
0.654934,0.636009,0.799925,0.707258,0.698303,-0.110271,0.558827,-0.456685,0.692207,0.433011,-0.551191,-0.713225
0.654934,0.647974,0.872216,0.707258,0.693905,0.135212,0.558827,-0.665893,0.494266,0.433011,-0.274013,-0.858731
0.654934,0.634493,0.94424,0.707258,0.605812,0.364388,0.558827,-0.794783,0.23671,0.433011,0.036215,-0.900661
0.654934,0.597192,1.00731,0.707258,0.444649,0.549612,0.558827,-0.827811,-0.0493976,0.433011,0.342075,-0.833958
0.654934,0.540568,1.05382,0.707258,0.229855,0.668545,0.558827,-0.760993,-0.329547,0.433011,0.606676,-0.666668
0.654934,0.471453,1.07815,0.707258,-0.012663,0.706842,0.558827,-0.602388,-0.569948,0.433011,0.798103,-0.418967
0.654934,0.398183,1.07738,0.707258,-0.253654,0.659883,0.558827,-0.371126,-0.741605,0.433011,0.893267,-0.120733
