0.658953,0.222736,0.873751,0.308961,0.112228,0.94443,0.951075,-0.0364542,-0.306802,-3.49349e-06,0.993014,-0.118
0.907818,0.139677,0.573029,0.92986,0.261633,-0.258669,-0.179072,0.936012,0.30301,0.321394,-0.235436,0.917211
0.907818,0.251774,0.487237,0.92986,0.334324,-0.153586,-0.179072,0.775928,0.604871,0.321394,-0.534942,0.781372
0.907818,0.386453,0.444959,0.92986,0.366691,-0.0299778,-0.179072,0.522256,0.833776,0.321394,-0.769926,0.551289
0.907818,0.527471,0.451293,0.92986,0.35483,0.097246,-0.179072,0.205592,0.962115,0.321394,-0.912046,0.254712
0.907818,0.657817,0.505476,0.92986,0.300171,0.21274,-0.179072,-0.13587,0.974409,0.321394,-0.944159,-0.0725872
0.907818,0.761771,0.600973,0.92986,0.209307,0.302575,-0.179072,-0.460943,0.869175,0.321394,-0.862393,-0.391131
0.907818,0.826794,0.726264,0.92986,0.0931976,0.355915,-0.179072,-0.73042,0.659105,0.321394,-0.67661,-0.662499
0.907818,0.845043,0.866239,0.92986,-0.034153,0.366326,-0.179072,-0.911798,0.369538,0.321394,-0.409217,-0.85396
0.907818,0.814317,1.00401,0.92986,-0.157384,0.332553,-0.179072,-0.983199,0.035399,0.321394,-0.0924671,-0.94242
0.907818,0.738323,1.12297,0.92986,-0.261633,0.258669,-0.179072,-0.936012,-0.30301,0.321394,0.235436,-0.917211
0.907818,0.626226,1.20876,0.92986,-0.334324,0.153586,-0.179072,-0.775928,-0.604871,0.321394,0.534942,-0.781372
0.907818,0.491547,1.25104,0.92986,-0.366691,0.0299778,-0.179072,-0.522256,-0.833776,0.321394,0.769926,-0.551289
0.907818,0.350529,1.24471,0.92986,-0.35483,-0.097246,-0.179072,-0.205592,-0.962115,0.321394,0.912046,-0.254712
0.907818,0.220183,1.19052,0.92986,-0.300171,-0.21274,-0.179072,0.13587,-0.974409,0.321394,0.944159,0.0725872
0.907818,0.116229,1.09503,0.92986,-0.209307,-0.302575,-0.179072,0.460943,-0.869175,0.321394,0.862393,0.391131
0.907818,0.0512065,0.969736,0.92986,-0.0931976,-0.355915,-0.179072,0.73042,-0.659105,0.321394,0.67661,0.662499
0.907818,0.0329572,0.829761,0.92986,0.034153,-0.366326,-0.179072,0.911798,-0.369538,0.321394,0.409217,0.85396
0.907818,0.0636828,0.691986,0.92986,0.157384,-0.332553,-0.179072,0.983199,-0.035399,0.321394,0.0924671,0.94242
0.907818,0.139677,0.573029,0.92986,0.261633,-0.258669,-0.179072,0.936012,0.30301,0.321394,-0.235436,0.917211
0.809114,0.146399,0.629596,0.796489,0.225713,-0.560944,-0.0275851,0.940312,0.339194,0.604023,-0.254691,0.755175
0.809114,0.238744,0.542692,0.796489,0.403955,-0.449917,-0.0275851,0.767593,0.640344,0.604023,-0.497616,0.622523
0.809114,0.355242,0.492613,0.796489,0.533474,-0.284623,-0.0275851,0.502291,0.864259,0.604023,-0.680522,0.414785
0.809114,0.481843,0.485398,0.796489,0.598648,-0.0849992,-0.0275851,0.176405,0.983931,0.604023,-0.781346,0.157018
0.809114,0.603276,0.521919,0.796489,0.591617,0.124877,-0.0275851,-0.170758,0.984927,0.604023,-0.787929,-0.119687
0.809114,0.704895,0.59777,0.796489,0.513228,0.319691,-0.0275851,-0.497325,0.867126,0.604023,-0.699475,-0.381956
0.809114,0.774443,0.703802,0.796489,0.372936,0.475945,-0.0275851,-0.763907,0.644737,0.604023,-0.526655,-0.598156
0.809114,0.803532,0.827227,0.796489,0.187662,0.574793,-0.0275851,-0.938351,0.344583,0.604023,-0.290312,-0.74221
0.809114,0.788653,0.953157,0.796489,-0.0202463,0.604313,-0.0275851,-0.999615,0.00286716,0.604023,-0.0189537,-0.796742
0.809114,0.731601,1.0664,0.796489,-0.225713,0.560944,-0.0275851,-0.940312,-0.339194,0.604023,0.254691,-0.755175
0.809114,0.639256,1.15331,0.796489,-0.403955,0.449917,-0.0275851,-0.767593,-0.640344,0.604023,0.497616,-0.622523
0.809114,0.522758,1.20339,0.796489,-0.533474,0.284623,-0.0275851,-0.502291,-0.864259,0.604023,0.680522,-0.414785
0.809114,0.396157,1.2106,0.796489,-0.598648,0.0849992,-0.0275851,-0.176405,-0.983931,0.604023,0.781346,-0.157018
0.809114,0.274724,1.17408,0.796489,-0.591617,-0.124877,-0.0275851,0.170758,-0.984927,0.604023,0.787929,0.119687
0.809114,0.173105,1.09823,0.796489,-0.513228,-0.319691,-0.0275851,0.497325,-0.867126,0.604023,0.699475,0.381956
0.809114,0.103557,0.992198,0.796489,-0.372936,-0.475945,-0.0275851,0.763907,-0.644737,0.604023,0.526655,0.598156
0.809114,0.0744676,0.868773,0.796489,-0.187662,-0.574793,-0.0275851,0.938351,-0.344583,0.604023,0.290312,0.74221
0.809114,0.0893467,0.742843,0.796489,0.0202463,-0.604313,-0.0275851,0.999615,-0.00286716,0.604023,0.0189537,0.796742
0.809114,0.146399,0.629596,0.796489,0.225713,-0.560944,-0.0275851,0.940312,0.339194,0.604023,-0.254691,0.755175
0.735846,0.156699,0.716275,0.567051,0.197342,-0.799693,0.127229,0.938239,0.321747,0.813797,-0.284191,0.506921
0.735846,0.218777,0.627667,0.567051,0.458952,-0.683971,0.127229,0.771612,0.62324,0.813797,-0.44043,0.379151
0.735846,0.307416,0.565634,0.567051,0.665205,-0.485752,0.127229,0.511917,0.849561,0.813797,-0.543546,0.20565
0.735846,0.411927,0.537658,0.567051,0.791226,-0.228944,0.127229,0.190478,0.973412,0.813797,-0.581103,0.00734372
0.735846,0.519702,0.547114,0.567051,0.821812,0.0554783,0.127229,-0.153936,0.979855,0.813797,-0.548569,-0.191848
0.735846,0.617744,0.592862,0.567051,0.753276,0.333209,0.127229,-0.479782,0.868114,0.813797,-0.449871,-0.3679
0.735846,0.694227,0.669383,0.567051,0.593884,0.57075,0.127229,-0.74776,0.651665,0.813797,-0.296911,-0.499578
0.735846,0.739926,0.767448,0.567051,0.36286,0.739449,0.127229,-0.925547,0.356615,0.813797,-0.10814,-0.570999
0.735846,0.749328,0.875228,0.567051,0.0880707,0.818961,0.127229,-0.9917,0.0185531,0.813797,0.0936752,-0.57355
0.735846,0.721301,0.979725,0.567051,-0.197342,0.799693,0.127229,-0.938239,-0.321747,0.813797,0.284191,-0.506921
0.735846,0.659223,1.06833,0.567051,-0.458952,0.683971,0.127229,-0.771612,-0.62324,0.813797,0.44043,-0.379151
0.735846,0.570584,1.13037,0.567051,-0.665205,0.485752,0.127229,-0.511917,-0.849561,0.813797,0.543546,-0.20565
0.735846,0.466073,1.15834,0.567051,-0.791226,0.228944,0.127229,-0.190478,-0.973412,0.813797,0.581103,-0.00734372
0.735846,0.358298,1.14889,0.567051,-0.821812,-0.0554783,0.127229,0.153936,-0.979855,0.813797,0.548569,0.191848
0.735846,0.260256,1.10314,0.567051,-0.753276,-0.333209,0.127229,0.479782,-0.868114,0.813797,0.449871,0.3679
0.735846,0.183773,1.02662,0.567051,-0.593884,-0.57075,0.127229,0.74776,-0.651665,0.813797,0.296911,0.499578
0.735846,0.138074,0.928552,0.567051,-0.36286,-0.739449,0.127229,0.925547,-0.356615,0.813797,0.10814,0.570999
0.735846,0.128672,0.820772,0.567051,-0.0880707,-0.818961,0.127229,0.9917,-0.0185531,0.813797,-0.0936752,0.57355
0.735846,0.156699,0.716275,0.567051,0.197342,-0.799693,0.127229,0.938239,0.321747,0.813797,-0.284191,0.506921
0.696852,0.169335,0.822611,0.269218,0.179942,-0.94612,0.266698,0.930042,0.252772,0.925416,-0.320379,0.202394
0.696852,0.194282,0.731911,0.269218,0.492682,-0.827518,0.266698,0.7875,0.555622,0.925416,-0.370281,0.080612
0.696852,0.248745,0.655214,0.269218,0.745997,-0.609106,0.266698,0.549975,0.791454,0.925416,-0.375521,-0.050893
0.696852,0.326155,0.601769,0.269218,0.909335,-0.317226,0.266698,0.246114,0.931826,0.925416,-0.335468,-0.176259
0.696852,0.417177,0.578023,0.269218,0.962993,0.0129158,0.266698,-0.0874321,0.959806,0.925416,-0.254952,-0.280366
0.696852,0.51083,0.586841,0.269218,0.9005,0.3415,0.266698,-0.410432,0.872019,0.925416,-0.143686,-0.350657
0.696852,0.59582,0.627158,0.269218,0.729393,0.628894,0.266698,-0.683928,0.679054,0.925416,-0.0150887,-0.378653
0.696852,0.661895,0.694112,0.269218,0.470311,0.840434,0.266698,-0.874933,0.404185,0.925416,0.115328,-0.360978
0.696852,0.701085,0.779627,0.269218,0.154502,0.950605,0.266698,-0.960407,0.0805647,0.925416,0.231835,-0.299764
0.696852,0.708665,0.873389,0.269218,-0.179942,0.94612,0.266698,-0.930042,-0.252772,0.925416,0.320379,-0.202394
0.696852,0.683718,0.964089,0.269218,-0.492682,0.827518,0.266698,-0.7875,-0.555622,0.925416,0.370281,-0.080612
0.696852,0.629255,1.04079,0.269218,-0.745997,0.609106,0.266698,-0.549975,-0.791454,0.925416,0.375521,0.050893
0.696852,0.551845,1.09423,0.269218,-0.909335,0.317226,0.266698,-0.246114,-0.931826,0.925416,0.335468,0.176259
0.696852,0.460823,1.11798,0.269218,-0.962993,-0.0129158,0.266698,0.0874321,-0.959806,0.925416,0.254952,0.280366
0.696852,0.36717,1.10916,0.269218,-0.9005,-0.3415,0.266698,0.410432,-0.872019,0.925416,0.143686,0.350657
0.696852,0.28218,1.06884,0.269218,-0.729393,-0.628894,0.266698,0.683928,-0.679054,0.925416,0.0150887,0.378653
0.696852,0.216105,1.00189,0.269218,-0.470311,-0.840434,0.266698,0.874933,-0.404185,0.925416,-0.115328,0.360978
0.696852,0.176915,0.916373,0.269218,-0.154502,-0.950605,0.266698,0.960407,-0.0805647,0.925416,-0.231835,0.299764
0.696852,0.169335,0.822611,0.269218,0.179942,-0.94612,0.266698,0.930042,0.252772,0.925416,-0.320379,0.202394
0.696834,0.182783,0.935777,-0.061087,0.175611,-0.982563,0.373999,0.916711,0.14059,0.925415,-0.358889,-0.121677
0.696834,0.168213,0.842852,-0.061087,0.501077,-0.863244,0.373999,0.813342,0.445645,0.925415,-0.295629,-0.237087
0.696834,0.186304,0.750548,-0.061087,0.766105,-0.639806,0.373999,0.611872,0.696949,0.925415,-0.196712,-0.3239
0.696834,0.234874,0.669998,-0.061087,0.93873,-0.339198,0.373999,0.336601,0.86419,0.925415,-0.0740687,-0.371646
0.696834,0.308065,0.610918,-0.061087,0.99813,0.00232288,0.373999,0.0207315,0.927197,0.925415,0.0575085,-0.374566
0.696834,0.397048,0.580433,-0.061087,0.937141,0.343563,0.373999,-0.297639,0.878371,0.925415,0.182149,-0.332308
0.696834,0.491091,0.582221,-0.061087,0.763119,0.643365,0.373999,-0.58011,0.7236,0.925415,0.28482,-0.249968
0.696834,0.578851,0.616066,-0.061087,0.497053,0.865567,0.373999,-0.792611,0.481553,0.925415,0.353138,-0.137479
0.696834,0.649743,0.677885,-0.061087,0.171036,0.983369,0.373999,-0.909511,0.181423,0.925415,0.378861,-0.00840784
0.696834,0.695217,0.760223,-0.061087,-0.175611,0.982563,0.373999,-0.916711,-0.14059,0.925415,0.358889,0.121677
0.696834,0.709787,0.853148,-0.061087,-0.501077,0.863244,0.373999,-0.813342,-0.445645,0.925415,0.295629,0.237087
0.696834,0.691696,0.945452,-0.061087,-0.766105,0.639806,0.373999,-0.611872,-0.696949,0.925415,0.196712,0.3239
0.696834,0.643126,1.026,-0.061087,-0.93873,0.339198,0.373999,-0.336601,-0.86419,0.925415,0.0740687,0.371646
0.696834,0.569935,1.08508,-0.061087,-0.99813,-0.00232288,0.373999,-0.0207315,-0.927197,0.925415,-0.0575085,0.374566
0.696834,0.480952,1.11557,-0.061087,-0.937141,-0.343563,0.373999,0.297639,-0.878371,0.925415,-0.182149,0.332308
0.696834,0.386909,1.11378,-0.061087,-0.763119,-0.643365,0.373999,0.58011,-0.7236,0.925415,-0.28482,0.249968
0.696834,0.299149,1.07993,-0.061087,-0.497053,-0.865567,0.373999,0.792611,-0.481553,0.925415,-0.353138,0.137479
0.696834,0.228257,1.01812,-0.061087,-0.171036,-0.983369,0.373999,0.909511,-0.181423,0.925415,-0.378861,0.00840784
0.696834,0.182783,0.935777,-0.061087,0.175611,-0.982563,0.373999,0.916711,0.14059,0.925415,-0.358889,-0.121677
0.735794,0.195421,1.04213,-0.384024,0.184872,-0.904626,0.43619,0.899854,-0.0012704,0.813796,-0.395077,-0.426205
0.735794,0.143716,0.947109,-0.384024,0.483123,-0.78684,0.43619,0.84602,0.306574,0.813796,-0.22548,-0.535626
0.735794,0.127626,0.840139,-0.384024,0.723103,-0.57415,0.43619,0.690145,0.577442,0.813796,-0.028687,-0.580442
0.735794,0.149093,0.734117,-0.384024,0.875865,-0.292209,0.43619,0.451027,0.778661,0.813796,0.171566,-0.555249
0.735794,0.205527,0.641831,-0.384024,0.922985,0.0249771,0.43619,0.157509,0.885962,0.813796,0.351125,-0.463084
0.735794,0.290121,0.574412,-0.384024,0.85878,0.33915,0.43619,-0.155007,0.886404,0.813796,0.488334,-0.315065
0.735794,0.392672,0.539992,-0.384024,0.690993,0.612417,0.43619,-0.448827,0.779931,0.813796,0.566642,-0.129044
0.735794,0.500811,0.542722,-0.384024,0.439862,0.811817,0.43619,-0.688511,0.579388,0.813796,0.576605,0.0725415
0.735794,0.601495,0.582273,-0.384024,0.135677,0.9133,0.43619,-0.845151,0.308962,0.813796,0.517021,0.265377
0.735794,0.682579,0.653875,-0.384024,-0.184872,0.904626,0.43619,-0.899854,0.0012704,0.813796,0.395077,0.426205
0.735794,0.734284,0.748891,-0.384024,-0.483123,0.78684,0.43619,-0.84602,-0.306574,0.813796,0.22548,0.535626
0.735794,0.750374,0.855861,-0.384024,-0.723103,0.57415,0.43619,-0.690145,-0.577442,0.813796,0.028687,0.580442
0.735794,0.728907,0.961883,-0.384024,-0.875865,0.292209,0.43619,-0.451027,-0.778661,0.813796,-0.171566,0.555249
0.735794,0.672473,1.05417,-0.384024,-0.922985,-0.0249771,0.43619,-0.157509,-0.885962,0.813796,-0.351125,0.463084
0.735794,0.587879,1.12159,-0.384024,-0.85878,-0.33915,0.43619,0.155007,-0.886404,0.813796,-0.488334,0.315065
0.735794,0.485328,1.15601,-0.384024,-0.690993,-0.612417,0.43619,0.448827,-0.779931,0.813796,-0.566642,0.129044
0.735794,0.377189,1.15328,-0.384024,-0.439862,-0.811817,0.43619,0.688511,-0.579388,0.813796,-0.576605,-0.0725415
0.735794,0.276505,1.11373,-0.384024,-0.135677,-0.9133,0.43619,0.845151,-0.308962,0.813796,-0.517021,-0.265377
0.735794,0.195421,1.04213,-0.384024,0.184872,-0.904626,0.43619,0.899854,-0.0012704,0.813796,-0.395077,-0.426205
0.809034,0.205724,1.12883,-0.660642,0.206609,-0.72171,0.44577,0.881503,-0.155697,0.604021,-0.424577,-0.674458
0.809034,0.123743,1.03211,-0.660642,0.440988,-0.607521,0.44577,0.881593,0.155184,0.604021,-0.168294,-0.778997
0.809034,0.0797877,0.913179,-0.660642,0.622178,-0.420057,0.44577,0.775351,0.447348,0.604021,0.108288,-0.789577
0.809034,0.0791583,0.78639,-0.660642,0.728324,-0.181927,0.44577,0.575589,0.685555,0.604021,0.371809,-0.704923
0.809034,0.121931,0.667033,-0.660642,0.746623,0.0781461,0.44577,0.306403,0.841074,0.604021,0.590484,-0.535245
0.809034,0.202947,0.569502,-0.660642,0.674868,0.328793,0.44577,0.000260462,0.895147,0.604021,0.737938,-0.301008
0.809034,0.312435,0.505563,-0.660642,0.521715,0.539783,0.44577,-0.305914,0.841253,0.604021,0.796386,-0.0304656
0.809034,0.437188,0.482927,-0.660642,0.305635,0.685667,0.44577,-0.57519,0.68589,0.604021,0.758778,0.243752
0.809034,0.56216,0.504324,-0.660642,0.0526908,0.74885,0.44577,-0.77509,0.447799,0.604021,0.62965,0.488569
0.809034,0.672276,0.567173,-0.660642,-0.206609,0.72171,0.44577,-0.881503,0.155697,0.604021,0.424577,0.674458
0.809034,0.754257,0.663894,-0.660642,-0.440988,0.607521,0.44577,-0.881593,-0.155184,0.604021,0.168294,0.778997
0.809034,0.798212,0.782821,-0.660642,-0.622178,0.420057,0.44577,-0.775351,-0.447348,0.604021,-0.108288,0.789577
0.809034,0.798842,0.90961,-0.660642,-0.728324,0.181927,0.44577,-0.575589,-0.685555,0.604021,-0.371809,0.704923
0.809034,0.756069,1.02897,-0.660642,-0.746623,-0.0781461,0.44577,-0.306403,-0.841074,0.604021,-0.590484,0.535245
0.809034,0.675053,1.1265,-0.660642,-0.674868,-0.328793,0.44577,-0.000260462,-0.895147,0.604021,-0.737938,0.301008
0.809034,0.565565,1.19044,-0.660642,-0.521715,-0.539783,0.44577,0.305914,-0.841253,0.604021,-0.796386,0.0304656
0.809034,0.440812,1.21307,-0.660642,-0.305635,-0.685667,0.44577,0.57519,-0.68589,0.604021,-0.758778,-0.243752
0.809034,0.31584,1.19168,-0.660642,-0.0526908,-0.74885,0.44577,0.77509,-0.447799,0.604021,-0.62965,-0.488569
0.809034,0.205724,1.12883,-0.660642,0.206609,-0.72171,0.44577,0.881503,-0.155697,0.604021,-0.424577,-0.674458
0.90772,0.212449,1.18543,-0.857576,0.238198,-0.455878,0.401584,0.863872,-0.304065,0.321392,-0.443832,-0.836493
0.90772,0.110706,1.08759,-0.857576,0.379752,-0.346916,0.401584,0.915771,0.00973431,0.321392,-0.130968,-0.937846
0.90772,0.0485589,0.960859,-0.857576,0.475503,-0.196112,0.401584,0.857213,0.322359,0.321392,0.197692,-0.92608
0.90772,0.0335052,0.820514,-0.857576,0.513901,-0.0216533,0.401584,0.695264,0.596103,0.321392,0.502508,-0.802616
0.90772,0.0673602,0.683485,-0.857576,0.490314,0.155417,0.401584,0.449455,0.797948,0.321392,0.746714,-0.582344
0.90772,0.14604,0.566298,-0.857576,0.407589,0.313741,0.401584,0.149435,0.903548,0.321392,0.900855,-0.291834
0.90772,0.260056,0.483088,-0.857576,0.275703,0.434224,0.401584,-0.168608,0.900168,0.321392,0.94634,0.0338768
0.90772,0.395655,0.443893,-0.857576,0.110562,0.502333,0.401584,-0.466315,0.788213,0.321392,0.877682,0.355501
0.90772,0.536481,0.453438,-0.857576,-0.0679135,0.509853,0.401584,-0.707778,0.581189,0.321392,0.703163,0.634247
0.90772,0.665551,0.510574,-0.857576,-0.238198,0.455878,0.401584,-0.863872,0.304065,0.321392,0.443832,0.836493
0.90772,0.767294,0.608408,-0.857576,-0.379752,0.346916,0.401584,-0.915771,-0.00973431,0.321392,0.130968,0.937846
0.90772,0.829441,0.735141,-0.857576,-0.475503,0.196112,0.401584,-0.857213,-0.322359,0.321392,-0.197692,0.92608
0.90772,0.844495,0.875486,-0.857576,-0.513901,0.0216533,0.401584,-0.695264,-0.596103,0.321392,-0.502508,0.802616
0.90772,0.81064,1.01252,-0.857576,-0.490314,-0.155417,0.401584,-0.449455,-0.797948,0.321392,-0.746714,0.582344
0.90772,0.73196,1.1297,-0.857576,-0.407589,-0.313741,0.401584,-0.149435,-0.903548,0.321392,-0.900855,0.291834
0.90772,0.617944,1.21291,-0.857576,-0.275703,-0.434224,0.401584,0.168608,-0.900168,0.321392,-0.94634,-0.0338768
0.90772,0.482345,1.25211,-0.857576,-0.110562,-0.502333,0.401584,0.466315,-0.788213,0.321392,-0.877682,-0.355501
0.90772,0.341519,1.24256,-0.857576,0.0679135,-0.509853,0.401584,0.707778,-0.581189,0.321392,-0.703163,-0.634247
0.90772,0.212449,1.18543,-0.857576,0.238198,-0.455878,0.401584,0.863872,-0.304065,0.321392,-0.443832,-0.836493
0.883612,0.259134,0.491861,0.961642,0.218661,-0.165627,-0.0812368,0.803731,0.589421,0.262003,-0.553357,0.790665
0.883612,0.391787,0.451821,0.961642,0.262122,-0.080852,-0.0812368,0.553666,0.828767,0.262003,-0.790408,0.553723
0.883612,0.530136,0.459566,0.961642,0.273967,0.0136749,-0.0812368,0.236821,0.968151,0.262003,-0.932125,0.249994
0.883612,0.657492,0.514162,0.961642,0.252768,0.106552,-0.0812368,-0.108588,0.990762,0.262003,-0.961414,-0.0838885
0.883612,0.758495,0.609023,0.961642,0.201081,0.186578,-0.0812368,-0.4409,0.893873,0.262003,-0.874742,-0.407652
0.883612,0.820962,0.732709,0.961642,0.125141,0.2441,-0.0812368,-0.720033,0.689169,0.262003,-0.682563,-0.682247
0.883612,0.837358,0.8703,0.961642,0.0341067,0.27218,-0.0812368,-0.912319,0.401341,0.262003,-0.408058,-0.874553
0.883612,0.805707,1.0052,0.961642,-0.0610411,0.26743,-0.0812368,-0.994566,0.0651059,0.262003,-0.0843338,-0.961375
0.883612,0.729826,1.12114,0.961642,-0.148826,0.230425,-0.0812368,-0.956854,-0.278982,0.262003,0.249562,-0.932241
0.883612,0.618866,1.20414,0.961642,-0.218661,0.165627,-0.0812368,-0.803731,-0.589421,0.262003,0.553357,-0.790665
0.883612,0.486213,1.24418,0.961642,-0.262122,0.080852,-0.0812368,-0.553666,-0.828767,0.262003,0.790408,-0.553723
0.883612,0.347864,1.23643,0.961642,-0.273967,-0.0136749,-0.0812368,-0.236821,-0.968151,0.262003,0.932125,-0.249994
0.883612,0.220508,1.18184,0.961642,-0.252768,-0.106552,-0.0812368,0.108588,-0.990762,0.262003,0.961414,0.0838885
0.883612,0.119505,1.08698,0.961642,-0.201081,-0.186578,-0.0812368,0.4409,-0.893873,0.262003,0.874742,0.407652
0.883612,0.0570385,0.963291,0.961642,-0.125141,-0.2441,-0.0812368,0.720033,-0.689169,0.262003,0.682563,0.682247
0.883612,0.0406417,0.8257,0.961642,-0.0341067,-0.27218,-0.0812368,0.912319,-0.401341,0.262003,0.408058,0.874553
0.883612,0.0722929,0.690798,0.961642,0.0610411,-0.26743,-0.0812368,0.994566,-0.0651059,0.262003,0.0843338,0.961375
0.883612,0.148174,0.574857,0.961642,0.148826,-0.230425,-0.0812368,0.956854,0.278982,0.262003,-0.249562,0.932241
0.883612,0.259134,0.491861,0.961642,0.218661,-0.165627,-0.0812368,0.803731,0.589421,0.262003,-0.553357,0.790665
0.763622,0.267306,0.560633,0.856221,0.180837,-0.483926,0.156285,0.80217,0.57628,0.492403,-0.569053,0.658572
0.763622,0.375946,0.51924,0.856221,0.335444,-0.392892,0.156285,0.556693,0.815884,0.492403,-0.75998,0.424228
0.763622,0.492191,0.517501,0.856221,0.449591,-0.254469,0.156285,0.244072,0.957081,0.492403,-0.859242,0.138715
0.763622,0.60202,0.555625,0.856221,0.50951,-0.0853534,0.156285,-0.0979884,0.982839,0.492403,-0.854867,-0.163529
0.763622,0.692187,0.629013,0.856221,0.507976,0.0940569,0.156285,-0.42823,0.890053,0.492403,-0.747382,-0.446048
0.763622,0.751816,0.728815,0.856221,0.445172,0.262123,0.156285,-0.70682,0.689913,0.492403,-0.549752,-0.674768
0.763622,0.773714,0.842992,0.856221,0.328673,0.398572,0.156285,-0.900158,0.406559,0.492403,-0.285813,-0.822101
0.763622,0.755242,0.957773,0.856221,0.172532,0.486948,0.156285,-0.984923,0.0741685,0.492403,0.0125983,-0.870276
0.763622,0.698625,1.05931,0.856221,-0.00441884,0.516591,0.156285,-0.950892,-0.267168,0.492403,0.30949,-0.813483
0.763622,0.610694,1.13537,0.856221,-0.180837,0.483926,0.156285,-0.80217,-0.57628,0.492403,0.569053,-0.658572
0.763622,0.502054,1.17676,0.856221,-0.335444,0.392892,0.156285,-0.556693,-0.815884,0.492403,0.75998,-0.424228
0.763622,0.385809,1.1785,0.856221,-0.449591,0.254469,0.156285,-0.244072,-0.957081,0.492403,0.859242,-0.138715
0.763622,0.27598,1.14038,0.856221,-0.50951,0.0853534,0.156285,0.0979884,-0.982839,0.492403,0.854867,0.163529
0.763622,0.185813,1.06699,0.856221,-0.507976,-0.0940569,0.156285,0.42823,-0.890053,0.492403,0.747382,0.446048
0.763622,0.126184,0.967185,0.856221,-0.445172,-0.262123,0.156285,0.70682,-0.689913,0.492403,0.549752,0.674768
0.763622,0.104286,0.853008,0.856221,-0.328673,-0.398572,0.156285,0.900158,-0.406559,0.492403,0.285813,0.822101
0.763622,0.122758,0.738227,0.856221,-0.172532,-0.486948,0.156285,0.984923,-0.0741685,0.492403,-0.0125983,0.870276
0.763622,0.179375,0.636686,0.856221,0.00441884,-0.516591,0.156285,0.950892,0.267168,0.492403,-0.30949,0.813483
0.763622,0.267306,0.560633,0.856221,0.180837,-0.483926,0.156285,0.80217,0.57628,0.492403,-0.569053,0.658572
0.674556,0.279828,0.666009,0.647527,0.149549,-0.747224,0.374957,0.791116,0.483262,0.663413,-0.593102,0.456194
0.674556,0.351672,0.622544,0.647527,0.396096,-0.651013,0.374957,0.578121,0.724695,0.663413,-0.713362,0.22583
0.674556,0.434049,0.606273,0.647527,0.594868,-0.476279,0.374957,0.295395,0.87872,0.663413,-0.747579,-0.0317737
0.674556,0.517023,0.619157,0.647527,0.72189,-0.244099,0.374957,-0.0229592,0.926758,0.663413,-0.691627,-0.285545
0.674556,0.590586,0.659644,0.647527,0.761841,0.0175226,0.374957,-0.338544,0.863015,0.663413,-0.552255,-0.504875
0.674556,0.645866,0.722848,0.647527,0.709904,0.277031,0.374957,-0.613296,0.69518,0.663413,-0.346273,-0.663309
0.674556,0.676195,0.801148,0.647527,0.572341,0.503125,0.374957,-0.814075,0.443496,0.663413,-0.0985247,-0.741739
0.674556,0.677915,0.885099,0.647527,0.365746,0.668535,0.374957,-0.916665,0.138319,0.663413,0.161107,-0.730704
0.674556,0.650818,0.964576,0.647527,0.115036,0.75331,0.374957,-0.908691,-0.18354,0.663413,0.401306,-0.631535
0.674556,0.598172,1.02999,0.647527,-0.149549,0.747224,0.374957,-0.791116,-0.483262,0.663413,0.593102,-0.456194
0.674556,0.526328,1.07346,0.647527,-0.396096,0.651013,0.374957,-0.578121,-0.724695,0.663413,0.713362,-0.22583
0.674556,0.443951,1.08973,0.647527,-0.594868,0.476279,0.374957,-0.295395,-0.87872,0.663413,0.747579,0.0317737
0.674556,0.360977,1.07684,0.647527,-0.72189,0.244099,0.374957,0.0229592,-0.926758,0.663413,0.691627,0.285545
0.674556,0.287414,1.03636,0.647527,-0.761841,-0.0175226,0.374957,0.338544,-0.863015,0.663413,0.552255,0.504875
0.674556,0.232134,0.973152,0.647527,-0.709904,-0.277031,0.374957,0.613296,-0.69518,0.663413,0.346273,0.663309
0.674556,0.201805,0.894852,0.647527,-0.572341,-0.503125,0.374957,0.814075,-0.443496,0.663413,0.0985247,0.741739
0.674556,0.200085,0.810901,0.647527,-0.365746,-0.668535,0.374957,0.916665,-0.138319,0.663413,-0.161107,0.730704
0.674556,0.227182,0.731424,0.647527,-0.115036,-0.75331,0.374957,0.908691,0.18354,0.663413,-0.401306,0.631535
0.674556,0.279828,0.666009,0.647527,0.149549,-0.747224,0.374957,0.791116,0.483262,0.663413,-0.593102,0.456194
0.627155,0.295189,0.79528,0.360731,0.12857,-0.923765,0.548404,0.771904,0.321586,0.754404,-0.622603,0.207942
0.627155,0.321894,0.749273,0.360731,0.436763,-0.824082,0.548404,0.615363,0.566199,0.754404,-0.656175,-0.0175415
0.627155,0.362723,0.715174,0.360731,0.692275,-0.625002,0.548404,0.384601,0.74252,0.754404,-0.610604,-0.240909
0.627155,0.412752,0.697096,0.360731,0.864289,-0.350538,0.548404,0.10745,0.829281,0.754404,-0.491384,-0.435219
0.627155,0.465947,0.697219,0.360731,0.932057,-0.0337934,0.548404,-0.182661,0.81602,0.754404,-0.312896,-0.577035
0.627155,0.515892,0.715529,0.360731,0.887405,0.287027,0.548404,-0.45074,0.704334,0.754404,-0.0966687,-0.649253
0.627155,0.556563,0.749816,0.360731,0.735719,0.573228,0.548404,-0.664454,0.507695,0.754404,0.131219,-0.643161
0.627155,0.583053,0.795946,0.360731,0.495295,0.790289,0.548404,-0.798024,0.249821,0.754404,0.343279,-0.559494
0.627155,0.592169,0.848355,0.360731,0.19513,0.912029,0.548404,-0.835341,-0.0381854,0.754404,0.513935,-0.408344
0.627155,0.582811,0.90072,0.360731,-0.12857,0.923765,0.548404,-0.771904,-0.321586,0.754404,0.622603,-0.207942
0.627155,0.556106,0.946727,0.360731,-0.436763,0.824082,0.548404,-0.615363,-0.566199,0.754404,0.656175,0.0175415
0.627155,0.515277,0.980826,0.360731,-0.692275,0.625002,0.548404,-0.384601,-0.74252,0.754404,0.610604,0.240909
0.627155,0.465248,0.998904,0.360731,-0.864289,0.350538,0.548404,-0.10745,-0.829281,0.754404,0.491384,0.435219
0.627155,0.412053,0.998781,0.360731,-0.932057,0.0337934,0.548404,0.182661,-0.81602,0.754404,0.312896,0.577035
0.627155,0.362108,0.980471,0.360731,-0.887405,-0.287027,0.548404,0.45074,-0.704334,0.754404,0.0966687,0.649253
0.627155,0.321437,0.946184,0.360731,-0.735719,-0.573228,0.548404,0.664454,-0.507695,0.754404,-0.131219,0.643161
0.627155,0.294947,0.900054,0.360731,-0.495295,-0.790289,0.548404,0.798024,-0.249821,0.754404,-0.343279,0.559494
0.627155,0.285831,0.847645,0.360731,-0.19513,-0.912029,0.548404,0.835341,0.0381854,0.754404,-0.513935,0.408344
0.627155,0.295189,0.79528,0.360731,0.12857,-0.923765,0.548404,0.771904,0.321586,0.754404,-0.622603,0.207942
0.627137,0.311537,0.932853,0.0304265,0.120431,-0.992255,0.655705,0.74685,0.110753,0.754404,-0.653996,-0.0562433
0.627137,0.290203,0.884141,0.0304265,0.45254,-0.891225,0.655705,0.66393,0.359511,0.754404,-0.595319,-0.276531
0.627137,0.286815,0.83107,0.0304265,0.730065,-0.6827,0.655705,0.50093,0.564908,0.754404,-0.464838,-0.463466
0.627137,0.301784,0.780041,0.0304265,0.919534,-0.391831,0.655705,0.27751,0.702168,0.754404,-0.27829,-0.594499
0.627137,0.333302,0.737208,0.0304265,0.998093,-0.0537017,0.655705,0.0206191,0.754736,0.754404,-0.0581764,-0.653827
0.627137,0.37757,0.707739,0.0304265,0.956268,0.290905,0.655705,-0.238759,0.716272,0.754404,0.168954,-0.634294
0.627137,0.429246,0.695188,0.0304265,0.799103,0.600424,0.655705,-0.46934,0.591415,0.754404,0.375706,-0.538256
0.627137,0.482099,0.701067,0.0304265,0.545554,0.837523,0.655705,-0.643311,0.395225,0.754404,0.537143,-0.377296
0.627137,0.529754,0.724669,0.0304265,0.226203,0.973605,0.655705,-0.739689,0.151364,0.754404,0.633792,-0.170828
0.627137,0.566463,0.763147,0.0304265,-0.120431,0.992255,0.655705,-0.74685,-0.110753,0.754404,0.653996,0.0562433
0.627137,0.587797,0.811859,0.0304265,-0.45254,0.891225,0.655705,-0.66393,-0.359511,0.754404,0.595319,0.276531
0.627137,0.591185,0.86493,0.0304265,-0.730065,0.6827,0.655705,-0.50093,-0.564908,0.754404,0.464838,0.463466
0.627137,0.576216,0.915959,0.0304265,-0.919534,0.391831,0.655705,-0.27751,-0.702168,0.754404,0.27829,0.594499
0.627137,0.544698,0.958792,0.0304265,-0.998093,0.0537017,0.655705,-0.0206191,-0.754736,0.754404,0.0581764,0.653827
0.627137,0.50043,0.988261,0.0304265,-0.956268,-0.290905,0.655705,0.238759,-0.716272,0.754404,-0.168954,0.634294
0.627137,0.448754,1.00081,0.0304265,-0.799103,-0.600424,0.655705,0.46934,-0.591415,0.754404,-0.375706,0.538256
0.627137,0.395901,0.994933,0.0304265,-0.545554,-0.837523,0.655705,0.643311,-0.395225,0.754404,-0.537143,0.377296
0.627137,0.348246,0.971331,0.0304265,-0.226203,-0.973605,0.655705,0.739689,-0.151364,0.754404,-0.633792,0.170828
0.627137,0.311537,0.932853,0.0304265,0.120431,-0.992255,0.655705,0.74685,0.110753,0.754404,-0.653996,-0.0562433
0.674504,0.3269,1.06214,-0.303548,0.126114,-0.944433,0.683918,0.718977,-0.123809,0.663411,-0.683497,-0.304496
0.674504,0.260422,1.01088,-0.303548,0.441524,-0.844343,0.683918,0.717962,0.129563,0.663411,-0.538133,-0.519902
0.674504,0.215483,0.939982,-0.303548,0.703679,-0.642413,0.683918,0.630351,0.367306,0.663411,-0.327863,-0.6726
0.674504,0.197503,0.857987,-0.303548,0.88096,-0.362999,0.683918,0.46671,0.560748,0.663411,-0.0780472,-0.744173
0.674504,0.208651,0.774788,-0.303548,0.951984,-0.039801,0.683918,0.246777,0.686555,0.663411,0.181182,-0.725988
0.674504,0.247583,0.700419,-0.303548,0.908185,0.288197,0.683918,-0.00292132,0.729553,0.663411,0.418558,-0.620238
0.674504,0.309602,0.643851,-0.303548,0.754846,0.581435,0.683918,-0.252267,0.684556,0.663411,0.605449,-0.439678
0.674504,0.387229,0.611906,-0.303548,0.510461,0.804542,0.683918,-0.471186,0.556992,0.663411,0.719315,-0.206086
0.674504,0.4711,0.608437,-0.303548,0.204507,0.93061,0.683918,-0.633272,0.362247,0.663411,0.74642,0.0523628
0.674504,0.5511,0.633864,-0.303548,-0.126114,0.944433,0.683918,-0.718977,0.123809,0.663411,0.683497,0.304496
0.674504,0.617578,0.685118,-0.303548,-0.441524,0.844343,0.683918,-0.717962,-0.129563,0.663411,0.538133,0.519902
0.674504,0.662517,0.756018,-0.303548,-0.703679,0.642413,0.683918,-0.630351,-0.367306,0.663411,0.327863,0.6726
0.674504,0.680497,0.838013,-0.303548,-0.88096,0.362999,0.683918,-0.46671,-0.560748,0.663411,0.0780472,0.744173
0.674504,0.669349,0.921212,-0.303548,-0.951984,0.039801,0.683918,-0.246777,-0.686555,0.663411,-0.181182,0.725988
0.674504,0.630417,0.995581,-0.303548,-0.908185,-0.288197,0.683918,0.00292132,-0.729553,0.663411,-0.418558,0.620238
0.674504,0.568398,1.05215,-0.303548,-0.754846,-0.581435,0.683918,0.252267,-0.684556,0.663411,-0.605449,0.439678
0.674504,0.490771,1.08409,-0.303548,-0.510461,-0.804542,0.683918,0.471186,-0.556992,0.663411,-0.719315,0.206086
0.674504,0.4069,1.08756,-0.303548,-0.204507,-0.93061,0.683918,0.633272,-0.362247,0.663411,-0.74642,-0.0523628
0.674504,0.3269,1.06214,-0.303548,0.126114,-0.944433,0.683918,0.718977,-0.123809,0.663411,-0.683497,-0.304496
0.763543,0.339425,1.16754,-0.60091,0.144933,-0.786067,0.629641,0.691646,-0.353806,0.492402,-0.707545,-0.506873
0.763543,0.236143,1.11421,-0.60091,0.405043,-0.689091,0.629641,0.770943,-0.0959123,0.492402,-0.491514,-0.7183
0.763543,0.157328,1.02877,-0.60091,0.616299,-0.509001,0.629641,0.757254,0.17355,0.492402,-0.2162,-0.843089
0.763543,0.112487,0.921533,-0.60091,0.75322,-0.267518,0.629641,0.652228,0.42208,0.492402,0.0851921,-0.866189
0.763543,0.107028,0.805425,-0.60091,0.799292,0.00623211,0.629641,0.468534,0.6197,0.492402,0.376308,-0.784814
0.763543,0.14161,0.694451,-0.60091,0.748957,0.27923,0.629641,0.228328,0.742576,0.492402,0.622036,-0.608779
0.763543,0.212062,0.601998,-0.60091,0.608287,0.518549,0.629641,-0.0394177,0.775886,0.492402,0.792738,-0.359316
0.763543,0.309885,0.539216,-0.60091,0.394249,0.695323,0.629641,-0.302409,0.715613,0.492402,0.867823,-0.0665142
0.763543,0.423282,0.513678,-0.60091,0.132658,0.788231,0.629641,-0.528926,0.569026,0.492402,0.838236,0.23431
0.763543,0.538575,0.528465,-0.60091,-0.144933,0.786067,0.629641,-0.691646,0.353806,0.492402,0.707545,0.506873
0.763543,0.641857,0.581792,-0.60091,-0.405043,0.689091,0.629641,-0.770943,0.0959123,0.492402,0.491514,0.7183
0.763543,0.720672,0.667227,-0.60091,-0.616299,0.509001,0.629641,-0.757254,-0.17355,0.492402,0.2162,0.843089
0.763543,0.765513,0.774467,-0.60091,-0.75322,0.267518,0.629641,-0.652228,-0.42208,0.492402,-0.0851921,0.866189
0.763543,0.770972,0.890575,-0.60091,-0.799292,-0.00623211,0.629641,-0.468534,-0.6197,0.492402,-0.376308,0.784814
0.763543,0.73639,1.00155,-0.60091,-0.748957,-0.27923,0.629641,-0.228328,-0.742576,0.492402,-0.622036,0.608779
0.763543,0.665938,1.094,-0.60091,-0.608287,-0.518549,0.629641,0.0394177,-0.775886,0.492402,-0.792738,0.359316
0.763543,0.568115,1.15678,-0.60091,-0.394249,-0.695323,0.629641,0.302409,-0.715613,0.492402,-0.867823,0.0665142
0.763543,0.454718,1.18232,-0.60091,-0.132658,-0.788231,0.629641,0.528926,-0.569026,0.492402,-0.838236,-0.23431
0.763543,0.339425,1.16754,-0.60091,0.144933,-0.786067,0.629641,0.691646,-0.353806,0.492402,-0.707545,-0.506873
0.883514,0.347601,1.23634,-0.825794,0.174618,-0.536258,0.499419,0.668154,-0.551499,0.262001,-0.723242,-0.638965
0.883514,0.220294,1.18166,-0.825794,0.347498,-0.444195,0.499419,0.816483,-0.289718,0.262001,-0.461086,-0.847794
0.883514,0.119366,1.08673,-0.825794,0.478465,-0.298555,0.499419,0.866332,0.00700808,0.262001,-0.143317,-0.954367
0.883514,0.0569902,0.963015,-0.825794,0.551722,-0.116905,0.499419,0.811689,0.302888,0.262001,0.191739,-0.945829
0.883514,0.0406907,0.825424,-0.825794,0.558433,0.0788452,0.499419,0.659144,0.562236,0.262001,0.503668,-0.82321
0.883514,0.0724333,0.690555,-0.825794,0.497789,0.265086,0.499419,0.427097,0.75377,0.262001,0.754847,-0.601299
0.883514,0.148389,0.574677,-0.825794,0.377104,0.419353,0.499419,0.143535,0.854387,0.262001,0.914981,-0.306864
0.883514,0.259397,0.491766,-0.825794,0.210935,0.52304,0.499419,-0.157339,0.851954,0.262001,0.964754,0.0245845
0.883514,0.392068,0.451822,-0.825794,0.0193235,0.563641,0.499419,-0.439235,0.746762,0.262001,0.898164,0.353067
0.883514,0.530399,0.459662,-0.825794,-0.174618,0.536258,0.499419,-0.668154,0.551499,0.262001,0.723242,0.638965
0.883514,0.657706,0.514342,-0.825794,-0.347498,0.444195,0.499419,-0.816483,0.289718,0.262001,0.461086,0.847794
0.883514,0.758634,0.609266,-0.825794,-0.478465,0.298555,0.499419,-0.866332,-0.00700808,0.262001,0.143317,0.954367
0.883514,0.82101,0.732985,-0.825794,-0.551722,0.116905,0.499419,-0.811689,-0.302888,0.262001,-0.191739,0.945829
0.883514,0.837309,0.870576,-0.825794,-0.558433,-0.0788452,0.499419,-0.659144,-0.562236,0.262001,-0.503668,0.82321
0.883514,0.805567,1.00544,-0.825794,-0.497789,-0.265086,0.499419,-0.427097,-0.75377,0.262001,-0.754847,0.601299
0.883514,0.729611,1.12132,-0.825794,-0.377104,-0.419353,0.499419,-0.143535,-0.854387,0.262001,-0.914981,0.306864
0.883514,0.618603,1.20423,-0.825794,-0.210935,-0.52304,0.499419,0.157339,-0.851954,0.262001,-0.964754,-0.0245845
0.883514,0.485932,1.24418,-0.825794,-0.0193235,-0.563641,0.499419,0.439235,-0.746762,0.262001,-0.898164,-0.353067
0.883514,0.347601,1.23634,-0.825794,0.174618,-0.536258,0.499419,0.668154,-0.551499,0.262001,-0.723242,-0.638965
0.875863,0.400284,0.453648,0.985232,0.144686,-0.0915682,-0.00862081,0.576013,0.817395,0.17101,-0.804534,0.568753
0.875863,0.537496,0.464188,0.985232,0.167279,-0.0365605,-0.00862081,0.261709,0.965108,0.17101,-0.95054,0.259286
0.875863,0.662827,0.521023,0.985232,0.169695,0.022857,-0.00862081,-0.0841604,0.996415,0.17101,-0.981896,-0.0814546
0.875863,0.761161,0.617295,0.985232,0.151643,0.0795176,-0.00862081,-0.419879,0.907539,0.17101,-0.894822,-0.412371
0.875863,0.820638,0.741394,0.985232,0.115302,0.126587,-0.00862081,-0.704954,0.709201,0.17101,-0.699818,-0.693549
0.875863,0.834084,0.878351,0.985232,0.0650526,0.158389,-0.00862081,-0.905001,0.425322,0.17101,-0.420407,-0.891075
0.875863,0.799877,1.01165,0.985232,0.00695743,0.171086,-0.00862081,-0.995891,0.0901438,0.17101,-0.0902874,-0.981124
0.875863,0.722143,1.12521,0.985232,-0.051977,0.163148,-0.00862081,-0.966663,-0.255907,0.17101,0.250722,-0.952835
0.875863,0.610257,1.20533,0.985232,-0.104642,0.135532,-0.00862081,-0.82084,-0.571093,0.17101,0.56149,-0.80962
0.875863,0.477716,1.24235,0.985232,-0.144686,0.0915682,-0.00862081,-0.576013,-0.817395,0.17101,0.804534,-0.568753
0.875863,0.340504,1.23181,0.985232,-0.167279,0.0365605,-0.00862081,-0.261709,-0.965108,0.17101,0.95054,-0.259286
0.875863,0.215173,1.17498,0.985232,-0.169695,-0.022857,-0.00862081,0.0841604,-0.996415,0.17101,0.981896,0.0814546
0.875863,0.116839,1.0787,0.985232,-0.151643,-0.0795176,-0.00862081,0.419879,-0.907539,0.17101,0.894822,0.412371
0.875863,0.0573616,0.954606,0.985232,-0.115302,-0.126587,-0.00862081,0.704954,-0.709201,0.17101,0.699818,0.693549
0.875863,0.0439157,0.817649,0.985232,-0.0650526,-0.158389,-0.00862081,0.905001,-0.425322,0.17101,0.420407,0.891075
0.875863,0.0781229,0.684353,0.985232,-0.00695743,-0.171086,-0.00862081,0.995891,-0.0901438,0.17101,0.0902874,0.981124
0.875863,0.155857,0.570794,0.985232,0.051977,-0.163148,-0.00862081,0.966663,0.255907,0.17101,-0.250722,0.952835
0.875863,0.267743,0.490671,0.985232,0.104642,-0.135532,-0.00862081,0.82084,0.571093,0.17101,-0.56149,0.80962
0.875863,0.400284,0.453648,0.985232,0.144686,-0.0915682,-0.00862081,0.576013,0.817395,0.17101,-0.804534,0.568753
0.749059,0.408921,0.526326,0.900555,0.105449,-0.42176,0.292759,0.570101,0.767644,0.321393,-0.81478,0.482536
0.749059,0.520754,0.535437,0.900555,0.24334,-0.360259,0.292759,0.273169,0.916335,0.321393,-0.930679,0.174764
0.749059,0.622726,0.582249,0.900555,0.351881,-0.255306,0.292759,-0.0567098,0.954503,0.321393,-0.934325,-0.154086
0.749059,0.702538,0.661114,0.900555,0.417979,-0.119559,0.292759,-0.379749,0.877544,0.321393,-0.825278,-0.464352
0.749059,0.750564,0.76252,0.900555,0.433664,0.0306088,0.292759,-0.656985,0.694739,0.321393,-0.61669,-0.71861
0.749059,0.76101,0.874236,0.900555,0.397042,0.177085,0.292759,-0.854979,0.428139,0.321393,-0.33372,-0.886193
0.749059,0.732618,0.982788,0.900555,0.312531,0.302201,0.292759,-0.94985,0.109899,0.321393,-0.0104984,-0.946888
0.749059,0.66881,1.07508,0.900555,0.190324,0.390868,0.292759,-0.930155,-0.221596,0.321393,0.313989,-0.893374
0.749059,0.577284,1.13999,0.900555,0.0451611,0.43239,0.292759,-0.798269,-0.526364,0.321393,0.600606,-0.732106
0.749059,0.469079,1.16967,0.900555,-0.105449,0.42176,0.292759,-0.570101,-0.767644,0.321393,0.81478,-0.482536
0.749059,0.357246,1.16056,0.900555,-0.24334,0.360259,0.292759,-0.273169,-0.916335,0.321393,0.930679,-0.174764
0.749059,0.255274,1.11375,0.900555,-0.351881,0.255306,0.292759,0.0567098,-0.954503,0.321393,0.934325,0.154086
0.749059,0.175462,1.03489,0.900555,-0.417979,0.119559,0.292759,0.379749,-0.877544,0.321393,0.825278,0.464352
0.749059,0.127436,0.93348,0.900555,-0.433664,-0.0306088,0.292759,0.656985,-0.694739,0.321393,0.61669,0.71861
0.749059,0.11699,0.821764,0.900555,-0.397042,-0.177085,0.292759,0.854979,-0.428139,0.321393,0.33372,0.886193
0.749059,0.145382,0.713212,0.900555,-0.312531,-0.302201,0.292759,0.94985,-0.109899,0.321393,0.0104984,0.946888
0.749059,0.20919,0.620918,0.900555,-0.190324,-0.390868,0.292759,0.930155,0.221596,0.321393,-0.313989,0.893374
0.749059,0.300716,0.556013,0.900555,-0.0451611,-0.43239,0.292759,0.798269,0.526364,0.321393,-0.600606,0.732106
0.749059,0.408921,0.526326,0.900555,0.105449,-0.42176,0.292759,0.570101,0.767644,0.321393,-0.81478,0.482536
0.654934,0.422154,0.637688,0.707258,0.0719951,-0.70328,0.558827,0.552382,0.618536,0.433011,-0.830476,0.350443
0.654934,0.495101,0.644609,0.707258,0.308189,-0.636243,0.558827,0.307517,0.770159,0.433011,-0.900251,0.0452695
0.654934,0.561282,0.676063,0.707258,0.507211,-0.492466,0.558827,0.0255619,0.82889,0.433011,-0.861443,-0.265365
0.654934,0.612713,0.728255,0.707258,0.645056,-0.28929,0.558827,-0.259477,0.787644,0.433011,-0.718731,-0.543992
0.654934,0.643192,0.79489,0.707258,0.705098,-0.0512219,0.558827,-0.513219,0.651397,0.433011,-0.48933,-0.757006
0.654934,0.649043,0.86793,0.707258,0.680094,0.193025,0.558827,-0.705059,0.436582,0.433011,-0.200909,-0.878714
0.654934,0.629559,0.938567,0.707258,0.573061,0.41399,0.558827,-0.811858,0.169109,0.433011,0.111745,-0.894435
0.654934,0.587091,0.99828,0.707258,0.396908,0.585021,0.558827,-0.820736,-0.118762,0.433011,0.410921,-0.802275
0.654934,0.526761,1.03987,0.707258,0.172883,0.685491,0.558827,-0.730621,-0.392308,0.433011,0.660534,-0.613349
0.654934,0.455846,1.05831,0.707258,-0.0719951,0.70328,0.558827,-0.552382,-0.618536,0.433011,0.830476,-0.350443
0.654934,0.382899,1.05139,0.707258,-0.308189,0.636243,0.558827,-0.307517,-0.770159,0.433011,0.900251,-0.0452695
0.654934,0.316718,1.01994,0.707258,-0.507211,0.492466,0.558827,-0.0255619,-0.82889,0.433011,0.861443,0.265365
0.654934,0.265287,0.967745,0.707258,-0.645056,0.28929,0.558827,0.259477,-0.787644,0.433011,0.718731,0.543992
0.654934,0.234808,0.90111,0.707258,-0.705098,0.0512219,0.558827,0.513219,-0.651397,0.433011,0.48933,0.757006
0.654934,0.228957,0.82807,0.707258,-0.680094,-0.193025,0.558827,0.705059,-0.436582,0.433011,0.200909,0.878714
0.654934,0.248441,0.757433,0.707258,-0.573061,-0.41399,0.558827,0.811858,-0.169109,0.433011,-0.111745,0.894435
0.654934,0.290909,0.69772,0.707258,-0.396908,-0.585021,0.558827,0.820736,0.118762,0.433011,-0.410921,0.802275
