0.658953,0.236221,0.823819,0.308961,0.221703,0.924874,0.951075,-0.0720176,-0.30045,-3.49349e-06,0.972451,-0.233107
0.907818,0.118626,0.534848,0.92986,0.22965,-0.287441,-0.179072,0.964983,0.191679,0.321394,-0.126762,0.938423
0.907818,0.219943,0.436558,0.92986,0.314111,-0.191561,-0.179072,0.841229,0.510163,0.321394,-0.440076,0.838474
0.907818,0.348766,0.378848,0.92986,0.360685,-0.0725762,-0.179072,0.616011,0.767114,0.321394,-0.700312,0.637393
0.907818,0.489559,0.368678,0.92986,0.363756,0.0551623,-0.179072,0.316493,0.931539,0.321394,-0.876079,0.359432
0.907818,0.625339,0.407276,0.92986,0.322952,0.176247,-0.179072,-0.0211992,0.983608,0.321394,-0.946178,0.0381195
0.907818,0.739729,0.489985,0.92986,0.243196,0.276075,-0.179072,-0.356334,0.917038,0.321394,-0.902154,-0.287791
0.907818,0.818932,0.60683,0.92986,0.134106,0.342603,-0.179072,-0.64849,0.73986,0.321394,-0.749317,-0.57899
0.907818,0.853396,0.743718,0.92986,0.00884128,0.367809,-0.179072,-0.862429,0.473445,0.321394,-0.506101,-0.800354
0.907818,0.838963,0.884137,0.92986,-0.11749,0.348651,-0.179072,-0.972346,0.149924,0.321394,-0.201842,-0.925184
0.907818,0.777374,1.01115,0.92986,-0.22965,0.287441,-0.179072,-0.964983,-0.191679,0.321394,0.126762,-0.938423
0.907818,0.676057,1.10944,0.92986,-0.314111,0.191561,-0.179072,-0.841229,-0.510163,0.321394,0.440076,-0.838474
0.907818,0.547234,1.16715,0.92986,-0.360685,0.0725762,-0.179072,-0.616011,-0.767114,0.321394,0.700312,-0.637393
0.907818,0.406441,1.17732,0.92986,-0.363756,-0.0551623,-0.179072,-0.316493,-0.931539,0.321394,0.876079,-0.359432
0.907818,0.270661,1.13872,0.92986,-0.322952,-0.176247,-0.179072,0.0211992,-0.983608,0.321394,0.946178,-0.0381195
0.907818,0.156271,1.05602,0.92986,-0.243196,-0.276075,-0.179072,0.356334,-0.917038,0.321394,0.902154,0.287791
0.907818,0.0770675,0.93917,0.92986,-0.134106,-0.342603,-0.179072,0.64849,-0.73986,0.321394,0.749317,0.57899
0.907818,0.042604,0.802282,0.92986,-0.00884128,-0.367809,-0.179072,0.862429,-0.473445,0.321394,0.506101,0.800354
0.907818,0.0570372,0.661863,0.92986,0.11749,-0.348651,-0.179072,0.972346,-0.149924,0.321394,0.201842,0.925184
0.907818,0.118626,0.534848,0.92986,0.22965,-0.287441,-0.179072,0.964983,0.191679,0.321394,-0.126762,0.938423
0.809114,0.131905,0.590244,0.796489,0.158691,-0.583457,-0.0275851,0.973477,0.227114,0.604023,-0.164799,0.779742
0.809114,0.213474,0.493155,0.796489,0.348675,-0.493994,-0.0275851,0.837092,0.546366,0.604023,-0.421548,0.676353
0.809114,0.323331,0.429819,0.796489,0.496603,-0.344949,-0.0275851,0.599741,0.799719,0.604023,-0.627452,0.491386
0.809114,0.448224,0.407876,0.796489,0.584634,-0.154298,-0.0275851,0.290052,0.956613,0.604023,-0.757676,0.247151
0.809114,0.57309,0.429972,0.796489,0.602149,0.0549643,-0.0275851,-0.0546212,0.998126,0.604023,-0.796513,-0.0268949
0.809114,0.682868,0.493443,0.796489,0.547036,0.257597,-0.0275851,-0.392706,0.91925,0.604023,-0.739279,-0.297696
0.809114,0.764318,0.590632,0.796489,0.425943,0.429159,-0.0275851,-0.683425,0.729499,0.604023,-0.592877,-0.532591
0.809114,0.807616,0.709817,0.796489,0.253474,0.548959,-0.0275851,-0.891713,0.45176,0.604023,-0.374965,-0.703248
0.809114,0.807538,0.836623,0.796489,0.0504328,0.602546,-0.0275851,-0.992447,0.119531,0.604023,-0.111827,-0.789082
0.809114,0.764095,0.955756,0.796489,-0.158691,0.583457,-0.0275851,-0.973477,-0.227114,0.604023,0.164799,-0.779742
0.809114,0.682526,1.05284,0.796489,-0.348675,0.493994,-0.0275851,-0.837092,-0.546366,0.604023,0.421548,-0.676353
0.809114,0.572669,1.11618,0.796489,-0.496603,0.344949,-0.0275851,-0.599741,-0.799719,0.604023,0.627452,-0.491386
0.809114,0.447776,1.13812,0.796489,-0.584634,0.154298,-0.0275851,-0.290052,-0.956613,0.604023,0.757676,-0.247151
0.809114,0.32291,1.11603,0.796489,-0.602149,-0.0549643,-0.0275851,0.0546212,-0.998126,0.604023,0.796513,0.0268949
0.809114,0.213132,1.05256,0.796489,-0.547036,-0.257597,-0.0275851,0.392706,-0.91925,0.604023,0.739279,0.297696
0.809114,0.131682,0.955368,0.796489,-0.425943,-0.429159,-0.0275851,0.683425,-0.729499,0.604023,0.592877,0.532591
0.809114,0.0883845,0.836183,0.796489,-0.253474,-0.548959,-0.0275851,0.891713,-0.45176,0.604023,0.374965,0.703248
0.809114,0.0884622,0.709377,0.796489,-0.0504328,-0.602546,-0.0275851,0.992447,-0.119531,0.604023,0.111827,0.789082
0.809114,0.131905,0.590244,0.796489,0.158691,-0.583457,-0.0275851,0.973477,0.227114,0.604023,-0.164799,0.779742
0.735846,0.152253,0.675129,0.567051,0.102645,-0.817262,0.127229,0.969382,0.210028,0.813797,-0.223076,0.536629
0.735846,0.203563,0.57988,0.567051,0.375975,-0.732868,0.127229,0.839087,0.52891,0.813797,-0.393161,0.42797
0.735846,0.284355,0.507924,0.567051,0.603957,-0.56008,0.127229,0.607586,0.783998,0.813797,-0.515825,0.267691
0.735846,0.384886,0.46794,0.567051,0.759092,-0.319737,0.127229,0.302801,0.944523,0.813797,-0.576273,0.0751249
0.735846,0.493029,0.464751,0.567051,0.82267,-0.04083,0.127229,-0.0385061,0.991126,0.813797,-0.567214,-0.126503
0.735846,0.595741,0.498741,0.567051,0.787022,0.243002,0.127229,-0.375169,0.918184,0.813797,-0.48974,-0.312872
0.735846,0.680633,0.565811,0.567051,0.656447,0.497525,0.127229,-0.666581,0.734495,0.813797,-0.353196,-0.461504
0.735846,0.737466,0.657872,0.567051,0.446695,0.692038,0.127229,-0.877593,0.462216,0.813797,-0.174052,-0.554473
0.735846,0.759385,0.763818,0.567051,0.183065,0.803082,0.127229,-0.982755,0.134186,0.813797,0.0260852,-0.580563
0.735846,0.743747,0.870871,0.567051,-0.102645,0.817262,0.127229,-0.969382,-0.210028,0.813797,0.223076,-0.536629
0.735846,0.692437,0.96612,0.567051,-0.375975,0.732868,0.127229,-0.839087,-0.52891,0.813797,0.393161,-0.42797
0.735846,0.611645,1.03808,0.567051,-0.603957,0.56008,0.127229,-0.607586,-0.783998,0.813797,0.515825,-0.267691
0.735846,0.511114,1.07806,0.567051,-0.759092,0.319737,0.127229,-0.302801,-0.944523,0.813797,0.576273,-0.0751249
0.735846,0.402971,1.08125,0.567051,-0.82267,0.04083,0.127229,0.0385061,-0.991126,0.813797,0.567214,0.126503
0.735846,0.300259,1.04726,0.567051,-0.787022,-0.243002,0.127229,0.375169,-0.918184,0.813797,0.48974,0.312872
0.735846,0.215367,0.980189,0.567051,-0.656447,-0.497525,0.127229,0.666581,-0.734495,0.813797,0.353196,0.461504
0.735846,0.158534,0.888128,0.567051,-0.446695,-0.692038,0.127229,0.877593,-0.462216,0.813797,0.174052,0.554473
0.735846,0.136615,0.782182,0.567051,-0.183065,-0.803082,0.127229,0.982755,-0.134186,0.813797,-0.0260852,0.580563
0.735846,0.152253,0.675129,0.567051,0.102645,-0.817262,0.127229,0.969382,0.210028,0.813797,-0.223076,0.536629
0.696852,0.177215,0.779262,0.269218,0.0682721,-0.960656,0.266698,0.95319,0.142482,0.925416,-0.294564,0.238408
0.696852,0.191404,0.686271,0.269218,0.392719,-0.879371,0.266698,0.846974,0.459899,0.925416,-0.35834,0.123283
0.696852,0.236542,0.60374,0.269218,0.669797,-0.692021,0.266698,0.6386,0.721846,0.925416,-0.378894,-0.00671099
0.696852,0.307184,0.541625,0.269218,0.866089,-0.421203,0.266698,0.353202,0.896728,0.925416,-0.353749,-0.135896
0.696852,0.394812,0.507416,0.269218,0.957917,-0.0995813,0.266698,0.0252025,0.963451,0.925416,-0.285936,-0.24869
0.696852,0.488854,0.505242,0.269218,0.934207,0.234051,0.266698,-0.305837,0.913967,0.925416,-0.183635,-0.331488
0.696852,0.577969,0.535362,0.269218,0.797817,0.539454,0.266698,-0.599988,0.754246,0.925416,-0.0591853,-0.374303
0.696852,0.651408,0.594146,0.269218,0.565199,0.77979,0.266698,-0.821771,0.503551,0.925416,0.0724033,-0.371973
0.696852,0.700313,0.674502,0.269218,0.264409,0.926072,0.266698,-0.944437,0.192121,0.925416,0.195259,-0.324777
0.696852,0.718785,0.766738,0.269218,-0.0682721,0.960656,0.266698,-0.95319,-0.142482,0.925416,0.294564,-0.238408
0.696852,0.704596,0.859729,0.269218,-0.392719,0.879371,0.266698,-0.846974,-0.459899,0.925416,0.35834,-0.123283
0.696852,0.659458,0.94226,0.269218,-0.669797,0.692021,0.266698,-0.6386,-0.721846,0.925416,0.378894,0.00671099
0.696852,0.588816,1.00438,0.269218,-0.866089,0.421203,0.266698,-0.353202,-0.896728,0.925416,0.353749,0.135896
0.696852,0.501188,1.03858,0.269218,-0.957917,0.0995813,0.266698,-0.0252025,-0.963451,0.925416,0.285936,0.24869
0.696852,0.407146,1.04076,0.269218,-0.934207,-0.234051,0.266698,0.305837,-0.913967,0.925416,0.183635,0.331488
0.696852,0.318031,1.01064,0.269218,-0.797817,-0.539454,0.266698,0.599988,-0.754246,0.925416,0.0591853,0.374303
0.696852,0.244592,0.951854,0.269218,-0.565199,-0.77979,0.266698,0.821771,-0.503551,0.925416,-0.0724033,0.371973
0.696852,0.195687,0.871498,0.269218,-0.264409,-0.926072,0.266698,0.944437,-0.192121,0.925416,-0.195259,0.324777
0.696852,0.177215,0.779262,0.269218,0.0682721,-0.960656,0.266698,0.95319,0.142482,0.925416,-0.294564,0.238408
0.696834,0.203781,0.890085,-0.061087,0.0597173,-0.996344,0.373999,0.926855,0.032622,0.925415,-0.370639,-0.078953
0.696834,0.178464,0.799496,-0.061087,0.396886,-0.915833,0.373999,0.859802,0.347658,0.925415,-0.321283,-0.200958
0.696834,0.185656,0.705711,-0.061087,0.686184,-0.724859,0.373999,0.689043,0.620761,0.925415,-0.233176,-0.298724
0.696834,0.224492,0.620043,-0.061087,0.892718,-0.446456,0.373999,0.435176,0.818991,0.925415,-0.116944,-0.360459
0.696834,0.290285,0.552823,-0.061087,0.991578,-0.114203,0.373999,0.12882,0.918439,0.925415,0.0133928,-0.378718
0.696834,0.375102,0.512159,-0.061087,0.970838,0.231823,0.373999,-0.193073,0.90711,0.925415,0.142114,-0.351298
0.696834,0.468711,0.502957,-0.061087,0.833001,0.549889,0.373999,-0.491679,0.786369,0.925415,0.253695,-0.281506
0.696834,0.559822,0.526327,-0.061087,0.594692,0.80163,0.373999,-0.730981,0.570781,0.925415,0.334676,-0.177761
0.696834,0.637445,0.579448,-0.061087,0.284654,0.956682,0.373999,-0.882116,0.286348,0.925415,0.37529,-0.0525744
0.696834,0.692219,0.655915,-0.061087,-0.0597173,0.996344,0.373999,-0.926855,-0.032622,0.925415,0.370639,0.078953
0.696834,0.717536,0.746504,-0.061087,-0.396886,0.915833,0.373999,-0.859802,-0.347658,0.925415,0.321283,0.200958
0.696834,0.710344,0.840289,-0.061087,-0.686184,0.724859,0.373999,-0.689043,-0.620761,0.925415,0.233176,0.298724
0.696834,0.671508,0.925957,-0.061087,-0.892718,0.446456,0.373999,-0.435176,-0.818991,0.925415,0.116944,0.360459
0.696834,0.605715,0.993177,-0.061087,-0.991578,0.114203,0.373999,-0.12882,-0.918439,0.925415,-0.0133928,0.378718
0.696834,0.520898,1.03384,-0.061087,-0.970838,-0.231823,0.373999,0.193073,-0.90711,0.925415,-0.142114,0.351298
0.696834,0.427289,1.04304,-0.061087,-0.833001,-0.549889,0.373999,0.491679,-0.786369,0.925415,-0.253695,0.281506
0.696834,0.336178,1.01967,-0.061087,-0.594692,-0.80163,0.373999,0.730981,-0.570781,0.925415,-0.334676,0.177761
0.696834,0.258555,0.966552,-0.061087,-0.284654,-0.956682,0.373999,0.882116,-0.286348,0.925415,-0.37529,0.0525744
0.696834,0.203781,0.890085,-0.061087,0.0597173,-0.996344,0.373999,0.926855,0.032622,0.925415,-0.370639,-0.078953
0.735794,0.228746,0.994231,-0.384024,0.0780128,-0.920022,0.43619,0.893554,-0.1063,0.813796,-0.442126,-0.377174
0.735794,0.166303,0.9059,-0.384024,0.387974,-0.837856,0.43619,0.876023,0.205724,0.813796,-0.286461,-0.505644
0.735794,0.137837,0.801539,-0.384024,0.65114,-0.654632,0.43619,0.752831,0.492935,0.813796,-0.0962452,-0.573125
0.735794,0.146781,0.693736,-0.384024,0.835768,-0.39245,0.43619,0.538836,0.72069,0.813796,0.10558,-0.57148
0.735794,0.192057,0.595493,-0.384024,0.919591,-0.0829325,0.43619,0.25985,0.86152,0.813796,0.29467,-0.500905
0.735794,0.268203,0.51866,-0.384024,0.892498,0.236588,0.43619,-0.0504785,0.898438,0.813796,0.448219,-0.369913
0.735794,0.366036,0.472505,-0.384024,0.757756,0.527572,0.43619,-0.354718,0.826991,0.813796,0.547706,-0.194305
0.735794,0.473754,0.462593,-0.384024,0.531617,0.754923,0.43619,-0.616173,0.655796,0.813796,0.581131,0.00473922
0.735794,0.578366,0.490122,-0.384024,0.241358,0.891219,0.43619,-0.803309,0.405503,0.813796,0.544464,0.203212
0.735794,0.667254,0.551769,-0.384024,-0.0780128,0.920022,0.43619,-0.893554,0.1063,0.813796,0.442126,0.377174
0.735794,0.729697,0.6401,-0.384024,-0.387974,0.837856,0.43619,-0.876023,-0.205724,0.813796,0.286461,0.505644
0.735794,0.758163,0.744461,-0.384024,-0.65114,0.654632,0.43619,-0.752831,-0.492935,0.813796,0.0962452,0.573125
0.735794,0.749219,0.852264,-0.384024,-0.835768,0.39245,0.43619,-0.538836,-0.72069,0.813796,-0.10558,0.57148
0.735794,0.703943,0.950507,-0.384024,-0.919591,0.0829325,0.43619,-0.25985,-0.86152,0.813796,-0.29467,0.500905
0.735794,0.627797,1.02734,-0.384024,-0.892498,-0.236588,0.43619,0.0504785,-0.898438,0.813796,-0.448219,0.369913
0.735794,0.529964,1.0735,-0.384024,-0.757756,-0.527572,0.43619,0.354718,-0.826991,0.813796,-0.547706,0.194305
0.735794,0.422246,1.08341,-0.384024,-0.531617,-0.754923,0.43619,0.616173,-0.655796,0.813796,-0.581131,-0.00473922
0.735794,0.317634,1.05588,-0.384024,-0.241358,-0.891219,0.43619,0.803309,-0.405503,0.813796,-0.544464,-0.203212
0.735794,0.228746,0.994231,-0.384024,0.0780128,-0.920022,0.43619,0.893554,-0.1063,0.813796,-0.442126,-0.377174
0.809034,0.249099,1.07914,-0.660642,0.120952,-0.740893,0.44577,0.857302,-0.25753,0.604021,-0.500403,-0.620287
0.809034,0.156389,0.992647,-0.660642,0.367058,-0.654844,0.44577,0.893681,0.0512161,0.604021,-0.258074,-0.754027
0.809034,0.0988516,0.879664,-0.660642,0.568892,-0.489811,0.44577,0.822269,0.353784,0.604021,0.0153816,-0.79682
0.809034,0.0834266,0.753815,-0.660642,0.702109,-0.265699,0.44577,0.651678,0.613681,0.604021,0.286982,-0.743505
0.809034,0.111975,0.630281,-0.660642,0.750641,-0.00954043,0.44577,0.402486,0.799559,0.604021,0.523969,-0.600512
0.809034,0.181052,0.52396,-0.660642,0.708635,0.247769,0.44577,0.104748,0.888998,0.604021,0.697757,-0.385089
0.809034,0.282328,0.447678,-0.660642,0.581157,0.475194,0.44577,-0.205624,0.871211,0.604021,0.787385,-0.123218
0.809034,0.403586,0.410634,-0.660642,0.383583,0.645304,0.44577,-0.491195,0.748342,0.604021,0.782043,0.153514
0.809034,0.530201,0.417297,-0.660642,0.139743,0.73758,0.44577,-0.717521,0.535213,0.604021,0.682375,0.411731
0.809034,0.646901,0.466863,-0.660642,-0.120952,0.740893,0.44577,-0.857302,0.25753,0.604021,0.500403,0.620287
0.809034,0.739611,0.553353,-0.660642,-0.367058,0.654844,0.44577,-0.893681,-0.0512161,0.604021,0.258074,0.754027
0.809034,0.797148,0.666336,-0.660642,-0.568892,0.489811,0.44577,-0.822269,-0.353784,0.604021,-0.0153816,0.79682
0.809034,0.812573,0.792185,-0.660642,-0.702109,0.265699,0.44577,-0.651678,-0.613681,0.604021,-0.286982,0.743505
0.809034,0.784025,0.915719,-0.660642,-0.750641,0.00954043,0.44577,-0.402486,-0.799559,0.604021,-0.523969,0.600512
0.809034,0.714948,1.02204,-0.660642,-0.708635,-0.247769,0.44577,-0.104748,-0.888998,0.604021,-0.697757,0.385089
0.809034,0.613672,1.09832,-0.660642,-0.581157,-0.475194,0.44577,0.205624,-0.871211,0.604021,-0.787385,0.123218
0.809034,0.492414,1.13537,-0.660642,-0.383583,-0.645304,0.44577,0.491195,-0.748342,0.604021,-0.782043,-0.153514
0.809034,0.365799,1.1287,-0.660642,-0.139743,-0.73758,0.44577,0.717521,-0.535213,0.604021,-0.682375,-0.411731
0.809034,0.249099,1.07914,-0.660642,0.120952,-0.740893,0.44577,0.857302,-0.25753,0.604021,-0.500403,-0.620287
0.90772,0.262385,1.13456,-0.857576,0.183356,-0.480566,0.401584,0.822474,-0.402825,0.321392,-0.53844,-0.778967
0.90772,0.149917,1.04928,-0.857576,0.336661,-0.388873,0.401584,0.910646,-0.0972289,0.321392,-0.239546,-0.916147
0.90772,0.073402,0.930663,-0.857576,0.44936,-0.250276,0.401584,0.888982,0.220094,0.321392,0.0882408,-0.942826
0.90772,0.0420689,0.793035,-0.857576,0.50786,-0.0814922,0.401584,0.760093,0.510871,0.321392,0.405385,-0.855786
0.90772,0.0596971,0.65299,-0.857576,0.505104,0.0971207,0.401584,0.539526,0.740028,0.321392,0.673633,-0.665526
0.90772,0.12416,0.52742,-0.857576,0.441425,0.264019,0.401584,0.253884,0.879928,0.321392,0.860632,-0.394994
0.90772,0.227684,0.431471,-0.857576,0.324504,0.399073,0.401584,-0.0623803,0.913695,0.321392,0.943825,-0.0768198
0.90772,0.35778,0.376715,-0.857576,0.168443,0.485993,0.401584,-0.371121,0.837257,0.321392,0.913179,0.25062
0.90772,0.498758,0.369757,-0.857576,-0.00793477,0.514295,0.401584,-0.635098,0.659834,0.321392,0.772391,0.547832
0.90772,0.633615,0.411436,-0.857576,-0.183356,0.480566,0.401584,-0.822474,0.402825,0.321392,0.53844,0.778967
0.90772,0.746083,0.496725,-0.857576,-0.336661,0.388873,0.401584,-0.910646,0.0972289,0.321392,0.239546,0.916147
0.90772,0.822598,0.615337,-0.857576,-0.44936,0.250276,0.401584,-0.888982,-0.220094,0.321392,-0.0882408,0.942826
0.90772,0.853931,0.752965,-0.857576,-0.50786,0.0814922,0.401584,-0.760093,-0.510871,0.321392,-0.405385,0.855786
0.90772,0.836303,0.89301,-0.857576,-0.505104,-0.0971207,0.401584,-0.539526,-0.740028,0.321392,-0.673633,0.665526
0.90772,0.77184,1.01858,-0.857576,-0.441425,-0.264019,0.401584,-0.253884,-0.879928,0.321392,-0.860632,0.394994
0.90772,0.668316,1.11453,-0.857576,-0.324504,-0.399073,0.401584,0.0623803,-0.913695,0.321392,-0.943825,0.0768198
0.90772,0.53822,1.16929,-0.857576,-0.168443,-0.485993,0.401584,0.371121,-0.837257,0.321392,-0.913179,-0.25062
0.90772,0.397242,1.17624,-0.857576,0.00793477,-0.514295,0.401584,0.635098,-0.659834,0.321392,-0.772391,-0.547832
0.90772,0.262385,1.13456,-0.857576,0.183356,-0.480566,0.401584,0.822474,-0.402825,0.321392,-0.53844,-0.778967
0.883612,0.227792,0.440292,0.961642,0.197833,-0.190019,-0.0812368,0.867039,0.491573,0.262003,-0.457281,0.849852
0.883612,0.354865,0.385041,0.961642,0.250892,-0.110896,-0.0812368,0.646622,0.758472,0.262003,-0.72037,0.642201
0.883612,0.493171,0.376583,0.961642,0.27369,-0.0183984,-0.0812368,0.348213,0.933889,0.262003,-0.896572,0.35709
0.883612,0.62603,0.41594,0.961642,0.263477,0.0763188,-0.0812368,0.00780491,0.996664,0.262003,-0.964634,0.0289096
0.883612,0.737415,0.498363,0.961642,0.221485,0.161831,-0.0812368,-0.333545,0.939227,0.262003,-0.916347,-0.302758
0.883612,0.813893,0.613911,0.961642,0.152779,0.227824,-0.0812368,-0.634665,0.768506,0.262003,-0.757535,-0.597909
0.883612,0.846238,0.748648,0.961642,0.0656447,0.266338,-0.0812368,-0.859234,0.505091,0.262003,-0.507353,-0.820943
0.883612,0.83055,0.886322,0.961642,-0.029407,0.272727,-0.0812368,-0.980167,0.180755,0.262003,-0.195977,-0.944959
0.883612,0.768721,1.01033,0.961642,-0.120912,0.246222,-0.0812368,-0.982878,-0.165383,0.262003,0.139037,-0.954999
0.883612,0.668208,1.10571,0.961642,-0.197833,0.190019,-0.0812368,-0.867039,-0.491573,0.262003,0.457281,-0.849852
0.883612,0.541135,1.16096,0.961642,-0.250892,0.110896,-0.0812368,-0.646622,-0.758472,0.262003,0.72037,-0.642201
0.883612,0.402829,1.16942,0.961642,-0.27369,0.0183984,-0.0812368,-0.348213,-0.933889,0.262003,0.896572,-0.35709
0.883612,0.26997,1.13006,0.961642,-0.263477,-0.0763188,-0.0812368,-0.00780491,-0.996664,0.262003,0.964634,-0.0289096
0.883612,0.158585,1.04764,0.961642,-0.221485,-0.161831,-0.0812368,0.333545,-0.939227,0.262003,0.916347,0.302758
0.883612,0.0821074,0.932089,0.961642,-0.152779,-0.227824,-0.0812368,0.634665,-0.768506,0.262003,0.757535,0.597909
0.883612,0.0497619,0.797352,0.961642,-0.0656447,-0.266338,-0.0812368,0.859234,-0.505091,0.262003,0.507353,0.820943
0.883612,0.0654497,0.659678,0.961642,0.029407,-0.272727,-0.0812368,0.980167,-0.180755,0.262003,0.195977,0.944959
0.883612,0.127279,0.535672,0.961642,0.120912,-0.246222,-0.0812368,0.982878,0.165383,0.262003,-0.139037,0.954999
0.883612,0.227792,0.440292,0.961642,0.197833,-0.190019,-0.0812368,0.867039,0.491573,0.262003,-0.457281,0.849852
0.763622,0.243936,0.507639,0.856221,0.123113,-0.501726,0.156285,0.863954,0.478704,0.492403,-0.488289,0.720495
0.763622,0.347001,0.453848,0.856221,0.287289,-0.429362,0.156285,0.648125,0.745325,0.492403,-0.705265,0.510039
0.763622,0.462248,0.438551,0.856221,0.416813,-0.305209,0.156285,0.354122,0.922048,0.492403,-0.837176,0.238065
0.763622,0.575777,0.463594,0.856221,0.496064,-0.144244,0.156285,0.017407,0.987559,0.492403,-0.868111,-0.0626234
0.763622,0.673894,0.525956,0.856221,0.515482,0.0341185,0.156285,-0.321408,0.933955,0.492403,-0.794339,-0.355758
0.763622,0.744765,0.618115,0.856221,0.472726,0.208366,0.156285,-0.621456,0.767703,0.492403,-0.624758,-0.605983
0.763622,0.779842,0.728956,0.856221,0.372951,0.357482,0.156285,-0.846547,0.508854,0.492403,-0.379822,-0.783118
0.763622,0.774893,0.845108,0.856221,0.228194,0.46348,0.156285,-0.969533,0.18863,0.492403,-0.089074,-0.865797
0.763622,0.730517,0.952564,0.856221,0.0559124,0.513576,0.156285,-0.975578,-0.154345,0.492403,0.212418,-0.844048
0.763622,0.652064,1.03836,0.856221,-0.123113,0.501726,0.156285,-0.863954,-0.478704,0.492403,0.488289,-0.720495
0.763622,0.548999,1.09215,0.856221,-0.287289,0.429362,0.156285,-0.648125,-0.745325,0.492403,0.705265,-0.510039
0.763622,0.433752,1.10745,0.856221,-0.416813,0.305209,0.156285,-0.354122,-0.922048,0.492403,0.837176,-0.238065
0.763622,0.320223,1.08241,0.856221,-0.496064,0.144244,0.156285,-0.017407,-0.987559,0.492403,0.868111,0.0626234
0.763622,0.222106,1.02004,0.856221,-0.515482,-0.0341185,0.156285,0.321408,-0.933955,0.492403,0.794339,0.355758
0.763622,0.151235,0.927885,0.856221,-0.472726,-0.208366,0.156285,0.621456,-0.767703,0.492403,0.624758,0.605983
0.763622,0.116158,0.817044,0.856221,-0.372951,-0.357482,0.156285,0.846547,-0.508854,0.492403,0.379822,0.783118
0.763622,0.121107,0.700892,0.856221,-0.228194,-0.46348,0.156285,0.969533,-0.18863,0.492403,0.089074,0.865797
0.763622,0.165483,0.593436,0.856221,-0.0559124,-0.513576,0.156285,0.975578,0.154345,0.492403,-0.212418,0.844048
0.763622,0.243936,0.507639,0.856221,0.123113,-0.501726,0.156285,0.863954,0.478704,0.492403,-0.488289,0.720495
0.674556,0.268672,0.610833,0.647527,0.0613039,-0.759573,0.374957,0.842118,0.387613,0.663413,-0.535797,0.522308
0.674556,0.334952,0.559279,0.647527,0.317396,-0.692798,0.374957,0.658761,0.652258,0.663413,-0.682124,0.307555
0.674556,0.414866,0.533503,0.647527,0.535206,-0.542461,0.374957,0.395948,0.838232,0.663413,-0.746177,0.0557074
0.674556,0.498777,0.536614,0.647527,0.688461,-0.326696,0.374957,0.085377,0.923102,0.663413,-0.72023,-0.20286
0.674556,0.576564,0.568237,0.647527,0.758679,-0.0715259,0.374957,-0.235491,0.896633,0.663413,-0.607413,-0.436959
0.674556,0.638843,0.624557,0.647527,0.737388,0.192271,0.374957,-0.527956,0.762017,0.663413,-0.421333,-0.618355
0.674556,0.678105,0.698781,0.647527,0.627158,0.432877,0.374957,-0.756742,0.53549,0.663413,-0.184433,-0.725168
0.674556,0.689612,0.781958,0.647527,0.441283,0.621272,0.374957,-0.894253,0.244375,0.663413,0.0747112,-0.744515
0.674556,0.671977,0.864054,0.647527,0.202182,0.734732,0.374957,-0.923904,-0.0762151,0.663413,0.324845,-0.674062
0.674556,0.627328,0.935167,0.647527,-0.0613039,0.759573,0.374957,-0.842118,-0.387613,0.663413,0.535797,-0.522308
0.674556,0.561048,0.986721,0.647527,-0.317396,0.692798,0.374957,-0.658761,-0.652258,0.663413,0.682124,-0.307555
0.674556,0.481134,1.0125,0.647527,-0.535206,0.542461,0.374957,-0.395948,-0.838232,0.663413,0.746177,-0.0557074
0.674556,0.397223,1.00939,0.647527,-0.688461,0.326696,0.374957,-0.085377,-0.923102,0.663413,0.72023,0.20286
0.674556,0.319436,0.977763,0.647527,-0.758679,0.0715259,0.374957,0.235491,-0.896633,0.663413,0.607413,0.436959
0.674556,0.257157,0.921443,0.647527,-0.737388,-0.192271,0.374957,0.527956,-0.762017,0.663413,0.421333,0.618355
0.674556,0.217895,0.847219,0.647527,-0.627158,-0.432877,0.374957,0.756742,-0.53549,0.663413,0.184433,0.725168
0.674556,0.206388,0.764042,0.647527,-0.441283,-0.621272,0.374957,0.894253,-0.244375,0.663413,-0.0747112,0.744515
0.674556,0.224023,0.681946,0.647527,-0.202182,-0.734732,0.374957,0.923904,0.0762151,0.663413,-0.324845,0.674062
0.674556,0.268672,0.610833,0.647527,0.0613039,-0.759573,0.374957,0.842118,0.387613,0.663413,-0.535797,0.522308
0.627155,0.299018,0.737427,0.360731,0.0198612,-0.932458,0.548404,0.804165,0.229284,0.754404,-0.594074,0.279196
0.627155,0.32017,0.688617,0.360731,0.337583,-0.869431,0.548404,0.677248,0.490498,0.754404,-0.653737,0.059173
0.627155,0.356739,0.649986,0.360731,0.614587,-0.701538,0.548404,0.468645,0.69255,0.754404,-0.63455,-0.167987
0.627155,0.404317,0.626192,0.360731,0.817463,-0.449029,0.548404,0.203517,0.81107,0.754404,-0.538827,-0.374885
0.627155,0.457162,0.620105,0.360731,0.921741,-0.14236,0.548404,-0.0861592,0.831763,0.754404,-0.378114,-0.536567
0.627155,0.508903,0.632459,0.360731,0.914843,0.181479,0.548404,-0.365443,0.752133,0.754404,-0.171794,-0.63353
0.627155,0.553298,0.661765,0.360731,0.797602,0.483429,0.548404,-0.600649,0.581785,0.754404,0.0552463,-0.654081
0.627155,0.584993,0.704487,0.360731,0.584158,0.727071,0.548404,-0.763408,0.341265,0.754404,0.275623,-0.59574
0.627155,0.600164,0.755473,0.360731,0.300256,0.883017,0.548404,-0.834088,0.0595839,0.754404,0.462756,-0.465543
0.627155,0.596982,0.808573,0.360731,-0.0198612,0.932458,0.548404,-0.804165,-0.229284,0.754404,0.594074,-0.279196
0.627155,0.57583,0.857383,0.360731,-0.337583,0.869431,0.548404,-0.677248,-0.490498,0.754404,0.653737,-0.059173
0.627155,0.539261,0.896014,0.360731,-0.614587,0.701538,0.548404,-0.468645,-0.69255,0.754404,0.63455,0.167987
0.627155,0.491683,0.919808,0.360731,-0.817463,0.449029,0.548404,-0.203517,-0.81107,0.754404,0.538827,0.374885
0.627155,0.438838,0.925895,0.360731,-0.921741,0.14236,0.548404,0.0861592,-0.831763,0.754404,0.378114,0.536567
0.627155,0.387097,0.913541,0.360731,-0.914843,-0.181479,0.548404,0.365443,-0.752133,0.754404,0.171794,0.63353
0.627155,0.342702,0.884235,0.360731,-0.797602,-0.483429,0.548404,0.600649,-0.581785,0.754404,-0.0552463,0.654081
0.627155,0.311007,0.841513,0.360731,-0.584158,-0.727071,0.548404,0.763408,-0.341265,0.754404,-0.275623,0.59574
0.627155,0.295836,0.790527,0.360731,-0.300256,-0.883017,0.548404,0.834088,-0.0595839,0.754404,-0.462756,0.465543
0.627155,0.299018,0.737427,0.360731,0.0198612,-0.932458,0.548404,0.804165,0.229284,0.754404,-0.594074,0.279196
0.627137,0.331314,0.872152,0.0304265,0.00378333,-0.99953,0.655705,0.754673,0.0228167,0.754404,-0.656091,0.0204813
0.627137,0.304439,0.826263,0.0304265,0.345415,-0.937957,0.655705,0.701356,0.279554,0.754404,-0.623529,-0.20515
0.627137,0.29488,0.77395,0.0304265,0.645384,-0.763252,0.655705,0.563446,0.502573,0.754404,-0.51576,-0.406037
0.627137,0.303789,0.721522,0.0304265,0.86751,-0.496488,0.655705,0.357576,0.664974,0.754404,-0.345783,-0.557951
0.627137,0.330092,0.675304,0.0304265,0.985002,-0.169841,0.655705,0.108577,0.747169,0.754404,-0.134099,-0.642567
0.627137,0.370617,0.640869,0.0304265,0.983688,0.177292,0.655705,-0.153518,0.739245,0.754404,0.0937588,-0.64968
0.627137,0.420475,0.622371,0.0304265,0.863727,0.503041,0.655705,-0.397096,0.642157,0.754404,0.310308,-0.578432
0.627137,0.473654,0.622041,0.0304265,0.639587,0.768116,0.655705,-0.592779,0.467616,0.754404,0.489429,-0.437417
0.627137,0.523737,0.639919,0.0304265,0.338304,0.940545,0.655705,-0.716964,0.236673,0.754404,0.609519,-0.243642
0.627137,0.564686,0.673848,0.0304265,-0.00378333,0.99953,0.655705,-0.754673,-0.0228167,0.754404,0.656091,-0.0204813
0.627137,0.591561,0.719737,0.0304265,-0.345415,0.937957,0.655705,-0.701356,-0.279554,0.754404,0.623529,0.20515
0.627137,0.60112,0.77205,0.0304265,-0.645384,0.763252,0.655705,-0.563446,-0.502573,0.754404,0.51576,0.406037
0.627137,0.592211,0.824478,0.0304265,-0.86751,0.496488,0.655705,-0.357576,-0.664974,0.754404,0.345783,0.557951
0.627137,0.565908,0.870696,0.0304265,-0.985002,0.169841,0.655705,-0.108577,-0.747169,0.754404,0.134099,0.642567
0.627137,0.525383,0.905131,0.0304265,-0.983688,-0.177292,0.655705,0.153518,-0.739245,0.754404,-0.0937588,0.64968
0.627137,0.475525,0.923629,0.0304265,-0.863727,-0.503041,0.655705,0.397096,-0.642157,0.754404,-0.310308,0.578432
0.627137,0.422346,0.923959,0.0304265,-0.639587,-0.768116,0.655705,0.592779,-0.467616,0.754404,-0.489429,0.437417
0.627137,0.372263,0.906081,0.0304265,-0.338304,-0.940545,0.655705,0.716964,-0.236673,0.754404,-0.609519,0.243642
0.627137,0.331314,0.872152,0.0304265,0.00378333,-0.99953,0.655705,0.754673,0.0228167,0.754404,-0.656091,0.0204813
0.674504,0.361663,0.998758,-0.303548,0.0150095,-0.952698,0.683918,0.69961,-0.206887,0.663411,-0.714367,-0.222631
0.674504,0.289656,0.955614,-0.303548,0.339946,-0.89011,0.683918,0.728178,0.04487,0.663411,-0.595142,-0.453532
0.674504,0.236747,0.890444,-0.303548,0.62388,-0.720161,0.683918,0.668917,0.291215,0.663411,-0.404133,-0.629731
0.674504,0.209319,0.811108,-0.303548,0.832565,-0.46335,0.683918,0.528975,0.502436,0.663411,-0.16438,-0.729976
0.674504,0.21068,0.727177,-0.303548,0.940831,-0.150653,0.683918,0.32523,0.653055,0.663411,0.0951997,-0.742174
0.674504,0.240664,0.648772,-0.303548,0.935618,0.180216,0.683918,0.0822584,0.724907,0.663411,0.343297,-0.664855
0.674504,0.295657,0.585351,-0.303548,0.817556,0.489348,0.683918,-0.170635,0.709324,0.663411,0.549987,-0.507345
0.674504,0.369024,0.544563,-0.303548,0.600884,0.739457,0.683918,-0.402947,0.608185,0.663411,0.690341,-0.288642
0.674504,0.451917,0.531328,-0.303548,0.311738,0.900377,0.683918,-0.586658,0.433691,0.663411,0.74743,-0.0351238
0.674504,0.534337,0.547242,-0.303548,-0.0150095,0.952698,0.683918,-0.69961,0.206887,0.663411,0.714367,0.222631
0.674504,0.606344,0.590386,-0.303548,-0.339946,0.89011,0.683918,-0.728178,-0.04487,0.663411,0.595142,0.453532
0.674504,0.659253,0.655556,-0.303548,-0.62388,0.720161,0.683918,-0.668917,-0.291215,0.663411,0.404133,0.629731
0.674504,0.686681,0.734892,-0.303548,-0.832565,0.46335,0.683918,-0.528975,-0.502436,0.663411,0.16438,0.729976
0.674504,0.68532,0.818823,-0.303548,-0.940831,0.150653,0.683918,-0.32523,-0.653055,0.663411,-0.0951997,0.742174
0.674504,0.655336,0.897228,-0.303548,-0.935618,-0.180216,0.683918,-0.0822584,-0.724907,0.663411,-0.343297,0.664855
0.674504,0.600343,0.960649,-0.303548,-0.817556,-0.489348,0.683918,0.170635,-0.709324,0.663411,-0.549987,0.507345
0.674504,0.526976,1.00144,-0.303548,-0.600884,-0.739457,0.683918,0.402947,-0.608185,0.663411,-0.690341,0.288642
0.674504,0.444083,1.01467,-0.303548,-0.311738,-0.900377,0.683918,0.586658,-0.433691,0.663411,-0.74743,0.0351238
0.674504,0.361663,0.998758,-0.303548,0.0150095,-0.952698,0.683918,0.69961,-0.206887,0.663411,-0.714367,-0.222631
0.763543,0.386405,1.10197,-0.60091,0.0521857,-0.797611,0.629641,0.645618,-0.432122,0.492402,-0.761875,-0.420817
0.763543,0.277604,1.06107,-0.60091,0.321838,-0.731661,0.629641,0.754477,-0.185248,0.492402,-0.572001,-0.656015
0.763543,0.189355,0.985416,-0.60091,0.552671,-0.577461,0.629641,0.772335,0.0839704,0.492402,-0.313134,-0.812088
0.763543,0.132302,0.884144,-0.60091,0.716844,-0.353611,0.629641,0.697038,0.343061,0.492402,-0.0164994,-0.870212
0.763543,0.113328,0.769466,-0.60091,0.794555,-0.0871108,0.629641,0.537668,0.560773,0.492402,0.282126,-0.823375
0.763543,0.13472,0.655215,-0.60091,0.776431,0.189897,0.629641,0.313447,0.710847,0.492402,0.546722,-0.677226
0.763543,0.193898,0.55517,-0.60091,0.664658,0.444,0.629641,0.0514199,0.775183,0.492402,0.745376,-0.449395
0.763543,0.283724,0.481398,-0.60091,0.472718,0.64455,0.629641,-0.216809,0.74602,0.492402,0.854126,-0.167359
0.763543,0.393365,0.442799,-0.60091,0.22376,0.767358,0.629641,-0.458888,0.626877,0.492402,0.859856,0.134862
0.763543,0.509595,0.444026,-0.60091,-0.0521857,0.797611,0.629641,-0.645618,0.432122,0.492402,0.761875,0.420817
0.763543,0.618396,0.484932,-0.60091,-0.321838,0.731661,0.629641,-0.754477,0.185248,0.492402,0.572001,0.656015
0.763543,0.706645,0.560584,-0.60091,-0.552671,0.577461,0.629641,-0.772335,-0.0839704,0.492402,0.313134,0.812088
0.763543,0.763698,0.661856,-0.60091,-0.716844,0.353611,0.629641,-0.697038,-0.343061,0.492402,0.0164994,0.870212
0.763543,0.782672,0.776534,-0.60091,-0.794555,0.0871108,0.629641,-0.537668,-0.560773,0.492402,-0.282126,0.823375
0.763543,0.76128,0.890785,-0.60091,-0.776431,-0.189897,0.629641,-0.313447,-0.710847,0.492402,-0.546722,0.677226
0.763543,0.702102,0.99083,-0.60091,-0.664658,-0.444,0.629641,-0.0514199,-0.775183,0.492402,-0.745376,0.449395
0.763543,0.612276,1.0646,-0.60091,-0.472718,-0.64455,0.629641,0.216809,-0.74602,0.492402,-0.854126,0.167359
0.763543,0.502635,1.1032,-0.60091,-0.22376,-0.767358,0.629641,0.458888,-0.626877,0.492402,-0.859856,-0.134862
0.763543,0.386405,1.10197,-0.60091,0.0521857,-0.797611,0.629641,0.645618,-0.432122,0.492402,-0.761875,-0.420817
0.883514,0.402556,1.16935,-0.825794,0.110828,-0.552975,0.499419,0.59921,-0.625722,0.262001,-0.792884,-0.550174
0.883514,0.269736,1.12991,-0.825794,0.293273,-0.481721,0.499419,0.777083,-0.383044,0.262001,-0.556896,-0.788176
0.883514,0.158418,1.04741,-0.825794,0.440344,-0.352365,0.499419,0.861228,-0.0941656,0.262001,-0.253739,-0.931113
0.883514,0.0820272,0.93182,-0.825794,0.534304,-0.180508,0.499419,0.841496,0.20607,0.262001,0.0800228,-0.961744
0.883514,0.0497784,0.797072,-0.825794,0.563819,0.0131211,0.499419,0.720267,0.481451,0.262001,0.404133,-0.876375
0.883514,0.0655609,0.659421,-0.825794,0.525329,0.205167,0.499419,0.512164,0.698762,0.262001,0.679498,-0.685301
0.883514,0.127471,0.535468,-0.825794,0.423476,0.372467,0.499419,0.242286,0.831792,0.262001,0.872906,-0.41157
0.883514,0.228042,0.440166,-0.825794,0.270546,0.494842,0.499419,-0.0568156,0.864495,0.262001,0.961029,-0.0881981
0.883514,0.355143,0.385008,-0.825794,0.0849844,0.557532,0.499419,-0.349064,0.792928,0.262001,0.933237,0.245812
0.883514,0.493444,0.376648,-0.825794,-0.110828,0.552975,0.499419,-0.59921,0.625722,0.262001,0.792884,0.550174
0.883514,0.626264,0.416094,-0.825794,-0.293273,0.481721,0.499419,-0.777083,0.383044,0.262001,0.556896,0.788176
0.883514,0.737582,0.498588,-0.825794,-0.440344,0.352365,0.499419,-0.861228,0.0941656,0.262001,0.253739,0.931113
0.883514,0.813973,0.61418,-0.825794,-0.534304,0.180508,0.499419,-0.841496,-0.20607,0.262001,-0.0800228,0.961744
0.883514,0.846222,0.748928,-0.825794,-0.563819,-0.0131211,0.499419,-0.720267,-0.481451,0.262001,-0.404133,0.876375
0.883514,0.830439,0.886579,-0.825794,-0.525329,-0.205167,0.499419,-0.512164,-0.698762,0.262001,-0.679498,0.685301
0.883514,0.768529,1.01053,-0.825794,-0.423476,-0.372467,0.499419,-0.242286,-0.831792,0.262001,-0.872906,0.41157
0.883514,0.667958,1.10583,-0.825794,-0.270546,-0.494842,0.499419,0.0568156,-0.864495,0.262001,-0.961029,0.0881981
0.883514,0.540857,1.16099,-0.825794,-0.0849844,-0.557532,0.499419,0.349064,-0.792928,0.262001,-0.933237,-0.245812
0.883514,0.402556,1.16935,-0.825794,0.110828,-0.552975,0.499419,0.59921,-0.625722,0.262001,-0.792884,-0.550174
0.875863,0.363517,0.385863,0.985232,0.133008,-0.107831,-0.00862081,0.667488,0.74457,0.17101,-0.732645,0.658777
0.875863,0.50102,0.380315,0.985232,0.161867,-0.0558367,-0.00862081,0.372576,0.927962,0.17101,-0.913776,0.368469
0.875863,0.632129,0.422131,0.985232,0.171203,0.00289251,-0.00862081,0.0327251,0.999427,0.17101,-0.984692,0.0337177
0.875863,0.741029,0.506267,0.985232,0.159889,0.0612729,-0.00862081,-0.311073,0.950347,0.17101,-0.93684,-0.3051
0.875863,0.814586,0.622575,0.985232,0.12929,0.112263,-0.00862081,-0.617351,0.786641,0.17101,-0.775991,-0.607119
0.875863,0.843926,0.757026,0.985232,0.0830964,0.149712,-0.00862081,-0.849167,0.528054,0.17101,-0.521547,-0.83591
0.875863,0.825512,0.893404,0.985232,0.0268805,0.169104,-0.00862081,-0.978561,0.205777,0.17101,-0.204195,-0.963877
0.875863,0.761565,1.01526,0.985232,-0.0325776,0.1681,-0.00862081,-0.989926,-0.141321,0.17101,0.137785,-0.975588
0.875863,0.659797,1.1079,0.985232,-0.0881064,0.14682,-0.00862081,-0.881892,-0.471373,0.17101,0.463146,-0.869627
0.875863,0.532483,1.16014,0.985232,-0.133008,0.107831,-0.00862081,-0.667488,-0.74457,0.17101,0.732645,-0.658777
0.875863,0.39498,1.16569,0.985232,-0.161867,0.0558367,-0.00862081,-0.372576,-0.927962,0.17101,0.913776,-0.368469
0.875863,0.263871,1.12387,0.985232,-0.171203,-0.00289251,-0.00862081,-0.0327251,-0.999427,0.17101,0.984692,-0.0337177
0.875863,0.154971,1.03973,0.985232,-0.159889,-0.0612729,-0.00862081,0.311073,-0.950347,0.17101,0.93684,0.3051
0.875863,0.0814145,0.923425,0.985232,-0.12929,-0.112263,-0.00862081,0.617351,-0.786641,0.17101,0.775991,0.607119
0.875863,0.0520738,0.788974,0.985232,-0.0830964,-0.149712,-0.00862081,0.849167,-0.528054,0.17101,0.521547,0.83591
0.875863,0.0704876,0.652596,0.985232,-0.0268805,-0.169104,-0.00862081,0.978561,-0.205777,0.17101,0.204195,0.963877
0.875863,0.134435,0.53074,0.985232,0.0325776,-0.1681,-0.00862081,0.989926,0.141321,0.17101,-0.137785,0.975588
0.875863,0.236203,0.438105,0.985232,0.0881064,-0.14682,-0.00862081,0.881892,0.471373,0.17101,-0.463146,0.869627
0.875863,0.363517,0.385863,0.985232,0.133008,-0.107831,-0.00862081,0.667488,0.74457,0.17101,-0.732645,0.658777
0.749059,0.380578,0.457036,0.900555,0.0554963,-0.431186,0.292759,0.655809,0.695849,0.321393,-0.752884,0.574345
0.749059,0.49271,0.453031,0.900555,0.199624,-0.386201,0.292759,0.378265,0.878185,0.321393,-0.903917,0.282206
0.749059,0.599449,0.487619,0.900555,0.319674,-0.294635,0.292759,0.0550957,0.954598,0.321393,-0.945925,-0.0439705
0.749059,0.687922,0.556629,0.900555,0.401166,-0.167532,0.292759,-0.274719,0.915872,0.321393,-0.87384,-0.364844
0.749059,0.747456,0.651736,0.900555,0.434272,-0.0202214,0.292759,-0.571398,0.766679,0.321393,-0.696357,-0.641712
0.749059,0.770872,0.761469,0.900555,0.414998,0.129528,0.292759,-0.799158,0.525013,0.321393,-0.434883,-0.84118
0.749059,0.755344,0.872593,0.900555,0.34567,0.263654,0.292759,-0.930528,0.220023,0.321393,-0.120956,-0.939189
0.749059,0.702746,0.971704,0.900555,0.234648,0.36598,0.292759,-0.949662,-0.111505,0.321393,0.207561,-0.923918
0.749059,0.619422,1.04685,0.900555,0.0953247,0.424163,0.292759,-0.854254,-0.429585,0.321393,0.511042,-0.797209
0.749059,0.515422,1.08896,0.900555,-0.0554963,0.431186,0.292759,-0.655809,-0.695849,0.321393,0.752884,-0.574345
0.749059,0.40329,1.09297,0.900555,-0.199624,0.386201,0.292759,-0.378265,-0.878185,0.321393,0.903917,-0.282206
0.749059,0.296551,1.05838,0.900555,-0.319674,0.294635,0.292759,-0.0550957,-0.954598,0.321393,0.945925,0.0439705
0.749059,0.208078,0.989371,0.900555,-0.401166,0.167532,0.292759,0.274719,-0.915872,0.321393,0.87384,0.364844
0.749059,0.148544,0.894264,0.900555,-0.434272,0.0202214,0.292759,0.571398,-0.766679,0.321393,0.696357,0.641712
0.749059,0.125128,0.784531,0.900555,-0.414998,-0.129528,0.292759,0.799158,-0.525013,0.321393,0.434883,0.84118
0.749059,0.140656,0.673407,0.900555,-0.34567,-0.263654,0.292759,0.930528,-0.220023,0.321393,0.120956,0.939189
0.749059,0.193254,0.574296,0.900555,-0.234648,-0.36598,0.292759,0.949662,0.111505,0.321393,-0.207561,0.923918
0.749059,0.276578,0.499151,0.900555,-0.0953247,-0.424163,0.292759,0.854254,0.429585,0.321393,-0.511042,0.797209
0.749059,0.380578,0.457036,0.900555,0.0554963,-0.431186,0.292759,0.655809,0.695849,0.321393,-0.752884,0.574345
0.654934,0.40672,0.566092,0.707258,-0.01059,-0.706876,0.558827,0.620806,0.549828,0.433011,-0.783892,0.444988
0.654934,0.479976,0.564451,0.707258,0.231815,-0.667868,0.558827,0.395315,0.728998,0.433011,-0.888813,0.150045
0.654934,0.549376,0.587965,0.707258,0.446259,-0.548306,0.558827,0.122142,0.82024,0.433011,-0.886529,-0.162996
0.654934,0.606548,0.633796,0.707258,0.606878,-0.362609,0.558827,-0.165762,0.812548,0.433011,-0.777317,-0.456377
0.654934,0.644597,0.696418,0.707258,0.694298,-0.133177,0.558827,-0.433673,0.706852,0.433011,-0.574349,-0.694712
0.654934,0.658933,0.768276,0.707258,0.697976,0.112319,0.558827,-0.649277,0.515898,0.433011,-0.302106,-0.849255
0.654934,0.647828,0.840704,0.707258,0.617468,0.344267,0.558827,-0.786569,0.26272,0.433011,0.00657511,-0.901365
0.654934,0.612621,0.904967,0.707258,0.462484,0.534692,0.558827,-0.828988,-0.0221464,0.433011,0.314464,-0.844757
0.654934,0.557558,0.953312,0.707258,0.251717,0.660624,0.558827,-0.77142,-0.304341,0.433011,0.584423,-0.686259
0.654934,0.48928,0.979908,0.707258,0.01059,0.706876,0.558827,-0.620806,-0.549828,0.433011,0.783892,-0.444988
0.654934,0.416024,0.981549,0.707258,-0.231815,0.667868,0.558827,-0.395315,-0.728998,0.433011,0.888813,-0.150045
0.654934,0.346624,0.958035,0.707258,-0.446259,0.548306,0.558827,-0.122142,-0.82024,0.433011,0.886529,0.162996
0.654934,0.289452,0.912204,0.707258,-0.606878,0.362609,0.558827,0.165762,-0.812548,0.433011,0.777317,0.456377
0.654934,0.251403,0.849582,0.707258,-0.694298,0.133177,0.558827,0.433673,-0.706852,0.433011,0.574349,0.694712
0.654934,0.237067,0.777724,0.707258,-0.697976,-0.112319,0.558827,0.649277,-0.515898,0.433011,0.302106,0.849255
0.654934,0.248172,0.705296,0.707258,-0.617468,-0.344267,0.558827,0.786569,-0.26272,0.433011,-0.00657511,0.901365
