0.658953,0.601078,0.967039,0.308961,0.594248,-0.742572,0.951075,-0.193047,0.241225,-3.49349e-06,-0.780771,-0.624818
0.907818,0.445061,1.23721,0.92986,-0.367881,-0.00495637,-0.179072,-0.440774,-0.879575,0.321394,0.818768,-0.475735
0.907818,0.305281,1.21752,0.92986,-0.344,-0.13048,-0.179072,-0.11336,-0.977283,0.321394,0.932102,-0.16701
0.907818,0.180665,1.15121,0.92986,-0.278628,-0.240266,-0.179072,0.227727,-0.957117,0.321394,0.93301,0.16186
0.907818,0.0862432,1.04628,0.92986,-0.179648,-0.321073,-0.179072,0.541347,-0.821509,0.321394,0.821383,0.471207
0.907818,0.033404,0.915385,0.92986,-0.0590009,-0.363153,-0.179072,0.789672,-0.586814,0.321394,0.610685,0.723719
0.907818,0.0285206,0.77431,0.92986,0.068763,-0.361432,-0.179072,0.942751,-0.281341,0.321394,0.32633,0.88894
0.907818,0.0721823,0.640073,0.92986,0.188233,-0.316116,-0.179072,0.982121,0.0580659,0.321394,0.00261455,0.946942
0.907818,0.159123,0.528864,0.92986,0.284999,-0.232673,-0.179072,0.903032,0.390469,0.321394,-0.321416,0.890728
0.907818,0.278855,0.454098,0.92986,0.347391,-0.121165,-0.179072,0.715024,0.675776,0.321394,-0.60668,0.72708
0.907818,0.416939,0.424791,0.92986,0.367881,0.00495637,-0.179072,0.440774,0.879575,0.321394,-0.818768,0.475735
0.907818,0.556719,0.444479,0.92986,0.344,0.13048,-0.179072,0.11336,0.977283,0.321394,-0.932102,0.16701
0.907818,0.681335,0.510788,0.92986,0.278628,0.240266,-0.179072,-0.227727,0.957117,0.321394,-0.93301,-0.16186
0.907818,0.775757,0.615718,0.92986,0.179648,0.321073,-0.179072,-0.541347,0.821509,0.321394,-0.821383,-0.471207
0.907818,0.828596,0.746615,0.92986,0.0590009,0.363153,-0.179072,-0.789672,0.586814,0.321394,-0.610685,-0.723719
0.907818,0.833479,0.88769,0.92986,-0.068763,0.361432,-0.179072,-0.942751,0.281341,0.321394,-0.32633,-0.88894
0.907818,0.789818,1.02193,0.92986,-0.188233,0.316116,-0.179072,-0.982121,-0.0580659,0.321394,-0.00261455,-0.946942
0.907818,0.702877,1.13314,0.92986,-0.284999,0.232673,-0.179072,-0.903032,-0.390469,0.321394,0.321416,-0.890728
0.907818,0.583145,1.2079,0.92986,-0.347391,0.121165,-0.179072,-0.715024,-0.675776,0.321394,0.60668,-0.72708
0.907818,0.445061,1.23721,0.92986,-0.367881,-0.00495637,-0.179072,-0.440774,-0.879575,0.321394,0.818768,-0.475735
0.809114,0.480654,1.19273,0.796489,-0.558077,0.232712,-0.0275851,-0.418006,-0.908025,0.604023,0.716813,-0.348332
0.809114,0.35394,1.1879,0.796489,-0.604013,0.0278041,-0.0275851,-0.0822343,-0.996231,0.604023,0.792721,-0.0821604
0.809114,0.236521,1.14002,0.796489,-0.577096,-0.180457,-0.0275851,0.263456,-0.964277,0.604023,0.773014,0.193921
0.809114,0.142558,1.05487,0.796489,-0.480573,-0.366953,-0.0275851,0.57737,-0.816017,0.604023,0.660071,0.446612
0.809114,0.0833861,0.942714,0.796489,-0.326085,-0.509188,-0.0275851,0.821644,-0.569333,0.604023,0.467513,0.645436
0.809114,0.0661414,0.817086,0.796489,-0.132267,-0.590008,-0.0275851,0.966816,-0.253979,0.604023,0.218567,0.76641
0.809114,0.0929041,0.693136,0.796489,0.077504,-0.599665,-0.0275851,0.995376,0.0920088,0.604023,-0.0567423,0.794944
0.809114,0.160446,0.585814,0.796489,0.277927,-0.536993,-0.0275851,0.903879,0.426899,0.604023,-0.325207,0.727596
0.809114,0.260621,0.508066,0.796489,0.444829,-0.409551,-0.0275851,0.70336,0.710298,0.604023,-0.554448,0.57249
0.809114,0.381346,0.469268,0.796489,0.558077,-0.232712,-0.0275851,0.418006,0.908025,0.604023,-0.716813,0.348332
0.809114,0.50806,0.474101,0.796489,0.604013,-0.0278041,-0.0275851,0.0822343,0.996231,0.604023,-0.792721,0.0821604
0.809114,0.625479,0.52198,0.796489,0.577096,0.180457,-0.0275851,-0.263456,0.964277,0.604023,-0.773014,-0.193921
0.809114,0.719442,0.607132,0.796489,0.480573,0.366953,-0.0275851,-0.57737,0.816017,0.604023,-0.660071,-0.446612
0.809114,0.778614,0.719286,0.796489,0.326085,0.509188,-0.0275851,-0.821644,0.569333,0.604023,-0.467513,-0.645436
0.809114,0.795859,0.844914,0.796489,0.132267,0.590008,-0.0275851,-0.966816,0.253979,0.604023,-0.218567,-0.76641
0.809114,0.769096,0.968864,0.796489,-0.077504,0.599665,-0.0275851,-0.995376,-0.0920088,0.604023,0.0567423,-0.794944
0.809114,0.701554,1.07619,0.796489,-0.277927,0.536993,-0.0275851,-0.903879,-0.426899,0.604023,0.325207,-0.727596
0.809114,0.601379,1.15393,0.796489,-0.444829,0.409551,-0.0275851,-0.70336,-0.710298,0.604023,0.554448,-0.57249
0.809114,0.480654,1.19273,0.796489,-0.558077,0.232712,-0.0275851,-0.418006,-0.908025,0.604023,0.716813,-0.348332
0.735846,0.535194,1.12458,0.567051,-0.708301,0.420432,0.127229,-0.428984,-0.894307,0.813797,0.560609,-0.153139
0.735846,0.4285,1.14251,0.567051,-0.809381,0.152824,0.127229,-0.0972421,-0.987095,0.813797,0.579177,0.0478358
0.735846,0.322108,1.12287,0.567051,-0.812838,-0.133218,0.127229,0.246229,-0.960825,0.813797,0.527887,0.243041
0.735846,0.22885,1.06802,0.567051,-0.718255,-0.403191,0.127229,0.560001,-0.818665,0.813797,0.412927,0.408932
0.735846,0.159974,0.98459,0.567051,-0.53704,-0.624533,0.127229,0.806228,-0.577762,0.813797,0.248161,0.5255
0.735846,0.123788,0.882631,0.567051,-0.291049,-0.770547,0.127229,0.955213,-0.267172,0.813797,0.053464,0.578684
0.735846,0.124656,0.774445,0.567051,-0.00995425,-0.823623,0.127229,0.988985,0.0756425,0.813797,-0.147682,0.562071
0.735846,0.162474,0.67308,0.567051,0.272342,-0.777357,0.127229,0.90347,0.409333,0.813797,-0.331015,0.477664
0.735846,0.23268,0.590762,0.567051,0.521789,-0.63733,0.127229,0.708984,0.693653,0.813797,-0.474423,0.335643
0.735846,0.326806,0.537421,0.567051,0.708301,-0.420432,0.127229,0.428984,0.894307,0.813797,-0.560609,0.153139
0.735846,0.4335,0.51949,0.567051,0.809381,-0.152824,0.127229,0.0972421,0.987095,0.813797,-0.579177,-0.0478358
0.735846,0.539892,0.539131,0.567051,0.812838,0.133218,0.127229,-0.246229,0.960825,0.813797,-0.527887,-0.243041
0.735846,0.63315,0.593976,0.567051,0.718255,0.403191,0.127229,-0.560001,0.818665,0.813797,-0.412927,-0.408932
0.735846,0.702026,0.67741,0.567051,0.53704,0.624533,0.127229,-0.806228,0.577762,0.813797,-0.248161,-0.5255
0.735846,0.738212,0.779369,0.567051,0.291049,0.770547,0.127229,-0.955213,0.267172,0.813797,-0.053464,-0.578684
0.735846,0.737344,0.887555,0.567051,0.00995425,0.823623,0.127229,-0.988985,-0.0756425,0.813797,0.147682,-0.562071
0.735846,0.699526,0.98892,0.567051,-0.272342,0.777357,0.127229,-0.90347,-0.409333,0.813797,0.331015,-0.477664
0.735846,0.62932,1.07124,0.567051,-0.521789,0.63733,0.127229,-0.708984,-0.693653,0.813797,0.474423,-0.335643
0.735846,0.535194,1.12458,0.567051,-0.708301,0.420432,0.127229,-0.428984,-0.894307,0.813797,0.560609,-0.153139
0.696852,0.602101,1.04097,0.269218,-0.800434,0.535562,0.266698,-0.472384,-0.840075,0.925416,0.368996,0.0863
0.696852,0.519968,1.08683,0.269218,-0.935335,0.229499,0.266698,-0.156573,-0.950977,0.925416,0.317227,0.2073
0.696852,0.427104,1.10183,0.269218,-0.957421,-0.104245,0.266698,0.178123,-0.947177,0.925416,0.227195,0.303296
0.696852,0.33471,1.08416,0.269218,-0.864027,-0.425416,0.266698,0.491334,-0.829134,0.925416,0.10976,0.36271
0.696852,0.25393,1.03596,0.269218,-0.666419,-0.695275,0.266698,0.745284,-0.611085,0.925416,-0.0209134,0.378376
0.696852,0.194507,0.963041,0.269218,-0.388432,-0.881273,0.266698,0.909341,-0.31933,0.925416,-0.149064,0.348405
0.696852,0.163609,0.874192,0.269218,-0.063593,-0.960977,0.266698,0.963718,0.010941,0.925416,-0.259236,0.27641
0.696852,0.164962,0.780134,0.269218,0.268916,-0.924774,0.266698,0.901857,0.339892,0.925416,-0.33814,0.171077
0.696852,0.198403,0.692212,0.269218,0.568989,-0.777028,0.266698,0.731218,0.627847,0.925416,-0.376259,0.0451087
0.696852,0.259899,0.621029,0.269218,0.800434,-0.535562,0.266698,0.472384,0.840075,0.925416,-0.368996,-0.0863
0.696852,0.342032,0.575171,0.269218,0.935335,-0.229499,0.266698,0.156573,0.950977,0.925416,-0.317227,-0.2073
0.696852,0.434896,0.560171,0.269218,0.957421,0.104245,0.266698,-0.178123,0.947177,0.925416,-0.227195,-0.303296
0.696852,0.52729,0.577836,0.269218,0.864027,0.425416,0.266698,-0.491334,0.829134,0.925416,-0.10976,-0.36271
0.696852,0.60807,0.626037,0.269218,0.666419,0.695275,0.266698,-0.745284,0.611085,0.925416,0.0209134,-0.378376
0.696852,0.667493,0.698959,0.269218,0.388432,0.881273,0.266698,-0.909341,0.31933,0.925416,0.149064,-0.348405
0.696852,0.698391,0.787808,0.269218,0.063593,0.960977,0.266698,-0.963718,-0.010941,0.925416,0.259236,-0.27641
0.696852,0.697038,0.881866,0.269218,-0.268916,0.924774,0.266698,-0.901857,-0.339892,0.925416,0.33814,-0.171077
0.696852,0.663597,0.969788,0.269218,-0.568989,0.777028,0.266698,-0.731218,-0.627847,0.925416,0.376259,-0.0451087
0.696852,0.602101,1.04097,0.269218,-0.800434,0.535562,0.266698,-0.472384,-0.840075,0.925416,0.368996,0.0863
0.696834,0.673307,0.951993,-0.061087,-0.823365,0.564215,0.373999,-0.542971,-0.751869,0.925415,0.165086,0.341106
0.696834,0.617312,1.02757,-0.061087,-0.966683,0.248582,0.373999,-0.253071,-0.892233,0.925415,0.0384654,0.376997
0.696834,0.538846,1.07944,-0.061087,-0.993405,-0.0970344,0.373999,0.0673527,-0.92498,0.925415,-0.0927951,0.367418
0.696834,0.447371,1.10134,-0.061087,-0.900307,-0.430947,0.373999,0.379653,-0.846161,0.925415,-0.212863,0.313522
0.696834,0.353922,1.09064,-0.061087,-0.69862,-0.712881,0.373999,0.646161,-0.665283,0.925415,-0.307257,0.221811
0.696834,0.269769,1.04862,-0.061087,-0.412668,-0.908831,0.373999,0.834733,-0.404161,0.925415,-0.364591,0.103346
0.696834,0.205064,0.980348,-0.061087,-0.0769426,-0.995162,0.373999,0.922623,-0.0942917,0.925415,-0.37795,-0.0275839
0.696834,0.167609,0.894066,-0.061087,0.268063,-0.961463,0.373999,0.899232,0.226951,0.925415,-0.345722,-0.155187
0.696834,0.161924,0.800178,-0.061087,0.580737,-0.811796,0.373999,0.76738,0.520819,0.925415,-0.271796,-0.264072
0.696834,0.188693,0.710007,-0.061087,0.823365,-0.564215,0.373999,0.542971,0.751869,0.925415,-0.165086,-0.341106
0.696834,0.244688,0.63443,-0.061087,0.966683,-0.248582,0.373999,0.253071,0.892233,0.925415,-0.0384654,-0.376997
0.696834,0.323154,0.582562,-0.061087,0.993405,0.0970344,0.373999,-0.0673527,0.92498,0.925415,0.0927951,-0.367418
0.696834,0.414629,0.56066,-0.061087,0.900307,0.430947,0.373999,-0.379653,0.846161,0.925415,0.212863,-0.313522
0.696834,0.508078,0.571364,-0.061087,0.69862,0.712881,0.373999,-0.646161,0.665283,0.925415,0.307257,-0.221811
0.696834,0.592231,0.613384,-0.061087,0.412668,0.908831,0.373999,-0.834733,0.404161,0.925415,0.364591,-0.103346
0.696834,0.656936,0.681652,-0.061087,0.0769426,0.995162,0.373999,-0.922623,0.0942917,0.925415,0.37795,0.0275839
0.696834,0.694391,0.767934,-0.061087,-0.268063,0.961463,0.373999,-0.899232,-0.226951,0.925415,0.345722,0.155187
0.696834,0.700076,0.861822,-0.061087,-0.580737,0.811796,0.373999,-0.76738,-0.520819,0.925415,0.271796,0.264072
0.696834,0.673307,0.951993,-0.061087,-0.823365,0.564215,0.373999,-0.542971,-0.751869,0.925415,0.165086,0.341106
0.735794,0.740223,0.868375,-0.384024,-0.774326,0.502937,0.43619,-0.632231,-0.64033,0.813796,-0.0265261,0.580545
0.735794,0.708791,0.971881,-0.384024,-0.899643,0.207771,0.43619,-0.375097,-0.817949,0.813796,-0.223484,0.536461
0.735794,0.643854,1.0584,-0.384024,-0.916449,-0.112455,0.43619,-0.0727208,-0.896911,0.813796,-0.393487,0.427672
0.735794,0.553244,1.11748,-0.384024,-0.822719,-0.419118,0.43619,0.238427,-0.867693,0.813796,-0.51603,0.2673
0.735794,0.447889,1.14201,-0.384024,-0.629756,-0.675228,0.43619,0.520816,-0.733818,0.813796,-0.576331,0.0746874
0.735794,0.340497,1.12903,-0.384024,-0.360836,-0.849896,0.43619,0.740388,-0.511434,0.813796,-0.567119,-0.126934
0.735794,0.244021,1.08011,-0.384024,-0.048393,-0.922054,0.43619,0.870657,-0.227363,0.813796,-0.489504,-0.313245
0.735794,0.170098,1.00113,-0.384024,0.269887,-0.882999,0.43619,0.895913,0.084131,0.813796,-0.352847,-0.461774
0.735794,0.127643,0.901639,-0.384024,0.555614,-0.737441,0.43619,0.813108,0.385478,0.813796,-0.173632,-0.554606
0.735794,0.121777,0.793625,-0.384024,0.774326,-0.502937,0.43619,0.632231,0.64033,0.813796,0.0265261,-0.580545
0.735794,0.153209,0.690119,-0.384024,0.899643,-0.207771,0.43619,0.375097,0.817949,0.813796,0.223484,-0.536461
0.735794,0.218146,0.603605,-0.384024,0.916449,0.112455,0.43619,0.0727208,0.896911,0.813796,0.393487,-0.427672
0.735794,0.308756,0.544518,-0.384024,0.822719,0.419118,0.43619,-0.238427,0.867693,0.813796,0.51603,-0.2673
0.735794,0.414111,0.519985,-0.384024,0.629756,0.675228,0.43619,-0.520816,0.733818,0.813796,0.576331,-0.0746874
0.735794,0.521503,0.532965,-0.384024,0.360836,0.849896,0.43619,-0.740388,0.511434,0.813796,0.567119,0.126934
0.735794,0.617979,0.581893,-0.384024,0.048393,0.922054,0.43619,-0.870657,0.227363,0.813796,0.489504,0.313245
0.735794,0.691902,0.660867,-0.384024,-0.269887,0.882999,0.43619,-0.895913,-0.084131,0.813796,0.352847,0.461774
0.735794,0.734357,0.760361,-0.384024,-0.555614,0.737441,0.43619,-0.813108,-0.385478,0.813796,0.173632,0.554606
0.735794,0.740223,0.868375,-0.384024,-0.774326,0.502937,0.43619,-0.632231,-0.64033,0.813796,-0.0265261,0.580545
0.809034,0.794777,0.800204,-0.660642,-0.659233,0.359116,0.44577,-0.729398,-0.51891,0.604021,-0.18273,0.775737
0.809034,0.783371,0.92648,-0.660642,-0.742301,0.111988,0.44577,-0.507933,-0.737084,0.604021,-0.437028,0.666457
0.809034,0.729464,1.04124,-0.660642,-0.735837,-0.148648,0.44577,-0.225203,-0.866356,0.604021,-0.638614,0.476793
0.809034,0.639558,1.13064,-0.660642,-0.64062,-0.391354,0.44577,0.0846898,-0.891132,0.604021,-0.763173,0.22962
0.809034,0.524497,1.1839,-0.660642,-0.468135,-0.586858,0.44577,0.384368,-0.808425,0.604021,-0.795683,-0.0452486
0.809034,0.398159,1.1946,-0.660642,-0.239186,-0.711577,0.44577,0.637685,-0.628209,0.604021,-0.732221,-0.314659
0.809034,0.275782,1.16144,-0.660642,0.0186125,-0.750471,0.44577,0.814088,-0.372223,0.604021,-0.580443,-0.546117
0.809034,0.172126,1.08842,-0.660642,0.274166,-0.698846,0.44577,0.8923,-0.0713403,0.604021,-0.358655,-0.711706
0.809034,0.0996946,0.984357,-0.660642,0.496651,-0.56293,0.44577,0.862888,0.238147,0.604021,-0.0936077,-0.791452
0.809034,0.0672234,0.861796,-0.660642,0.659233,-0.359116,0.44577,0.729398,0.51891,0.604021,0.18273,-0.775737
0.809034,0.0786291,0.73552,-0.660642,0.742301,-0.111988,0.44577,0.507933,0.737084,0.604021,0.437028,-0.666457
0.809034,0.132536,0.62076,-0.660642,0.735837,0.148648,0.44577,0.225203,0.866356,0.604021,0.638614,-0.476793
0.809034,0.222442,0.531358,-0.660642,0.64062,0.391354,0.44577,-0.0846898,0.891132,0.604021,0.763173,-0.22962
0.809034,0.337503,0.478098,-0.660642,0.468135,0.586858,0.44577,-0.384368,0.808425,0.604021,0.795683,0.0452486
0.809034,0.463841,0.467402,-0.660642,0.239186,0.711577,0.44577,-0.637685,0.628209,0.604021,0.732221,0.314659
0.809034,0.586218,0.500562,-0.660642,-0.0186125,0.750471,0.44577,-0.814088,0.372223,0.604021,0.580443,0.546117
0.809034,0.689874,0.573578,-0.660642,-0.274166,0.698846,0.44577,-0.8923,0.0713403,0.604021,0.358655,0.711706
0.809034,0.762305,0.677643,-0.660642,-0.496651,0.56293,0.44577,-0.862888,-0.238147,0.604021,0.0936077,0.791452
0.809034,0.794777,0.800204,-0.660642,-0.659233,0.359116,0.44577,-0.729398,-0.51891,0.604021,-0.18273,0.775737
0.90772,0.830389,0.755703,-0.857576,-0.491968,0.150102,0.401584,-0.822753,-0.402254,0.321392,-0.284685,0.90314
0.90772,0.832056,0.896843,-0.857576,-0.513636,-0.0272133,0.401584,-0.635556,-0.659393,0.321392,-0.576408,0.751306
0.90772,0.78535,1.03004,-0.857576,-0.473353,-0.201246,0.401584,-0.371702,-0.837,0.321392,-0.798608,0.508853
0.90772,0.695904,1.13923,-0.857576,-0.375976,-0.351006,0.401584,-0.0630147,-0.913652,0.321392,-0.924484,0.205026
0.90772,0.574507,1.21125,-0.857576,-0.233251,-0.458429,0.401584,0.253273,-0.880104,0.321392,-0.938854,-0.123531
0.90772,0.4358,1.2374,-0.857576,-0.0623921,-0.510558,0.401584,0.539012,-0.740403,0.321392,-0.839984,-0.437188
0.90772,0.296515,1.21453,-0.857576,0.115992,-0.501107,0.401584,0.759738,-0.511398,0.321392,-0.6398,-0.698114
0.90772,0.17345,1.1454,-0.857576,0.280385,-0.431215,0.401584,0.888829,-0.220711,0.321392,-0.362446,-0.874837
0.90772,0.0814501,1.03836,-0.857576,0.41096,-0.309312,0.401584,0.910714,0.0965966,0.321392,-0.0413759,-0.946042
0.90772,0.0316107,0.906297,-0.857576,0.491968,-0.150102,0.401584,0.822753,0.402254,0.321392,0.284685,-0.90314
0.90772,0.0299437,0.765157,-0.857576,0.513636,0.0272133,0.401584,0.635556,0.659393,0.321392,0.576408,-0.751306
0.90772,0.0766499,0.631959,-0.857576,0.473353,0.201246,0.401584,0.371702,0.837,0.321392,0.798608,-0.508853
0.90772,0.166096,0.522767,-0.857576,0.375976,0.351006,0.401584,0.0630147,0.913652,0.321392,0.924484,-0.205026
0.90772,0.287493,0.450754,-0.857576,0.233251,0.458429,0.401584,-0.253273,0.880104,0.321392,0.938854,0.123531
0.90772,0.4262,0.424603,-0.857576,0.0623921,0.510558,0.401584,-0.539012,0.740403,0.321392,0.839984,0.437188
0.90772,0.565485,0.44747,-0.857576,-0.115992,0.501107,0.401584,-0.759738,0.511398,0.321392,0.6398,0.698114
0.90772,0.68855,0.516596,-0.857576,-0.280385,0.431215,0.401584,-0.888829,0.220711,0.321392,0.362446,0.874837
0.90772,0.78055,0.623645,-0.857576,-0.41096,0.309312,0.401584,-0.910714,-0.0965966,0.321392,0.0413759,0.946042
0.90772,0.830389,0.755703,-0.857576,-0.491968,0.150102,0.401584,-0.822753,-0.402254,0.321392,-0.284685,0.90314
0.883612,0.303413,1.20903,0.961642,-0.271433,-0.0396126,-0.0812368,-0.143876,-0.986256,0.262003,0.951643,-0.160407
0.883612,0.181813,1.1426,0.961642,-0.241515,-0.130059,-0.0812368,0.202121,-0.975986,0.262003,0.949114,0.174748
0.883612,0.0902686,1.03858,0.961642,-0.182467,-0.204819,-0.0812368,0.523738,-0.847997,0.262003,0.832108,0.488825
0.883612,0.0398213,0.909523,0.961642,-0.101411,-0.254874,-0.0812368,0.782185,-0.617728,0.262003,0.614738,0.743943
0.883612,0.0365559,0.770996,0.961642,-0.00812306,-0.274188,-0.0812368,0.946289,-0.312951,0.262003,0.323221,0.909331
0.883612,0.0808663,0.639707,0.961642,0.0861446,-0.260431,-0.0812368,0.996256,0.0295717,0.262003,-0.00728089,0.96504
0.883612,0.167408,0.531491,0.961642,0.170022,-0.215261,-0.0812368,0.92606,0.368528,0.262003,-0.336905,0.90435
0.883612,0.285743,0.459399,0.961642,0.233392,-0.144129,-0.0812368,0.744168,0.663034,0.262003,-0.625893,0.734583
0.883612,0.421598,0.432129,0.961642,0.268612,-0.0556119,-0.0812368,0.472518,0.877569,0.262003,-0.839389,0.476214
0.883612,0.558587,0.452968,0.961642,0.271433,0.0396126,-0.0812368,0.143876,0.986256,0.262003,-0.951643,0.160407
0.883612,0.680187,0.519403,0.961642,0.241515,0.130059,-0.0812368,-0.202121,0.975986,0.262003,-0.949114,-0.174748
0.883612,0.771731,0.623422,0.961642,0.182467,0.204819,-0.0812368,-0.523738,0.847997,0.262003,-0.832108,-0.488825
0.883612,0.822179,0.752477,0.961642,0.101411,0.254874,-0.0812368,-0.782185,0.617728,0.262003,-0.614738,-0.743943
0.883612,0.825444,0.891004,0.961642,0.00812306,0.274188,-0.0812368,-0.946289,0.312951,0.262003,-0.323221,-0.909331
0.883612,0.781134,1.02229,0.961642,-0.0861446,0.260431,-0.0812368,-0.996256,-0.0295717,0.262003,0.00728089,-0.96504
0.883612,0.694592,1.13051,0.961642,-0.170022,0.215261,-0.0812368,-0.92606,-0.368528,0.262003,0.336905,-0.90435
0.883612,0.576257,1.2026,0.961642,-0.233392,0.144129,-0.0812368,-0.744168,-0.663034,0.262003,0.625893,-0.734583
0.883612,0.440402,1.22987,0.961642,-0.268612,0.0556119,-0.0812368,-0.472518,-0.877569,0.262003,0.839389,-0.476214
0.883612,0.303413,1.20903,0.961642,-0.271433,-0.0396126,-0.0812368,-0.143876,-0.986256,0.262003,0.951643,-0.160407
0.763622,0.346685,1.15496,0.856221,-0.471711,0.210654,0.156285,-0.152144,-0.975924,0.492403,0.868528,-0.0565472
0.763622,0.240969,1.10659,0.856221,-0.515311,0.0366159,0.156285,0.190817,-0.969105,0.492403,0.83549,0.243917
0.763622,0.158174,1.02497,0.856221,-0.496757,-0.141839,0.156285,0.510763,-0.845397,0.492403,0.701679,0.514962
0.763622,0.108285,0.919961,0.856221,-0.418287,-0.303186,0.156285,0.769103,-0.619722,0.492403,0.483235,0.723894
0.763622,0.0973209,0.804221,0.856221,-0.289366,-0.427964,0.156285,0.934678,-0.3193,0.492403,0.206506,0.845514
0.763622,0.126603,0.691711,0.856221,-0.125542,-0.501124,0.156285,0.987517,0.0196349,0.492403,-0.0951302,0.865153
0.763622,0.1926,0.596001,0.856221,0.0534232,-0.513841,0.156285,0.921247,0.356201,0.492403,-0.385293,0.780441
0.763622,0.287352,0.528636,0.856221,0.225945,-0.46458,0.156285,0.743861,0.649805,0.492403,-0.628983,0.601597
0.763622,0.399429,0.49774,0.856221,0.371215,-0.359285,0.156285,0.476754,0.865032,0.492403,-0.796809,0.350191
0.763622,0.515315,0.50704,0.856221,0.471711,-0.210654,0.156285,0.152144,0.975924,0.492403,-0.868528,0.0565472
0.763622,0.621031,0.555415,0.856221,0.515311,-0.0366159,0.156285,-0.190817,0.969105,0.492403,-0.83549,-0.243917
0.763622,0.703826,0.637029,0.856221,0.496757,0.141839,0.156285,-0.510763,0.845397,0.492403,-0.701679,-0.514962
0.763622,0.753715,0.742039,0.856221,0.418287,0.303186,0.156285,-0.769103,0.619722,0.492403,-0.483235,-0.723894
0.763622,0.764679,0.857779,0.856221,0.289366,0.427964,0.156285,-0.934678,0.3193,0.492403,-0.206506,-0.845514
0.763622,0.735397,0.970289,0.856221,0.125542,0.501124,0.156285,-0.987517,-0.0196349,0.492403,0.0951302,-0.865153
0.763622,0.6694,1.066,0.856221,-0.0534232,0.513841,0.156285,-0.921247,-0.356201,0.492403,0.385293,-0.780441
0.763622,0.574648,1.13336,0.856221,-0.225945,0.46458,0.156285,-0.743861,-0.649805,0.492403,0.628983,-0.601597
0.763622,0.462571,1.16426,0.856221,-0.371215,0.359285,0.156285,-0.476754,-0.865032,0.492403,0.796809,-0.350191
0.763622,0.346685,1.15496,0.856221,-0.471711,0.210654,0.156285,-0.152144,-0.975924,0.492403,0.868528,-0.0565472
0.674556,0.412989,1.07211,0.647527,-0.637382,0.417677,0.374957,-0.210672,-0.902787,0.663413,0.74119,0.102575
0.674556,0.331612,1.05141,0.647527,-0.741797,0.174491,0.374957,0.110804,-0.920396,0.663413,0.661408,0.349891
0.674556,0.262223,1.00412,0.647527,-0.75674,-0.0897419,0.374957,0.418916,-0.826992,0.663413,0.50185,0.555005
0.674556,0.21319,0.935955,0.647527,-0.68041,-0.34315,0.374957,0.6765,-0.633841,0.663413,0.281762,0.693177
0.674556,0.190429,0.85513,0.647527,-0.522012,-0.555169,0.374957,0.852489,-0.364239,0.663413,0.0276894,0.747741
0.674556,0.196684,0.771395,0.647527,-0.300651,-0.700227,0.374957,0.925654,-0.0507041,0.663413,-0.229723,0.712117
0.674556,0.231201,0.694849,0.647527,-0.0430281,-0.760827,0.374957,0.887172,0.268946,0.663413,-0.459428,0.590601
0.674556,0.289817,0.634725,0.647527,0.219785,-0.72966,0.374957,0.741684,0.556158,0.663413,-0.633718,0.39785
0.674556,0.365462,0.598274,0.647527,0.456089,-0.610485,0.374957,0.506738,0.776288,0.663413,-0.731573,0.157113
0.674556,0.449011,0.589894,0.647527,0.637382,-0.417677,0.374957,0.210672,0.902787,0.663413,-0.74119,-0.102575
0.674556,0.530388,0.610594,0.647527,0.741797,-0.174491,0.374957,-0.110804,0.920396,0.663413,-0.661408,-0.349891
0.674556,0.599777,0.657879,0.647527,0.75674,0.0897419,0.374957,-0.418916,0.826992,0.663413,-0.50185,-0.555005
0.674556,0.64881,0.726045,0.647527,0.68041,0.34315,0.374957,-0.6765,0.633841,0.663413,-0.281762,-0.693177
0.674556,0.671571,0.80687,0.647527,0.522012,0.555169,0.374957,-0.852489,0.364239,0.663413,-0.0276894,-0.747741
0.674556,0.665316,0.890605,0.647527,0.300651,0.700227,0.374957,-0.925654,0.0507041,0.663413,0.229723,-0.712117
0.674556,0.630799,0.967151,0.647527,0.0430281,0.760827,0.374957,-0.887172,-0.268946,0.663413,0.459428,-0.590601
0.674556,0.572183,1.02728,0.647527,-0.219785,0.72966,0.374957,-0.741684,-0.556158,0.663413,0.633718,-0.39785
0.674556,0.496538,1.06373,0.647527,-0.456089,0.610485,0.374957,-0.506738,-0.776288,0.663413,0.731573,-0.157113
0.674556,0.412989,1.07211,0.647527,-0.637382,0.417677,0.374957,-0.210672,-0.902787,0.663413,0.74119,0.102575
0.627155,0.494328,0.970465,0.360731,-0.748463,0.556485,0.548404,-0.312401,-0.775667,0.754404,0.584986,0.297768
0.627155,0.442809,0.983714,0.360731,-0.893655,0.266935,0.548404,-0.0282668,-0.835736,0.754404,0.447864,0.479887
0.627155,0.389866,0.978543,0.360731,-0.931058,-0.0548109,0.548404,0.259276,-0.795003,0.754404,0.256724,0.604125
0.627155,0.341884,0.955576,0.360731,-0.856162,-0.369946,0.548404,0.515547,-0.65838,0.754404,0.0346187,0.655496
0.627155,0.30465,0.917584,0.360731,-0.678,-0.64046,0.548404,0.709635,-0.442348,0.754404,-0.191662,0.627805
0.627155,0.282657,0.869148,0.360731,-0.418061,-0.833725,0.548404,0.818131,-0.172961,0.754404,-0.394825,0.524392
0.627155,0.278556,0.816111,0.360731,-0.107698,-0.926431,0.548404,0.827948,0.117287,0.754404,-0.550367,0.357729
0.627155,0.292841,0.76487,0.360731,0.215655,-0.907395,0.548404,0.737902,0.393388,0.754404,-0.639526,0.147918
0.627155,0.323791,0.721605,0.360731,0.512997,-0.778914,0.548404,0.558854,0.622041,0.754404,-0.651549,-0.079733
0.627155,0.367672,0.691535,0.360731,0.748463,-0.556485,0.548404,0.312401,0.775667,0.754404,-0.584986,-0.297768
0.627155,0.419191,0.678286,0.360731,0.893655,-0.266935,0.548404,0.0282668,0.835736,0.754404,-0.447864,-0.479887
0.627155,0.472134,0.683457,0.360731,0.931058,0.0548109,0.548404,-0.259276,0.795003,0.754404,-0.256724,-0.604125
0.627155,0.520116,0.706424,0.360731,0.856162,0.369946,0.548404,-0.515547,0.65838,0.754404,-0.0346187,-0.655496
0.627155,0.55735,0.744416,0.360731,0.678,0.64046,0.548404,-0.709635,0.442348,0.754404,0.191662,-0.627805
0.627155,0.579343,0.792852,0.360731,0.418061,0.833725,0.548404,-0.818131,0.172961,0.754404,0.394825,-0.524392
0.627155,0.583444,0.845889,0.360731,0.107698,0.926431,0.548404,-0.827948,-0.117287,0.754404,0.550367,-0.357729
0.627155,0.569159,0.89713,0.360731,-0.215655,0.907395,0.548404,-0.737902,-0.393388,0.754404,0.639526,-0.147918
0.627155,0.538209,0.940395,0.360731,-0.512997,0.778914,0.548404,-0.558854,-0.622041,0.754404,0.651549,0.079733
0.627155,0.494328,0.970465,0.360731,-0.748463,0.556485,0.548404,-0.312401,-0.775667,0.754404,0.584986,0.297768
0.627137,0.580891,0.862296,0.0304265,-0.791558,0.610336,0.655705,-0.44506,-0.609896,0.754404,0.418757,0.505487
0.627137,0.561148,0.911674,0.0304265,-0.952569,0.302799,0.655705,-0.209623,-0.725334,0.754404,0.220616,0.618226
0.627137,0.525707,0.951322,0.0304265,-0.998685,-0.0412593,0.655705,0.0510981,-0.753286,0.754404,-0.00413401,0.656397
0.627137,0.478843,0.976457,0.0304265,-0.924346,-0.380341,0.655705,0.305656,-0.690381,0.754404,-0.228386,0.615398
0.627137,0.426208,0.984048,0.0304265,-0.738516,-0.673549,0.655705,0.523347,-0.544206,0.754404,-0.425091,0.500172
0.627137,0.374151,0.973179,0.0304265,-0.463611,-0.885516,0.655705,0.677914,-0.332391,0.754404,-0.570524,0.324618
0.627137,0.328951,0.945162,0.0304265,-0.132787,-0.990677,0.655705,0.750715,-0.080485,0.754404,-0.647143,0.109911
0.627137,0.29606,0.903374,0.0304265,0.214052,-0.976348,0.655705,0.732969,0.181129,0.754404,-0.645707,-0.118053
0.627137,0.279445,0.852857,0.0304265,0.535074,-0.844257,0.655705,0.626816,0.420895,0.754404,-0.56639,-0.331779
0.627137,0.281109,0.799704,0.0304265,0.791558,-0.610336,0.655705,0.44506,0.609896,0.754404,-0.418757,-0.505487
0.627137,0.300852,0.750326,0.0304265,0.952569,-0.302799,0.655705,0.209623,0.725334,0.754404,-0.220616,-0.618226
0.627137,0.336293,0.710678,0.0304265,0.998685,0.0412593,0.655705,-0.0510981,0.753286,0.754404,0.00413401,-0.656397
0.627137,0.383157,0.685543,0.0304265,0.924346,0.380341,0.655705,-0.305656,0.690381,0.754404,0.228386,-0.615398
0.627137,0.435792,0.677952,0.0304265,0.738516,0.673549,0.655705,-0.523347,0.544206,0.754404,0.425091,-0.500172
0.627137,0.487849,0.688821,0.0304265,0.463611,0.885516,0.655705,-0.677914,0.332391,0.754404,0.570524,-0.324618
0.627137,0.533049,0.716838,0.0304265,0.132787,0.990677,0.655705,-0.750715,0.080485,0.754404,0.647143,-0.109911
0.627137,0.56594,0.758626,0.0304265,-0.214052,0.976348,0.655705,-0.732969,-0.181129,0.754404,0.645707,0.118053
0.627137,0.582555,0.809143,0.0304265,-0.535074,0.844257,0.655705,-0.626816,-0.420895,0.754404,0.56639,0.331779
0.627137,0.580891,0.862296,0.0304265,-0.791558,0.610336,0.655705,-0.44506,-0.609896,0.754404,0.418757,0.505487
0.674504,0.662238,0.760645,-0.303548,-0.761468,0.572735,0.683918,-0.592649,-0.425469,0.663411,0.262553,0.700679
0.674504,0.672355,0.843976,-0.303548,-0.911433,0.277758,0.683918,-0.411389,-0.602508,0.663411,0.00707328,0.748221
0.674504,0.653362,0.925742,-0.303548,-0.951465,-0.0507215,0.683918,-0.180509,-0.706875,0.663411,-0.24926,0.705517
0.674504,0.607548,0.99608,-0.303548,-0.876737,-0.373083,0.683918,0.0721424,-0.725983,0.663411,-0.475529,0.577717
0.674504,0.54044,1.04651,-0.303548,-0.696261,-0.650445,0.683918,0.316093,-0.657527,0.663411,-0.644442,0.380236
0.674504,0.460132,1.07094,-0.303548,-0.431806,-0.849354,0.683918,0.521917,-0.509763,0.663411,-0.735626,0.136893
0.674504,0.37631,1.06644,-0.303548,-0.115269,-0.945818,0.683918,0.664791,-0.300515,0.663411,-0.738082,-0.122961
0.674504,0.299085,1.03353,-0.303548,0.215171,-0.928202,0.683918,0.727481,-0.0550193,0.663411,-0.651515,-0.367985
0.674504,0.23777,0.9762,-0.303548,0.519659,-0.798632,0.683918,0.702427,0.197112,0.663411,-0.486366,-0.568624
0.674504,0.199762,0.901355,-0.303548,0.761468,-0.572735,0.683918,0.592649,0.425469,0.663411,-0.262553,-0.700679
0.674504,0.189645,0.818024,-0.303548,0.911433,-0.277758,0.683918,0.411389,0.602508,0.663411,-0.00707328,-0.748221
0.674504,0.208638,0.736258,-0.303548,0.951465,0.0507215,0.683918,0.180509,0.706875,0.663411,0.24926,-0.705517
0.674504,0.254452,0.66592,-0.303548,0.876737,0.373083,0.683918,-0.0721424,0.725983,0.663411,0.475529,-0.577717
0.674504,0.32156,0.615492,-0.303548,0.696261,0.650445,0.683918,-0.316093,0.657527,0.663411,0.644442,-0.380236
0.674504,0.401868,0.591058,-0.303548,0.431806,0.849354,0.683918,-0.521917,0.509763,0.663411,0.735626,-0.136893
0.674504,0.48569,0.595565,-0.303548,0.115269,0.945818,0.683918,-0.664791,0.300515,0.663411,0.738082,0.122961
0.674504,0.562915,0.628468,-0.303548,-0.215171,0.928202,0.683918,-0.727481,0.0550193,0.663411,0.651515,0.367985
0.674504,0.62423,0.6858,-0.303548,-0.519659,0.798632,0.683918,-0.702427,-0.197112,0.663411,0.486366,0.568624
0.674504,0.662238,0.760645,-0.303548,-0.761468,0.572735,0.683918,-0.592649,-0.425469,0.663411,0.262553,0.700679
0.763543,0.728556,0.677774,-0.60091,-0.661822,0.448217,0.629641,-0.737366,-0.24463,0.492402,0.135215,0.859801
0.763543,0.763018,0.788784,-0.60091,-0.775208,0.19483,0.629641,-0.609229,-0.482071,0.492402,-0.167009,0.854195
0.763543,0.757433,0.904887,-0.60091,-0.795093,-0.0820564,0.629641,-0.40761,-0.661367,0.492402,-0.449089,0.74556
0.763543,0.712476,1.01208,-0.60091,-0.719078,-0.349046,0.629641,-0.156828,-0.760893,0.492402,-0.677002,0.547
0.763543,0.633569,1.09743,-0.60091,-0.556332,-0.573935,0.629641,0.112871,-0.768644,0.492402,-0.823259,0.282464
0.763543,0.530228,1.15064,-0.60091,-0.326484,-0.729599,0.629641,0.368956,-0.683684,0.492402,-0.870218,-0.0161419
0.763543,0.41492,1.1653,-0.60091,-0.0572567,-0.797263,0.629641,0.580539,-0.516263,0.492402,-0.812217,-0.312801
0.763543,0.301551,1.13964,-0.60091,0.218876,-0.768765,0.629641,0.7221,-0.286573,0.492402,-0.65625,-0.571731
0.763543,0.203795,1.07676,-0.60091,0.46861,-0.647543,0.629641,0.776566,-0.0223173,0.492402,-0.42113,-0.761702
0.763543,0.133444,0.984226,-0.60091,0.661822,-0.448217,0.629641,0.737366,0.24463,0.492402,-0.135215,-0.859801
0.763543,0.0989821,0.873216,-0.60091,0.775208,-0.19483,0.629641,0.609229,0.482071,0.492402,0.167009,-0.854195
0.763543,0.104567,0.757113,-0.60091,0.795093,0.0820564,0.629641,0.40761,0.661367,0.492402,0.449089,-0.74556
0.763543,0.149524,0.649922,-0.60091,0.719078,0.349046,0.629641,0.156828,0.760893,0.492402,0.677002,-0.547
0.763543,0.228431,0.564572,-0.60091,0.556332,0.573935,0.629641,-0.112871,0.768644,0.492402,0.823259,-0.282464
0.763543,0.331772,0.511357,-0.60091,0.326484,0.729599,0.629641,-0.368956,0.683684,0.492402,0.870218,0.0161419
0.763543,0.44708,0.496696,-0.60091,0.0572567,0.797263,0.629641,-0.580539,0.516263,0.492402,0.812217,0.312801
0.763543,0.560449,0.522356,-0.60091,-0.218876,0.768765,0.629641,-0.7221,0.286573,0.492402,0.65625,0.571731
0.763543,0.658205,0.585244,-0.60091,-0.46861,0.647543,0.629641,-0.776566,0.0223173,0.492402,0.42113,0.761702
0.763543,0.728556,0.677774,-0.60091,-0.661822,0.448217,0.629641,-0.737366,-0.24463,0.492402,0.135215,0.859801
0.883514,0.771848,0.623677,-0.825794,-0.504639,0.251801,0.499419,-0.861757,-0.0891909,0.262001,0.0521011,0.96366
0.883514,0.822201,0.752757,-0.825794,-0.560326,0.0640193,0.499419,-0.779282,-0.37855,0.262001,-0.280632,0.923364
0.883514,0.825369,0.891274,-0.825794,-0.54843,-0.131484,0.499419,-0.602813,-0.622251,0.262001,-0.579517,0.771697
0.883514,0.780971,1.02252,-0.825794,-0.470386,-0.311129,0.499419,-0.353637,-0.790899,0.262001,-0.808504,0.526951
0.883514,0.694361,1.13067,-0.825794,-0.335605,-0.453247,0.499419,-0.0618066,-0.864153,0.262001,-0.939973,0.218647
0.883514,0.575986,1.20267,-0.825794,-0.160346,-0.540697,0.499419,0.237478,-0.833177,0.262001,-0.958067,-0.116028
0.883514,0.440123,1.22984,-0.825794,0.0342529,-0.562931,0.499419,0.50812,-0.701708,0.262001,-0.860605,-0.436709
0.883514,0.30316,1.20891,-0.825794,0.224721,-0.517266,0.499419,0.717475,-0.485603,0.262001,-0.659341,-0.704717
0.883514,0.181617,1.1424,-0.825794,0.388084,-0.409212,0.499419,0.840292,-0.210926,0.262001,-0.37855,-0.887725
0.883514,0.0901525,1.03832,-0.825794,0.504639,-0.251801,0.499419,0.861757,0.0891909,0.262001,-0.0521011,-0.96366
0.883514,0.0397994,0.909243,-0.825794,0.560326,-0.0640193,0.499419,0.779282,0.37855,0.262001,0.280632,-0.923364
0.883514,0.0366308,0.770726,-0.825794,0.54843,0.131484,0.499419,0.602813,0.622251,0.262001,0.579517,-0.771697
0.883514,0.0810291,0.639479,-0.825794,0.470386,0.311129,0.499419,0.353637,0.790899,0.262001,0.808504,-0.526951
0.883514,0.167639,0.531332,-0.825794,0.335605,0.453247,0.499419,0.0618066,0.864153,0.262001,0.939973,-0.218647
0.883514,0.286014,0.459329,-0.825794,0.160346,0.540697,0.499419,-0.237478,0.833177,0.262001,0.958067,0.116028
0.883514,0.421877,0.432156,-0.825794,-0.0342529,0.562931,0.499419,-0.50812,0.701708,0.262001,0.860605,0.436709
0.883514,0.55884,0.453089,-0.825794,-0.224721,0.517266,0.499419,-0.717475,0.485603,0.262001,0.659341,0.704717
0.883514,0.680383,0.519603,-0.825794,-0.388084,0.409212,0.499419,-0.840292,0.210926,0.262001,0.37855,0.887725
0.883514,0.771848,0.623677,-0.825794,-0.504639,0.251801,0.499419,-0.861757,-0.0891909,0.262001,0.0521011,0.96366
0.875863,0.177153,1.13526,0.985232,-0.16676,-0.0388578,-0.00862081,0.17834,-0.983931,0.17101,0.969735,0.174268
0.875863,0.0883988,1.03009,0.985232,-0.143413,-0.0935496,-0.00862081,0.504109,-0.863597,0.17101,0.85165,0.495428
0.875863,0.0409671,0.900908,0.985232,-0.102768,-0.136958,-0.00862081,0.769075,-0.6391,0.17101,0.630843,0.756831
0.875863,0.0405791,0.763293,0.985232,-0.0497281,-0.163847,-0.00862081,0.941279,-0.337519,0.17101,0.333947,0.926949
0.875863,0.0872817,0.633844,0.985232,0.00930994,-0.170974,-0.00862081,0.999951,0.00477264,0.17101,-0.00322822,0.985264
0.875863,0.175442,0.528175,0.985232,0.067225,-0.157479,-0.00862081,0.938015,0.346488,0.17101,-0.340014,0.924741
0.875863,0.294426,0.459032,0.985232,0.117032,-0.124989,-0.00862081,0.762939,0.646412,0.17101,-0.635788,0.752681
0.875863,0.429883,0.434753,0.985232,0.152723,-0.0774243,-0.00862081,0.495843,0.86837,0.17101,-0.854878,0.489836
0.875863,0.565475,0.458268,0.985232,0.169993,-0.0205208,-0.00862081,0.16894,0.985589,0.17101,-0.970856,0.16791
0.875863,0.684847,0.526739,0.985232,0.16676,0.0388578,-0.00862081,-0.17834,0.983931,0.17101,-0.969735,-0.174268
0.875863,0.773601,0.631909,0.985232,0.143413,0.0935496,-0.00862081,-0.504109,0.863597,0.17101,-0.85165,-0.495428
0.875863,0.821033,0.761092,0.985232,0.102768,0.136958,-0.00862081,-0.769075,0.6391,0.17101,-0.630843,-0.756831
0.875863,0.821421,0.898707,0.985232,0.0497281,0.163847,-0.00862081,-0.941279,0.337519,0.17101,-0.333947,-0.926949
0.875863,0.774718,1.02816,0.985232,-0.00930994,0.170974,-0.00862081,-0.999951,-0.00477264,0.17101,0.00322822,-0.985264
0.875863,0.686558,1.13382,0.985232,-0.067225,0.157479,-0.00862081,-0.938015,-0.346488,0.17101,0.340014,-0.924741
0.875863,0.567574,1.20297,0.985232,-0.117032,0.124989,-0.00862081,-0.762939,-0.646412,0.17101,0.635788,-0.752681
0.875863,0.432117,1.22725,0.985232,-0.152723,0.0774243,-0.00862081,-0.495843,-0.86837,0.17101,0.854878,-0.489836
0.875863,0.296525,1.20373,0.985232,-0.169993,0.0205208,-0.00862081,-0.16894,-0.985589,0.17101,0.970856,-0.16791
0.875863,0.177153,1.13526,0.985232,-0.16676,-0.0388578,-0.00862081,0.17834,-0.983931,0.17101,0.969735,0.174268
0.749059,0.222883,1.07812,0.900555,-0.374521,0.22076,0.292759,0.147036,-0.944814,0.321393,0.915486,0.242058
0.749059,0.150915,0.992033,0.900555,-0.427439,0.0793532,0.292759,0.461314,-0.837545,0.321393,0.777487,0.540575
0.749059,0.11273,0.886527,0.900555,-0.428802,-0.0716251,0.292759,0.71995,-0.629256,0.321393,0.545711,0.77389
0.749059,0.112933,0.774324,0.900555,-0.378445,-0.213964,0.292759,0.89175,-0.34507,0.321393,0.248115,0.913863
0.749059,0.151499,0.668956,0.900555,-0.282441,-0.330496,0.292759,0.955992,-0.0192632,0.321393,-0.0794082,0.943611
0.749059,0.223777,0.583134,0.900555,-0.152372,-0.407166,0.292759,0.904927,0.308867,0.321393,-0.397353,0.859545
0.749059,0.321049,0.527207,0.900555,-0.00392364,-0.434725,0.292759,0.744715,0.599744,0.321393,-0.667371,0.671805
0.749059,0.431583,0.507923,0.900555,0.144998,-0.40985,0.292759,0.494679,0.818282,0.321393,-0.856895,0.403036
0.749059,0.542047,0.527606,0.900555,0.27643,-0.335541,0.292759,0.184977,0.938124,0.321393,-0.943064,0.0856545
0.749059,0.639117,0.583884,0.900555,0.374521,-0.22076,0.292759,-0.147036,0.944814,0.321393,-0.915486,-0.242058
0.749059,0.711085,0.669967,0.900555,0.427439,-0.0793532,0.292759,-0.461314,0.837545,0.321393,-0.777487,-0.540575
0.749059,0.74927,0.775473,0.900555,0.428802,0.0716251,0.292759,-0.71995,0.629256,0.321393,-0.545711,-0.77389
0.749059,0.749067,0.887676,0.900555,0.378445,0.213964,0.292759,-0.89175,0.34507,0.321393,-0.248115,-0.913863
0.749059,0.710501,0.993044,0.900555,0.282441,0.330496,0.292759,-0.955992,0.0192632,0.321393,0.0794082,-0.943611
0.749059,0.638223,1.07887,0.900555,0.152372,0.407166,0.292759,-0.904927,-0.308867,0.321393,0.397353,-0.859545
0.749059,0.540951,1.13479,0.900555,0.00392364,0.434725,0.292759,-0.744715,-0.599744,0.321393,0.667371,-0.671805
0.749059,0.430417,1.15408,0.900555,-0.144998,0.40985,0.292759,-0.494679,-0.818282,0.321393,0.856895,-0.403036
0.749059,0.319953,1.13439,0.900555,-0.27643,0.335541,0.292759,-0.184977,-0.938124,0.321393,0.943064,-0.0856545
0.749059,0.222883,1.07812,0.900555,-0.374521,0.22076,0.292759,0.147036,-0.944814,0.321393,0.915486,0.242058
0.654934,0.292954,0.990557,0.707258,-0.551657,0.44211,0.558827,0.0532148,-0.827575,0.433011,0.832372,0.345918
0.654934,0.246707,0.933719,0.707258,-0.669598,0.226769,0.558827,0.333053,-0.759465,0.433011,0.663863,0.609744
0.654934,0.222689,0.864493,0.707258,-0.706776,-0.0159226,0.558827,0.57272,-0.599753,0.433011,0.415282,0.800027
0.654934,0.223797,0.791227,0.707258,-0.658707,-0.256694,0.558827,0.743308,-0.367702,0.433011,0.116612,0.893814
0.654934,0.249896,0.722757,0.707258,-0.531187,-0.466505,0.558827,0.824243,-0.0913005,0.433011,-0.196122,0.879794
0.654934,0.297839,0.667344,0.707258,-0.339599,-0.620048,0.558827,0.805761,0.196113,0.433011,-0.485202,0.759658
0.654934,0.361843,0.63167,0.707258,-0.10705,-0.698804,0.558827,0.690093,0.459873,0.433011,-0.715759,0.547896
0.654934,0.434189,0.620038,0.707258,0.138411,-0.693274,0.558827,0.49119,0.668165,0.433011,-0.859985,0.27005
0.654934,0.50615,0.633851,0.707258,0.367178,-0.604125,0.558827,0.233042,0.795867,0.433011,-0.900484,-0.0403683
0.654934,0.569046,0.671443,0.707258,0.551657,-0.44211,0.558827,-0.0532148,0.827575,0.433011,-0.832372,-0.345918
0.654934,0.615293,0.728281,0.707258,0.669598,-0.226769,0.558827,-0.333053,0.759465,0.433011,-0.663863,-0.609744
0.654934,0.639311,0.797507,0.707258,0.706776,0.0159226,0.558827,-0.57272,0.599753,0.433011,-0.415282,-0.800027
0.654934,0.638203,0.870773,0.707258,0.658707,0.256694,0.558827,-0.743308,0.367702,0.433011,-0.116612,-0.893814
0.654934,0.612104,0.939243,0.707258,0.531187,0.466505,0.558827,-0.824243,0.0913005,0.433011,0.196122,-0.879794
0.654934,0.564161,0.994656,0.707258,0.339599,0.620048,0.558827,-0.805761,-0.196113,0.433011,0.485202,-0.759658
0.654934,0.500157,1.03033,0.707258,0.10705,0.698804,0.558827,-0.690093,-0.459873,0.433011,0.715759,-0.547896
0.654934,0.427811,1.04196,0.707258,-0.138411,0.693274,0.558827,-0.49119,-0.668165,0.433011,0.859985,-0.27005
