0.658953,0.406682,0.989742,0.308961,0.93772,0.158823,0.951075,-0.304622,-0.0515979,-3.49349e-06,0.166994,-0.985958
0.907818,0.0947422,0.984571,0.92986,-0.174333,-0.32399,-0.179072,0.554812,-0.812476,0.321394,0.813506,0.484679
0.907818,0.0440673,0.852821,0.92986,-0.0530081,-0.364076,-0.179072,0.799236,-0.573721,0.321394,0.598676,0.733685
0.907818,0.0415096,0.711685,0.92986,0.07471,-0.360249,-0.179072,0.94726,-0.265766,0.321394,0.311636,0.894197
0.907818,0.0873775,0.578185,0.92986,0.193417,-0.312971,-0.179072,0.981031,0.0742433,0.321394,-0.0129913,0.946856
0.907818,0.176139,0.468425,0.92986,0.288795,-0.227944,-0.179072,0.896475,0.405298,0.321394,-0.336052,0.885311
0.907818,0.297087,0.395641,0.92986,0.34934,-0.115424,-0.179072,0.70379,0.687468,0.321394,-0.618579,0.716983
0.907818,0.435635,0.368615,0.92986,0.36775,0.0110184,-0.179072,0.426219,0.886719,0.321394,-0.826497,0.462177
0.907818,0.575071,0.390604,0.92986,0.341803,0.136132,-0.179072,0.0972388,0.979019,0.321394,-0.934727,0.151626
0.907818,0.698578,0.458957,0.92986,0.27463,0.244826,-0.179072,-0.24347,0.953234,0.321394,-0.930215,-0.177214
0.907818,0.791258,0.565429,0.92986,0.174333,0.32399,-0.179072,-0.554812,0.812476,0.321394,-0.813506,-0.484679
0.907818,0.841933,0.697179,0.92986,0.0530081,0.364076,-0.179072,-0.799236,0.573721,0.321394,-0.598676,-0.733685
0.907818,0.84449,0.838315,0.92986,-0.07471,0.360249,-0.179072,-0.94726,0.265766,0.321394,-0.311636,-0.894197
0.907818,0.798623,0.971815,0.92986,-0.193417,0.312971,-0.179072,-0.981031,-0.0742433,0.321394,0.0129913,-0.946856
0.907818,0.709861,1.08158,0.92986,-0.288795,0.227944,-0.179072,-0.896475,-0.405298,0.321394,0.336052,-0.885311
0.907818,0.588913,1.15436,0.92986,-0.34934,0.115424,-0.179072,-0.70379,-0.687468,0.321394,0.618579,-0.716983
0.907818,0.450365,1.18139,0.92986,-0.36775,-0.0110184,-0.179072,-0.426219,-0.886719,0.321394,0.826497,-0.462177
0.907818,0.310929,1.1594,0.92986,-0.341803,-0.136132,-0.179072,-0.0972388,-0.979019,0.321394,0.934727,-0.151626
0.907818,0.187422,1.09104,0.92986,-0.27463,-0.244826,-0.179072,0.24347,-0.953234,0.321394,0.930215,0.177214
0.907818,0.0947422,0.984571,0.92986,-0.174333,-0.32399,-0.179072,0.554812,-0.812476,0.321394,0.813506,0.484679
0.809114,0.150908,0.994084,0.796489,-0.47446,-0.374823,-0.0275851,0.590739,-0.806391,0.604023,0.652621,0.45743
0.809114,0.0935923,0.88097,0.796489,-0.31765,-0.514493,-0.0275851,0.830915,-0.555715,0.604023,0.456813,0.653053
0.809114,0.0784203,0.755075,0.796489,-0.122526,-0.592108,-0.0275851,0.970871,-0.238011,0.604023,0.205907,0.769908
0.809114,0.107222,0.631583,0.796489,0.0873759,-0.598306,-0.0275851,0.993725,0.1084,0.604023,-0.0698352,0.793901
0.809114,0.176523,0.525389,0.796489,0.286739,-0.532339,-0.0275851,0.896721,0.441737,0.604023,-0.337154,0.722138
0.809114,0.277966,0.449302,0.796489,0.451517,-0.402165,-0.0275851,0.691559,0.721793,0.604023,-0.563807,0.563275
0.809114,0.399314,0.412499,0.796489,0.561836,-0.223483,-0.0275851,0.402985,0.914791,0.604023,-0.722456,0.336472
0.809114,0.525931,0.419419,0.796489,0.604389,-0.0178463,-0.0275851,0.0658053,0.997451,0.604023,-0.793967,0.0690853
0.809114,0.642546,0.469227,0.796489,0.574044,0.189943,-0.0275851,-0.279312,0.959804,0.604023,-0.769713,-0.206634
0.809114,0.735092,0.555916,0.796489,0.47446,0.374823,-0.0275851,-0.590739,0.806391,0.604023,-0.652621,-0.45743
0.809114,0.792408,0.66903,0.796489,0.31765,0.514493,-0.0275851,-0.830915,0.555715,0.604023,-0.456813,-0.653053
0.809114,0.80758,0.794925,0.796489,0.122526,0.592108,-0.0275851,-0.970871,0.238011,0.604023,-0.205907,-0.769908
0.809114,0.778778,0.918417,0.796489,-0.0873759,0.598306,-0.0275851,-0.993725,-0.1084,0.604023,0.0698352,-0.793901
0.809114,0.709477,1.02461,0.796489,-0.286739,0.532339,-0.0275851,-0.896721,-0.441737,0.604023,0.337154,-0.722138
0.809114,0.608034,1.1007,0.796489,-0.451517,0.402165,-0.0275851,-0.691559,-0.721793,0.604023,0.563807,-0.563275
0.809114,0.486686,1.1375,0.796489,-0.561836,0.223483,-0.0275851,-0.402985,-0.914791,0.604023,0.722456,-0.336472
0.809114,0.360069,1.13058,0.796489,-0.604389,0.0178463,-0.0275851,-0.0658053,-0.997451,0.604023,0.793967,-0.0690853
0.809114,0.243454,1.08077,0.796489,-0.574044,-0.189943,-0.0275851,0.279312,-0.959804,0.604023,0.769713,0.206634
0.809114,0.150908,0.994084,0.796489,-0.47446,-0.374823,-0.0275851,0.590739,-0.806391,0.604023,0.652621,0.45743
0.735846,0.236971,1.00866,0.567051,-0.711513,-0.414973,0.127229,0.573416,-0.809325,0.813797,0.406132,0.415682
0.735846,0.16948,0.924103,0.567051,-0.526675,-0.633299,0.127229,0.81564,-0.564397,0.813797,0.239468,0.529518
0.735846,0.134979,0.821561,0.567051,-0.278311,-0.775239,0.127229,0.959486,-0.251394,0.813797,0.04392,0.579487
0.735846,0.13763,0.713404,0.567051,0.00362032,-0.823675,0.127229,0.987604,0.0919306,0.813797,-0.156925,0.559561
0.735846,0.177113,0.612676,0.567051,0.285115,-0.772763,0.127229,0.896602,0.424167,0.813797,-0.338842,0.472144
0.735846,0.248666,0.531527,0.567051,0.532221,-0.628644,0.127229,0.697457,0.705242,0.813797,-0.47989,0.327779
0.735846,0.343659,0.479744,0.567051,0.715133,-0.408702,0.127229,0.414188,0.901255,0.813797,-0.563057,0.14388
0.735846,0.450633,0.463573,0.567051,0.81179,-0.139464,0.127229,0.0809616,0.988564,0.813797,-0.57831,-0.0573741
0.735846,0.556687,0.484965,0.567051,0.810533,0.146595,0.127229,-0.26203,0.956636,0.813797,-0.52381,-0.251708
0.735846,0.649029,0.54134,0.567051,0.711513,0.414973,0.127229,-0.573416,0.809325,0.813797,-0.406132,-0.415682
0.735846,0.71652,0.625897,0.567051,0.526675,0.633299,0.127229,-0.81564,0.564397,0.813797,-0.239468,-0.529518
0.735846,0.751021,0.728439,0.567051,0.278311,0.775239,0.127229,-0.959486,0.251394,0.813797,-0.04392,-0.579487
0.735846,0.74837,0.836596,0.567051,-0.00362032,0.823675,0.127229,-0.987604,-0.0919306,0.813797,0.156925,-0.559561
0.735846,0.708887,0.937324,0.567051,-0.285115,0.772763,0.127229,-0.896602,-0.424167,0.813797,0.338842,-0.472144
0.735846,0.637334,1.01847,0.567051,-0.532221,0.628644,0.127229,-0.697457,-0.705242,0.813797,0.47989,-0.327779
0.735846,0.542341,1.07026,0.567051,-0.715133,0.408702,0.127229,-0.414188,-0.901255,0.813797,0.563057,-0.14388
0.735846,0.435367,1.08643,0.567051,-0.81179,0.139464,0.127229,-0.0809616,-0.988564,0.813797,0.57831,0.0573741
0.735846,0.329313,1.06503,0.567051,-0.810533,-0.146595,0.127229,0.26203,-0.956636,0.813797,0.52381,0.251708
0.735846,0.236971,1.00866,0.567051,-0.711513,-0.414973,0.127229,0.573416,-0.809325,0.813797,0.406132,0.415682
0.696852,0.342551,1.02654,0.269218,-0.856899,-0.439597,0.266698,0.504932,-0.820924,0.925416,0.103768,0.36447
0.696852,0.262576,0.977017,0.269218,-0.654871,-0.706163,0.266698,0.755253,-0.59872,0.925416,-0.0271461,0.37798
0.696852,0.204363,0.903125,0.269218,-0.373855,-0.887555,0.266698,0.91448,-0.304301,0.925416,-0.154786,0.345901
0.696852,0.174933,0.81378,0.269218,-0.0477476,-0.961895,0.266698,0.963407,0.0268215,0.925416,-0.263756,0.2721
0.696852,0.177836,0.719757,0.269218,0.284119,-0.920216,0.266698,0.896133,0.354709,0.925416,-0.340914,0.165481
0.696852,0.212722,0.632397,0.269218,0.581717,-0.767546,0.266698,0.720772,0.639812,0.925416,-0.376952,0.0389018
0.696852,0.275382,0.562238,0.269218,0.809152,-0.522298,0.266698,0.458475,0.847746,0.925416,-0.367524,-0.0923693
0.696852,0.35826,0.51774,0.269218,0.93899,-0.214053,0.266698,0.14088,0.953428,0.925416,-0.313767,-0.212499
0.696852,0.451358,0.504272,0.269218,0.955573,0.120009,0.266698,-0.193708,0.944113,0.925416,-0.222166,-0.306999
0.696852,0.543449,0.523457,0.269218,0.856899,0.439597,0.266698,-0.504932,0.820924,0.925416,-0.103768,-0.36447
0.696852,0.623424,0.572983,0.269218,0.654871,0.706163,0.266698,-0.755253,0.59872,0.925416,0.0271461,-0.37798
0.696852,0.681637,0.646875,0.269218,0.373855,0.887555,0.266698,-0.91448,0.304301,0.925416,0.154786,-0.345901
0.696852,0.711067,0.73622,0.269218,0.0477476,0.961895,0.266698,-0.963407,-0.0268215,0.925416,0.263756,-0.2721
0.696852,0.708164,0.830243,0.269218,-0.284119,0.920216,0.266698,-0.896133,-0.354709,0.925416,0.340914,-0.165481
0.696852,0.673278,0.917603,0.269218,-0.581717,0.767546,0.266698,-0.720772,-0.639812,0.925416,0.376952,-0.0389018
0.696852,0.610618,0.987762,0.269218,-0.809152,0.522298,0.266698,-0.458475,-0.847746,0.925416,0.367524,0.0923693
0.696852,0.52774,1.03226,0.269218,-0.93899,0.214053,0.266698,-0.14088,-0.953428,0.925416,0.313767,0.212499
0.696852,0.434642,1.04573,0.269218,-0.955573,-0.120009,0.266698,0.193708,-0.944113,0.925416,0.222166,0.306999
0.696852,0.342551,1.02654,0.269218,-0.856899,-0.439597,0.266698,0.504932,-0.820924,0.925416,0.103768,0.36447
0.696834,0.454914,1.04557,-0.061087,-0.893083,-0.445725,0.373999,0.393546,-0.83979,0.925415,-0.218001,0.309971
0.696834,0.361654,1.03333,-0.061087,-0.686776,-0.724297,0.373999,0.657037,-0.654544,0.925415,-0.31087,0.216717
0.696834,0.278205,0.989929,-0.061087,-0.397635,-0.915508,0.373999,0.84128,-0.39035,0.925415,-0.366244,0.0973235
0.696834,0.214633,0.920604,-0.061087,-0.060532,-0.996295,0.373999,0.924052,-0.0790741,0.925415,-0.377444,-0.0338087
0.696834,0.178606,0.833717,-0.061087,0.283872,-0.956914,0.373999,0.89537,0.241739,0.925415,-0.343118,-0.160863
0.696834,0.174468,0.739748,-0.061087,0.594036,-0.802116,0.373999,0.758693,0.533395,0.925415,-0.267407,-0.268515
0.696834,0.20272,0.650031,-0.061087,0.832551,-0.55057,0.373999,0.530506,0.760715,0.925415,-0.159443,-0.34378
0.696834,0.259952,0.575387,-0.061087,0.970648,-0.232617,0.373999,0.238333,0.896283,0.925415,-0.0322473,-0.37758
0.696834,0.339263,0.524819,-0.061087,0.991671,0.113392,0.373999,-0.0825871,0.923745,0.925415,0.0988375,-0.365839
0.696834,0.431086,0.504427,-0.061087,0.893083,0.445725,0.373999,-0.393546,0.83979,0.925415,0.218001,-0.309971
0.696834,0.524346,0.516669,-0.061087,0.686776,0.724297,0.373999,-0.657037,0.654544,0.925415,0.31087,-0.216717
0.696834,0.607795,0.560071,-0.061087,0.397635,0.915508,0.373999,-0.84128,0.39035,0.925415,0.366244,-0.0973235
0.696834,0.671367,0.629396,-0.061087,0.060532,0.996295,0.373999,-0.924052,0.0790741,0.925415,0.377444,0.0338087
0.696834,0.707394,0.716283,-0.061087,-0.283872,0.956914,0.373999,-0.89537,-0.241739,0.925415,0.343118,0.160863
0.696834,0.711532,0.810252,-0.061087,-0.594036,0.802116,0.373999,-0.758693,-0.533395,0.925415,0.267407,0.268515
0.696834,0.68328,0.899969,-0.061087,-0.832551,0.55057,0.373999,-0.530506,-0.760715,0.925415,0.159443,0.34378
0.696834,0.626048,0.974613,-0.061087,-0.970648,0.232617,0.373999,-0.238333,-0.896283,0.925415,0.0322473,0.37758
0.696834,0.546737,1.02518,-0.061087,-0.991671,-0.113392,0.373999,0.0825871,-0.923745,0.925415,-0.0988375,0.365839
0.696834,0.454914,1.04557,-0.061087,-0.893083,-0.445725,0.373999,0.393546,-0.83979,0.925415,-0.218001,0.309971
0.735794,0.560506,1.06346,-0.384024,-0.8157,-0.432619,0.43619,0.252694,-0.863646,0.813796,-0.520365,0.25876
0.735794,0.454761,1.08625,-0.384024,-0.618543,-0.685515,0.43619,0.532839,-0.725135,0.813796,-0.577484,0.0651794
0.735794,0.347598,1.0715,-0.384024,-0.34678,-0.855727,0.43619,0.748715,-0.499163,0.813796,-0.56495,-0.136263
0.735794,0.251941,1.02099,-0.384024,-0.033191,-0.922726,0.43619,0.874286,-0.212984,0.813796,-0.484275,-0.321269
0.735794,0.179329,0.940811,-0.384024,0.284402,-0.878431,0.43619,0.894405,0.0988842,0.813796,-0.345189,-0.467526
0.735794,0.13852,0.84063,-0.384024,0.567691,-0.728184,0.43619,0.806645,0.398825,0.813796,-0.164468,-0.557392
0.735794,0.134435,0.732534,-0.384024,0.782509,-0.490107,0.43619,0.621592,0.650662,0.813796,0.0360898,-0.580029
0.735794,0.167568,0.62956,-0.384024,0.902945,-0.192917,0.43619,0.361566,0.82402,0.813796,0.232295,-0.532705
0.735794,0.233922,0.544128,-0.384024,0.914472,0.127543,0.43619,0.0579299,0.897988,0.813796,0.400482,-0.42113
0.735794,0.325494,0.486542,-0.384024,0.8157,0.432619,0.43619,-0.252694,0.863646,0.813796,0.520365,-0.25876
0.735794,0.431239,0.463749,-0.384024,0.618543,0.685515,0.43619,-0.532839,0.725135,0.813796,0.577484,-0.0651794
0.735794,0.538402,0.478497,-0.384024,0.34678,0.855727,0.43619,-0.748715,0.499163,0.813796,0.56495,0.136263
0.735794,0.634059,0.529008,-0.384024,0.033191,0.922726,0.43619,-0.874286,0.212984,0.813796,0.484275,0.321269
0.735794,0.706671,0.609189,-0.384024,-0.284402,0.878431,0.43619,-0.894405,-0.0988842,0.813796,0.345189,0.467526
0.735794,0.74748,0.70937,-0.384024,-0.567691,0.728184,0.43619,-0.806645,-0.398825,0.813796,0.164468,0.557392
0.735794,0.751565,0.817466,-0.384024,-0.782509,0.490107,0.43619,-0.621592,-0.650662,0.813796,-0.0360898,0.580029
0.735794,0.718432,0.92044,-0.384024,-0.902945,0.192917,0.43619,-0.361566,-0.82402,0.813796,-0.232295,0.532705
0.735794,0.652078,1.00587,-0.384024,-0.914472,-0.127543,0.43619,-0.0579299,-0.897988,0.813796,-0.400482,0.42113
0.735794,0.560506,1.06346,-0.384024,-0.8157,-0.432619,0.43619,0.252694,-0.863646,0.813796,-0.520365,0.25876
0.809034,0.646592,1.07804,-0.660642,-0.634084,-0.401858,0.44577,0.0993641,-0.889616,0.604021,-0.766854,0.217012
0.809034,0.530669,1.1294,-0.660642,-0.4584,-0.594493,0.44577,0.397638,-0.801981,0.604021,-0.794829,-0.0583552
0.809034,0.404171,1.13801,-0.660642,-0.227427,-0.715423,0.44577,0.647951,-0.617615,0.604021,-0.726936,-0.326683
0.809034,0.282357,1.10283,-0.660642,0.0309776,-0.750062,0.44577,0.820112,-0.358756,0.604021,-0.571364,-0.555609
0.809034,0.179919,1.02812,-0.660642,0.285646,-0.694233,0.44577,0.893355,-0.0566256,0.604021,-0.346877,-0.71752
0.809034,0.109212,0.922877,-0.660642,0.505861,-0.554669,0.44577,0.858846,0.252335,0.604021,-0.0805519,-0.792887
0.809034,0.0787653,0.799797,-0.660642,0.665061,-0.348204,0.44577,0.720748,0.53086,0.604021,0.195489,-0.77262
0.809034,0.0922504,0.673726,-0.660642,0.744046,-0.0997399,0.44577,0.495717,0.745355,0.604021,0.447952,-0.659165
0.809034,0.148041,0.55987,-0.660642,0.733288,0.160754,0.44577,0.210895,0.86995,0.604021,0.646384,-0.466204
0.809034,0.239408,0.471962,-0.660642,0.634084,0.401858,0.44577,-0.0993641,0.889616,0.604021,0.766854,-0.217012
0.809034,0.355331,0.420605,-0.660642,0.4584,0.594493,0.44577,-0.397638,0.801981,0.604021,0.794829,0.0583552
0.809034,0.481829,0.411993,-0.660642,0.227427,0.715423,0.44577,-0.647951,0.617615,0.604021,0.726936,0.326683
0.809034,0.603643,0.447165,-0.660642,-0.0309776,0.750062,0.44577,-0.820112,0.358756,0.604021,0.571364,0.555609
0.809034,0.706081,0.521879,-0.660642,-0.285646,0.694233,0.44577,-0.893355,0.0566256,0.604021,0.346877,0.71752
0.809034,0.776788,0.627123,-0.660642,-0.505861,0.554669,0.44577,-0.858846,-0.252335,0.604021,0.0805519,0.792887
0.809034,0.807235,0.750203,-0.660642,-0.665061,0.348204,0.44577,-0.720748,-0.53086,0.604021,-0.195489,0.77262
0.809034,0.79375,0.876274,-0.660642,-0.744046,0.0997399,0.44577,-0.495717,-0.745355,0.604021,-0.447952,0.659165
0.809034,0.737959,0.99013,-0.660642,-0.733288,-0.160754,0.44577,-0.210895,-0.86995,0.604021,-0.646384,0.466204
0.809034,0.646592,1.07804,-0.660642,-0.634084,-0.401858,0.44577,0.0993641,-0.889616,0.604021,-0.766854,0.217012
0.90772,0.702788,1.08756,-0.857576,-0.37014,-0.357154,0.401584,-0.0479493,-0.914566,0.321392,-0.927738,0.189762
0.90772,0.580221,1.15756,-0.857576,-0.225664,-0.46221,0.401584,0.267742,-0.875811,0.321392,-0.936691,-0.138987
0.90772,0.441102,1.18142,-0.857576,-0.0539696,-0.511517,0.401584,0.551141,-0.73142,0.321392,-0.832665,-0.450972
0.90772,0.302212,1.15626,-0.857576,0.124234,-0.499128,0.401584,0.768063,-0.498808,0.321392,-0.628208,-0.708563
0.90772,0.180304,1.08512,-0.857576,0.287454,-0.426536,0.401584,0.892346,-0.206034,0.321392,-0.347979,-0.880691
0.90772,0.0900803,0.976567,-0.857576,0.416002,-0.302498,0.401584,0.908998,0.111592,0.321392,-0.0257796,-0.946595
0.90772,0.0424241,0.843705,-0.857576,0.494374,-0.141974,0.401584,0.816012,0.415758,0.321392,0.29953,-0.898326
0.90772,0.0430832,0.702557,-0.857576,0.513118,0.0356743,0.401584,0.624603,0.669777,0.321392,0.588711,-0.741705
0.90772,0.0919782,0.570146,-0.857576,0.469972,0.20902,0.401584,0.357858,0.843011,0.321392,0.806886,-0.495623
0.90772,0.183212,0.462444,-0.857576,0.37014,0.357154,0.401584,0.0479493,0.914566,0.321392,0.927738,-0.189762
0.90772,0.305779,0.39244,-0.857576,0.225664,0.46221,0.401584,-0.267742,0.875811,0.321392,0.936691,0.138987
0.90772,0.444898,0.368579,-0.857576,0.0539696,0.511517,0.401584,-0.551141,0.73142,0.321392,0.832665,0.450972
0.90772,0.583788,0.393738,-0.857576,-0.124234,0.499128,0.401584,-0.768063,0.498808,0.321392,0.628208,0.708563
0.90772,0.705696,0.464884,-0.857576,-0.287454,0.426536,0.401584,-0.892346,0.206034,0.321392,0.347979,0.880691
0.90772,0.79592,0.573433,-0.857576,-0.416002,0.302498,0.401584,-0.908998,-0.111592,0.321392,0.0257796,0.946595
0.90772,0.843576,0.706295,-0.857576,-0.494374,0.141974,0.401584,-0.816012,-0.415758,0.321392,-0.29953,0.898326
0.90772,0.842917,0.847443,-0.857576,-0.513118,-0.0356743,0.401584,-0.624603,-0.669777,0.321392,-0.588711,0.741705
0.90772,0.794022,0.979854,-0.857576,-0.469972,-0.20902,0.401584,-0.357858,-0.843011,0.321392,-0.806886,0.495623
0.90772,0.702788,1.08756,-0.857576,-0.37014,-0.357154,0.401584,-0.0479493,-0.914566,0.321392,-0.927738,0.189762
0.883612,0.0505804,0.847066,0.961642,-0.0971969,-0.256511,-0.0812368,0.792259,-0.604754,0.262003,0.602394,0.753973
0.883612,0.0495983,0.708504,0.961642,-0.00360336,-0.274284,-0.0812368,0.951317,-0.297314,0.262003,0.308192,0.914534
0.883612,0.0960663,0.577963,0.961642,0.0904248,-0.258976,-0.0812368,0.995633,0.0459859,0.262003,-0.0231837,0.964789
0.883612,0.18438,0.471187,0.961642,0.173546,-0.21243,-0.0812368,0.919861,0.383739,0.262003,-0.351763,0.898675
0.883612,0.303886,0.401056,0.961642,0.235736,-0.140263,-0.0812368,0.73314,0.675208,0.262003,-0.637914,0.724169
0.883612,0.440172,0.376028,0.961642,0.269492,-0.0511776,-0.0812368,0.457992,0.885237,0.262003,-0.847123,0.462317
0.883612,0.576799,0.399122,0.961642,0.270743,0.0440804,-0.0812368,0.127603,0.988493,0.262003,-0.954157,0.144702
0.883612,0.697288,0.467552,0.961642,0.239339,0.134022,-0.0812368,-0.218177,0.972522,0.262003,-0.946105,-0.190365
0.883612,0.787106,0.573065,0.961642,0.179067,0.207798,-0.0812368,-0.537642,0.839251,0.262003,-0.82394,-0.502472
0.883612,0.83542,0.702934,0.961642,0.0971969,0.256511,-0.0812368,-0.792259,0.604754,0.262003,-0.602394,-0.753973
0.883612,0.836402,0.841496,0.961642,0.00360336,0.274284,-0.0812368,-0.951317,0.297314,0.262003,-0.308192,-0.914534
0.883612,0.789934,0.972037,0.961642,-0.0904248,0.258976,-0.0812368,-0.995633,-0.0459859,0.262003,0.0231837,-0.964789
0.883612,0.70162,1.07881,0.961642,-0.173546,0.21243,-0.0812368,-0.919861,-0.383739,0.262003,0.351763,-0.898675
0.883612,0.582114,1.14894,0.961642,-0.235736,0.140263,-0.0812368,-0.73314,-0.675208,0.262003,0.637914,-0.724169
0.883612,0.445828,1.17397,0.961642,-0.269492,0.0511776,-0.0812368,-0.457992,-0.885237,0.262003,0.847123,-0.462317
0.883612,0.309201,1.15088,0.961642,-0.270743,-0.0440804,-0.0812368,-0.127603,-0.988493,0.262003,0.954157,-0.144702
0.883612,0.188712,1.08245,0.961642,-0.239339,-0.134022,-0.0812368,0.218177,-0.972522,0.262003,0.946105,0.190365
0.883612,0.098894,0.976935,0.961642,-0.179067,-0.207798,-0.0812368,0.537642,-0.839251,0.262003,0.82394,0.502472
0.883612,0.0505804,0.847066,0.961642,-0.0971969,-0.256511,-0.0812368,0.792259,-0.604754,0.262003,0.602394,0.753973
0.763622,0.118863,0.858631,0.856221,-0.413234,-0.310038,0.156285,0.779211,-0.606963,0.492403,0.47124,0.731759
0.763622,0.109808,0.742726,0.856221,-0.282274,-0.432675,0.156285,0.939813,-0.303853,0.492403,0.192544,0.848802
0.763622,0.14094,0.630714,0.856221,-0.117267,-0.503125,0.156285,0.987059,0.0359065,0.492403,-0.109375,0.863467
0.763622,0.208505,0.536104,0.856221,0.061884,-0.51289,0.156285,0.915251,0.371335,0.492403,-0.398102,0.773986
0.763622,0.304354,0.47031,0.856221,0.233571,-0.460794,0.156285,0.733051,0.661975,0.492403,-0.638812,0.59115
0.763622,0.416926,0.441265,0.856221,0.377085,-0.353119,0.156285,0.462434,0.872771,0.492403,-0.802472,0.337012
0.763622,0.532642,0.452474,0.856221,0.475118,-0.202852,0.156285,0.13604,0.978299,0.492403,-0.869342,0.0422263
0.763622,0.637547,0.502584,0.856221,0.515844,-0.0281187,0.156285,-0.206762,0.965828,0.492403,-0.831357,-0.257653
0.763622,0.718986,0.585552,0.856221,0.494352,0.150006,0.156285,-0.524625,0.836865,0.492403,-0.693097,-0.526455
0.763622,0.767137,0.691369,0.856221,0.413234,0.310038,0.156285,-0.779211,0.606963,0.492403,-0.47124,-0.731759
0.763622,0.776192,0.807274,0.856221,0.282274,0.432675,0.156285,-0.939813,0.303853,0.492403,-0.192544,-0.848802
0.763622,0.74506,0.919286,0.856221,0.117267,0.503125,0.156285,-0.987059,-0.0359065,0.492403,0.109375,-0.863467
0.763622,0.677495,1.0139,0.856221,-0.061884,0.51289,0.156285,-0.915251,-0.371335,0.492403,0.398102,-0.773986
0.763622,0.581646,1.07969,0.856221,-0.233571,0.460794,0.156285,-0.733051,-0.661975,0.492403,0.638812,-0.59115
0.763622,0.469074,1.10873,0.856221,-0.377085,0.353119,0.156285,-0.462434,-0.872771,0.492403,0.802472,-0.337012
0.763622,0.353358,1.09753,0.856221,-0.475118,0.202852,0.156285,-0.13604,-0.978299,0.492403,0.869342,-0.0422263
0.763622,0.248453,1.04742,0.856221,-0.515844,0.0281187,0.156285,0.206762,-0.965828,0.492403,0.831357,0.257653
0.763622,0.167014,0.964448,0.856221,-0.494352,-0.150006,0.156285,0.524625,-0.836865,0.492403,0.693097,0.526455
0.763622,0.118863,0.858631,0.856221,-0.413234,-0.310038,0.156285,0.779211,-0.606963,0.492403,0.47124,0.731759
0.674556,0.22349,0.876351,0.647527,-0.674662,-0.354317,0.374957,0.686854,-0.622606,0.663413,0.2703,0.697726
0.674556,0.202064,0.795163,0.647527,-0.512792,-0.563697,0.374957,0.858376,-0.35014,0.663413,0.0153629,0.748096
0.674556,0.209698,0.711542,0.647527,-0.289071,-0.705087,0.374957,0.926364,-0.0354425,0.663413,-0.241427,0.708235
0.674556,0.245472,0.635575,0.647527,-0.0304838,-0.761433,0.374957,0.88262,0.28353,0.663413,-0.469098,0.58295
0.674556,0.305071,0.576425,0.647527,0.23178,-0.725939,0.374957,0.732418,0.568305,0.663413,-0.640189,0.387353
0.674556,0.381306,0.541226,0.647527,0.466088,-0.602886,0.374957,0.493876,0.784534,0.663413,-0.734063,0.145035
0.674556,0.464982,0.534223,0.647527,0.644178,-0.407116,0.374957,0.195766,0.906136,0.663413,-0.739399,-0.114776
0.674556,0.546007,0.556262,0.647527,0.744572,-0.162242,0.374957,-0.125957,0.918445,0.663413,-0.655552,-0.360743
0.674556,0.614607,0.604684,0.647527,0.755158,0.102201,0.374957,-0.432488,0.819976,0.663413,-0.492636,-0.5632
0.674556,0.66251,0.673649,0.647527,0.674662,0.354317,0.374957,-0.686854,0.622606,0.663413,-0.2703,-0.697726
0.674556,0.683936,0.754837,0.647527,0.512792,0.563697,0.374957,-0.858376,0.35014,0.663413,-0.0153629,-0.748096
0.674556,0.676302,0.838458,0.647527,0.289071,0.705087,0.374957,-0.926364,0.0354425,0.663413,0.241427,-0.708235
0.674556,0.640528,0.914425,0.647527,0.0304838,0.761433,0.374957,-0.88262,-0.28353,0.663413,0.469098,-0.58295
0.674556,0.580929,0.973575,0.647527,-0.23178,0.725939,0.374957,-0.732418,-0.568305,0.663413,0.640189,-0.387353
0.674556,0.504694,1.00877,0.647527,-0.466088,0.602886,0.374957,-0.493876,-0.784534,0.663413,0.734063,-0.145035
0.674556,0.421018,1.01578,0.647527,-0.644178,0.407116,0.374957,-0.195766,-0.906136,0.663413,0.739399,0.114776
0.674556,0.339993,0.993738,0.647527,-0.744572,0.162242,0.374957,0.125957,-0.918445,0.663413,0.655552,0.360743
0.674556,0.271393,0.945316,0.647527,-0.755158,-0.102201,0.374957,0.432488,-0.819976,0.663413,0.492636,0.5632
0.674556,0.22349,0.876351,0.647527,-0.674662,-0.354317,0.374957,0.686854,-0.622606,0.663413,0.2703,0.697726
0.627155,0.351843,0.898091,0.360731,-0.849949,-0.384005,0.548404,0.526327,-0.649795,0.754404,0.0238114,0.655978
0.627155,0.315241,0.85949,0.360731,-0.667353,-0.651546,0.548404,0.716828,-0.430593,0.754404,-0.201982,0.624561
0.627155,0.294048,0.810698,0.360731,-0.404265,-0.840502,0.548404,0.82087,-0.159455,0.754404,-0.403414,0.517814
0.627155,0.290822,0.757601,0.360731,-0.0924162,-0.92808,0.548404,0.825902,0.130915,0.754404,-0.556188,0.34861
0.627155,0.30595,0.706602,0.360731,0.230579,-0.903718,0.548404,0.731319,0.405495,0.754404,-0.641877,0.137359
0.627155,0.337609,0.663853,0.360731,0.525763,-0.770354,0.548404,0.548527,0.631167,0.754404,-0.650147,-0.0904597
0.627155,0.381979,0.63451,0.360731,0.757533,-0.544075,0.548404,0.299575,0.78071,0.754404,-0.579999,-0.307368
0.627155,0.433709,0.622112,0.360731,0.897932,-0.252172,0.548404,0.0144901,0.836088,0.754404,-0.439895,-0.487202
0.627155,0.48656,0.628155,0.360731,0.930028,0.0701472,0.548404,-0.272343,0.790622,0.754404,-0.246733,-0.608274
0.627155,0.534157,0.651909,0.360731,0.849949,0.384005,0.548404,-0.526327,0.649795,0.754404,-0.0238114,-0.655978
0.627155,0.570759,0.69051,0.360731,0.667353,0.651546,0.548404,-0.716828,0.430593,0.754404,0.201982,-0.624561
0.627155,0.591952,0.739302,0.360731,0.404265,0.840502,0.548404,-0.82087,0.159455,0.754404,0.403414,-0.517814
0.627155,0.595178,0.792399,0.360731,0.0924162,0.92808,0.548404,-0.825902,-0.130915,0.754404,0.556188,-0.34861
0.627155,0.58005,0.843398,0.360731,-0.230579,0.903718,0.548404,-0.731319,-0.405495,0.754404,0.641877,-0.137359
0.627155,0.548391,0.886147,0.360731,-0.525763,0.770354,0.548404,-0.548527,-0.631167,0.754404,0.650147,0.0904597
0.627155,0.504021,0.91549,0.360731,-0.757533,0.544075,0.548404,-0.299575,-0.78071,0.754404,0.579999,0.307368
0.627155,0.452291,0.927888,0.360731,-0.897932,0.252172,0.548404,-0.0144901,-0.836088,0.754404,0.439895,0.487202
0.627155,0.39944,0.921845,0.360731,-0.930028,-0.0701472,0.548404,0.272343,-0.790622,0.754404,0.246733,0.608274
0.627155,0.351843,0.898091,0.360731,-0.849949,-0.384005,0.548404,0.526327,-0.649795,0.754404,0.0238114,0.655978
0.627137,0.488439,0.921226,0.0304265,-0.917952,-0.395523,0.655705,0.316991,-0.68525,0.754404,-0.238496,0.61155
0.627137,0.435686,0.927949,0.0304265,-0.727316,-0.685628,0.655705,0.532244,-0.535507,0.754404,-0.433276,0.493099
0.627137,0.383816,0.916223,0.0304265,-0.448955,-0.893036,0.655705,0.6833,-0.321174,0.754404,-0.575796,0.315172
0.627137,0.339084,0.887464,0.0304265,-0.116443,-0.992731,0.655705,0.75194,-0.0681024,0.754404,-0.648866,0.0992312
0.627137,0.306886,0.845141,0.0304265,0.230113,-0.972688,0.655705,0.729885,0.193183,0.754404,-0.643674,-0.128679
0.627137,0.291105,0.794357,0.0304265,0.548915,-0.835324,0.655705,0.619795,0.431168,0.754404,-0.560845,-0.341068
0.627137,0.293645,0.741238,0.0304265,0.801509,-0.597208,0.655705,0.434948,0.617148,0.754404,-0.41037,-0.512319
0.627137,0.314199,0.692192,0.0304265,0.957429,-0.28706,0.655705,0.197641,0.72869,0.754404,-0.210398,-0.621777
0.627137,0.350289,0.653133,0.0304265,0.99787,0.0577119,0.655705,-0.0635052,0.752342,0.754404,0.0149508,-0.65624
0.627137,0.397561,0.628774,0.0304265,0.917952,0.395523,0.655705,-0.316991,0.68525,0.754404,0.238496,-0.61155
0.627137,0.450314,0.622051,0.0304265,0.727316,0.685628,0.655705,-0.532244,0.535507,0.754404,0.433276,-0.493099
0.627137,0.502184,0.633777,0.0304265,0.448955,0.893036,0.655705,-0.6833,0.321174,0.754404,0.575796,-0.315172
0.627137,0.546916,0.662536,0.0304265,0.116443,0.992731,0.655705,-0.75194,0.0681024,0.754404,0.648866,-0.0992312
0.627137,0.579114,0.704859,0.0304265,-0.230113,0.972688,0.655705,-0.729885,-0.193183,0.754404,0.643674,0.128679
0.627137,0.594895,0.755643,0.0304265,-0.548915,0.835324,0.655705,-0.619795,-0.431168,0.754404,0.560845,0.341068
0.627137,0.592355,0.808762,0.0304265,-0.801509,0.597208,0.655705,-0.434948,-0.617148,0.754404,0.41037,0.512319
0.627137,0.571801,0.857808,0.0304265,-0.957429,0.28706,0.655705,-0.197641,-0.72869,0.754404,0.210398,0.621777
0.627137,0.535711,0.896867,0.0304265,-0.99787,-0.0577119,0.655705,0.0635052,-0.752342,0.754404,-0.0149508,0.65624
0.627137,0.488439,0.921226,0.0304265,-0.917952,-0.395523,0.655705,0.316991,-0.68525,0.754404,-0.238496,0.61155
0.674504,0.616803,0.942967,-0.303548,-0.87047,-0.387481,0.683918,0.0840967,-0.724696,0.663411,-0.484985,0.569802
0.674504,0.548874,0.992282,-0.303548,-0.685448,-0.661831,0.683918,0.326886,-0.652229,0.663411,-0.650621,0.369564
0.674504,0.468174,1.01539,-0.303548,-0.41775,-0.856355,0.683918,0.530247,-0.501093,0.663411,-0.737782,0.124751
0.674504,0.384438,1.0095,-0.303548,-0.0996666,-0.947589,0.683918,0.669653,-0.289518,0.663411,-0.735956,-0.135108
0.674504,0.307765,0.97533,-0.303548,0.230439,-0.92453,0.683918,0.728289,-0.043023,0.663411,-0.645363,-0.378672
0.674504,0.247404,0.916996,-0.303548,0.53275,-0.78996,0.683918,0.699083,0.208661,0.663411,-0.476929,-0.576562
0.674504,0.210634,0.841535,-0.303548,0.770803,-0.560108,0.683918,0.585557,0.435178,0.663411,-0.250971,-0.704911
0.674504,0.201891,0.758048,-0.303548,0.915886,-0.2627,0.683918,0.401404,0.609206,0.663411,0.0052583,-0.748236
0.674504,0.22223,0.676607,-0.303548,0.9505,0.0663947,0.683918,0.168835,0.709754,0.663411,0.260853,-0.701314
0.674504,0.269197,0.607033,-0.303548,0.87047,0.387481,0.683918,-0.0840967,0.724696,0.663411,0.484985,-0.569802
0.674504,0.337126,0.557718,-0.303548,0.685448,0.661831,0.683918,-0.326886,0.652229,0.663411,0.650621,-0.369564
0.674504,0.417826,0.534611,-0.303548,0.41775,0.856355,0.683918,-0.530247,0.501093,0.663411,0.737782,-0.124751
0.674504,0.501562,0.540498,-0.303548,0.0996666,0.947589,0.683918,-0.669653,0.289518,0.663411,0.735956,0.135108
0.674504,0.578235,0.57467,-0.303548,-0.230439,0.92453,0.683918,-0.728289,0.043023,0.663411,0.645363,0.378672
0.674504,0.638596,0.633004,-0.303548,-0.53275,0.78996,0.683918,-0.699083,-0.208661,0.663411,0.476929,0.576562
0.674504,0.675366,0.708465,-0.303548,-0.770803,0.560108,0.683918,-0.585557,-0.435178,0.663411,0.250971,0.704911
0.674504,0.684109,0.791952,-0.303548,-0.915886,0.2627,0.683918,-0.401404,-0.609206,0.663411,-0.0052583,0.748236
0.674504,0.66377,0.873393,-0.303548,-0.9505,-0.0663947,0.683918,-0.168835,-0.709754,0.663411,-0.260853,0.701314
0.674504,0.616803,0.942967,-0.303548,-0.87047,-0.387481,0.683918,0.0840967,-0.724696,0.663411,-0.484985,0.569802
0.763543,0.721454,0.960692,-0.60091,-0.713228,-0.360849,0.629641,-0.144267,-0.763374,0.492402,-0.685924,0.535769
0.763543,0.64115,1.04473,-0.60091,-0.546798,-0.583025,0.629641,0.125523,-0.766679,0.492402,-0.827802,0.268858
0.763543,0.536947,1.09623,-0.60091,-0.314416,-0.734881,0.629641,0.380173,-0.677511,0.492402,-0.869834,-0.0304808
0.763543,0.421413,1.10899,-0.60091,-0.0441101,-0.798098,0.629641,0.588968,-0.506626,0.492402,-0.806952,-0.326143
0.763543,0.308482,1.08147,-0.60091,0.231516,-0.765054,0.629641,0.726725,-0.274634,0.492402,-0.646739,-0.582468
0.763543,0.211776,1.01698,-0.60091,0.479217,-0.639732,0.629641,0.776828,-0.00951653,0.492402,-0.40852,-0.768539
0.763543,0.142959,0.923302,-0.60091,0.669118,-0.43725,0.629641,0.733235,0.256748,0.492402,-0.121027,-0.861912
0.763543,0.110332,0.811738,-0.60091,0.778314,-0.182028,0.629641,0.601202,0.492046,0.492402,0.181063,-0.851327
0.763543,0.117829,0.695743,-0.60091,0.793633,0.0951483,0.629641,0.396656,0.667995,0.492402,0.461314,-0.738058
0.763543,0.164546,0.589308,-0.60091,0.713228,0.360849,0.629641,0.144267,0.763374,0.492402,0.685924,-0.535769
0.763543,0.24485,0.50527,-0.60091,0.546798,0.583025,0.629641,-0.125523,0.766679,0.492402,0.827802,-0.268858
0.763543,0.349053,0.453765,-0.60091,0.314416,0.734881,0.629641,-0.380173,0.677511,0.492402,0.869834,0.0304808
0.763543,0.464587,0.441006,-0.60091,0.0441101,0.798098,0.629641,-0.588968,0.506626,0.492402,0.806952,0.326143
0.763543,0.577518,0.468532,-0.60091,-0.231516,0.765054,0.629641,-0.726725,0.274634,0.492402,0.646739,0.582468
0.763543,0.674224,0.533022,-0.60091,-0.479217,0.639732,0.629641,-0.776828,0.00951653,0.492402,0.40852,0.768539
0.763543,0.743041,0.626698,-0.60091,-0.669118,0.43725,0.629641,-0.733235,-0.256748,0.492402,0.121027,0.861912
0.763543,0.775668,0.738262,-0.60091,-0.778314,0.182028,0.629641,-0.601202,-0.492046,0.492402,-0.181063,0.851327
0.763543,0.768171,0.854257,-0.60091,-0.793633,-0.0951483,0.629641,-0.396656,-0.667995,0.492402,-0.461314,0.738058
0.763543,0.721454,0.960692,-0.60091,-0.713228,-0.360849,0.629641,-0.144267,-0.763374,0.492402,-0.685924,0.535769
0.883514,0.789767,0.972262,-0.825794,-0.465194,-0.318839,0.499419,-0.340555,-0.79662,0.262001,-0.817078,0.513555
0.883514,0.701387,1.07897,-0.825794,-0.32809,-0.458716,0.499419,-0.0475571,-0.865054,0.262001,-0.943448,0.203127
0.883514,0.581841,1.14901,-0.825794,-0.151414,-0.543266,0.499419,0.251177,-0.82915,0.262001,-0.956025,-0.131801
0.883514,0.445549,1.17394,-0.825794,0.0435253,-0.56229,0.499419,0.519615,-0.693239,0.262001,-0.853291,-0.450833
0.883514,0.30895,1.15075,-0.825794,0.233215,-0.513493,0.499419,0.72538,-0.473713,0.262001,-0.647637,-0.715487
0.883514,0.188519,1.08224,-0.825794,0.394775,-0.402761,0.499419,0.843654,-0.19705,0.262001,-0.363869,-0.893843
0.883514,0.0987821,0.976678,-0.825794,0.50872,-0.243451,0.499419,0.86017,0.103381,0.262001,-0.036213,-0.964388
0.883514,0.0505631,0.846786,-0.825794,0.561305,-0.0547765,0.499419,0.772937,0.391341,0.262001,0.295811,-0.918614
0.883514,0.0496777,0.708235,-0.825794,0.546189,0.140505,0.499419,0.592477,0.632101,0.262001,0.592156,-0.762041
0.883514,0.0962328,0.577738,-0.825794,0.465194,0.318839,0.499419,0.340555,0.79662,0.262001,0.817078,-0.513555
0.883514,0.184613,0.471033,-0.825794,0.32809,0.458716,0.499419,0.0475571,0.865054,0.262001,0.943448,-0.203127
0.883514,0.304159,0.400991,-0.825794,0.151414,0.543266,0.499419,-0.251177,0.82915,0.262001,0.956025,0.131801
0.883514,0.440451,0.37606,-0.825794,-0.0435253,0.56229,0.499419,-0.519615,0.693239,0.262001,0.853291,0.450833
0.883514,0.57705,0.399247,-0.825794,-0.233215,0.513493,0.499419,-0.72538,0.473713,0.262001,0.647637,0.715487
0.883514,0.697481,0.467755,-0.825794,-0.394775,0.402761,0.499419,-0.843654,0.19705,0.262001,0.363869,0.893843
0.883514,0.787218,0.573322,-0.825794,-0.50872,0.243451,0.499419,-0.86017,-0.103381,0.262001,0.036213,0.964388
0.883514,0.835437,0.703214,-0.825794,-0.561305,0.0547765,0.499419,-0.772937,-0.391341,0.262001,-0.295811,0.918614
0.883514,0.836322,0.841765,-0.825794,-0.546189,-0.140505,0.499419,-0.592477,-0.632101,0.262001,-0.592156,0.762041
0.883514,0.789767,0.972262,-0.825794,-0.465194,-0.318839,0.499419,-0.340555,-0.79662,0.262001,-0.817078,0.513555
0.875863,0.053748,0.700868,0.985232,-0.0470211,-0.164644,-0.00862081,0.946714,-0.321961,0.17101,0.318625,0.932327
0.875863,0.102577,0.572206,0.985232,0.0121263,-0.170797,-0.00862081,0.999737,0.0212511,0.17101,-0.0194648,0.985077
0.875863,0.192467,0.468005,0.985232,0.0698111,-0.15635,-0.00862081,0.932177,0.3619,0.17101,-0.355207,0.919012
0.875863,0.312574,0.400832,0.985232,0.119076,-0.123044,-0.00862081,0.752183,0.658898,0.17101,-0.648106,0.742101
0.875863,0.448413,0.378789,0.985232,0.153978,-0.074897,-0.00862081,0.481465,0.876423,0.17101,-0.862834,0.475681
0.875863,0.583599,0.404535,0.985232,0.170308,-0.0177166,-0.00862081,0.152674,0.988239,0.17101,-0.973491,0.151888
0.875863,0.701827,0.474964,0.985232,0.166097,0.0416007,-0.00862081,-0.194531,0.980859,0.17101,-0.966731,-0.190226
0.875863,0.788836,0.581582,0.985232,0.141852,0.0959004,-0.00862081,-0.518272,0.855172,0.17101,-0.843369,-0.509396
0.875863,0.834132,0.71153,0.985232,0.100497,0.138633,-0.00862081,-0.779503,0.626339,0.17101,-0.618284,-0.767125
0.875863,0.832252,0.849132,0.985232,0.0470211,0.164644,-0.00862081,-0.946714,0.321961,0.17101,-0.318625,-0.932327
0.875863,0.783423,0.977794,0.985232,-0.0121263,0.170797,-0.00862081,-0.999737,-0.0212511,0.17101,0.0194648,-0.985077
0.875863,0.693533,1.082,0.985232,-0.0698111,0.15635,-0.00862081,-0.932177,-0.3619,0.17101,0.355207,-0.919012
0.875863,0.573426,1.14917,0.985232,-0.119076,0.123044,-0.00862081,-0.752183,-0.658898,0.17101,0.648106,-0.742101
0.875863,0.437587,1.17121,0.985232,-0.153978,0.074897,-0.00862081,-0.481465,-0.876423,0.17101,0.862834,-0.475681
0.875863,0.302401,1.14547,0.985232,-0.170308,0.0177166,-0.00862081,-0.152674,-0.988239,0.17101,0.973491,-0.151888
0.875863,0.184173,1.07504,0.985232,-0.166097,-0.0416007,-0.00862081,0.194531,-0.980859,0.17101,0.966731,0.190226
0.875863,0.0971643,0.968418,0.985232,-0.141852,-0.0959004,-0.00862081,0.518272,-0.855172,0.17101,0.843369,0.509396
0.875863,0.051868,0.83847,0.985232,-0.100497,-0.138633,-0.00862081,0.779503,-0.626339,0.17101,0.618284,0.767125
0.875863,0.053748,0.700868,0.985232,-0.0470211,-0.164644,-0.00862081,0.946714,-0.321961,0.17101,0.318625,0.932327
0.749059,0.12591,0.71309,0.900555,-0.374867,-0.220172,0.292759,0.897316,-0.330327,0.321393,0.23302,0.917828
0.749059,0.166207,0.608372,0.900555,-0.276956,-0.335106,0.292759,0.95618,-0.00350588,0.321393,-0.094948,0.942174
0.749059,0.23989,0.523752,0.900555,-0.145641,-0.409621,0.292759,0.899714,0.323738,0.321393,-0.411464,0.85288
0.749059,0.338071,0.469437,0.900555,0.00324111,-0.43473,0.292759,0.73473,0.611935,0.321393,-0.678352,0.660716
0.749059,0.448908,0.451977,0.900555,0.151732,-0.407404,0.292759,0.481126,0.826323,0.321393,-0.863421,0.38886
0.749059,0.559032,0.473478,0.900555,0.281922,-0.330939,0.292759,0.169492,0.941045,0.321393,-0.944348,0.0701012
0.749059,0.655161,0.531347,0.900555,0.378108,-0.214558,0.292759,-0.162586,0.942262,0.321393,-0.911373,-0.257112
0.749059,0.7257,0.618604,0.900555,0.428689,-0.0722983,0.292759,-0.475054,0.829829,0.321393,-0.768472,-0.553314
0.749059,0.762142,0.724725,0.900555,0.427563,0.078682,0.292759,-0.730223,0.617306,0.321393,-0.532883,-0.782778
0.749059,0.76009,0.83691,0.900555,0.374867,0.220172,0.292759,-0.897316,0.330327,0.321393,-0.23302,-0.917828
0.749059,0.719793,0.941628,0.900555,0.276956,0.335106,0.292759,-0.95618,0.00350588,0.321393,0.094948,-0.942174
0.749059,0.64611,1.02625,0.900555,0.145641,0.409621,0.292759,-0.899714,-0.323738,0.321393,0.411464,-0.85288
0.749059,0.547929,1.08056,0.900555,-0.00324111,0.43473,0.292759,-0.73473,-0.611935,0.321393,0.678352,-0.660716
0.749059,0.437092,1.09802,0.900555,-0.151732,0.407404,0.292759,-0.481126,-0.826323,0.321393,0.863421,-0.38886
0.749059,0.326968,1.07652,0.900555,-0.281922,0.330939,0.292759,-0.169492,-0.941045,0.321393,0.944348,-0.0701012
0.749059,0.230839,1.01865,0.900555,-0.378108,0.214558,0.292759,0.162586,-0.942262,0.321393,0.911373,0.257112
0.749059,0.1603,0.931396,0.900555,-0.428689,0.0722983,0.292759,0.475054,-0.829829,0.321393,0.768472,0.553314
0.749059,0.123858,0.825275,0.900555,-0.427563,-0.078682,0.292759,0.730223,-0.617306,0.321393,0.532883,0.782778
0.749059,0.12591,0.71309,0.900555,-0.374867,-0.220172,0.292759,0.897316,-0.330327,0.321393,0.23302,0.917828
0.654934,0.23648,0.731817,0.707258,-0.654387,-0.267515,0.558827,0.749267,-0.355402,0.433011,0.101867,0.895614
0.654934,0.263704,0.663788,0.707258,-0.523427,-0.475195,0.558827,0.825635,-0.0777047,0.433011,-0.210595,0.876443
0.654934,0.312554,0.609172,0.707258,-0.329334,-0.62556,0.558827,0.80242,0.209365,0.433011,-0.497655,0.751559
0.654934,0.377137,0.574557,0.707258,-0.0955189,-0.700473,0.558827,0.682421,0.471183,0.433011,-0.724691,0.536026
0.654934,0.449665,0.564119,0.707258,0.149817,-0.690899,0.558827,0.480112,0.676169,0.433011,-0.864319,0.255841
0.654934,0.521388,0.579116,0.707258,0.377084,-0.597992,0.558827,0.219894,0.799599,0.433011,-0.899697,-0.0552027
0.654934,0.583657,0.61774,0.707258,0.558868,-0.432958,0.558827,-0.0668459,0.826585,0.433011,-0.826558,-0.359588
0.654934,0.628961,0.675332,0.707258,0.673245,-0.215704,0.558827,-0.345523,0.753874,0.433011,-0.653724,-0.620602
0.654934,0.651834,0.744945,0.707258,0.706418,0.0275681,0.558827,-0.582526,0.590233,0.433011,-0.402041,-0.806762
0.654934,0.64952,0.818183,0.707258,0.654387,0.267515,0.558827,-0.749267,0.355402,0.433011,-0.101867,-0.895614
0.654934,0.622296,0.886212,0.707258,0.523427,0.475195,0.558827,-0.825635,0.0777047,0.433011,0.210595,-0.876443
0.654934,0.573446,0.940828,0.707258,0.329334,0.62556,0.558827,-0.80242,-0.209365,0.433011,0.497655,-0.751559
0.654934,0.508863,0.975443,0.707258,0.0955189,0.700473,0.558827,-0.682421,-0.471183,0.433011,0.724691,-0.536026
0.654934,0.436335,0.985881,0.707258,-0.149817,0.690899,0.558827,-0.480112,-0.676169,0.433011,0.864319,-0.255841
0.654934,0.364612,0.970884,0.707258,-0.377084,0.597992,0.558827,-0.219894,-0.799599,0.433011,0.899697,0.0552027
0.654934,0.302343,0.93226,0.707258,-0.558868,0.432958,0.558827,0.0668459,-0.826585,0.433011,0.826558,0.359588
0.654934,0.257039,0.874668,0.707258,-0.673245,0.215704,0.558827,0.345523,-0.753874,0.433011,0.653724,0.620602
