0.658953,0.206329,0.881242,0.308961,0.0313998,0.950556,0.951075,-0.0101967,-0.308792,-3.49349e-06,0.999455,-0.0330139
0.907818,0.149179,0.574539,0.92986,0.282709,-0.235451,-0.179072,0.90681,0.381613,0.321394,-0.312684,0.893831
0.907818,0.268174,0.498605,0.92986,0.346188,-0.124559,-0.179072,0.721603,0.668746,0.321394,-0.599535,0.732982
0.907818,0.405964,0.467948,0.92986,0.367912,0.00135596,-0.179072,0.449361,0.875219,0.321394,-0.814074,0.483725
0.907818,0.54593,0.486268,0.92986,0.345261,0.127108,-0.179072,0.122918,0.976127,0.321394,-0.930423,0.176123
0.907818,0.671189,0.551353,0.92986,0.280966,0.237528,-0.179072,-0.21835,0.9593,0.321394,-0.934549,-0.152721
0.907818,0.766633,0.655355,0.92986,0.182782,0.319299,-0.179072,-0.533282,0.826767,0.321394,-0.825955,-0.463146
0.907818,0.820751,0.785728,0.92986,0.0625519,0.362558,-0.179072,-0.783892,0.594514,0.321394,-0.617739,-0.717708
0.907818,0.827015,0.926749,0.92986,-0.0652227,0.362087,-0.179072,-0.939953,0.290554,0.321394,-0.335014,-0.885704
0.907818,0.784669,1.06141,0.92986,-0.18513,0.317943,-0.179072,-0.982642,-0.0484518,0.321394,-0.0118814,-0.946871
0.907818,0.698821,1.17346,0.92986,-0.282709,0.235451,-0.179072,-0.90681,-0.381613,0.321394,0.312684,-0.893831
0.907818,0.579826,1.2494,0.92986,-0.346188,0.124559,-0.179072,-0.721603,-0.668746,0.321394,0.599535,-0.732982
0.907818,0.442036,1.28005,0.92986,-0.367912,-0.00135596,-0.179072,-0.449361,-0.875219,0.321394,0.814074,-0.483725
0.907818,0.30207,1.26173,0.92986,-0.345261,-0.127108,-0.179072,-0.122918,-0.976127,0.321394,0.930423,-0.176123
0.907818,0.176811,1.19665,0.92986,-0.280966,-0.237528,-0.179072,0.21835,-0.9593,0.321394,0.934549,0.152721
0.907818,0.0813666,1.09265,0.92986,-0.182782,-0.319299,-0.179072,0.533282,-0.826767,0.321394,0.825955,0.463146
0.907818,0.0272488,0.962272,0.92986,-0.0625519,-0.362558,-0.179072,0.783892,-0.594514,0.321394,0.617739,0.717708
0.907818,0.0209851,0.821251,0.92986,0.0652227,-0.362087,-0.179072,0.939953,-0.290554,0.321394,0.335014,0.885704
0.907818,0.063331,0.686593,0.92986,0.18513,-0.317943,-0.179072,0.982642,0.0484518,0.321394,0.0118814,0.946871
0.907818,0.149179,0.574539,0.92986,0.282709,-0.235451,-0.179072,0.90681,0.381613,0.321394,-0.312684,0.893831
0.809114,0.15106,0.631474,0.796489,0.272659,-0.539687,-0.0275851,0.908013,0.418033,0.604023,-0.318071,0.730744
0.809114,0.250469,0.552749,0.796489,0.440799,-0.413885,-0.0275851,0.710278,0.703381,0.604023,-0.548818,0.577888
0.809114,0.370808,0.512772,0.796489,0.555773,-0.238162,-0.0275851,0.426872,0.903891,0.604023,-0.71337,0.35533
0.809114,0.497564,0.516364,0.796489,0.603712,-0.0337138,-0.0275851,0.0919797,0.995379,0.604023,-0.791879,0.0899143
0.809114,0.615446,0.563092,0.796489,0.578834,0.174801,-0.0275851,-0.254007,0.966809,0.604023,-0.774875,-0.186347
0.809114,0.710237,0.64732,0.796489,0.484141,0.362232,-0.0275851,-0.569357,0.821628,0.604023,-0.66441,-0.440131
0.809114,0.770504,0.75889,0.796489,0.331053,0.505973,-0.0275851,-0.816033,0.577346,0.604023,-0.473807,-0.64083
0.809114,0.788977,0.884343,0.796489,0.138035,0.588686,-0.0275851,-0.964285,0.263428,0.604023,-0.226057,-0.764235
0.809114,0.763429,1.00855,0.796489,-0.0716318,0.600394,-0.0275851,-0.996229,-0.0822634,0.604023,0.04896,-0.795462
0.809114,0.69694,1.11653,0.796489,-0.272659,0.539687,-0.0275851,-0.908013,-0.418033,0.604023,0.318071,-0.730744
0.809114,0.597531,1.19525,0.796489,-0.440799,0.413885,-0.0275851,-0.710278,-0.703381,0.604023,0.548818,-0.577888
0.809114,0.477192,1.23523,0.796489,-0.555773,0.238162,-0.0275851,-0.426872,-0.903891,0.604023,0.71337,-0.35533
0.809114,0.350436,1.23164,0.796489,-0.603712,0.0337138,-0.0275851,-0.0919797,-0.995379,0.604023,0.791879,-0.0899143
0.809114,0.232554,1.18491,0.796489,-0.578834,-0.174801,-0.0275851,0.254007,-0.966809,0.604023,0.774875,0.186347
0.809114,0.137763,1.10068,0.796489,-0.484141,-0.362232,-0.0275851,0.569357,-0.821628,0.604023,0.66441,0.440131
0.809114,0.077496,0.98911,0.796489,-0.331053,-0.505973,-0.0275851,0.816033,-0.577346,0.604023,0.473807,0.64083
0.809114,0.0590227,0.863657,0.796489,-0.138035,-0.588686,-0.0275851,0.964285,-0.263428,0.604023,0.226057,0.764235
0.809114,0.0845711,0.739451,0.796489,0.0716318,-0.600394,-0.0275851,0.996229,0.0822634,0.604023,-0.04896,0.795462
0.809114,0.15106,0.631474,0.796489,0.272659,-0.539687,-0.0275851,0.908013,0.418033,0.604023,-0.318071,0.730744
0.735846,0.153941,0.718715,0.567051,0.264721,-0.779985,0.127229,0.907433,0.400472,0.813797,-0.326325,0.480881
0.735846,0.223338,0.635714,0.567051,0.515527,-0.642406,0.127229,0.715739,0.686681,0.813797,-0.471116,0.34027
0.735846,0.316938,0.581455,0.567051,0.704153,-0.427343,0.127229,0.437715,0.890066,0.813797,-0.559084,0.158618
0.735846,0.423451,0.56248,0.567051,0.807847,-0.160737,0.127229,0.106897,0.986096,0.813797,-0.579617,-0.0421655
0.735846,0.530031,0.581079,0.567051,0.814103,0.125257,0.127229,-0.236814,0.963188,0.813797,-0.530241,-0.237863
0.735846,0.623821,0.635009,0.567051,0.722167,0.396142,0.127229,-0.551962,0.824106,0.813797,-0.416909,-0.404871
0.735846,0.69351,0.717765,0.567051,0.543126,0.619247,0.127229,-0.800536,0.585624,0.813797,-0.253292,-0.523046
0.735846,0.730692,0.819365,0.567051,0.298576,0.767662,0.127229,-0.952553,0.276507,0.813797,-0.0591246,-0.578134
0.735846,0.730883,0.927555,0.567051,0.0180139,0.823486,0.127229,-0.989678,-0.0659604,0.813797,0.142174,-0.56349
0.735846,0.694059,1.02928,0.567051,-0.264721,0.779985,0.127229,-0.907433,-0.400472,0.813797,0.326325,-0.480881
0.735846,0.624662,1.11229,0.567051,-0.515527,0.642406,0.127229,-0.715739,-0.686681,0.813797,0.471116,-0.34027
0.735846,0.531062,1.16655,0.567051,-0.704153,0.427343,0.127229,-0.437715,-0.890066,0.813797,0.559084,-0.158618
0.735846,0.424549,1.18552,0.567051,-0.807847,0.160737,0.127229,-0.106897,-0.986096,0.813797,0.579617,0.0421655
0.735846,0.317969,1.16692,0.567051,-0.814103,-0.125257,0.127229,0.236814,-0.963188,0.813797,0.530241,0.237863
0.735846,0.224179,1.11299,0.567051,-0.722167,-0.396142,0.127229,0.551962,-0.824106,0.813797,0.416909,0.404871
0.735846,0.15449,1.03024,0.567051,-0.543126,-0.619247,0.127229,0.800536,-0.585624,0.813797,0.253292,0.523046
0.735846,0.117308,0.928635,0.567051,-0.298576,-0.767662,0.127229,0.952553,-0.276507,0.813797,0.0591246,0.578134
0.735846,0.117117,0.820445,0.567051,-0.0180139,-0.823486,0.127229,0.989678,0.0659604,0.813797,-0.142174,0.56349
0.735846,0.153941,0.718715,0.567051,0.264721,-0.779985,0.127229,0.907433,0.400472,0.813797,-0.326325,0.480881
0.696852,0.157477,0.82574,0.269218,0.259853,-0.927361,0.266698,0.90514,0.33105,0.925416,-0.33645,0.174378
0.696852,0.190056,0.737495,0.269218,0.561358,-0.782559,0.266698,0.737327,0.620661,0.925416,-0.3758,0.0487887
0.696852,0.250852,0.665713,0.269218,0.795155,-0.543369,0.266698,0.480582,0.835412,0.925416,-0.369823,-0.0826848
0.696852,0.332532,0.619054,0.269218,0.933045,-0.238641,0.266698,0.165872,0.949399,0.925416,-0.31924,-0.204185
0.696852,0.425245,0.603146,0.269218,0.958395,0.0948706,0.266698,-0.168845,0.948875,0.925416,-0.230152,-0.301058
0.696852,0.517808,0.619906,0.269218,0.868149,0.41694,0.266698,-0.483197,0.833902,0.925416,-0.113304,-0.361619
0.696852,0.599056,0.667314,0.269218,0.673192,0.68872,0.266698,-0.739268,0.618349,0.925416,0.0172095,-0.378563
0.696852,0.659189,0.739651,0.269218,0.397037,0.87743,0.266698,-0.906172,0.328214,0.925416,0.145648,-0.349847
0.696852,0.690956,0.828193,0.269218,0.0729943,0.960309,0.266698,-0.963779,-0.00150932,0.925416,0.256519,-0.278934
0.696852,0.690523,0.92226,0.269218,-0.259853,0.927361,0.266698,-0.90514,-0.33105,0.925416,0.33645,-0.174378
0.696852,0.657944,1.01051,0.269218,-0.561358,0.782559,0.266698,-0.737327,-0.620661,0.925416,0.3758,-0.0487887
0.696852,0.597148,1.08229,0.269218,-0.795155,0.543369,0.266698,-0.480582,-0.835412,0.925416,0.369823,0.0826848
0.696852,0.515468,1.12895,0.269218,-0.933045,0.238641,0.266698,-0.165872,-0.949399,0.925416,0.31924,0.204185
0.696852,0.422755,1.14485,0.269218,-0.958395,-0.0948706,0.266698,0.168845,-0.948875,0.925416,0.230152,0.301058
0.696852,0.330192,1.12809,0.269218,-0.868149,-0.41694,0.266698,0.483197,-0.833902,0.925416,0.113304,0.361619
0.696852,0.248944,1.08069,0.269218,-0.673192,-0.68872,0.266698,0.739268,-0.618349,0.925416,-0.0172095,0.378563
0.696852,0.188811,1.00835,0.269218,-0.397037,-0.87743,0.266698,0.906172,-0.328214,0.925416,-0.145648,0.349847
0.696852,0.157044,0.919807,0.269218,-0.0729943,-0.960309,0.266698,0.963779,0.00150932,0.925416,-0.256519,0.278934
0.696852,0.157477,0.82574,0.269218,0.259853,-0.927361,0.266698,0.90514,0.33105,0.925416,-0.33645,0.174378
0.696834,0.161239,0.939641,-0.061087,0.258641,-0.96404,0.373999,0.90141,0.21814,0.925415,-0.347224,-0.151796
0.696834,0.154635,0.845813,-0.061087,0.572764,-0.817441,0.373999,0.77244,0.513285,0.925415,-0.274367,-0.261399
0.696834,0.18052,0.755385,-0.061087,0.817804,-0.572246,0.373999,0.550303,0.74652,0.925415,-0.168417,-0.339474
0.696834,0.235773,0.679263,-0.061087,0.964204,-0.25803,0.373999,0.261791,0.889714,0.925415,-0.042153,-0.376603
0.696834,0.313728,0.62663,-0.061087,0.994307,0.0873081,0.373999,-0.0582974,0.925595,0.925415,0.089195,-0.368308
0.696834,0.404984,0.603833,-0.061087,0.904481,0.422116,0.373999,-0.371354,0.849836,0.925415,0.209785,-0.31559
0.696834,0.498534,0.613622,-0.061087,0.705563,0.70601,0.373999,-0.639619,0.671574,0.925415,0.305071,-0.224807
0.696834,0.583093,0.654817,-0.061087,0.421542,0.904749,0.373999,-0.830738,0.412311,0.925415,0.363562,-0.106909
0.696834,0.648464,0.722448,-0.061087,0.0866779,0.994362,0.373999,-0.921656,0.103316,0.925415,0.378201,0.0238838
0.696834,0.686761,0.808359,-0.061087,-0.258641,0.96404,0.373999,-0.90141,-0.21814,0.925415,0.347224,0.151796
0.696834,0.693365,0.902187,-0.061087,-0.572764,0.817441,0.373999,-0.77244,-0.513285,0.925415,0.274367,0.261399
0.696834,0.66748,0.992615,-0.061087,-0.817804,0.572246,0.373999,-0.550303,-0.74652,0.925415,0.168417,0.339474
0.696834,0.612227,1.06874,-0.061087,-0.964204,0.25803,0.373999,-0.261791,-0.889714,0.925415,0.042153,0.376603
0.696834,0.534272,1.12137,-0.061087,-0.994307,-0.0873081,0.373999,0.0582974,-0.925595,0.925415,-0.089195,0.368308
0.696834,0.443016,1.14417,-0.061087,-0.904481,-0.422116,0.373999,0.371354,-0.849836,0.925415,-0.209785,0.31559
0.696834,0.349466,1.13438,-0.061087,-0.705563,-0.70601,0.373999,0.639619,-0.671574,0.925415,-0.305071,0.224807
0.696834,0.264907,1.09318,-0.061087,-0.421542,-0.904749,0.373999,0.830738,-0.412311,0.925415,-0.363562,0.106909
0.696834,0.199536,1.02555,-0.061087,-0.0866779,-0.994362,0.373999,0.921656,-0.103316,0.925415,-0.378201,-0.0238838
0.696834,0.161239,0.939641,-0.061087,0.258641,-0.96404,0.373999,0.90141,0.21814,0.925415,-0.347224,-0.151796
0.735794,0.164775,1.04668,-0.384024,0.261232,-0.885598,0.43619,0.896694,0.0753594,0.813796,-0.357349,-0.458299
0.735794,0.121349,0.947605,-0.384024,0.54837,-0.742843,0.43619,0.816842,0.377502,0.813796,-0.179051,-0.55288
0.735794,0.114427,0.839653,-0.384024,0.769367,-0.51049,0.43619,0.638467,0.634112,0.813796,0.0208435,-0.580777
0.735794,0.144843,0.735844,-0.384024,0.897566,-0.216565,0.43619,0.383084,0.814239,0.813796,0.218224,-0.538623
0.735794,0.208931,0.648699,-0.384024,0.917506,0.103481,0.43619,0.0814947,0.896157,0.813796,0.389283,-0.431503
0.735794,0.298959,0.588728,-0.384024,0.826781,0.411046,0.43619,-0.229924,0.869985,0.813796,0.513389,-0.272337
0.735794,0.404068,0.563165,-0.384024,0.636334,0.669033,0.43619,-0.51361,0.73888,0.813796,0.575573,-0.080324
0.735794,0.511582,0.575094,-0.384024,0.369136,0.846324,0.43619,-0.735347,0.518655,0.813796,0.568334,0.121378
0.735794,0.608532,0.623075,-0.384024,0.0574141,0.921536,0.43619,-0.868391,0.235873,0.813796,0.492546,0.308439
0.735794,0.683225,0.701321,-0.384024,-0.261232,0.885598,0.43619,-0.896694,-0.0753594,0.813796,0.357349,0.458299
0.735794,0.726651,0.800395,-0.384024,-0.54837,0.742843,0.43619,-0.816842,-0.377502,0.813796,0.179051,0.55288
0.735794,0.733573,0.908347,-0.384024,-0.769367,0.51049,0.43619,-0.638467,-0.634112,0.813796,-0.0208435,0.580777
0.735794,0.703157,1.01216,-0.384024,-0.897566,0.216565,0.43619,-0.383084,-0.814239,0.813796,-0.218224,0.538623
0.735794,0.639069,1.0993,-0.384024,-0.917506,-0.103481,0.43619,-0.0814947,-0.896157,0.813796,-0.389283,0.431503
0.735794,0.549041,1.15927,-0.384024,-0.826781,-0.411046,0.43619,0.229924,-0.869985,0.813796,-0.513389,0.272337
0.735794,0.443932,1.18483,-0.384024,-0.636334,-0.669033,0.43619,0.51361,-0.73888,0.813796,-0.575573,0.080324
0.735794,0.336418,1.17291,-0.384024,-0.369136,-0.846324,0.43619,0.735347,-0.518655,0.813796,-0.568334,-0.121378
0.735794,0.239468,1.12492,-0.384024,-0.0574141,-0.921536,0.43619,0.868391,-0.235873,0.813796,-0.492546,-0.308439
0.735794,0.164775,1.04668,-0.384024,0.261232,-0.885598,0.43619,0.896694,0.0753594,0.813796,-0.357349,-0.458299
0.809034,0.167658,1.13394,-0.660642,0.267314,-0.701495,0.44577,0.891559,-0.0800692,0.604021,-0.365603,-0.708162
0.809034,0.0942112,1.03059,-0.660642,0.491118,-0.567763,0.44577,0.865177,0.229691,0.604021,-0.101349,-0.790498
0.809034,0.0605422,0.908354,-0.660642,0.655687,-0.365551,0.44577,0.734442,0.511747,0.604021,0.17513,-0.777488
0.809034,0.0707115,0.781973,-0.660642,0.74117,-0.119247,0.44577,0.515122,0.732078,0.604021,0.430485,-0.670702
0.809034,0.123493,0.666691,-0.660642,0.737257,0.141439,0.44577,0.23367,0.864111,0.604021,0.633917,-0.483019
0.809034,0.212519,0.576413,-0.660642,0.64442,0.385066,0.44577,-0.0759649,0.891918,0.604021,0.760889,-0.237077
0.809034,0.327054,0.522029,-0.660642,0.473856,0.582248,0.44577,-0.376438,0.812148,0.604021,0.796087,0.0374597
0.809034,0.453281,0.510098,-0.660642,0.246138,0.709203,0.44577,-0.631507,0.63442,0.604021,0.735266,0.307479
0.809034,0.575977,0.542059,-0.660642,-0.0112673,0.750617,0.44577,-0.810406,0.380172,0.604021,0.58576,0.540411
0.809034,0.680342,0.614057,-0.660642,-0.267314,0.701495,0.44577,-0.891559,0.0800692,0.604021,0.365603,0.708162
0.809034,0.753789,0.717408,-0.660642,-0.491118,0.567763,0.44577,-0.865177,-0.229691,0.604021,0.101349,0.790498
0.809034,0.787458,0.839646,-0.660642,-0.655687,0.365551,0.44577,-0.734442,-0.511747,0.604021,-0.17513,0.777488
0.809034,0.777288,0.966027,-0.660642,-0.74117,0.119247,0.44577,-0.515122,-0.732078,0.604021,-0.430485,0.670702
0.809034,0.724507,1.08131,-0.660642,-0.737257,-0.141439,0.44577,-0.23367,-0.864111,0.604021,-0.633917,0.483019
0.809034,0.635481,1.17159,-0.660642,-0.64442,-0.385066,0.44577,0.0759649,-0.891918,0.604021,-0.760889,0.237077
0.809034,0.520946,1.22597,-0.660642,-0.473856,-0.582248,0.44577,0.376438,-0.812148,0.604021,-0.796087,-0.0374597
0.809034,0.394719,1.2379,-0.660642,-0.246138,-0.709203,0.44577,0.631507,-0.63442,0.604021,-0.735266,-0.307479
0.809034,0.272023,1.20594,-0.660642,0.0112673,-0.750617,0.44577,0.810406,-0.380172,0.604021,-0.58576,-0.540411
0.809034,0.167658,1.13394,-0.660642,0.267314,-0.701495,0.44577,0.891559,-0.0800692,0.604021,-0.365603,-0.708162
0.90772,0.169539,1.19091,-0.857576,0.276152,-0.433939,0.401584,0.886626,-0.229399,0.321392,-0.37099,-0.871248
0.90772,0.076496,1.08477,-0.857576,0.407914,-0.313319,0.401584,0.911615,0.0876795,0.321392,-0.0506321,-0.945592
0.90772,0.0253667,0.953202,-0.857576,0.490475,-0.154909,0.401584,0.82665,0.394183,0.321392,0.275833,-0.905883
0.90772,0.0223185,0.812085,-0.857576,0.513878,0.0221855,0.401584,0.641979,0.653141,0.321392,0.569028,-0.756911
0.90772,0.067719,0.678436,-0.857576,0.475299,0.196604,0.401584,0.379875,0.833322,0.321392,0.79359,-0.516644
0.90772,0.156092,0.568375,-0.857576,0.379393,0.347309,0.401584,0.0719529,0.912991,0.321392,0.922434,-0.214063
0.90772,0.276779,0.495176,-0.857576,0.237726,0.456124,0.401584,-0.244648,0.882541,0.321392,0.940018,0.114337
0.90772,0.415223,0.46767,-0.857576,0.0673855,0.509923,0.401584,-0.53174,0.745642,0.321392,0.844222,0.428947
0.90772,0.554725,0.489172,-0.857576,-0.111082,0.502218,0.401584,-0.754697,0.518809,0.321392,0.646601,0.691819
0.90772,0.678461,0.557091,-0.857576,-0.276152,0.433939,0.401584,-0.886626,0.229399,0.321392,0.37099,0.871248
0.90772,0.771504,0.663234,-0.857576,-0.407914,0.313319,0.401584,-0.911615,-0.0876795,0.321392,0.0506321,0.945592
0.90772,0.822633,0.794798,-0.857576,-0.490475,0.154909,0.401584,-0.82665,-0.394183,0.321392,-0.275833,0.905883
0.90772,0.825681,0.935915,-0.857576,-0.513878,-0.0221855,0.401584,-0.641979,-0.653141,0.321392,-0.569028,0.756911
0.90772,0.780281,1.06956,-0.857576,-0.475299,-0.196604,0.401584,-0.379875,-0.833322,0.321392,-0.79359,0.516644
0.90772,0.691908,1.17963,-0.857576,-0.379393,-0.347309,0.401584,-0.0719529,-0.912991,0.321392,-0.922434,0.214063
0.90772,0.571221,1.25282,-0.857576,-0.237726,-0.456124,0.401584,0.244648,-0.882541,0.321392,-0.940018,-0.114337
0.90772,0.432777,1.28033,-0.857576,-0.0673855,-0.509923,0.401584,0.53174,-0.745642,0.321392,-0.844222,-0.428947
0.90772,0.293275,1.25883,-0.857576,0.111082,-0.502218,0.401584,0.754697,-0.518809,0.321392,-0.646601,-0.691819
0.90772,0.169539,1.19091,-0.857576,0.276152,-0.433939,0.401584,0.886626,-0.229399,0.321392,-0.37099,-0.871248
0.883612,0.275113,0.503839,0.961642,0.23197,-0.146406,-0.0812368,0.750621,0.65572,0.262003,-0.618674,0.740673
0.883612,0.410695,0.47524,0.961642,0.268055,-0.0582379,-0.0812368,0.481084,0.872903,0.262003,-0.834689,0.484406
0.883612,0.547881,0.494737,0.961642,0.271808,0.0369544,-0.0812368,0.15352,0.984801,0.262003,-0.950027,0.169712
0.883612,0.670126,0.55998,0.961642,0.242776,0.127689,-0.0812368,-0.19256,0.977917,0.262003,-0.950779,-0.165451
0.883612,0.762684,0.663097,0.961642,0.184463,0.203023,-0.0812368,-0.515414,0.853082,0.262003,-0.836852,-0.480659
0.883612,0.814392,0.791653,0.961642,0.1039,0.253869,-0.0812368,-0.776102,0.625353,0.262003,-0.621989,-0.737892
0.883612,0.819012,0.930141,0.961642,0.0108059,0.274095,-0.0812368,-0.943181,0.322197,0.262003,-0.332105,-0.906124
0.883612,0.775989,1.06186,0.961642,-0.0835918,0.261261,-0.0812368,-0.996498,-0.0198207,0.262003,-0.00216357,-0.965065
0.883612,0.690511,1.17092,0.961642,-0.167907,0.216915,-0.0812368,-0.929622,-0.359448,0.262003,0.328038,-0.907604
0.883612,0.572887,1.24416,0.961642,-0.23197,0.146406,-0.0812368,-0.750621,-0.65572,0.262003,0.618674,-0.740673
0.883612,0.437305,1.27276,0.961642,-0.268055,0.0582379,-0.0812368,-0.481084,-0.872903,0.262003,0.834689,-0.484406
0.883612,0.300119,1.25326,0.961642,-0.271808,-0.0369544,-0.0812368,-0.15352,-0.984801,0.262003,0.950027,-0.169712
0.883612,0.177874,1.18802,0.961642,-0.242776,-0.127689,-0.0812368,0.19256,-0.977917,0.262003,0.950779,0.165451
0.883612,0.0853163,1.0849,0.961642,-0.184463,-0.203023,-0.0812368,0.515414,-0.853082,0.262003,0.836852,0.480659
0.883612,0.0336085,0.956347,0.961642,-0.1039,-0.253869,-0.0812368,0.776102,-0.625353,0.262003,0.621989,0.737892
0.883612,0.0289876,0.817859,0.961642,-0.0108059,-0.274095,-0.0812368,0.943181,-0.322197,0.262003,0.332105,0.906124
0.883612,0.072011,0.686143,0.961642,0.0835918,-0.261261,-0.0812368,0.996498,0.0198207,0.262003,0.00216357,0.965065
0.883612,0.157489,0.577085,0.961642,0.167907,-0.216915,-0.0812368,0.929622,0.359448,0.262003,-0.328038,0.907604
0.883612,0.275113,0.503839,0.961642,0.23197,-0.146406,-0.0812368,0.750621,0.65572,0.262003,-0.618674,0.740673
0.763622,0.2774,0.573056,0.856221,0.221388,-0.466769,0.156285,0.750184,0.642494,0.492403,-0.623066,0.607723
0.763622,0.389169,0.541065,0.856221,0.367681,-0.362901,0.156285,0.485197,0.860325,0.492403,-0.793344,0.357972
0.763622,0.50514,0.549231,0.856221,0.469626,-0.215261,0.156285,0.161687,0.974388,0.492403,-0.867933,0.0650441
0.763622,0.611325,0.596568,0.856221,0.514928,-0.0416571,0.156285,-0.181324,0.970926,0.492403,-0.837837,-0.235729
0.763622,0.694915,0.677368,0.856221,0.498122,0.136971,0.156285,-0.502465,0.850355,0.492403,-0.706685,-0.50807
0.763622,0.745829,0.781885,0.856221,0.421234,0.299078,0.156285,-0.763001,0.627219,0.492403,-0.490297,-0.71913
0.763622,0.757925,0.897512,0.856221,0.29354,0.425112,0.156285,-0.931508,0.328431,0.492403,-0.214771,-0.843453
0.763622,0.729745,1.0103,0.856221,0.130441,0.499871,0.156285,-0.987662,-0.00996993,0.492403,0.0866591,-0.866042
0.763622,0.664688,1.10665,0.856221,-0.048392,0.514339,0.156285,-0.924688,-0.347169,0.492403,0.377637,-0.784174
0.763622,0.5706,1.17494,0.856221,-0.221388,0.466769,0.156285,-0.750184,-0.642494,0.492403,0.623066,-0.607723
0.763622,0.458831,1.20693,0.856221,-0.367681,0.362901,0.156285,-0.485197,-0.860325,0.492403,0.793344,-0.357972
0.763622,0.34286,1.19877,0.856221,-0.469626,0.215261,0.156285,-0.161687,-0.974388,0.492403,0.867933,-0.0650441
0.763622,0.236675,1.15143,0.856221,-0.514928,0.0416571,0.156285,0.181324,-0.970926,0.492403,0.837837,0.235729
0.763622,0.153085,1.07063,0.856221,-0.498122,-0.136971,0.156285,0.502465,-0.850355,0.492403,0.706685,0.50807
0.763622,0.102171,0.966115,0.856221,-0.421234,-0.299078,0.156285,0.763001,-0.627219,0.492403,0.490297,0.71913
0.763622,0.0900748,0.850488,0.856221,-0.29354,-0.425112,0.156285,0.931508,-0.328431,0.492403,0.214771,0.843453
0.763622,0.118255,0.737697,0.856221,-0.130441,-0.499871,0.156285,0.987662,0.00996993,0.492403,-0.0866591,0.866042
0.763622,0.183312,0.641346,0.856221,0.048392,-0.514339,0.156285,0.924688,0.347169,0.492403,-0.377637,0.784174
0.763622,0.2774,0.573056,0.856221,0.221388,-0.466769,0.156285,0.750184,0.642494,0.492403,-0.623066,0.607723
0.674556,0.280903,0.679116,0.647527,0.212634,-0.731776,0.374957,0.747092,0.548873,0.663413,-0.629794,0.404033
0.674556,0.356187,0.641927,0.647527,0.450093,-0.614919,0.374957,0.514311,0.771292,0.663413,-0.730001,0.164264
0.674556,0.439651,0.632729,0.647527,0.633264,-0.423894,0.374957,0.219497,0.900682,0.663413,-0.742158,-0.0953168
0.674556,0.521226,0.652632,0.647527,0.740054,-0.181742,0.374957,-0.101792,0.921437,0.663413,-0.6648,-0.343401
0.674556,0.591075,0.699236,0.647527,0.757582,0.0823319,0.374957,-0.410803,0.831052,0.663413,-0.507258,-0.550067
0.674556,0.640772,0.766918,0.647527,0.683735,0.336475,0.374957,-0.670265,0.640431,0.663413,-0.288532,-0.690386
0.674556,0.664323,0.847516,0.647527,0.52742,0.550034,0.374957,-0.848883,0.372564,0.663413,-0.0350057,-0.747435
0.674556,0.658888,0.931309,0.647527,0.30749,0.697251,0.374957,-0.925114,0.0597603,0.663413,0.222743,-0.714331
0.674556,0.625122,1.00819,0.647527,0.0504716,0.76037,0.374957,-0.889762,-0.260251,0.663413,0.453626,-0.595069
0.674556,0.567097,1.06888,0.647527,-0.212634,0.731776,0.374957,-0.747092,-0.548873,0.663413,0.629794,-0.404033
0.674556,0.491813,1.10607,0.647527,-0.450093,0.614919,0.374957,-0.514311,-0.771292,0.663413,0.730001,-0.164264
0.674556,0.408349,1.11527,0.647527,-0.633264,0.423894,0.374957,-0.219497,-0.900682,0.663413,0.742158,0.0953168
0.674556,0.326774,1.09537,0.647527,-0.740054,0.181742,0.374957,0.101792,-0.921437,0.663413,0.6648,0.343401
0.674556,0.256925,1.04876,0.647527,-0.757582,-0.0823319,0.374957,0.410803,-0.831052,0.663413,0.507258,0.550067
0.674556,0.207228,0.981082,0.647527,-0.683735,-0.336475,0.374957,0.670265,-0.640431,0.663413,0.288532,0.690386
0.674556,0.183677,0.900484,0.647527,-0.52742,-0.550034,0.374957,0.848883,-0.372564,0.663413,0.0350057,0.747435
0.674556,0.189112,0.816691,0.647527,-0.30749,-0.697251,0.374957,0.925114,-0.0597603,0.663413,-0.222743,0.714331
0.674556,0.222878,0.739811,0.647527,-0.0504716,-0.76037,0.374957,0.889762,0.260251,0.663413,-0.453626,0.595069
0.674556,0.280903,0.679116,0.647527,0.212634,-0.731776,0.374957,0.747092,0.548873,0.663413,-0.629794,0.404033
0.627155,0.285201,0.809225,0.360731,0.206764,-0.909462,0.548404,0.741716,0.386148,0.754404,-0.638048,0.15417
0.627155,0.315726,0.765659,0.360731,0.505349,-0.783897,0.548404,0.564915,0.616542,0.754404,-0.652298,-0.073353
0.627155,0.35931,0.735161,0.360731,0.742982,-0.563783,0.548404,0.319976,0.772573,0.754404,-0.587872,-0.292028
0.627155,0.410697,0.721409,0.360731,0.891,-0.275668,0.548404,0.0364442,0.835419,0.754404,-0.452539,-0.475481
0.627155,0.463689,0.726062,0.360731,0.93155,0.0456967,0.548404,-0.251484,0.797502,0.754404,-0.262624,-0.601583
0.627155,0.511893,0.748558,0.360731,0.859741,0.36155,0.548404,-0.509079,0.663394,0.754404,-0.0410318,-0.655126
0.627155,0.549496,0.786184,0.360731,0.684235,0.633794,0.548404,-0.705272,0.449271,0.754404,0.185509,-0.629651
0.627155,0.571963,0.834402,0.360731,0.4262,0.829594,0.548404,-0.816399,0.18096,0.754404,0.389675,-0.52823
0.627155,0.576583,0.887396,0.360731,0.116759,0.925332,0.548404,-0.829056,-0.109178,0.754404,0.54684,-0.363098
0.627155,0.562799,0.938775,0.360731,-0.206764,0.909462,0.548404,-0.741716,-0.386148,0.754404,0.638048,-0.15417
0.627155,0.532274,0.982341,0.360731,-0.505349,0.783897,0.548404,-0.564915,-0.616542,0.754404,0.652298,0.073353
0.627155,0.48869,1.01284,0.360731,-0.742982,0.563783,0.548404,-0.319976,-0.772573,0.754404,0.587872,0.292028
0.627155,0.437303,1.02659,0.360731,-0.891,0.275668,0.548404,-0.0364442,-0.835419,0.754404,0.452539,0.475481
0.627155,0.384311,1.02194,0.360731,-0.93155,-0.0456967,0.548404,0.251484,-0.797502,0.754404,0.262624,0.601583
0.627155,0.336107,0.999442,0.360731,-0.859741,-0.36155,0.548404,0.509079,-0.663394,0.754404,0.0410318,0.655126
0.627155,0.298504,0.961816,0.360731,-0.684235,-0.633794,0.548404,0.705272,-0.449271,0.754404,-0.185509,0.629651
0.627155,0.276037,0.913598,0.360731,-0.4262,-0.829594,0.548404,0.816399,-0.18096,0.754404,-0.389675,0.52823
0.627155,0.271417,0.860604,0.360731,-0.116759,-0.925332,0.548404,0.829056,0.109178,0.754404,-0.54684,0.363098
0.627155,0.285201,0.809225,0.360731,0.206764,-0.909462,0.548404,0.741716,0.386148,0.754404,-0.638048,0.15417
0.627137,0.289775,0.947691,0.0304265,0.204487,-0.978396,0.655705,0.734707,0.173947,0.754404,-0.646832,-0.111729
0.627137,0.272666,0.897339,0.0304265,0.526786,-0.849453,0.655705,0.630905,0.414741,0.754404,-0.569609,-0.32622
0.627137,0.27381,0.844173,0.0304265,0.785547,-0.618053,0.655705,0.451007,0.605511,0.754404,-0.423684,-0.501365
0.627137,0.293069,0.794603,0.0304265,0.94956,-0.312107,0.655705,0.216711,0.723248,0.754404,-0.226656,-0.616037
0.627137,0.32812,0.75461,0.0304265,0.999041,0.0314839,0.655705,-0.0437238,0.75375,0.754404,-0.00228985,-0.656406
0.627137,0.374736,0.729018,0.0304265,0.928023,0.371277,0.655705,-0.298885,0.693339,0.754404,0.222352,-0.617603
0.627137,0.427294,0.720912,0.0304265,0.745072,0.666289,0.655705,-0.517996,0.549301,0.754404,0.420176,-0.504308
0.627137,0.479455,0.731271,0.0304265,0.472255,0.880937,0.655705,-0.674629,0.339009,0.754404,0.56732,-0.330186
0.627137,0.524926,0.758845,0.0304265,0.142476,0.98933,0.655705,-0.749892,0.0878279,0.754404,0.646036,-0.116239
0.627137,0.558225,0.800309,0.0304265,-0.204487,0.978396,0.655705,-0.734707,-0.173947,0.754404,0.646832,0.111729
0.627137,0.575334,0.850661,0.0304265,-0.526786,0.849453,0.655705,-0.630905,-0.414741,0.754404,0.569609,0.32622
0.627137,0.57419,0.903827,0.0304265,-0.785547,0.618053,0.655705,-0.451007,-0.605511,0.754404,0.423684,0.501365
0.627137,0.554931,0.953397,0.0304265,-0.94956,0.312107,0.655705,-0.216711,-0.723248,0.754404,0.226656,0.616037
0.627137,0.51988,0.99339,0.0304265,-0.999041,-0.0314839,0.655705,0.0437238,-0.75375,0.754404,0.00228985,0.656406
0.627137,0.473264,1.01898,0.0304265,-0.928023,-0.371277,0.655705,0.298885,-0.693339,0.754404,-0.222352,0.617603
0.627137,0.420706,1.02709,0.0304265,-0.745072,-0.666289,0.655705,0.517996,-0.549301,0.754404,-0.420176,0.504308
0.627137,0.368545,1.01673,0.0304265,-0.472255,-0.880937,0.655705,0.674629,-0.339009,0.754404,-0.56732,0.330186
0.627137,0.323074,0.989155,0.0304265,-0.142476,-0.98933,0.655705,0.749892,-0.0878279,0.754404,-0.646036,0.116239
0.627137,0.289775,0.947691,0.0304265,0.204487,-0.978396,0.655705,0.734707,0.173947,0.754404,-0.646832,-0.111729
0.674504,0.294073,1.07781,-0.303548,0.206077,-0.930264,0.683918,0.726908,-0.062136,0.663411,-0.655085,-0.361592
0.674504,0.232201,1.02108,-0.303548,0.511818,-0.803679,0.683918,0.704322,0.190228,0.663411,-0.491907,-0.563837
0.674504,0.193462,0.946614,-0.303548,0.755826,-0.580159,0.683918,0.596784,0.419649,0.663411,-0.269398,-0.698076
0.674504,0.182529,0.863387,-0.303548,0.908671,-0.286664,0.683918,0.417265,0.598453,0.663411,-0.0143952,-0.748116
0.674504,0.200722,0.781439,-0.303548,0.951916,0.0414078,0.683918,0.187418,0.705075,0.663411,0.242344,-0.707923
0.674504,0.245845,0.710655,-0.303548,0.880346,0.364485,0.683918,-0.0650343,0.726655,0.663411,0.469853,-0.582343
0.674504,0.312456,0.659574,-0.303548,0.702593,0.6436,0.683918,-0.309643,0.660589,0.663411,0.64069,-0.386525
0.674504,0.392521,0.634355,-0.303548,0.440098,0.845087,0.683918,-0.516904,0.514846,0.663411,0.734251,-0.144086
0.674504,0.476383,0.638041,-0.303548,0.12452,0.944645,0.683918,-0.661818,0.307006,0.663411,0.73925,0.115733
0.674504,0.553927,0.670187,-0.303548,-0.206077,0.930264,0.683918,-0.726908,0.062136,0.663411,0.655085,0.361592
0.674504,0.615799,0.726916,-0.303548,-0.511818,0.803679,0.683918,-0.704322,-0.190228,0.663411,0.491907,0.563837
0.674504,0.654538,0.801386,-0.303548,-0.755826,0.580159,0.683918,-0.596784,-0.419649,0.663411,0.269398,0.698076
0.674504,0.665471,0.884613,-0.303548,-0.908671,0.286664,0.683918,-0.417265,-0.598453,0.663411,0.0143952,0.748116
0.674504,0.647278,0.966561,-0.303548,-0.951916,-0.0414078,0.683918,-0.187418,-0.705075,0.663411,-0.242344,0.707923
0.674504,0.602155,1.03734,-0.303548,-0.880346,-0.364485,0.683918,0.0650343,-0.726655,0.663411,-0.469853,0.582343
0.674504,0.535544,1.08843,-0.303548,-0.702593,-0.6436,0.683918,0.309643,-0.660589,0.663411,-0.64069,0.386525
0.674504,0.455479,1.11365,-0.303548,-0.440098,-0.845087,0.683918,0.516904,-0.514846,0.663411,-0.734251,0.144086
0.674504,0.371617,1.10996,-0.303548,-0.12452,-0.944645,0.683918,0.661818,-0.307006,0.663411,-0.73925,-0.115733
0.674504,0.294073,1.07781,-0.303548,0.206077,-0.930264,0.683918,0.726908,-0.062136,0.663411,-0.655085,-0.361592
0.763543,0.297577,1.1839,-0.60091,0.211342,-0.77087,0.629641,0.719261,-0.293626,0.492402,-0.661814,-0.565281
0.763543,0.199211,1.12197,-0.60091,0.46225,-0.652098,0.629641,0.77631,-0.0299159,0.492402,-0.428564,-0.757544
0.763543,0.127958,1.03013,-0.60091,0.657404,-0.454673,0.629641,0.739725,0.237402,0.492402,-0.143623,-0.858436
0.763543,0.0924112,0.919463,-0.60091,0.773264,-0.202407,0.629641,0.613918,0.476086,0.492402,0.158641,-0.855788
0.763543,0.0968593,0.803311,-0.60091,0.795858,0.0742715,0.629641,0.414063,0.657347,0.492402,0.441771,-0.74992
0.763543,0.140765,0.695685,-0.60091,0.72246,0.341992,0.629641,0.164266,0.759322,0.492402,0.671616,-0.553599
0.763543,0.218834,0.609567,-0.60091,0.561922,0.568463,0.629641,-0.105343,0.769711,0.492402,0.820455,-0.290507
0.763543,0.321648,0.555343,-0.60091,0.333608,0.726369,0.629641,-0.362247,0.687262,0.492402,0.870335,0.00762498
0.763543,0.436808,0.539554,-0.60091,0.0650562,0.796664,0.629641,-0.575459,0.52192,0.492402,0.815239,0.304837
0.763543,0.550423,0.564104,-0.60091,-0.211342,0.77087,0.629641,-0.719261,0.293626,0.492402,0.661814,0.565281
0.763543,0.648789,0.626032,-0.60091,-0.46225,0.652098,0.629641,-0.77631,0.0299159,0.492402,0.428564,0.757544
0.763543,0.720042,0.717869,-0.60091,-0.657404,0.454673,0.629641,-0.739725,-0.237402,0.492402,0.143623,0.858436
0.763543,0.755589,0.828537,-0.60091,-0.773264,0.202407,0.629641,-0.613918,-0.476086,0.492402,-0.158641,0.855788
0.763543,0.751141,0.944689,-0.60091,-0.795858,-0.0742715,0.629641,-0.414063,-0.657347,0.492402,-0.441771,0.74992
0.763543,0.707235,1.05231,-0.60091,-0.72246,-0.341992,0.629641,-0.164266,-0.759322,0.492402,-0.671616,0.553599
0.763543,0.629166,1.13843,-0.60091,-0.561922,-0.568463,0.629641,0.105343,-0.769711,0.492402,-0.820455,0.290507
0.763543,0.526352,1.19266,-0.60091,-0.333608,-0.726369,0.629641,0.362247,-0.687262,0.492402,-0.870335,-0.00762498
0.763543,0.411192,1.20845,-0.60091,-0.0650562,-0.796664,0.629641,0.575459,-0.52192,0.492402,-0.815239,-0.304837
0.763543,0.297577,1.1839,-0.60091,0.211342,-0.77087,0.629641,0.719261,-0.293626,0.492402,-0.661814,-0.565281
0.883514,0.299865,1.25314,-0.825794,0.219648,-0.519441,0.499419,0.712689,-0.492601,0.262001,-0.666206,-0.69823
0.883514,0.177676,1.18782,-0.825794,0.384061,-0.412991,0.499419,0.838188,-0.219139,0.262001,-0.38722,-0.883978
0.883514,0.0851977,1.08465,-0.825794,0.50215,-0.256728,0.499419,0.862589,0.0807533,0.262001,-0.0615292,-0.963104
0.883514,0.0335838,0.956068,-0.825794,0.559673,-0.0694997,0.499419,0.782949,0.370906,0.262001,0.271583,-0.926066
0.883514,0.0290599,0.817589,-0.825794,0.549691,0.126111,0.499419,0.608874,0.616322,0.262001,0.571937,-0.777331
0.883514,0.0721715,0.685913,-0.825794,0.473408,0.306511,0.499419,0.36136,0.7874,0.262001,0.803308,-0.534838
0.883514,0.157719,0.576924,-0.825794,0.340025,0.449941,0.499419,0.0702605,0.863507,0.262001,0.937788,-0.227836
0.883514,0.275384,0.503766,-0.825794,0.16563,0.539102,0.499419,-0.229313,0.835461,0.262001,0.959157,0.106647
0.883514,0.410974,0.475264,-0.825794,-0.0287423,0.563239,0.499419,-0.501229,0.706647,0.262001,0.864837,0.428266
0.883514,0.548135,0.494856,-0.825794,-0.219648,0.519441,0.499419,-0.712689,0.492601,0.262001,0.666206,0.69823
0.883514,0.670324,0.560178,-0.825794,-0.384061,0.412991,0.499419,-0.838188,0.219139,0.262001,0.38722,0.883978
0.883514,0.762802,0.663351,-0.825794,-0.50215,0.256728,0.499419,-0.862589,-0.0807533,0.262001,0.0615292,0.963104
0.883514,0.814416,0.791932,-0.825794,-0.559673,0.0694997,0.499419,-0.782949,-0.370906,0.262001,-0.271583,0.926066
0.883514,0.81894,0.930411,-0.825794,-0.549691,-0.126111,0.499419,-0.608874,-0.616322,0.262001,-0.571937,0.777331
0.883514,0.775828,1.06209,-0.825794,-0.473408,-0.306511,0.499419,-0.36136,-0.7874,0.262001,-0.803308,0.534838
0.883514,0.690281,1.17108,-0.825794,-0.340025,-0.449941,0.499419,-0.0702605,-0.863507,0.262001,-0.937788,0.227836
0.883514,0.572616,1.24423,-0.825794,-0.16563,-0.539102,0.499419,0.229313,-0.835461,0.262001,-0.959157,-0.106647
0.883514,0.437026,1.27274,-0.825794,0.0287423,-0.563239,0.499419,0.501229,-0.706647,0.262001,-0.864837,-0.428266
0.883514,0.299865,1.25314,-0.825794,0.219648,-0.519441,0.499419,0.712689,-0.492601,0.262001,-0.666206,-0.69823
0.875863,0.419005,0.477783,0.985232,0.151958,-0.0789152,-0.00862081,0.504317,0.863476,0.17101,-0.850043,0.498179
0.875863,0.554821,0.49997,0.985232,0.169784,-0.0221834,-0.00862081,0.178577,0.983888,0.17101,-0.969166,0.177403
0.875863,0.674857,0.56727,0.985232,0.167132,0.037224,-0.00862081,-0.168702,0.985629,0.17101,-0.971394,-0.16477
0.875863,0.764636,0.671566,0.985232,0.144321,0.0921417,-0.00862081,-0.495633,0.868489,0.17101,-0.856457,-0.48707
0.875863,0.81333,0.800279,0.985232,0.104104,0.135946,-0.00862081,-0.762784,0.646596,0.17101,-0.638219,-0.750621
0.875863,0.815065,0.937883,0.985232,0.0513291,0.163353,-0.00862081,-0.937931,0.346714,0.17101,-0.343002,-0.923637
0.875863,0.769631,1.06778,0.985232,-0.0076363,0.171057,-0.00862081,-0.99995,0.00501336,0.17101,-0.00641396,-0.985248
0.875863,0.68251,1.17431,0.985232,-0.0656807,0.158129,-0.00862081,-0.941361,-0.337292,0.17101,0.330948,-0.928024
0.875863,0.564208,1.24461,0.985232,-0.115803,0.126129,-0.00862081,-0.769229,-0.638915,0.17101,0.628392,-0.758867
0.875863,0.428995,1.27022,0.985232,-0.151958,0.0789152,-0.00862081,-0.504317,-0.863476,0.17101,0.850043,-0.498179
0.875863,0.293179,1.24803,0.985232,-0.169784,0.0221834,-0.00862081,-0.178577,-0.983888,0.17101,0.969166,-0.177403
0.875863,0.173143,1.18073,0.985232,-0.167132,-0.037224,-0.00862081,0.168702,-0.985629,0.17101,0.971394,0.16477
0.875863,0.0833635,1.07643,0.985232,-0.144321,-0.0921417,-0.00862081,0.495633,-0.868489,0.17101,0.856457,0.48707
0.875863,0.0346699,0.947721,0.985232,-0.104104,-0.135946,-0.00862081,0.762784,-0.646596,0.17101,0.638219,0.750621
0.875863,0.0329352,0.810117,0.985232,-0.0513291,-0.163353,-0.00862081,0.937931,-0.346714,0.17101,0.343002,0.923637
0.875863,0.0783687,0.680217,0.985232,0.0076363,-0.171057,-0.00862081,0.99995,-0.00501336,0.17101,0.00641396,0.985248
0.875863,0.16549,0.573691,0.985232,0.0656807,-0.158129,-0.00862081,0.941361,0.337292,0.17101,-0.330948,0.928024
0.875863,0.283792,0.503386,0.985232,0.115803,-0.126129,-0.00862081,0.769229,0.638915,0.17101,-0.628392,0.758867
0.875863,0.419005,0.477783,0.985232,0.151958,-0.0789152,-0.00862081,0.504317,0.863476,0.17101,-0.850043,0.498179
0.749059,0.421422,0.550933,0.900555,0.14098,-0.411249,0.292759,0.502663,0.813402,0.321393,-0.85291,0.411402
0.749059,0.532073,0.569534,0.900555,0.273133,-0.33823,0.292759,0.194149,0.936268,0.321393,-0.942181,0.0948794
0.749059,0.629688,0.624859,0.900555,0.372343,-0.224415,0.292759,-0.137783,0.946207,0.321393,-0.917811,-0.233087
0.749059,0.702495,0.710233,0.900555,0.426642,-0.0835324,0.292759,-0.453095,0.84202,0.321393,-0.78274,-0.53294
0.749059,0.741711,0.815361,0.900555,0.429482,0.0674253,0.292759,-0.713758,0.636272,0.321393,-0.553258,-0.768513
0.749059,0.742607,0.927561,0.900555,0.38052,0.210251,0.292759,-0.888331,0.35378,0.321393,-0.257046,-0.911391
0.749059,0.705074,1.0333,0.900555,0.285662,0.327717,0.292759,-0.955758,0.0286178,0.321393,0.07017,-0.944343
0.749059,0.633639,1.11983,0.900555,0.156349,0.405655,0.292759,-0.907907,-0.299997,0.321393,0.388922,-0.863392
0.749059,0.536918,1.1767,0.900555,0.00817778,0.434666,0.292759,-0.750548,-0.592427,0.321393,0.660765,-0.678304
0.749059,0.426578,1.19707,0.900555,-0.14098,0.411249,0.292759,-0.502663,-0.813402,0.321393,0.85291,-0.411402
0.749059,0.315927,1.17847,0.900555,-0.273133,0.33823,0.292759,-0.194149,-0.936268,0.321393,0.942181,-0.0948794
0.749059,0.218312,1.12314,0.900555,-0.372343,0.224415,0.292759,0.137783,-0.946207,0.321393,0.917811,0.233087
0.749059,0.145505,1.03777,0.900555,-0.426642,0.0835324,0.292759,0.453095,-0.84202,0.321393,0.78274,0.53294
0.749059,0.106289,0.932639,0.900555,-0.429482,-0.0674253,0.292759,0.713758,-0.636272,0.321393,0.553258,0.768513
0.749059,0.105393,0.820439,0.900555,-0.38052,-0.210251,0.292759,0.888331,-0.35378,0.321393,0.257046,0.911391
0.749059,0.142926,0.714699,0.900555,-0.285662,-0.327717,0.292759,0.955758,-0.0286178,0.321393,-0.07017,0.944343
0.749059,0.214361,0.628174,0.900555,-0.156349,-0.405655,0.292759,0.907907,0.299997,0.321393,-0.388922,0.863392
0.749059,0.311082,0.571298,0.900555,-0.00817778,-0.434666,0.292759,0.750548,0.592427,0.321393,-0.660765,0.678304
0.749059,0.421422,0.550933,0.900555,0.14098,-0.411249,0.292759,0.502663,0.813402,0.321393,-0.85291,0.411402
0.654934,0.425124,0.663017,0.707258,0.13162,-0.694595,0.558827,0.497705,0.663326,0.433011,-0.857301,0.278453
0.654934,0.497217,0.676125,0.707258,0.361248,-0.607689,0.558827,0.240819,0.793548,0.433011,-0.900836,-0.031554
0.654934,0.560478,0.7131,0.707258,0.547304,-0.447487,0.558827,-0.0451134,0.828056,0.433011,-0.835717,-0.337755
0.654934,0.607279,0.769482,0.707258,0.667347,-0.233311,0.558827,-0.325605,0.762688,0.433011,-0.669798,-0.603218
0.654934,0.631973,0.83847,0.707258,0.706898,0.0090052,0.558827,-0.566823,0.605329,0.433011,-0.423092,-0.795924
0.654934,0.631583,0.911744,0.707258,0.661187,0.250236,0.558827,-0.739674,0.374959,0.433011,-0.125354,-0.89263
0.654934,0.606155,0.980465,0.707258,0.535727,0.461284,0.558827,-0.82331,0.0993624,0.433011,0.187503,-0.881671
0.654934,0.558756,1.03634,0.707258,0.34565,0.616694,0.558827,-0.807642,-0.188218,0.433011,0.477745,-0.76437
0.654934,0.495104,1.07264,0.707258,0.113883,0.697723,0.558827,-0.694561,-0.453097,0.433011,0.710363,-0.554875
0.654934,0.422876,1.08498,0.707258,-0.13162,0.694595,0.558827,-0.497705,-0.663326,0.433011,0.857301,-0.278453
0.654934,0.350783,1.07187,0.707258,-0.361248,0.607689,0.558827,-0.240819,-0.793548,0.433011,0.900836,0.031554
0.654934,0.287522,1.0349,0.707258,-0.547304,0.447487,0.558827,0.0451134,-0.828056,0.433011,0.835717,0.337755
0.654934,0.240721,0.978518,0.707258,-0.667347,0.233311,0.558827,0.325605,-0.762688,0.433011,0.669798,0.603218
0.654934,0.216027,0.90953,0.707258,-0.706898,-0.0090052,0.558827,0.566823,-0.605329,0.433011,0.423092,0.795924
0.654934,0.216417,0.836256,0.707258,-0.661187,-0.250236,0.558827,0.739674,-0.374959,0.433011,0.125354,0.89263
0.654934,0.241845,0.767535,0.707258,-0.535727,-0.461284,0.558827,0.82331,-0.0993624,0.433011,-0.187503,0.881671
0.654934,0.289244,0.711655,0.707258,-0.34565,-0.616694,0.558827,0.807642,0.188218,0.433011,-0.477745,0.76437
