0.658953,0.18692,0.879416,0.308961,-0.0770151,0.947951,0.951075,0.0250223,-0.307946,-3.49349e-06,0.996716,0.0809781
0.907818,0.165056,0.568201,0.92986,0.307674,-0.201737,-0.179072,0.857472,0.482363,0.321394,-0.412405,0.852425
0.907818,0.291922,0.506306,0.92986,0.358117,-0.0843396,-0.179072,0.640783,0.746546,0.321394,-0.67908,0.659967
0.907818,0.432306,0.491535,0.92986,0.365366,0.0432301,-0.179072,0.346805,0.920684,0.321394,-0.863848,0.387907
0.907818,0.569277,0.525669,0.92986,0.328546,0.165586,-0.179072,0.0109975,0.983774,0.321394,-0.944424,0.0690596
0.907818,0.686312,0.604591,0.92986,0.252099,0.267969,-0.179072,-0.326136,0.928207,0.321394,-0.911088,-0.258117
0.907818,0.769296,0.718781,0.92986,0.145245,0.338031,-0.179072,-0.623933,0.760684,0.321394,-0.767861,-0.554161
0.907818,0.808221,0.854468,0.92986,0.0208719,0.367322,-0.179072,-0.846475,0.501411,0.321394,-0.532019,-0.783365
0.907818,0.79839,0.995285,0.92986,-0.106018,0.352309,-0.179072,-0.966919,0.181661,0.321394,-0.232008,-0.918084
0.907818,0.74099,1.12425,0.92986,-0.220121,0.294801,-0.179072,-0.970738,-0.16,0.321394,0.095987,-0.942068
0.907818,0.642944,1.2258,0.92986,-0.307674,0.201737,-0.179072,-0.857472,-0.482363,0.321394,0.412405,-0.852425
0.907818,0.516078,1.28769,0.92986,-0.358117,0.0843396,-0.179072,-0.640783,-0.746546,0.321394,0.67908,-0.659967
0.907818,0.375694,1.30247,0.92986,-0.365366,-0.0432301,-0.179072,-0.346805,-0.920684,0.321394,0.863848,-0.387907
0.907818,0.238723,1.26833,0.92986,-0.328546,-0.165586,-0.179072,-0.0109975,-0.983774,0.321394,0.944424,-0.0690596
0.907818,0.121688,1.18941,0.92986,-0.252099,-0.267969,-0.179072,0.326136,-0.928207,0.321394,0.911088,0.258117
0.907818,0.0387035,1.07522,0.92986,-0.145245,-0.338031,-0.179072,0.623933,-0.760684,0.321394,0.767861,0.554161
0.907818,-0.000220765,0.939532,0.92986,-0.0208719,-0.367322,-0.179072,0.846475,-0.501411,0.321394,0.532019,0.783365
0.907818,0.00960994,0.798715,0.92986,0.106018,-0.352309,-0.179072,0.966919,-0.181661,0.321394,0.232008,0.918084
0.907818,0.0670099,0.669753,0.92986,0.220121,-0.294801,-0.179072,0.970738,0.16,0.321394,-0.095987,0.942068
0.907818,0.165056,0.568201,0.92986,0.307674,-0.201737,-0.179072,0.857472,0.482363,0.321394,-0.412405,0.852425
0.809114,0.160443,0.624979,0.796489,0.332324,-0.505139,-0.0275851,0.854522,0.518683,0.604023,-0.399191,0.689785
0.809114,0.268168,0.558083,0.796489,0.48505,-0.361014,-0.0275851,0.625588,0.779666,0.604023,-0.611037,0.511654
0.809114,0.392276,0.532064,0.796489,0.579272,-0.173345,-0.0275851,0.321199,0.94661,0.604023,-0.749183,0.271811
0.809114,0.517798,0.550063,0.796489,0.603625,0.0352315,-0.0275851,-0.0219316,0.999379,0.604023,-0.796967,-0.000817228
0.809114,0.629595,0.609907,0.796489,0.555172,0.239559,-0.0275851,-0.362417,0.931608,0.604023,-0.748624,-0.273347
0.809114,0.714181,0.704379,0.796489,0.439757,0.414992,-0.0275851,-0.659189,0.751471,0.604023,-0.609987,-0.512906
0.809114,0.761356,0.822084,0.796489,0.271301,0.54037,-0.0275851,-0.876453,0.480696,0.604023,-0.397776,-0.690602
0.809114,0.765427,0.948825,0.796489,0.0701221,0.600573,-0.0275851,-0.988004,0.151942,0.604023,-0.137587,-0.785001
0.809114,0.725905,1.06931,0.796489,-0.139515,0.588337,-0.0275851,-0.980388,-0.195139,0.604023,0.139197,-0.784717
0.809114,0.647557,1.16902,0.796489,-0.332324,0.505139,-0.0275851,-0.854522,-0.518683,0.604023,0.399191,-0.689785
0.809114,0.539832,1.23592,0.796489,-0.48505,0.361014,-0.0275851,-0.625588,-0.779666,0.604023,0.611037,-0.511654
0.809114,0.415724,1.26194,0.796489,-0.579272,0.173345,-0.0275851,-0.321199,-0.94661,0.604023,0.749183,-0.271811
0.809114,0.290202,1.24394,0.796489,-0.603625,-0.0352315,-0.0275851,0.0219316,-0.999379,0.604023,0.796967,0.000817228
0.809114,0.178405,1.18409,0.796489,-0.555172,-0.239559,-0.0275851,0.362417,-0.931608,0.604023,0.748624,0.273347
0.809114,0.0938185,1.08962,0.796489,-0.439757,-0.414992,-0.0275851,0.659189,-0.751471,0.604023,0.609987,0.512906
0.809114,0.0466445,0.971916,0.796489,-0.271301,-0.54037,-0.0275851,0.876453,-0.480696,0.604023,0.397776,0.690602
0.809114,0.0425728,0.845175,0.796489,-0.0701221,-0.600573,-0.0275851,0.988004,-0.151942,0.604023,0.137587,0.785001
0.809114,0.0820946,0.724685,0.796489,0.139515,-0.588337,-0.0275851,0.980388,0.195139,0.604023,-0.139197,0.784717
0.809114,0.160443,0.624979,0.796489,0.332324,-0.505139,-0.0275851,0.854522,0.518683,0.604023,-0.399191,0.689785
0.735846,0.153375,0.711981,0.567051,0.351793,-0.744778,0.127229,0.855944,0.50117,0.813797,-0.378947,0.440606
0.735846,0.231769,0.63742,0.567051,0.585307,-0.579542,0.127229,0.632914,0.763696,0.813797,-0.50679,0.284427
0.735846,0.330937,0.594169,0.567051,0.748223,-0.344405,0.127229,0.333545,0.934109,0.813797,-0.573506,0.0939413
0.735846,0.438918,0.587443,0.567051,0.820894,-0.0677273,0.127229,-0.00605413,0.991855,0.813797,-0.571049,-0.107875
0.735846,0.542687,0.618054,0.567051,0.794552,0.217119,0.127229,-0.344923,0.929968,0.813797,-0.499715,-0.296679
0.735846,0.629728,0.68231,0.567051,0.672375,0.475778,0.127229,-0.64219,0.755913,0.813797,-0.368109,-0.4497
0.735846,0.689544,0.772461,0.567051,0.4691,0.677051,0.127229,-0.861999,0.490684,0.813797,-0.192102,-0.54848
0.735846,0.714918,0.877634,0.567051,0.209245,0.796662,0.127229,-0.977838,0.166272,0.813797,0.00707417,-0.581106
0.735846,0.702791,0.985142,0.567051,-0.0758483,0.820183,0.127229,-0.975735,-0.178196,0.813797,0.205397,-0.543641
0.735846,0.654625,1.08202,0.567051,-0.351793,0.744778,0.127229,-0.855944,-0.50117,0.813797,0.378947,-0.440606
0.735846,0.576231,1.15658,0.567051,-0.585307,0.579542,0.127229,-0.632914,-0.763696,0.813797,0.50679,-0.284427
0.735846,0.477063,1.19983,0.567051,-0.748223,0.344405,0.127229,-0.333545,-0.934109,0.813797,0.573506,-0.0939413
0.735846,0.369082,1.20656,0.567051,-0.820894,0.0677273,0.127229,0.00605413,-0.991855,0.813797,0.571049,0.107875
0.735846,0.265313,1.17595,0.567051,-0.794552,-0.217119,0.127229,0.344923,-0.929968,0.813797,0.499715,0.296679
0.735846,0.178272,1.11169,0.567051,-0.672375,-0.475778,0.127229,0.64219,-0.755913,0.813797,0.368109,0.4497
0.735846,0.118456,1.02154,0.567051,-0.4691,-0.677051,0.127229,0.861999,-0.490684,0.813797,0.192102,0.54848
0.735846,0.0930821,0.916366,0.567051,-0.209245,-0.796662,0.127229,0.977838,-0.166272,0.813797,-0.00707417,0.581106
0.735846,0.105209,0.808858,0.567051,0.0758483,-0.820183,0.127229,0.975735,0.178196,0.813797,-0.205397,0.543641
0.735846,0.153375,0.711981,0.567051,0.351793,-0.744778,0.127229,0.855944,0.50117,0.813797,-0.378947,0.440606
0.696852,0.144703,0.818713,0.269218,0.363734,-0.891751,0.266698,0.861569,0.431939,0.925416,-0.354114,0.134943
0.696852,0.187116,0.73475,0.269218,0.646795,-0.713567,0.266698,0.661878,0.700563,0.925416,-0.378911,0.00569069
0.696852,0.255689,0.670356,0.269218,0.851843,-0.449317,0.266698,0.382355,0.88469,0.925416,-0.358006,-0.124248
0.696852,0.34215,0.633299,0.269218,0.954146,-0.130873,0.266698,0.0567148,0.96211,0.925416,-0.293921,-0.2392
0.696852,0.436071,0.628048,0.269218,0.941365,0.203357,0.266698,-0.275767,0.923485,0.925416,-0.194384,-0.325301
0.696852,0.526124,0.655237,0.269218,0.815041,0.513059,0.266698,-0.574986,0.773475,0.925416,-0.0714014,-0.372166
0.696852,0.601447,0.711586,0.269218,0.590412,0.760878,0.266698,-0.804854,0.530171,0.925416,0.060193,-0.374143
0.696852,0.652955,0.790298,0.269218,0.29457,0.916924,0.266698,-0.937645,0.222922,0.925416,0.184527,-0.330992
0.696852,0.674435,0.881881,0.269218,-0.0368012,0.962376,0.266698,-0.957342,-0.111216,0.925416,0.286605,-0.247919
0.696852,0.663297,0.975287,0.269218,-0.363734,0.891751,0.266698,-0.861569,-0.431939,0.925416,0.354114,-0.134943
0.696852,0.620884,1.05925,0.269218,-0.646795,0.713567,0.266698,-0.661878,-0.700563,0.925416,0.378911,-0.00569069
0.696852,0.552311,1.12364,0.269218,-0.851843,0.449317,0.266698,-0.382355,-0.88469,0.925416,0.358006,0.124248
0.696852,0.46585,1.1607,0.269218,-0.954146,0.130873,0.266698,-0.0567148,-0.96211,0.925416,0.293921,0.2392
0.696852,0.371929,1.16595,0.269218,-0.941365,-0.203357,0.266698,0.275767,-0.923485,0.925416,0.194384,0.325301
0.696852,0.281876,1.13876,0.269218,-0.815041,-0.513059,0.266698,0.574986,-0.773475,0.925416,0.0714014,0.372166
0.696852,0.206553,1.08241,0.269218,-0.590412,-0.760878,0.266698,0.804854,-0.530171,0.925416,-0.060193,0.374143
0.696852,0.155045,1.0037,0.269218,-0.29457,-0.916924,0.266698,0.937645,-0.222922,0.925416,-0.184527,0.330992
0.696852,0.133565,0.912119,0.269218,0.0368012,-0.962376,0.266698,0.957342,0.111216,0.925416,-0.286605,0.247919
0.696852,0.144703,0.818713,0.269218,0.363734,-0.891751,0.266698,0.861569,0.431939,0.925416,-0.354114,0.134943
0.696834,0.135475,0.932302,-0.061087,0.366706,-0.928329,0.373999,0.870717,0.319337,0.925415,-0.327687,-0.190337
0.696834,0.139595,0.838332,-0.061087,0.662098,-0.746924,0.373999,0.708987,0.597882,0.925415,-0.242826,-0.290934
0.696834,0.175606,0.751438,-0.061087,0.877631,-0.475428,0.373999,0.461742,0.804313,0.925415,-0.128676,-0.356439
0.696834,0.239165,0.682101,-0.061087,0.98731,-0.146588,0.373999,0.158804,0.913732,0.925415,0.000993306,-0.378953
0.696834,0.322606,0.638684,-0.061087,0.977904,0.199932,0.373999,-0.163288,0.912941,0.925415,0.130543,-0.35576
0.696834,0.415863,0.626424,-0.061087,0.850548,0.522337,0.373999,-0.465684,0.802037,0.925415,0.244347,-0.289657
0.696834,0.50769,0.6468,-0.061087,0.620604,0.781741,0.373999,-0.711913,0.594394,0.925415,0.32868,-0.188616
0.696834,0.587011,0.697353,-0.061087,0.315806,0.946855,0.373999,-0.872274,0.31506,0.925415,0.373369,-0.0648264
0.696834,0.644257,0.771986,-0.061087,-0.0270832,0.997765,0.373999,-0.927426,-0.00227625,0.925415,0.373024,0.0667828
0.696834,0.672525,0.861698,-0.061087,-0.366706,0.928329,0.373999,-0.870717,-0.319337,0.925415,0.327687,0.190337
0.696834,0.668405,0.955668,-0.061087,-0.662098,0.746924,0.373999,-0.708987,-0.597882,0.925415,0.242826,0.290934
0.696834,0.632394,1.04256,-0.061087,-0.877631,0.475428,0.373999,-0.461742,-0.804313,0.925415,0.128676,0.356439
0.696834,0.568835,1.1119,-0.061087,-0.98731,0.146588,0.373999,-0.158804,-0.913732,0.925415,-0.000993306,0.378953
0.696834,0.485394,1.15532,-0.061087,-0.977904,-0.199932,0.373999,0.163288,-0.912941,0.925415,-0.130543,0.35576
0.696834,0.392137,1.16758,-0.061087,-0.850548,-0.522337,0.373999,0.465684,-0.802037,0.925415,-0.244347,0.289657
0.696834,0.30031,1.1472,-0.061087,-0.620604,-0.781741,0.373999,0.711913,-0.594394,0.925415,-0.32868,0.188616
0.696834,0.220989,1.09665,-0.061087,-0.315806,-0.946855,0.373999,0.872274,-0.31506,0.925415,-0.373369,0.0648264
0.696834,0.163743,1.02201,-0.061087,0.0270832,-0.997765,0.373999,0.927426,0.00227625,0.925415,-0.373024,-0.0667828
0.696834,0.135475,0.932302,-0.061087,0.366706,-0.928329,0.373999,0.870717,0.319337,0.925415,-0.327687,-0.190337
0.735794,0.126803,1.03905,-0.384024,0.36035,-0.850102,0.43619,0.882285,0.176949,0.813796,-0.302853,-0.496
0.735794,0.094937,0.935673,-0.384024,0.62937,-0.675588,0.43619,0.768557,0.468037,0.813796,-0.114947,-0.569669
0.735794,0.100349,0.827635,-0.384024,0.822479,-0.419587,0.43619,0.56213,0.702673,0.813796,0.0868233,-0.574628
0.735794,0.142386,0.727963,-0.384024,0.916385,-0.112979,0.43619,0.287901,0.852556,0.813796,0.278122,-0.510279
0.735794,0.215977,0.64868,-0.384024,0.899761,0.207257,0.43619,-0.021053,0.899608,0.813796,0.435874,-0.384382
0.735794,0.312247,0.599348,-0.384024,0.774613,0.502494,0.43619,-0.327468,0.838155,0.813796,0.541054,-0.212123
0.735794,0.419583,0.585917,-0.384024,0.556035,0.737123,0.43619,-0.594385,0.675607,0.813796,0.580975,-0.0142789
0.735794,0.52504,0.610007,-0.384024,0.270391,0.882845,0.43619,-0.78961,0.431572,0.813796,0.550822,0.185287
0.735794,0.615898,0.668713,-0.384024,-0.0478663,0.922082,0.43619,-0.889597,0.135482,0.813796,0.454231,0.362505
0.735794,0.681197,0.754954,-0.384024,-0.36035,0.850102,0.43619,-0.882285,-0.176949,0.813796,0.302853,0.496
0.735794,0.713063,0.858327,-0.384024,-0.62937,0.675588,0.43619,-0.768557,-0.468037,0.813796,0.114947,0.569669
0.735794,0.707651,0.966365,-0.384024,-0.822479,0.419587,0.43619,-0.56213,-0.702673,0.813796,-0.0868233,0.574628
0.735794,0.665614,1.06604,-0.384024,-0.916385,0.112979,0.43619,-0.287901,-0.852556,0.813796,-0.278122,0.510279
0.735794,0.592023,1.14532,-0.384024,-0.899761,-0.207257,0.43619,0.021053,-0.899608,0.813796,-0.435874,0.384382
0.735794,0.495753,1.19465,-0.384024,-0.774613,-0.502494,0.43619,0.327468,-0.838155,0.813796,-0.541054,0.212123
0.735794,0.388417,1.20808,-0.384024,-0.556035,-0.737123,0.43619,0.594385,-0.675607,0.813796,-0.580975,0.0142789
0.735794,0.28296,1.18399,-0.384024,-0.270391,-0.882845,0.43619,0.78961,-0.431572,0.813796,-0.550822,-0.185287
0.735794,0.192102,1.12529,-0.384024,0.0478663,-0.922082,0.43619,0.889597,-0.135482,0.813796,-0.454231,-0.362505
0.735794,0.126803,1.03905,-0.384024,0.36035,-0.850102,0.43619,0.882285,0.176949,0.813796,-0.302853,-0.496
0.809034,0.119732,1.12607,-0.660642,0.345434,-0.666504,0.44577,0.894878,0.0219459,0.604021,-0.282609,-0.745178
0.809034,0.0585288,1.01503,-0.660642,0.55256,-0.508164,0.44577,0.833405,0.326689,0.604021,-0.0106999,-0.796896
0.809034,0.0389941,0.889755,-0.660642,0.693038,-0.288531,0.44577,0.67141,0.592028,0.604021,0.2625,-0.752497
0.809034,0.0634846,0.765353,-0.660642,0.749927,-0.0340976,0.44577,0.428434,0.78596,0.604021,0.504039,-0.617336
0.809034,0.129046,0.656829,-0.660642,0.716363,0.224449,0.44577,0.133782,0.885094,0.604021,0.684783,-0.407715
0.809034,0.227771,0.577273,-0.660642,0.596395,0.455923,0.44577,-0.177006,0.877472,0.604021,0.782932,-0.148917
0.809034,0.347752,0.536281,-0.660642,0.404493,0.632407,0.44577,-0.466445,0.764015,0.604021,0.786648,0.127842
0.809034,0.474517,0.538797,-0.660642,0.163803,0.732613,0.44577,-0.699623,0.558405,0.604021,0.695483,0.389182
0.809034,0.592777,0.584518,-0.660642,-0.0966438,0.744454,0.44577,-0.848417,0.285444,0.604021,0.520432,0.60358
0.809034,0.688268,0.667929,-0.660642,-0.345434,0.666504,0.44577,-0.894878,-0.0219459,0.604021,0.282609,0.745178
0.809034,0.749471,0.778969,-0.660642,-0.55256,0.508164,0.44577,-0.833405,-0.326689,0.604021,0.0106999,0.796896
0.809034,0.769006,0.904245,-0.660642,-0.693038,0.288531,0.44577,-0.67141,-0.592028,0.604021,-0.2625,0.752497
0.809034,0.744515,1.02865,-0.660642,-0.749927,0.0340976,0.44577,-0.428434,-0.78596,0.604021,-0.504039,0.617336
0.809034,0.678954,1.13717,-0.660642,-0.716363,-0.224449,0.44577,-0.133782,-0.885094,0.604021,-0.684783,0.407715
0.809034,0.580229,1.21673,-0.660642,-0.596395,-0.455923,0.44577,0.177006,-0.877472,0.604021,-0.782932,0.148917
0.809034,0.460248,1.25772,-0.660642,-0.404493,-0.632407,0.44577,0.466445,-0.764015,0.604021,-0.786648,-0.127842
0.809034,0.333483,1.2552,-0.660642,-0.163803,-0.732613,0.44577,0.699623,-0.558405,0.604021,-0.695483,-0.389182
0.809034,0.215223,1.20948,-0.660642,0.0966438,-0.744454,0.44577,0.848417,-0.285444,0.604021,-0.520432,-0.60358
0.809034,0.119732,1.12607,-0.660642,0.345434,-0.666504,0.44577,0.894878,0.0219459,0.604021,-0.282609,-0.745178
0.90772,0.115117,1.18288,-0.857576,0.323756,-0.399681,0.401584,0.906977,-0.126975,0.321392,-0.269396,-0.907818
0.90772,0.0347616,1.06684,-0.857576,0.44093,-0.264846,0.401584,0.895708,0.190887,0.321392,0.0573426,-0.945208
0.90772,-0.00105814,0.930307,-0.857576,0.504921,-0.0980666,0.401584,0.776403,0.485725,0.321392,0.377165,-0.868593
0.90772,0.0119781,0.78976,-0.857576,0.508012,0.0805408,0.401584,0.563452,0.721978,0.321392,0.651495,-0.687212
0.90772,0.072298,0.662148,-0.857576,0.449828,0.249434,0.401584,0.282541,0.871149,0.321392,0.847246,-0.422944
0.90772,0.172626,0.562863,-0.857576,0.337389,0.388241,0.401584,-0.0324492,0.915247,0.321392,0.940806,-0.107662
0.90772,0.300861,0.503879,-0.857576,0.184255,0.480221,0.401584,-0.343525,0.848953,0.321392,0.920891,0.220605
0.90772,0.441536,0.492312,-0.857576,0.00889812,0.51428,0.401584,-0.613167,0.680262,0.321392,0.789903,0.522264
0.90772,0.577684,0.529556,-0.857576,-0.167532,0.486308,0.401584,-0.808852,0.429522,0.321392,0.563641,0.760931
0.90772,0.692883,0.611119,-0.857576,-0.323756,0.399681,0.401584,-0.906977,0.126975,0.321392,0.269396,0.907818
0.90772,0.773238,0.727163,-0.857576,-0.44093,0.264846,0.401584,-0.895708,-0.190887,0.321392,-0.0573426,0.945208
0.90772,0.809058,0.863693,-0.857576,-0.504921,0.0980666,0.401584,-0.776403,-0.485725,0.321392,-0.377165,0.868593
0.90772,0.796022,1.00424,-0.857576,-0.508012,-0.0805408,0.401584,-0.563452,-0.721978,0.321392,-0.651495,0.687212
0.90772,0.735702,1.13185,-0.857576,-0.449828,-0.249434,0.401584,-0.282541,-0.871149,0.321392,-0.847246,0.422944
0.90772,0.635374,1.23114,-0.857576,-0.337389,-0.388241,0.401584,0.0324492,-0.915247,0.321392,-0.940806,0.107662
0.90772,0.507139,1.29012,-0.857576,-0.184255,-0.480221,0.401584,0.343525,-0.848953,0.321392,-0.920891,-0.220605
0.90772,0.366464,1.30169,-0.857576,-0.00889812,-0.51428,0.401584,0.613167,-0.680262,0.321392,-0.789903,-0.522264
0.90772,0.230316,1.26444,-0.857576,0.167532,-0.486308,0.401584,0.808852,-0.429522,0.321392,-0.563641,-0.760931
0.90772,0.115117,1.18288,-0.857576,0.323756,-0.399681,0.401584,0.906977,-0.126975,0.321392,-0.269396,-0.907818
0.883612,0.29822,0.512296,0.961642,0.247129,-0.119047,-0.0812368,0.671095,0.736907,0.262003,-0.69897,0.665429
0.883612,0.436176,0.499318,0.961642,0.272942,-0.0273441,-0.0812368,0.378585,0.921994,0.262003,-0.884407,0.386237
0.883612,0.570251,0.534305,0.961642,0.265834,0.0676565,-0.0812368,0.0404133,0.995875,0.262003,-0.963171,0.0604586
0.883612,0.684273,0.61304,0.961642,0.226662,0.154497,-0.0812368,-0.302633,0.949639,0.262003,-0.925763,-0.272612
0.883612,0.764491,0.726024,0.961642,0.160152,0.222702,-0.0812368,-0.609178,0.788862,0.262003,-0.776694,-0.572801
0.883612,0.801228,0.85963,0.961642,0.0743246,0.264047,-0.0812368,-0.842247,0.532937,0.262003,-0.533944,-0.803902
0.883612,0.790054,0.997744,0.961642,-0.0204671,0.273543,-0.0812368,-0.973728,0.212731,0.262003,-0.226793,-0.93804
0.883612,0.732315,1.12371,0.961642,-0.11279,0.250047,-0.0812368,-0.987763,-0.133133,0.262003,0.107713,-0.959037
0.883612,0.634977,1.22232,0.961642,-0.191509,0.19639,-0.0812368,-0.88266,-0.462939,0.262003,0.429227,-0.86436
0.883612,0.50978,1.2817,0.961642,-0.247129,0.119047,-0.0812368,-0.671095,-0.736907,0.262003,0.69897,-0.665429
0.883612,0.371824,1.29468,0.961642,-0.272942,0.0273441,-0.0812368,-0.378585,-0.921994,0.262003,0.884407,-0.386237
0.883612,0.237749,1.25969,0.961642,-0.265834,-0.0676565,-0.0812368,-0.0404133,-0.995875,0.262003,0.963171,-0.0604586
0.883612,0.123727,1.18096,0.961642,-0.226662,-0.154497,-0.0812368,0.302633,-0.949639,0.262003,0.925763,0.272612
0.883612,0.043509,1.06798,0.961642,-0.160152,-0.222702,-0.0812368,0.609178,-0.788862,0.262003,0.776694,0.572801
0.883612,0.00677198,0.93437,0.961642,-0.0743246,-0.264047,-0.0812368,0.842247,-0.532937,0.262003,0.533944,0.803902
0.883612,0.0179465,0.796256,0.961642,0.0204671,-0.273543,-0.0812368,0.973728,-0.212731,0.262003,0.226793,0.93804
0.883612,0.0756848,0.670294,0.961642,0.11279,-0.250047,-0.0812368,0.987763,0.133133,0.262003,-0.107713,0.959037
0.883612,0.173023,0.571675,0.961642,0.191509,-0.19639,-0.0812368,0.88266,0.462939,0.262003,-0.429227,0.86436
0.883612,0.29822,0.512296,0.961642,0.247129,-0.119047,-0.0812368,0.671095,0.736907,0.262003,-0.69897,0.665429
0.763622,0.292612,0.581324,0.856221,0.273085,-0.438532,0.156285,0.672166,0.723718,0.492403,-0.688198,0.532843
0.763622,0.407297,0.562264,0.856221,0.406603,-0.318685,0.156285,0.384104,0.909967,0.492403,-0.828938,0.265331
0.763622,0.521585,0.583579,0.856221,0.491079,-0.160399,0.156285,0.0497123,0.98646,0.492403,-0.869696,-0.0341837
0.763622,0.62169,0.642697,0.856221,0.516323,0.0172328,0.156285,-0.290675,0.943972,0.492403,-0.805555,-0.329576
0.763622,0.695538,0.732487,0.856221,0.479291,0.192786,0.156285,-0.596002,0.787627,0.492403,-0.644253,-0.585216
0.763622,0.734223,0.842121,0.856221,0.384449,0.345087,0.156285,-0.829443,0.536282,0.492403,-0.405244,-0.77027
0.763622,0.733078,0.958373,0.856221,0.243237,0.455765,0.156285,-0.962841,0.220254,0.492403,-0.117357,-0.862419
0.763622,0.692241,1.06722,0.856221,0.0726875,0.511471,0.156285,-0.980106,-0.12234,0.492403,0.184685,-0.850547
0.763622,0.616638,1.15554,0.856221,-0.106629,0.505486,0.156285,-0.879156,-0.450178,0.492403,0.464452,-0.736087
0.763622,0.515388,1.21268,0.856221,-0.273085,0.438532,0.156285,-0.672166,-0.723718,0.492403,0.688198,-0.532843
0.763622,0.400703,1.23174,0.856221,-0.406603,0.318685,0.156285,-0.384104,-0.909967,0.492403,0.828938,-0.265331
0.763622,0.286415,1.21042,0.856221,-0.491079,0.160399,0.156285,-0.0497123,-0.98646,0.492403,0.869696,0.0341837
0.763622,0.18631,1.1513,0.856221,-0.516323,-0.0172328,0.156285,0.290675,-0.943972,0.492403,0.805555,0.329576
0.763622,0.112462,1.06151,0.856221,-0.479291,-0.192786,0.156285,0.596002,-0.787627,0.492403,0.644253,0.585216
0.763622,0.0737772,0.951879,0.856221,-0.384449,-0.345087,0.156285,0.829443,-0.536282,0.492403,0.405244,0.77027
0.763622,0.0749222,0.835627,0.856221,-0.243237,-0.455765,0.156285,0.962841,-0.220254,0.492403,0.117357,0.862419
0.763622,0.115759,0.726777,0.856221,-0.0726875,-0.511471,0.156285,0.980106,0.12234,0.492403,-0.184685,0.850547
0.763622,0.191362,0.638458,0.856221,0.106629,-0.505486,0.156285,0.879156,0.450178,0.492403,-0.464452,0.736087
0.763622,0.292612,0.581324,0.856221,0.273085,-0.438532,0.156285,0.672166,0.723718,0.492403,-0.688198,0.532843
0.674556,0.284019,0.687093,0.647527,0.294557,-0.702813,0.374957,0.679751,0.630353,0.663413,-0.671695,0.329711
0.674556,0.363047,0.658716,0.647527,0.517169,-0.559684,0.374957,0.423164,0.824827,0.663413,-0.743955,0.0800938
0.674556,0.447015,0.659079,0.647527,0.677403,-0.349048,0.374957,0.115537,0.919814,0.663413,-0.726483,-0.179184
0.674556,0.525795,0.68814,0.647527,0.755932,-0.0963129,0.374957,-0.206026,0.903859,0.663413,-0.621386,-0.41685
0.674556,0.589884,0.742392,0.647527,0.743285,0.168039,0.374957,-0.502739,0.778884,0.663413,-0.441341,-0.604237
0.674556,0.631553,0.815292,0.647527,0.640986,0.412124,0.374957,-0.738814,0.559965,0.663413,-0.208063,-0.718744
0.674556,0.645776,0.898047,0.647527,0.461375,0.6065,0.374957,-0.885777,0.273506,0.663413,0.0503094,-0.746561
0.674556,0.630837,0.980676,0.647527,0.226116,0.727723,0.374957,-0.925903,-0.0459426,0.663413,0.302614,-0.684331
0.674556,0.588538,1.05321,0.647527,-0.0364165,0.761172,0.374957,-0.854351,-0.359849,0.663413,0.518419,-0.53956
0.674556,0.523981,1.10691,0.647527,-0.294557,0.702813,0.374957,-0.679751,-0.630353,0.663413,0.671695,-0.329711
0.674556,0.444953,1.13528,0.647527,-0.517169,0.559684,0.374957,-0.423164,-0.824827,0.663413,0.743955,-0.0800938
0.674556,0.360985,1.13492,0.647527,-0.677403,0.349048,0.374957,-0.115537,-0.919814,0.663413,0.726483,0.179184
0.674556,0.282205,1.10586,0.647527,-0.755932,0.0963129,0.374957,0.206026,-0.903859,0.663413,0.621386,0.41685
0.674556,0.218116,1.05161,0.647527,-0.743285,-0.168039,0.374957,0.502739,-0.778884,0.663413,0.441341,0.604237
0.674556,0.176447,0.978708,0.647527,-0.640986,-0.412124,0.374957,0.738814,-0.559965,0.663413,0.208063,0.718744
0.674556,0.162224,0.895953,0.647527,-0.461375,-0.6065,0.374957,0.885777,-0.273506,0.663413,-0.0503094,0.746561
0.674556,0.177163,0.813324,0.647527,-0.226116,-0.727723,0.374957,0.925903,0.0459426,0.663413,-0.302614,0.684331
0.674556,0.219462,0.740788,0.647527,0.0364165,-0.761172,0.374957,0.854351,0.359849,0.663413,-0.518419,0.53956
0.674556,0.284019,0.687093,0.647527,0.294557,-0.702813,0.374957,0.679751,0.630353,0.663413,-0.671695,0.329711
0.627155,0.273477,0.816845,0.360731,0.308953,-0.880012,0.548404,0.692936,0.468074,0.754404,-0.651451,0.0805327
0.627155,0.308763,0.777038,0.360731,0.591303,-0.721273,0.548404,0.491056,0.676844,0.754404,-0.639707,-0.147133
0.627155,0.355536,0.7517,0.360731,0.802332,-0.475537,0.548404,0.229947,0.803976,0.754404,-0.550806,-0.357053
0.627155,0.408154,0.743887,0.360731,0.916589,-0.172445,0.548404,-0.0588963,0.834137,0.754404,-0.395469,-0.523907
0.627155,0.460272,0.754541,0.360731,0.920292,0.151447,0.548404,-0.340636,0.763689,0.754404,-0.192432,-0.62757
0.627155,0.505602,0.782379,0.360731,0.812993,0.457072,0.548404,-0.58129,0.601128,0.754404,0.0338141,-0.655538
0.627155,0.538677,0.824041,0.360731,0.607636,0.707567,0.548404,-0.751832,0.366063,0.754404,0.255982,-0.604439
0.627155,0.555509,0.874503,0.360731,0.328989,0.872719,0.548404,-0.831692,0.0868448,0.754404,0.447275,-0.480436
0.627155,0.554066,0.927679,0.360731,0.0106611,0.932609,0.548404,-0.811237,-0.202848,0.754404,0.58462,-0.298485
0.627155,0.534523,0.977155,0.360731,-0.308953,0.880012,0.548404,-0.692936,-0.468074,0.754404,0.651451,-0.0805327
0.627155,0.499237,1.01696,0.360731,-0.591303,0.721273,0.548404,-0.491056,-0.676844,0.754404,0.639707,0.147133
0.627155,0.452464,1.0423,0.360731,-0.802332,0.475537,0.548404,-0.229947,-0.803976,0.754404,0.550806,0.357053
0.627155,0.399846,1.05011,0.360731,-0.916589,0.172445,0.548404,0.0588963,-0.834137,0.754404,0.395469,0.523907
0.627155,0.347728,1.03946,0.360731,-0.920292,-0.151447,0.548404,0.340636,-0.763689,0.754404,0.192432,0.62757
0.627155,0.302398,1.01162,0.360731,-0.812993,-0.457072,0.548404,0.58129,-0.601128,0.754404,-0.0338141,0.655538
0.627155,0.269323,0.969959,0.360731,-0.607636,-0.707567,0.548404,0.751832,-0.366063,0.754404,-0.255982,0.604439
0.627155,0.252491,0.919497,0.360731,-0.328989,-0.872719,0.548404,0.831692,-0.0868448,0.754404,-0.447275,0.480436
0.627155,0.253934,0.866321,0.360731,-0.0106611,-0.932609,0.548404,0.811237,0.202848,0.754404,-0.58462,0.298485
0.627155,0.273477,0.816845,0.360731,0.308953,-0.880012,0.548404,0.692936,0.468074,0.754404,-0.651451,0.0805327
0.627137,0.262258,0.954932,0.0304265,0.314538,-0.948757,0.655705,0.710128,0.256455,0.754404,-0.629908,-0.184637
0.627137,0.250993,0.90296,0.0304265,0.620063,-0.783962,0.655705,0.57959,0.483867,0.754404,-0.52877,-0.388943
0.627137,0.258182,0.850269,0.0304265,0.850799,-0.524609,0.655705,0.379144,0.652917,0.754404,-0.363855,-0.546337
0.627137,0.282959,0.803214,0.0304265,0.978917,-0.201981,0.655705,0.132968,0.743217,0.754404,-0.155053,-0.637835
0.627137,0.322335,0.767472,0.0304265,0.988962,0.145009,0.655705,-0.129246,0.743873,0.754404,0.0724499,-0.6524
0.627137,0.371561,0.747352,0.0304265,0.879724,0.474509,0.655705,-0.375871,0.654807,0.754404,0.291215,-0.588276
0.627137,0.4247,0.745282,0.0304265,0.664379,0.746776,0.655705,-0.57716,0.486762,0.754404,0.474854,-0.453197
0.627137,0.475342,0.761512,0.0304265,0.368899,0.928971,0.655705,-0.708836,0.260006,0.754404,0.60122,-0.263456
0.627137,0.51738,0.794083,0.0304265,0.0289251,0.999118,0.655705,-0.755015,0.00188969,0.754404,0.655069,-0.0419388
0.627137,0.545742,0.839068,0.0304265,-0.314538,0.948757,0.655705,-0.710128,-0.256455,0.754404,0.629908,0.184637
0.627137,0.557007,0.89104,0.0304265,-0.620063,0.783962,0.655705,-0.57959,-0.483867,0.754404,0.52877,0.388943
0.627137,0.549818,0.943731,0.0304265,-0.850799,0.524609,0.655705,-0.379144,-0.652917,0.754404,0.363855,0.546337
0.627137,0.525041,0.990786,0.0304265,-0.978917,0.201981,0.655705,-0.132968,-0.743217,0.754404,0.155053,0.637835
0.627137,0.485665,1.02653,0.0304265,-0.988962,-0.145009,0.655705,0.129246,-0.743873,0.754404,-0.0724499,0.6524
0.627137,0.436439,1.04665,0.0304265,-0.879724,-0.474509,0.655705,0.375871,-0.654807,0.754404,-0.291215,0.588276
0.627137,0.3833,1.04872,0.0304265,-0.664379,-0.746776,0.655705,0.57716,-0.486762,0.754404,-0.474854,0.453197
0.627137,0.332658,1.03249,0.0304265,-0.368899,-0.928971,0.655705,0.708836,-0.260006,0.754404,-0.60122,0.263456
0.627137,0.29062,0.999917,0.0304265,-0.0289251,-0.999118,0.655705,0.755015,-0.00188969,0.754404,-0.655069,0.0419388
0.627137,0.262258,0.954932,0.0304265,0.314538,-0.948757,0.655705,0.710128,0.256455,0.754404,-0.629908,-0.184637
0.674504,0.251716,1.0847,-0.303548,0.310638,-0.900757,0.683918,0.729256,0.0210187,0.663411,-0.609663,-0.433815
0.674504,0.196704,1.02129,-0.303548,0.599981,-0.74019,0.683918,0.678088,0.269171,0.663411,-0.424523,-0.61617
0.674504,0.166694,0.942898,-0.303548,0.816958,-0.490345,0.683918,0.545132,0.484858,0.663411,-0.188178,-0.724206
0.674504,0.165307,0.858967,-0.303548,0.935397,-0.181358,0.683918,0.346425,0.642064,0.663411,0.0708635,-0.744892
0.674504,0.19271,0.779623,-0.303548,0.941014,0.149504,0.683918,0.105935,0.721827,0.663411,0.321358,-0.675732
0.674504,0.245598,0.714436,-0.303548,0.83313,0.462334,0.683918,-0.147333,0.714527,0.663411,0.533092,-0.52507
0.674504,0.317592,0.671269,-0.303548,0.624759,0.719399,0.683918,-0.382831,0.621045,0.663411,0.680527,-0.311076
0.674504,0.400007,0.655329,-0.303548,0.341032,0.889694,0.683918,-0.572153,0.452655,0.663411,0.74588,-0.0595622
0.674504,0.482904,0.668538,-0.303548,0.0161725,0.952679,0.683918,-0.692465,0.229669,0.663411,0.72127,0.199136
0.674504,0.556284,0.709303,-0.303548,-0.310638,0.900757,0.683918,-0.729256,-0.0210187,0.663411,0.609663,0.433815
0.674504,0.611296,0.772707,-0.303548,-0.599981,0.74019,0.683918,-0.678088,-0.269171,0.663411,0.424523,0.61617
0.674504,0.641306,0.851102,-0.303548,-0.816958,0.490345,0.683918,-0.545132,-0.484858,0.663411,0.188178,0.724206
0.674504,0.642693,0.935033,-0.303548,-0.935397,0.181358,0.683918,-0.346425,-0.642064,0.663411,-0.0708635,0.744892
0.674504,0.61529,1.01438,-0.303548,-0.941014,-0.149504,0.683918,-0.105935,-0.721827,0.663411,-0.321358,0.675732
0.674504,0.562402,1.07956,-0.303548,-0.83313,-0.462334,0.683918,0.147333,-0.714527,0.663411,-0.533092,0.52507
0.674504,0.490408,1.12273,-0.303548,-0.624759,-0.719399,0.683918,0.382831,-0.621045,0.663411,-0.680527,0.311076
0.674504,0.407993,1.13867,-0.303548,-0.341032,-0.889694,0.683918,0.572153,-0.452655,0.663411,-0.74588,0.0595622
0.674504,0.325096,1.12546,-0.303548,-0.0161725,-0.952679,0.683918,0.692465,-0.229669,0.663411,-0.72127,-0.199136
0.674504,0.251716,1.0847,-0.303548,0.310638,-0.900757,0.683918,0.729256,0.0210187,0.663411,-0.609663,-0.433815
0.763543,0.243121,1.19049,-0.60091,0.297724,-0.7418,0.629641,0.748012,-0.209836,0.492402,-0.59316,-0.636947
0.763543,0.152444,1.11777,-0.60091,0.53348,-0.595236,0.629641,0.774669,0.0586533,0.492402,-0.33954,-0.801407
0.763543,0.0921083,1.01841,-0.60091,0.70489,-0.376878,0.629641,0.70789,0.320069,0.492402,-0.0449654,-0.869206
0.763543,0.0693913,0.904419,-0.60091,0.791279,-0.113063,0.629641,0.55573,0.542879,0.492402,0.255032,-0.832165
0.763543,0.0870332,0.789529,-0.60091,0.782229,0.164389,0.629641,0.336539,0.70021,0.492402,0.524269,-0.694753
0.763543,0.142906,0.687601,-0.60091,0.678831,0.422013,0.629641,0.0767577,0.773085,0.492402,0.730272,-0.473544
0.763543,0.23027,0.61093,-0.60091,0.493556,0.628736,0.629641,-0.192282,0.752715,0.492402,0.848193,-0.195218
0.763543,0.338589,0.568763,-0.60091,0.24875,0.759625,0.629641,-0.43813,0.641557,0.492402,0.863809,0.106654
0.763543,0.454798,0.566186,-0.60091,-0.0260585,0.798891,0.629641,-0.631133,0.453017,0.492402,0.775237,0.395662
0.763543,0.564879,0.603511,-0.60091,-0.297724,0.7418,0.629641,-0.748012,0.209836,0.492402,0.59316,0.636947
0.763543,0.655556,0.676234,-0.60091,-0.53348,0.595236,0.629641,-0.774669,-0.0586533,0.492402,0.33954,0.801407
0.763543,0.715892,0.775585,-0.60091,-0.70489,0.376878,0.629641,-0.70789,-0.320069,0.492402,0.0449654,0.869206
0.763543,0.738609,0.889581,-0.60091,-0.791279,0.113063,0.629641,-0.55573,-0.542879,0.492402,-0.255032,0.832165
0.763543,0.720967,1.00447,-0.60091,-0.782229,-0.164389,0.629641,-0.336539,-0.70021,0.492402,-0.524269,0.694753
0.763543,0.665094,1.1064,-0.60091,-0.678831,-0.422013,0.629641,-0.0767577,-0.773085,0.492402,-0.730272,0.473544
0.763543,0.57773,1.18307,-0.60091,-0.493556,-0.628736,0.629641,0.192282,-0.752715,0.492402,-0.848193,0.195218
0.763543,0.469411,1.22524,-0.60091,-0.24875,-0.759625,0.629641,0.43813,-0.641557,0.492402,-0.863809,-0.106654
0.763543,0.353202,1.22781,-0.60091,0.0260585,-0.798891,0.629641,0.631133,-0.453017,0.492402,-0.775237,-0.395662
0.763543,0.243121,1.19049,-0.60091,0.297724,-0.7418,0.629641,0.748012,-0.209836,0.492402,-0.59316,-0.636947
0.883514,0.23751,1.25955,-0.825794,0.277353,-0.491059,0.499419,0.764133,-0.408266,0.262001,-0.582389,-0.769532
0.883514,0.123552,1.18074,-0.825794,0.428579,-0.366585,0.499419,0.857685,-0.122296,0.262001,-0.284071,-0.922312
0.883514,0.0434201,1.06771,-0.825794,0.528112,-0.197894,0.499419,0.847788,0.178425,0.262001,0.04851,-0.963848
0.883514,0.00677928,0.93409,-0.825794,0.563946,-0.00533509,0.499419,0.735635,0.457625,0.262001,0.37524,-0.889129
0.883514,0.0180492,0.795996,-0.825794,0.531761,0.187868,0.499419,0.534754,0.681629,0.262001,0.65671,-0.707169
0.883514,0.0758704,0.670084,-0.825794,0.435437,0.358411,0.499419,0.269374,0.823419,0.262001,0.858972,-0.439913
0.883514,0.173269,0.571542,-0.825794,0.286594,0.485724,0.499419,-0.0284974,0.865892,0.262001,0.957628,-0.119597
0.883514,0.298497,0.512255,-0.825794,0.103182,0.554452,0.499419,-0.322931,0.803925,0.262001,0.940781,0.215143
0.883514,0.43645,0.499373,-0.825794,-0.0926742,0.556305,0.499419,-0.578415,0.644994,0.262001,0.810462,0.523935
0.883514,0.57049,0.534452,-0.825794,-0.277353,0.491059,0.499419,-0.764133,0.408266,0.262001,0.582389,0.769532
0.883514,0.684448,0.613259,-0.825794,-0.428579,0.366585,0.499419,-0.857685,0.122296,0.262001,0.284071,0.922312
0.883514,0.76458,0.72629,-0.825794,-0.528112,0.197894,0.499419,-0.847788,-0.178425,0.262001,-0.04851,0.963848
0.883514,0.801221,0.85991,-0.825794,-0.563946,0.00533509,0.499419,-0.735635,-0.457625,0.262001,-0.37524,0.889129
0.883514,0.789951,0.998004,-0.825794,-0.531761,-0.187868,0.499419,-0.534754,-0.681629,0.262001,-0.65671,0.707169
0.883514,0.73213,1.12392,-0.825794,-0.435437,-0.358411,0.499419,-0.269374,-0.823419,0.262001,-0.858972,0.439913
0.883514,0.634731,1.22246,-0.825794,-0.286594,-0.485724,0.499419,0.0284974,-0.865892,0.262001,-0.957628,0.119597
0.883514,0.509503,1.28175,-0.825794,-0.103182,-0.554452,0.499419,0.322931,-0.803925,0.262001,-0.940781,-0.215143
0.883514,0.37155,1.29463,-0.825794,0.0926742,-0.556305,0.499419,0.578415,-0.644994,0.262001,-0.810462,-0.523935
0.883514,0.23751,1.25955,-0.825794,0.277353,-0.491059,0.499419,0.764133,-0.408266,0.262001,-0.582389,-0.769532
0.875863,0.444143,0.50279,0.985232,0.159954,-0.0611034,-0.00862081,0.402741,0.915273,0.17101,-0.90123,0.398172
0.875863,0.57655,0.540294,0.985232,0.171206,-0.00271109,-0.00862081,0.0654106,0.997821,0.17101,-0.983062,0.0659205
0.875863,0.688144,0.620821,0.985232,0.161808,0.0560082,-0.00862081,-0.279809,0.960017,0.17101,-0.946322,-0.274282
0.875863,0.765467,0.73466,0.985232,0.132894,0.107972,-0.00862081,-0.59128,0.806421,0.17101,-0.795442,-0.581402
0.875863,0.799192,0.868079,0.985232,0.0879508,0.146913,-0.00862081,-0.831433,0.555558,0.17101,-0.54862,-0.818396
0.875863,0.78525,1.00499,0.985232,0.0323995,0.168134,-0.00862081,-0.971304,0.237687,0.17101,-0.235626,-0.95668
0.875863,0.725324,1.12887,0.985232,-0.0270597,0.169076,-0.00862081,-0.99402,-0.108853,0.17101,0.105788,-0.979574
0.875863,0.626642,1.22479,0.985232,-0.083255,0.149624,-0.00862081,-0.896844,-0.442263,0.17101,0.434442,-0.884317
0.875863,0.501106,1.28117,0.985232,-0.129409,0.112126,-0.00862081,-0.691495,-0.72233,0.17101,0.710696,-0.682398
0.875863,0.363857,1.29121,0.985232,-0.159954,0.0611034,-0.00862081,-0.402741,-0.915273,0.17101,0.90123,-0.398172
0.875863,0.23145,1.25371,0.985232,-0.171206,0.00271109,-0.00862081,-0.0654106,-0.997821,0.17101,0.983062,-0.0659205
0.875863,0.119856,1.17318,0.985232,-0.161808,-0.0560082,-0.00862081,0.279809,-0.960017,0.17101,0.946322,0.274282
0.875863,0.042533,1.05934,0.985232,-0.132894,-0.107972,-0.00862081,0.59128,-0.806421,0.17101,0.795442,0.581402
0.875863,0.00880848,0.925921,0.985232,-0.0879508,-0.146913,-0.00862081,0.831433,-0.555558,0.17101,0.54862,0.818396
0.875863,0.0227499,0.789013,0.985232,-0.0323995,-0.168134,-0.00862081,0.971304,-0.237687,0.17101,0.235626,0.95668
0.875863,0.0826757,0.66513,0.985232,0.0270597,-0.169076,-0.00862081,0.99402,0.108853,0.17101,-0.105788,0.979574
0.875863,0.181358,0.569215,0.985232,0.083255,-0.149624,-0.00862081,0.896844,0.442263,0.17101,-0.434442,0.884317
0.875863,0.306894,0.512834,0.985232,0.129409,-0.112126,-0.00862081,0.691495,0.72233,0.17101,-0.710696,0.682398
0.875863,0.444143,0.50279,0.985232,0.159954,-0.0611034,-0.00862081,0.402741,0.915273,0.17101,-0.90123,0.398172
0.749059,0.438216,0.575739,0.900555,0.18688,-0.392526,0.292759,0.406798,0.865337,0.321393,-0.894199,0.311633
0.749059,0.54603,0.606816,0.900555,0.309861,-0.304938,0.292759,0.0863023,0.952284,0.321393,-0.946857,-0.0129947
0.749059,0.636713,0.672894,0.900555,0.395469,-0.180569,0.292759,-0.244603,0.924371,0.321393,-0.88531,-0.336055
0.749059,0.699328,0.766002,0.900555,0.433378,-0.0344207,0.292759,-0.546005,0.784966,0.321393,-0.716982,-0.618582
0.749059,0.726321,0.87491,0.900555,0.419014,0.115879,0.292759,-0.781551,0.550882,0.321393,-0.462175,-0.826499
0.749059,0.714438,0.986483,0.900555,0.354112,0.252202,0.292759,-0.92283,0.250354,0.321393,-0.151623,-0.934728
0.749059,0.665112,1.08726,0.900555,0.246498,0.358106,0.292759,-0.952803,-0.0803711,0.321393,0.177217,-0.930215
0.749059,0.584291,1.16509,0.900555,0.109153,0.420817,0.292759,-0.867853,-0.401402,0.321393,0.484682,-0.813505
0.749059,0.481725,1.21059,0.900555,-0.0413574,0.432771,0.292759,-0.678228,-0.674018,0.321393,0.733687,-0.598673
0.749059,0.369784,1.21826,0.900555,-0.18688,0.392526,0.292759,-0.406798,-0.865337,0.321393,0.894199,-0.311633
0.749059,0.26197,1.18718,0.900555,-0.309861,0.304938,0.292759,-0.0863023,-0.952284,0.321393,0.946857,0.0129947
0.749059,0.171287,1.12111,0.900555,-0.395469,0.180569,0.292759,0.244603,-0.924371,0.321393,0.88531,0.336055
0.749059,0.108672,1.028,0.900555,-0.433378,0.0344207,0.292759,0.546005,-0.784966,0.321393,0.716982,0.618582
0.749059,0.0816786,0.91909,0.900555,-0.419014,-0.115879,0.292759,0.781551,-0.550882,0.321393,0.462175,0.826499
0.749059,0.0935617,0.807517,0.900555,-0.354112,-0.252202,0.292759,0.92283,-0.250354,0.321393,0.151623,0.934728
0.749059,0.142888,0.706738,0.900555,-0.246498,-0.358106,0.292759,0.952803,0.0803711,0.321393,-0.177217,0.930215
0.749059,0.223709,0.628906,0.900555,-0.109153,-0.420817,0.292759,0.867853,0.401402,0.321393,-0.484682,0.813505
0.749059,0.326275,0.583411,0.900555,0.0413574,-0.432771,0.292759,0.678228,0.674018,0.321393,-0.733687,0.598673
0.749059,0.438216,0.575739,0.900555,0.18688,-0.392526,0.292759,0.406798,0.865337,0.321393,-0.894199,0.311633
0.654934,0.429135,0.687516,0.707258,0.209837,-0.675096,0.558827,0.418957,0.715672,0.433011,-0.883427,0.179048
0.654934,0.499267,0.708746,0.707258,0.428078,-0.562615,0.558827,0.148917,0.815804,0.433011,-0.891388,-0.1339
0.654934,0.557908,0.752683,0.707258,0.594688,-0.382273,0.558827,-0.139085,0.817537,0.433011,-0.791834,-0.430697
0.654934,0.597986,0.814026,0.707258,0.689569,-0.155824,0.558827,-0.410312,0.720664,0.433011,-0.596774,-0.675546
0.654934,0.614666,0.885377,0.707258,0.701278,0.0894195,0.558827,-0.632048,0.536867,0.433011,-0.329734,-0.838914
0.654934,0.605936,0.95813,0.707258,0.628402,0.323878,0.558827,-0.777551,0.288317,0.433011,-0.0229226,-0.901097
0.654934,0.572851,1.02351,0.707258,0.479732,0.519272,0.558827,-0.829269,0.00499139,0.433011,0.286653,-0.854594
0.654934,0.519399,1.07363,0.707258,0.273199,0.652034,0.558827,-0.780965,-0.278936,0.433011,0.561654,-0.705015
0.654934,0.452029,1.10245,0.707258,0.0337146,0.706151,0.558827,-0.638465,-0.52922,0.433011,0.768912,-0.4704
0.654934,0.378865,1.10648,0.707258,-0.209837,0.675096,0.558827,-0.418957,-0.715672,0.433011,0.883427,-0.179048
0.654934,0.308733,1.08525,0.707258,-0.428078,0.562615,0.558827,-0.148917,-0.815804,0.433011,0.891388,0.1339
0.654934,0.250092,1.04132,0.707258,-0.594688,0.382273,0.558827,0.139085,-0.817537,0.433011,0.791834,0.430697
0.654934,0.210014,0.979974,0.707258,-0.689569,0.155824,0.558827,0.410312,-0.720664,0.433011,0.596774,0.675546
0.654934,0.193334,0.908623,0.707258,-0.701278,-0.0894195,0.558827,0.632048,-0.536867,0.433011,0.329734,0.838914
0.654934,0.202064,0.83587,0.707258,-0.628402,-0.323878,0.558827,0.777551,-0.288317,0.433011,0.0229226,0.901097
0.654934,0.235149,0.770491,0.707258,-0.479732,-0.519272,0.558827,0.829269,-0.00499139,0.433011,-0.286653,0.854594
0.654934,0.288601,0.72037,0.707258,-0.273199,-0.652034,0.558827,0.780965,0.278936,0.433011,-0.561654,0.705015
