0.658953,0.26047,1.12536,0.308961,0.800579,0.513436,0.951075,-0.26007,-0.166795,-3.49349e-06,0.539849,-0.841762
0.907818,-0.0245183,0.998413,0.92986,-0.0334959,-0.366387,-0.179072,0.828725,-0.530234,0.321394,0.558653,0.764599
0.907818,-0.0195378,0.857341,0.92986,0.0938358,-0.355747,-0.179072,0.960097,-0.214817,0.321394,0.263454,0.909559
0.907818,0.0333918,0.726481,0.92986,0.20985,-0.302199,-0.179072,0.975668,0.126511,0.321394,-0.0635217,0.944812
0.907818,0.127886,0.621615,0.92986,0.300552,-0.212202,-0.179072,0.873559,0.452579,0.321394,-0.382836,0.866108
0.907818,0.252548,0.555393,0.92986,0.355004,-0.0966094,-0.179072,0.666086,0.72406,0.321394,-0.655974,0.682937
0.907818,0.392341,0.535801,0.92986,0.366637,0.0306354,-0.179072,0.378272,0.908209,0.321394,-0.849992,0.417395
0.907818,0.530404,0.565203,0.92986,0.334048,0.154185,-0.179072,0.0448342,0.982814,0.321394,-0.941489,0.101508
0.907818,0.650086,0.640052,0.92986,0.261168,0.259138,-0.179072,-0.294012,0.938877,0.321394,-0.919428,-0.226622
0.907818,0.736949,0.75132,0.92986,0.156788,0.332835,-0.179072,-0.597396,0.781698,0.321394,-0.786471,-0.527418
0.907818,0.780518,0.885587,0.92986,0.0334959,0.366387,-0.179072,-0.828725,0.530234,0.321394,-0.558653,-0.764599
0.907818,0.775538,1.02666,0.92986,-0.0938358,0.355747,-0.179072,-0.960097,0.214817,0.321394,-0.263454,-0.909559
0.907818,0.722608,1.15752,0.92986,-0.20985,0.302199,-0.179072,-0.975668,-0.126511,0.321394,0.0635217,-0.944812
0.907818,0.628114,1.26238,0.92986,-0.300552,0.212202,-0.179072,-0.873559,-0.452579,0.321394,0.382836,-0.866108
0.907818,0.503452,1.32861,0.92986,-0.355004,0.0966094,-0.179072,-0.666086,-0.72406,0.321394,0.655974,-0.682937
0.907818,0.363659,1.3482,0.92986,-0.366637,-0.0306354,-0.179072,-0.378272,-0.908209,0.321394,0.849992,-0.417395
0.907818,0.225596,1.3188,0.92986,-0.334048,-0.154185,-0.179072,-0.0448342,-0.982814,0.321394,0.941489,-0.101508
0.907818,0.105914,1.24395,0.92986,-0.261168,-0.259138,-0.179072,0.294012,-0.938877,0.321394,0.919428,0.226622
0.907818,0.0190507,1.13268,0.92986,-0.156788,-0.332835,-0.179072,0.597396,-0.781698,0.321394,0.786471,0.527418
0.907818,-0.0245183,0.998413,0.92986,-0.0334959,-0.366387,-0.179072,0.828725,-0.530234,0.321394,0.558653,0.764599
0.809114,0.0234332,1.02917,0.796489,-0.28973,-0.530717,-0.0275851,0.859398,-0.510563,0.604023,0.421298,0.676509
0.809114,0.0150039,0.90264,0.796489,-0.0907411,-0.597805,-0.0275851,0.982193,-0.185841,0.604023,0.164511,0.779803
0.809114,0.0503573,0.780861,0.796489,0.119193,-0.592788,-0.0275851,0.98652,0.161296,0.604023,-0.112119,0.789041
0.809114,0.125229,0.678519,0.796489,0.31475,-0.516272,-0.0275851,0.871859,0.488979,0.604023,-0.375225,0.703109
0.809114,0.230589,0.607956,0.796489,0.472344,-0.377487,-0.0275851,0.652039,0.757683,0.604023,-0.593074,0.532372
0.809114,0.353729,0.577684,0.796489,0.572966,-0.19317,-0.0275851,0.353573,0.935,0.604023,-0.739389,0.297423
0.809114,0.479796,0.591353,0.796489,0.60448,0.0144451,-0.0275851,0.0124614,0.999542,0.604023,-0.796523,0.0266
0.809114,0.593585,0.647316,0.796489,0.563085,0.220318,-0.0275851,-0.330153,0.943524,0.604023,-0.757584,-0.247431
0.809114,0.681371,0.738822,0.796489,0.453773,0.399618,-0.0275851,-0.632947,0.773703,0.604023,-0.62727,-0.491618
0.809114,0.732567,0.854835,0.796489,0.28973,0.530717,-0.0275851,-0.859398,0.510563,0.604023,-0.421298,-0.676509
0.809114,0.740996,0.98136,0.796489,0.0907411,0.597805,-0.0275851,-0.982193,0.185841,0.604023,-0.164511,-0.779803
0.809114,0.705643,1.10314,0.796489,-0.119193,0.592788,-0.0275851,-0.98652,-0.161296,0.604023,0.112119,-0.789041
0.809114,0.630771,1.20548,0.796489,-0.31475,0.516272,-0.0275851,-0.871859,-0.488979,0.604023,0.375225,-0.703109
0.809114,0.525411,1.27604,0.796489,-0.472344,0.377487,-0.0275851,-0.652039,-0.757683,0.604023,0.593074,-0.532372
0.809114,0.402271,1.30632,0.796489,-0.572966,0.19317,-0.0275851,-0.353573,-0.935,0.604023,0.739389,-0.297423
0.809114,0.276204,1.29265,0.796489,-0.60448,-0.0144451,-0.0275851,-0.0124614,-0.999542,0.604023,0.796523,-0.0266
0.809114,0.162415,1.23668,0.796489,-0.563085,-0.220318,-0.0275851,0.330153,-0.943524,0.604023,0.757584,0.247431
0.809114,0.0746285,1.14518,0.796489,-0.453773,-0.399618,-0.0275851,0.632947,-0.773703,0.604023,0.62727,0.491618
0.809114,0.0234332,1.02917,0.796489,-0.28973,-0.530717,-0.0275851,0.859398,-0.510563,0.604023,0.421298,0.676509
0.735846,0.0969097,1.07629,0.567051,-0.492114,-0.660513,0.127229,0.844608,-0.520048,0.813797,0.210857,0.541547
0.735846,0.0679323,0.972051,0.567051,-0.236527,-0.788992,0.127229,0.971539,-0.199812,0.813797,0.0129209,0.581005
0.735846,0.0763537,0.864189,0.567051,0.0475879,-0.822307,0.127229,0.981288,0.144524,0.813797,-0.186574,0.550386
0.735846,0.121158,0.765713,0.567051,0.325964,-0.75644,0.127229,0.872679,0.471428,0.813797,-0.363565,0.453381
0.735846,0.196941,0.688499,0.567051,0.565023,-0.599335,0.127229,0.658812,0.741471,0.813797,-0.496705,0.301692
0.735846,0.294563,0.641861,0.567051,0.735933,-0.369941,0.127229,0.365483,0.922082,0.813797,-0.569935,0.113615
0.735846,0.402248,0.631425,0.567051,0.818078,-0.0959271,0.127229,0.0280707,0.991476,0.813797,-0.574422,-0.0881659
0.735846,0.507009,0.658448,0.567051,0.801551,0.189657,0.127229,-0.312727,0.941283,0.813797,-0.509626,-0.279313
0.735846,0.596209,0.719672,0.567051,0.688345,0.452366,0.127229,-0.615805,0.777558,0.813797,-0.383361,-0.43677
0.735846,0.65909,0.807712,0.567051,0.492114,0.660513,0.127229,-0.844608,0.520048,0.813797,-0.210857,-0.541547
0.735846,0.688068,0.911949,0.567051,0.236527,0.788992,0.127229,-0.971539,0.199812,0.813797,-0.0129209,-0.581005
0.735846,0.679646,1.01981,0.567051,-0.0475879,0.822307,0.127229,-0.981288,-0.144524,0.813797,0.186574,-0.550386
0.735846,0.634842,1.11829,0.567051,-0.325964,0.75644,0.127229,-0.872679,-0.471428,0.813797,0.363565,-0.453381
0.735846,0.559059,1.1955,0.567051,-0.565023,0.599335,0.127229,-0.658812,-0.741471,0.813797,0.496705,-0.301692
0.735846,0.461437,1.24214,0.567051,-0.735933,0.369941,0.127229,-0.365483,-0.922082,0.813797,0.569935,-0.113615
0.735846,0.353752,1.25258,0.567051,-0.818078,0.0959271,0.127229,-0.0280707,-0.991476,0.813797,0.574422,0.0881659
0.735846,0.248991,1.22555,0.567051,-0.801551,-0.189657,0.127229,0.312727,-0.941283,0.813797,0.509626,0.279313
0.735846,0.159791,1.16433,0.567051,-0.688345,-0.452366,0.127229,0.615805,-0.777558,0.813797,0.383361,0.43677
0.735846,0.0969097,1.07629,0.567051,-0.492114,-0.660513,0.127229,0.844608,-0.520048,0.813797,0.210857,0.541547
0.696852,0.187049,1.1341,0.269218,-0.616238,-0.740117,0.266698,0.786139,-0.557546,0.925416,-0.0472863,0.375992
0.696852,0.132864,1.0572,0.269218,-0.325939,-0.906248,0.266698,0.929421,-0.255046,0.925416,-0.173031,0.337144
0.696852,0.108245,0.966414,0.269218,0.00367233,-0.963072,0.266698,0.960601,0.0782158,0.925416,-0.277906,0.257632
0.696852,0.116164,0.87268,0.269218,0.332841,-0.903736,0.266698,0.875918,0.402044,0.925416,-0.349262,0.147045
0.696852,0.155663,0.787307,0.269218,0.621864,-0.735396,0.266698,0.685587,0.677379,0.925416,-0.378491,0.0187224
0.696852,0.22198,0.720592,0.269218,0.835881,-0.478356,0.266698,0.412564,0.871013,0.925416,-0.362069,-0.111858
0.696852,0.307115,0.680583,0.269218,0.949079,-0.163619,0.266698,0.0897791,0.959589,0.925416,-0.301975,-0.228947
0.696852,0.4008,0.672104,0.269218,0.947803,0.170852,0.266698,-0.243834,0.932425,0.925416,-0.20546,-0.318422
0.696852,0.491734,0.696179,0.269218,0.832209,0.484716,0.266698,-0.548037,0.792797,0.925416,-0.0841622,-0.36949
0.696852,0.568951,0.749903,0.269218,0.616238,0.740117,0.266698,-0.786139,0.557546,0.925416,0.0472863,-0.375992
0.696852,0.623136,0.826797,0.269218,0.325939,0.906248,0.266698,-0.929421,0.255046,0.925416,0.173031,-0.337144
0.696852,0.647755,0.917586,0.269218,-0.00367233,0.963072,0.266698,-0.960601,-0.0782158,0.925416,0.277906,-0.257632
0.696852,0.639836,1.01132,0.269218,-0.332841,0.903736,0.266698,-0.875918,-0.402044,0.925416,0.349262,-0.147045
0.696852,0.600337,1.09669,0.269218,-0.621864,0.735396,0.266698,-0.685587,-0.677379,0.925416,0.378491,-0.0187224
0.696852,0.53402,1.16341,0.269218,-0.835881,0.478356,0.266698,-0.412564,-0.871013,0.925416,0.362069,0.111858
0.696852,0.448885,1.20342,0.269218,-0.949079,0.163619,0.266698,-0.0897791,-0.959589,0.925416,0.301975,0.228947
0.696852,0.3552,1.2119,0.269218,-0.947803,-0.170852,0.266698,0.243834,-0.932425,0.925416,0.20546,0.318422
0.696852,0.264266,1.18782,0.269218,-0.832209,-0.484716,0.266698,0.548037,-0.792797,0.925416,0.0841622,0.36949
0.696852,0.187049,1.1341,0.269218,-0.616238,-0.740117,0.266698,0.786139,-0.557546,0.925416,-0.0472863,0.375992
0.696834,0.282978,1.19562,-0.061087,-0.64713,-0.759929,0.373999,0.691044,-0.618533,0.925415,-0.321997,0.199812
0.696834,0.201966,1.14782,-0.061087,-0.348192,-0.935431,0.373999,0.860919,-0.344881,0.925415,-0.370918,0.0776324
0.696834,0.142186,1.0752,-0.061087,-0.00725739,-0.998106,0.373999,0.926956,-0.0296299,0.925415,-0.3751,-0.0539107
0.696834,0.110848,0.986518,-0.061087,0.334553,-0.940395,0.373999,0.881188,0.289195,0.925415,-0.334041,-0.178951
0.696834,0.111733,0.892462,-0.061087,0.636011,-0.769259,0.373999,0.729135,0.573138,0.925415,-0.25269,-0.282408
0.696834,0.144734,0.804381,-0.061087,0.860757,-0.505338,0.373999,0.489138,0.787952,0.925415,-0.140862,-0.351802
0.696834,0.20587,0.732899,-0.061087,0.981682,-0.180466,0.373999,0.190144,0.907728,0.925415,-0.0120438,-0.378763
0.696834,0.287767,0.686637,-0.061087,0.984203,0.166172,0.373999,-0.131784,0.918018,0.925415,0.118227,-0.36004
0.696834,0.380548,0.671176,-0.061087,0.868014,0.492768,0.373999,-0.437818,0.817582,0.925415,0.234238,-0.297891
0.696834,0.473022,0.688381,-0.061087,0.64713,0.759929,0.373999,-0.691044,0.618533,0.925415,0.321997,-0.199812
0.696834,0.554034,0.736175,-0.061087,0.348192,0.935431,0.373999,-0.860919,0.344881,0.925415,0.370918,-0.0776324
0.696834,0.613814,0.808795,-0.061087,0.00725739,0.998106,0.373999,-0.926956,0.0296299,0.925415,0.3751,0.0539107
0.696834,0.645152,0.897482,-0.061087,-0.334553,0.940395,0.373999,-0.881188,-0.289195,0.925415,0.334041,0.178951
0.696834,0.644267,0.991538,-0.061087,-0.636011,0.769259,0.373999,-0.729135,-0.573138,0.925415,0.25269,0.282408
0.696834,0.611266,1.07962,-0.061087,-0.860757,0.505338,0.373999,-0.489138,-0.787952,0.925415,0.140862,0.351802
0.696834,0.55013,1.1511,-0.061087,-0.981682,0.180466,0.373999,-0.190144,-0.907728,0.925415,0.0120438,0.378763
0.696834,0.468233,1.19736,-0.061087,-0.984203,-0.166172,0.373999,0.131784,-0.918018,0.925415,-0.118227,0.36004
0.696834,0.375452,1.21282,-0.061087,-0.868014,-0.492768,0.373999,0.437818,-0.817582,0.925415,-0.234238,0.297891
0.696834,0.282978,1.19562,-0.061087,-0.64713,-0.759929,0.373999,0.691044,-0.618533,0.925415,-0.321997,0.199812
0.735794,0.373128,1.25343,-0.384024,-0.581064,-0.717559,0.43619,0.570791,-0.695655,0.813796,-0.58014,0.0342569
0.735794,0.266904,1.23299,-0.384024,-0.300602,-0.87302,0.43619,0.774296,-0.45848,0.813796,-0.55687,-0.166229
0.735794,0.174081,1.17744,-0.384024,0.016117,-0.923182,0.43619,0.88441,-0.166005,0.813796,-0.466433,-0.346665
0.735794,0.105853,1.0935,-0.384024,0.330892,-0.861995,0.43619,0.88785,0.146492,0.813796,-0.319737,-0.485288
0.735794,0.0704504,0.991282,-0.384024,0.605757,-0.696839,0.43619,0.784203,0.44132,0.813796,-0.134477,-0.565378
0.735794,0.0721425,0.883122,-0.384024,0.807558,-0.447633,0.43619,0.58597,0.682919,0.813796,0.0670038,-0.577275
0.735794,0.110726,0.782063,-0.384024,0.911956,-0.144437,0.43619,0.31706,0.842147,0.813796,0.260403,-0.519544
0.735794,0.181546,0.700295,-0.384024,0.906359,0.176181,0.43619,0.00990724,0.8998,0.813796,0.422393,-0.399149
0.735794,0.276061,0.64768,-0.384024,0.791441,0.475549,0.43619,-0.29844,0.848924,0.813796,0.533437,-0.23061
0.735794,0.382872,0.630565,-0.384024,0.581064,0.717559,0.43619,-0.570791,0.695655,0.813796,0.58014,-0.0342569
0.735794,0.489096,0.651013,-0.384024,0.300602,0.87302,0.43619,-0.774296,0.45848,0.813796,0.55687,0.166229
0.735794,0.581919,0.706559,-0.384024,-0.016117,0.923182,0.43619,-0.88441,0.166005,0.813796,0.466433,0.346665
0.735794,0.650147,0.790502,-0.384024,-0.330892,0.861995,0.43619,-0.88785,-0.146492,0.813796,0.319737,0.485288
0.735794,0.68555,0.892718,-0.384024,-0.605757,0.696839,0.43619,-0.784203,-0.44132,0.813796,0.134477,0.565378
0.735794,0.683857,1.00088,-0.384024,-0.807558,0.447633,0.43619,-0.58597,-0.682919,0.813796,-0.0670038,0.577275
0.735794,0.645274,1.10194,-0.384024,-0.911956,0.144437,0.43619,-0.31706,-0.842147,0.813796,-0.260403,0.519544
0.735794,0.574454,1.1837,-0.384024,-0.906359,-0.176181,0.43619,-0.00990724,-0.8998,0.813796,-0.422393,0.399149
0.735794,0.479939,1.23632,-0.384024,-0.791441,-0.475549,0.43619,0.29844,-0.848924,0.813796,-0.533437,0.23061
0.735794,0.373128,1.25343,-0.384024,-0.581064,-0.717559,0.43619,0.570791,-0.695655,0.813796,-0.58014,0.0342569
0.809034,0.446624,1.30057,-0.660642,-0.426009,-0.618117,0.44577,0.439886,-0.779609,0.604021,-0.79058,-0.100705
0.809034,0.319847,1.30242,-0.660642,-0.188909,-0.726544,0.44577,0.679999,-0.582143,0.604021,-0.708459,-0.365026
0.809034,0.200084,1.26079,-0.660642,0.0709763,-0.747339,0.44577,0.838095,-0.314462,0.604021,-0.540888,-0.585319
0.809034,0.101781,1.18071,-0.660642,0.322301,-0.677993,0.44577,0.895104,-0.00885217,0.604021,-0.308077,-0.735015
0.809034,0.0367937,1.07185,-0.660642,0.534751,-0.526872,0.44577,0.84415,0.297825,0.604021,-0.038108,-0.796057
0.809034,0.0129609,0.947316,-0.660642,0.682702,-0.312202,0.44577,0.691379,0.56858,0.604021,0.236458,-0.761082
0.809034,0.0331573,0.822145,-0.660642,0.74831,-0.0598759,0.44577,0.455218,0.770756,0.604021,0.482503,-0.63431
0.809034,0.0949467,0.71143,-0.660642,0.72366,0.199672,0.44577,0.164151,0.879968,0.604021,0.670351,-0.431031
0.809034,0.190877,0.628525,-0.660642,0.611726,0.435137,0.44577,-0.146715,0.883042,0.604021,0.777345,-0.175763
0.809034,0.309376,0.58343,-0.660642,0.426009,0.618117,0.44577,-0.439886,0.779609,0.604021,0.79058,0.100705
0.809034,0.436153,0.581584,-0.660642,0.188909,0.726544,0.44577,-0.679999,0.582143,0.604021,0.708459,0.365026
0.809034,0.555916,0.623209,-0.660642,-0.0709763,0.747339,0.44577,-0.838095,0.314462,0.604021,0.540888,0.585319
0.809034,0.654219,0.703285,-0.660642,-0.322301,0.677993,0.44577,-0.895104,0.00885217,0.604021,0.308077,0.735015
0.809034,0.719206,0.812154,-0.660642,-0.534751,0.526872,0.44577,-0.84415,-0.297825,0.604021,0.038108,0.796057
0.809034,0.743039,0.936684,-0.660642,-0.682702,0.312202,0.44577,-0.691379,-0.56858,0.604021,-0.236458,0.761082
0.809034,0.722843,1.06186,-0.660642,-0.74831,0.0598759,0.44577,-0.455218,-0.770756,0.604021,-0.482503,0.63431
0.809034,0.661053,1.17257,-0.660642,-0.72366,-0.199672,0.44577,-0.164151,-0.879968,0.604021,-0.670351,0.431031
0.809034,0.565123,1.25548,-0.660642,-0.611726,-0.435137,0.44577,0.146715,-0.883042,0.604021,-0.777345,0.175763
0.809034,0.446624,1.30057,-0.660642,-0.426009,-0.618117,0.44577,0.439886,-0.779609,0.604021,-0.79058,-0.100705
0.90772,0.494602,1.33134,-0.857576,-0.200667,-0.473598,0.401584,0.314117,-0.860268,0.321392,-0.927935,-0.188795
0.90772,0.354408,1.34774,-0.857576,-0.0265848,-0.513669,0.401584,0.589402,-0.700953,0.321392,-0.807402,-0.494781
0.90772,0.217059,1.3152,-0.857576,0.150704,-0.491784,0.401584,0.793597,-0.457093,0.321392,-0.589485,-0.74109
0.90772,0.0991226,1.23765,-0.857576,0.309815,-0.410582,0.401584,0.902072,-0.158101,0.321392,-0.300467,-0.898013
0.90772,0.0148228,1.12444,-0.857576,0.431558,-0.279858,0.401584,0.901744,0.159961,0.321392,0.0247922,-0.946622
0.90772,-0.0256726,0.989222,-0.857576,0.501249,-0.115379,0.401584,0.792653,0.458729,0.321392,0.347061,-0.881054
0.90772,-0.017479,0.84831,-0.857576,0.510482,0.0630168,0.401584,0.587956,0.702167,0.321392,0.627469,-0.709218
0.90772,0.0384151,0.718698,-0.857576,0.458143,0.233811,0.401584,0.312342,0.860914,0.321392,0.832194,-0.45184
0.90772,0.135268,0.61602,-0.857576,0.350545,0.376405,0.401584,-0.000944196,0.915822,0.321392,0.936545,-0.139964
0.90772,0.261398,0.55266,-0.857576,0.200667,0.473598,0.401584,-0.314117,0.860268,0.321392,0.927935,0.188795
0.90772,0.401592,0.53626,-0.857576,0.0265848,0.513669,0.401584,-0.589402,0.700953,0.321392,0.807402,0.494781
0.90772,0.538941,0.568798,-0.857576,-0.150704,0.491784,0.401584,-0.793597,0.457093,0.321392,0.589485,0.74109
0.90772,0.656877,0.64635,-0.857576,-0.309815,0.410582,0.401584,-0.902072,0.158101,0.321392,0.300467,0.898013
0.90772,0.741177,0.759562,-0.857576,-0.431558,0.279858,0.401584,-0.901744,-0.159961,0.321392,-0.0247922,0.946622
0.90772,0.781673,0.894778,-0.857576,-0.501249,0.115379,0.401584,-0.792653,-0.458729,0.321392,-0.347061,0.881054
0.90772,0.773479,1.03569,-0.857576,-0.510482,-0.0630168,0.401584,-0.587956,-0.702167,0.321392,-0.627469,0.709218
0.90772,0.717585,1.1653,-0.857576,-0.458143,-0.233811,0.401584,-0.312342,-0.860914,0.321392,-0.832194,0.45184
0.90772,0.620732,1.26798,-0.857576,-0.350545,-0.376405,0.401584,0.000944196,-0.915822,0.321392,-0.936545,0.139964
0.90772,0.494602,1.33134,-0.857576,-0.200667,-0.473598,0.401584,0.314117,-0.860268,0.321392,-0.927935,-0.188795
0.883612,-0.0112907,0.854597,0.961642,0.0110447,-0.274086,-0.0812368,0.965833,-0.246103,0.262003,0.258929,0.929683
0.883612,0.0420801,0.726722,0.961642,0.104121,-0.253779,-0.0812368,0.991759,0.0990733,0.262003,-0.0746569,0.962175
0.883612,0.135968,0.624814,0.961642,0.18464,-0.202862,-0.0812368,0.898063,0.4323,0.262003,-0.399238,0.878615
0.883612,0.259048,0.561163,0.961642,0.242888,-0.127478,-0.0812368,0.696048,0.713385,0.262003,-0.675665,0.68908
0.883612,0.396476,0.543446,0.961642,0.27184,-0.0367175,-0.0812368,0.410079,0.908425,0.262003,-0.870596,0.416433
0.883612,0.531675,0.573801,0.961642,0.268004,0.0584714,-0.0812368,0.0746489,0.993895,0.262003,-0.960521,0.0935573
0.883612,0.648339,0.648566,0.961642,0.231843,0.146608,-0.0812368,-0.269785,0.959488,0.262003,-0.934593,-0.240603
0.883612,0.732396,0.758724,0.961642,0.167718,0.217061,-0.0812368,-0.581679,0.809351,0.262003,-0.79594,-0.545742
0.883612,0.773707,0.890987,0.961642,0.0833642,0.261334,-0.0812368,-0.823414,0.561596,0.262003,-0.561284,-0.785057
0.883612,0.767291,1.0294,0.961642,-0.0110447,0.274086,-0.0812368,-0.965833,0.246103,0.262003,-0.258929,-0.929683
0.883612,0.71392,1.15728,0.961642,-0.104121,0.253779,-0.0812368,-0.991759,-0.0990733,0.262003,0.0746569,-0.962175
0.883612,0.620032,1.25919,0.961642,-0.18464,0.202862,-0.0812368,-0.898063,-0.4323,0.262003,0.399238,-0.878615
0.883612,0.496952,1.32284,0.961642,-0.242888,0.127478,-0.0812368,-0.696048,-0.713385,0.262003,0.675665,-0.68908
0.883612,0.359524,1.34055,0.961642,-0.27184,0.0367175,-0.0812368,-0.410079,-0.908425,0.262003,0.870596,-0.416433
0.883612,0.224325,1.3102,0.961642,-0.268004,-0.0584714,-0.0812368,-0.0746489,-0.993895,0.262003,0.960521,-0.0935573
0.883612,0.107661,1.23543,0.961642,-0.231843,-0.146608,-0.0812368,0.269785,-0.959488,0.262003,0.934593,0.240603
0.883612,0.0236042,1.12528,0.961642,-0.167718,-0.217061,-0.0812368,0.581679,-0.809351,0.262003,0.79594,0.545742
0.883612,-0.0177073,0.993013,0.961642,-0.0833642,-0.261334,-0.0812368,0.823414,-0.561596,0.262003,0.561284,0.785057
0.883612,-0.0112907,0.854597,0.961642,0.0110447,-0.274086,-0.0812368,0.965833,-0.246103,0.262003,0.258929,0.929683
0.763622,0.0470057,0.891984,0.856221,-0.258772,-0.447128,0.156285,0.954694,-0.253247,0.492403,0.146956,0.857871
0.763622,0.0840736,0.781794,0.856221,-0.0902398,-0.508668,0.156285,0.983735,0.0885505,0.492403,-0.155316,0.856397
0.763622,0.156593,0.690926,0.856221,0.0891769,-0.508855,0.156285,0.894122,0.419667,0.492403,-0.438854,0.751629
0.763622,0.255818,0.630342,0.856221,0.257838,-0.447667,0.156285,0.696665,0.700166,0.492403,-0.66946,0.556203
0.763622,0.36978,0.607349,0.856221,0.395399,-0.332484,0.156285,0.41518,0.896214,0.492403,-0.81932,0.293691
0.763622,0.484733,0.624719,0.856221,0.48527,-0.177198,0.156285,0.0836185,0.984166,0.492403,-0.870357,-0.00424473
0.763622,0.586812,0.680359,0.856221,0.51661,-0.000539667,0.156285,-0.258029,0.953413,0.492403,-0.816416,-0.301668
0.763622,0.663706,0.767556,0.856221,0.485639,0.176184,0.156285,-0.568554,0.807664,0.492403,-0.664004,-0.562706
0.763622,0.706139,0.875793,0.856221,0.396093,0.331657,0.156285,-0.810504,0.564499,0.492403,-0.431502,-0.755873
0.763622,0.708994,0.992016,0.856221,0.258772,0.447128,0.156285,-0.954694,0.253247,0.492403,-0.146956,-0.857871
0.763622,0.671926,1.10221,0.856221,0.0902398,0.508668,0.156285,-0.983735,-0.0885505,0.492403,0.155316,-0.856397
0.763622,0.599407,1.19307,0.856221,-0.0891769,0.508855,0.156285,-0.894122,-0.419667,0.492403,0.438854,-0.751629
0.763622,0.500182,1.25366,0.856221,-0.257838,0.447667,0.156285,-0.696665,-0.700166,0.492403,0.66946,-0.556203
0.763622,0.38622,1.27665,0.856221,-0.395399,0.332484,0.156285,-0.41518,-0.896214,0.492403,0.81932,-0.293691
0.763622,0.271267,1.25928,0.856221,-0.48527,0.177198,0.156285,-0.0836185,-0.984166,0.492403,0.870357,0.00424473
0.763622,0.169188,1.20364,0.856221,-0.51661,0.000539667,0.156285,0.258029,-0.953413,0.492403,0.816416,0.301668
0.763622,0.0922939,1.11644,0.856221,-0.485639,-0.176184,0.156285,0.568554,-0.807664,0.492403,0.664004,0.562706
0.763622,0.0498606,1.00821,0.856221,-0.396093,-0.331657,0.156285,0.810504,-0.564499,0.492403,0.431502,0.755873
0.763622,0.0470057,0.891984,0.856221,-0.258772,-0.447128,0.156285,0.954694,-0.253247,0.492403,0.146956,0.857871
0.674556,0.136331,0.949271,0.647527,-0.481967,-0.590269,0.374957,0.875844,-0.303816,0.663413,-0.0245969,0.747849
0.674556,0.148419,0.866177,0.647527,-0.251017,-0.719514,0.374957,0.926935,0.014063,0.663413,-0.278893,0.694336
0.674556,0.188197,0.792228,0.647527,0.0102095,-0.761974,0.374957,0.866225,0.330245,0.663413,-0.499551,0.557075
0.674556,0.250869,0.736344,0.647527,0.270204,-0.71253,0.374957,0.701034,0.606595,0.663413,-0.659955,0.352623
0.674556,0.328874,0.705265,0.647527,0.497609,-0.577144,0.374957,0.451289,0.809781,0.663413,-0.740759,0.105639
0.674556,0.412805,0.70274,0.647527,0.664994,-0.372145,0.374957,0.147111,0.915295,0.663413,-0.732217,-0.154086
0.674556,0.492537,0.729073,0.647527,0.752171,-0.122261,0.374957,-0.17481,0.910411,0.663413,-0.635358,-0.395226
0.674556,0.558455,0.781088,0.647527,0.748625,0.14237,0.374957,-0.475647,0.795718,0.663413,-0.461866,-0.588696
0.674556,0.602607,0.852512,0.647527,0.654784,0.389829,0.374957,-0.719113,0.58505,0.663413,-0.232666,-0.711161
0.674556,0.619669,0.934729,0.647527,0.481967,0.590269,0.374957,-0.875844,0.303816,0.663413,0.0245969,-0.747849
0.674556,0.607581,1.01782,0.647527,0.251017,0.719514,0.374957,-0.926935,-0.014063,0.663413,0.278893,-0.694336
0.674556,0.567803,1.09177,0.647527,-0.0102095,0.761974,0.374957,-0.866225,-0.330245,0.663413,0.499551,-0.557075
0.674556,0.505131,1.14766,0.647527,-0.270204,0.71253,0.374957,-0.701034,-0.606595,0.663413,0.659955,-0.352623
0.674556,0.427126,1.17873,0.647527,-0.497609,0.577144,0.374957,-0.451289,-0.809781,0.663413,0.740759,-0.105639
0.674556,0.343195,1.18126,0.647527,-0.664994,0.372145,0.374957,-0.147111,-0.915295,0.663413,0.732217,0.154086
0.674556,0.263463,1.15493,0.647527,-0.752171,0.122261,0.374957,0.17481,-0.910411,0.663413,0.635358,0.395226
0.674556,0.197545,1.10291,0.647527,-0.748625,-0.14237,0.374957,0.475647,-0.795718,0.663413,0.461866,0.588696
0.674556,0.153393,1.03149,0.647527,-0.654784,-0.389829,0.374957,0.719113,-0.58505,0.663413,0.232666,0.711161
0.674556,0.136331,0.949271,0.647527,-0.481967,-0.590269,0.374957,0.875844,-0.303816,0.663413,-0.0245969,0.747849
0.627155,0.245912,1.01955,0.360731,-0.631618,-0.686245,0.548404,0.738794,-0.39171,0.754404,-0.235037,0.612888
0.627155,0.227355,0.969695,0.360731,-0.358817,-0.860885,0.548404,0.828212,-0.115405,0.754404,-0.430483,0.495539
0.627155,0.226968,0.916501,0.360731,-0.0427378,-0.93169,0.548404,0.817735,0.17482,0.754404,-0.574006,0.31842
0.627155,0.244797,0.866383,0.360731,0.278496,-0.890119,0.548404,0.708628,0.443959,0.754404,-0.648295,0.102896
0.627155,0.278693,0.825385,0.360731,0.56614,-0.741187,0.548404,0.514049,0.65955,0.754404,-0.64439,-0.125039
0.627155,0.324566,0.798453,0.360731,0.785498,-0.502857,0.548404,0.257469,0.79559,0.754404,-0.562763,-0.337893
0.627155,0.376885,0.788834,0.360731,0.910114,-0.203875,0.548404,-0.030166,0.835669,0.754404,-0.413258,-0.509992
0.627155,0.429338,0.79769,0.360731,0.924957,0.119698,0.548404,-0.314163,0.774955,0.754404,-0.213908,-0.620578
0.627155,0.475599,0.823951,0.360731,0.828236,0.428833,0.548404,-0.560266,0.62077,0.754404,0.0112426,-0.656314
0.627155,0.510088,0.864451,0.360731,0.631618,0.686245,0.548404,-0.738794,0.39171,0.754404,0.235037,-0.612888
0.627155,0.528645,0.914305,0.360731,0.358817,0.860885,0.548404,-0.828212,0.115405,0.754404,0.430483,-0.495539
0.627155,0.529032,0.967499,0.360731,0.0427378,0.93169,0.548404,-0.817735,-0.17482,0.754404,0.574006,-0.31842
0.627155,0.511203,1.01762,0.360731,-0.278496,0.890119,0.548404,-0.708628,-0.443959,0.754404,0.648295,-0.102896
0.627155,0.477307,1.05861,0.360731,-0.56614,0.741187,0.548404,-0.514049,-0.65955,0.754404,0.64439,0.125039
0.627155,0.431434,1.08555,0.360731,-0.785498,0.502857,0.548404,-0.257469,-0.79559,0.754404,0.562763,0.337893
0.627155,0.379115,1.09517,0.360731,-0.910114,0.203875,0.548404,0.030166,-0.835669,0.754404,0.413258,0.509992
0.627155,0.326662,1.08631,0.360731,-0.924957,-0.119698,0.548404,0.314163,-0.774955,0.754404,0.213908,0.620578
0.627155,0.280401,1.06005,0.360731,-0.828236,-0.428833,0.548404,0.560266,-0.62077,0.754404,-0.0112426,0.656314
0.627155,0.245912,1.01955,0.360731,-0.631618,-0.686245,0.548404,0.738794,-0.39171,0.754404,-0.235037,0.612888
0.627137,0.362531,1.09434,0.0304265,-0.689676,-0.723479,0.655705,0.560074,-0.506329,0.754404,-0.458983,0.469265
0.627137,0.311361,1.07986,0.0304265,-0.400639,-0.915731,0.655705,0.699472,-0.284237,0.754404,-0.591801,0.283983
0.627137,0.268228,1.04876,0.0304265,-0.063279,-0.997532,0.655705,0.754503,-0.0278622,0.754404,-0.653239,0.0644493
0.627137,0.238335,1.00477,0.0304265,0.281713,-0.959016,0.655705,0.71853,0.231873,0.754404,-0.635886,-0.162858
0.627137,0.225288,0.95322,0.0304265,0.592727,-0.804829,0.655705,0.595892,0.463642,0.754404,-0.541837,-0.370523
0.627137,0.23066,0.900313,0.0304265,0.832249,-0.553567,0.655705,0.401381,0.639488,0.754404,-0.382434,-0.533497
0.627137,0.253804,0.852434,0.0304265,0.971389,-0.235537,0.655705,0.158457,0.738202,0.754404,-0.176904,-0.632123
0.627137,0.291927,0.815358,0.0304265,0.993365,0.110902,0.655705,-0.103579,0.747879,0.754404,0.0499636,-0.654506
0.627137,0.340432,0.793557,0.0304265,0.895528,0.443965,0.655705,-0.353122,0.66735,0.754404,0.270805,-0.597946
0.627137,0.393469,0.78966,0.0304265,0.689676,0.723479,0.655705,-0.560074,0.506329,0.754404,0.458983,-0.469265
0.627137,0.444639,0.804138,0.0304265,0.400639,0.915731,0.655705,-0.699472,0.284237,0.754404,0.591801,-0.283983
0.627137,0.487772,0.835244,0.0304265,0.063279,0.997532,0.655705,-0.754503,0.0278622,0.754404,0.653239,-0.0644493
0.627137,0.517665,0.879226,0.0304265,-0.281713,0.959016,0.655705,-0.71853,-0.231873,0.754404,0.635886,0.162858
0.627137,0.530712,0.93078,0.0304265,-0.592727,0.804829,0.655705,-0.595892,-0.463642,0.754404,0.541837,0.370523
0.627137,0.52534,0.983687,0.0304265,-0.832249,0.553567,0.655705,-0.401381,-0.639488,0.754404,0.382434,0.533497
0.627137,0.502196,1.03157,0.0304265,-0.971389,0.235537,0.655705,-0.158457,-0.738202,0.754404,0.176904,0.632123
0.627137,0.464073,1.06864,0.0304265,-0.993365,-0.110902,0.655705,0.103579,-0.747879,0.754404,-0.0499636,0.654506
0.627137,0.415568,1.09044,0.0304265,-0.895528,-0.443965,0.655705,0.353122,-0.66735,0.754404,-0.270805,0.597946
0.627137,0.362531,1.09434,0.0304265,-0.689676,-0.723479,0.655705,0.560074,-0.506329,0.754404,-0.458983,0.469265
0.674504,0.472123,1.16462,-0.303548,-0.649138,-0.69748,0.683918,0.361239,-0.633847,0.663411,-0.669423,0.334303
0.674504,0.390304,1.18339,-0.303548,-0.371437,-0.877435,0.683918,0.556243,-0.47207,0.663411,-0.74339,0.0851863
0.674504,0.307002,1.17304,-0.303548,-0.0489364,-0.951559,0.683918,0.684155,-0.253355,0.663411,-0.727693,-0.174205
0.674504,0.232263,1.13482,-0.303548,0.279467,-0.91091,0.683918,0.729548,-0.00408114,0.663411,-0.624226,-0.412585
0.674504,0.175102,1.07335,-0.303548,0.574163,-0.760392,0.683918,0.686946,0.245685,0.663411,-0.445468,-0.601201
0.674504,0.142414,0.996035,-0.303548,0.799606,-0.518159,0.683918,0.561489,0.465818,0.663411,-0.21298,-0.717304
0.674504,0.13814,0.912201,-0.303548,0.928605,-0.213429,0.683918,0.368308,0.629766,0.663411,0.0451962,-0.746889
0.674504,0.162798,0.831961,-0.303548,0.9456,0.117043,0.683918,0.130704,0.717755,0.663411,0.297921,-0.686388
0.674504,0.213412,0.764993,-0.303548,0.848542,0.433399,0.683918,-0.122665,0.719173,0.663411,0.514713,-0.543098
0.674504,0.283877,0.719376,-0.303548,0.649138,0.69748,0.683918,-0.361239,0.633847,0.663411,0.669423,-0.334303
0.674504,0.365696,0.70061,-0.303548,0.371437,0.877435,0.683918,-0.556243,0.47207,0.663411,0.74339,-0.0851863
0.674504,0.448998,0.710959,-0.303548,0.0489364,0.951559,0.683918,-0.684155,0.253355,0.663411,0.727693,0.174205
0.674504,0.523737,0.749175,-0.303548,-0.279467,0.91091,0.683918,-0.729548,0.00408114,0.663411,0.624226,0.412585
0.674504,0.580898,0.810649,-0.303548,-0.574163,0.760392,0.683918,-0.686946,-0.245685,0.663411,0.445468,0.601201
0.674504,0.613586,0.887965,-0.303548,-0.799606,0.518159,0.683918,-0.561489,-0.465818,0.663411,0.21298,0.717304
0.674504,0.61786,0.971799,-0.303548,-0.928605,0.213429,0.683918,-0.368308,-0.629766,0.663411,-0.0451962,0.746889
0.674504,0.593202,1.05204,-0.303548,-0.9456,-0.117043,0.683918,-0.130704,-0.717755,0.663411,-0.297921,0.686388
0.674504,0.542588,1.11901,-0.303548,-0.848542,-0.433399,0.683918,0.122665,-0.719173,0.663411,-0.514713,0.543098
0.674504,0.472123,1.16462,-0.303548,-0.649138,-0.69748,0.683918,0.361239,-0.633847,0.663411,-0.669423,0.334303
0.763543,0.561468,1.22192,-0.60091,-0.514893,-0.611385,0.629641,0.166274,-0.758885,0.492402,-0.840975,0.224282
0.763543,0.454664,1.26779,-0.60091,-0.274735,-0.750618,0.629641,0.4158,-0.656249,0.492402,-0.866967,-0.0768744
0.763543,0.338613,1.27437,-0.60091,-0.00143988,-0.799315,0.629641,0.615175,-0.474461,0.492402,-0.788389,-0.368758
0.763543,0.227313,1.24085,-0.60091,0.272029,-0.751603,0.629641,0.74035,-0.235445,0.492402,-0.614721,-0.616165
0.763543,0.134187,1.17129,-0.60091,0.512687,-0.613236,0.629641,0.776229,0.0319689,0.492402,-0.366908,-0.789252
0.763543,0.0704697,1.07407,-0.60091,0.691507,-0.400904,0.629641,0.718482,0.295527,0.492402,-0.0748406,-0.867144
0.763543,0.0438446,0.960926,-0.60091,0.786922,-0.140218,0.629641,0.574076,0.52344,0.492402,0.226254,-0.840446
0.763543,0.0575236,0.845497,-0.60091,0.787422,0.137382,0.629641,0.360428,0.688218,0.492402,0.500058,-0.712378
0.763543,0.109857,0.741707,-0.60091,0.692947,0.398411,0.629641,0.103307,0.769987,0.492402,0.713549,-0.498386
0.763543,0.194532,0.662076,-0.60091,0.514893,0.611385,0.629641,-0.166274,0.758885,0.492402,0.840975,-0.224282
0.763543,0.301336,0.616208,-0.60091,0.274735,0.750618,0.629641,-0.4158,0.656249,0.492402,0.866967,0.0768744
0.763543,0.417387,0.609635,-0.60091,0.00143988,0.799315,0.629641,-0.615175,0.474461,0.492402,0.788389,0.368758
0.763543,0.528687,0.64315,-0.60091,-0.272029,0.751603,0.629641,-0.74035,0.235445,0.492402,0.614721,0.616165
0.763543,0.621813,0.712711,-0.60091,-0.512687,0.613236,0.629641,-0.776229,-0.0319689,0.492402,0.366908,0.789252
0.763543,0.68553,0.809928,-0.60091,-0.691507,0.400904,0.629641,-0.718482,-0.295527,0.492402,0.0748406,0.867144
0.763543,0.712155,0.923074,-0.60091,-0.786922,0.140218,0.629641,-0.574076,-0.52344,0.492402,-0.226254,0.840446
0.763543,0.698476,1.0385,-0.60091,-0.787422,-0.137382,0.629641,-0.360428,-0.688218,0.492402,-0.500058,0.712378
0.763543,0.646143,1.14229,-0.60091,-0.692947,-0.398411,0.629641,-0.103307,-0.769987,0.492402,-0.713549,0.498386
0.763543,0.561468,1.22192,-0.60091,-0.514893,-0.611385,0.629641,0.166274,-0.758885,0.492402,-0.840975,0.224282
0.883514,0.619791,1.25933,-0.825794,-0.303133,-0.475578,0.499419,-0.0013074,-0.866359,0.262001,-0.952947,0.15247
0.883514,0.496676,1.32289,-0.825794,-0.122195,-0.550575,0.499419,0.295084,-0.814559,0.262001,-0.947625,-0.182652
0.883514,0.359248,1.34051,-0.825794,0.0734817,-0.559164,0.499419,0.555884,-0.66451,0.262001,-0.828006,-0.495744
0.883514,0.224081,1.31006,-0.825794,0.260296,-0.50031,0.499419,0.749636,-0.434312,0.262001,-0.608517,-0.749041
0.883514,0.107479,1.23522,-0.825794,0.415714,-0.381111,0.499419,0.85297,-0.151729,0.262001,-0.315632,-0.911994
0.883514,0.0235062,1.12501,-0.825794,0.520991,-0.215945,0.499419,0.853425,0.149154,0.262001,0.0153236,-0.964946
0.883514,-0.0177097,0.992733,-0.825794,0.563429,-0.0247325,0.499419,0.750943,0.432047,0.262001,0.34443,-0.901512
0.883514,-0.0111971,0.854333,-0.825794,0.537909,0.169463,0.499419,0.557887,0.662829,0.262001,0.631994,-0.729342
0.883514,0.0422584,0.726506,-0.825794,0.447509,0.343219,0.499419,0.297541,0.813664,0.262001,0.84333,-0.469202
0.883514,0.136209,0.624672,-0.825794,0.303133,0.475578,0.499419,0.0013074,0.866359,0.262001,0.952947,-0.15247
0.883514,0.259324,0.561112,-0.825794,0.122195,0.550575,0.499419,-0.295084,0.814559,0.262001,0.947625,0.182652
0.883514,0.396752,0.543492,-0.825794,-0.0734817,0.559164,0.499419,-0.555884,0.66451,0.262001,0.828006,0.495744
0.883514,0.531919,0.573939,-0.825794,-0.260296,0.50031,0.499419,-0.749636,0.434312,0.262001,0.608517,0.749041
0.883514,0.648521,0.648779,-0.825794,-0.415714,0.381111,0.499419,-0.85297,0.151729,0.262001,0.315632,0.911994
0.883514,0.732494,0.758986,-0.825794,-0.520991,0.215945,0.499419,-0.853425,-0.149154,0.262001,-0.0153236,0.964946
0.883514,0.77371,0.891267,-0.825794,-0.563429,0.0247325,0.499419,-0.750943,-0.432047,0.262001,-0.34443,0.901512
0.883514,0.767197,1.02967,-0.825794,-0.537909,-0.169463,0.499419,-0.557887,-0.662829,0.262001,-0.631994,0.729342
0.883514,0.713742,1.15749,-0.825794,-0.447509,-0.343219,0.499419,-0.297541,-0.813664,0.262001,-0.84333,0.469202
0.883514,0.619791,1.25933,-0.825794,-0.303133,-0.475578,0.499419,-0.0013074,-0.866359,0.262001,-0.952947,0.15247
0.875863,0.0488893,0.721322,0.985232,0.0212272,-0.169906,-0.00862081,0.997177,0.0745928,0.17101,-0.0720265,0.982633
0.875863,0.144214,0.622068,0.985232,0.0780585,-0.1524,-0.00862081,0.911527,0.411149,0.17101,-0.403763,0.898739
0.875863,0.267736,0.561402,0.985232,0.125475,-0.116511,-0.00862081,0.715934,0.698114,0.17101,-0.6868,0.706443
0.875863,0.404558,0.546643,0.985232,0.157757,-0.0665699,-0.00862081,0.433989,0.900877,0.17101,-0.886998,0.42894
0.875863,0.538176,0.579569,0.985232,0.171011,-0.00859921,-0.00862081,0.0996983,0.99498,0.17101,-0.980212,0.0997002
0.875863,0.652475,0.65621,0.985232,0.163639,0.0504087,-0.00862081,-0.246618,0.969075,0.17101,-0.955197,-0.241565
0.875863,0.733668,0.767321,0.985232,0.13653,0.103337,-0.00862081,-0.563188,0.826284,0.17101,-0.814972,-0.553693
0.875863,0.771963,0.899501,0.985232,0.0929527,0.1438,-0.00862081,-0.811829,0.583831,0.17101,-0.576449,-0.799038
0.875863,0.762739,1.03681,0.985232,0.0381643,0.16692,-0.00862081,-0.962552,0.27096,0.17101,-0.268398,-0.948008
0.875863,0.707111,1.16268,0.985232,-0.0212272,0.169906,-0.00862081,-0.997177,-0.0745928,0.17101,0.0720265,-0.982633
0.875863,0.611786,1.26193,0.985232,-0.0780585,0.1524,-0.00862081,-0.911527,-0.411149,0.17101,0.403763,-0.898739
0.875863,0.488264,1.3226,0.985232,-0.125475,0.116511,-0.00862081,-0.715934,-0.698114,0.17101,0.6868,-0.706443
0.875863,0.351442,1.33736,0.985232,-0.157757,0.0665699,-0.00862081,-0.433989,-0.900877,0.17101,0.886998,-0.42894
0.875863,0.217824,1.30443,0.985232,-0.171011,0.00859921,-0.00862081,-0.0996983,-0.99498,0.17101,0.980212,-0.0997002
0.875863,0.103525,1.22779,0.985232,-0.163639,-0.0504087,-0.00862081,0.246618,-0.969075,0.17101,0.955197,0.241565
0.875863,0.0223317,1.11668,0.985232,-0.13653,-0.103337,-0.00862081,0.563188,-0.826284,0.17101,0.814972,0.553693
0.875863,-0.0159627,0.984499,0.985232,-0.0929527,-0.1438,-0.00862081,0.811829,-0.583831,0.17101,0.576449,0.799038
0.875863,-0.00673931,0.847193,0.985232,-0.0381643,-0.16692,-0.00862081,0.962552,-0.27096,0.17101,0.268398,0.948008
0.875863,0.0488893,0.721322,0.985232,0.0212272,-0.169906,-0.00862081,0.997177,0.0745928,0.17101,-0.0720265,0.982633
0.749059,0.110498,0.760833,0.900555,-0.258672,-0.349414,0.292759,0.955003,0.0475458,0.321393,-0.145112,0.935761
0.749059,0.188593,0.680267,0.900555,-0.123565,-0.416813,0.292759,0.881148,0.371309,0.321393,-0.45641,0.829697
0.749059,0.289533,0.631271,0.900555,0.026445,-0.433937,0.292759,0.701013,0.650287,0.321393,-0.712658,0.623559
0.749059,0.401144,0.619753,0.900555,0.173266,-0.398723,0.292759,0.436326,0.85083,0.321393,-0.882949,0.34221
0.749059,0.509963,0.647102,0.900555,0.299188,-0.315417,0.292759,0.119011,0.948751,0.321393,-0.946743,0.0195862
0.749059,0.602866,0.710021,0.900555,0.389023,-0.194067,0.292759,-0.212658,0.932239,0.321393,-0.896347,-0.3054
0.749059,0.668647,0.80092,0.900555,0.431937,-0.0493092,0.292759,-0.518678,0.803284,0.321393,-0.737837,-0.593551
0.749059,0.699371,0.908835,0.900555,0.422753,0.101396,0.292759,-0.762137,0.577442,0.321393,-0.490334,-0.810111
0.749059,0.691333,1.02075,0.900555,0.362578,0.239871,0.292759,-0.913671,0.281952,0.321393,-0.183689,-0.928959
0.749059,0.645502,1.12317,0.900555,0.258672,0.349414,0.292759,-0.955003,-0.0475458,0.321393,0.145112,-0.935761
0.749059,0.567407,1.20373,0.900555,0.123565,0.416813,0.292759,-0.881148,-0.371309,0.321393,0.45641,-0.829697
0.749059,0.466467,1.25273,0.900555,-0.026445,0.433937,0.292759,-0.701013,-0.650287,0.321393,0.712658,-0.623559
0.749059,0.354856,1.26425,0.900555,-0.173266,0.398723,0.292759,-0.436326,-0.85083,0.321393,0.882949,-0.34221
0.749059,0.246037,1.2369,0.900555,-0.299188,0.315417,0.292759,-0.119011,-0.948751,0.321393,0.946743,-0.0195862
0.749059,0.153134,1.17398,0.900555,-0.389023,0.194067,0.292759,0.212658,-0.932239,0.321393,0.896347,0.3054
0.749059,0.0873535,1.08308,0.900555,-0.431937,0.0493092,0.292759,0.518678,-0.803284,0.321393,0.737837,0.593551
0.749059,0.0566293,0.975165,0.900555,-0.422753,-0.101396,0.292759,0.762137,-0.577442,0.321393,0.490334,0.810111
0.749059,0.0646671,0.86325,0.900555,-0.362578,-0.239871,0.292759,0.913671,-0.281952,0.321393,0.183689,0.928959
0.749059,0.110498,0.760833,0.900555,-0.258672,-0.349414,0.292759,0.955003,0.0475458,0.321393,-0.145112,0.935761
0.654934,0.204897,0.821374,0.707258,-0.497312,-0.502461,0.558827,0.828606,-0.0335165,0.433011,-0.257084,0.86395
0.654934,0.256593,0.769444,0.707258,-0.295468,-0.64225,0.558827,0.790099,0.251905,0.433011,-0.537068,0.723919
0.654934,0.322932,0.738327,0.707258,-0.0579872,-0.704573,0.558827,0.656293,0.506943,0.433011,-0.752274,0.496573
0.654934,0.395914,0.731776,0.707258,0.186488,-0.681915,0.558827,0.443329,0.700836,0.433011,-0.876745,0.209333
0.654934,0.466734,0.750581,0.707258,0.40847,-0.577008,0.558827,0.176893,0.810198,0.433011,-0.895467,-0.103155
0.654934,0.526852,0.792473,0.707258,0.581185,-0.402505,0.558827,-0.110879,0.821838,0.433011,-0.806182,-0.403202
0.654934,0.569016,0.852401,0.707258,0.6838,-0.179454,0.558827,-0.385277,0.734352,0.433011,-0.61966,-0.654616
0.654934,0.588141,0.923136,0.707258,0.703939,0.0652417,0.558827,-0.613205,0.558293,0.433011,-0.358398,-0.827075
0.654934,0.58192,0.996146,0.707258,0.639172,0.302068,0.558827,-0.767172,0.314895,0.433011,-0.0539081,-0.899775
0.654934,0.551103,1.06263,0.707258,0.497312,0.502461,0.558827,-0.828606,0.0335165,0.433011,0.257084,-0.86395
0.654934,0.499407,1.11456,0.707258,0.295468,0.64225,0.558827,-0.790099,-0.251905,0.433011,0.537068,-0.723919
0.654934,0.433068,1.14567,0.707258,0.0579872,0.704573,0.558827,-0.656293,-0.506943,0.433011,0.752274,-0.496573
0.654934,0.360086,1.15222,0.707258,-0.186488,0.681915,0.558827,-0.443329,-0.700836,0.433011,0.876745,-0.209333
0.654934,0.289266,1.13342,0.707258,-0.40847,0.577008,0.558827,-0.176893,-0.810198,0.433011,0.895467,0.103155
0.654934,0.229148,1.09153,0.707258,-0.581185,0.402505,0.558827,0.110879,-0.821838,0.433011,0.806182,0.403202
0.654934,0.186984,1.0316,0.707258,-0.6838,0.179454,0.558827,0.385277,-0.734352,0.433011,0.61966,0.654616
0.654934,0.167859,0.960864,0.707258,-0.703939,-0.0652417,0.558827,0.613205,-0.558293,0.433011,0.358398,0.827075
