0.658953,0.601091,0.983463,0.308961,0.635394,-0.707685,0.951075,-0.206413,0.229892,-3.49349e-06,-0.744089,-0.668081
0.907818,0.430007,1.24435,0.92986,-0.367009,-0.0258066,-0.179072,-0.390195,-0.903151,0.321394,0.844425,-0.428547
0.907818,0.291569,1.21677,0.92986,-0.336049,-0.149775,-0.179072,-0.0577672,-0.982139,0.321394,0.940071,-0.113892
0.907818,0.170913,1.1435,0.92986,-0.264557,-0.255678,-0.179072,0.281628,-0.942666,0.321394,0.922332,0.214499
0.907818,0.0825918,1.03339,0.92986,-0.161155,-0.330742,-0.179072,0.587054,-0.789494,0.321394,0.793345,0.51702
0.907818,0.0372591,0.899706,0.92986,-0.0383158,-0.365914,-0.179072,0.821673,-0.541097,0.321394,0.568669,0.757179
0.907818,0.0403823,0.758581,0.92986,0.0891449,-0.356952,-0.179072,0.957186,-0.227436,0.321394,0.275404,0.906012
0.907818,0.0915847,0.627036,0.92986,0.205853,-0.304935,-0.179072,0.977249,0.113657,0.321394,-0.0510795,0.945567
0.907818,0.184691,0.520935,0.92986,0.297733,-0.21614,-0.179072,0.879441,0.441041,0.321394,-0.371402,0.871072
0.907818,0.30847,0.453078,0.92986,0.353702,-0.101274,-0.179072,0.675559,0.71523,0.321394,-0.646928,0.691513
0.907818,0.447993,0.431647,0.92986,0.367009,0.0258066,-0.179072,0.390195,0.903151,0.321394,-0.844425,0.428547
0.907818,0.586431,0.459229,0.92986,0.336049,0.149775,-0.179072,0.0577672,0.982139,0.321394,-0.940071,0.113892
0.907818,0.707087,0.532496,0.92986,0.264557,0.255678,-0.179072,-0.281628,0.942666,0.321394,-0.922332,-0.214499
0.907818,0.795408,0.642612,0.92986,0.161155,0.330742,-0.179072,-0.587054,0.789494,0.321394,-0.793345,-0.51702
0.907818,0.840741,0.776294,0.92986,0.0383158,0.365914,-0.179072,-0.821673,0.541097,0.321394,-0.568669,-0.757179
0.907818,0.837618,0.917419,0.92986,-0.0891449,0.356952,-0.179072,-0.957186,0.227436,0.321394,-0.275404,-0.906012
0.907818,0.786415,1.04896,0.92986,-0.205853,0.304935,-0.179072,-0.977249,-0.113657,0.321394,0.0510795,-0.945567
0.907818,0.693309,1.15506,0.92986,-0.297733,0.21614,-0.179072,-0.879441,-0.441041,0.321394,0.371402,-0.871072
0.907818,0.56953,1.22292,0.92986,-0.353702,0.101274,-0.179072,-0.675559,-0.71523,0.321394,0.646928,-0.691513
0.907818,0.430007,1.24435,0.92986,-0.367009,-0.0258066,-0.179072,-0.390195,-0.903151,0.321394,0.844425,-0.428547
0.809114,0.468065,1.20197,0.796489,-0.570373,0.200696,-0.0275851,-0.36585,-0.930265,0.604023,0.73541,-0.30713
0.809114,0.341828,1.18996,0.796489,-0.604618,-0.00648704,-0.0275851,-0.0256175,-0.999291,0.604023,0.796104,-0.0370825
0.809114,0.227313,1.1355,0.796489,-0.565936,-0.212887,-0.0275851,0.317705,-0.947788,0.604023,0.760776,0.237437
0.809114,0.138329,1.04515,0.796489,-0.458994,-0.39361,-0.0275851,0.622708,-0.781968,0.604023,0.633687,0.483319
0.809114,0.0856113,0.929825,0.796489,-0.296691,-0.526858,-0.0275851,0.852603,-0.521831,0.604023,0.430166,0.670905
0.809114,0.0755173,0.803421,0.796489,-0.0986023,-0.596559,-0.0275851,0.979661,-0.198753,0.604023,0.174761,0.77757
0.809114,0.109265,0.681188,0.796489,0.111379,-0.594306,-0.0275851,0.988558,0.148297,0.604023,-0.101723,0.790448
0.809114,0.182783,0.577869,0.796489,0.307927,-0.520371,-0.0275851,0.87822,0.47746,0.604023,-0.365938,0.707987
0.809114,0.287205,0.505925,0.796489,0.467334,-0.383671,-0.0275851,0.661956,0.749035,0.604023,-0.586015,0.540132
0.809114,0.409935,0.474035,0.796489,0.570373,-0.200696,-0.0275851,0.36585,0.930265,0.604023,-0.73541,0.30713
0.809114,0.536172,0.486044,0.796489,0.604618,0.00648704,-0.0275851,0.0256175,0.999291,0.604023,-0.796104,0.0370825
0.809114,0.650687,0.540504,0.796489,0.565936,0.212887,-0.0275851,-0.317705,0.947788,0.604023,-0.760776,-0.237437
0.809114,0.739671,0.630847,0.796489,0.458994,0.39361,-0.0275851,-0.622708,0.781968,0.604023,-0.633687,-0.483319
0.809114,0.792389,0.746175,0.796489,0.296691,0.526858,-0.0275851,-0.852603,0.521831,0.604023,-0.430166,-0.670905
0.809114,0.802483,0.872579,0.796489,0.0986023,0.596559,-0.0275851,-0.979661,0.198753,0.604023,-0.174761,-0.77757
0.809114,0.768735,0.994812,0.796489,-0.111379,0.594306,-0.0275851,-0.988558,-0.148297,0.604023,0.101723,-0.790448
0.809114,0.695217,1.09813,0.796489,-0.307927,0.520371,-0.0275851,-0.87822,-0.47746,0.604023,0.365938,-0.707987
0.809114,0.590795,1.17007,0.796489,-0.467334,0.383671,-0.0275851,-0.661956,-0.749035,0.604023,0.586015,-0.540132
0.809114,0.468065,1.20197,0.796489,-0.570373,0.200696,-0.0275851,-0.36585,-0.930265,0.604023,0.73541,-0.30713
0.735846,0.526381,1.13701,0.567051,-0.730999,0.379596,0.127229,-0.377588,-0.917191,0.813797,0.56839,-0.121107
0.735846,0.418842,1.14887,0.567051,-0.816744,0.106687,0.127229,-0.0411191,-0.991021,0.813797,0.575533,0.0805971
0.735846,0.313735,1.12323,0.567051,-0.803978,-0.17909,0.127229,0.30031,-0.945318,0.813797,0.513258,0.27258
0.735846,0.223736,1.06318,0.567051,-0.69424,-0.443266,0.127229,0.605517,-0.785597,0.813797,0.389077,0.431686
0.735846,0.159702,0.975976,0.567051,-0.500766,-0.653978,0.127229,0.837689,-0.531121,0.813797,0.217967,0.538725
0.735846,0.129355,0.87213,0.567051,-0.246893,-0.78581,0.127229,0.968825,-0.212583,0.813797,0.0205676,0.580785
0.735846,0.136356,0.764167,0.567051,0.0367597,-0.822862,0.127229,0.983105,0.131594,0.813797,-0.179313,0.552794
0.735846,0.17986,0.665109,0.567051,0.315978,-0.760665,0.127229,0.878809,0.4599,0.813797,-0.357566,0.458128
0.735846,0.25462,0.586904,0.567051,0.557085,-0.60672,0.127229,0.668515,0.732735,0.813797,-0.492691,0.308204
0.735846,0.351619,0.538986,0.567051,0.730999,-0.379596,0.127229,0.377588,0.917191,0.813797,-0.56839,0.121107
0.735846,0.459158,0.527132,0.567051,0.816744,-0.106687,0.127229,0.0411191,0.991021,0.813797,-0.575533,-0.0805971
0.735846,0.564265,0.552774,0.567051,0.803978,0.17909,0.127229,-0.30031,0.945318,0.813797,-0.513258,-0.27258
0.735846,0.654264,0.612819,0.567051,0.69424,0.443266,0.127229,-0.605517,0.785597,0.813797,-0.389077,-0.431686
0.735846,0.718298,0.700024,0.567051,0.500766,0.653978,0.127229,-0.837689,0.531121,0.813797,-0.217967,-0.538725
0.735846,0.748645,0.80387,0.567051,0.246893,0.78581,0.127229,-0.968825,0.212583,0.813797,-0.0205676,-0.580785
0.735846,0.741644,0.911833,0.567051,-0.0367597,0.822862,0.127229,-0.983105,-0.131594,0.813797,0.179313,-0.552794
0.735846,0.69814,1.01089,0.567051,-0.315978,0.760665,0.127229,-0.878809,-0.4599,0.813797,0.357566,-0.458128
0.735846,0.62338,1.0891,0.567051,-0.557085,0.60672,0.127229,-0.668515,-0.732735,0.813797,0.492691,-0.308204
0.735846,0.526381,1.13701,0.567051,-0.730999,0.379596,0.127229,-0.377588,-0.917191,0.813797,0.56839,-0.121107
0.696852,0.597921,1.05733,0.269218,-0.829512,0.489317,0.266698,-0.423993,-0.865507,0.925416,0.36351,0.107083
0.696852,0.51332,1.09846,0.269218,-0.946843,0.176098,0.266698,-0.102403,-0.958325,0.925416,0.304963,0.224952
0.696852,0.419755,1.10817,0.269218,-0.94997,-0.158361,0.266698,0.231539,-0.935554,0.925416,0.209633,0.31569
0.696852,0.328511,1.0853,0.269218,-0.838517,-0.47372,0.266698,0.537554,-0.799942,0.925416,0.0890186,0.36835
0.696852,0.250594,1.03259,0.269218,-0.625927,-0.731941,0.266698,0.778732,-0.567845,0.925416,-0.042333,0.376582
0.696852,0.195401,0.95642,0.269218,-0.33784,-0.901879,0.266698,0.925983,-0.267258,0.925416,-0.168579,0.339392
0.696852,0.16959,0.865962,0.269218,-0.00900503,-0.963037,0.266698,0.961547,0.0655645,0.925416,-0.274491,0.261267
0.696852,0.176274,0.772132,0.269218,0.320916,-0.908039,0.266698,0.881135,0.390479,0.925416,-0.347296,0.151629
0.696852,0.214646,0.686247,0.269218,0.61213,-0.743518,0.266698,0.694444,0.668296,0.925416,-0.378212,0.0237029
0.696852,0.280079,0.618665,0.269218,0.829512,-0.489317,0.266698,0.423993,0.865507,0.925416,-0.36351,-0.107083
0.696852,0.36468,0.577539,0.269218,0.946843,-0.176098,0.266698,0.102403,0.958325,0.925416,-0.304963,-0.224952
0.696852,0.458245,0.567827,0.269218,0.94997,0.158361,0.266698,-0.231539,0.935554,0.925416,-0.209633,-0.31569
0.696852,0.549489,0.590703,0.269218,0.838517,0.47372,0.266698,-0.537554,0.799942,0.925416,-0.0890186,-0.36835
0.696852,0.627406,0.643406,0.269218,0.625927,0.731941,0.266698,-0.778732,0.567845,0.925416,0.042333,-0.376582
0.696852,0.682599,0.71958,0.269218,0.33784,0.901879,0.266698,-0.925983,0.267258,0.925416,0.168579,-0.339392
0.696852,0.70841,0.810038,0.269218,0.00900503,0.963037,0.266698,-0.961547,-0.0655645,0.925416,0.274491,-0.261267
0.696852,0.701726,0.903868,0.269218,-0.320916,0.908039,0.266698,-0.881135,-0.390479,0.925416,0.347296,-0.151629
0.696852,0.663354,0.989753,0.269218,-0.61213,0.743518,0.266698,-0.694444,-0.668296,0.925416,0.378212,-0.0237029
0.696852,0.597921,1.05733,0.269218,-0.829512,0.489317,0.266698,-0.423993,-0.865507,0.925416,0.36351,0.107083
0.696834,0.674057,0.972536,-0.061087,-0.85403,0.516625,0.373999,-0.499468,-0.781445,0.925415,0.145481,0.349917
0.696834,0.613867,1.04482,-0.061087,-0.979222,0.193373,0.373999,-0.202076,-0.905147,0.925415,0.0170285,0.378572
0.696834,0.532586,1.09215,-0.061087,-0.986305,-0.153203,0.373999,0.119689,-0.919674,0.925415,-0.113478,0.361565
0.696834,0.440017,1.10883,-0.061087,-0.874425,-0.481299,0.373999,0.427018,-0.823274,0.925415,-0.230297,0.300949
0.696834,0.347325,1.09285,-0.061087,-0.657077,-0.751345,0.373999,0.682842,-0.627576,0.925415,-0.319339,0.204033
0.696834,0.26569,1.04612,-0.061087,-0.360475,-0.930766,0.373999,0.856305,-0.356183,0.925415,-0.369864,0.0825081
0.696834,0.20496,0.974297,-0.061087,-0.020395,-0.997924,0.373999,0.926485,-0.0418289,0.925415,-0.375778,-0.0489686
0.696834,0.172457,0.886031,-0.061087,0.322145,-0.944717,0.373999,0.884918,0.27757,0.925415,-0.336367,-0.174539
0.696834,0.172104,0.791972,-0.061087,0.62583,-0.777564,0.373999,0.736616,0.563491,0.925415,-0.256386,-0.279057
0.696834,0.203943,0.703464,-0.061087,0.85403,-0.516625,0.373999,0.499468,0.781445,0.925415,-0.145481,-0.349917
0.696834,0.264133,0.631183,-0.061087,0.979222,-0.193373,0.373999,0.202076,0.905147,0.925415,-0.0170285,-0.378572
0.696834,0.345414,0.583847,-0.061087,0.986305,0.153203,0.373999,-0.119689,0.919674,0.925415,0.113478,-0.361565
0.696834,0.437983,0.567166,-0.061087,0.874425,0.481299,0.373999,-0.427018,0.823274,0.925415,0.230297,-0.300949
0.696834,0.530675,0.583152,-0.061087,0.657077,0.751345,0.373999,-0.682842,0.627576,0.925415,0.319339,-0.204033
0.696834,0.61231,0.629876,-0.061087,0.360475,0.930766,0.373999,-0.856305,0.356183,0.925415,0.369864,-0.0825081
0.696834,0.67304,0.701703,-0.061087,0.020395,0.997924,0.373999,-0.926485,0.0418289,0.925415,0.375778,0.0489686
0.696834,0.705543,0.789969,-0.061087,-0.322145,0.944717,0.373999,-0.884918,-0.27757,0.925415,0.336367,0.174539
0.696834,0.705896,0.884028,-0.061087,-0.62583,0.777564,0.373999,-0.736616,-0.563491,0.925415,0.256386,0.279057
0.696834,0.674057,0.972536,-0.061087,-0.85403,0.516625,0.373999,-0.499468,-0.781445,0.925415,0.145481,0.349917
0.735794,0.745606,0.892847,-0.384024,-0.801596,0.458225,0.43619,-0.594908,-0.675146,0.813796,-0.0593993,0.578107
0.735794,0.708357,0.994405,-0.384024,-0.909976,0.156428,0.43619,-0.328117,-0.837901,0.813796,-0.253541,0.522927
0.735794,0.638619,1.0771,-0.384024,-0.908599,-0.164235,0.43619,-0.0217506,-0.899592,0.813796,-0.417102,0.404675
0.735794,0.544804,1.13095,-0.384024,-0.797632,-0.46509,0.43619,0.28724,-0.852779,0.813796,-0.530355,0.237612
0.735794,0.438228,1.14947,-0.384024,-0.590459,-0.709848,0.43619,0.561585,-0.703108,0.813796,-0.579639,0.0418903
0.735794,0.331744,1.13042,-0.384024,-0.312068,-0.868988,0.43619,0.768194,-0.468632,0.813796,-0.55901,-0.158884
0.735794,0.238198,1.0761,-0.384024,0.00396368,-0.923315,0.43619,0.882148,-0.177633,0.813796,-0.470956,-0.340495
0.735794,0.168871,0.993067,-0.384024,0.319517,-0.866276,0.43619,0.889702,0.134792,0.813796,-0.326097,-0.481037
0.735794,0.132126,0.891326,-0.384024,0.596532,-0.704752,0.43619,0.789945,0.430959,0.813796,-0.141907,-0.563559
0.735794,0.132394,0.783153,-0.384024,0.801596,-0.458225,0.43619,0.594908,0.675146,0.813796,0.0593993,-0.578107
0.735794,0.169643,0.681595,-0.384024,0.909976,-0.156428,0.43619,0.328117,0.837901,0.813796,0.253541,-0.522927
0.735794,0.239381,0.598902,-0.384024,0.908599,0.164235,0.43619,0.0217506,0.899592,0.813796,0.417102,-0.404675
0.735794,0.333196,0.545048,-0.384024,0.797632,0.46509,0.43619,-0.28724,0.852779,0.813796,0.530355,-0.237612
0.735794,0.439772,0.526528,-0.384024,0.590459,0.709848,0.43619,-0.561585,0.703108,0.813796,0.579639,-0.0418903
0.735794,0.546256,0.545576,-0.384024,0.312068,0.868988,0.43619,-0.768194,0.468632,0.813796,0.55901,0.158884
0.735794,0.639802,0.599895,-0.384024,-0.00396368,0.923315,0.43619,-0.882148,0.177633,0.813796,0.470956,0.340495
0.735794,0.709129,0.682933,-0.384024,-0.319517,0.866276,0.43619,-0.889702,-0.134792,0.813796,0.326097,0.481037
0.735794,0.745874,0.784674,-0.384024,-0.596532,0.704752,0.43619,-0.789945,-0.430959,0.813796,0.141907,0.563559
0.735794,0.745606,0.892847,-0.384024,-0.801596,0.458225,0.43619,-0.594908,-0.675146,0.813796,-0.0593993,0.578107
0.809034,0.803937,0.827879,-0.660642,-0.678534,0.321161,0.44577,-0.698804,-0.55943,0.604021,-0.226419,0.764129
0.809034,0.785391,0.953306,-0.660642,-0.747457,0.0697208,0.44577,-0.465324,-0.764698,0.604021,-0.474112,0.640606
0.809034,0.725064,1.06482,-0.660642,-0.726225,-0.190129,0.44577,-0.17572,-0.877731,0.604021,-0.66462,0.439817
0.809034,0.630234,1.14898,-0.660642,-0.617401,-0.427047,0.44577,0.135079,-0.884897,0.604021,-0.774964,0.18598
0.809034,0.512338,1.19564,-0.660642,-0.434108,-0.612456,0.44577,0.429585,-0.785331,0.604021,-0.791837,-0.0902896
0.809034,0.385596,1.19915,-0.660642,-0.198456,-0.723994,0.44577,0.672277,-0.591043,0.604021,-0.713203,-0.355669
0.809034,0.265296,1.15911,-0.660642,0.0611329,-0.748208,0.44577,0.833883,-0.325467,0.604021,-0.548546,-0.578149
0.809034,0.165947,1.08033,-0.660642,0.313348,-0.682177,0.44577,0.89491,-0.0206338,0.604021,-0.317726,-0.730896
0.809034,0.0995324,0.972326,-0.660642,0.527769,-0.533865,0.44577,0.847997,0.286688,0.604021,-0.0485832,-0.795486
0.809034,0.0740625,0.848121,-0.660642,0.678534,-0.321161,0.44577,0.698804,0.55943,0.604021,0.226419,-0.764129
0.809034,0.0926095,0.722694,-0.660642,0.747457,-0.0697208,0.44577,0.465324,0.764698,0.604021,0.474112,-0.640606
0.809034,0.152936,0.611176,-0.660642,0.726225,0.190129,0.44577,0.17572,0.877731,0.604021,0.66462,-0.439817
0.809034,0.247766,0.527015,-0.660642,0.617401,0.427047,0.44577,-0.135079,0.884897,0.604021,0.774964,-0.18598
0.809034,0.365662,0.480364,-0.660642,0.434108,0.612456,0.44577,-0.429585,0.785331,0.604021,0.791837,0.0902896
0.809034,0.492404,0.476849,-0.660642,0.198456,0.723994,0.44577,-0.672277,0.591043,0.604021,0.713203,0.355669
0.809034,0.612704,0.516895,-0.660642,-0.0611329,0.748208,0.44577,-0.833883,0.325467,0.604021,0.548546,0.578149
0.809034,0.712053,0.59567,-0.660642,-0.313348,0.682177,0.44577,-0.89491,0.0206338,0.604021,0.317726,0.730896
0.809034,0.778468,0.703674,-0.660642,-0.527769,0.533865,0.44577,-0.847997,-0.286688,0.604021,0.0485832,0.795486
0.809034,0.803937,0.827879,-0.660642,-0.678534,0.321161,0.44577,-0.698804,-0.55943,0.604021,-0.226419,0.764129
0.90772,0.842016,0.785468,-0.857576,-0.499687,0.121967,0.401584,-0.798622,-0.448255,0.321392,-0.335433,0.885546
0.90772,0.835678,0.926476,-0.857576,-0.511267,-0.0562918,0.401584,-0.597147,-0.694367,0.321392,-0.618079,0.717416
0.90772,0.781495,1.05681,-0.857576,-0.461181,-0.227761,0.401584,-0.323648,-0.856728,0.321392,-0.826175,0.462755
0.90772,0.686002,1.16076,-0.857576,-0.355469,-0.371758,0.401584,-0.011111,-0.915755,0.321392,-0.934622,0.152279
0.90772,0.560716,1.22577,-0.857576,-0.206883,-0.470916,0.401584,0.302766,-0.864328,0.321392,-0.93034,-0.176564
0.90772,0.42075,1.24402,-0.857576,-0.033344,-0.513275,0.401584,0.580124,-0.708651,0.321392,-0.813845,-0.484111
0.90772,0.282986,1.21329,-0.857576,0.144217,-0.493725,0.401584,0.787511,-0.4675,0.321392,-0.599189,-0.733267
0.90772,0.164038,1.1373,-0.857576,0.304384,-0.414624,0.401584,0.899913,-0.169961,0.321392,-0.312261,-0.89398
0.90772,0.0782557,1.0252,-0.857576,0.427837,-0.285514,0.401584,0.903772,0.148077,0.321392,0.0123295,-0.946866
0.90772,0.035984,0.890532,-0.857576,0.499687,-0.121967,0.401584,0.798622,0.448255,0.321392,0.335433,-0.885546
0.90772,0.042322,0.749524,-0.857576,0.511267,0.0562918,0.401584,0.597147,0.694367,0.321392,0.618079,-0.717416
0.90772,0.0965052,0.619188,-0.857576,0.461181,0.227761,0.401584,0.323648,0.856728,0.321392,0.826175,-0.462755
0.90772,0.191998,0.515244,-0.857576,0.355469,0.371758,0.401584,0.011111,0.915755,0.321392,0.934622,-0.152279
0.90772,0.317284,0.450229,-0.857576,0.206883,0.470916,0.401584,-0.302766,0.864328,0.321392,0.93034,0.176564
0.90772,0.45725,0.431985,-0.857576,0.033344,0.513275,0.401584,-0.580124,0.708651,0.321392,0.813845,0.484111
0.90772,0.595014,0.462712,-0.857576,-0.144217,0.493725,0.401584,-0.787511,0.4675,0.321392,0.599189,0.733267
0.90772,0.713962,0.538705,-0.857576,-0.304384,0.414624,0.401584,-0.899913,0.169961,0.321392,0.312261,0.89398
0.90772,0.799744,0.650797,-0.857576,-0.427837,0.285514,0.401584,-0.903772,-0.148077,0.321392,-0.0123295,0.946866
0.90772,0.842016,0.785468,-0.857576,-0.499687,0.121967,0.401584,-0.798622,-0.448255,0.321392,-0.335433,0.885546
0.883612,0.290185,1.20819,0.961642,-0.26875,-0.0549386,-0.0812368,-0.0877252,-0.992827,0.262003,0.959207,-0.106193
0.883612,0.172547,1.13497,0.961642,-0.233753,-0.143543,-0.0812368,0.257132,-0.962956,0.262003,0.93768,0.22828
0.883612,0.0870474,1.02593,0.961642,-0.170561,-0.214835,-0.0812368,0.570975,-0.816938,0.262003,0.803054,0.535218
0.883612,0.0439984,0.894217,0.961642,-0.0867969,-0.260214,-0.0812368,0.815951,-0.572386,0.262003,0.571569,0.777601
0.883612,0.0485925,0.755729,0.961642,0.00743596,-0.274207,-0.0812368,0.96251,-0.258795,0.262003,0.271144,0.926194
0.883612,0.100275,0.627163,0.961642,0.100772,-0.255127,-0.0812368,0.992977,0.0860101,0.262003,-0.0619852,0.963074
0.883612,0.192814,0.524027,0.961642,0.181953,-0.205275,-0.0812368,0.903676,0.420441,0.262003,-0.387638,0.883794
0.883612,0.315045,0.458761,0.961642,0.241188,-0.130664,-0.0812368,0.705378,0.704161,0.262003,-0.666536,0.697914
0.883612,0.452228,0.439237,0.961642,0.271333,-0.0402926,-0.0812368,0.422001,0.902948,0.262003,-0.865039,0.427856
0.883612,0.587815,0.46781,0.961642,0.26875,0.0549386,-0.0812368,0.0877252,0.992827,0.262003,-0.959207,0.106193
0.883612,0.705453,0.541033,0.961642,0.233753,0.143543,-0.0812368,-0.257132,0.962956,0.262003,-0.93768,-0.22828
0.883612,0.790953,0.650075,0.961642,0.170561,0.214835,-0.0812368,-0.570975,0.816938,0.262003,-0.803054,-0.535218
0.883612,0.834002,0.781783,0.961642,0.0867969,0.260214,-0.0812368,-0.815951,0.572386,0.262003,-0.571569,-0.777601
0.883612,0.829407,0.920271,0.961642,-0.00743596,0.274207,-0.0812368,-0.96251,0.258795,0.262003,-0.271144,-0.926194
0.883612,0.777725,1.04884,0.961642,-0.100772,0.255127,-0.0812368,-0.992977,-0.0860101,0.262003,0.0619852,-0.963074
0.883612,0.685186,1.15197,0.961642,-0.181953,0.205275,-0.0812368,-0.903676,-0.420441,0.262003,0.387638,-0.883794
0.883612,0.562955,1.21724,0.961642,-0.241188,0.130664,-0.0812368,-0.705378,-0.704161,0.262003,0.666536,-0.697914
0.883612,0.425772,1.23676,0.961642,-0.271333,0.0402926,-0.0812368,-0.422001,-0.902948,0.262003,0.865039,-0.427856
0.883612,0.290185,1.20819,0.961642,-0.26875,-0.0549386,-0.0812368,-0.0877252,-0.992827,0.262003,0.959207,-0.106193
0.763622,0.336453,1.15666,0.856221,-0.482895,0.18357,0.156285,-0.096566,-0.98298,0.492403,0.870337,-0.00721225
0.763622,0.23365,1.10237,0.856221,-0.516558,0.00733982,0.156285,0.245457,-0.956727,0.492403,0.820316,0.290896
0.763622,0.155615,1.01619,0.856221,-0.487916,-0.169776,0.156285,0.557874,-0.815078,0.492403,0.671353,0.553917
0.763622,0.11176,0.908521,0.856221,-0.400424,-0.326415,0.156285,0.803003,-0.575119,0.492403,0.441415,0.750128
0.763622,0.107376,0.792345,0.856221,-0.264636,-0.443683,0.156285,0.951278,-0.265792,0.492403,0.158235,0.855863
0.763622,0.14299,0.681676,0.856221,-0.0969277,-0.507436,0.156285,0.984815,0.0755938,0.492403,-0.14403,0.858367
0.763622,0.214308,0.589863,0.856221,0.0824711,-0.509985,0.156285,0.899569,0.407861,0.492403,-0.428923,0.75734
0.763622,0.312726,0.527978,0.856221,0.251923,-0.451022,0.156285,0.705821,0.690935,0.492403,-0.662081,0.564967
0.763622,0.426375,0.503486,0.856221,0.390989,-0.33766,0.156285,0.426941,0.890672,0.492403,-0.815383,0.30445
0.763622,0.541547,0.519342,0.856221,0.482895,-0.18357,0.156285,0.096566,0.98298,0.492403,-0.870337,0.00721225
0.763622,0.64435,0.573633,0.856221,0.516558,-0.00733982,0.156285,-0.245457,0.956727,0.492403,-0.820316,-0.290896
0.763622,0.722385,0.65981,0.856221,0.487916,0.169776,0.156285,-0.557874,0.815078,0.492403,-0.671353,-0.553917
0.763622,0.76624,0.767479,0.856221,0.400424,0.326415,0.156285,-0.803003,0.575119,0.492403,-0.441415,-0.750128
0.763622,0.770624,0.883655,0.856221,0.264636,0.443683,0.156285,-0.951278,0.265792,0.492403,-0.158235,-0.855863
0.763622,0.73501,0.994324,0.856221,0.0969277,0.507436,0.156285,-0.984815,-0.0755938,0.492403,0.14403,-0.858367
0.763622,0.663692,1.08614,0.856221,-0.0824711,0.509985,0.156285,-0.899569,-0.407861,0.492403,0.428923,-0.75734
0.763622,0.565274,1.14802,0.856221,-0.251923,0.451022,0.156285,-0.705821,-0.690935,0.492403,0.662081,-0.564967
0.763622,0.451625,1.17251,0.856221,-0.390989,0.33766,0.156285,-0.426941,-0.890672,0.492403,0.815383,-0.30445
0.763622,0.336453,1.15666,0.856221,-0.482895,0.18357,0.156285,-0.096566,-0.98298,0.492403,0.870337,-0.00721225
0.674556,0.407348,1.0777,0.647527,-0.660038,0.380867,0.374957,-0.159147,-0.913279,0.663413,0.734182,0.144434
0.674556,0.327275,1.05242,0.647527,-0.750497,0.132151,0.374957,0.162811,-0.912633,0.663413,0.640506,0.386829
0.674556,0.260679,1.00127,0.647527,-0.750435,-0.132503,0.374957,0.465131,-0.80191,0.663413,0.469575,0.582566
0.674556,0.21559,0.930437,0.647527,-0.659859,-0.381176,0.374957,0.71135,-0.594465,0.663413,0.242007,0.708037
0.674556,0.197448,0.848452,0.647527,-0.489695,-0.583873,0.374957,0.871769,-0.315318,0.663413,-0.0147507,0.748108
0.674556,0.208441,0.765206,0.647527,-0.260466,-0.716147,0.374957,0.92704,0.00186043,0.663413,-0.269729,0.697947
0.674556,0.247242,0.69074,0.647527,0.000178687,-0.762043,0.374957,0.870497,0.318815,0.663413,-0.492175,0.563603
0.674556,0.309173,0.634036,0.647527,0.260802,-0.716025,0.374957,0.708958,0.597315,0.663413,-0.655256,0.36128
0.674556,0.386762,0.601933,0.647527,0.489969,-0.583644,0.374957,0.461909,0.803771,0.663413,-0.739304,0.115381
0.674556,0.470652,0.598303,0.647527,0.660038,-0.380867,0.374957,0.159147,0.913279,0.663413,-0.734182,-0.144434
0.674556,0.550725,0.623584,0.647527,0.750497,-0.132151,0.374957,-0.162811,0.912633,0.663413,-0.640506,-0.386829
0.674556,0.617321,0.674727,0.647527,0.750435,0.132503,0.374957,-0.465131,0.80191,0.663413,-0.469575,-0.582566
0.674556,0.66241,0.745563,0.647527,0.659859,0.381176,0.374957,-0.71135,0.594465,0.663413,-0.242007,-0.708037
0.674556,0.680552,0.827548,0.647527,0.489695,0.583873,0.374957,-0.871769,0.315318,0.663413,0.0147507,-0.748108
0.674556,0.669559,0.910794,0.647527,0.260466,0.716147,0.374957,-0.92704,-0.00186043,0.663413,0.269729,-0.697947
0.674556,0.630758,0.98526,0.647527,-0.000178687,0.762043,0.374957,-0.870497,-0.318815,0.663413,0.492175,-0.563603
0.674556,0.568827,1.04196,0.647527,-0.260802,0.716025,0.374957,-0.708958,-0.597315,0.663413,0.655256,-0.36128
0.674556,0.491238,1.07407,0.647527,-0.489969,0.583644,0.374957,-0.461909,-0.803771,0.663413,0.739304,-0.115381
0.674556,0.407348,1.0777,0.647527,-0.660038,0.380867,0.374957,-0.159147,-0.913279,0.663413,0.734182,0.144434
0.627155,0.494319,0.980831,0.360731,-0.778811,0.513153,0.548404,-0.267919,-0.792132,0.754404,0.567162,0.330456
0.627155,0.442131,0.991138,0.360731,-0.907352,0.215837,0.548404,0.0191634,-0.835994,0.754404,0.419935,0.504508
0.627155,0.389566,0.982973,0.360731,-0.926452,-0.107512,0.548404,0.303934,-0.779023,0.754404,0.222058,0.617709
0.627155,0.342964,0.957323,0.360731,-0.833809,-0.417894,0.548404,0.552047,-0.628091,0.754404,-0.00260249,0.656405
0.627155,0.307945,0.917281,0.360731,-0.640596,-0.677871,0.548404,0.733574,-0.401401,0.754404,-0.226949,0.615929
0.627155,0.288733,0.867676,0.360731,-0.370118,-0.856087,0.548404,0.826621,-0.126297,0.754404,-0.423922,0.501162
0.627155,0.287645,0.814492,0.360731,-0.0549981,-0.931047,0.548404,0.819966,0.164041,0.754404,-0.569764,0.325949
0.627155,0.304813,0.764143,0.360731,0.266755,-0.893708,0.548404,0.71441,0.434593,0.754404,-0.646884,0.111421
0.627155,0.338166,0.722702,0.360731,0.556334,-0.748575,0.548404,0.522687,0.652727,0.754404,-0.64598,-0.116546
0.627155,0.383681,0.695169,0.360731,0.778811,-0.513153,0.548404,0.267919,0.792132,0.754404,-0.567162,-0.330456
0.627155,0.435869,0.684862,0.360731,0.907352,-0.215837,0.548404,-0.0191634,0.835994,0.754404,-0.419935,-0.504508
0.627155,0.488434,0.693027,0.360731,0.926452,0.107512,0.548404,-0.303934,0.779023,0.754404,-0.222058,-0.617709
0.627155,0.535036,0.718677,0.360731,0.833809,0.417894,0.548404,-0.552047,0.628091,0.754404,0.00260249,-0.656405
0.627155,0.570055,0.758719,0.360731,0.640596,0.677871,0.548404,-0.733574,0.401401,0.754404,0.226949,-0.615929
0.627155,0.589267,0.808324,0.360731,0.370118,0.856087,0.548404,-0.826621,0.126297,0.754404,0.423922,-0.501162
0.627155,0.590355,0.861508,0.360731,0.0549981,0.931047,0.548404,-0.819966,-0.164041,0.754404,0.569764,-0.325949
0.627155,0.573187,0.911857,0.360731,-0.266755,0.893708,0.548404,-0.71441,-0.434593,0.754404,0.646884,-0.111421
0.627155,0.539834,0.953298,0.360731,-0.556334,0.748575,0.548404,-0.522687,-0.652727,0.754404,0.64598,0.116546
0.627155,0.494319,0.980831,0.360731,-0.778811,0.513153,0.548404,-0.267919,-0.792132,0.754404,0.567162,0.330456
0.627137,0.586876,0.877744,0.0304265,-0.82489,0.564474,0.655705,-0.409764,-0.634149,0.754404,0.389423,0.528416
0.627137,0.564364,0.925924,0.0304265,-0.968204,0.248303,0.655705,-0.16816,-0.736053,0.754404,0.185209,0.62974
0.627137,0.526732,0.963498,0.0304265,-0.994739,-0.0978165,0.655705,0.0937258,-0.749177,0.754404,-0.0413439,0.655107
0.627137,0.478518,0.985936,0.0304265,-0.901294,-0.432138,0.655705,0.344307,-0.67194,0.754404,-0.26291,0.601459
0.627137,0.425538,0.990531,0.0304265,-0.699139,-0.714338,0.655705,0.55336,-0.513657,0.754404,-0.452766,0.475266
0.627137,0.374181,0.976728,0.0304265,-0.412658,-0.910378,0.655705,0.69567,-0.29342,0.754404,-0.588011,0.291749
0.627137,0.330643,0.946192,0.0304265,-0.0764042,-0.996613,0.655705,0.754071,-0.0377914,0.754404,-0.652334,0.0730423
0.627137,0.300174,0.902607,0.0304265,0.269065,-0.962641,0.655705,0.72152,0.222395,0.754404,-0.637975,-0.154474
0.627137,0.286449,0.851229,0.0304265,0.582081,-0.812561,0.655705,0.601944,0.455758,0.754404,-0.546667,-0.363358
0.627137,0.291124,0.798256,0.0304265,0.82489,-0.564474,0.655705,0.409764,0.634149,0.754404,-0.389423,-0.528416
0.627137,0.313636,0.750076,0.0304265,0.968204,-0.248303,0.655705,0.16816,0.736053,0.754404,-0.185209,-0.62974
0.627137,0.351268,0.712502,0.0304265,0.994739,0.0978165,0.655705,-0.0937258,0.749177,0.754404,0.0413439,-0.655107
0.627137,0.399482,0.690064,0.0304265,0.901294,0.432138,0.655705,-0.344307,0.67194,0.754404,0.26291,-0.601459
0.627137,0.452462,0.685469,0.0304265,0.699139,0.714338,0.655705,-0.55336,0.513657,0.754404,0.452766,-0.475266
0.627137,0.503819,0.699272,0.0304265,0.412658,0.910378,0.655705,-0.69567,0.29342,0.754404,0.588011,-0.291749
0.627137,0.547357,0.729808,0.0304265,0.0764042,0.996613,0.655705,-0.754071,0.0377914,0.754404,0.652334,-0.0730423
0.627137,0.577826,0.773393,0.0304265,-0.269065,0.962641,0.655705,-0.72152,-0.222395,0.754404,0.637975,0.154474
0.627137,0.591551,0.824771,0.0304265,-0.582081,0.812561,0.655705,-0.601944,-0.455758,0.754404,0.546667,0.363358
0.627137,0.586876,0.877744,0.0304265,-0.82489,0.564474,0.655705,-0.409764,-0.634149,0.754404,0.389423,0.528416
0.674504,0.673855,0.780869,-0.303548,-0.792716,0.52864,0.683918,-0.567572,-0.458386,0.663411,0.222404,0.714438
0.674504,0.679231,0.86464,-0.303548,-0.925715,0.225634,0.683918,-0.376566,-0.624863,0.663411,-0.0353609,0.747419
0.674504,0.655632,0.945197,-0.303548,-0.947059,-0.104586,0.683918,-0.14014,-0.715973,0.663411,-0.288861,0.69025
0.674504,0.605904,1.01282,-0.303548,-0.854173,-0.422192,0.683918,0.113188,-0.720725,0.663411,-0.50752,0.549826
0.674504,0.536045,1.05937,-0.303548,-0.658262,-0.688875,0.683918,0.352865,-0.638547,0.663411,-0.664964,0.343086
0.674504,0.454481,1.07921,-0.303548,-0.382955,-0.87247,0.683918,0.54998,-0.479351,0.663411,-0.742204,0.0949642
0.674504,0.371049,1.06996,-0.303548,-0.0614576,-0.950832,0.683918,0.68076,-0.262339,0.663411,-0.729923,-0.164612
0.674504,0.295814,1.03273,-0.303548,0.267452,-0.91451,0.683918,0.729431,-0.0136839,0.663411,-0.629603,-0.404333
0.674504,0.237849,0.972011,-0.303548,0.564104,-0.767884,0.683918,0.690121,0.236621,0.663411,-0.453344,-0.595286
0.674504,0.204145,0.895131,-0.303548,0.792716,-0.52864,0.683918,0.567572,0.458386,0.663411,-0.222404,-0.714438
0.674504,0.198769,0.81136,-0.303548,0.925715,-0.225634,0.683918,0.376566,0.624863,0.663411,0.0353609,-0.747419
0.674504,0.222368,0.730803,-0.303548,0.947059,0.104586,0.683918,0.14014,0.715973,0.663411,0.288861,-0.69025
0.674504,0.272096,0.663175,-0.303548,0.854173,0.422192,0.683918,-0.113188,0.720725,0.663411,0.50752,-0.549826
0.674504,0.341955,0.616634,-0.303548,0.658262,0.688875,0.683918,-0.352865,0.638547,0.663411,0.664964,-0.343086
0.674504,0.423519,0.596793,-0.303548,0.382955,0.87247,0.683918,-0.54998,0.479351,0.663411,0.742204,-0.0949642
0.674504,0.506951,0.606044,-0.303548,0.0614576,0.950832,0.683918,-0.68076,0.262339,0.663411,0.729923,0.164612
0.674504,0.582186,0.643273,-0.303548,-0.267452,0.91451,0.683918,-0.729431,0.0136839,0.663411,0.629603,0.404333
0.674504,0.640151,0.703989,-0.303548,-0.564104,0.767884,0.683918,-0.690121,-0.236621,0.663411,0.453344,0.595286
0.674504,0.673855,0.780869,-0.303548,-0.792716,0.52864,0.683918,-0.567572,-0.458386,0.663411,0.222404,0.714438
0.763543,0.744765,0.701891,-0.60091,-0.68617,0.409972,0.629641,-0.72231,-0.286044,0.492402,0.0862485,0.866084
0.763543,0.772877,0.814677,-0.60091,-0.785008,0.150564,0.629641,-0.580917,-0.515838,0.492402,-0.215171,0.843352
0.763543,0.760719,0.930277,-0.60091,-0.789162,-0.127005,0.629641,-0.369456,-0.683414,0.492402,-0.490638,0.718898
0.763543,0.709756,1.03475,-0.60091,-0.698131,-0.389255,0.629641,-0.113434,-0.768561,0.492402,-0.706927,0.507736
0.763543,0.626137,1.11548,-0.60091,-0.522896,-0.604555,0.629641,0.15627,-0.761007,0.492402,-0.83795,0.235332
0.763543,0.519946,1.16275,-0.60091,-0.284592,-0.746937,0.629641,0.407126,-0.661666,0.492402,-0.867903,-0.0654558
0.763543,0.403991,1.17085,-0.60091,-0.0119612,-0.799227,0.629641,0.608876,-0.482517,0.492402,-0.793175,-0.358349
0.763543,0.292259,1.13881,-0.60091,0.262112,-0.755119,0.629641,0.737187,-0.24517,0.492402,-0.622778,-0.60802
0.763543,0.198227,1.07048,-0.60091,0.50457,-0.619932,0.629641,0.776582,0.0217485,0.492402,-0.377265,-0.784354
0.763543,0.133235,0.974109,-0.60091,0.68617,-0.409972,0.629641,0.72231,0.286044,0.492402,-0.0862485,-0.866084
0.763543,0.105123,0.861323,-0.60091,0.785008,-0.150564,0.629641,0.580917,0.515838,0.492402,0.215171,-0.843352
0.763543,0.117281,0.745723,-0.60091,0.789162,0.127005,0.629641,0.369456,0.683414,0.492402,0.490638,-0.718898
0.763543,0.168244,0.641254,-0.60091,0.698131,0.389255,0.629641,0.113434,0.768561,0.492402,0.706927,-0.507736
0.763543,0.251863,0.560515,-0.60091,0.522896,0.604555,0.629641,-0.15627,0.761007,0.492402,0.83795,-0.235332
0.763543,0.358054,0.513245,-0.60091,0.284592,0.746937,0.629641,-0.407126,0.661666,0.492402,0.867903,0.0654558
0.763543,0.474009,0.505145,-0.60091,0.0119612,0.799227,0.629641,-0.608876,0.482517,0.492402,0.793175,0.358349
0.763543,0.585741,0.537192,-0.60091,-0.262112,0.755119,0.629641,-0.737187,0.24517,0.492402,0.622778,0.60802
0.763543,0.679773,0.605522,-0.60091,-0.50457,0.619932,0.629641,-0.776582,-0.0217485,0.492402,0.377265,0.784354
0.763543,0.744765,0.701891,-0.60091,-0.68617,0.409972,0.629641,-0.72231,-0.286044,0.492402,0.0862485,0.866084
0.883514,0.791054,0.650336,-0.825794,-0.518104,0.222784,0.499419,-0.855314,-0.137908,0.262001,-0.00262053,0.965064
0.883514,0.834008,0.782063,-0.825794,-0.563055,0.0321468,0.499419,-0.756565,-0.422125,0.262001,-0.332534,0.905967
0.883514,0.829317,0.920537,-0.825794,-0.540093,-0.162368,0.499419,-0.566563,-0.655428,0.262001,-0.622339,0.737598
0.883514,0.777549,1.04906,-0.825794,-0.451989,-0.337299,0.499419,-0.308226,-0.809677,0.262001,-0.83708,0.480263
0.883514,0.684947,1.15212,-0.825794,-0.309367,-0.471546,0.499419,-0.0127113,-0.866267,0.262001,-0.950858,0.165001
0.883514,0.56268,1.21729,-0.825794,-0.129432,-0.548918,0.499419,0.284336,-0.818372,0.262001,-0.949948,-0.170162
0.883514,0.425495,1.23672,-0.825794,0.066115,-0.560083,0.499419,0.547088,-0.67177,0.262001,-0.83446,-0.484801
0.883514,0.289939,1.20806,-0.825794,0.253687,-0.503693,0.499419,0.743854,-0.444142,0.262001,-0.618324,-0.740966
0.883514,0.172362,1.13476,-0.825794,0.410661,-0.38655,0.499419,0.850899,-0.162944,0.262001,-0.327609,-0.90776
0.883514,0.0869459,1.02566,-0.825794,0.518104,-0.222784,0.499419,0.855314,0.137908,0.262001,0.00262053,-0.965064
0.883514,0.0439924,0.893937,-0.825794,0.563055,-0.0321468,0.499419,0.756565,0.422125,0.262001,0.332534,-0.905967
0.883514,0.0486827,0.755463,-0.825794,0.540093,0.162368,0.499419,0.566563,0.655428,0.262001,0.622339,-0.737598
0.883514,0.100451,0.626944,-0.825794,0.451989,0.337299,0.499419,0.308226,0.809677,0.262001,0.83708,-0.480263
0.883514,0.193053,0.523882,-0.825794,0.309367,0.471546,0.499419,0.0127113,0.866267,0.262001,0.950858,-0.165001
0.883514,0.31532,0.458707,-0.825794,0.129432,0.548918,0.499419,-0.284336,0.818372,0.262001,0.949948,0.170162
0.883514,0.452505,0.43928,-0.825794,-0.066115,0.560083,0.499419,-0.547088,0.67177,0.262001,0.83446,0.484801
0.883514,0.588061,0.467945,-0.825794,-0.253687,0.503693,0.499419,-0.743854,0.444142,0.262001,0.618324,0.740966
0.883514,0.705638,0.541244,-0.825794,-0.410661,0.38655,0.499419,-0.850899,0.162944,0.262001,0.327609,0.90776
0.883514,0.791054,0.650336,-0.825794,-0.518104,0.222784,0.499419,-0.855314,-0.137908,0.262001,-0.00262053,0.965064
0.875863,0.168311,1.12738,0.985232,-0.164288,-0.0482503,-0.00862081,0.23384,-0.972237,0.17101,0.958294,0.22897
0.875863,0.0856618,1.01735,0.985232,-0.137878,-0.10153,-0.00862081,0.552262,-0.833626,0.17101,0.82219,0.542918
0.875863,0.0456309,0.885681,0.985232,-0.0948375,-0.142564,-0.00862081,0.804074,-0.594467,0.17101,0.586917,0.791381
0.875863,0.0530461,0.748265,0.985232,-0.0403582,-0.166403,-0.00862081,0.958902,-0.283607,0.17101,0.280853,0.944392
0.875863,0.107013,0.621673,0.985232,0.0189889,-0.170171,-0.00862081,0.998072,0.0614604,0.17101,-0.0590857,0.983496
0.875863,0.201022,0.521173,0.985232,0.0760456,-0.153414,-0.00862081,0.91686,0.399115,0.17101,-0.391898,0.903975
0.875863,0.323736,0.458887,0.985232,0.12393,-0.118153,-0.00862081,0.725062,0.68863,0.17101,-0.677441,0.715422
0.875863,0.460351,0.442327,0.985232,0.156867,-0.0686407,-0.00862081,0.44581,0.895086,0.17101,-0.881275,0.440578
0.875863,0.594392,0.473492,0.985232,0.170883,-0.0108495,-0.00862081,0.112787,0.993582,0.17101,-0.978815,0.112594
0.875863,0.709689,0.548621,0.985232,0.164288,0.0482503,-0.00862081,-0.23384,0.972237,0.17101,-0.958294,-0.22897
0.875863,0.792338,0.658654,0.985232,0.137878,0.10153,-0.00862081,-0.552262,0.833626,0.17101,-0.82219,-0.542918
0.875863,0.832369,0.790319,0.985232,0.0948375,0.142564,-0.00862081,-0.804074,0.594467,0.17101,-0.586917,-0.791381
0.875863,0.824954,0.927735,0.985232,0.0403582,0.166403,-0.00862081,-0.958902,0.283607,0.17101,-0.280853,-0.944392
0.875863,0.770987,1.05433,0.985232,-0.0189889,0.170171,-0.00862081,-0.998072,-0.0614604,0.17101,0.0590857,-0.983496
0.875863,0.676978,1.15483,0.985232,-0.0760456,0.153414,-0.00862081,-0.91686,-0.399115,0.17101,0.391898,-0.903975
0.875863,0.554264,1.21711,0.985232,-0.12393,0.118153,-0.00862081,-0.725062,-0.68863,0.17101,0.677441,-0.715422
0.875863,0.417649,1.23367,0.985232,-0.156867,0.0686407,-0.00862081,-0.44581,-0.895086,0.17101,0.881275,-0.440578
0.875863,0.283608,1.20251,0.985232,-0.170883,0.0108495,-0.00862081,-0.112787,-0.993582,0.17101,0.978815,-0.112594
0.875863,0.168311,1.12738,0.985232,-0.164288,-0.0482503,-0.00862081,0.23384,-0.972237,0.17101,0.958294,0.22897
0.749059,0.217207,1.07292,0.900555,-0.386435,0.199171,0.292759,0.200369,-0.934957,0.321393,0.900289,0.293575
0.749059,0.150236,0.982894,0.900555,-0.431251,0.0549905,0.292759,0.508059,-0.810042,0.321393,0.745586,0.583787
0.749059,0.118094,0.875393,0.900555,-0.424051,-0.0958222,0.292759,0.75447,-0.587424,0.321393,0.500955,0.803586
0.749059,0.124658,0.763381,0.900555,-0.365704,-0.235077,0.292759,0.909881,-0.293954,0.321393,0.195901,0.926461
0.749059,0.169136,0.66037,0.900555,-0.263248,-0.345979,0.292759,0.955547,0.0349709,0.321393,-0.132781,0.93759
0.749059,0.246164,0.578783,0.900555,-0.129041,-0.41515,0.292759,0.885959,0.359678,0.321393,-0.445449,0.835633
0.749059,0.346451,0.528462,0.900555,0.0207308,-0.434248,0.292759,0.709512,0.641003,0.321393,-0.704388,0.632886
0.749059,0.4579,0.515476,0.900555,0.168002,-0.400969,0.292759,0.447488,0.845013,0.321393,-0.878368,0.353803
0.749059,0.56707,0.541391,0.900555,0.29501,-0.319328,0.292759,0.131489,0.947102,0.321393,-0.946404,0.0320466
0.749059,0.660793,0.603081,0.900555,0.386435,-0.199171,0.292759,-0.200369,0.934957,0.321393,-0.900289,-0.293575
0.749059,0.727764,0.693106,0.900555,0.431251,-0.0549905,0.292759,-0.508059,0.810042,0.321393,-0.745586,-0.583787
0.749059,0.759906,0.800607,0.900555,0.424051,0.0958222,0.292759,-0.75447,0.587424,0.321393,-0.500955,-0.803586
0.749059,0.753342,0.912619,0.900555,0.365704,0.235077,0.292759,-0.909881,0.293954,0.321393,-0.195901,-0.926461
0.749059,0.708864,1.01563,0.900555,0.263248,0.345979,0.292759,-0.955547,-0.0349709,0.321393,0.132781,-0.93759
0.749059,0.631836,1.09722,0.900555,0.129041,0.41515,0.292759,-0.885959,-0.359678,0.321393,0.445449,-0.835633
0.749059,0.531549,1.14754,0.900555,-0.0207308,0.434248,0.292759,-0.709512,-0.641003,0.321393,0.704388,-0.632886
0.749059,0.4201,1.16052,0.900555,-0.168002,0.400969,0.292759,-0.447488,-0.845013,0.321393,0.878368,-0.353803
0.749059,0.31093,1.13461,0.900555,-0.29501,0.319328,0.292759,-0.131489,-0.947102,0.321393,0.946404,-0.0320466
0.749059,0.217207,1.07292,0.900555,-0.386435,0.199171,0.292759,0.200369,-0.934957,0.321393,0.900289,0.293575
0.654934,0.292129,0.989473,0.707258,-0.575836,0.41012,0.558827,0.100051,-0.823226,0.433011,0.81142,0.392555
0.654934,0.24918,0.930105,0.707258,-0.681379,0.18844,0.558827,0.375577,-0.73936,0.433011,0.628224,0.646403
0.654934,0.229125,0.859628,0.707258,-0.704737,-0.05597,0.558827,0.605803,-0.566316,0.433011,0.369254,0.822285
0.654934,0.234385,0.786542,0.707258,-0.643093,-0.293629,0.558827,0.762961,-0.324966,0.433011,0.0657473,0.898988
0.654934,0.264324,0.719663,0.707258,-0.503883,-0.495871,0.558827,0.828093,-0.0444206,0.433011,-0.24569,0.867259
0.654934,0.315332,0.667057,0.707258,-0.303897,-0.638305,0.558827,0.793346,0.241483,0.433011,-0.527493,0.730926
0.654934,0.381256,0.63507,0.707258,-0.0672566,-0.703749,0.558827,0.662909,0.49826,0.433011,-0.745673,0.506433
0.654934,0.454145,0.627558,0.707258,0.177496,-0.684311,0.558827,0.452516,0.69494,0.433011,-0.873913,0.220856
0.654934,0.525207,0.645429,0.707258,0.40084,-0.582335,0.558827,0.187543,0.807799,0.433011,-0.896747,-0.0913592
0.654934,0.585871,0.686527,0.707258,0.575836,-0.41012,0.558827,-0.100051,0.823226,0.433011,-0.81142,-0.392555
0.654934,0.62882,0.745895,0.707258,0.681379,-0.18844,0.558827,-0.375577,0.73936,0.433011,-0.628224,-0.646403
0.654934,0.648875,0.816372,0.707258,0.704737,0.05597,0.558827,-0.605803,0.566316,0.433011,-0.369254,-0.822285
0.654934,0.643615,0.889458,0.707258,0.643093,0.293629,0.558827,-0.762961,0.324966,0.433011,-0.0657473,-0.898988
0.654934,0.613676,0.956337,0.707258,0.503883,0.495871,0.558827,-0.828093,0.0444206,0.433011,0.24569,-0.867259
0.654934,0.562668,1.00894,0.707258,0.303897,0.638305,0.558827,-0.793346,-0.241483,0.433011,0.527493,-0.730926
0.654934,0.496744,1.04093,0.707258,0.0672566,0.703749,0.558827,-0.662909,-0.49826,0.433011,0.745673,-0.506433
0.654934,0.423855,1.04844,0.707258,-0.177496,0.684311,0.558827,-0.452516,-0.69494,0.433011,0.873913,-0.220856
