0.658953,0.257687,0.83877,0.308961,0.304464,0.901024,0.951075,-0.098903,-0.292703,-3.49349e-06,0.947375,-0.320126
0.907818,0.114432,0.561622,0.92986,0.202704,-0.307038,-0.179072,0.978367,0.103594,0.321394,-0.0413459,0.946042
0.907818,0.206441,0.454569,0.92986,0.295493,-0.219192,-0.179072,0.883933,0.431968,0.321394,-0.362418,0.874848
0.907818,0.329515,0.385441,0.92986,0.352641,-0.104909,-0.179072,0.682883,0.70824,0.321394,-0.639777,0.698134
0.907818,0.468811,0.362576,0.92986,0.367255,0.0220283,-0.179072,0.399468,0.899087,0.321394,-0.83997,0.437215
0.907818,0.607526,0.388732,0.92986,0.337572,0.146308,-0.179072,0.0678714,0.981492,0.321394,-0.938849,0.123561
0.907818,0.728929,0.460754,0.92986,0.267174,0.252941,-0.179072,-0.271912,0.945514,0.321394,-0.92449,-0.204996
0.907818,0.818379,0.569954,0.92986,0.16455,0.329066,-0.179072,-0.578898,0.795493,0.321394,-0.798624,-0.508828
0.907818,0.865085,0.703163,0.92986,0.0420794,0.3655,-0.179072,-0.816061,0.549524,0.321394,-0.576431,-0.751287
0.907818,0.863414,0.844312,0.92986,-0.0854668,0.35785,-0.179072,-0.954795,0.237275,0.321394,-0.284713,-0.90313
0.907818,0.813568,0.976378,0.92986,-0.202704,0.307038,-0.179072,-0.978367,-0.103594,0.321394,0.0413459,-0.946042
0.907818,0.721559,1.08343,0.92986,-0.295493,0.219192,-0.179072,-0.883933,-0.431968,0.321394,0.362418,-0.874848
0.907818,0.598485,1.15256,0.92986,-0.352641,0.104909,-0.179072,-0.682883,-0.70824,0.321394,0.639777,-0.698134
0.907818,0.459189,1.17542,0.92986,-0.367255,-0.0220283,-0.179072,-0.399468,-0.899087,0.321394,0.83997,-0.437215
0.907818,0.320474,1.14927,0.92986,-0.337572,-0.146308,-0.179072,-0.0678714,-0.981492,0.321394,0.938849,-0.123561
0.907818,0.199071,1.07725,0.92986,-0.267174,-0.252941,-0.179072,0.271912,-0.945514,0.321394,0.92449,0.204996
0.907818,0.109621,0.968046,0.92986,-0.16455,-0.329066,-0.179072,0.578898,-0.795493,0.321394,0.798624,0.508828
0.907818,0.0629154,0.834837,0.92986,-0.0420794,-0.3655,-0.179072,0.816061,-0.549524,0.321394,0.576431,0.751287
0.907818,0.0645861,0.693688,0.92986,0.0854668,-0.35785,-0.179072,0.954795,-0.237275,0.321394,0.284713,0.90313
0.907818,0.114432,0.561622,0.92986,0.202704,-0.307038,-0.179072,0.978367,0.103594,0.321394,-0.0413459,0.946042
0.809114,0.132668,0.61559,0.796489,0.105257,-0.59542,-0.0275851,0.990032,0.138116,0.604023,-0.0935829,0.791453
0.809114,0.205119,0.511519,0.796489,0.302555,-0.523512,-0.0275851,0.883087,0.468397,0.604023,-0.358632,0.711716
0.809114,0.308795,0.438505,0.796489,0.463361,-0.38846,-0.0275851,0.669629,0.742183,0.604023,-0.580425,0.546135
0.809114,0.431191,0.405353,0.796489,0.568278,-0.206555,-0.0275851,0.375404,0.926451,0.604023,-0.73221,0.314682
0.809114,0.557544,0.416063,0.796489,0.604652,0.000264513,-0.0275851,0.0358999,0.998975,0.604023,-0.79568,0.0452733
0.809114,0.672615,0.469341,0.796489,0.568097,0.207052,-0.0275851,-0.307935,0.951008,0.604023,-0.763179,-0.229596
0.809114,0.762523,0.558763,0.796489,0.463021,0.388866,-0.0275851,-0.614628,0.788335,0.604023,-0.638627,-0.476772
0.809114,0.816425,0.673543,0.796489,0.302097,0.523777,-0.0275851,-0.847187,0.530578,0.604023,-0.437048,-0.666442
0.809114,0.827819,0.799836,0.796489,0.104736,0.595512,-0.0275851,-0.977564,0.208825,0.604023,-0.182754,-0.77573
0.809114,0.795332,0.92241,0.796489,-0.105257,0.59542,-0.0275851,-0.990032,-0.138116,0.604023,0.0935829,-0.791453
0.809114,0.722881,1.02648,0.796489,-0.302555,0.523512,-0.0275851,-0.883087,-0.468397,0.604023,0.358632,-0.711716
0.809114,0.619205,1.09949,0.796489,-0.463361,0.38846,-0.0275851,-0.669629,-0.742183,0.604023,0.580425,-0.546135
0.809114,0.496809,1.13265,0.796489,-0.568278,0.206555,-0.0275851,-0.375404,-0.926451,0.604023,0.73221,-0.314682
0.809114,0.370456,1.12194,0.796489,-0.604652,-0.000264513,-0.0275851,-0.0358999,-0.998975,0.604023,0.79568,-0.0452733
0.809114,0.255385,1.06866,0.796489,-0.568097,-0.207052,-0.0275851,0.307935,-0.951008,0.604023,0.763179,0.229596
0.809114,0.165477,0.979237,0.796489,-0.463021,-0.388866,-0.0275851,0.614628,-0.788335,0.604023,0.638627,0.476772
0.809114,0.111575,0.864457,0.796489,-0.302097,-0.523777,-0.0275851,0.847187,-0.530578,0.604023,0.437048,0.666442
0.809114,0.100181,0.738164,0.796489,-0.104736,-0.595512,-0.0275851,0.977564,-0.208825,0.604023,0.182754,0.77573
0.809114,0.132668,0.61559,0.796489,0.105257,-0.59542,-0.0275851,0.990032,0.138116,0.604023,-0.0935829,0.791453
0.735846,0.160612,0.698285,0.567051,0.0282896,-0.823197,0.127229,0.984407,0.12147,0.813797,-0.173615,0.55461
0.735846,0.203094,0.598785,0.567051,0.308133,-0.763876,0.127229,0.883495,0.450832,0.813797,-0.352832,0.461783
0.735846,0.277046,0.519815,0.567051,0.550812,-0.612421,0.127229,0.67602,0.725816,0.813797,-0.489493,0.313259
0.735846,0.373547,0.470901,0.567051,0.727054,-0.387099,0.127229,0.387007,0.913257,0.813797,-0.567113,0.12695
0.735846,0.480958,0.457941,0.567051,0.815603,-0.115087,0.127229,0.0513157,0.990545,0.813797,-0.576332,-0.07467
0.735846,0.586323,0.4825,0.567051,0.805778,0.170806,0.127229,-0.290565,0.948359,0.813797,-0.516036,-0.267284
0.735846,0.676935,0.541616,0.567051,0.698765,0.436098,0.127229,-0.5974,0.791787,0.813797,-0.393499,-0.42766
0.735846,0.741864,0.628157,0.567051,0.50747,0.648789,0.127229,-0.832179,0.539713,0.813797,-0.2235,-0.536453
0.735846,0.773278,0.731685,0.567051,0.254966,0.783228,0.127229,-0.966586,0.222542,0.813797,-0.0265434,-0.580542
0.735846,0.767388,0.839715,0.567051,-0.0282896,0.823197,0.127229,-0.984407,-0.12147,0.813797,0.173615,-0.55461
0.735846,0.724906,0.939215,0.567051,-0.308133,0.763876,0.127229,-0.883495,-0.450832,0.813797,0.352832,-0.461783
0.735846,0.650954,1.01818,0.567051,-0.550812,0.612421,0.127229,-0.67602,-0.725816,0.813797,0.489493,-0.313259
0.735846,0.554453,1.0671,0.567051,-0.727054,0.387099,0.127229,-0.387007,-0.913257,0.813797,0.567113,-0.12695
0.735846,0.447042,1.08006,0.567051,-0.815603,0.115087,0.127229,-0.0513157,-0.990545,0.813797,0.576332,0.07467
0.735846,0.341677,1.0555,0.567051,-0.805778,-0.170806,0.127229,0.290565,-0.948359,0.813797,0.516036,0.267284
0.735846,0.251065,0.996384,0.567051,-0.698765,-0.436098,0.127229,0.5974,-0.791787,0.813797,0.393499,0.42766
0.735846,0.186136,0.909843,0.567051,-0.50747,-0.648789,0.127229,0.832179,-0.539713,0.813797,0.2235,0.536453
0.735846,0.154722,0.806315,0.567051,-0.254966,-0.783228,0.127229,0.966586,-0.222542,0.813797,0.0265434,0.580542
0.735846,0.160612,0.698285,0.567051,0.0282896,-0.823197,0.127229,0.984407,0.12147,0.813797,-0.173615,0.55461
0.696852,0.194892,0.799733,0.269218,-0.0189153,-0.962894,0.266698,0.962171,0.0556656,0.925416,-0.271788,0.264078
0.696852,0.20061,0.70584,0.269218,0.311554,-0.911293,0.266698,0.885106,0.381391,0.925416,-0.345717,0.155196
0.696852,0.238096,0.619564,0.269218,0.604446,-0.749778,0.266698,0.701285,0.661114,0.925416,-0.377948,0.0275939
0.696852,0.30283,0.551312,0.269218,0.824433,-0.497828,0.266698,0.432878,0.861098,0.925416,-0.364592,-0.103336
0.696852,0.387003,0.509317,0.269218,0.94498,-0.185833,0.266698,0.112259,0.95722,0.925416,-0.307262,-0.221802
0.696852,0.480464,0.498644,0.269218,0.95155,0.148577,0.266698,-0.221899,0.937888,0.925416,-0.212871,-0.313515
0.696852,0.571938,0.520579,0.269218,0.843348,0.465066,0.266698,-0.529293,0.805432,0.925416,-0.0928046,-0.367414
0.696852,0.650394,0.572478,0.269218,0.633426,0.725461,0.266698,-0.772847,0.575829,0.925416,0.0384553,-0.376998
0.696852,0.706367,0.64808,0.269218,0.347104,0.898355,0.266698,-0.923184,0.276773,0.925416,0.165077,-0.341109
0.696852,0.733108,0.738267,0.269218,0.0189153,0.962894,0.266698,-0.962171,-0.0556656,0.925416,0.271788,-0.264078
0.696852,0.72739,0.83216,0.269218,-0.311554,0.911293,0.266698,-0.885106,-0.381391,0.925416,0.345717,-0.155196
0.696852,0.689904,0.918436,0.269218,-0.604446,0.749778,0.266698,-0.701285,-0.661114,0.925416,0.377948,-0.0275939
0.696852,0.62517,0.986688,0.269218,-0.824433,0.497828,0.266698,-0.432878,-0.861098,0.925416,0.364592,0.103336
0.696852,0.540997,1.02868,0.269218,-0.94498,0.185833,0.266698,-0.112259,-0.95722,0.925416,0.307262,0.221802
0.696852,0.447536,1.03936,0.269218,-0.95155,-0.148577,0.266698,0.221899,-0.937888,0.925416,0.212871,0.313515
0.696852,0.356062,1.01742,0.269218,-0.843348,-0.465066,0.266698,0.529293,-0.805432,0.925416,0.0928046,0.367414
0.696852,0.277606,0.965522,0.269218,-0.633426,-0.725461,0.266698,0.772847,-0.575829,0.925416,-0.0384553,0.376998
0.696852,0.221633,0.88992,0.269218,-0.347104,-0.898355,0.266698,0.923184,-0.276773,0.925416,-0.165077,0.341109
0.696852,0.194892,0.799733,0.269218,-0.0189153,-0.962894,0.266698,0.962171,0.0556656,0.925416,-0.271788,0.264078
0.696834,0.231375,0.907699,-0.061087,-0.0306636,-0.997661,0.373999,0.926006,-0.0513613,0.925415,-0.376262,-0.0450988
0.696834,0.197966,0.819772,-0.061087,0.312406,-0.947983,0.373999,0.887728,0.268449,0.925415,-0.338146,-0.171068
0.696834,0.196645,0.725721,-0.061087,0.617795,-0.783963,0.373999,0.742376,0.55588,0.925415,-0.259244,-0.276404
0.696834,0.227571,0.63689,-0.061087,0.848668,-0.525386,0.373999,0.507483,0.776264,0.925415,-0.149074,-0.348402
0.696834,0.287013,0.563993,-0.061087,0.97718,-0.20344,0.373999,0.21138,0.903019,0.925415,-0.0209235,-0.378377
0.696834,0.367803,0.515824,-0.061087,0.987829,0.143044,0.373999,-0.110218,0.920857,0.925415,0.109751,-0.362714
0.696834,0.460196,0.498191,-0.061087,0.879332,0.472275,0.373999,-0.418523,0.827625,0.925415,0.227188,-0.303303
0.696834,0.553048,0.513222,-0.061087,0.664774,0.744543,0.373999,-0.676347,0.63457,0.925415,0.317222,-0.207309
0.696834,0.635159,0.559103,-0.061087,0.370035,0.927007,0.373999,-0.852594,0.364976,0.925415,0.368995,-0.08631
0.696834,0.696625,0.630301,-0.061087,0.0306636,0.997661,0.373999,-0.926006,0.0513613,0.925415,0.376262,0.0450988
0.696834,0.730034,0.718228,-0.061087,-0.312406,0.947983,0.373999,-0.887728,-0.268449,0.925415,0.338146,0.171068
0.696834,0.731355,0.812279,-0.061087,-0.617795,0.783963,0.373999,-0.742376,-0.55588,0.925415,0.259244,0.276404
0.696834,0.700429,0.90111,-0.061087,-0.848668,0.525386,0.373999,-0.507483,-0.776264,0.925415,0.149074,0.348402
0.696834,0.640987,0.974007,-0.061087,-0.97718,0.20344,0.373999,-0.21138,-0.903019,0.925415,0.0209235,0.378377
0.696834,0.560197,1.02218,-0.061087,-0.987829,-0.143044,0.373999,0.110218,-0.920857,0.925415,-0.109751,0.362714
0.696834,0.467804,1.03981,-0.061087,-0.879332,-0.472275,0.373999,0.418523,-0.827625,0.925415,-0.227188,0.303303
0.696834,0.374952,1.02478,-0.061087,-0.664774,-0.744543,0.373999,0.676347,-0.63457,0.925415,-0.317222,0.207309
0.696834,0.292841,0.978897,-0.061087,-0.370035,-0.927007,0.373999,0.852594,-0.364976,0.925415,-0.368995,0.08631
0.696834,0.231375,0.907699,-0.061087,-0.0306636,-0.997661,0.373999,0.926006,-0.0513613,0.925415,-0.376262,-0.0450988
0.735794,0.265659,1.00916,-0.384024,-0.00553846,-0.923307,0.43619,0.880273,-0.186701,0.813796,-0.474435,-0.33563
0.735794,0.195481,0.926839,-0.384024,0.310585,-0.869519,0.43619,0.891042,0.125629,0.813796,-0.331031,-0.477655
0.735794,0.157691,0.825481,-0.384024,0.589247,-0.710854,0.43619,0.794338,0.422807,0.813796,-0.147699,-0.562068
0.735794,0.156846,0.717311,-0.384024,0.796838,-0.46645,0.43619,0.601825,0.668988,0.813796,0.0534468,-0.578688
0.735794,0.193048,0.615375,-0.384024,0.908318,-0.165785,0.43619,0.336723,0.83448,0.813796,0.248146,-0.525509
0.735794,0.261931,0.531969,-0.384024,0.910241,0.154876,0.43619,0.0310072,0.89932,0.813796,0.412916,-0.408946
0.735794,0.355187,0.477152,-0.384024,0.802376,0.456857,0.43619,-0.278448,0.85569,0.813796,0.527882,-0.243058
0.735794,0.461567,0.457536,-0.384024,0.597733,0.703734,0.43619,-0.554319,0.70885,0.813796,0.579177,-0.0478532
0.735794,0.568241,0.475488,-0.384024,0.320994,0.86573,0.43619,-0.763331,0.476513,0.813796,0.560615,0.153123
0.735794,0.662341,0.528841,-0.384024,0.00553846,0.923307,0.43619,-0.880273,0.186701,0.813796,0.474435,0.33563
0.735794,0.732519,0.611161,-0.384024,-0.310585,0.869519,0.43619,-0.891042,-0.125629,0.813796,0.331031,0.477655
0.735794,0.770309,0.712519,-0.384024,-0.589247,0.710854,0.43619,-0.794338,-0.422807,0.813796,0.147699,0.562068
0.735794,0.771154,0.820689,-0.384024,-0.796838,0.46645,0.43619,-0.601825,-0.668988,0.813796,-0.0534468,0.578688
0.735794,0.734952,0.922625,-0.384024,-0.908318,0.165785,0.43619,-0.336723,-0.83448,0.813796,-0.248146,0.525509
0.735794,0.666069,1.00603,-0.384024,-0.910241,-0.154876,0.43619,-0.0310072,-0.89932,0.813796,-0.412916,0.408946
0.735794,0.572813,1.06085,-0.384024,-0.802376,-0.456857,0.43619,0.278448,-0.85569,0.813796,-0.527882,0.243058
0.735794,0.466433,1.08046,-0.384024,-0.597733,-0.703734,0.43619,0.554319,-0.70885,0.813796,-0.579177,0.0478532
0.735794,0.359759,1.06251,-0.384024,-0.320994,-0.86573,0.43619,0.763331,-0.476513,0.813796,-0.560615,-0.153123
0.735794,0.265659,1.00916,-0.384024,-0.00553846,-0.923307,0.43619,0.880273,-0.186701,0.813796,-0.474435,-0.33563
0.809034,0.29361,1.09188,-0.660642,0.0534297,-0.748798,0.44577,0.830489,-0.334031,0.604021,-0.554466,-0.572473
0.809034,0.193455,1.01413,-0.660642,0.306311,-0.685365,0.44577,0.89465,-0.0298423,0.604021,-0.32523,-0.727588
0.809034,0.125933,0.906813,-0.660642,0.522247,-0.539268,0.44577,0.850903,0.277946,0.604021,-0.0567671,-0.794944
0.809034,0.099186,0.782876,-0.660642,0.675193,-0.328127,0.44577,0.704524,0.552209,0.604021,0.218543,-0.766419
0.809034,0.116441,0.657265,-0.660642,0.7467,-0.0774093,0.44577,0.473169,0.759868,0.604021,0.467494,-0.645452
0.809034,0.175617,0.545132,-0.660642,0.728144,0.182645,0.44577,0.184743,0.875876,0.604021,0.660058,-0.446634
0.809034,0.269576,0.46,-0.660642,0.621763,0.42067,0.44577,-0.125965,0.88624,0.604021,0.77301,-0.193945
0.809034,0.386986,0.412138,-0.660642,0.440388,0.607956,0.44577,-0.421481,0.789711,0.604021,0.792725,0.0821359
0.809034,0.513684,0.407319,-0.660642,0.205896,0.721914,0.44577,-0.666159,0.59793,0.604021,0.716825,0.34831
0.809034,0.63439,0.446124,-0.660642,-0.0534297,0.748798,0.44577,-0.830489,0.334031,0.604021,0.554466,0.572473
0.809034,0.734545,0.523873,-0.660642,-0.306311,0.685365,0.44577,-0.89465,0.0298423,0.604021,0.32523,0.727588
0.809034,0.802067,0.631187,-0.660642,-0.522247,0.539268,0.44577,-0.850903,-0.277946,0.604021,0.0567671,0.794944
0.809034,0.828814,0.755124,-0.660642,-0.675193,0.328127,0.44577,-0.704524,-0.552209,0.604021,-0.218543,0.766419
0.809034,0.811559,0.880735,-0.660642,-0.7467,0.0774093,0.44577,-0.473169,-0.759868,0.604021,-0.467494,0.645452
0.809034,0.752383,0.992868,-0.660642,-0.728144,-0.182645,0.44577,-0.184743,-0.875876,0.604021,-0.660058,0.446634
0.809034,0.658424,1.078,-0.660642,-0.621763,-0.42067,0.44577,0.125965,-0.88624,0.604021,-0.77301,0.193945
0.809034,0.541014,1.12586,-0.660642,-0.440388,-0.607956,0.44577,0.421481,-0.789711,0.604021,-0.792725,-0.0821359
0.809034,0.414316,1.13068,-0.660642,-0.205896,-0.721914,0.44577,0.666159,-0.59793,0.604021,-0.716825,-0.34831
0.809034,0.29361,1.09188,-0.660642,0.0534297,-0.748798,0.44577,0.830489,-0.334031,0.604021,-0.554466,-0.572473
0.90772,0.311856,1.14587,-0.857576,0.139129,-0.495183,0.401584,0.782659,-0.475579,0.321392,-0.606703,-0.727061
0.90772,0.192133,1.07111,-0.857576,0.300101,-0.417735,0.401584,0.898116,-0.179213,0.321392,-0.321445,-0.890719
0.90772,0.105201,0.959906,-0.857576,0.424876,-0.289902,0.401584,0.905248,0.138768,0.321392,0.00258459,-0.946943
0.90772,0.0615459,0.825676,-0.857576,0.498405,-0.127102,0.401584,0.803193,0.440013,0.321392,0.326302,-0.888951
0.90772,0.0664325,0.684611,-0.857576,0.511819,0.0510273,0.401584,0.604262,0.688185,0.321392,0.610663,-0.723739
0.90772,0.119272,0.553724,-0.857576,0.4635,0.223002,0.401584,0.332447,0.853352,0.321392,0.821369,-0.471233
0.90772,0.21369,0.448803,-0.857576,0.359276,0.36808,0.401584,0.0205345,0.915592,0.321392,0.933005,-0.16189
0.90772,0.338299,0.382502,-0.857576,0.211719,0.468762,0.401584,-0.293855,0.867398,0.321392,0.932108,0.16698
0.90772,0.47807,0.362818,-0.857576,0.0386244,0.512904,0.401584,-0.572801,0.714584,0.321392,0.818784,0.47571
0.90772,0.616144,0.392126,-0.857576,-0.139129,0.495183,0.401584,-0.782659,0.475579,0.321392,0.606703,0.727061
0.90772,0.735867,0.466891,-0.857576,-0.300101,0.417735,0.401584,-0.898116,0.179213,0.321392,0.321445,0.890719
0.90772,0.822799,0.578094,-0.857576,-0.424876,0.289902,0.401584,-0.905248,-0.138768,0.321392,-0.00258459,0.946943
0.90772,0.866454,0.712324,-0.857576,-0.498405,0.127102,0.401584,-0.803193,-0.440013,0.321392,-0.326302,0.888951
0.90772,0.861568,0.853389,-0.857576,-0.511819,-0.0510273,0.401584,-0.604262,-0.688185,0.321392,-0.610663,0.723739
0.90772,0.808728,0.984276,-0.857576,-0.4635,-0.223002,0.401584,-0.332447,-0.853352,0.321392,-0.821369,0.471233
0.90772,0.71431,1.0892,-0.857576,-0.359276,-0.36808,0.401584,-0.0205345,-0.915592,0.321392,-0.933005,0.16189
0.90772,0.589701,1.1555,-0.857576,-0.211719,-0.468762,0.401584,0.293855,-0.867398,0.321392,-0.932108,-0.16698
0.90772,0.44993,1.17518,-0.857576,-0.0386244,-0.512904,0.401584,0.572801,-0.714584,0.321392,-0.818784,-0.47571
0.90772,0.311856,1.14587,-0.857576,0.139129,-0.495183,0.401584,0.782659,-0.475579,0.321392,-0.606703,-0.727061
0.883612,0.214596,0.457577,0.961642,0.179831,-0.207137,-0.0812368,0.907955,0.411119,0.262003,-0.378522,0.887736
0.883612,0.336149,0.391057,0.961642,0.239831,-0.133139,-0.0812368,0.712587,0.696864,0.262003,-0.659318,0.704737
0.883612,0.473124,0.370122,0.961642,0.270904,-0.0430828,-0.0812368,0.431271,0.898557,0.262003,-0.860591,0.436736
0.883612,0.608998,0.397298,0.961642,0.269301,0.0521699,-0.0812368,0.0979378,0.991871,0.262003,-0.958063,0.116058
0.883612,0.727383,0.469307,0.961642,0.235217,0.14113,-0.0812368,-0.247209,0.965551,0.262003,-0.939979,-0.218618
0.883612,0.814,0.577462,0.961642,0.172763,0.213068,-0.0812368,-0.562538,0.822771,0.262003,-0.80852,-0.526925
0.883612,0.858402,0.708721,0.961642,0.0894702,0.259307,-0.0812368,-0.810017,0.580752,0.262003,-0.579541,-0.771678
0.883612,0.855233,0.847249,0.961642,-0.00461367,0.274269,-0.0812368,-0.959796,0.268687,0.262003,-0.280661,-0.923355
0.883612,0.804876,0.97634,0.961642,-0.0981411,0.256151,-0.0812368,-0.993809,-0.0757867,0.262003,0.0520708,-0.963661
0.883612,0.713404,1.08042,0.961642,-0.179831,0.207137,-0.0812368,-0.907955,-0.411119,0.262003,0.378522,-0.887736
0.883612,0.591851,1.14694,0.961642,-0.239831,0.133139,-0.0812368,-0.712587,-0.696864,0.262003,0.659318,-0.704737
0.883612,0.454876,1.16788,0.961642,-0.270904,0.0430828,-0.0812368,-0.431271,-0.898557,0.262003,0.860591,-0.436736
0.883612,0.319002,1.1407,0.961642,-0.269301,-0.0521699,-0.0812368,-0.0979378,-0.991871,0.262003,0.958063,-0.116058
0.883612,0.200617,1.06869,0.961642,-0.235217,-0.14113,-0.0812368,0.247209,-0.965551,0.262003,0.939979,0.218618
0.883612,0.114,0.960538,0.961642,-0.172763,-0.213068,-0.0812368,0.562538,-0.822771,0.262003,0.80852,0.526925
0.883612,0.0695979,0.829279,0.961642,-0.0894702,-0.259307,-0.0812368,0.810017,-0.580752,0.262003,0.579541,0.771678
0.883612,0.0727665,0.690751,0.961642,0.00461367,-0.274269,-0.0812368,0.959796,-0.268687,0.262003,0.280661,0.923355
0.883612,0.123124,0.56166,0.961642,0.0981411,-0.256151,-0.0812368,0.993809,0.0757867,0.262003,-0.0520708,0.963661
0.883612,0.214596,0.457577,0.961642,0.179831,-0.207137,-0.0812368,0.907955,0.411119,0.262003,-0.378522,0.887736
0.763622,0.236766,0.523188,0.856221,0.0772184,-0.510807,0.156285,0.903718,0.398582,0.492403,-0.421106,0.761714
0.763622,0.334542,0.460294,0.856221,0.247268,-0.453591,0.156285,0.712894,0.683635,0.492403,-0.656232,0.571751
0.763622,0.447933,0.434634,0.856221,0.387493,-0.341666,0.156285,0.436085,0.886231,0.492403,-0.812206,0.312825
0.763622,0.563262,0.449304,0.856221,0.480981,-0.18853,0.156285,0.106677,0.981934,0.492403,-0.870217,0.0161686
0.763622,0.666619,0.502533,0.856221,0.516455,-0.0126554,0.156285,-0.235598,0.959202,0.492403,-0.823266,-0.282438
0.763622,0.745536,0.587903,0.856221,0.489638,0.164746,0.156285,-0.549456,0.820776,0.492403,-0.677018,-0.546979
0.763622,0.790496,0.695116,0.856221,0.403762,0.322276,0.156285,-0.797042,0.583352,0.492403,-0.449111,-0.745546
0.763622,0.796076,0.81124,0.856221,0.269187,0.440936,0.156285,-0.948492,0.275567,0.492403,-0.167035,-0.854189
0.763622,0.761603,0.922269,0.856221,0.102145,0.506412,0.156285,-0.985541,-0.0654549,0.492403,0.135189,-0.859804
0.763622,0.691234,1.01481,0.856221,-0.0772184,0.510807,0.156285,-0.903718,-0.398582,0.492403,0.421106,-0.761714
0.763622,0.593458,1.07771,0.856221,-0.247268,0.453591,0.156285,-0.712894,-0.683635,0.492403,0.656232,-0.571751
0.763622,0.480067,1.10337,0.856221,-0.387493,0.341666,0.156285,-0.436085,-0.886231,0.492403,0.812206,-0.312825
0.763622,0.364738,1.0887,0.856221,-0.480981,0.18853,0.156285,-0.106677,-0.981934,0.492403,0.870217,-0.0161686
0.763622,0.261381,1.03547,0.856221,-0.516455,0.0126554,0.156285,0.235598,-0.959202,0.492403,0.823266,0.282438
0.763622,0.182464,0.950097,0.856221,-0.489638,-0.164746,0.156285,0.549456,-0.820776,0.492403,0.677018,0.546979
0.763622,0.137504,0.842884,0.856221,-0.403762,-0.322276,0.156285,0.797042,-0.583352,0.492403,0.449111,0.745546
0.763622,0.131924,0.72676,0.856221,-0.269187,-0.440936,0.156285,0.948492,-0.275567,0.492403,0.167035,0.854189
0.763622,0.166397,0.615731,0.856221,-0.102145,-0.506412,0.156285,0.985541,0.0654549,0.492403,-0.135189,0.859804
0.763622,0.236766,0.523188,0.856221,0.0772184,-0.510807,0.156285,0.903718,0.398582,0.492403,-0.421106,0.761714
0.674556,0.270737,0.623721,0.647527,-0.00766359,-0.762004,0.374957,0.873731,0.309839,0.663413,-0.486348,0.568638
0.674556,0.33208,0.566383,0.647527,0.253419,-0.718671,0.374957,0.715068,0.589988,0.663413,-0.651504,0.368004
0.674556,0.409335,0.533483,0.647527,0.483936,-0.588655,0.374957,0.470156,0.798974,0.663413,-0.738078,0.122983
0.674556,0.493184,0.52899,0.647527,0.656083,-0.387639,0.374957,0.168537,0.911593,0.663413,-0.735629,-0.136871
0.674556,0.573512,0.553446,0.647527,0.749097,-0.139868,0.374957,-0.15341,0.91426,0.663413,-0.644453,-0.380217
0.674556,0.640632,0.6039,0.647527,0.751758,0.124773,0.374957,-0.456854,0.806654,0.663413,-0.475545,-0.577703
0.674556,0.686447,0.674269,0.647527,0.663747,0.374365,0.374957,-0.705194,0.601754,0.663413,-0.249281,-0.705509
0.674556,0.705432,0.756063,0.647527,0.495678,0.578803,0.374957,-0.868478,0.324273,0.663413,0.00705107,-0.748221
0.674556,0.695296,0.839418,0.647527,0.267822,0.713429,0.374957,-0.92701,0.00767994,0.663413,0.262532,-0.700686
0.674556,0.657263,0.914279,0.647527,0.00766359,0.762004,0.374957,-0.873731,-0.309839,0.663413,0.486348,-0.568638
0.674556,0.59592,0.971617,0.647527,-0.253419,0.718671,0.374957,-0.715068,-0.589988,0.663413,0.651504,-0.368004
0.674556,0.518665,1.00452,0.647527,-0.483936,0.588655,0.374957,-0.470156,-0.798974,0.663413,0.738078,-0.122983
0.674556,0.434816,1.00901,0.647527,-0.656083,0.387639,0.374957,-0.168537,-0.911593,0.663413,0.735629,0.136871
0.674556,0.354488,0.984554,0.647527,-0.749097,0.139868,0.374957,0.15341,-0.91426,0.663413,0.644453,0.380217
0.674556,0.287368,0.9341,0.647527,-0.751758,-0.124773,0.374957,0.456854,-0.806654,0.663413,0.475545,0.577703
0.674556,0.241553,0.863731,0.647527,-0.663747,-0.374365,0.374957,0.705194,-0.601754,0.663413,0.249281,0.705509
0.674556,0.222568,0.781937,0.647527,-0.495678,-0.578803,0.374957,0.868478,-0.324273,0.663413,-0.00705107,0.748221
0.674556,0.232704,0.698582,0.647527,-0.267822,-0.713429,0.374957,0.92701,-0.00767994,0.663413,-0.262532,0.700686
0.674556,0.270737,0.623721,0.647527,-0.00766359,-0.762004,0.374957,0.873731,0.309839,0.663413,-0.486348,0.568638
0.627155,0.312411,0.747051,0.360731,-0.0645767,-0.930431,0.548404,0.82161,0.155594,0.754404,-0.56638,0.331795
0.627155,0.32906,0.696528,0.360731,0.257544,-0.896406,0.548404,0.718845,0.427218,0.754404,-0.645703,0.118072
0.627155,0.361985,0.654746,0.360731,0.548601,-0.754261,0.548404,0.529376,0.647313,0.754404,-0.647146,-0.109892
0.627155,0.407214,0.626745,0.360731,0.773489,-0.521141,0.548404,0.276057,0.789333,0.754404,-0.570533,-0.324602
0.627155,0.459293,0.615903,0.360731,0.905083,-0.225163,0.548404,-0.010559,0.836147,0.754404,-0.425105,-0.50016
0.627155,0.511939,0.623526,0.360731,0.92751,0.0979721,0.548404,-0.295901,0.78211,0.754404,-0.228403,-0.615391
0.627155,0.558803,0.648695,0.360731,0.838066,0.409291,0.548404,-0.545554,0.633739,0.754404,-0.00415278,-0.656397
0.627155,0.594233,0.688375,0.360731,0.647538,0.671243,0.548404,-0.729404,0.408929,0.754404,0.220599,-0.618231
0.627155,0.613954,0.737779,0.360731,0.378909,0.852233,0.548404,-0.825278,0.134797,0.754404,0.418742,-0.505498
0.627155,0.615589,0.790949,0.360731,0.0645767,0.930431,0.548404,-0.82161,-0.155594,0.754404,0.56638,-0.331795
0.627155,0.59894,0.841472,0.360731,-0.257544,0.896406,0.548404,-0.718845,-0.427218,0.754404,0.645703,-0.118072
0.627155,0.566015,0.883254,0.360731,-0.548601,0.754261,0.548404,-0.529376,-0.647313,0.754404,0.647146,0.109892
0.627155,0.520786,0.911255,0.360731,-0.773489,0.521141,0.548404,-0.276057,-0.789333,0.754404,0.570533,0.324602
0.627155,0.468707,0.922097,0.360731,-0.905083,0.225163,0.548404,0.010559,-0.836147,0.754404,0.425105,0.50016
0.627155,0.416061,0.914474,0.360731,-0.92751,-0.0979721,0.548404,0.295901,-0.78211,0.754404,0.228403,0.615391
0.627155,0.369197,0.889305,0.360731,-0.838066,-0.409291,0.548404,0.545554,-0.633739,0.754404,0.00415278,0.656397
0.627155,0.333767,0.849625,0.360731,-0.647538,-0.671243,0.548404,0.729404,-0.408929,0.754404,-0.220599,0.618231
0.627155,0.314046,0.800221,0.360731,-0.378909,-0.852233,0.548404,0.825278,-0.134797,0.754404,-0.418742,0.505498
0.627155,0.312411,0.747051,0.360731,-0.0645767,-0.930431,0.548404,0.82161,0.155594,0.754404,-0.56638,0.331795
0.627137,0.356762,0.878301,0.0304265,-0.0866564,-0.995774,0.655705,0.753642,-0.0455496,0.754404,-0.651547,0.0797517
0.627137,0.325846,0.835032,0.0304265,0.259144,-0.965359,0.655705,0.723771,0.214958,0.754404,-0.639531,-0.1479
0.627137,0.311593,0.783798,0.0304265,0.573688,-0.818508,0.655705,0.606602,0.449539,0.754404,-0.550378,-0.357713
0.627137,0.315723,0.73078,0.0304265,0.819037,-0.572933,0.655705,0.416268,0.629898,0.754404,-0.394841,-0.524381
0.627137,0.337737,0.682371,0.0304265,0.965598,-0.258254,0.655705,0.175726,0.734283,0.754404,-0.19168,-0.6278
0.627137,0.374981,0.644411,0.0304265,0.995693,0.0875744,0.655705,-0.086011,0.750102,0.754404,0.0345999,-0.655498
0.627137,0.422961,0.621478,0.0304265,0.905693,0.42284,0.655705,-0.337374,0.675448,0.754404,0.256707,-0.604133
0.627137,0.475892,0.616339,0.0304265,0.706454,0.707105,0.655705,-0.548045,0.519325,0.754404,0.447851,-0.4799
0.627137,0.527388,0.629613,0.0304265,0.422005,0.906083,0.655705,-0.692613,0.300563,0.754404,0.584978,-0.297784
0.627137,0.571238,0.659699,0.0304265,0.0866564,0.995774,0.655705,-0.753642,0.0455496,0.754404,0.651547,-0.0797517
0.627137,0.602154,0.702968,0.0304265,-0.259144,0.965359,0.655705,-0.723771,-0.214958,0.754404,0.639531,0.1479
0.627137,0.616407,0.754202,0.0304265,-0.573688,0.818508,0.655705,-0.606602,-0.449539,0.754404,0.550378,0.357713
0.627137,0.612277,0.80722,0.0304265,-0.819037,0.572933,0.655705,-0.416268,-0.629898,0.754404,0.394841,0.524381
0.627137,0.590263,0.855629,0.0304265,-0.965598,0.258254,0.655705,-0.175726,-0.734283,0.754404,0.19168,0.6278
0.627137,0.553019,0.893589,0.0304265,-0.995693,-0.0875744,0.655705,0.086011,-0.750102,0.754404,-0.0345999,0.655498
0.627137,0.505039,0.916522,0.0304265,-0.905693,-0.42284,0.655705,0.337374,-0.675448,0.754404,-0.256707,0.604133
0.627137,0.452108,0.921661,0.0304265,-0.706454,-0.707105,0.655705,0.548045,-0.519325,0.754404,-0.447851,0.4799
0.627137,0.400612,0.908387,0.0304265,-0.422005,-0.906083,0.655705,0.692613,-0.300563,0.754404,-0.584978,0.297784
0.627137,0.356762,0.878301,0.0304265,-0.0866564,-0.995774,0.655705,0.753642,-0.0455496,0.754404,-0.651547,0.0797517
0.674504,0.39844,1.00164,-0.303548,-0.0712395,-0.950149,0.683918,0.678025,-0.269331,0.663411,-0.731579,-0.157091
0.674504,0.322825,0.96519,-0.303548,0.258027,-0.917213,0.683918,0.729251,-0.0211898,0.663411,-0.633731,-0.397832
0.674504,0.264238,0.905074,-0.303548,0.556172,-0.773648,0.683918,0.692519,0.229507,0.663411,-0.459446,-0.590589
0.674504,0.229746,0.828545,-0.303548,0.787234,-0.53677,0.683918,0.572259,0.452521,0.663411,-0.229744,-0.712111
0.674504,0.223507,0.744834,-0.303548,0.923344,-0.235149,0.683918,0.382977,0.620955,0.663411,0.0276673,-0.747743
0.674504,0.246276,0.664038,-0.303548,0.948085,0.0948345,0.683918,0.147501,0.714493,0.663411,0.281742,-0.693186
0.674504,0.295306,0.595902,-0.303548,0.858473,0.413379,0.683918,-0.105765,0.721852,0.663411,0.501834,-0.55502
0.674504,0.364682,0.548644,-0.303548,0.665317,0.682065,0.683918,-0.346275,0.642145,0.663411,0.661398,-0.349911
0.674504,0.446038,0.527965,-0.303548,0.391913,0.868483,0.683918,-0.545018,0.484986,0.663411,0.741188,-0.102597
0.674504,0.52956,0.536357,-0.303548,0.0712395,0.950149,0.683918,-0.678025,0.269331,0.663411,0.731579,0.157091
0.674504,0.605175,0.57281,-0.303548,-0.258027,0.917213,0.683918,-0.729251,0.0211898,0.663411,0.633731,0.397832
0.674504,0.663762,0.632926,-0.303548,-0.556172,0.773648,0.683918,-0.692519,-0.229507,0.663411,0.459446,0.590589
0.674504,0.698254,0.709455,-0.303548,-0.787234,0.53677,0.683918,-0.572259,-0.452521,0.663411,0.229744,0.712111
0.674504,0.704493,0.793166,-0.303548,-0.923344,0.235149,0.683918,-0.382977,-0.620955,0.663411,-0.0276673,0.747743
0.674504,0.681724,0.873962,-0.303548,-0.948085,-0.0948345,0.683918,-0.147501,-0.714493,0.663411,-0.281742,0.693186
0.674504,0.632694,0.942098,-0.303548,-0.858473,-0.413379,0.683918,0.105765,-0.721852,0.663411,-0.501834,0.55502
0.674504,0.563318,0.989356,-0.303548,-0.665317,-0.682065,0.683918,0.346275,-0.642145,0.663411,-0.661398,0.349911
0.674504,0.481962,1.01004,-0.303548,-0.391913,-0.868483,0.683918,0.545018,-0.484986,0.663411,-0.741188,0.102597
0.674504,0.39844,1.00164,-0.303548,-0.0712395,-0.950149,0.683918,0.678025,-0.269331,0.663411,-0.731579,-0.157091
0.763543,0.432419,1.1022,-0.60091,-0.0201855,-0.799061,0.629641,0.603878,-0.488757,0.492402,-0.796821,-0.350167
0.763543,0.320363,1.0713,-0.60091,0.254327,-0.757776,0.629641,0.734625,-0.252743,0.492402,-0.629003,-0.601578
0.763543,0.225632,1.00394,-0.60091,0.498164,-0.625092,0.629641,0.776765,0.0137554,0.492402,-0.385317,-0.78043
0.763543,0.159652,0.908248,-0.60091,0.681915,-0.417012,0.629641,0.725215,0.278595,0.492402,-0.0951569,-0.865151
0.763543,0.13038,0.795758,-0.60091,0.783417,-0.158634,0.629641,0.586195,0.509832,0.492402,0.206481,-0.845521
0.763543,0.141349,0.680039,-0.60091,0.790427,0.118877,0.629641,0.37647,0.679576,0.492402,0.483214,-0.72391
0.763543,0.191233,0.575051,-0.60091,0.7021,0.38205,0.629641,0.121337,0.767353,0.492402,0.701664,-0.514984
0.763543,0.274018,0.493456,-0.60091,0.52909,0.599142,0.629641,-0.14843,0.762575,0.492402,0.835483,-0.243943
0.763543,0.379717,0.445095,-0.60091,0.292263,0.743968,0.629641,-0.400295,0.66582,0.492402,0.868531,0.0565206
0.763543,0.495581,0.435802,-0.60091,0.0201855,0.799061,0.629641,-0.603878,0.488757,0.492402,0.796821,0.350167
0.763543,0.607637,0.466698,-0.60091,-0.254327,0.757776,0.629641,-0.734625,0.252743,0.492402,0.629003,0.601578
0.763543,0.702368,0.534056,-0.60091,-0.498164,0.625092,0.629641,-0.776765,-0.0137554,0.492402,0.385317,0.78043
0.763543,0.768348,0.629752,-0.60091,-0.681915,0.417012,0.629641,-0.725215,-0.278595,0.492402,0.0951569,0.865151
0.763543,0.79762,0.742242,-0.60091,-0.783417,0.158634,0.629641,-0.586195,-0.509832,0.492402,-0.206481,0.845521
0.763543,0.786651,0.857961,-0.60091,-0.790427,-0.118877,0.629641,-0.37647,-0.679576,0.492402,-0.483214,0.72391
0.763543,0.736767,0.962949,-0.60091,-0.7021,-0.38205,0.629641,-0.121337,-0.767353,0.492402,-0.701664,0.514984
0.763543,0.653982,1.04454,-0.60091,-0.52909,-0.599142,0.629641,0.14843,-0.762575,0.492402,-0.835483,0.243943
0.763543,0.548283,1.0929,-0.60091,-0.292263,-0.743968,0.629641,0.400295,-0.66582,0.492402,-0.868531,-0.0565206
0.763543,0.432419,1.1022,-0.60091,-0.0201855,-0.799061,0.629641,0.603878,-0.488757,0.492402,-0.796821,-0.350167
0.883514,0.454599,1.16784,-0.825794,0.0603476,-0.560734,0.499419,0.540146,-0.677364,0.262001,-0.839405,-0.476188
0.883514,0.318755,1.14057,-0.825794,0.24849,-0.506277,0.499419,0.739244,-0.451773,0.262001,-0.625916,-0.734564
0.883514,0.20043,1.06848,-0.825794,0.406662,-0.390756,0.499419,0.849177,-0.171692,0.262001,-0.336933,-0.90434
0.883514,0.113896,0.960277,-0.825794,0.515783,-0.228104,0.499419,0.856688,0.129098,0.262001,-0.00731119,-0.96504
0.883514,0.069589,0.828999,-0.825794,0.562694,-0.0379396,0.499419,0.760869,0.414317,0.262001,0.323193,-0.909342
0.883514,0.0728539,0.690484,-0.825794,0.541736,0.156801,0.499419,0.573278,0.649563,0.262001,0.614715,-0.743963
0.883514,0.123297,0.56144,-0.825794,0.455436,0.332629,0.499419,0.316542,0.806462,0.262001,0.832094,-0.488852
0.883514,0.214834,0.45743,-0.825794,0.314204,0.468338,0.499419,0.0216255,0.86609,0.262001,0.949109,-0.174778
0.883514,0.336423,0.391,-0.825794,0.135074,0.547557,0.499419,-0.275899,0.821255,0.262001,0.951648,0.160377
0.883514,0.473401,0.370162,-0.825794,-0.0603476,0.560734,0.499419,-0.540146,0.677364,0.262001,0.839405,0.476188
0.883514,0.609245,0.39743,-0.825794,-0.24849,0.506277,0.499419,-0.739244,0.451773,0.262001,0.625916,0.734564
0.883514,0.72757,0.469515,-0.825794,-0.406662,0.390756,0.499419,-0.849177,0.171692,0.262001,0.336933,0.90434
0.883514,0.814104,0.577723,-0.825794,-0.515783,0.228104,0.499419,-0.856688,-0.129098,0.262001,0.00731119,0.96504
0.883514,0.858411,0.709001,-0.825794,-0.562694,0.0379396,0.499419,-0.760869,-0.414317,0.262001,-0.323193,0.909342
0.883514,0.855146,0.847516,-0.825794,-0.541736,-0.156801,0.499419,-0.573278,-0.649563,0.262001,-0.614715,0.743963
0.883514,0.804703,0.97656,-0.825794,-0.455436,-0.332629,0.499419,-0.316542,-0.806462,0.262001,-0.832094,0.488852
0.883514,0.713166,1.08057,-0.825794,-0.314204,-0.468338,0.499419,-0.0216255,-0.86609,0.262001,-0.949109,0.174778
0.883514,0.591577,1.147,-0.825794,-0.135074,-0.547557,0.499419,0.275899,-0.821255,0.262001,-0.951648,-0.160377
0.883514,0.454599,1.16784,-0.825794,0.0603476,-0.560734,0.499419,0.540146,-0.677364,0.262001,-0.839405,-0.476188
0.875863,0.34484,0.391093,0.985232,0.122708,-0.119422,-0.00862081,0.73211,0.681132,0.17101,-0.670043,0.722356
0.875863,0.481278,0.373129,0.985232,0.156152,-0.0702514,-0.00862081,0.454998,0.890451,0.17101,-0.876695,0.449624
0.875863,0.615632,0.402912,0.985232,0.170762,-0.0126075,-0.00862081,0.123006,0.992369,0.17101,-0.977604,0.122661
0.875863,0.731697,0.476851,0.985232,0.164776,0.046557,-0.00862081,-0.223822,0.974592,0.17101,-0.9606,-0.219096
0.875863,0.815474,0.586028,0.985232,0.138916,0.100106,-0.00862081,-0.543654,0.839265,0.17101,-0.827733,-0.534428
0.875863,0.856858,0.717273,0.985232,0.0962997,0.141581,-0.00862081,-0.797913,0.60271,0.17101,-0.59503,-0.785299
0.875863,0.850857,0.854758,0.985232,0.0420686,0.165979,-0.00862081,-0.955932,0.29346,0.17101,-0.290557,-0.941452
0.875863,0.798196,0.981899,0.985232,-0.0172366,0.170357,-0.00862081,-0.998652,-0.0511859,0.17101,0.0489613,-0.984052
0.875863,0.705225,1.08336,0.985232,-0.0744628,0.154188,-0.00862081,-0.920919,-0.389658,0.17101,0.382574,-0.907961
0.875863,0.58316,1.14691,0.985232,-0.122708,0.119422,-0.00862081,-0.73211,-0.681132,0.17101,0.670043,-0.722356
0.875863,0.446722,1.16487,0.985232,-0.156152,0.0702514,-0.00862081,-0.454998,-0.890451,0.17101,0.876695,-0.449624
0.875863,0.312368,1.13509,0.985232,-0.170762,0.0126075,-0.00862081,-0.123006,-0.992369,0.17101,0.977604,-0.122661
0.875863,0.196303,1.06115,0.985232,-0.164776,-0.046557,-0.00862081,0.223822,-0.974592,0.17101,0.9606,0.219096
0.875863,0.112526,0.951972,0.985232,-0.138916,-0.100106,-0.00862081,0.543654,-0.839265,0.17101,0.827733,0.534428
0.875863,0.0711424,0.820727,0.985232,-0.0962997,-0.141581,-0.00862081,0.797913,-0.60271,0.17101,0.59503,0.785299
0.875863,0.077143,0.683242,0.985232,-0.0420686,-0.165979,-0.00862081,0.955932,-0.29346,0.17101,0.290557,0.941452
0.875863,0.129804,0.556101,0.985232,0.0172366,-0.170357,-0.00862081,0.998652,0.0511859,0.17101,-0.0489613,0.984052
0.875863,0.222775,0.454639,0.985232,0.0744628,-0.154188,-0.00862081,0.920919,0.389658,0.17101,-0.382574,0.907961
0.875863,0.34484,0.391093,0.985232,0.122708,-0.119422,-0.00862081,0.73211,0.681132,0.17101,-0.670043,0.722356
0.749059,0.36827,0.460431,0.900555,0.0162608,-0.434438,0.292759,0.716071,0.633667,0.321393,-0.697838,0.640101
0.749059,0.47958,0.446298,0.900555,0.163867,-0.402677,0.292759,0.45616,0.840363,0.321393,-0.87468,0.362824
0.749059,0.589011,0.471088,0.900555,0.291708,-0.322347,0.292759,0.141229,0.945699,0.321393,-0.946024,0.0417845
0.749059,0.683364,0.531811,0.900555,0.384365,-0.203137,0.292759,-0.190736,0.93697,0.321393,-0.903263,-0.284295
0.749059,0.751258,0.621142,0.900555,0.430662,-0.0594257,0.292759,-0.499696,0.815228,0.321393,-0.751555,-0.576084
0.749059,0.784505,0.728307,0.900555,0.425015,0.0914532,0.292759,-0.748385,0.595158,0.321393,-0.509198,-0.798388
0.749059,0.779094,0.84038,0.900555,0.368104,0.231301,0.292759,-0.906808,0.303302,0.321393,-0.205425,-0.924396
0.749059,0.735678,0.943844,0.900555,0.266795,0.343251,0.292759,-0.955856,-0.0251354,0.321393,0.123126,-0.938907
0.749059,0.659494,1.02622,0.900555,0.133306,0.4138,0.292759,-0.889614,-0.350541,0.321393,0.436825,-0.840173
0.749059,0.55973,1.07757,0.900555,-0.0162608,0.434438,0.292759,-0.716071,-0.633667,0.321393,0.697838,-0.640101
0.749059,0.44842,1.0917,0.900555,-0.163867,0.402677,0.292759,-0.45616,-0.840363,0.321393,0.87468,-0.362824
0.749059,0.338989,1.06691,0.900555,-0.291708,0.322347,0.292759,-0.141229,-0.945699,0.321393,0.946024,-0.0417845
0.749059,0.244636,1.00619,0.900555,-0.384365,0.203137,0.292759,0.190736,-0.93697,0.321393,0.903263,0.284295
0.749059,0.176742,0.916858,0.900555,-0.430662,0.0594257,0.292759,0.499696,-0.815228,0.321393,0.751555,0.576084
0.749059,0.143495,0.809693,0.900555,-0.425015,-0.0914532,0.292759,0.748385,-0.595158,0.321393,0.509198,0.798388
0.749059,0.148906,0.69762,0.900555,-0.368104,-0.231301,0.292759,0.906808,-0.303302,0.321393,0.205425,0.924396
0.749059,0.192322,0.594156,0.900555,-0.266795,-0.343251,0.292759,0.955856,0.0251354,0.321393,-0.123126,0.938907
0.749059,0.268506,0.511782,0.900555,-0.133306,-0.4138,0.292759,0.889614,0.350541,0.321393,-0.436825,0.840173
0.749059,0.36827,0.460431,0.900555,0.0162608,-0.434438,0.292759,0.716071,0.633667,0.321393,-0.697838,0.640101
0.654934,0.404171,0.566675,0.707258,-0.0744954,-0.70302,0.558827,0.668002,0.491412,0.433011,-0.740421,0.51408
0.654934,0.476978,0.558413,0.707258,0.170444,-0.686101,0.558827,0.459644,0.690246,0.433011,-0.871594,0.229838
0.654934,0.54822,0.575552,0.707258,0.394826,-0.586429,0.558827,0.195846,0.805826,0.433011,-0.89764,-0.0821258
0.654934,0.609304,0.616024,0.707258,0.571585,-0.416025,0.558827,-0.091574,0.824212,0.433011,-0.815417,-0.384184
0.654934,0.652862,0.674946,0.707258,0.679403,-0.195442,0.558827,-0.367949,0.743186,0.433011,-0.634842,-0.639904
0.654934,0.673641,0.745213,0.707258,0.705275,0.0487145,0.558827,-0.599943,0.572521,0.433011,-0.377697,-0.818442
0.654934,0.669134,0.818349,0.707258,0.646081,0.286995,0.558827,-0.759576,0.332801,0.433011,-0.0749954,-0.898264
0.654934,0.639884,0.885533,0.707258,0.508959,0.49066,0.558827,-0.827592,0.0529402,0.433011,0.236752,-0.869742
0.654934,0.58942,0.938661,0.707258,0.31045,0.635144,0.558827,-0.795789,-0.233306,0.433011,0.519943,-0.736316
0.654934,0.523829,0.971325,0.707258,0.0744954,0.70302,0.558827,-0.668002,-0.491412,0.433011,0.740421,-0.51408
0.654934,0.451022,0.979587,0.707258,-0.170444,0.686101,0.558827,-0.459644,-0.690246,0.433011,0.871594,-0.229838
0.654934,0.37978,0.962448,0.707258,-0.394826,0.586429,0.558827,-0.195846,-0.805826,0.433011,0.89764,0.0821258
0.654934,0.318696,0.921976,0.707258,-0.571585,0.416025,0.558827,0.091574,-0.824212,0.433011,0.815417,0.384184
0.654934,0.275138,0.863054,0.707258,-0.679403,0.195442,0.558827,0.367949,-0.743186,0.433011,0.634842,0.639904
0.654934,0.254359,0.792787,0.707258,-0.705275,-0.0487145,0.558827,0.599943,-0.572521,0.433011,0.377697,0.818442
0.654934,0.258866,0.719651,0.707258,-0.646081,-0.286995,0.558827,0.759576,-0.332801,0.433011,0.0749954,0.898264
0.654934,0.288116,0.652467,0.707258,-0.508959,-0.49066,0.558827,0.827592,-0.0529402,0.433011,-0.236752,0.869742
