0.658953,0.471522,1.16283,0.308961,0.824708,-0.473708,0.951075,-0.267912,0.153883,-3.49349e-06,-0.498075,-0.867134
0.907818,0.227485,1.3572,0.92986,-0.340568,-0.139193,-0.179072,-0.0884496,-0.979852,0.321394,0.93605,-0.143232
0.907818,0.104596,1.28774,0.92986,-0.272422,-0.24728,-0.179072,0.252014,-0.951011,0.321394,0.928588,0.185554
0.907818,0.0128757,1.18044,0.92986,-0.171418,-0.325541,-0.179072,0.56208,-0.807464,0.321394,0.809124,0.491959
0.907818,-0.036615,1.04824,0.92986,-0.0497389,-0.364537,-0.179072,0.804352,-0.566526,0.321394,0.592068,0.739027
0.907818,-0.0379061,0.907085,0.92986,0.0779397,-0.359565,-0.179072,0.949607,-0.257255,0.321394,0.303599,0.896958
0.907818,0.00915791,0.774002,0.92986,0.196218,-0.311223,-0.179072,0.980325,0.0830436,0.321394,-0.0214875,0.946702
0.907818,0.0989005,0.665042,0.92986,0.290829,-0.225344,-0.179072,0.892801,0.413326,0.321394,-0.343983,0.882259
0.907818,0.220497,0.593347,0.92986,0.350362,-0.112284,-0.179072,0.697593,0.693756,0.321394,-0.624988,0.711404
0.907818,0.359282,0.567565,0.92986,0.367636,0.0143179,-0.179072,0.418245,0.890508,0.321394,-0.830611,0.454742
0.907818,0.498515,0.590804,0.92986,0.340568,0.139193,-0.179072,0.0884496,0.979852,0.321394,-0.93605,0.143232
0.907818,0.621404,0.660263,0.92986,0.272422,0.24728,-0.179072,-0.252014,0.951011,0.321394,-0.928588,-0.185554
0.907818,0.713124,0.767563,0.92986,0.171418,0.325541,-0.179072,-0.56208,0.807464,0.321394,-0.809124,-0.491959
0.907818,0.762615,0.899762,0.92986,0.0497389,0.364537,-0.179072,-0.804352,0.566526,0.321394,-0.592068,-0.739027
0.907818,0.763906,1.04092,0.92986,-0.0779397,0.359565,-0.179072,-0.949607,0.257255,0.321394,-0.303599,-0.896958
0.907818,0.716842,1.174,0.92986,-0.196218,0.311223,-0.179072,-0.980325,-0.0830436,0.321394,0.0214875,-0.946702
0.907818,0.627099,1.28296,0.92986,-0.290829,0.225344,-0.179072,-0.892801,-0.413326,0.321394,0.343983,-0.882259
0.907818,0.505503,1.35465,0.92986,-0.350362,0.112284,-0.179072,-0.697593,-0.693756,0.321394,0.624988,-0.711404
0.907818,0.366718,1.38044,0.92986,-0.367636,-0.0143179,-0.179072,-0.418245,-0.890508,0.321394,0.830611,-0.454742
0.907818,0.227485,1.3572,0.92986,-0.340568,-0.139193,-0.179072,-0.0884496,-0.979852,0.321394,0.93605,-0.143232
0.809114,0.276881,1.32882,0.796489,-0.604525,0.012422,-0.0275851,-0.056852,-0.998001,0.604023,0.794555,-0.0619578
0.809114,0.160719,1.27797,0.796489,-0.572316,-0.195087,-0.0275851,0.287913,-0.957259,0.604023,0.767828,0.213532
0.809114,0.0689538,1.19045,0.796489,-0.471078,-0.379065,-0.0275851,0.597952,-0.801057,0.604023,0.64849,0.463268
0.809114,0.0126554,1.07683,0.796489,-0.31302,-0.517323,-0.0275851,0.835869,-0.548236,0.604023,0.450935,0.657126
0.809114,-0.00138624,0.950804,0.796489,-0.117208,-0.593184,-0.0275851,0.972967,-0.229289,0.604023,0.19899,0.771725
0.809114,0.0285225,0.827575,0.796489,0.0927413,-0.597498,-0.0275851,0.992712,0.117313,0.604023,-0.0769565,0.793243
0.809114,0.0987741,0.722008,0.796489,0.291505,-0.529745,-0.0275851,0.892721,0.449765,0.604023,-0.34362,0.719084
0.809114,0.200895,0.646834,0.796489,0.455108,-0.398097,-0.0275851,0.685054,0.72797,0.604023,-0.568839,0.558193
0.809114,0.322569,0.611122,0.796489,0.563819,-0.218433,-0.0275851,0.39476,0.91837,0.604023,-0.725447,0.329975
0.809114,0.449119,0.619178,0.796489,0.604525,-0.012422,-0.0275851,0.056852,0.998001,0.604023,-0.794555,0.0619578
0.809114,0.565281,0.67003,0.796489,0.572316,0.195087,-0.0275851,-0.287913,0.957259,0.604023,-0.767828,-0.213532
0.809114,0.657046,0.757546,0.796489,0.471078,0.379065,-0.0275851,-0.597952,0.801057,0.604023,-0.64849,-0.463268
0.809114,0.713345,0.87117,0.796489,0.31302,0.517323,-0.0275851,-0.835869,0.548236,0.604023,-0.450935,-0.657126
0.809114,0.727386,0.997196,0.796489,0.117208,0.593184,-0.0275851,-0.972967,0.229289,0.604023,-0.19899,-0.771725
0.809114,0.697478,1.12042,0.796489,-0.0927413,0.597498,-0.0275851,-0.992712,-0.117313,0.604023,0.0769565,-0.793243
0.809114,0.627226,1.22599,0.796489,-0.291505,0.529745,-0.0275851,-0.892721,-0.449765,0.604023,0.34362,-0.719084
0.809114,0.525105,1.30117,0.796489,-0.455108,0.398097,-0.0275851,-0.685054,-0.72797,0.604023,0.568839,-0.558193
0.809114,0.403431,1.33688,0.796489,-0.563819,0.218433,-0.0275851,-0.39476,-0.91837,0.604023,0.725447,-0.329975
0.809114,0.276881,1.32882,0.796489,-0.604525,0.012422,-0.0275851,-0.056852,-0.998001,0.604023,0.794555,-0.0619578
0.735846,0.352572,1.28535,0.567051,-0.813009,0.132174,0.127229,-0.0720875,-0.98925,0.813797,0.577772,0.0625612
0.735846,0.246715,1.263,0.567051,-0.809185,-0.153862,0.127229,0.270603,-0.954247,0.813797,0.521531,0.256398
0.735846,0.154883,1.2058,0.567051,-0.707761,-0.421341,0.127229,0.580656,-0.804147,0.813797,0.402385,0.419309
0.735846,0.0881527,1.12064,0.567051,-0.52097,-0.637999,0.127229,0.820672,-0.557055,0.813797,0.234706,0.531646
0.735846,0.0545734,1.0178,0.567051,-0.271344,-0.777706,0.127229,0.961703,-0.242774,0.813797,0.0387182,0.579858
0.735846,0.0581949,0.909666,0.567051,0.0110115,-0.823609,0.127229,0.986739,0.100789,0.813797,-0.16194,0.55813
0.735846,0.0985803,0.809296,0.567051,0.292038,-0.770173,0.127229,0.89276,0.432196,0.813797,-0.343065,0.469084
0.735846,0.170859,0.728792,0.567051,0.537841,-0.623843,0.127229,0.6911,0.711473,0.813797,-0.482812,0.32346
0.735846,0.266312,0.677864,0.567051,0.718772,-0.402268,0.127229,0.406084,0.904936,0.813797,-0.564325,0.138821
0.735846,0.373428,0.662654,0.567051,0.813009,-0.132174,0.127229,0.0720875,0.98925,0.813797,-0.577772,-0.0625612
0.735846,0.479285,0.684997,0.567051,0.809185,0.153862,0.127229,-0.270603,0.954247,0.813797,-0.521531,-0.256398
0.735846,0.571117,0.742198,0.567051,0.707761,0.421341,0.127229,-0.580656,0.804147,0.813797,-0.402385,-0.419309
0.735846,0.637847,0.827358,0.567051,0.52097,0.637999,0.127229,-0.820672,0.557055,0.813797,-0.234706,-0.531646
0.735846,0.671427,0.930205,0.567051,0.271344,0.777706,0.127229,-0.961703,0.242774,0.813797,-0.0387182,-0.579858
0.735846,0.667805,1.03833,0.567051,-0.0110115,0.823609,0.127229,-0.986739,-0.100789,0.813797,0.16194,-0.55813
0.735846,0.62742,1.1387,0.567051,-0.292038,0.770173,0.127229,-0.89276,-0.432196,0.813797,0.343065,-0.469084
0.735846,0.555141,1.21921,0.567051,-0.537841,0.623843,0.127229,-0.6911,-0.711473,0.813797,0.482812,-0.32346
0.735846,0.459688,1.27014,0.567051,-0.718772,0.402268,0.127229,-0.406084,-0.904936,0.813797,0.564325,-0.138821
0.735846,0.352572,1.28535,0.567051,-0.813009,0.132174,0.127229,-0.0720875,-0.98925,0.813797,0.577772,0.0625612
0.696852,0.445428,1.23201,0.269218,-0.940873,0.205619,0.266698,-0.132319,-0.954654,0.925416,0.311848,0.215306
0.696852,0.352213,1.24464,0.269218,-0.954458,-0.128579,0.266698,0.202172,-0.942337,0.925416,0.219402,0.30898
0.696852,0.260298,1.22463,0.269218,-0.85292,-0.447269,0.266698,0.512278,-0.81636,0.925416,0.100493,0.365386
0.696852,0.180771,1.17439,0.269218,-0.648508,-0.712011,0.266698,0.760595,-0.591918,0.925416,-0.0305369,0.377721
0.696852,0.123223,1.09998,0.269218,-0.365876,-0.890874,0.266698,0.917174,-0.296082,0.925416,-0.157884,0.344498
0.696852,0.0945962,1.01037,0.269218,-0.039114,-0.962285,0.266698,0.963127,0.0354656,0.925416,-0.266187,0.269723
0.696852,0.0983426,0.91638,0.269218,0.292366,-0.91763,0.266698,0.892914,0.362736,0.925416,-0.342385,0.162415
0.696852,0.134011,0.829337,0.269218,0.588582,-0.762295,0.266698,0.715002,0.646255,0.925416,-0.377286,0.0355177
0.696852,0.197298,0.759742,0.269218,0.813806,-0.515016,0.266698,0.45085,0.851826,0.925416,-0.36668,-0.0956636
0.696852,0.280572,0.71599,0.269218,0.940873,-0.205619,0.266698,0.132319,0.954654,0.925416,-0.311848,-0.215306
0.696852,0.373787,0.703358,0.269218,0.954458,0.128579,0.266698,-0.202172,0.942337,0.925416,-0.219402,-0.30898
0.696852,0.465702,0.723369,0.269218,0.85292,0.447269,0.266698,-0.512278,0.81636,0.925416,-0.100493,-0.365386
0.696852,0.545229,0.77361,0.269218,0.648508,0.712011,0.266698,-0.760595,0.591918,0.925416,0.0305369,-0.377721
0.696852,0.602777,0.848021,0.269218,0.365876,0.890874,0.266698,-0.917174,0.296082,0.925416,0.157884,-0.344498
0.696852,0.631404,0.937627,0.269218,0.039114,0.962285,0.266698,-0.963127,-0.0354656,0.925416,0.266187,-0.269723
0.696852,0.627657,1.03162,0.269218,-0.292366,0.91763,0.266698,-0.892914,-0.362736,0.925416,0.342385,-0.162415
0.696852,0.591989,1.11866,0.269218,-0.588582,0.762295,0.266698,-0.715002,-0.646255,0.925416,0.377286,-0.0355177
0.696852,0.528702,1.18826,0.269218,-0.813806,0.515016,0.266698,-0.45085,-0.851826,0.925416,0.36668,0.0956636
0.696852,0.445428,1.23201,0.269218,-0.940873,0.205619,0.266698,-0.132319,-0.954654,0.925416,0.311848,0.215306
0.696834,0.544249,1.17525,-0.061087,-0.972696,0.223898,0.373999,-0.23028,-0.898385,0.925415,0.0288578,0.377854
0.696834,0.464487,1.2251,-0.061087,-0.990613,-0.122287,0.373999,0.0908731,-0.922966,0.925415,-0.102116,0.364937
0.696834,0.372485,1.24467,-0.061087,-0.889047,-0.453722,0.373999,0.401066,-0.836224,0.925415,-0.220774,0.308003
0.696834,0.279339,1.23159,-0.061087,-0.680249,-0.730431,0.373999,0.662884,-0.648621,0.925415,-0.312803,0.213919
0.696834,0.196283,1.18744,-0.061087,-0.389403,-0.919039,0.373999,0.844749,-0.382785,0.925415,-0.367103,0.0940331
0.696834,0.133336,1.11755,-0.061087,-0.0515893,-0.996798,0.373999,0.924724,-0.0707789,0.925415,-0.377125,-0.0371943
0.696834,0.0980897,1.03034,-0.061087,0.292447,-0.954329,0.373999,0.893165,0.249764,0.925415,-0.34166,-0.163936
0.696834,0.0947955,0.93634,-0.061087,0.60121,-0.796753,0.373999,0.753876,0.540182,0.925415,-0.264986,-0.270904
0.696834,0.123851,0.84688,-0.061087,0.837458,-0.543077,0.373999,0.523659,0.765445,0.925415,-0.156351,-0.345197
0.696834,0.181751,0.772752,-0.061087,0.972696,-0.223898,0.373999,0.23028,0.898385,0.925415,-0.0288578,-0.377854
0.696834,0.261513,0.722898,-0.061087,0.990613,0.122287,0.373999,-0.0908731,0.922966,0.925415,0.102116,-0.364937
0.696834,0.353515,0.703331,-0.061087,0.889047,0.453722,0.373999,-0.401066,0.836224,0.925415,0.220774,-0.308003
0.696834,0.446661,0.71641,-0.061087,0.680249,0.730431,0.373999,-0.662884,0.648621,0.925415,0.312803,-0.213919
0.696834,0.529717,0.760558,-0.061087,0.389403,0.919039,0.373999,-0.844749,0.382785,0.925415,0.367103,-0.0940331
0.696834,0.592664,0.830451,-0.061087,0.0515893,0.996798,0.373999,-0.924724,0.0707789,0.925415,0.377125,0.0371943
0.696834,0.62791,0.917658,-0.061087,-0.292447,0.954329,0.373999,-0.893165,-0.249764,0.925415,0.34166,0.163936
0.696834,0.631204,1.01166,-0.061087,-0.60121,0.796753,0.373999,-0.753876,-0.540182,0.925415,0.264986,0.270904
0.696834,0.602149,1.10112,-0.061087,-0.837458,0.543077,0.373999,-0.523659,-0.765445,0.925415,0.156351,0.345197
0.696834,0.544249,1.17525,-0.061087,-0.972696,0.223898,0.373999,-0.23028,-0.898385,0.925415,0.0288578,0.377854
0.735794,0.637115,1.12191,-0.384024,-0.904639,0.184806,0.43619,-0.354157,-0.827231,0.813796,-0.237066,0.530599
0.735794,0.569997,1.20674,-0.384024,-0.91329,-0.135744,0.43619,-0.0498694,-0.898472,0.813796,-0.404245,0.417519
0.735794,0.477913,1.2635,-0.384024,-0.811785,-0.439921,0.43619,0.260433,-0.861344,0.813796,-0.522666,0.25408
0.735794,0.371967,1.28534,-0.384024,-0.612367,-0.691038,0.43619,0.539324,-0.720325,0.813796,-0.578045,0.0599947
0.735794,0.264941,1.26963,-0.384024,-0.339088,-0.858805,0.43619,0.753165,-0.492424,0.813796,-0.563704,-0.141327
0.735794,0.169741,1.21827,-0.384024,-0.0249096,-0.922987,0.43619,0.876162,-0.20513,0.813796,-0.481372,-0.325602
0.735794,0.0978519,1.13744,-0.384024,0.292273,-0.875844,0.43619,0.893482,0.106906,0.813796,-0.34098,-0.470605
0.735794,0.0579432,1.0369,-0.384024,0.574203,-0.723061,0.43619,0.803034,0.406048,0.813796,-0.15946,-0.558846
0.735794,0.0548289,0.928767,-0.384024,0.786875,-0.483066,0.43619,0.615729,0.656214,0.813796,0.0412933,-0.579682
0.735794,0.0888845,0.826094,-0.384024,0.904639,-0.184806,0.43619,0.354157,0.827231,0.813796,0.237066,-0.530599
0.735794,0.156003,0.741261,-0.384024,0.91329,0.135744,0.43619,0.0498694,0.898472,0.813796,0.404245,-0.417519
0.735794,0.248087,0.684499,-0.384024,0.811785,0.439921,0.43619,-0.260433,0.861344,0.813796,0.522666,-0.25408
0.735794,0.354033,0.662656,-0.384024,0.612367,0.691038,0.43619,-0.539324,0.720325,0.813796,0.578045,-0.0599947
0.735794,0.461059,0.678365,-0.384024,0.339088,0.858805,0.43619,-0.753165,0.492424,0.813796,0.563704,0.141327
0.735794,0.556259,0.729733,-0.384024,0.0249096,0.922987,0.43619,-0.876162,0.20513,0.813796,0.481372,0.325602
0.735794,0.628148,0.810562,-0.384024,-0.292273,0.875844,0.43619,-0.893482,-0.106906,0.813796,0.34098,0.470605
0.735794,0.668057,0.911104,-0.384024,-0.574203,0.723061,0.43619,-0.803034,-0.406048,0.813796,0.15946,0.558846
0.735794,0.671171,1.01923,-0.384024,-0.786875,0.483066,0.43619,-0.615729,-0.656214,0.813796,-0.0412933,0.579682
0.735794,0.637115,1.12191,-0.384024,-0.904639,0.184806,0.43619,-0.354157,-0.827231,0.813796,-0.237066,0.530599
0.809034,0.712827,1.07842,-0.660642,-0.744911,0.0930591,0.44577,-0.489008,-0.749773,0.604021,-0.453849,0.655118
0.809034,0.656017,1.19177,-0.660642,-0.731816,-0.167328,0.44577,-0.20308,-0.871807,0.604021,-0.650542,0.460384
0.809034,0.563864,1.27885,-0.660642,-0.630452,-0.407532,0.44577,0.107343,-0.888688,0.604021,-0.76877,0.210121
0.809034,0.447485,1.32917,-0.660642,-0.453047,-0.598582,0.44577,0.404819,-0.79838,0.604021,-0.794273,-0.0654853
0.809034,0.320915,1.33664,-0.660642,-0.220998,-0.717435,0.44577,0.653467,-0.611776,0.604021,-0.723976,-0.333194
0.809034,0.199422,1.30038,-0.660642,0.0377071,-0.749754,0.44577,0.823298,-0.351382,0.604021,-0.566356,-0.560714
0.809034,0.0976581,1.22475,-0.660642,0.291864,-0.691641,0.44577,0.893827,-0.0486068,0.604021,-0.340425,-0.720604
0.809034,0.0278987,1.11888,-0.660642,0.510818,-0.550107,0.44577,0.856547,0.260031,0.604021,-0.0734337,-0.793578
0.809034,-0.00144255,0.995527,-0.660642,0.668159,-0.342222,0.44577,0.715955,0.537306,0.604021,0.202415,-0.770835
0.809034,0.0131733,0.869582,-0.660642,0.744911,-0.0930591,0.44577,0.489008,0.749773,0.604021,0.453849,-0.655118
0.809034,0.0699835,0.756232,-0.660642,0.731816,0.167328,0.44577,0.20308,0.871807,0.604021,0.650542,-0.460384
0.809034,0.162136,0.669147,-0.660642,0.630452,0.407532,0.44577,-0.107343,0.888688,0.604021,0.76877,-0.210121
0.809034,0.278515,0.618832,-0.660642,0.453047,0.598582,0.44577,-0.404819,0.79838,0.604021,0.794273,0.0654853
0.809034,0.405085,0.611356,-0.660642,0.220998,0.717435,0.44577,-0.653467,0.611776,0.604021,0.723976,0.333194
0.809034,0.526578,0.64762,-0.660642,-0.0377071,0.749754,0.44577,-0.823298,0.351382,0.604021,0.566356,0.560714
0.809034,0.628342,0.72325,-0.660642,-0.291864,0.691641,0.44577,-0.893827,0.0486068,0.604021,0.340425,0.720604
0.809034,0.698101,0.829124,-0.660642,-0.510818,0.550107,0.44577,-0.856547,-0.260031,0.604021,0.0734337,0.793578
0.809034,0.727443,0.952473,-0.660642,-0.668159,0.342222,0.44577,-0.715955,-0.537306,0.604021,-0.202415,0.770835
0.809034,0.712827,1.07842,-0.660642,-0.744911,0.0930591,0.44577,-0.489008,-0.749773,0.604021,-0.453849,0.655118
0.90772,0.762251,1.05003,-0.857576,-0.512777,-0.0402774,0.401584,-0.618568,-0.675355,0.321392,-0.595343,0.736392
0.90772,0.712169,1.182,-0.857576,-0.468077,-0.213228,0.401584,-0.350278,-0.846189,0.321392,-0.811301,0.488363
0.90772,0.619973,1.28887,-0.857576,-0.36692,-0.360461,0.401584,-0.0397405,-0.91496,0.321392,-0.929403,0.18143
0.90772,0.496782,1.35778,-0.857576,-0.221507,-0.464217,0.401584,0.275591,-0.873373,0.321392,-0.935406,-0.147386
0.90772,0.357455,1.38039,-0.857576,-0.0493774,-0.511981,0.401584,0.557682,-0.726444,0.321392,-0.828585,-0.458426
0.90772,0.218797,1.35398,-0.857576,0.128708,-0.497993,0.401584,0.772508,-0.491896,0.321392,-0.621824,-0.714172
0.90772,0.0975316,1.28175,-0.857576,0.29127,-0.423939,0.401584,0.894158,-0.198018,0.321392,-0.340063,-0.883778
0.90772,0.00828577,1.17239,-0.857576,0.4187,-0.298753,0.401584,0.90796,0.119744,0.321392,-0.0172842,-0.946788
0.90772,-0.0381763,1.03911,-0.857576,0.495629,-0.137532,0.401584,0.812249,0.423064,0.321392,0.307579,-0.895602
0.90772,-0.0362506,0.897971,-0.857576,0.512777,0.0402774,0.401584,0.618568,0.675355,0.321392,0.595343,-0.736392
0.90772,0.0138306,0.766004,-0.857576,0.468077,0.213228,0.401584,0.350278,0.846189,0.321392,0.811301,-0.488363
0.90772,0.106027,0.659125,-0.857576,0.36692,0.360461,0.401584,0.0397405,0.91496,0.321392,0.929403,-0.18143
0.90772,0.229218,0.590224,-0.857576,0.221507,0.464217,0.401584,-0.275591,0.873373,0.321392,0.935406,0.147386
0.90772,0.368545,0.567613,-0.857576,0.0493774,0.511981,0.401584,-0.557682,0.726444,0.321392,0.828585,0.458426
0.90772,0.507203,0.594017,-0.857576,-0.128708,0.497993,0.401584,-0.772508,0.491896,0.321392,0.621824,0.714172
0.90772,0.628468,0.666253,-0.857576,-0.29127,0.423939,0.401584,-0.894158,0.198018,0.321392,0.340063,0.883778
0.90772,0.717714,0.775608,-0.857576,-0.4187,0.298753,0.401584,-0.90796,-0.119744,0.321392,0.0172842,0.946788
0.90772,0.764176,0.908892,-0.857576,-0.495629,0.137532,0.401584,-0.812249,-0.423064,0.321392,-0.307579,0.895602
0.90772,0.762251,1.05003,-0.857576,-0.512777,-0.0402774,0.401584,-0.618568,-0.675355,0.321392,-0.595343,0.736392
0.883612,0.105963,1.27915,0.961642,-0.238127,-0.136164,-0.0812368,0.226895,-0.970525,0.262003,0.944359,0.198847
0.883612,0.0170958,1.17284,0.961642,-0.177195,-0.209396,-0.0812368,0.545151,-0.834393,0.262003,0.819397,0.509845
0.883612,-0.0300505,1.04254,0.961642,-0.0948911,-0.257373,-0.0812368,0.797654,-0.59762,0.262003,0.595604,0.759348
0.883612,-0.0297892,0.903976,0.961642,-0.00114191,-0.274306,-0.0812368,0.953947,-0.288765,0.262003,0.299973,0.917263
0.883612,0.0178484,0.773858,0.961642,0.092745,-0.258154,-0.0812368,0.995181,0.0549184,0.262003,-0.0318403,0.964542
0.883612,0.107116,0.667879,0.961642,0.175446,-0.210864,-0.0812368,0.916381,0.391978,0.262003,-0.359813,0.895483
0.883612,0.227248,0.598823,0.961642,0.236985,-0.138142,-0.0812368,0.727052,0.68176,0.262003,-0.644387,0.718415
0.883612,0.363753,0.575019,0.961642,0.26994,-0.0487573,-0.0812368,0.45003,0.889311,0.262003,-0.851238,0.454696
0.883612,0.500167,0.599338,0.961642,0.270337,0.0465081,-0.0812368,0.118727,0.989598,0.262003,-0.955417,0.136134
0.883612,0.620037,0.668846,0.961642,0.238127,0.136164,-0.0812368,-0.226895,0.970525,0.262003,-0.944359,-0.198847
0.883612,0.708904,0.775161,0.961642,0.177195,0.209396,-0.0812368,-0.545151,0.834393,0.262003,-0.819397,-0.509845
0.883612,0.756051,0.905459,0.961642,0.0948911,0.257373,-0.0812368,-0.797654,0.59762,0.262003,-0.595604,-0.759348
0.883612,0.755789,1.04402,0.961642,0.00114191,0.274306,-0.0812368,-0.953947,0.288765,0.262003,-0.299973,-0.917263
0.883612,0.708152,1.17414,0.961642,-0.092745,0.258154,-0.0812368,-0.995181,-0.0549184,0.262003,0.0318403,-0.964542
0.883612,0.618884,1.28012,0.961642,-0.175446,0.210864,-0.0812368,-0.916381,-0.391978,0.262003,0.359813,-0.895483
0.883612,0.498752,1.34918,0.961642,-0.236985,0.138142,-0.0812368,-0.727052,-0.68176,0.262003,0.644387,-0.718415
0.883612,0.362247,1.37298,0.961642,-0.26994,0.0487573,-0.0812368,-0.45003,-0.889311,0.262003,0.851238,-0.454696
0.883612,0.225833,1.34866,0.961642,-0.270337,-0.0465081,-0.0812368,-0.118727,-0.989598,0.262003,0.955417,-0.136134
0.883612,0.105963,1.27915,0.961642,-0.238127,-0.136164,-0.0812368,0.226895,-0.970525,0.262003,0.944359,0.198847
0.763622,0.166017,1.24466,0.856221,-0.516076,0.0234886,0.156285,0.215421,-0.963934,0.492403,0.829011,0.265103
0.763622,0.0853253,1.16096,0.856221,-0.492986,-0.154436,0.156285,0.532114,-0.832124,0.492403,0.688345,0.532654
0.763622,0.0381256,1.05472,0.856221,-0.410435,-0.313734,0.156285,0.784627,-0.599947,0.492403,0.464655,0.735959
0.763622,0.0301106,0.938737,0.856221,-0.27838,-0.435191,0.156285,0.942502,-0.295407,0.492403,0.18492,0.850496
0.763622,0.0622469,0.827009,0.856221,-0.112747,-0.504157,0.156285,0.986697,0.0447624,0.492403,-0.117119,0.862451
0.763622,0.130658,0.73301,0.856221,0.0664839,-0.512314,0.156285,0.911882,0.379533,0.492403,-0.405031,0.770382
0.763622,0.227094,0.668078,0.856221,0.237696,-0.458679,0.156285,0.727081,0.668527,0.492403,-0.644091,0.585393
0.763622,0.339922,0.640045,0.856221,0.380239,-0.349721,0.156285,0.454583,0.876886,0.492403,-0.805464,0.329798
0.763622,0.455533,0.652291,0.856221,0.476919,-0.19858,0.156285,0.127256,0.97948,0.492403,-0.869686,0.0344235
0.763622,0.559983,0.703341,0.856221,0.516076,-0.0234886,0.156285,-0.215421,0.963934,0.492403,-0.829011,-0.265103
0.763622,0.640675,0.787036,0.856221,0.492986,0.154436,0.156285,-0.532114,0.832124,0.492403,-0.688345,-0.532654
0.763622,0.687874,0.893281,0.856221,0.410435,0.313734,0.156285,-0.784627,0.599947,0.492403,-0.464655,-0.735959
0.763622,0.695889,1.00926,0.856221,0.27838,0.435191,0.156285,-0.942502,0.295407,0.492403,-0.18492,-0.850496
0.763622,0.663753,1.12099,0.856221,0.112747,0.504157,0.156285,-0.986697,-0.0447624,0.492403,0.117119,-0.862451
0.763622,0.595342,1.21499,0.856221,-0.0664839,0.512314,0.156285,-0.911882,-0.379533,0.492403,0.405031,-0.770382
0.763622,0.498906,1.27992,0.856221,-0.237696,0.458679,0.156285,-0.727081,-0.668527,0.492403,0.644091,-0.585393
0.763622,0.386078,1.30796,0.856221,-0.380239,0.349721,0.156285,-0.454583,-0.876886,0.492403,0.805464,-0.329798
0.763622,0.270467,1.29571,0.856221,-0.476919,0.19858,0.156285,-0.127256,-0.97948,0.492403,0.869686,-0.0344235
0.763622,0.166017,1.24466,0.856221,-0.516076,0.0234886,0.156285,0.215421,-0.963934,0.492403,0.829011,0.265103
0.674556,0.258035,1.1918,0.647527,-0.745997,0.155554,0.374957,0.134194,-0.917278,0.663413,0.652288,0.366611
0.674556,0.189871,1.14277,0.647527,-0.754211,-0.108973,0.374957,0.439829,-0.816062,0.663413,0.487562,0.567598
0.674556,0.14259,1.07338,0.647527,-0.671455,-0.360356,0.374957,0.692414,-0.616417,0.663413,0.264028,0.700123
0.674556,0.121893,0.992,0.647527,-0.507713,-0.568276,0.374957,0.861483,-0.342424,0.663413,0.00864925,0.748204
0.674556,0.130277,0.908451,0.647527,-0.282732,-0.707652,0.374957,0.926645,-0.0271283,0.663413,-0.247773,0.70604
0.674556,0.166731,0.832808,0.647527,-0.0236499,-0.761676,0.374957,0.88004,0.291439,0.663413,-0.47431,0.578717
0.674556,0.226858,0.774195,0.647527,0.238285,-0.72383,0.374957,0.727289,0.574854,0.663413,-0.643639,0.381592
0.674556,0.303406,0.739682,0.647527,0.471479,-0.598679,0.374957,0.486816,0.788934,0.663413,-0.735335,0.138442
0.674556,0.387142,0.73343,0.647527,0.647806,-0.401319,0.374957,0.187626,0.907856,0.663413,-0.738339,-0.121406
0.674556,0.467965,0.756195,0.647527,0.745997,-0.155554,0.374957,-0.134194,0.917278,0.663413,-0.652288,-0.366611
0.674556,0.536129,0.805231,0.647527,0.754211,0.108973,0.374957,-0.439829,0.816062,0.663413,-0.487562,-0.567598
0.674556,0.58341,0.874622,0.647527,0.671455,0.360356,0.374957,-0.692414,0.616417,0.663413,-0.264028,-0.700123
0.674556,0.604107,0.956,0.647527,0.507713,0.568276,0.374957,-0.861483,0.342424,0.663413,-0.00864925,-0.748204
0.674556,0.595723,1.03955,0.647527,0.282732,0.707652,0.374957,-0.926645,0.0271283,0.663413,0.247773,-0.70604
0.674556,0.559269,1.11519,0.647527,0.0236499,0.761676,0.374957,-0.88004,-0.291439,0.663413,0.47431,-0.578717
0.674556,0.499142,1.17381,0.647527,-0.238285,0.72383,0.374957,-0.727289,-0.574854,0.663413,0.643639,-0.381592
0.674556,0.422594,1.20832,0.647527,-0.471479,0.598679,0.374957,-0.486816,-0.788934,0.663413,0.735335,-0.138442
0.674556,0.338858,1.21457,0.647527,-0.647806,0.401319,0.374957,-0.187626,-0.907856,0.663413,0.738339,0.121406
0.674556,0.258035,1.1918,0.647527,-0.745997,0.155554,0.374957,0.134194,-0.917278,0.663413,0.652288,0.366611
0.627155,0.370918,1.12696,0.360731,-0.900159,0.244104,0.548404,-0.00698688,-0.836184,0.754404,0.435505,0.49113
0.627155,0.318124,1.12045,0.360731,-0.929361,-0.07849,0.548404,0.279426,-0.788146,0.754404,0.241265,0.610463
0.627155,0.270742,1.09627,0.360731,-0.846469,-0.391617,0.548404,0.532137,-0.645046,0.754404,0.017924,0.656165
0.627155,0.234488,1.05734,0.360731,-0.66148,-0.657509,0.548404,0.720664,-0.424143,0.754404,-0.207579,0.622724
0.627155,0.213734,1.00836,0.360731,-0.396706,-0.844095,0.548404,0.822268,-0.152083,0.754404,-0.408044,0.514173
0.627155,0.210984,0.955236,0.360731,-0.0840843,-0.928872,0.548404,0.824694,0.138321,0.754404,-0.559294,0.343605
0.627155,0.226569,0.904375,0.360731,0.238679,-0.901612,0.548404,0.72765,0.412041,0.754404,-0.643084,0.131594
0.627155,0.25861,0.861912,0.360731,0.532655,-0.765605,0.548404,0.542841,0.636063,0.754404,-0.649309,-0.0962901
0.627155,0.303242,0.832968,0.360731,0.762384,-0.537255,0.548404,0.292557,0.783367,0.754404,-0.577218,-0.31256
0.627155,0.355082,0.821035,0.360731,0.900159,-0.244104,0.548404,0.00698688,0.836184,0.754404,-0.435505,-0.49113
0.627155,0.407876,0.827552,0.360731,0.929361,0.07849,0.548404,-0.279426,0.788146,0.754404,-0.241265,-0.610463
0.627155,0.455258,0.851732,0.360731,0.846469,0.391617,0.548404,-0.532137,0.645046,0.754404,-0.017924,-0.656165
0.627155,0.491512,0.89066,0.360731,0.66148,0.657509,0.548404,-0.720664,0.424143,0.754404,0.207579,-0.622724
0.627155,0.512266,0.93964,0.360731,0.396706,0.844095,0.548404,-0.822268,0.152083,0.754404,0.408044,-0.514173
0.627155,0.515016,0.992764,0.360731,0.0840843,0.928872,0.548404,-0.824694,-0.138321,0.754404,0.559294,-0.343605
0.627155,0.499431,1.04362,0.360731,-0.238679,0.901612,0.548404,-0.72765,-0.412041,0.754404,0.643084,-0.131594
0.627155,0.46739,1.08609,0.360731,-0.532655,0.765605,0.548404,-0.542841,-0.636063,0.754404,0.649309,0.0962901
0.627155,0.422758,1.11503,0.360731,-0.762384,0.537255,0.548404,-0.292557,-0.783367,0.754404,0.577218,0.31256
0.627155,0.370918,1.12696,0.360731,-0.900159,0.244104,0.548404,-0.00698688,-0.836184,0.754404,0.435505,0.49113
0.627137,0.491052,1.05796,0.0304265,-0.959967,0.278457,0.655705,-0.191094,-0.730434,0.754404,0.20481,0.62364
0.627137,0.454614,1.09669,0.0304265,-0.997311,-0.066664,0.655705,0.0702538,-0.751742,0.754404,-0.020839,0.656079
0.627137,0.407125,1.12063,0.0304265,-0.914366,-0.403744,0.655705,0.323128,-0.682378,0.754404,-0.243975,0.609386
0.627137,0.354314,1.12688,0.0304265,-0.721134,-0.692127,0.655705,0.537028,-0.530709,0.754404,-0.437683,0.489191
0.627137,0.302551,1.11469,0.0304265,-0.440923,-0.897029,0.655705,0.686154,-0.315029,0.754404,-0.578601,0.309993
0.627137,0.258079,1.08553,0.0304265,-0.10753,-0.993736,0.655705,0.752521,-0.0613521,0.754404,-0.649731,0.0934046
0.627137,0.226262,1.04292,0.0304265,0.238833,-0.970584,0.655705,0.728122,0.199725,0.754404,-0.642493,-0.134449
0.627137,0.210937,0.991993,0.0304265,0.556388,-0.830365,0.655705,0.615901,0.436712,0.754404,-0.557762,-0.346087
0.627137,0.213954,0.938899,0.0304265,0.806836,-0.589992,0.655705,0.429393,0.621026,0.754404,-0.405756,-0.515981
0.627137,0.234948,0.890039,0.0304265,0.959967,-0.278457,0.655705,0.191094,0.730434,0.754404,-0.20481,-0.62364
0.627137,0.271386,0.851306,0.0304265,0.997311,0.066664,0.655705,-0.0702538,0.751742,0.754404,0.020839,-0.656079
0.627137,0.318875,0.827372,0.0304265,0.914366,0.403744,0.655705,-0.323128,0.682378,0.754404,0.243975,-0.609386
0.627137,0.371686,0.821123,0.0304265,0.721134,0.692127,0.655705,-0.537028,0.530709,0.754404,0.437683,-0.489191
0.627137,0.423449,0.833313,0.0304265,0.440923,0.897029,0.655705,-0.686154,0.315029,0.754404,0.578601,-0.309993
0.627137,0.467921,0.862473,0.0304265,0.10753,0.993736,0.655705,-0.752521,0.0613521,0.754404,0.649731,-0.0934046
0.627137,0.499738,0.905084,0.0304265,-0.238833,0.970584,0.655705,-0.728122,-0.199725,0.754404,0.642493,0.134449
0.627137,0.515063,0.956007,0.0304265,-0.556388,0.830365,0.655705,-0.615901,-0.436712,0.754404,0.557762,0.346087
0.627137,0.512046,1.0091,0.0304265,-0.806836,0.589992,0.655705,-0.429393,-0.621026,0.754404,0.405756,0.515981
0.627137,0.491052,1.05796,0.0304265,-0.959967,0.278457,0.655705,-0.191094,-0.730434,0.754404,0.20481,0.62364
0.674504,0.603947,0.993115,-0.303548,-0.918207,0.25447,0.683918,-0.395921,-0.612783,0.663411,-0.0119724,0.748159
0.674504,0.582878,1.07437,-0.303548,-0.949866,-0.0749214,0.683918,-0.16246,-0.711241,0.663411,-0.267136,0.698945
0.674504,0.535289,1.14352,-0.303548,-0.866957,-0.395276,0.683918,0.0905964,-0.723912,0.663411,-0.490079,0.565427
0.674504,0.46692,1.19222,-0.303548,-0.679481,-0.667955,0.683918,0.332725,-0.649269,0.663411,-0.653911,0.363711
0.674504,0.386016,1.21461,-0.303548,-0.410049,-0.860069,0.683918,0.534723,-0.496314,0.663411,-0.738872,0.118126
0.674504,0.302336,1.20797,-0.303548,-0.0911593,-0.948445,0.683918,0.672224,-0.283497,0.663411,-0.734714,-0.141707
0.674504,0.225973,1.17311,-0.303548,0.238726,-0.922425,0.683918,0.728646,-0.0364859,0.663411,-0.641939,-0.384448
0.674504,0.166137,1.11423,-0.303548,0.539817,-0.785147,0.683918,0.697182,0.214926,0.663411,-0.471736,-0.580819
0.674504,0.130047,1.03845,-0.303548,0.775798,-0.553169,0.683918,0.581628,0.440415,0.663411,-0.244635,-0.707134
0.674504,0.122053,0.954885,-0.303548,0.918207,-0.25447,0.683918,0.395921,0.612783,0.663411,0.0119724,-0.748159
0.674504,0.143122,0.873629,-0.303548,0.949866,0.0749214,0.683918,0.16246,0.711241,0.663411,0.267136,-0.698945
0.674504,0.190711,0.80448,-0.303548,0.866957,0.395276,0.683918,-0.0905964,0.723912,0.663411,0.490079,-0.565427
0.674504,0.25908,0.755777,-0.303548,0.679481,0.667955,0.683918,-0.332725,0.649269,0.663411,0.653911,-0.363711
0.674504,0.339984,0.733395,-0.303548,0.410049,0.860069,0.683918,-0.534723,0.496314,0.663411,0.738872,-0.118126
0.674504,0.423664,0.740033,-0.303548,0.0911593,0.948445,0.683918,-0.672224,0.283497,0.663411,0.734714,0.141707
0.674504,0.500027,0.774891,-0.303548,-0.238726,0.922425,0.683918,-0.728646,0.0364859,0.663411,0.641939,0.384448
0.674504,0.559863,0.833765,-0.303548,-0.539817,0.785147,0.683918,-0.697182,-0.214926,0.663411,0.471736,0.580819
0.674504,0.595953,0.909553,-0.303548,-0.775798,0.553169,0.683918,-0.581628,-0.440415,0.663411,0.244635,0.707134
0.674504,0.603947,0.993115,-0.303548,-0.918207,0.25447,0.683918,-0.395921,-0.612783,0.663411,-0.0119724,0.748159
0.763543,0.695985,0.940249,-0.60091,-0.779916,0.175037,0.629641,-0.596762,-0.497421,0.492402,-0.188695,0.849668
0.763543,0.687447,1.05617,-0.60091,-0.792747,-0.102266,0.629641,-0.390645,-0.671527,0.492402,-0.467919,0.733889
0.763543,0.639776,1.16218,-0.60091,-0.709962,-0.367234,0.629641,-0.137411,-0.764638,0.492402,-0.690705,0.529592
0.763543,0.558722,1.2455,-0.60091,-0.541544,-0.587909,0.629641,0.132398,-0.765522,0.492402,-0.830181,0.261419
0.763543,0.454061,1.29607,-0.60091,-0.307808,-0.737672,0.629641,0.386237,-0.674073,0.492402,-0.869526,-0.0382851
0.763543,0.338416,1.30779,-0.60091,-0.0369466,-0.798462,0.629641,0.59349,-0.50132,0.492402,-0.803993,-0.333372
0.763543,0.225737,1.27925,-0.60091,0.238372,-0.762945,0.629641,0.72916,-0.268101,0.492402,-0.641486,-0.588248
0.763543,0.129614,1.21389,-0.60091,0.484939,-0.635406,0.629641,0.776882,-0.00254525,0.492402,-0.401607,-0.772174
0.763543,0.0616404,1.1196,-0.60091,0.673015,-0.431228,0.629641,0.730901,0.263318,0.492402,-0.113288,-0.862964
0.763543,0.0300153,1.00775,-0.60091,0.779916,-0.175037,0.629641,0.596762,0.497421,0.492402,0.188695,-0.849668
0.763543,0.038553,0.891828,-0.60091,0.792747,0.102266,0.629641,0.390645,0.671527,0.492402,0.467919,-0.733889
0.763543,0.0862239,0.785817,-0.60091,0.709962,0.367234,0.629641,0.137411,0.764638,0.492402,0.690705,-0.529592
0.763543,0.167278,0.702502,-0.60091,0.541544,0.587909,0.629641,-0.132398,0.765522,0.492402,0.830181,-0.261419
0.763543,0.271939,0.651935,-0.60091,0.307808,0.737672,0.629641,-0.386237,0.674073,0.492402,0.869526,0.0382851
0.763543,0.387584,0.640213,-0.60091,0.0369466,0.798462,0.629641,-0.59349,0.50132,0.492402,0.803993,0.333372
0.763543,0.500263,0.668751,-0.60091,-0.238372,0.762945,0.629641,-0.72916,0.268101,0.492402,0.641486,0.588248
0.763543,0.596386,0.734106,-0.60091,-0.484939,0.635406,0.629641,-0.776882,0.00254525,0.492402,0.401607,0.772174
0.763543,0.66436,0.828397,-0.60091,-0.673015,0.431228,0.629641,-0.730901,-0.263318,0.492402,0.113288,0.862964
0.763543,0.695985,0.940249,-0.60091,-0.779916,0.175037,0.629641,-0.596762,-0.497421,0.492402,-0.188695,0.849668
0.883514,0.756065,0.905739,-0.825794,-0.561774,0.0497374,0.499419,-0.769395,-0.398262,0.262001,-0.304042,0.915922
0.883514,0.755707,1.04429,-0.825794,-0.544906,-0.1454,0.499419,-0.586781,-0.637392,0.262001,-0.59897,0.756697
0.883514,0.707983,1.17437,-0.825794,-0.462315,-0.323,0.499419,-0.333393,-0.799643,0.262001,-0.821654,0.506203
0.883514,0.618649,1.28027,-0.825794,-0.323961,-0.461642,0.499419,-0.0397925,-0.865446,0.262001,-0.945233,0.194653
0.883514,0.498479,1.34924,-0.825794,-0.146533,-0.544603,0.499419,0.258607,-0.826863,0.262001,-0.954804,-0.140375
0.883514,0.361969,1.37295,-0.825794,0.0485693,-0.561876,0.499419,0.525815,-0.688548,0.262001,-0.849211,-0.458472
0.883514,0.225583,1.34854,-0.825794,0.237813,-0.511379,0.499419,0.729602,-0.467184,0.262001,-0.641191,-0.72127
0.883514,0.105772,1.27895,-0.825794,0.398373,-0.399203,0.499419,0.845388,-0.189471,0.262001,-0.355834,-0.897072
0.883514,0.0169862,1.17258,-0.825794,0.510884,-0.238876,0.499419,0.859208,0.111095,0.262001,-0.0275575,-0.964674
0.883514,-0.0300653,1.04226,-0.825794,0.561774,-0.0497374,0.499419,0.769395,0.398262,0.262001,0.304042,-0.915922
0.883514,-0.0297073,0.903708,-0.825794,0.544906,0.1454,0.499419,0.586781,0.637392,0.262001,0.59897,-0.756697
0.883514,0.0180169,0.773634,-0.825794,0.462315,0.323,0.499419,0.333393,0.799643,0.262001,0.821654,-0.506203
0.883514,0.107351,0.667726,-0.825794,0.323961,0.461642,0.499419,0.0397925,0.865446,0.262001,0.945233,-0.194653
0.883514,0.227521,0.59876,-0.825794,0.146533,0.544603,0.499419,-0.258607,0.826863,0.262001,0.954804,0.140375
0.883514,0.364031,0.575053,-0.825794,-0.0485693,0.561876,0.499419,-0.525815,0.688548,0.262001,0.849211,0.458472
0.883514,0.500417,0.599465,-0.825794,-0.237813,0.511379,0.499419,-0.729602,0.467184,0.262001,0.641191,0.72127
0.883514,0.620228,0.669051,-0.825794,-0.398373,0.399203,0.499419,-0.845388,0.189471,0.262001,0.355834,0.897072
0.883514,0.709014,0.775419,-0.825794,-0.510884,0.238876,0.499419,-0.859208,-0.111095,0.262001,0.0275575,0.964674
0.883514,0.756065,0.905739,-0.825794,-0.561774,0.0497374,0.499419,-0.769395,-0.398262,0.262001,-0.304042,0.915922
0.875863,0.0154426,1.16431,0.985232,-0.140985,-0.0971694,-0.00862081,0.525926,-0.850487,0.17101,0.838764,0.516943
0.875863,-0.0286858,1.03396,0.985232,-0.099249,-0.139529,-0.00862081,0.785092,-0.619319,0.17101,0.611376,0.772642
0.875863,-0.0255711,0.896378,0.985232,-0.0455418,-0.16506,-0.00862081,0.949565,-0.313452,0.17101,0.310246,0.935149
0.875863,0.024411,0.76816,0.985232,0.0136585,-0.170682,-0.00862081,0.999506,0.0302214,0.17101,-0.0283037,0.984863
0.875863,0.115232,0.664769,0.985232,0.0712113,-0.155717,-0.00862081,0.928892,0.37025,0.17101,-0.36344,0.915788
0.875863,0.235937,0.598676,0.985232,0.120175,-0.12197,-0.00862081,0.74624,0.665621,0.17101,-0.654739,0.736255
0.875863,0.371968,0.577853,0.985232,0.154644,-0.0735122,-0.00862081,0.473581,0.880708,0.17101,-0.867068,0.46792
0.875863,0.506918,0.604811,0.985232,0.17046,-0.0161876,-0.00862081,0.1438,0.989569,0.17101,-0.974815,0.143146
0.875863,0.624508,0.676299,0.985232,0.165717,0.0430895,-0.00862081,-0.203325,0.979073,0.17101,-0.964985,-0.198893
0.875863,0.710557,0.783693,0.985232,0.140985,0.0971694,-0.00862081,-0.525926,0.850487,0.17101,-0.838764,-0.516943
0.875863,0.754686,0.914042,0.985232,0.099249,0.139529,-0.00862081,-0.785092,0.619319,0.17101,-0.611376,-0.772642
0.875863,0.751571,1.05162,0.985232,0.0455418,0.16506,-0.00862081,-0.949565,0.313452,0.17101,-0.310246,-0.935149
0.875863,0.701589,1.17984,0.985232,-0.0136585,0.170682,-0.00862081,-0.999506,-0.0302214,0.17101,0.0283037,-0.984863
0.875863,0.610768,1.28323,0.985232,-0.0712113,0.155717,-0.00862081,-0.928892,-0.37025,0.17101,0.36344,-0.915788
0.875863,0.490063,1.34932,0.985232,-0.120175,0.12197,-0.00862081,-0.74624,-0.665621,0.17101,0.654739,-0.736255
0.875863,0.354032,1.37015,0.985232,-0.154644,0.0735122,-0.00862081,-0.473581,-0.880708,0.17101,0.867068,-0.46792
0.875863,0.219082,1.34319,0.985232,-0.17046,0.0161876,-0.00862081,-0.1438,-0.989569,0.17101,0.974815,-0.143146
0.875863,0.101492,1.2717,0.985232,-0.165717,-0.0430895,-0.00862081,0.203325,-0.979073,0.17101,0.964985,0.198893
0.875863,0.0154426,1.16431,0.985232,-0.140985,-0.0971694,-0.00862081,0.525926,-0.850487,0.17101,0.838764,0.516943
0.749059,0.0789077,1.12785,0.900555,-0.42932,0.0684485,0.292759,0.482481,-0.825533,0.321393,0.763476,0.560188
0.749059,0.0434198,1.02141,0.900555,-0.42684,-0.0825156,0.292759,0.735733,-0.610729,0.321393,0.525838,0.787529
0.749059,0.0464781,0.909247,0.900555,-0.372876,-0.223527,0.292759,0.900244,-0.322262,0.321393,0.224775,0.919882
0.749059,0.0877136,0.804895,0.900555,-0.273938,-0.337578,0.292759,0.956173,0.00507458,0.321393,-0.103399,0.941284
0.749059,0.162153,0.72094,0.900555,-0.141959,-0.410912,0.292759,0.896773,0.331799,0.321393,-0.419101,0.849153
0.749059,0.260817,0.667507,0.900555,0.00714206,-0.434684,0.292759,0.729209,0.618503,0.321393,-0.684254,0.654602
0.749059,0.371806,0.651043,0.900555,0.155382,-0.406026,0.292759,0.473692,0.830607,0.321393,-0.866875,0.381096
0.749059,0.481733,0.673531,0.900555,0.28488,-0.328396,0.292759,0.16104,0.942528,0.321393,-0.944939,0.0616242
0.749059,0.577339,0.732261,0.900555,0.380018,-0.211157,0.292759,-0.171035,0.940765,0.321393,-0.909029,-0.26528
0.749059,0.647092,0.820147,0.900555,0.42932,-0.0684485,0.292759,-0.482481,0.825533,0.321393,-0.763476,-0.560188
0.749059,0.68258,0.926591,0.900555,0.42684,0.0825156,0.292759,-0.735733,0.610729,0.321393,-0.525838,-0.787529
0.749059,0.679522,1.03875,0.900555,0.372876,0.223527,0.292759,-0.900244,0.322262,0.321393,-0.224775,-0.919882
0.749059,0.638286,1.1431,0.900555,0.273938,0.337578,0.292759,-0.956173,-0.00507458,0.321393,0.103399,-0.941284
0.749059,0.563847,1.22706,0.900555,0.141959,0.410912,0.292759,-0.896773,-0.331799,0.321393,0.419101,-0.849153
0.749059,0.465183,1.28049,0.900555,-0.00714206,0.434684,0.292759,-0.729209,-0.618503,0.321393,0.684254,-0.654602
0.749059,0.354194,1.29696,0.900555,-0.155382,0.406026,0.292759,-0.473692,-0.830607,0.321393,0.866875,-0.381096
0.749059,0.244267,1.27447,0.900555,-0.28488,0.328396,0.292759,-0.16104,-0.942528,0.321393,0.944939,-0.0616242
0.749059,0.148661,1.21574,0.900555,-0.380018,0.211157,0.292759,0.171035,-0.940765,0.321393,0.909029,0.26528
0.749059,0.0789077,1.12785,0.900555,-0.42932,0.0684485,0.292759,0.482481,-0.825533,0.321393,0.763476,0.560188
0.654934,0.176153,1.072,0.707258,-0.675153,0.209654,0.558827,0.352274,-0.750743,0.433011,0.648129,0.626443
0.654934,0.153904,1.00218,0.707258,-0.706142,-0.0339061,0.558827,0.587799,-0.584982,0.433011,0.394786,0.810337
0.654934,0.156876,0.928966,0.707258,-0.65196,-0.273376,0.558827,0.752426,-0.348665,0.433011,0.0938257,0.896492
0.654934,0.18471,0.861183,0.707258,-0.519142,-0.479873,0.558827,0.8263,-0.0702927,0.433011,-0.218451,0.874518
0.654934,0.234047,0.807008,0.707258,-0.323708,-0.62849,0.558827,0.800509,0.216558,0.433011,-0.504379,0.747063
0.654934,0.298939,0.772974,0.707258,-0.0892293,-0.701302,0.558827,0.678165,0.477288,0.433011,-0.729472,0.529502
0.654934,0.371557,0.763188,0.707258,0.156011,-0.689526,0.558827,0.474025,0.68045,0.433011,-0.86658,0.248075
0.654934,0.443143,0.778828,0.707258,0.382435,-0.594584,0.558827,0.21271,0.80154,0.433011,-0.899165,-0.0632739
0.654934,0.505063,0.818009,0.707258,0.562731,-0.427926,0.558827,-0.0742606,0.825952,0.433011,-0.823298,-0.366991
0.654934,0.549847,0.876004,0.707258,0.675153,-0.209654,0.558827,-0.352274,0.750743,0.433011,-0.648129,-0.626443
0.654934,0.572096,0.94582,0.707258,0.706142,0.0339061,0.558827,-0.587799,0.584982,0.433011,-0.394786,-0.810337
0.654934,0.569124,1.01903,0.707258,0.65196,0.273376,0.558827,-0.752426,0.348665,0.433011,-0.0938257,-0.896492
0.654934,0.54129,1.08682,0.707258,0.519142,0.479873,0.558827,-0.8263,0.0702927,0.433011,0.218451,-0.874518
0.654934,0.491953,1.14099,0.707258,0.323708,0.62849,0.558827,-0.800509,-0.216558,0.433011,0.504379,-0.747063
0.654934,0.427061,1.17503,0.707258,0.0892293,0.701302,0.558827,-0.678165,-0.477288,0.433011,0.729472,-0.529502
0.654934,0.354443,1.18481,0.707258,-0.156011,0.689526,0.558827,-0.474025,-0.68045,0.433011,0.86658,-0.248075
0.654934,0.282857,1.16917,0.707258,-0.382435,0.594584,0.558827,-0.21271,-0.80154,0.433011,0.899165,0.0632739
