0.658953,0.228551,0.879858,0.308961,0.138896,0.940878,0.951075,-0.0451173,-0.305649,-3.49349e-06,0.989279,-0.14604
0.907818,0.137019,0.581605,0.92986,0.254212,-0.265966,-0.179072,0.944208,0.276414,0.321394,-0.209399,0.923503
0.907818,0.246645,0.492677,0.92986,0.329846,-0.16298,-0.179072,0.792726,0.582682,0.321394,-0.512627,0.79619
0.907818,0.380075,0.446606,0.92986,0.365697,-0.0403374,-0.179072,0.54563,0.81867,0.321394,-0.754025,0.572845
0.907818,0.521215,0.44895,0.92986,0.357439,0.0871709,-0.179072,0.232722,0.955915,0.321394,-0.904477,0.280407
0.907818,0.653041,0.499424,0.92986,0.306068,0.204165,-0.179072,-0.108255,0.977862,0.321394,-0.945835,-0.0458533
0.907818,0.759655,0.591942,0.92986,0.217782,0.296534,-0.179072,-0.436175,0.881864,0.321394,-0.873111,-0.366582
0.907818,0.828195,0.715345,0.92986,0.103227,0.353137,-0.179072,-0.711485,0.679501,0.321394,-0.695077,-0.643096
0.907818,0.850396,0.854747,0.92986,-0.023778,0.367146,-0.179072,-0.900981,0.39518,0.321394,-0.433207,-0.842043
0.907818,0.82358,0.993336,0.92986,-0.147915,0.336871,-0.179072,-0.981804,0.0631939,0.321394,-0.119086,-0.939428
0.907818,0.750981,1.1144,0.92986,-0.254212,0.265966,-0.179072,-0.944208,-0.276414,0.321394,0.209399,-0.923503
0.907818,0.641355,1.20332,0.92986,-0.329846,0.16298,-0.179072,-0.792726,-0.582682,0.321394,0.512627,-0.79619
0.907818,0.507925,1.24939,0.92986,-0.365697,0.0403374,-0.179072,-0.54563,-0.81867,0.321394,0.754025,-0.572845
0.907818,0.366785,1.24705,0.92986,-0.357439,-0.0871709,-0.179072,-0.232722,-0.955915,0.321394,0.904477,-0.280407
0.907818,0.234959,1.19658,0.92986,-0.306068,-0.204165,-0.179072,0.108255,-0.977862,0.321394,0.945835,0.0458533
0.907818,0.128345,1.10406,0.92986,-0.217782,-0.296534,-0.179072,0.436175,-0.881864,0.321394,0.873111,0.366582
0.907818,0.0598048,0.980655,0.92986,-0.103227,-0.353137,-0.179072,0.711485,-0.679501,0.321394,0.695077,0.643096
0.907818,0.0376038,0.841253,0.92986,0.023778,-0.367146,-0.179072,0.900981,-0.39518,0.321394,0.433207,0.842043
0.907818,0.0644202,0.702664,0.92986,0.147915,-0.336871,-0.179072,0.981804,-0.0631939,0.321394,0.119086,0.939428
0.907818,0.137019,0.581605,0.92986,0.254212,-0.265966,-0.179072,0.944208,0.276414,0.321394,-0.209399,0.923503
0.809114,0.145339,0.63796,0.796489,0.209756,-0.567104,-0.0275851,0.949529,0.312463,0.604023,-0.23323,0.762076
0.809114,0.235188,0.548479,0.796489,0.391068,-0.461162,-0.0275851,0.785397,0.618377,0.604023,-0.47981,0.636348
0.809114,0.350223,0.495124,0.796489,0.52521,-0.299598,-0.0275851,0.526535,0.849706,0.604023,-0.668517,0.433867
0.809114,0.47657,0.484332,0.796489,0.596005,-0.101898,-0.0275851,0.204164,0.978548,0.604023,-0.776592,0.179055
0.809114,0.598987,0.517403,0.796489,0.594912,0.108093,-0.0275851,-0.142831,0.989363,0.604023,-0.790999,-0.0973531
0.809114,0.702711,0.590349,0.796489,0.522064,0.305046,-0.0275851,-0.4726,0.880845,0.604023,-0.709999,-0.362019
0.809114,0.775231,0.694372,0.796489,0.386248,0.465206,-0.0275851,-0.745365,0.666085,0.604023,-0.543363,-0.583021
0.809114,0.807799,0.816924,0.796489,0.203845,0.569256,-0.0275851,-0.928229,0.370986,0.604023,-0.311189,-0.733701
0.809114,0.796488,0.943225,0.796489,-0.00314563,0.604644,-0.0275851,-0.999134,0.0311395,0.604023,-0.0414814,-0.795887
0.809114,0.742661,1.05804,0.796489,-0.209756,0.567104,-0.0275851,-0.949529,-0.312463,0.604023,0.23323,-0.762076
0.809114,0.652812,1.14752,0.796489,-0.391068,0.461162,-0.0275851,-0.785397,-0.618377,0.604023,0.47981,-0.636348
0.809114,0.537777,1.20088,0.796489,-0.52521,0.299598,-0.0275851,-0.526535,-0.849706,0.604023,0.668517,-0.433867
0.809114,0.41143,1.21167,0.796489,-0.596005,0.101898,-0.0275851,-0.204164,-0.978548,0.604023,0.776592,-0.179055
0.809114,0.289013,1.1786,0.796489,-0.594912,-0.108093,-0.0275851,0.142831,-0.989363,0.604023,0.790999,0.0973531
0.809114,0.185289,1.10565,0.796489,-0.522064,-0.305046,-0.0275851,0.4726,-0.880845,0.604023,0.709999,0.362019
0.809114,0.112769,1.00163,0.796489,-0.386248,-0.465206,-0.0275851,0.745365,-0.666085,0.604023,0.543363,0.583021
0.809114,0.080201,0.879076,0.796489,-0.203845,-0.569256,-0.0275851,0.928229,-0.370986,0.604023,0.311189,0.733701
0.809114,0.0915123,0.752775,0.796489,0.00314563,-0.604644,-0.0275851,0.999134,-0.0311395,0.604023,0.0414814,0.795887
0.809114,0.145339,0.63796,0.796489,0.209756,-0.567104,-0.0275851,0.949529,0.312463,0.604023,-0.23323,0.762076
0.735846,0.158087,0.724313,0.567051,0.174644,-0.804955,0.127229,0.946964,0.295081,0.813797,-0.26974,0.514757
0.735846,0.217633,0.633984,0.567051,0.439422,-0.696679,0.127229,0.788931,0.601166,0.813797,-0.42953,0.391457
0.735846,0.304482,0.569468,0.567051,0.6512,-0.504372,0.127229,0.535742,0.834742,0.813797,-0.537512,0.220941
0.735846,0.40816,0.538548,0.567051,0.784434,-0.251231,0.127229,0.217934,0.967635,0.813797,-0.580662,0.0237769
0.735846,0.51616,0.544952,0.567051,0.823053,0.0322117,0.127229,-0.12616,0.983817,0.813797,-0.553776,-0.176255
0.735846,0.615456,0.587908,0.567051,0.762399,0.31177,0.127229,-0.455036,0.881337,0.813797,-0.460097,-0.355028
0.735846,0.694073,0.662235,0.567051,0.60979,0.553724,0.127229,-0.729029,0.672554,0.813797,-0.310923,-0.49098
0.735846,0.742527,0.758968,0.567051,0.38363,0.72889,0.127229,-0.915091,0.382651,0.813797,-0.124247,-0.567712
0.735846,0.754974,0.86644,0.567051,0.111199,0.816142,0.127229,-0.990778,0.0465952,0.813797,0.0774153,-0.57597
0.735846,0.729913,0.971687,0.567051,-0.174644,0.804955,0.127229,-0.946964,-0.295081,0.813797,0.26974,-0.514757
0.735846,0.670367,1.06202,0.567051,-0.439422,0.696679,0.127229,-0.788931,-0.601166,0.813797,0.42953,-0.391457
0.735846,0.583518,1.12653,0.567051,-0.6512,0.504372,0.127229,-0.535742,-0.834742,0.813797,0.537512,-0.220941
0.735846,0.47984,1.15745,0.567051,-0.784434,0.251231,0.127229,-0.217934,-0.967635,0.813797,0.580662,-0.0237769
0.735846,0.37184,1.15105,0.567051,-0.823053,-0.0322117,0.127229,0.12616,-0.983817,0.813797,0.553776,0.176255
0.735846,0.272544,1.10809,0.567051,-0.762399,-0.31177,0.127229,0.455036,-0.881337,0.813797,0.460097,0.355028
0.735846,0.193927,1.03376,0.567051,-0.60979,-0.553724,0.127229,0.729029,-0.672554,0.813797,0.310923,0.49098
0.735846,0.145473,0.937032,0.567051,-0.38363,-0.72889,0.127229,0.915091,-0.382651,0.813797,0.124247,0.567712
0.735846,0.133026,0.82956,0.567051,-0.111199,-0.816142,0.127229,0.990778,-0.0465952,0.813797,-0.0774153,0.57597
0.735846,0.158087,0.724313,0.567051,0.174644,-0.804955,0.127229,0.946964,0.295081,0.813797,-0.26974,0.514757
0.696852,0.173725,0.830248,0.269218,0.153109,-0.950831,0.266698,0.93682,0.226366,0.925416,-0.314526,0.211375
0.696852,0.196096,0.73888,0.269218,0.469079,-0.841122,0.266698,0.802901,0.533125,0.925416,-0.367852,0.0910528
0.696852,0.248368,0.660672,0.269218,0.728471,-0.629962,0.266698,0.57214,0.775582,0.925416,-0.37681,-0.0402512
0.696852,0.324236,0.605059,0.269218,0.899998,-0.342819,0.266698,0.272371,0.924492,0.925416,-0.340319,-0.1667
0.696852,0.414549,0.578749,0.269218,0.962973,-0.0143269,0.266698,-0.0602497,0.961895,0.925416,-0.26278,-0.273043
0.696852,0.508415,0.584914,0.269218,0.909798,0.315893,0.266698,-0.385604,0.883279,0.925416,-0.153546,-0.346453
0.696852,0.594511,0.622811,0.269218,0.746889,0.608012,0.266698,-0.664448,0.698127,0.925416,-0.0257927,-0.378075
0.696852,0.662453,0.687869,0.269218,0.493894,0.826795,0.266698,-0.86315,0.42877,0.925416,0.105072,-0.364096
0.696852,0.704047,0.772242,0.269218,0.181328,0.945855,0.266698,-0.957744,0.107697,0.925416,0.223264,-0.306201
0.696852,0.714275,0.865752,0.269218,-0.153109,0.950831,0.266698,-0.93682,-0.226366,0.925416,0.314526,-0.211375
0.696852,0.691904,0.95712,0.269218,-0.469079,0.841122,0.266698,-0.802901,-0.533125,0.925416,0.367852,-0.0910528
0.696852,0.639632,1.03533,0.269218,-0.728471,0.629962,0.266698,-0.57214,-0.775582,0.925416,0.37681,0.0402512
0.696852,0.563764,1.09094,0.269218,-0.899998,0.342819,0.266698,-0.272371,-0.924492,0.925416,0.340319,0.1667
0.696852,0.473451,1.11725,0.269218,-0.962973,0.0143269,0.266698,0.0602497,-0.961895,0.925416,0.26278,0.273043
0.696852,0.379585,1.11109,0.269218,-0.909798,-0.315893,0.266698,0.385604,-0.883279,0.925416,0.153546,0.346453
0.696852,0.293489,1.07319,0.269218,-0.746889,-0.608012,0.266698,0.664448,-0.698127,0.925416,0.0257927,0.378075
0.696852,0.225547,1.00813,0.269218,-0.493894,-0.826795,0.266698,0.86315,-0.42877,0.925416,-0.105072,0.364096
0.696852,0.183953,0.923758,0.269218,-0.181328,-0.945855,0.266698,0.957744,-0.107697,0.925416,-0.223264,0.306201
0.696852,0.173725,0.830248,0.269218,0.153109,-0.950831,0.266698,0.93682,0.226366,0.925416,-0.314526,0.211375
0.696834,0.190368,0.942989,-0.061087,0.14775,-0.987136,0.373999,0.920321,0.114605,0.925415,-0.362187,-0.111478
0.696834,0.173176,0.850514,-0.061087,0.47646,-0.877072,0.373999,0.825622,0.422462,0.925415,-0.302217,-0.22863
0.696834,0.188649,0.757735,-0.061087,0.747702,-0.661219,0.373999,0.63134,0.679363,0.925415,-0.205795,-0.318206
0.696834,0.234921,0.675843,-0.061087,0.92876,-0.365613,0.373999,0.36091,0.854324,0.925415,-0.0845508,-0.369402
0.696834,0.306411,0.614716,-0.061087,0.997796,-0.0259095,0.373999,0.0469484,0.92624,0.925415,0.0468911,-0.376042
0.696834,0.394497,0.581727,-0.061087,0.946483,0.316919,0.373999,-0.272676,0.886438,0.925415,0.172677,-0.337327
0.696834,0.488553,0.580854,-0.061087,0.78101,0.621523,0.373999,-0.559411,0.739719,0.925415,0.277636,-0.257924
0.696834,0.577235,0.612203,-0.061087,0.521336,0.851162,0.373999,-0.778673,0.503779,0.925415,0.349108,-0.147412
0.696834,0.649848,0.671992,-0.061087,0.198781,0.978138,0.373999,-0.904016,0.207075,0.925415,0.378472,-0.0191203
0.696834,0.697632,0.753011,-0.061087,-0.14775,0.987136,0.373999,-0.920321,-0.114605,0.925415,0.362187,0.111478
0.696834,0.714824,0.845486,-0.061087,-0.47646,0.877072,0.373999,-0.825622,-0.422462,0.925415,0.302217,0.22863
0.696834,0.699351,0.938265,-0.061087,-0.747702,0.661219,0.373999,-0.63134,-0.679363,0.925415,0.205795,0.318206
0.696834,0.653079,1.02016,-0.061087,-0.92876,0.365613,0.373999,-0.36091,-0.854324,0.925415,0.0845508,0.369402
0.696834,0.581589,1.08128,-0.061087,-0.997796,0.0259095,0.373999,-0.0469484,-0.92624,0.925415,-0.0468911,0.376042
0.696834,0.493503,1.11427,-0.061087,-0.946483,-0.316919,0.373999,0.272676,-0.886438,0.925415,-0.172677,0.337327
0.696834,0.399447,1.11515,-0.061087,-0.78101,-0.621523,0.373999,0.559411,-0.739719,0.925415,-0.277636,0.257924
0.696834,0.310765,1.0838,-0.061087,-0.521336,-0.851162,0.373999,0.778673,-0.503779,0.925415,-0.349108,0.147412
0.696834,0.238152,1.02401,-0.061087,-0.198781,-0.978138,0.373999,0.904016,-0.207075,0.925415,-0.378472,0.0191203
0.696834,0.190368,0.942989,-0.061087,0.14775,-0.987136,0.373999,0.920321,0.114605,0.925415,-0.362187,-0.111478
0.735794,0.206009,1.04894,-0.384024,0.159212,-0.909493,0.43619,0.899458,-0.0267217,0.813796,-0.406973,-0.41486
0.735794,0.151637,0.955421,-0.384024,0.460675,-0.80019,0.43619,0.854353,0.282523,0.813796,-0.240539,-0.529034
0.735794,0.132528,0.848949,-0.384024,0.706574,-0.594373,0.43619,0.706201,0.55769,0.813796,-0.045093,-0.579398
0.735794,0.150988,0.742362,-0.384024,0.86725,-0.316865,0.43619,0.472871,0.765592,0.813796,0.155792,-0.559879
0.735794,0.204789,0.648517,-0.384024,0.923322,-0.00113892,0.43619,0.182505,0.881153,0.813796,0.337887,-0.47283
0.735794,0.287442,0.578732,-0.384024,0.868029,0.314725,0.43619,-0.129874,0.890433,0.813796,0.479227,-0.328751
0.735794,0.388979,0.541425,-0.384024,0.708038,0.592628,0.43619,-0.426587,0.792314,0.813796,0.562766,-0.145019
0.735794,0.497152,0.541096,-0.384024,0.462648,0.799051,0.43619,-0.671848,0.59863,0.813796,0.578426,0.0562036
0.735794,0.598914,0.577783,-0.384024,0.161455,0.909097,0.43619,-0.836075,0.332743,0.813796,0.52432,0.250648
0.735794,0.681991,0.647063,-0.384024,-0.159212,0.909493,0.43619,-0.899458,0.0267217,0.813796,0.406973,0.41486
0.735794,0.736363,0.740579,-0.384024,-0.460675,0.80019,0.43619,-0.854353,-0.282523,0.813796,0.240539,0.529034
0.735794,0.755472,0.847051,-0.384024,-0.706574,0.594373,0.43619,-0.706201,-0.55769,0.813796,0.045093,0.579398
0.735794,0.737012,0.953638,-0.384024,-0.86725,0.316865,0.43619,-0.472871,-0.765592,0.813796,-0.155792,0.559879
0.735794,0.683211,1.04748,-0.384024,-0.923322,0.00113892,0.43619,-0.182505,-0.881153,0.813796,-0.337887,0.47283
0.735794,0.600558,1.11727,-0.384024,-0.868029,-0.314725,0.43619,0.129874,-0.890433,0.813796,-0.479227,0.328751
0.735794,0.499021,1.15457,-0.384024,-0.708038,-0.592628,0.43619,0.426587,-0.792314,0.813796,-0.562766,0.145019
0.735794,0.390848,1.1549,-0.384024,-0.462648,-0.799051,0.43619,0.671848,-0.59863,0.813796,-0.578426,-0.0562036
0.735794,0.289086,1.11822,-0.384024,-0.161455,-0.909097,0.43619,0.836075,-0.332743,0.813796,-0.52432,-0.250648
0.735794,0.206009,1.04894,-0.384024,0.159212,-0.909493,0.43619,0.899458,-0.0267217,0.813796,-0.406973,-0.41486
0.809034,0.21876,1.13531,-0.660642,0.186113,-0.727265,0.44577,0.876746,-0.180568,0.604021,-0.443484,-0.662179
0.809034,0.134077,1.04095,-0.660642,0.423628,-0.619751,0.44577,0.88563,0.130187,0.604021,-0.19026,-0.773925
0.809034,0.0867749,0.923313,-0.660642,0.610048,-0.437486,0.44577,0.787693,0.425239,0.604021,0.0859122,-0.792324
0.809034,0.0825597,0.796593,-0.660642,0.722886,-0.202454,0.44577,0.594749,0.669001,0.604021,0.351722,-0.715157
0.809034,0.121939,0.676073,-0.660642,0.748534,0.0569971,0.44577,0.33007,0.832071,0.604021,0.575109,-0.551732
0.809034,0.200165,0.576291,-0.660642,0.683898,0.309574,0.44577,0.025579,0.894782,0.604021,0.729129,-0.32176
0.809034,0.3078,0.50928,-0.660642,0.536774,0.524811,0.44577,-0.281997,0.849569,0.604021,0.795205,-0.0529786
0.809034,0.431863,0.483124,-0.660642,0.324906,0.676748,0.44577,-0.55556,0.701885,0.604021,0.765368,0.222193
0.809034,0.55739,0.500978,-0.660642,0.0738505,0.74706,0.44577,-0.762114,0.469543,0.604021,0.643217,0.470564
0.809034,0.66924,0.560687,-0.660642,-0.186113,0.727265,0.44577,-0.876746,0.180568,0.604021,0.443484,0.662179
0.809034,0.753923,0.655051,-0.660642,-0.423628,0.619751,0.44577,-0.88563,-0.130187,0.604021,0.19026,0.773925
0.809034,0.801225,0.772687,-0.660642,-0.610048,0.437486,0.44577,-0.787693,-0.425239,0.604021,-0.0859122,0.792324
0.809034,0.80544,0.899407,-0.660642,-0.722886,0.202454,0.44577,-0.594749,-0.669001,0.604021,-0.351722,0.715157
0.809034,0.766061,1.01993,-0.660642,-0.748534,-0.0569971,0.44577,-0.33007,-0.832071,0.604021,-0.575109,0.551732
0.809034,0.687835,1.11971,-0.660642,-0.683898,-0.309574,0.44577,-0.025579,-0.894782,0.604021,-0.729129,0.32176
0.809034,0.5802,1.18672,-0.660642,-0.536774,-0.524811,0.44577,0.281997,-0.849569,0.604021,-0.795205,0.0529786
0.809034,0.456137,1.21288,-0.660642,-0.324906,-0.676748,0.44577,0.55556,-0.701885,0.604021,-0.765368,-0.222193
0.809034,0.33061,1.19502,-0.660642,-0.0738505,-0.74706,0.44577,0.762114,-0.469543,0.604021,-0.643217,-0.470564
0.809034,0.21876,1.13531,-0.660642,0.186113,-0.727265,0.44577,0.876746,-0.180568,0.604021,-0.443484,-0.662179
0.90772,0.227084,1.1917,-0.857576,0.225208,-0.462432,0.401584,0.854926,-0.328377,0.321392,-0.467314,-0.823605
0.90772,0.122614,1.09678,-0.857576,0.369788,-0.357519,0.401584,0.915679,-0.0161716,0.321392,-0.157442,-0.933766
0.90772,0.0569073,0.971858,-0.857576,0.469766,-0.209483,0.401584,0.865988,0.297985,0.321392,0.17142,-0.931301
0.90772,0.0378901,0.831995,-0.857576,0.513082,-0.03618,0.401584,0.711846,0.576199,0.321392,0.479606,-0.816508
0.90772,0.0678557,0.694062,-0.857576,0.494514,0.141486,0.401584,0.471845,0.784916,0.321392,0.729944,-0.603232
0.90772,0.14319,0.574697,-0.857576,0.4163,0.302088,0.401584,0.174932,0.89896,0.321392,0.892241,-0.317197
0.90772,0.254806,0.488296,-0.857576,0.287874,0.426252,0.401584,-0.14308,0.904576,0.321392,0.94692,0.00709667
0.90772,0.389242,0.44528,-0.857576,0.124726,0.499005,0.401584,-0.443835,0.801087,0.321392,0.887386,0.330534
0.90772,0.530283,0.450839,-0.857576,-0.0534655,0.51157,0.401584,-0.691056,0.600976,0.321392,0.720821,0.614105
0.90772,0.660916,0.504301,-0.857576,-0.225208,0.462432,0.401584,-0.854926,0.328377,0.321392,0.467314,0.823605
0.90772,0.765386,0.599218,-0.857576,-0.369788,0.357519,0.401584,-0.915679,0.0161716,0.321392,0.157442,0.933766
0.90772,0.831093,0.724142,-0.857576,-0.469766,0.209483,0.401584,-0.865988,-0.297985,0.321392,-0.17142,0.931301
0.90772,0.85011,0.864005,-0.857576,-0.513082,0.03618,0.401584,-0.711846,-0.576199,0.321392,-0.479606,0.816508
0.90772,0.820144,1.00194,-0.857576,-0.494514,-0.141486,0.401584,-0.471845,-0.784916,0.321392,-0.729944,0.603232
0.90772,0.74481,1.1213,-0.857576,-0.4163,-0.302088,0.401584,-0.174932,-0.89896,0.321392,-0.892241,0.317197
0.90772,0.633194,1.2077,-0.857576,-0.287874,-0.426252,0.401584,0.14308,-0.904576,0.321392,-0.94692,-0.00709667
0.90772,0.498758,1.25072,-0.857576,-0.124726,-0.499005,0.401584,0.443835,-0.801087,0.321392,-0.887386,-0.330534
0.90772,0.357717,1.24516,-0.857576,0.0534655,-0.51157,0.401584,0.691056,-0.600976,0.321392,-0.720821,-0.614105
0.90772,0.227084,1.1917,-0.857576,0.225208,-0.462432,0.401584,0.854926,-0.328377,0.321392,-0.467314,-0.823605
0.883612,0.254132,0.497091,0.961642,0.213889,-0.171745,-0.0812368,0.820081,0.566452,0.262003,-0.530772,0.806
0.883612,0.385601,0.453315,0.961642,0.25973,-0.0882336,-0.0812368,0.576886,0.812775,0.262003,-0.774431,0.575857
0.883612,0.524113,0.457144,0.961642,0.274244,0.00592049,-0.0812368,0.26411,0.961065,0.262003,-0.924682,0.276258
0.883612,0.652962,0.508115,0.961642,0.25568,0.0993605,-0.0812368,-0.0805213,0.993437,0.262003,-0.963402,-0.056662
0.883612,0.756607,0.600082,0.961642,0.206278,0.180816,-0.0812368,-0.415441,0.905985,0.262003,-0.885922,-0.382748
0.883612,0.822548,0.721952,0.961642,0.131995,0.240463,-0.0812368,-0.700252,0.709259,0.262003,-0.701587,-0.662669
0.883612,0.84283,0.859024,0.961642,0.0417915,0.271106,-0.0812368,-0.900602,0.426985,0.262003,-0.43263,-0.862662
0.883612,0.815007,0.994767,0.961642,-0.0534526,0.26905,-0.0812368,-0.992327,0.0932105,0.262003,-0.111492,-0.958605
0.883612,0.742435,1.11281,0.961642,-0.142249,0.234542,-0.0812368,-0.964362,-0.251806,0.262003,0.223094,-0.938927
0.883612,0.633868,1.19891,0.961642,-0.213889,0.171745,-0.0812368,-0.820081,-0.566452,0.262003,0.530772,-0.806
0.883612,0.502399,1.24268,0.961642,-0.25973,0.0882336,-0.0812368,-0.576886,-0.812775,0.262003,0.774431,-0.575857
0.883612,0.363887,1.23886,0.961642,-0.274244,-0.00592049,-0.0812368,-0.26411,-0.961065,0.262003,0.924682,-0.276258
0.883612,0.235038,1.18788,0.961642,-0.25568,-0.0993605,-0.0812368,0.0805213,-0.993437,0.262003,0.963402,0.056662
0.883612,0.131393,1.09592,0.961642,-0.206278,-0.180816,-0.0812368,0.415441,-0.905985,0.262003,0.885922,0.382748
0.883612,0.0654522,0.974048,0.961642,-0.131995,-0.240463,-0.0812368,0.700252,-0.709259,0.262003,0.701587,0.662669
0.883612,0.0451704,0.836976,0.961642,-0.0417915,-0.271106,-0.0812368,0.900602,-0.426985,0.262003,0.43263,0.862662
0.883612,0.0729932,0.701233,0.961642,0.0534526,-0.26905,-0.0812368,0.992327,-0.0932105,0.262003,0.111492,0.958605
0.883612,0.145565,0.583192,0.961642,0.142249,-0.234542,-0.0812368,0.964362,0.251806,0.262003,-0.223094,0.938927
0.883612,0.254132,0.497091,0.961642,0.213889,-0.171745,-0.0812368,0.820081,0.566452,0.262003,-0.530772,0.806
0.763622,0.264246,0.565604,0.856221,0.167077,-0.488847,0.156285,0.818148,0.553361,0.492403,-0.550199,0.674404
0.763622,0.371672,0.521155,0.856221,0.324197,-0.402222,0.156285,0.579548,0.799812,0.492403,-0.747677,0.445553
0.763622,0.487821,0.516129,0.856221,0.442213,-0.267083,0.156285,0.271045,0.949795,0.492403,-0.854975,0.162963
0.763622,0.598685,0.551131,0.856221,0.506892,-0.0997305,0.156285,-0.0701502,0.985218,0.492403,-0.85915,-0.139284
0.763622,0.690892,0.62194,0.856221,0.510433,0.0796515,0.156285,-0.402884,0.901809,0.492403,-0.759699,-0.424731
0.763622,0.75332,0.720015,0.856221,0.452408,0.249426,0.156285,-0.687024,0.709629,0.492403,-0.568617,-0.658949
0.763622,0.778439,0.833527,0.856221,0.339815,0.389117,0.156285,-0.888299,0.431857,0.492403,-0.308952,-0.813688
0.763622,0.76322,0.948785,0.856221,0.186236,0.481874,0.156285,-0.982431,0.101997,0.492403,-0.0120219,-0.870284
0.763622,0.709498,1.05189,0.856221,0.0101944,0.51651,0.156285,-0.958069,-0.240166,0.492403,0.286358,-0.821911
0.763622,0.623754,1.1304,0.856221,-0.167077,0.488847,0.156285,-0.818148,-0.553361,0.492403,0.550199,-0.674404
0.763622,0.516328,1.17484,0.856221,-0.324197,0.402222,0.156285,-0.579548,-0.799812,0.492403,0.747677,-0.445553
0.763622,0.400179,1.17987,0.856221,-0.442213,0.267083,0.156285,-0.271045,-0.949795,0.492403,0.854975,-0.162963
0.763622,0.289315,1.14487,0.856221,-0.506892,0.0997305,0.156285,0.0701502,-0.985218,0.492403,0.85915,0.139284
0.763622,0.197108,1.07406,0.856221,-0.510433,-0.0796515,0.156285,0.402884,-0.901809,0.492403,0.759699,0.424731
0.763622,0.13468,0.975985,0.856221,-0.452408,-0.249426,0.156285,0.687024,-0.709629,0.492403,0.568617,0.658949
0.763622,0.109561,0.862473,0.856221,-0.339815,-0.389117,0.156285,0.888299,-0.431857,0.492403,0.308952,0.813688
0.763622,0.12478,0.747215,0.856221,-0.186236,-0.481874,0.156285,0.982431,-0.101997,0.492403,0.0120219,0.870284
0.763622,0.178502,0.644114,0.856221,-0.0101944,-0.51651,0.156285,0.958069,0.240166,0.492403,-0.286358,0.821911
0.763622,0.264246,0.565604,0.856221,0.167077,-0.488847,0.156285,0.818148,0.553361,0.492403,-0.550199,0.674404
0.674556,0.279744,0.670584,0.647527,0.128354,-0.751155,0.374957,0.804468,0.460693,0.663413,-0.579962,0.472787
0.674556,0.35033,0.625104,0.647527,0.377524,-0.661955,0.374957,0.598387,0.708054,0.663413,-0.706689,0.245916
0.674556,0.432214,0.606509,0.647527,0.581158,-0.492914,0.374957,0.320131,0.870013,0.663413,-0.748178,-0.0106162
0.674556,0.515519,0.617042,0.647527,0.714697,-0.26442,0.374957,0.00326272,0.927036,0.663413,-0.699427,-0.265868
0.674556,0.590198,0.655431,0.647527,0.762032,-0.00403261,0.374957,-0.313999,0.872245,0.663413,-0.566314,-0.489052
0.674556,0.647244,0.717047,0.647527,0.717455,0.256841,0.374957,-0.593388,0.712248,0.663413,-0.364895,-0.65325
0.674556,0.679775,0.794458,0.647527,0.586343,0.486736,0.374957,-0.801206,0.466344,0.663413,-0.119465,-0.738655
0.674556,0.683868,0.878327,0.647527,0.384508,0.657923,0.374957,-0.912386,0.164191,0.663413,0.140375,-0.734968
0.674556,0.65903,0.958538,0.647527,0.136297,0.749755,0.374957,-0.913519,-0.157765,0.663413,0.383283,-0.642633
0.674556,0.608256,1.02542,0.647527,-0.128354,0.751155,0.374957,-0.804468,-0.460693,0.663413,0.579962,-0.472787
0.674556,0.53767,1.0709,0.647527,-0.377524,0.661955,0.374957,-0.598387,-0.708054,0.663413,0.706689,-0.245916
0.674556,0.455786,1.08949,0.647527,-0.581158,0.492914,0.374957,-0.320131,-0.870013,0.663413,0.748178,0.0106162
0.674556,0.372481,1.07896,0.647527,-0.714697,0.26442,0.374957,-0.00326272,-0.927036,0.663413,0.699427,0.265868
0.674556,0.297802,1.04057,0.647527,-0.762032,0.00403261,0.374957,0.313999,-0.872245,0.663413,0.566314,0.489052
0.674556,0.240756,0.978953,0.647527,-0.717455,-0.256841,0.374957,0.593388,-0.712248,0.663413,0.364895,0.65325
0.674556,0.208225,0.901542,0.647527,-0.586343,-0.486736,0.374957,0.801206,-0.466344,0.663413,0.119465,0.738655
0.674556,0.204132,0.817673,0.647527,-0.384508,-0.657923,0.374957,0.912386,-0.164191,0.663413,-0.140375,0.734968
0.674556,0.22897,0.737462,0.647527,-0.136297,-0.749755,0.374957,0.913519,0.157765,0.663413,-0.383283,0.642633
0.674556,0.279744,0.670584,0.647527,0.128354,-0.751155,0.374957,0.804468,0.460693,0.663413,-0.579962,0.472787
0.627155,0.298756,0.799368,0.360731,0.102391,-0.927032,0.548404,0.780691,0.299625,0.754404,-0.616472,0.225468
0.627155,0.324148,0.752625,0.360731,0.413279,-0.836106,0.548404,0.631132,0.548567,0.754404,-0.656409,0.00102505
0.627155,0.363996,0.717385,0.360731,0.674321,-0.644333,0.548404,0.405449,0.731344,0.754404,-0.617173,-0.223542
0.627155,0.413494,0.697899,0.360731,0.854029,-0.374843,0.548404,0.130863,0.825911,0.754404,-0.503497,-0.421146
0.627155,0.466672,0.696517,0.360731,0.930729,-0.0601425,0.548404,-0.159507,0.82086,0.754404,-0.329092,-0.567954
0.627155,0.517114,0.713407,0.360731,0.895169,0.261812,0.548404,-0.430638,0.716801,0.754404,-0.114994,-0.646259
0.627155,0.558739,0.746531,0.360731,0.751638,0.552189,0.548404,-0.649828,0.526286,0.754404,0.112975,-0.646615
0.627155,0.586524,0.791893,0.360731,0.517449,0.775963,0.548404,-0.790639,0.272293,0.754404,0.327317,-0.568979
0.627155,0.597118,0.844022,0.360731,0.220848,0.906145,0.548404,-0.836087,-0.0145431,0.754404,0.50218,-0.422717
0.627155,0.589244,0.896632,0.360731,-0.102391,0.927032,0.548404,-0.780691,-0.299625,0.754404,0.616472,-0.225468
0.627155,0.563852,0.943375,0.360731,-0.413279,0.836106,0.548404,-0.631132,-0.548567,0.754404,0.656409,-0.00102505
0.627155,0.524004,0.978615,0.360731,-0.674321,0.644333,0.548404,-0.405449,-0.731344,0.754404,0.617173,0.223542
0.627155,0.474506,0.998101,0.360731,-0.854029,0.374843,0.548404,-0.130863,-0.825911,0.754404,0.503497,0.421146
0.627155,0.421328,0.999483,0.360731,-0.930729,0.0601425,0.548404,0.159507,-0.82086,0.754404,0.329092,0.567954
0.627155,0.370886,0.982593,0.360731,-0.895169,-0.261812,0.548404,0.430638,-0.716801,0.754404,0.114994,0.646259
0.627155,0.329261,0.949469,0.360731,-0.751638,-0.552189,0.548404,0.649828,-0.526286,0.754404,-0.112975,0.646615
0.627155,0.301476,0.904107,0.360731,-0.517449,-0.775963,0.548404,0.790639,-0.272293,0.754404,-0.327317,0.568979
0.627155,0.290882,0.851978,0.360731,-0.220848,-0.906145,0.548404,0.836087,0.0145431,0.754404,-0.50218,0.422717
0.627155,0.298756,0.799368,0.360731,0.102391,-0.927032,0.548404,0.780691,0.299625,0.754404,-0.616472,0.225468
0.627137,0.318988,0.936424,0.0304265,0.0923178,-0.995265,0.655705,0.749684,0.0895842,0.754404,-0.655325,-0.0377229
0.627137,0.296285,0.888335,0.0304265,0.427151,-0.903668,0.655705,0.673833,0.340589,0.754404,-0.602902,-0.259582
0.627137,0.291397,0.835381,0.0304265,0.710463,-0.703076,0.655705,0.516708,0.550513,0.754404,-0.477761,-0.450133
0.627137,0.304916,0.783949,0.0304265,0.908083,-0.417683,0.655705,0.29726,0.694037,0.754404,-0.294994,-0.58639
0.627137,0.335211,0.740242,0.0304265,0.996175,-0.0819106,0.655705,0.041958,0.753851,0.754404,-0.0766462,-0.65192
0.627137,0.378627,0.709533,0.0304265,0.964113,0.263741,0.655705,-0.218404,0.722738,0.754404,0.150946,-0.638819
0.627137,0.429928,0.695525,0.0304265,0.815766,0.577582,0.655705,-0.452424,0.604453,0.754404,0.360332,-0.548667
0.627137,0.482926,0.699907,0.0304265,0.569024,0.821758,0.655705,-0.631875,0.413262,0.754404,0.526256,-0.392338
0.627137,0.531229,0.722152,0.0304265,0.25365,0.966817,0.655705,-0.735112,0.172225,0.754404,0.628706,-0.188687
0.627137,0.569012,0.759576,0.0304265,-0.0923178,0.995265,0.655705,-0.749684,-0.0895842,0.754404,0.655325,0.0377229
0.627137,0.591715,0.807665,0.0304265,-0.427151,0.903668,0.655705,-0.673833,-0.340589,0.754404,0.602902,0.259582
0.627137,0.596603,0.860619,0.0304265,-0.710463,0.703076,0.655705,-0.516708,-0.550513,0.754404,0.477761,0.450133
0.627137,0.583084,0.912051,0.0304265,-0.908083,0.417683,0.655705,-0.29726,-0.694037,0.754404,0.294994,0.58639
0.627137,0.552789,0.955758,0.0304265,-0.996175,0.0819106,0.655705,-0.041958,-0.753851,0.754404,0.0766462,0.65192
0.627137,0.509373,0.986467,0.0304265,-0.964113,-0.263741,0.655705,0.218404,-0.722738,0.754404,-0.150946,0.638819
0.627137,0.458072,1.00048,0.0304265,-0.815766,-0.577582,0.655705,0.452424,-0.604453,0.754404,-0.360332,0.548667
0.627137,0.405074,0.996093,0.0304265,-0.569024,-0.821758,0.655705,0.631875,-0.413262,0.754404,-0.526256,0.392338
0.627137,0.356771,0.973848,0.0304265,-0.25365,-0.966817,0.655705,0.735112,-0.172225,0.754404,-0.628706,0.188687
0.627137,0.318988,0.936424,0.0304265,0.0923178,-0.995265,0.655705,0.749684,0.0895842,0.754404,-0.655325,-0.0377229
0.674504,0.338002,1.06522,-0.303548,0.099351,-0.947622,0.683918,0.715187,-0.144095,0.663411,-0.691836,-0.285042
0.674504,0.2701,1.01587,-0.303548,0.417465,-0.856494,0.683918,0.72134,0.109204,0.663411,-0.552623,-0.504473
0.674504,0.223174,0.946267,-0.303548,0.685227,-0.662059,0.683918,0.640488,0.34933,0.663411,-0.346756,-0.663058
0.674504,0.202882,0.864814,-0.303548,0.87034,-0.387771,0.683918,0.482383,0.547323,0.663411,-0.0990644,-0.741668
0.674504,0.211672,0.781332,-0.303548,0.950478,-0.0667113,0.683918,0.266097,0.6793,0.663411,0.160575,-0.730822
0.674504,0.248485,0.705892,-0.303548,0.915974,0.262394,0.683918,0.0177148,0.729344,0.663411,0.400847,-0.631828
0.674504,0.30888,0.647592,-0.303548,0.770989,0.559852,0.683918,-0.232804,0.691418,0.663411,0.592771,-0.456626
0.674504,0.385572,0.613465,-0.303548,0.533013,0.789782,0.683918,-0.455243,0.570097,0.663411,0.713198,-0.226349
0.674504,0.469312,0.607625,-0.303548,0.230747,0.924454,0.683918,-0.622773,0.380013,0.663411,0.747603,0.0312299
0.674504,0.549998,0.630779,-0.303548,-0.099351,0.947622,0.683918,-0.715187,0.144095,0.663411,0.691836,0.285042
0.674504,0.6179,0.680132,-0.303548,-0.417465,0.856494,0.683918,-0.72134,-0.109204,0.663411,0.552623,0.504473
0.674504,0.664826,0.749733,-0.303548,-0.685227,0.662059,0.683918,-0.640488,-0.34933,0.663411,0.346756,0.663058
0.674504,0.685118,0.831186,-0.303548,-0.87034,0.387771,0.683918,-0.482383,-0.547323,0.663411,0.0990644,0.741668
0.674504,0.676328,0.914668,-0.303548,-0.950478,0.0667113,0.683918,-0.266097,-0.6793,0.663411,-0.160575,0.730822
0.674504,0.639515,0.990108,-0.303548,-0.915974,-0.262394,0.683918,-0.0177148,-0.729344,0.663411,-0.400847,0.631828
0.674504,0.57912,1.04841,-0.303548,-0.770989,-0.559852,0.683918,0.232804,-0.691418,0.663411,-0.592771,0.456626
0.674504,0.502428,1.08254,-0.303548,-0.533013,-0.789782,0.683918,0.455243,-0.570097,0.663411,-0.713198,0.226349
0.674504,0.418688,1.08837,-0.303548,-0.230747,-0.924454,0.683918,0.622773,-0.380013,0.663411,-0.747603,-0.0312299
0.674504,0.338002,1.06522,-0.303548,0.099351,-0.947622,0.683918,0.715187,-0.144095,0.663411,-0.691836,-0.285042
0.763543,0.353503,1.17022,-0.60091,0.122642,-0.789852,0.629641,0.681362,-0.373227,0.492402,-0.721599,-0.486658
0.763543,0.248753,1.11984,-0.60091,0.385391,-0.700272,0.629641,0.767922,-0.11768,0.492402,-0.511634,-0.70411
0.763543,0.167554,1.03667,-0.60091,0.601656,-0.526229,0.629641,0.761859,0.152062,0.492402,-0.239959,-0.836636
0.763543,0.119697,0.930739,-0.60091,0.745352,-0.288715,0.629641,0.663905,0.403463,0.492402,0.0606584,-0.868252
0.763543,0.110957,0.814831,-0.60091,0.799149,-0.0163778,0.629641,0.485875,0.6062,0.492402,0.35396,-0.795143
0.763543,0.142386,0.702924,-0.60091,0.756556,0.257935,0.629641,0.24924,0.735821,0.492402,0.604569,-0.626129
0.763543,0.210194,0.608515,-0.60091,0.622711,0.501137,0.629641,-0.0174565,0.77669,0.492402,0.782257,-0.381594
0.763543,0.306203,0.542992,-0.60091,0.413758,0.683894,0.629641,-0.282048,0.72388,0.492402,0.865594,-0.0910334
0.763543,0.418832,0.514257,-0.60091,0.1549,0.784164,0.629641,-0.512619,0.583759,0.492402,0.844528,0.210507
0.763543,0.534497,0.525776,-0.60091,-0.122642,0.789852,0.629641,-0.681362,0.373227,0.492402,0.721599,0.486658
0.763543,0.639247,0.57616,-0.60091,-0.385391,0.700272,0.629641,-0.767922,0.11768,0.492402,0.511634,0.70411
0.763543,0.720446,0.659333,-0.60091,-0.601656,0.526229,0.629641,-0.761859,-0.152062,0.492402,0.239959,0.836636
0.763543,0.768303,0.765261,-0.60091,-0.745352,0.288715,0.629641,-0.663905,-0.403463,0.492402,-0.0606584,0.868252
0.763543,0.777043,0.881169,-0.60091,-0.799149,0.0163778,0.629641,-0.485875,-0.6062,0.492402,-0.35396,0.795143
0.763543,0.745614,0.993076,-0.60091,-0.756556,-0.257935,0.629641,-0.24924,-0.735821,0.492402,-0.604569,0.626129
0.763543,0.677806,1.08748,-0.60091,-0.622711,-0.501137,0.629641,0.0174565,-0.77669,0.492402,-0.782257,0.381594
0.763543,0.581797,1.15301,-0.60091,-0.413758,-0.683894,0.629641,0.282048,-0.72388,0.492402,-0.865594,0.0910334
0.763543,0.469168,1.18174,-0.60091,-0.1549,-0.784164,0.629641,0.512619,-0.583759,0.492402,-0.844528,-0.210507
0.763543,0.353503,1.17022,-0.60091,0.122642,-0.789852,0.629641,0.681362,-0.373227,0.492402,-0.721599,-0.486658
0.883514,0.363621,1.23877,-0.825794,0.159381,-0.540982,0.499419,0.652287,-0.570177,0.262001,-0.741026,-0.618253
0.883514,0.234819,1.18771,-0.825794,0.334796,-0.453846,0.499419,0.807962,-0.312695,0.262001,-0.484881,-0.834413
0.883514,0.131246,1.09568,-0.825794,0.469829,-0.311969,0.499419,0.866184,-0.0174984,0.262001,-0.170253,-0.949931
0.883514,0.0653962,0.973774,-0.825794,0.548195,-0.132463,0.499419,0.819931,0.279809,0.262001,0.16491,-0.950873
0.883514,0.0452115,0.836699,-0.825794,0.56044,0.0630188,0.499419,0.674783,0.543368,0.262001,0.480183,-0.837126
0.883514,0.0731267,0.700987,-0.825794,0.505087,0.2509,0.499419,0.448246,0.741388,0.262001,0.737538,-0.622409
0.883514,0.145775,0.583006,-0.825794,0.388814,0.408519,0.499419,0.167644,0.849986,0.262001,0.905936,-0.33262
0.883514,0.254393,0.496988,-0.825794,0.225644,0.516864,0.499419,-0.133179,0.856063,0.262001,0.965064,-0.00271277
0.883514,0.385881,0.453308,-0.825794,0.035258,0.562868,0.499419,-0.417938,0.758886,0.262001,0.907791,0.327522
0.883514,0.524379,0.457232,-0.825794,-0.159381,0.540982,0.499419,-0.652287,0.570177,0.262001,0.741026,0.618253
0.883514,0.653181,0.50829,-0.825794,-0.334796,0.453846,0.499419,-0.807962,0.312695,0.262001,0.484881,0.834413
0.883514,0.756754,0.600321,-0.825794,-0.469829,0.311969,0.499419,-0.866184,0.0174984,0.262001,0.170253,0.949931
0.883514,0.822604,0.722226,-0.825794,-0.548195,0.132463,0.499419,-0.819931,-0.279809,0.262001,-0.16491,0.950873
0.883514,0.842788,0.859301,-0.825794,-0.56044,-0.0630188,0.499419,-0.674783,-0.543368,0.262001,-0.480183,0.837126
0.883514,0.814873,0.995013,-0.825794,-0.505087,-0.2509,0.499419,-0.448246,-0.741388,0.262001,-0.737538,0.622409
0.883514,0.742225,1.11299,-0.825794,-0.388814,-0.408519,0.499419,-0.167644,-0.849986,0.262001,-0.905936,0.33262
0.883514,0.633607,1.19901,-0.825794,-0.225644,-0.516864,0.499419,0.133179,-0.856063,0.262001,-0.965064,0.00271277
0.883514,0.502119,1.24269,-0.825794,-0.035258,-0.562868,0.499419,0.417938,-0.758886,0.262001,-0.907791,-0.327522
0.883514,0.363621,1.23877,-0.825794,0.159381,-0.540982,0.499419,0.652287,-0.570177,0.262001,-0.741026,-0.618253
0.875863,0.394146,0.4549,0.985232,0.142038,-0.0956239,-0.00862081,0.598902,0.800776,0.17101,-0.788126,0.591281
0.875863,0.5316,0.461556,0.985232,0.166178,-0.0412772,-0.00862081,0.288902,0.95732,0.17101,-0.942826,0.286068
0.875863,0.658489,0.514823,0.985232,0.170273,0.0180482,-0.00862081,-0.0559438,0.998397,0.17101,-0.983808,-0.0536497
0.875863,0.759507,0.608275,0.985232,0.153832,0.0751967,-0.00862081,-0.394042,0.919052,0.17101,-0.906127,-0.386896
0.875863,0.82247,0.730642,0.985232,0.118836,0.123275,-0.00862081,-0.684612,0.728856,0.17101,-0.719155,-0.673477
0.875863,0.839785,0.867164,0.985232,0.0695065,0.156485,-0.00862081,-0.892609,0.45075,0.17101,-0.445442,-0.878827
0.875863,0.809361,1.00137,0.985232,0.0117937,0.170821,-0.00862081,-0.992943,0.118276,0.17101,-0.118002,-0.978177
0.875863,0.73487,1.11709,0.985232,-0.0473416,0.164553,-0.00862081,-0.973514,-0.228464,0.17101,0.223671,-0.959545
0.875863,0.625296,1.20034,0.985232,-0.100767,0.138437,-0.00862081,-0.836665,-0.547647,0.17101,0.538366,-0.825177
0.875863,0.493854,1.2411,0.985232,-0.142038,0.0956239,-0.00862081,-0.598902,-0.800776,0.17101,0.788126,-0.591281
0.875863,0.3564,1.23444,0.985232,-0.166178,0.0412772,-0.00862081,-0.288902,-0.95732,0.17101,0.942826,-0.286068
0.875863,0.229511,1.18118,0.985232,-0.170273,-0.0180482,-0.00862081,0.0559438,-0.998397,0.17101,0.983808,0.0536497
0.875863,0.128493,1.08772,0.985232,-0.153832,-0.0751967,-0.00862081,0.394042,-0.919052,0.17101,0.906127,0.386896
0.875863,0.0655295,0.965358,0.985232,-0.118836,-0.123275,-0.00862081,0.684612,-0.728856,0.17101,0.719155,0.673477
0.875863,0.0482154,0.828836,0.985232,-0.0695065,-0.156485,-0.00862081,0.892609,-0.45075,0.17101,0.445442,0.878827
0.875863,0.0786386,0.694625,0.985232,-0.0117937,-0.170821,-0.00862081,0.992943,-0.118276,0.17101,0.118002,0.978177
0.875863,0.15313,0.578914,0.985232,0.0473416,-0.164553,-0.00862081,0.973514,0.228464,0.17101,-0.223671,0.959545
0.875863,0.262704,0.495658,0.985232,0.100767,-0.138437,-0.00862081,0.836665,0.547647,0.17101,-0.538366,0.825177
0.875863,0.394146,0.4549,0.985232,0.142038,-0.0956239,-0.00862081,0.598902,0.800776,0.17101,-0.788126,0.591281
0.749059,0.404835,0.527305,0.900555,0.0934773,-0.424574,0.292759,0.591585,0.751212,0.321393,-0.800806,0.505388
0.749059,0.516881,0.53325,0.900555,0.233053,-0.366998,0.292759,0.298978,0.908242,0.321393,-0.925364,0.201018
0.749059,0.620136,0.577158,0.900555,0.344519,-0.265156,0.292759,-0.0296897,0.955725,0.321393,-0.93831,-0.127598
0.749059,0.702147,0.653734,0.900555,0.41443,-0.131333,0.292759,-0.354776,0.887934,0.321393,-0.838082,-0.440824
0.749059,0.753022,0.753741,0.900555,0.434356,0.0183307,0.292759,-0.637072,0.713044,0.321393,-0.636769,-0.70088
0.749059,0.766624,0.865118,0.900555,0.401892,0.165784,0.292759,-0.842527,0.452151,0.321393,-0.358652,-0.876399
0.749059,0.741313,0.974429,0.900555,0.320953,0.293241,0.292759,-0.946361,0.136721,0.321393,-0.0372763,-0.946212
0.749059,0.680141,1.06849,0.900555,0.201303,0.385329,0.292759,-0.93605,-0.195199,0.321393,0.288595,-0.901898
0.749059,0.590488,1.13596,0.900555,0.0573729,0.43094,0.292759,-0.812838,-0.503575,0.321393,0.579658,-0.748801
0.749059,0.483165,1.16869,0.900555,-0.0934773,0.424574,0.292759,-0.591585,-0.751212,0.321393,0.800806,-0.505388
0.749059,0.371119,1.16275,0.900555,-0.233053,0.366998,0.292759,-0.298978,-0.908242,0.321393,0.925364,-0.201018
0.749059,0.267864,1.11884,0.900555,-0.344519,0.265156,0.292759,0.0296897,-0.955725,0.321393,0.93831,0.127598
0.749059,0.185853,1.04227,0.900555,-0.41443,0.131333,0.292759,0.354776,-0.887934,0.321393,0.838082,0.440824
0.749059,0.134978,0.942259,0.900555,-0.434356,-0.0183307,0.292759,0.637072,-0.713044,0.321393,0.636769,0.70088
0.749059,0.121376,0.830882,0.900555,-0.401892,-0.165784,0.292759,0.842527,-0.452151,0.321393,0.358652,0.876399
0.749059,0.146687,0.721571,0.900555,-0.320953,-0.293241,0.292759,0.946361,-0.136721,0.321393,0.0372763,0.946212
0.749059,0.207859,0.627509,0.900555,-0.201303,-0.385329,0.292759,0.93605,0.195199,0.321393,-0.288595,0.901898
0.749059,0.297512,0.560041,0.900555,-0.0573729,-0.43094,0.292759,0.812838,0.503575,0.321393,-0.579658,0.748801
0.749059,0.404835,0.527305,0.900555,0.0934773,-0.424574,0.292759,0.591585,0.751212,0.321393,-0.800806,0.505388
0.654934,0.421212,0.638248,0.707258,0.0520745,-0.705035,0.558827,0.569656,0.602664,0.433011,-0.820232,0.373793
0.654934,0.494326,0.643104,0.707258,0.29007,-0.644706,0.558827,0.329178,0.761153,0.433011,-0.898611,0.0707144
0.654934,0.56137,0.672673,0.707258,0.493079,-0.506615,0.558827,0.0489962,0.827835,0.433011,-0.868604,-0.240893
0.654934,0.614257,0.723389,0.707258,0.636616,-0.30742,0.558827,-0.237095,0.794668,0.433011,-0.73383,-0.523446
0.654934,0.646608,0.789135,0.707258,0.703367,-0.0711447,0.558827,-0.494589,0.665653,0.433011,-0.510546,-0.742863
0.654934,0.654522,0.861982,0.707258,0.685281,0.173711,0.558827,-0.692428,0.45635,0.433011,-0.225682,-0.872679
0.654934,0.637044,0.933141,0.707258,0.584541,0.397615,0.558827,-0.806751,0.192004,0.433011,0.0864021,-0.897238
0.654934,0.596282,0.994032,0.707258,0.413296,0.573561,0.558827,-0.823767,-0.0955002,0.433011,0.388065,-0.813577
0.654934,0.537153,1.03731,0.707258,0.192202,0.680327,0.558827,-0.741425,-0.371486,0.433011,0.642921,-0.631786
0.654934,0.466788,1.05775,0.707258,-0.0520745,0.705035,0.558827,-0.569656,-0.602664,0.433011,0.820232,-0.373793
0.654934,0.393674,1.0529,0.707258,-0.29007,0.644706,0.558827,-0.329178,-0.761153,0.433011,0.898611,-0.0707144
0.654934,0.32663,1.02333,0.707258,-0.493079,0.506615,0.558827,-0.0489962,-0.827835,0.433011,0.868604,0.240893
0.654934,0.273743,0.972611,0.707258,-0.636616,0.30742,0.558827,0.237095,-0.794668,0.433011,0.73383,0.523446
0.654934,0.241392,0.906865,0.707258,-0.703367,0.0711447,0.558827,0.494589,-0.665653,0.433011,0.510546,0.742863
0.654934,0.233478,0.834018,0.707258,-0.685281,-0.173711,0.558827,0.692428,-0.45635,0.433011,0.225682,0.872679
0.654934,0.250956,0.762859,0.707258,-0.584541,-0.397615,0.558827,0.806751,-0.192004,0.433011,-0.0864021,0.897238
0.654934,0.291718,0.701968,0.707258,-0.413296,-0.573561,0.558827,0.823767,0.0955002,0.433011,-0.388065,0.813577
