0.658953,0.517593,1.12002,0.308961,0.794981,-0.522063,0.951075,-0.258255,0.169591,-3.49349e-06,-0.548918,-0.835877
0.907818,0.285586,1.3286,0.92986,-0.348265,-0.118629,-0.179072,-0.146745,-0.97283,0.321394,0.925839,-0.198817
0.907818,0.158773,1.26659,0.92986,-0.286689,-0.230588,-0.179072,0.194832,-0.964351,0.321394,0.938003,0.129828
0.907818,0.0608143,1.16496,0.92986,-0.190533,-0.314735,-0.179072,0.51291,-0.839557,0.321394,0.837031,0.442815
0.907818,0.00352544,1.03594,0.92986,-0.0713969,-0.360921,-0.179072,0.769123,-0.6135,0.321394,0.6351,0.702391
0.907818,-0.00618398,0.89512,0.92986,0.056351,-0.363574,-0.179072,0.932569,-0.313446,0.321394,0.356567,0.877249
0.907818,0.0328572,0.759467,0.92986,0.177302,-0.322374,-0.179072,0.983533,0.0244141,0.321394,0.0350266,0.946297
0.907818,0.11594,0.645347,0.92986,0.276868,-0.242292,-0.179072,0.915869,0.35933,0.321394,-0.290739,0.901208
0.907818,0.233043,0.566526,0.92986,0.34304,-0.132985,-0.179072,0.737737,0.650905,0.321394,-0.581436,0.747421
0.907818,0.370043,0.53251,0.92986,0.367835,-0.00763901,-0.179072,0.470623,0.863972,0.321394,-0.802004,0.503483
0.907818,0.510414,0.547403,0.92986,0.348265,0.118629,-0.179072,0.146745,0.97283,0.321394,-0.925839,0.198817
0.907818,0.637227,0.609406,0.92986,0.286689,0.230588,-0.179072,-0.194832,0.964351,0.321394,-0.938003,-0.129828
0.907818,0.735186,0.711044,0.92986,0.190533,0.314735,-0.179072,-0.51291,0.839557,0.321394,-0.837031,-0.442815
0.907818,0.792475,0.840055,0.92986,0.0713969,0.360921,-0.179072,-0.769123,0.6135,0.321394,-0.6351,-0.702391
0.907818,0.802184,0.98088,0.92986,-0.056351,0.363574,-0.179072,-0.932569,0.313446,0.321394,-0.356567,-0.877249
0.907818,0.763143,1.11653,0.92986,-0.177302,0.322374,-0.179072,-0.983533,-0.0244141,0.321394,-0.0350266,-0.946297
0.907818,0.68006,1.23065,0.92986,-0.276868,0.242292,-0.179072,-0.915869,-0.35933,0.321394,0.290739,-0.901208
0.907818,0.562957,1.30947,0.92986,-0.34304,0.132985,-0.179072,-0.737737,-0.650905,0.321394,0.581436,-0.747421
0.907818,0.425957,1.34349,0.92986,-0.367835,0.00763901,-0.179072,-0.470623,-0.863972,0.321394,0.802004,-0.503483
0.907818,0.285586,1.3286,0.92986,-0.348265,-0.118629,-0.179072,-0.146745,-0.97283,0.321394,0.925839,-0.198817
0.809114,0.333202,1.29733,0.796489,-0.602707,0.048463,-0.0275851,-0.116287,-0.992833,0.604023,0.789444,-0.109247
0.809114,0.214212,1.2535,0.796489,-0.582935,-0.160598,-0.0275851,0.230295,-0.97273,0.604023,0.779199,0.167347
0.809114,0.11739,1.17161,0.796489,-0.492852,-0.350288,-0.0275851,0.5491,-0.835302,0.604023,0.674972,0.423757
0.809114,0.0544138,1.06155,0.796489,-0.343324,-0.497728,-0.0275851,0.801675,-0.597124,0.604023,0.489332,0.629055
0.809114,0.032879,0.936583,0.796489,-0.152386,-0.585135,-0.0275851,0.957556,-0.286924,0.604023,0.244673,0.75848
0.809114,0.0553831,0.81179,0.796489,0.0569322,-0.601966,-0.0275851,0.997942,0.0578834,0.604023,-0.0294983,0.796421
0.809114,0.119212,0.702219,0.796489,0.259383,-0.546191,-0.0275851,0.917962,0.395709,0.604023,-0.300111,0.738302
0.809114,0.216667,0.621087,0.796489,0.430549,-0.424538,-0.0275851,0.727261,0.685806,0.604023,-0.534526,0.591133
0.809114,0.335993,0.57818,0.796489,0.549784,-0.251678,-0.0275851,0.448843,0.893185,0.604023,-0.70447,0.372664
0.809114,0.462798,0.578672,0.796489,0.602707,-0.048463,-0.0275851,0.116287,0.992833,0.604023,-0.789444,0.109247
0.809114,0.581788,0.622504,0.796489,0.582935,0.160598,-0.0275851,-0.230295,0.97273,0.604023,-0.779199,-0.167347
0.809114,0.67861,0.70439,0.796489,0.492852,0.350288,-0.0275851,-0.5491,0.835302,0.604023,-0.674972,-0.423757
0.809114,0.741586,0.814453,0.796489,0.343324,0.497728,-0.0275851,-0.801675,0.597124,0.604023,-0.489332,-0.629055
0.809114,0.763121,0.939417,0.796489,0.152386,0.585135,-0.0275851,-0.957556,0.286924,0.604023,-0.244673,-0.75848
0.809114,0.740617,1.06421,0.796489,-0.0569322,0.601966,-0.0275851,-0.997942,-0.0578834,0.604023,0.0294983,-0.796421
0.809114,0.676788,1.17378,0.796489,-0.259383,0.546191,-0.0275851,-0.917962,-0.395709,0.604023,0.300111,-0.738302
0.809114,0.579333,1.25491,0.796489,-0.430549,0.424538,-0.0275851,-0.727261,-0.685806,0.604023,0.534526,-0.591133
0.809114,0.460007,1.29782,0.796489,-0.549784,0.251678,-0.0275851,-0.448843,-0.893185,0.604023,0.70447,-0.372664
0.809114,0.333202,1.29733,0.796489,-0.602707,0.048463,-0.0275851,-0.116287,-0.992833,0.604023,0.789444,-0.109247
0.735846,0.406164,1.24941,0.567051,-0.803676,0.180439,0.127229,-0.130973,-0.983188,0.813797,0.580475,0.0279827
0.735846,0.299162,1.23343,0.567051,-0.816922,-0.105316,0.127229,0.213196,-0.96869,0.813797,0.535897,0.224829
0.735846,0.204082,1.1818,0.567051,-0.731635,-0.378369,0.127229,0.53165,-0.837354,0.813797,0.426683,0.394558
0.735846,0.13239,1.10078,0.567051,-0.558103,-0.605784,0.127229,0.785979,-0.60502,0.813797,0.266004,0.516697
0.735846,0.0927353,1.00012,0.567051,-0.317255,-0.760133,0.127229,0.945508,-0.299712,0.813797,0.0732408,0.576515
0.735846,0.0898998,0.891964,0.567051,-0.0381408,-0.822799,0.127229,0.990994,0.0417455,0.813797,-0.128356,0.566797
0.735846,0.124226,0.789364,0.567051,0.245573,-0.786223,0.127229,0.916952,0.378168,0.813797,-0.314471,0.488715
0.735846,0.191573,0.704691,0.567051,0.499668,-0.654817,0.127229,0.732312,0.668978,0.813797,-0.462656,0.351686
0.735846,0.283818,0.648159,0.567051,0.693495,-0.44443,0.127229,0.459345,0.879099,0.813797,-0.555039,0.172239
0.735846,0.389836,0.626587,0.567051,0.803676,-0.180439,0.127229,0.130973,0.983188,0.813797,-0.580475,-0.0279827
0.735846,0.496838,0.642575,0.567051,0.816922,0.105316,0.127229,-0.213196,0.96869,0.813797,-0.535897,-0.224829
0.735846,0.591918,0.694195,0.567051,0.731635,0.378369,0.127229,-0.53165,0.837354,0.813797,-0.426683,-0.394558
0.735846,0.66361,0.775223,0.567051,0.558103,0.605784,0.127229,-0.785979,0.60502,0.813797,-0.266004,-0.516697
0.735846,0.703265,0.875883,0.567051,0.317255,0.760133,0.127229,-0.945508,0.299712,0.813797,-0.0732408,-0.576515
0.735846,0.7061,0.984036,0.567051,0.0381408,0.822799,0.127229,-0.990994,-0.0417455,0.813797,0.128356,-0.566797
0.735846,0.671774,1.08664,0.567051,-0.245573,0.786223,0.127229,-0.916952,-0.378168,0.813797,0.314471,-0.488715
0.735846,0.604427,1.17131,0.567051,-0.499668,0.654817,0.127229,-0.732312,-0.668978,0.813797,0.462656,-0.351686
0.735846,0.512182,1.22784,0.567051,-0.693495,0.44443,0.127229,-0.459345,-0.879099,0.813797,0.555039,-0.172239
0.735846,0.406164,1.24941,0.567051,-0.803676,0.180439,0.127229,-0.130973,-0.983188,0.813797,0.580475,0.0279827
0.696852,0.495673,1.19063,0.269218,-0.926931,0.261381,0.266698,-0.189033,-0.94506,0.925416,0.324137,0.19632
0.696852,0.403377,1.2088,0.269218,-0.960428,-0.0714117,0.266698,0.145597,-0.952719,0.925416,0.237444,0.295341
0.696852,0.310432,1.19431,0.269218,-0.878083,-0.395591,0.266698,0.462665,-0.845466,0.925416,0.122111,0.358741
0.696852,0.22805,1.1489,0.269218,-0.689828,-0.672056,0.266698,0.72393,-0.636237,0.925416,-0.00794941,0.37887
0.696852,0.166166,1.07806,0.269218,-0.41837,-0.867461,0.266698,0.897877,-0.350269,0.925416,-0.137051,0.353303
0.696852,0.132244,0.99032,0.269218,-0.0964497,-0.958238,0.266698,0.963528,-0.0220532,0.925416,-0.249623,0.285122
0.696852,0.130377,0.896271,0.269218,0.237103,-0.933437,0.266698,0.912963,0.308823,0.925416,-0.332086,0.182551
0.696852,0.160789,0.807255,0.269218,0.542058,-0.796049,0.266698,0.752281,0.60245,0.925416,-0.374495,0.0579615
0.696852,0.219812,0.734009,0.269218,0.781633,-0.562647,0.266698,0.500863,0.823413,0.925416,-0.371734,-0.0736188
0.696852,0.300327,0.685367,0.269218,0.926931,-0.261381,0.266698,0.189033,0.94506,0.925416,-0.324137,-0.19632
0.696852,0.392623,0.667196,0.269218,0.960428,0.0714117,0.266698,-0.145597,0.952719,0.925416,-0.237444,-0.295341
0.696852,0.485568,0.681689,0.269218,0.878083,0.395591,0.266698,-0.462665,0.845466,0.925416,-0.122111,-0.358741
0.696852,0.56795,0.727096,0.269218,0.689828,0.672056,0.266698,-0.72393,0.636237,0.925416,0.00794941,-0.37887
0.696852,0.629834,0.797941,0.269218,0.41837,0.867461,0.266698,-0.897877,0.350269,0.925416,0.137051,-0.353303
0.696852,0.663756,0.88568,0.269218,0.0964497,0.958238,0.266698,-0.963528,0.0220532,0.925416,0.249623,-0.285122
0.696852,0.665623,0.979729,0.269218,-0.237103,0.933437,0.266698,-0.912963,-0.308823,0.925416,0.332086,-0.182551
0.696852,0.635211,1.06875,0.269218,-0.542058,0.796049,0.266698,-0.752281,-0.60245,0.925416,0.374495,-0.0579615
0.696852,0.576188,1.14199,0.269218,-0.781633,0.562647,0.266698,-0.500863,-0.823413,0.925416,0.371734,0.0736188
0.696852,0.495673,1.19063,0.269218,-0.926931,0.261381,0.266698,-0.189033,-0.94506,0.925416,0.324137,0.19632
0.696834,0.590932,1.12808,-0.061087,-0.957607,0.281525,0.373999,-0.283464,-0.883048,0.925415,0.0513474,0.37546
0.696834,0.514286,1.1826,-0.061087,-0.996144,-0.0629736,0.373999,0.0356514,-0.926744,0.925415,-0.0801641,0.370379
0.696834,0.423615,1.20762,-0.061087,-0.914531,-0.399877,0.373999,0.350466,-0.858661,0.925415,-0.202007,0.320624
0.696834,0.329854,1.20012,-0.061087,-0.722612,-0.68855,0.373999,0.62301,-0.687011,0.925415,-0.299484,0.232198
0.696834,0.244313,1.16101,-0.061087,-0.443535,-0.894173,0.373999,0.820409,-0.432497,0.925415,-0.360839,0.115765
0.696834,0.177308,1.09499,-0.061087,-0.110962,-0.991946,0.373999,0.918855,-0.125818,0.925415,-0.378672,-0.0146306
0.696834,0.136923,1.01005,-0.061087,0.234995,-0.970075,0.373999,0.906474,0.196037,0.925415,-0.350832,-0.143262
0.696834,0.128027,0.916407,-0.061087,0.552609,-0.831199,0.373999,0.784758,0.494247,0.925415,-0.280675,-0.254613
0.696834,0.151693,0.825372,-0.061087,0.803569,-0.592068,0.373999,0.568389,0.732843,0.925415,-0.176666,-0.335255
0.696834,0.205068,0.747923,-0.061087,0.957607,-0.281525,0.373999,0.283464,0.883048,0.925415,-0.0513474,-0.37546
0.696834,0.281714,0.693399,-0.061087,0.996144,0.0629736,0.373999,-0.0356514,0.926744,0.925415,0.0801641,-0.370379
0.696834,0.372385,0.668378,-0.061087,0.914531,0.399877,0.373999,-0.350466,0.858661,0.925415,0.202007,-0.320624
0.696834,0.466146,0.675878,-0.061087,0.722612,0.68855,0.373999,-0.62301,0.687011,0.925415,0.299484,-0.232198
0.696834,0.551687,0.714993,-0.061087,0.443535,0.894173,0.373999,-0.820409,0.432497,0.925415,0.360839,-0.115765
0.696834,0.618692,0.781006,-0.061087,0.110962,0.991946,0.373999,-0.918855,0.125818,0.925415,0.378672,0.0146306
0.696834,0.659077,0.865955,-0.061087,-0.234995,0.970075,0.373999,-0.906474,-0.196037,0.925415,0.350832,0.143262
0.696834,0.667973,0.959593,-0.061087,-0.552609,0.831199,0.373999,-0.784758,-0.494247,0.925415,0.280675,0.254613
0.696834,0.644307,1.05063,-0.061087,-0.803569,0.592068,0.373999,-0.568389,-0.732843,0.925415,0.176666,0.335255
0.696834,0.590932,1.12808,-0.061087,-0.957607,0.281525,0.373999,-0.283464,-0.883048,0.925415,0.0513474,0.37546
0.735794,0.680451,1.06929,-0.384024,-0.892004,0.238444,0.43619,-0.402875,-0.80463,0.813796,-0.204991,0.543797
0.735794,0.618513,1.15798,-0.384024,-0.919762,-0.0810195,0.43619,-0.103379,-0.893897,0.813796,-0.378618,0.440891
0.735794,0.529978,1.22013,-0.384024,-0.836583,-0.39071,0.43619,0.208586,-0.875346,0.813796,-0.506578,0.284807
0.735794,0.425525,1.24825,-0.384024,-0.6525,-0.653276,0.43619,0.495393,-0.751215,0.813796,-0.573437,0.0943713
0.735794,0.317752,1.23896,-0.384024,-0.389716,-0.837047,0.43619,0.722448,-0.536477,0.813796,-0.571131,-0.107447
0.735794,0.219657,1.19336,-0.384024,-0.0799263,-0.919857,0.43619,0.862365,-0.257032,0.813796,-0.499939,-0.296306
0.735794,0.143074,1.11696,-0.384024,0.239504,-0.89172,0.43619,0.898268,0.0534149,0.813796,-0.368446,-0.449425
0.735794,0.0972386,1.01898,-0.384024,0.530046,-0.756027,0.43619,0.825827,0.357419,0.813796,-0.192514,-0.548338
0.735794,0.0876793,0.911231,-0.384024,0.756657,-0.529147,0.43619,0.653779,0.618314,0.813796,0.00663868,-0.581113
0.735794,0.115549,0.80671,-0.384024,0.892004,-0.238444,0.43619,0.402875,0.80463,0.813796,0.204991,-0.543797
0.735794,0.177487,0.718024,-0.384024,0.919762,0.0810195,0.43619,0.103379,0.893897,0.813796,0.378618,-0.440891
0.735794,0.266022,0.65587,-0.384024,0.836583,0.39071,0.43619,-0.208586,0.875346,0.813796,0.506578,-0.284807
0.735794,0.370475,0.627745,-0.384024,0.6525,0.653276,0.43619,-0.495393,0.751215,0.813796,0.573437,-0.0943713
0.735794,0.478248,0.637042,-0.384024,0.389716,0.837047,0.43619,-0.722448,0.536477,0.813796,0.571131,0.107447
0.735794,0.576343,0.682639,-0.384024,0.0799263,0.919857,0.43619,-0.862365,0.257032,0.813796,0.499939,0.296306
0.735794,0.652926,0.759036,-0.384024,-0.239504,0.89172,0.43619,-0.898268,-0.0534149,0.813796,0.368446,0.449425
0.735794,0.698761,0.857018,-0.384024,-0.530046,0.756027,0.43619,-0.825827,-0.357419,0.813796,0.192514,0.548338
0.735794,0.708321,0.964769,-0.384024,-0.756657,0.529147,0.43619,-0.653779,-0.618314,0.813796,-0.00663868,0.581113
0.735794,0.680451,1.06929,-0.384024,-0.892004,0.238444,0.43619,-0.402875,-0.80463,0.813796,-0.204991,0.543797
0.809034,0.753433,1.02136,-0.660642,-0.738033,0.137331,0.44577,-0.532865,-0.719266,0.604021,-0.413959,0.681026
0.809034,0.703486,1.1379,-0.660642,-0.740494,-0.123373,0.44577,-0.254726,-0.85814,0.604021,-0.621919,0.498373
0.809034,0.616693,1.23033,-0.660642,-0.653641,-0.369197,0.44577,0.0541369,-0.893509,0.604021,-0.754866,0.255608
0.809034,0.503522,1.2875,-0.660642,-0.487949,-0.57049,0.44577,0.35647,-0.821108,0.604021,-0.796765,-0.017986
0.809034,0.377624,1.30251,-0.660642,-0.263403,-0.702973,0.44577,0.615808,-0.649669,0.604021,-0.742563,-0.289411
0.809034,0.254183,1.27356,-0.660642,-0.00708683,-0.750668,0.44577,0.80087,-0.399871,0.604021,-0.598796,-0.525929
0.809034,0.148089,1.20413,-0.660642,0.250084,-0.707821,0.44577,0.889335,-0.101842,0.604021,-0.382806,-0.699012
0.809034,0.0721381,1.10261,-0.660642,0.477091,-0.5796,0.44577,0.870534,0.208471,0.604021,-0.120644,-0.787784
0.809034,0.0354907,0.98123,-0.660642,0.646554,-0.381471,0.44577,0.746733,0.493638,0.604021,0.15607,-0.781537
0.809034,0.0425673,0.854637,-0.660642,0.738033,-0.137331,0.44577,0.532865,0.719266,0.604021,0.413959,-0.681026
0.809034,0.0925143,0.738099,-0.660642,0.740494,0.123373,0.44577,0.254726,0.85814,0.604021,0.621919,-0.498373
0.809034,0.179307,0.645673,-0.660642,0.653641,0.369197,0.44577,-0.0541369,0.893509,0.604021,0.754866,-0.255608
0.809034,0.292478,0.588505,-0.660642,0.487949,0.57049,0.44577,-0.35647,0.821108,0.604021,0.796765,0.017986
0.809034,0.418376,0.573491,-0.660642,0.263403,0.702973,0.44577,-0.615808,0.649669,0.604021,0.742563,0.289411
0.809034,0.541817,0.602443,-0.660642,0.00708683,0.750668,0.44577,-0.80087,0.399871,0.604021,0.598796,0.525929
0.809034,0.647911,0.671868,-0.660642,-0.250084,0.707821,0.44577,-0.889335,0.101842,0.604021,0.382806,0.699012
0.809034,0.723862,0.773392,-0.660642,-0.477091,0.5796,0.44577,-0.870534,-0.208471,0.604021,0.120644,0.787784
0.809034,0.760509,0.89477,-0.660642,-0.646554,0.381471,0.44577,-0.746733,-0.493638,0.604021,-0.15607,0.781537
0.809034,0.753433,1.02136,-0.660642,-0.738033,0.137331,0.44577,-0.532865,-0.719266,0.604021,-0.413959,0.681026
0.90772,0.801075,0.990076,-0.857576,-0.514267,-0.00961575,0.401584,-0.657755,-0.637251,0.321392,-0.550353,0.770596
0.90772,0.758956,1.1248,-0.857576,-0.479964,-0.184925,0.401584,-0.400134,-0.823786,0.321392,-0.780722,0.535891
0.90772,0.673299,1.23698,-0.857576,-0.38777,-0.33793,0.401584,-0.0942519,-0.910959,0.321392,-0.916925,0.23655
0.90772,0.554438,1.31311,-0.857576,-0.248806,-0.450176,0.401584,0.222999,-0.888258,0.321392,-0.942532,-0.091322
0.90772,0.416708,1.34399,-0.857576,-0.0798318,-0.508123,0.401584,0.513352,-0.758419,0.321392,-0.854457,-0.40818
0.90772,0.276722,1.32591,-0.857576,0.0987711,-0.504784,0.401584,0.741788,-0.537104,0.321392,-0.663321,-0.675805
0.90772,0.151363,1.26104,-0.857576,0.265461,-0.44056,0.401584,0.880753,-0.251006,0.321392,-0.392179,-0.861918
0.90772,0.0557526,1.1572,-0.857576,0.400132,-0.323198,0.401584,0.913487,0.0653665,0.321392,-0.0737344,-0.944071
0.90772,0.0014222,1.02692,-0.857576,0.486541,-0.166854,0.401584,0.83604,0.373855,0.321392,0.253604,-0.912355
0.90772,-0.00507509,0.885924,-0.857576,0.514267,0.00961575,0.401584,0.657755,0.637251,0.321392,0.550353,-0.770596
0.90772,0.0370444,0.751205,-0.857576,0.479964,0.184925,0.401584,0.400134,0.823786,0.321392,0.780722,-0.535891
0.90772,0.122701,0.639016,-0.857576,0.38777,0.33793,0.401584,0.0942519,0.910959,0.321392,0.916925,-0.23655
0.90772,0.241562,0.562889,-0.857576,0.248806,0.450176,0.401584,-0.222999,0.888258,0.321392,0.942532,0.091322
0.90772,0.379292,0.532006,-0.857576,0.0798318,0.508123,0.401584,-0.513352,0.758419,0.321392,0.854457,0.40818
0.90772,0.519278,0.550091,-0.857576,-0.0987711,0.504784,0.401584,-0.741788,0.537104,0.321392,0.663321,0.675805
0.90772,0.644637,0.614965,-0.857576,-0.265461,0.44056,0.401584,-0.880753,0.251006,0.321392,0.392179,0.861918
0.90772,0.740247,0.718801,-0.857576,-0.400132,0.323198,0.401584,-0.913487,-0.0653665,0.321392,0.0737344,0.944071
0.90772,0.794578,0.849076,-0.857576,-0.486541,0.166854,0.401584,-0.83604,-0.373855,0.321392,-0.253604,0.912355
0.90772,0.801075,0.990076,-0.857576,-0.514267,-0.00961575,0.401584,-0.657755,-0.637251,0.321392,-0.550353,0.770596
0.883612,0.159625,1.25794,0.961642,-0.245826,-0.121716,-0.0812368,0.168594,-0.982332,0.262003,0.95454,0.142157
0.883612,0.0645736,1.15712,0.961642,-0.189371,-0.198453,-0.0812368,0.494404,-0.865428,0.262003,0.848353,0.460056
0.883612,0.00973833,1.02987,0.961642,-0.110076,-0.251253,-0.0812368,0.760582,-0.64414,0.262003,0.639843,0.722465
0.883612,0.00173311,0.891533,0.961642,-0.0175037,-0.273749,-0.0812368,0.935022,-0.345159,0.262003,0.354158,0.897734
0.883612,0.0415235,0.758804,0.961642,0.0771796,-0.263227,-0.0812368,0.996684,-0.00454717,0.262003,0.0257564,0.964723
0.883612,0.12431,0.647689,0.961642,0.162554,-0.220955,-0.0812368,0.938132,0.336613,0.262003,-0.305752,0.915353
0.883612,0.240108,0.571589,0.961642,0.228322,-0.152033,-0.0812368,0.766427,0.637173,0.262003,-0.600382,0.755577
0.883612,0.37495,0.539684,0.961642,0.266551,-0.0647738,-0.0812368,0.50228,0.86088,0.262003,-0.822597,0.504667
0.883612,0.512572,0.555822,0.961642,0.27263,0.0302983,-0.0812368,0.177551,0.980753,0.262003,-0.945594,0.192888
0.883612,0.636375,0.618056,0.961642,0.245826,0.121716,-0.0812368,-0.168594,0.982332,0.262003,-0.95454,-0.142157
0.883612,0.731426,0.71888,0.961642,0.189371,0.198453,-0.0812368,-0.494404,0.865428,0.262003,-0.848353,-0.460056
0.883612,0.786262,0.846133,0.961642,0.110076,0.251253,-0.0812368,-0.760582,0.64414,0.262003,-0.639843,-0.722465
0.883612,0.794267,0.984467,0.961642,0.0175037,0.273749,-0.0812368,-0.935022,0.345159,0.262003,-0.354158,-0.897734
0.883612,0.754476,1.1172,0.961642,-0.0771796,0.263227,-0.0812368,-0.996684,0.00454717,0.262003,-0.0257564,-0.964723
0.883612,0.67169,1.22831,0.961642,-0.162554,0.220955,-0.0812368,-0.938132,-0.336613,0.262003,0.305752,-0.915353
0.883612,0.555892,1.30441,0.961642,-0.228322,0.152033,-0.0812368,-0.766427,-0.637173,0.262003,0.600382,-0.755577
0.883612,0.42105,1.33632,0.961642,-0.266551,0.0647738,-0.0812368,-0.50228,-0.86088,0.262003,0.822597,-0.504667
0.883612,0.283428,1.32018,0.961642,-0.27263,-0.0302983,-0.0812368,-0.177551,-0.980753,0.262003,0.945594,-0.192888
0.883612,0.159625,1.25794,0.961642,-0.245826,-0.121716,-0.0812368,0.168594,-0.982332,0.262003,0.95454,0.142157
0.763622,0.217514,1.21993,0.856221,-0.513756,0.0542334,0.156285,0.157533,-0.975068,0.492403,0.84335,0.215176
0.763622,0.131973,1.1412,0.856221,-0.501321,-0.124752,0.156285,0.481526,-0.862385,0.492403,0.718895,0.490641
0.763622,0.0785195,1.03796,0.856221,-0.42842,-0.288691,0.156285,0.747439,-0.645685,0.492403,0.507731,0.706929
0.763622,0.0635998,0.922659,0.856221,-0.303845,-0.417809,0.156285,0.9232,-0.351106,0.492403,0.235327,0.83795
0.763622,0.0890137,0.809212,0.856221,-0.142622,-0.496533,0.156285,0.98761,-0.014179,0.492403,-0.0654605,0.867902
0.763622,0.151696,0.711299,0.856221,0.0358032,-0.515368,0.156285,0.932899,0.324459,0.492403,-0.358353,0.793172
0.763622,0.244086,0.64073,0.856221,0.20991,-0.472042,0.156285,0.765667,0.623962,0.492403,-0.608022,0.622774
0.763622,0.35504,0.606016,0.856221,0.358699,-0.371781,0.156285,0.506084,0.848206,0.492403,-0.784355,0.377261
0.763622,0.471176,0.611344,0.856221,0.464223,-0.226678,0.156285,0.18546,0.970144,0.492403,-0.866084,0.0862436
0.763622,0.578486,0.656072,0.856221,0.513756,-0.0542334,0.156285,-0.157533,0.975068,0.492403,-0.84335,-0.215176
0.763622,0.664027,0.734804,0.856221,0.501321,0.124752,0.156285,-0.481526,0.862385,0.492403,-0.718895,-0.490641
0.763622,0.71748,0.838045,0.856221,0.42842,0.288691,0.156285,-0.747439,0.645685,0.492403,-0.507731,-0.706929
0.763622,0.7324,0.953341,0.856221,0.303845,0.417809,0.156285,-0.9232,0.351106,0.492403,-0.235327,-0.83795
0.763622,0.706986,1.06679,0.856221,0.142622,0.496533,0.156285,-0.98761,0.014179,0.492403,0.0654605,-0.867902
0.763622,0.644304,1.1647,0.856221,-0.0358032,0.515368,0.156285,-0.932899,-0.324459,0.492403,0.358353,-0.793172
0.763622,0.551914,1.23527,0.856221,-0.20991,0.472042,0.156285,-0.765667,-0.623962,0.492403,0.608022,-0.622774
0.763622,0.44096,1.26998,0.856221,-0.358699,0.371781,0.156285,-0.506084,-0.848206,0.492403,0.784355,-0.377261
0.763622,0.324824,1.26466,0.856221,-0.464223,0.226678,0.156285,-0.18546,-0.970144,0.492403,0.866084,-0.0862436
0.763622,0.217514,1.21993,0.856221,-0.513756,0.0542334,0.156285,0.157533,-0.975068,0.492403,0.84335,0.215176
0.674556,0.306215,1.16168,0.647527,-0.735389,0.19978,0.374957,0.0792346,-0.92365,0.663413,0.672997,0.327046
0.674556,0.235248,1.1168,0.647527,-0.759369,-0.0637863,0.374957,0.390363,-0.840847,0.663413,0.520554,0.537501
0.674556,0.183911,1.05035,0.647527,-0.691757,-0.319659,0.374957,0.654408,-0.656626,0.663413,0.305324,0.683126
0.674556,0.158396,0.970351,0.647527,-0.540709,-0.536976,0.374957,0.839521,-0.393206,0.663413,0.0532682,0.746355
0.674556,0.161781,0.886451,0.647527,-0.324444,-0.689526,0.374957,0.923376,-0.0823593,0.663413,-0.205213,0.719563
0.674556,0.193658,0.808768,0.647527,-0.0690457,-0.758908,0.374957,0.895859,0.238421,0.663413,-0.438942,0.605981
0.674556,0.250181,0.746672,0.647527,0.19468,-0.736756,0.374957,0.760287,0.530444,0.663413,-0.619729,0.419309
0.674556,0.324534,0.707654,0.647527,0.434925,-0.625739,0.374957,0.533013,0.758488,0.663413,-0.725767,0.182062
0.674556,0.407747,0.696419,0.647527,0.622711,-0.43925,0.374957,0.241451,0.895047,0.663413,-0.744266,-0.0771443
0.674556,0.489785,0.714321,0.647527,0.735389,-0.19978,0.374957,-0.0792346,0.92365,0.663413,-0.672997,-0.327046
0.674556,0.560752,0.759203,0.647527,0.759369,0.0637863,0.374957,-0.390363,0.840847,0.663413,-0.520554,-0.537501
0.674556,0.612089,0.825651,0.647527,0.691757,0.319659,0.374957,-0.654408,0.656626,0.663413,-0.305324,-0.683126
0.674556,0.637604,0.905649,0.647527,0.540709,0.536976,0.374957,-0.839521,0.393206,0.663413,-0.0532682,-0.746355
0.674556,0.634219,0.989549,0.647527,0.324444,0.689526,0.374957,-0.923376,0.0823593,0.663413,0.205213,-0.719563
0.674556,0.602342,1.06723,0.647527,0.0690457,0.758908,0.374957,-0.895859,-0.238421,0.663413,0.438942,-0.605981
0.674556,0.545819,1.12933,0.647527,-0.19468,0.736756,0.374957,-0.760287,-0.530444,0.663413,0.619729,-0.419309
0.674556,0.471466,1.16835,0.647527,-0.434925,0.625739,0.374957,-0.533013,-0.758488,0.663413,0.725767,-0.182062
0.674556,0.388253,1.17958,0.647527,-0.622711,0.43925,0.374957,-0.241451,-0.895047,0.663413,0.744266,0.0771443
0.674556,0.306215,1.16168,0.647527,-0.735389,0.19978,0.374957,0.0792346,-0.92365,0.663413,0.672997,0.327046
0.627155,0.415029,1.09022,0.360731,-0.883994,0.297368,0.548404,-0.0568573,-0.834278,0.754404,0.464028,0.464275
0.627155,0.36194,1.08686,0.360731,-0.932388,-0.0229089,0.548404,0.231912,-0.803412,0.754404,0.277252,0.594983
0.627155,0.3132,1.06555,0.360731,-0.868323,-0.340423,0.548404,0.492709,-0.675642,0.754404,0.0570358,0.653927
0.627155,0.274688,1.02886,0.360731,-0.699525,-0.616877,0.548404,0.694078,-0.466379,0.754404,-0.17006,0.633998
0.627155,0.25105,0.981203,0.360731,-0.446354,-0.818926,0.548404,0.811731,-0.200864,0.754404,-0.376644,0.537599
0.627155,0.245135,0.928338,0.360731,-0.139347,-0.922201,0.548404,0.831477,0.0888774,0.754404,-0.5378,0.376358
0.627155,0.257659,0.876638,0.360731,0.184468,-0.914245,0.548404,0.750935,0.367899,0.754404,-0.634088,0.169723
0.627155,0.28711,0.832339,0.360731,0.486034,-0.796018,0.548404,0.579819,0.602547,0.754404,-0.653897,-0.0573839
0.627155,0.329935,0.800784,0.360731,0.728976,-0.581778,0.548404,0.338768,0.764519,0.754404,-0.594835,-0.277569
0.627155,0.380971,0.78578,0.360731,0.883994,-0.297368,0.548404,0.0568573,0.834278,0.754404,-0.464028,-0.464275
0.627155,0.43406,0.789135,0.360731,0.932388,0.0229089,0.548404,-0.231912,0.803412,0.754404,-0.277252,-0.594983
0.627155,0.4828,0.810446,0.360731,0.868323,0.340423,0.548404,-0.492709,0.675642,0.754404,-0.0570358,-0.653927
0.627155,0.521312,0.847142,0.360731,0.699525,0.616877,0.548404,-0.694078,0.466379,0.754404,0.17006,-0.633998
0.627155,0.54495,0.894797,0.360731,0.446354,0.818926,0.548404,-0.811731,0.200864,0.754404,0.376644,-0.537599
0.627155,0.550865,0.947662,0.360731,0.139347,0.922201,0.548404,-0.831477,-0.0888774,0.754404,0.5378,-0.376358
0.627155,0.538341,0.999362,0.360731,-0.184468,0.914245,0.548404,-0.750935,-0.367899,0.754404,0.634088,-0.169723
0.627155,0.50889,1.04366,0.360731,-0.486034,0.796018,0.548404,-0.579819,-0.602547,0.754404,0.653897,0.0573839
0.627155,0.466065,1.07522,0.360731,-0.728976,0.581778,0.548404,-0.338768,-0.764519,0.754404,0.594835,0.277569
0.627155,0.415029,1.09022,0.360731,-0.883994,0.297368,0.548404,-0.0568573,-0.834278,0.754404,0.464028,0.464275
0.627137,0.530833,1.01417,0.0304265,-0.941646,0.335228,0.655705,-0.234328,-0.717734,0.754404,0.241649,0.610312
0.627137,0.49677,1.05501,0.0304265,-0.999512,-0.00705038,0.655705,0.0252833,-0.754594,0.754404,0.0183367,0.656154
0.627137,0.450793,1.08173,0.0304265,-0.936823,-0.348478,0.655705,0.281845,-0.700439,0.754404,-0.207187,0.622855
0.627137,0.39845,1.09112,0.0304265,-0.761139,-0.647875,0.655705,0.504412,-0.561801,0.754404,-0.407721,0.51443
0.627137,0.346051,1.08204,0.0304265,-0.49365,-0.869128,0.655705,0.666139,-0.355401,0.754404,-0.559078,0.343957
0.627137,0.299919,1.05559,0.0304265,-0.16662,-0.985552,0.655705,0.74752,-0.106135,0.754404,-0.643002,0.131998
0.627137,0.265617,1.01495,0.0304265,0.180507,-0.983103,0.655705,0.73874,0.155933,0.754404,-0.64937,-0.0958818
0.627137,0.247282,0.965032,0.0304265,0.505862,-0.862078,0.655705,0.640856,0.399193,0.754404,-0.577414,-0.312197
0.627137,0.247125,0.911853,0.0304265,0.770203,-0.637073,0.655705,0.465676,0.594304,0.754404,-0.435814,-0.490857
0.627137,0.265167,0.861828,0.0304265,0.941646,-0.335228,0.655705,0.234328,0.717734,0.754404,-0.241649,-0.610312
0.627137,0.29923,0.82099,0.0304265,0.999512,0.00705038,0.655705,-0.0252833,0.754594,0.754404,-0.0183367,-0.656154
0.627137,0.345207,0.794265,0.0304265,0.936823,0.348478,0.655705,-0.281845,0.700439,0.754404,0.207187,-0.622855
0.627137,0.39755,0.784877,0.0304265,0.761139,0.647875,0.655705,-0.504412,0.561801,0.754404,0.407721,-0.51443
0.627137,0.449949,0.793958,0.0304265,0.49365,0.869128,0.655705,-0.666139,0.355401,0.754404,0.559078,-0.343957
0.627137,0.496081,0.820412,0.0304265,0.16662,0.985552,0.655705,-0.74752,0.106135,0.754404,0.643002,-0.131998
0.627137,0.530383,0.861049,0.0304265,-0.180507,0.983103,0.655705,-0.73874,-0.155933,0.754404,0.64937,0.0958818
0.627137,0.548718,0.910968,0.0304265,-0.505862,0.862078,0.655705,-0.640856,-0.399193,0.754404,0.577414,0.312197
0.627137,0.548875,0.964147,0.0304265,-0.770203,0.637073,0.655705,-0.465676,-0.594304,0.754404,0.435814,0.490857
0.627137,0.530833,1.01417,0.0304265,-0.941646,0.335228,0.655705,-0.234328,-0.717734,0.754404,0.241649,0.610312
0.674504,0.639658,0.942707,-0.303548,-0.901391,0.308793,0.683918,-0.431771,-0.588073,0.663411,0.0326806,0.747541
0.674504,0.623474,1.02507,-0.303548,-0.952644,-0.0181234,0.683918,-0.2046,-0.700282,0.663411,-0.224964,0.713636
0.674504,0.580095,1.09694,-0.303548,-0.888994,-0.342854,0.683918,0.0472499,-0.728027,0.663411,-0.455475,0.593656
0.674504,0.514753,1.14964,-0.303548,-0.718118,-0.626231,0.683918,0.2934,-0.667961,0.663411,-0.631049,0.402073
0.674504,0.435328,1.1768,-0.303548,-0.460627,-0.834075,0.683918,0.504162,-0.52733,0.663411,-0.730509,0.161993
0.674504,0.351401,1.17517,-0.303548,-0.147577,-0.941318,0.683918,0.654115,-0.323094,0.663411,-0.741859,-0.097625
0.674504,0.273095,1.14493,-0.303548,0.183273,-0.935024,0.683918,0.725172,-0.0798885,0.663411,-0.66373,-0.345468
0.674504,0.209854,1.08973,-0.303548,0.492017,-0.815952,0.683918,0.708762,0.172953,0.663411,-0.505545,-0.551643
0.674504,0.169306,1.01623,-0.303548,0.741417,-0.598464,0.683918,0.606865,0.404933,0.663411,-0.286384,-0.691281
0.674504,0.156342,0.933293,-0.303548,0.901391,-0.308793,0.683918,0.431771,0.588073,0.663411,-0.0326806,-0.747541
0.674504,0.172526,0.850925,-0.303548,0.952644,0.0181234,0.683918,0.2046,0.700282,0.663411,0.224964,-0.713636
0.674504,0.215905,0.77906,-0.303548,0.888994,0.342854,0.683918,-0.0472499,0.728027,0.663411,0.455475,-0.593656
0.674504,0.281247,0.726365,-0.303548,0.718118,0.626231,0.683918,-0.2934,0.667961,0.663411,0.631049,-0.402073
0.674504,0.360672,0.699196,-0.303548,0.460627,0.834075,0.683918,-0.504162,0.52733,0.663411,0.730509,-0.161993
0.674504,0.444599,0.700831,-0.303548,0.147577,0.941318,0.683918,-0.654115,0.323094,0.663411,0.741859,0.097625
0.674504,0.522905,0.731072,-0.303548,-0.183273,0.935024,0.683918,-0.725172,0.0798885,0.663411,0.66373,0.345468
0.674504,0.586146,0.786271,-0.303548,-0.492017,0.815952,0.683918,-0.708762,-0.172953,0.663411,0.505545,0.551643
0.674504,0.626694,0.859771,-0.303548,-0.741417,0.598464,0.683918,-0.606865,-0.404933,0.663411,0.286384,0.691281
0.674504,0.639658,0.942707,-0.303548,-0.901391,0.308793,0.683918,-0.431771,-0.588073,0.663411,0.0326806,0.747541
0.763543,0.728378,0.884444,-0.60091,-0.768085,0.221251,0.629641,-0.625373,-0.460935,0.492402,-0.137672,0.859411
0.763543,0.726771,1.00067,-0.60091,-0.797436,-0.0547925,0.629641,-0.43001,-0.647027,0.492402,-0.423305,0.760496
0.763543,0.685509,1.10934,-0.60091,-0.730605,-0.324227,0.629641,-0.182781,-0.755079,0.492402,-0.657881,0.569853
0.763543,0.60957,1.19734,-0.60091,-0.575652,-0.554556,0.629641,0.0864944,-0.772057,0.492402,-0.813108,0.310478
0.763543,0.508112,1.25406,-0.60091,-0.351266,-0.717996,0.629641,0.345337,-0.695913,0.492402,-0.870261,0.0136549
0.763543,0.393372,1.27266,-0.60091,-0.0845133,-0.794836,0.629641,0.562527,-0.535832,0.492402,-0.822448,-0.284815
0.763543,0.279191,1.25089,-0.60091,0.192433,-0.775807,0.629641,0.711868,-0.311122,0.492402,-0.675436,-0.548933
0.763543,0.17934,1.19139,-0.60091,0.44617,-0.663204,0.629641,0.775347,-0.0488859,0.492402,-0.446956,-0.746841
0.763543,0.105863,1.10132,-0.60091,0.646091,-0.470609,0.629641,0.745308,0.219247,0.492402,-0.164567,-0.854669
0.763543,0.0676217,0.991556,-0.60091,0.768085,-0.221251,0.629641,0.625373,0.460935,0.492402,0.137672,-0.859411
0.763543,0.0692289,0.87533,-0.60091,0.797436,0.0547925,0.629641,0.43001,0.647027,0.492402,0.423305,-0.760496
0.763543,0.110491,0.766663,-0.60091,0.730605,0.324227,0.629641,0.182781,0.755079,0.492402,0.657881,-0.569853
0.763543,0.18643,0.678662,-0.60091,0.575652,0.554556,0.629641,-0.0864944,0.772057,0.492402,0.813108,-0.310478
0.763543,0.287888,0.621941,-0.60091,0.351266,0.717996,0.629641,-0.345337,0.695913,0.492402,0.870261,-0.0136549
0.763543,0.402628,0.603341,-0.60091,0.0845133,0.794836,0.629641,-0.562527,0.535832,0.492402,0.822448,0.284815
0.763543,0.516809,0.625106,-0.60091,-0.192433,0.775807,0.629641,-0.711868,0.311122,0.492402,0.675436,0.548933
0.763543,0.61666,0.684611,-0.60091,-0.44617,0.663204,0.629641,-0.775347,0.0488859,0.492402,0.446956,0.746841
0.763543,0.690137,0.774678,-0.60091,-0.646091,0.470609,0.629641,-0.745308,-0.219247,0.492402,0.164567,0.854669
0.763543,0.728378,0.884444,-0.60091,-0.768085,0.221251,0.629641,-0.625373,-0.460935,0.492402,-0.137672,0.859411
0.883514,0.786293,0.846412,-0.825794,-0.557807,0.0831616,0.499419,-0.791783,-0.351654,0.262001,-0.248861,0.932429
0.883514,0.794201,0.984739,-0.825794,-0.55261,-0.112635,0.499419,-0.62376,-0.601252,0.262001,-0.552763,0.791081
0.883514,0.754322,1.11743,-0.825794,-0.48076,-0.294846,0.499419,-0.380502,-0.778331,0.262001,-0.789993,0.554317
0.883514,0.671464,1.22848,-0.825794,-0.350923,-0.441494,0.499419,-0.0913501,-0.861531,0.262001,-0.931938,0.250694
0.883514,0.555623,1.30449,-0.825794,-0.17876,-0.534891,0.499419,0.20882,-0.840818,0.262001,-0.961478,-0.0831659
0.883514,0.42077,1.3363,-0.825794,0.0149639,-0.563773,0.499419,0.483803,-0.71869,0.262001,-0.875049,-0.406995
0.883514,0.283171,1.32007,-0.825794,0.206883,-0.524655,0.499419,0.700433,-0.509877,0.262001,-0.683076,-0.681735
0.883514,0.159422,1.25775,-0.825794,0.373849,-0.422257,0.499419,0.83258,-0.239566,0.262001,-0.408715,-0.874247
0.883514,0.0644488,1.15687,-0.825794,0.495724,-0.268927,0.499419,0.864305,0.059641,0.262001,-0.0850564,-0.961312
0.883514,0.00970688,1.02959,-0.825794,0.557807,-0.0831616,0.499419,0.791783,0.351654,0.262001,0.248861,-0.932429
0.883514,0.0017988,0.891261,-0.825794,0.55261,0.112635,0.499419,0.62376,0.601252,0.262001,0.552763,-0.791081
0.883514,0.0416784,0.758571,-0.825794,0.48076,0.294846,0.499419,0.380502,0.778331,0.262001,0.789993,-0.554317
0.883514,0.124536,0.647522,-0.825794,0.350923,0.441494,0.499419,0.0913501,0.861531,0.262001,0.931938,-0.250694
0.883514,0.240377,0.57151,-0.825794,0.17876,0.534891,0.499419,-0.20882,0.840818,0.262001,0.961478,0.0831659
0.883514,0.37523,0.539702,-0.825794,-0.0149639,0.563773,0.499419,-0.483803,0.71869,0.262001,0.875049,0.406995
0.883514,0.512829,0.555934,-0.825794,-0.206883,0.524655,0.499419,-0.700433,0.509877,0.262001,0.683076,0.681735
0.883514,0.636578,0.618249,-0.825794,-0.373849,0.422257,0.499419,-0.83258,0.239566,0.262001,0.408715,0.874247
0.883514,0.731551,0.719131,-0.825794,-0.495724,0.268927,0.499419,-0.864305,-0.059641,0.262001,0.0850564,0.961312
0.883514,0.786293,0.846412,-0.825794,-0.557807,0.0831616,0.499419,-0.791783,-0.351654,0.262001,-0.248861,0.932429
0.875863,0.0624144,1.1487,0.985232,-0.146531,-0.0885858,-0.00862081,0.474253,-0.880346,0.17101,0.868109,0.465986
0.875863,0.0105886,1.02122,0.985232,-0.107396,-0.13336,-0.00862081,0.746748,-0.665051,0.17101,0.656379,0.734794
0.875863,0.00549031,0.883696,0.985232,-0.0553074,-0.162049,-0.00862081,0.929175,-0.369541,0.17101,0.36548,0.914975
0.875863,0.0477345,0.752725,0.985232,0.00345209,-0.171192,-0.00862081,0.999529,-0.0294582,0.17101,0.030499,0.984797
0.875863,0.132226,0.644101,0.985232,0.0617952,-0.159688,-0.00862081,0.949325,0.314177,0.17101,-0.308161,0.935838
0.875863,0.248774,0.570925,0.985232,0.112685,-0.128922,-0.00862081,0.784619,0.619918,0.17101,-0.609652,0.774003
0.875863,0.38332,0.542024,0.985232,0.149983,-0.0826066,-0.00862081,0.525276,0.850888,0.17101,-0.83761,0.518811
0.875863,0.519637,0.560883,0.985232,0.169191,-0.0263276,-0.00862081,0.202577,0.979228,0.17101,-0.96454,0.201044
0.875863,0.641283,0.625229,0.985232,0.167992,0.0331269,-0.00862081,-0.144556,0.989459,0.17101,-0.975132,-0.140973
0.875863,0.733586,0.727299,0.985232,0.146531,0.0885858,-0.00862081,-0.474253,0.880346,0.17101,-0.868109,-0.465986
0.875863,0.785411,0.854783,0.985232,0.107396,0.13336,-0.00862081,-0.746748,0.665051,0.17101,-0.656379,-0.734794
0.875863,0.79051,0.992304,0.985232,0.0553074,0.162049,-0.00862081,-0.929175,0.369541,0.17101,-0.36548,-0.914975
0.875863,0.748265,1.12328,0.985232,-0.00345209,0.171192,-0.00862081,-0.999529,0.0294582,0.17101,-0.030499,-0.984797
0.875863,0.663774,1.2319,0.985232,-0.0617952,0.159688,-0.00862081,-0.949325,-0.314177,0.17101,0.308161,-0.935838
0.875863,0.547226,1.30508,0.985232,-0.112685,0.128922,-0.00862081,-0.784619,-0.619918,0.17101,0.609652,-0.774003
0.875863,0.41268,1.33398,0.985232,-0.149983,0.0826066,-0.00862081,-0.525276,-0.850888,0.17101,0.83761,-0.518811
0.875863,0.276363,1.31512,0.985232,-0.169191,0.0263276,-0.00862081,-0.202577,-0.979228,0.17101,0.96454,-0.201044
0.875863,0.154717,1.25077,0.985232,-0.167992,-0.0331269,-0.00862081,0.144556,-0.989459,0.17101,0.975132,0.140973
0.875863,0.0624144,1.1487,0.985232,-0.146531,-0.0885858,-0.00862081,0.474253,-0.880346,0.17101,0.868109,0.465986
0.749059,0.123592,1.10853,0.900555,-0.424472,0.0939378,0.292759,0.432374,-0.852845,0.321393,0.795535,0.513645
0.749059,0.0818172,1.00439,0.900555,-0.431002,-0.0569054,0.292759,0.697989,-0.653531,0.321393,0.571881,0.754757
0.749059,0.078179,0.892244,0.900555,-0.385547,-0.200885,0.292759,0.879416,-0.375392,0.321393,0.27925,0.904835
0.749059,0.113116,0.785619,0.900555,-0.293589,-0.320635,0.292759,0.954773,-0.0519752,0.321393,-0.0470621,0.945776
0.749059,0.182414,0.697372,0.900555,-0.16622,-0.401711,0.292759,0.914969,0.277711,0.321393,-0.367698,0.872642
0.749059,0.277715,0.638149,0.900555,-0.0188019,-0.434336,0.292759,0.764807,0.573901,0.321393,-0.643985,0.694255
0.749059,0.387524,0.615092,0.900555,0.130884,-0.414573,0.292759,0.522398,0.80087,0.321393,-0.842597,0.432131
0.749059,0.498597,0.630983,0.900555,0.264783,-0.344806,0.292759,0.21698,0.931242,0.321393,-0.93958,0.117885
0.749059,0.597536,0.683905,0.900555,0.366745,-0.233451,0.292759,-0.114609,0.949293,0.321393,-0.923235,-0.210579
0.749059,0.672408,0.767474,0.900555,0.424472,-0.0939378,0.292759,-0.432374,0.852845,0.321393,-0.795535,-0.513645
0.749059,0.714183,0.871611,0.900555,0.431002,0.0569054,0.292759,-0.697989,0.653531,0.321393,-0.571881,-0.754757
0.749059,0.717821,0.983756,0.900555,0.385547,0.200885,0.292759,-0.879416,0.375392,0.321393,-0.27925,-0.904835
0.749059,0.682884,1.09038,0.900555,0.293589,0.320635,0.292759,-0.954773,0.0519752,0.321393,0.0470621,-0.945776
0.749059,0.613586,1.17863,0.900555,0.16622,0.401711,0.292759,-0.914969,-0.277711,0.321393,0.367698,-0.872642
0.749059,0.518285,1.23785,0.900555,0.0188019,0.434336,0.292759,-0.764807,-0.573901,0.321393,0.643985,-0.694255
0.749059,0.408476,1.26091,0.900555,-0.130884,0.414573,0.292759,-0.522398,-0.80087,0.321393,0.842597,-0.432131
0.749059,0.297403,1.24502,0.900555,-0.264783,0.344806,0.292759,-0.21698,-0.931242,0.321393,0.93958,-0.117885
0.749059,0.198464,1.1921,0.900555,-0.366745,0.233451,0.292759,0.114609,-0.949293,0.321393,0.923235,0.210579
0.749059,0.123592,1.10853,0.900555,-0.424472,0.0939378,0.292759,0.432374,-0.852845,0.321393,0.795535,0.513645
0.654934,0.217331,1.04697,0.707258,-0.661444,0.249557,0.558827,0.306861,-0.770421,0.433011,0.684345,0.586663
0.654934,0.190958,0.978604,0.707258,-0.706907,0.00827945,0.558827,0.551855,-0.619006,0.433011,0.442424,0.785343
0.654934,0.189557,0.905342,0.707258,-0.667107,-0.233996,0.558827,0.730286,-0.39293,0.433011,0.147139,0.889299
0.654934,0.213297,0.83602,0.707258,-0.546844,-0.448049,0.558827,0.820635,-0.119461,0.433011,-0.165892,0.885992
0.654934,0.259315,0.778998,0.707258,-0.360624,-0.60806,0.558827,0.812002,0.168417,0.433011,-0.458915,0.775821
0.654934,0.322061,0.741154,0.707258,-0.130907,-0.69473,0.558827,0.70543,0.435982,0.433011,-0.696586,0.572076
0.654934,0.393966,0.727052,0.707258,0.114599,-0.697605,0.558827,0.513773,0.65096,0.433011,-0.850238,0.299329
0.654934,0.466357,0.738394,0.707258,0.346283,-0.616339,0.558827,0.260147,0.787423,0.433011,-0.901339,-0.00952128
0.654934,0.530504,0.773812,0.707258,0.5362,-0.460734,0.558827,-0.0248559,0.828911,0.433011,-0.843725,-0.317223
0.654934,0.578669,0.829032,0.707258,0.661444,-0.249557,0.558827,-0.306861,0.770421,0.433011,-0.684345,-0.586663
0.654934,0.605042,0.897396,0.707258,0.706907,-0.00827945,0.558827,-0.551855,0.619006,0.433011,-0.442424,-0.785343
0.654934,0.606443,0.970658,0.707258,0.667107,0.233996,0.558827,-0.730286,0.39293,0.433011,-0.147139,-0.889299
0.654934,0.582703,1.03998,0.707258,0.546844,0.448049,0.558827,-0.820635,0.119461,0.433011,0.165892,-0.885992
0.654934,0.536685,1.097,0.707258,0.360624,0.60806,0.558827,-0.812002,-0.168417,0.433011,0.458915,-0.775821
0.654934,0.473939,1.13485,0.707258,0.130907,0.69473,0.558827,-0.70543,-0.435982,0.433011,0.696586,-0.572076
0.654934,0.402034,1.14895,0.707258,-0.114599,0.697605,0.558827,-0.513773,-0.65096,0.433011,0.850238,-0.299329
0.654934,0.329643,1.13761,0.707258,-0.346283,0.616339,0.558827,-0.260147,-0.787423,0.433011,0.901339,0.00952128
