0.658953,0.229855,1.14363,0.308961,0.762454,0.568513,0.951075,-0.247684,-0.184687,-3.49349e-06,0.597759,-0.801676
0.907818,-0.0454907,0.99694,0.92986,-0.00762371,-0.367836,-0.179072,0.863991,-0.470587,0.321394,0.503449,0.802025
0.907818,-0.0305928,0.856569,0.92986,0.118643,-0.34826,-0.179072,0.972836,-0.146705,0.321394,0.198779,0.925847
0.907818,0.0314164,0.729759,0.92986,0.2306,-0.286679,-0.179072,0.964343,0.194872,0.321394,-0.129867,0.937998
0.907818,0.133058,0.631805,0.92986,0.314743,-0.19052,-0.179072,0.839536,0.512945,0.321394,-0.44285,0.837012
0.907818,0.262071,0.574521,0.92986,0.360924,-0.0713819,-0.179072,0.613469,0.769149,0.321394,-0.702418,0.635071
0.907818,0.402897,0.564818,0.92986,0.363571,0.0563661,-0.179072,0.313408,0.932582,0.321394,-0.877264,0.356531
0.907818,0.538548,0.603865,0.92986,0.322367,0.177316,-0.179072,-0.024455,0.983532,0.321394,-0.946299,0.0349872
0.907818,0.652664,0.686952,0.92986,0.24228,0.276878,-0.179072,-0.359368,0.915854,0.321394,-0.901196,-0.290776
0.907818,0.731481,0.804059,0.92986,0.132971,0.343045,-0.179072,-0.650936,0.73771,0.321394,-0.747396,-0.581467
0.907818,0.765491,0.94106,0.92986,0.00762371,0.367836,-0.179072,-0.863991,0.470587,0.321394,-0.503449,-0.802025
0.907818,0.750593,1.08143,0.92986,-0.118643,0.34826,-0.179072,-0.972836,0.146705,0.321394,-0.198779,-0.925847
0.907818,0.688584,1.20824,0.92986,-0.2306,0.286679,-0.179072,-0.964343,-0.194872,0.321394,0.129867,-0.937998
0.907818,0.586942,1.3062,0.92986,-0.314743,0.19052,-0.179072,-0.839536,-0.512945,0.321394,0.44285,-0.837012
0.907818,0.457929,1.36348,0.92986,-0.360924,0.0713819,-0.179072,-0.613469,-0.769149,0.321394,0.702418,-0.635071
0.907818,0.317103,1.37318,0.92986,-0.363571,-0.0563661,-0.179072,-0.313408,-0.932582,0.321394,0.877264,-0.356531
0.907818,0.181452,1.33414,0.92986,-0.322367,-0.177316,-0.179072,0.024455,-0.983532,0.321394,0.946299,-0.0349872
0.907818,0.0673358,1.25105,0.92986,-0.24228,-0.276878,-0.179072,0.359368,-0.915854,0.321394,0.901196,0.290776
0.907818,-0.0114805,1.13394,0.92986,-0.132971,-0.343045,-0.179072,0.650936,-0.73771,0.321394,0.747396,0.581467
0.907818,-0.0454907,0.99694,0.92986,-0.00762371,-0.367836,-0.179072,0.863991,-0.470587,0.321394,0.503449,0.802025
0.809114,0.000177298,1.03099,0.796489,-0.251655,-0.549795,-0.0275851,0.893204,-0.448805,0.604023,0.372635,0.704485
0.809114,0.000674743,0.904187,0.796489,-0.048438,-0.602709,-0.0275851,0.992837,-0.116246,0.604023,0.109214,0.789448
0.809114,0.0445121,0.785199,0.796489,0.160622,-0.582928,-0.0275851,0.97272,0.230335,0.604023,-0.16738,0.779192
0.809114,0.126402,0.68838,0.796489,0.350308,-0.492837,-0.0275851,0.835279,0.549134,0.604023,-0.423785,0.674954
0.809114,0.236467,0.625409,0.796489,0.497742,-0.343303,-0.0275851,0.59709,0.8017,0.604023,-0.629075,0.489306
0.809114,0.361432,0.603879,0.796489,0.585141,-0.152361,-0.0275851,0.286884,0.957568,0.604023,-0.75849,0.244641
0.809114,0.486225,0.626388,0.796489,0.601964,0.0569573,-0.0275851,-0.0579249,0.99794,0.604023,-0.79642,-0.0295314
0.809114,0.595792,0.690222,0.796489,0.54618,0.259406,-0.0275851,-0.395747,0.917945,0.604023,-0.738289,-0.300142
0.809114,0.67692,0.78768,0.796489,0.42452,0.430567,-0.0275851,-0.685836,0.727233,0.604023,-0.59111,-0.534551
0.809114,0.719823,0.907008,0.796489,0.251655,0.549795,-0.0275851,-0.893204,0.448805,0.604023,-0.372635,-0.704485
0.809114,0.719325,1.03381,0.796489,0.048438,0.602709,-0.0275851,-0.992837,0.116246,0.604023,-0.109214,-0.789448
0.809114,0.675488,1.1528,0.796489,-0.160622,0.582928,-0.0275851,-0.97272,-0.230335,0.604023,0.16738,-0.779192
0.809114,0.593598,1.24962,0.796489,-0.350308,0.492837,-0.0275851,-0.835279,-0.549134,0.604023,0.423785,-0.674954
0.809114,0.483533,1.31259,0.796489,-0.497742,0.343303,-0.0275851,-0.59709,-0.8017,0.604023,0.629075,-0.489306
0.809114,0.358568,1.33412,0.796489,-0.585141,0.152361,-0.0275851,-0.286884,-0.957568,0.604023,0.75849,-0.244641
0.809114,0.233775,1.31161,0.796489,-0.601964,-0.0569573,-0.0275851,0.0579249,-0.99794,0.604023,0.79642,0.0295314
0.809114,0.124208,1.24778,0.796489,-0.54618,-0.259406,-0.0275851,0.395747,-0.917945,0.604023,0.738289,0.300142
0.809114,0.0430798,1.15032,0.796489,-0.42452,-0.430567,-0.0275851,0.685836,-0.727233,0.604023,0.59111,0.534551
0.809114,0.000177298,1.03099,0.796489,-0.251655,-0.549795,-0.0275851,0.893204,-0.448805,0.604023,0.372635,0.704485
0.735846,0.0701547,1.08317,0.567051,-0.444402,-0.693513,0.127229,0.879118,-0.459308,0.813797,0.172216,0.555046
0.735846,0.0485862,0.977151,0.567051,-0.180406,-0.803683,0.127229,0.983194,-0.130932,0.813797,-0.0280068,0.580474
0.735846,0.0645788,0.87015,0.567051,0.10535,-0.816918,0.127229,0.968681,0.213236,0.813797,-0.224851,0.535888
0.735846,0.116204,0.775071,0.567051,0.378399,-0.73162,0.127229,0.837332,0.531685,0.813797,-0.394576,0.426666
0.735846,0.197234,0.703383,0.567051,0.605808,-0.558077,0.127229,0.604987,0.786004,0.813797,-0.516708,0.265982
0.735846,0.297896,0.663733,0.567051,0.760147,-0.317223,0.127229,0.299673,0.94552,0.813797,-0.576518,0.0732169
0.735846,0.406049,0.660902,0.567051,0.822801,-0.0381066,0.127229,-0.0417867,0.990993,0.813797,-0.566792,-0.12838
0.735846,0.508648,0.695232,0.567051,0.786213,0.245606,0.127229,-0.378206,0.916937,0.813797,-0.488702,-0.314491
0.735846,0.593317,0.762583,0.567051,0.654796,0.499695,0.127229,-0.669008,0.732284,0.813797,-0.351667,-0.462671
0.735846,0.649845,0.85483,0.567051,0.444402,0.693513,0.127229,-0.879118,0.459308,0.813797,-0.172216,-0.555046
0.735846,0.671414,0.960849,0.567051,0.180406,0.803683,0.127229,-0.983194,0.130932,0.813797,0.0280068,-0.580474
0.735846,0.655421,1.06785,0.567051,-0.10535,0.816918,0.127229,-0.968681,-0.213236,0.813797,0.224851,-0.535888
0.735846,0.603796,1.16293,0.567051,-0.378399,0.73162,0.127229,-0.837332,-0.531685,0.813797,0.394576,-0.426666
0.735846,0.522766,1.23462,0.567051,-0.605808,0.558077,0.127229,-0.604987,-0.786004,0.813797,0.516708,-0.265982
0.735846,0.422104,1.27427,0.567051,-0.760147,0.317223,0.127229,-0.299673,-0.94552,0.813797,0.576518,-0.0732169
0.735846,0.313951,1.2771,0.567051,-0.822801,0.0381066,0.127229,0.0417867,-0.990993,0.813797,0.566792,0.12838
0.735846,0.211352,1.24277,0.567051,-0.786213,-0.245606,0.127229,0.378206,-0.916937,0.813797,0.488702,0.314491
0.735846,0.126683,1.17542,0.567051,-0.654796,-0.499695,0.127229,0.669008,-0.732284,0.813797,0.351667,0.462671
0.735846,0.0701547,1.08317,0.567051,-0.444402,-0.693513,0.127229,0.879118,-0.459308,0.813797,0.172216,0.555046
0.696852,0.156001,1.14718,0.269218,-0.562614,-0.781657,0.266698,0.823434,-0.500828,0.925416,-0.0736342,0.371731
0.696852,0.107363,1.06666,0.269218,-0.261342,-0.926942,0.266698,0.945068,-0.188994,0.925416,-0.196333,0.324129
0.696852,0.089196,0.974366,0.269218,0.0714517,-0.960425,0.266698,0.952713,0.145636,0.925416,-0.295351,0.237431
0.696852,0.103692,0.881422,0.269218,0.395627,-0.878066,0.266698,0.845447,0.4627,0.925416,-0.358746,0.122096
0.696852,0.149103,0.799041,0.269218,0.672085,-0.6898,0.266698,0.636207,0.723956,0.925416,-0.37887,-0.00796516
0.696852,0.219951,0.73716,0.269218,0.867478,-0.418334,0.266698,0.350232,0.897892,0.925416,-0.353297,-0.137066
0.696852,0.307691,0.703242,0.269218,0.958242,-0.0964099,0.266698,0.0220131,0.963529,0.925416,-0.285111,-0.249635
0.696852,0.40174,0.701378,0.269218,0.933427,0.237142,0.266698,-0.308861,0.91295,0.925416,-0.182537,-0.332094
0.696852,0.490755,0.731794,0.269218,0.796027,0.542092,0.266698,-0.602481,0.752256,0.925416,-0.0579459,-0.374497
0.696852,0.563999,0.79082,0.269218,0.562614,0.781657,0.266698,-0.823434,0.500828,0.925416,0.0736342,-0.371731
0.696852,0.612637,0.871337,0.269218,0.261342,0.926942,0.266698,-0.945068,0.188994,0.925416,0.196333,-0.324129
0.696852,0.630804,0.963634,0.269218,-0.0714517,0.960425,0.266698,-0.952713,-0.145636,0.925416,0.295351,-0.237431
0.696852,0.616308,1.05658,0.269218,-0.395627,0.878066,0.266698,-0.845447,-0.4627,0.925416,0.358746,-0.122096
0.696852,0.570897,1.13896,0.269218,-0.672085,0.6898,0.266698,-0.636207,-0.723956,0.925416,0.37887,0.00796516
0.696852,0.500049,1.20084,0.269218,-0.867478,0.418334,0.266698,-0.350232,-0.897892,0.925416,0.353297,0.137066
0.696852,0.412309,1.23476,0.269218,-0.958242,0.0964099,0.266698,-0.0220131,-0.963529,0.925416,0.285111,0.249635
0.696852,0.31826,1.23662,0.269218,-0.933427,-0.237142,0.266698,0.308861,-0.91295,0.925416,0.182537,0.332094
0.696852,0.229245,1.20621,0.269218,-0.796027,-0.542092,0.266698,0.602481,-0.752256,0.925416,0.0579459,0.374497
0.696852,0.156001,1.14718,0.269218,-0.562614,-0.781657,0.266698,0.823434,-0.500828,0.925416,-0.0736342,0.371731
0.696834,0.247362,1.2153,-0.061087,-0.592035,-0.803594,0.373999,0.732867,-0.568358,0.925415,-0.335262,0.176652
0.696834,0.169915,1.16192,-0.061087,-0.281486,-0.957619,0.373999,0.88306,-0.283427,0.925415,-0.375462,0.0513318
0.696834,0.115395,1.08528,-0.061087,0.063015,-0.996141,0.373999,0.926742,0.0356899,0.925415,-0.370375,-0.0801795
0.696834,0.0903773,0.994604,-0.061087,0.399915,-0.914514,0.373999,0.858646,0.350502,0.925415,-0.320616,-0.20202
0.696834,0.0978805,0.900843,-0.061087,0.68858,-0.722583,0.373999,0.686985,0.623038,0.925415,-0.232186,-0.299494
0.696834,0.136999,0.815304,-0.061087,0.894191,-0.443498,0.373999,0.432463,0.820427,0.925415,-0.11575,-0.360844
0.696834,0.203015,0.748302,-0.061087,0.99195,-0.11092,0.373999,0.125779,0.91886,0.925415,0.0146463,-0.378672
0.696834,0.287966,0.70792,-0.061087,0.970065,0.235036,0.373999,-0.196075,0.906465,0.925415,0.143276,-0.350826
0.696834,0.381605,0.699027,-0.061087,0.831176,0.552643,0.373999,-0.494279,0.784737,0.925415,0.254625,-0.280665
0.696834,0.472638,0.722698,-0.061087,0.592035,0.803594,0.373999,-0.732867,0.568358,0.925415,0.335262,-0.176652
0.696834,0.550085,0.776076,-0.061087,0.281486,0.957619,0.373999,-0.88306,0.283427,0.925415,0.375462,-0.0513318
0.696834,0.604605,0.852724,-0.061087,-0.063015,0.996141,0.373999,-0.926742,-0.0356899,0.925415,0.370375,0.0801795
0.696834,0.629623,0.943396,-0.061087,-0.399915,0.914514,0.373999,-0.858646,-0.350502,0.925415,0.320616,0.20202
0.696834,0.622119,1.03716,-0.061087,-0.68858,0.722583,0.373999,-0.686985,-0.623038,0.925415,0.232186,0.299494
0.696834,0.583001,1.1227,-0.061087,-0.894191,0.443498,0.373999,-0.432463,-0.820427,0.925415,0.11575,0.360844
0.696834,0.516985,1.1897,-0.061087,-0.99195,0.11092,0.373999,-0.125779,-0.91886,0.925415,-0.0146463,0.378672
0.696834,0.432034,1.23008,-0.061087,-0.970065,-0.235036,0.373999,0.196075,-0.906465,0.925415,-0.143276,0.350826
0.696834,0.338395,1.23897,-0.061087,-0.831176,-0.552643,0.373999,0.494279,-0.784737,0.925415,-0.254625,0.280665
0.696834,0.247362,1.2153,-0.061087,-0.592035,-0.803594,0.373999,0.732867,-0.568358,0.925415,-0.335262,0.176652
0.735794,0.333219,1.27932,-0.384024,-0.529115,-0.756679,0.43619,0.618341,-0.653753,0.813796,-0.581112,-0.00666285
0.735794,0.228698,1.25145,-0.384024,-0.238406,-0.892013,0.43619,0.804647,-0.402842,0.813796,-0.543788,-0.205013
0.735794,0.140015,1.1895,-0.384024,0.0810578,-0.919758,0.43619,0.893901,-0.103342,0.813796,-0.440875,-0.378636
0.735794,0.0778647,1.10097,-0.384024,0.390745,-0.836567,0.43619,0.875337,0.208622,0.813796,-0.284786,-0.506589
0.735794,0.0497443,0.996512,-0.384024,0.653303,-0.652473,0.43619,0.751195,0.495424,0.813796,-0.0943475,-0.573441
0.735794,0.0590454,0.888739,-0.384024,0.837063,-0.389681,0.43619,0.536447,0.72247,0.813796,0.107471,-0.571127
0.735794,0.104646,0.790647,-0.384024,0.919861,-0.079888,0.43619,0.256996,0.862375,0.813796,0.296326,-0.499927
0.735794,0.181046,0.714067,-0.384024,0.89171,0.239541,0.43619,-0.0534522,0.898266,0.813796,0.449441,-0.368428
0.735794,0.279031,0.668235,-0.384024,0.756005,0.530077,0.43619,-0.357454,0.825812,0.813796,0.548346,-0.192491
0.735794,0.386781,0.65868,-0.384024,0.529115,0.756679,0.43619,-0.618341,0.653753,0.813796,0.581112,0.00666285
0.735794,0.491302,0.686555,-0.384024,0.238406,0.892013,0.43619,-0.804647,0.402842,0.813796,0.543788,0.205013
0.735794,0.579985,0.748496,-0.384024,-0.0810578,0.919758,0.43619,-0.893901,0.103342,0.813796,0.440875,0.378636
0.735794,0.642135,0.837034,-0.384024,-0.390745,0.836567,0.43619,-0.875337,-0.208622,0.813796,0.284786,0.506589
0.735794,0.670256,0.941488,-0.384024,-0.653303,0.652473,0.43619,-0.751195,-0.495424,0.813796,0.0943475,0.573441
0.735794,0.660955,1.04926,-0.384024,-0.837063,0.389681,0.43619,-0.536447,-0.72247,0.813796,-0.107471,0.571127
0.735794,0.615354,1.14735,-0.384024,-0.919861,0.079888,0.43619,-0.256996,-0.862375,0.813796,-0.296326,0.499927
0.735794,0.538954,1.22393,-0.384024,-0.89171,-0.239541,0.43619,0.0534522,-0.898266,0.813796,-0.449441,0.368428
0.735794,0.440969,1.26976,-0.384024,-0.756005,-0.530077,0.43619,0.357454,-0.825812,0.813796,-0.548346,0.192491
0.735794,0.333219,1.27932,-0.384024,-0.529115,-0.756679,0.43619,0.618341,-0.653753,0.813796,-0.581112,-0.00666285
0.809034,0.403215,1.33151,-0.660642,-0.381444,-0.64657,0.44577,0.493669,-0.746712,0.604021,-0.781531,-0.156102
0.809034,0.276622,1.32443,-0.660642,-0.137301,-0.738039,0.44577,0.719288,-0.532835,0.604021,-0.681009,-0.413987
0.809034,0.160087,1.27448,-0.660642,0.123404,-0.740489,0.44577,0.85815,-0.25469,0.604021,-0.498347,-0.62194
0.809034,0.0676635,1.18768,-0.660642,0.369224,-0.653626,0.44577,0.893507,0.0541741,0.604021,-0.255577,-0.754877
0.809034,0.0105004,1.07451,-0.660642,0.57051,-0.487925,0.44577,0.821093,0.356504,0.604021,0.0180192,-0.796765
0.809034,-0.00450786,0.948609,-0.660642,0.702984,-0.263374,0.44577,0.649643,0.615835,0.604021,0.289442,-0.742551
0.809034,0.0244489,0.825169,-0.660642,0.750668,-0.00705562,0.44577,0.399837,0.800887,0.604021,0.525954,-0.598775
0.809034,0.0938781,0.719078,-0.660642,0.707811,0.250114,0.44577,0.101805,0.88934,0.604021,0.699028,-0.382777
0.809034,0.195405,0.643131,-0.660642,0.57958,0.477115,0.44577,-0.208507,0.870525,0.604021,0.787789,-0.120611
0.809034,0.316785,0.606489,-0.660642,0.381444,0.64657,0.44577,-0.493669,0.746712,0.604021,0.781531,0.156102
0.809034,0.443378,0.613571,-0.660642,0.137301,0.738039,0.44577,-0.719288,0.532835,0.604021,0.681009,0.413987
0.809034,0.559913,0.663523,-0.660642,-0.123404,0.740489,0.44577,-0.85815,0.25469,0.604021,0.498347,0.62194
0.809034,0.652337,0.75032,-0.660642,-0.369224,0.653626,0.44577,-0.893507,-0.0541741,0.604021,0.255577,0.754877
0.809034,0.7095,0.863493,-0.660642,-0.57051,0.487925,0.44577,-0.821093,-0.356504,0.604021,-0.0180192,0.796765
0.809034,0.724508,0.989391,-0.660642,-0.702984,0.263374,0.44577,-0.649643,-0.615835,0.604021,-0.289442,0.742551
0.809034,0.695551,1.11283,-0.660642,-0.750668,0.00705562,0.44577,-0.399837,-0.800887,0.604021,-0.525954,0.598775
0.809034,0.626122,1.21892,-0.660642,-0.707811,-0.250114,0.44577,-0.101805,-0.88934,0.604021,-0.699028,0.382777
0.809034,0.524595,1.29487,-0.660642,-0.57958,-0.477115,0.44577,0.208507,-0.870525,0.604021,-0.787789,0.120611
0.809034,0.403215,1.33151,-0.660642,-0.381444,-0.64657,0.44577,0.493669,-0.746712,0.604021,-0.781531,-0.156102
0.90772,0.448908,1.36558,-0.857576,-0.166833,-0.486548,0.401584,0.37389,-0.836024,0.321392,-0.912345,-0.253642
0.90772,0.307907,1.37207,-0.857576,0.00963714,-0.514266,0.401584,0.637279,-0.657728,0.321392,-0.770573,-0.550385
0.90772,0.17319,1.32995,-0.857576,0.184945,-0.479956,0.401584,0.823802,-0.4001,0.321392,-0.535859,-0.780745
0.90772,0.0610042,1.24429,-0.857576,0.337946,-0.387756,0.401584,0.910963,-0.094214,0.321392,-0.236512,-0.916935
0.90772,-0.0151179,1.12542,-0.857576,0.450186,-0.248787,0.401584,0.888249,0.223036,0.321392,0.0913612,-0.942529
0.90772,-0.0459952,0.987691,-0.857576,0.508127,-0.0798107,0.401584,0.758398,0.513384,0.321392,0.408215,-0.85444
0.90772,-0.0279035,0.847706,-0.857576,0.50478,0.0987921,0.401584,0.537073,0.74181,0.321392,0.675832,-0.663293
0.90772,0.0369751,0.72235,-0.857576,0.440549,0.265479,0.401584,0.25097,0.880764,0.321392,0.861934,-0.392143
0.90772,0.140815,0.626744,-0.857576,0.323181,0.400145,0.401584,-0.0654045,0.913484,0.321392,0.944074,-0.0736951
0.90772,0.271092,0.572418,-0.857576,0.166833,0.486548,0.401584,-0.37389,0.836024,0.321392,0.912345,0.253642
0.90772,0.412093,0.565927,-0.857576,-0.00963714,0.514266,0.401584,-0.637279,0.657728,0.321392,0.770573,0.550385
0.90772,0.54681,0.608052,-0.857576,-0.184945,0.479956,0.401584,-0.823802,0.4001,0.321392,0.535859,0.780745
0.90772,0.658996,0.693713,-0.857576,-0.337946,0.387756,0.401584,-0.910963,0.094214,0.321392,0.236512,0.916935
0.90772,0.735118,0.812577,-0.857576,-0.450186,0.248787,0.401584,-0.888249,-0.223036,0.321392,-0.0913612,0.942529
0.90772,0.765995,0.950309,-0.857576,-0.508127,0.0798107,0.401584,-0.758398,-0.513384,0.321392,-0.408215,0.85444
0.90772,0.747903,1.09029,-0.857576,-0.50478,-0.0987921,0.401584,-0.537073,-0.74181,0.321392,-0.675832,0.663293
0.90772,0.683025,1.21565,-0.857576,-0.440549,-0.265479,0.401584,-0.25097,-0.880764,0.321392,-0.861934,0.392143
0.90772,0.579185,1.31126,-0.857576,-0.323181,-0.400145,0.401584,0.0654045,-0.913484,0.321392,-0.944074,0.0736951
0.90772,0.448908,1.36558,-0.857576,-0.166833,-0.486548,0.401584,0.37389,-0.836024,0.321392,-0.912345,-0.253642
0.883612,-0.022173,0.854412,0.961642,0.0303096,-0.272628,-0.0812368,0.98076,-0.17751,0.262003,0.192848,0.945602
0.883612,0.0400662,0.730612,0.961642,0.121726,-0.24582,-0.0812368,0.982325,0.168635,0.262003,-0.142197,0.954534
0.883612,0.140894,0.635565,0.961642,0.198461,-0.189363,-0.0812368,0.865407,0.49444,0.262003,-0.460091,0.848334
0.883612,0.268149,0.580735,0.961642,0.251258,-0.110065,-0.0812368,0.644108,0.760609,0.262003,-0.722492,0.639813
0.883612,0.406483,0.572735,0.961642,0.27375,-0.0174923,-0.0812368,0.34512,0.935036,0.262003,-0.897749,0.354121
0.883612,0.539211,0.612531,0.961642,0.263223,0.0771906,-0.0812368,0.00450572,0.996685,0.262003,-0.964724,0.0257163
0.883612,0.650323,0.695322,0.961642,0.220948,0.162563,-0.0812368,-0.336652,0.938118,0.262003,-0.91534,-0.30579
0.883612,0.726417,0.811123,0.961642,0.152024,0.228328,-0.0812368,-0.637205,0.766401,0.262003,-0.755552,-0.600413
0.883612,0.758317,0.945966,0.961642,0.0647627,0.266553,-0.0812368,-0.860901,0.502244,0.262003,-0.504633,-0.822618
0.883612,0.742173,1.08359,0.961642,-0.0303096,0.272628,-0.0812368,-0.98076,0.17751,0.262003,-0.192848,-0.945602
0.883612,0.679934,1.20739,0.961642,-0.121726,0.24582,-0.0812368,-0.982325,-0.168635,0.262003,0.142197,-0.954534
0.883612,0.579106,1.30244,0.961642,-0.198461,0.189363,-0.0812368,-0.865407,-0.49444,0.262003,0.460091,-0.848334
0.883612,0.451851,1.35727,0.961642,-0.251258,0.110065,-0.0812368,-0.644108,-0.760609,0.262003,0.722492,-0.639813
0.883612,0.313517,1.36526,0.961642,-0.27375,0.0174923,-0.0812368,-0.34512,-0.935036,0.262003,0.897749,-0.354121
0.883612,0.180789,1.32547,0.961642,-0.263223,-0.0771906,-0.0812368,-0.00450572,-0.996685,0.262003,0.964724,-0.0257163
0.883612,0.0696775,1.24268,0.961642,-0.220948,-0.162563,-0.0812368,0.336652,-0.938118,0.262003,0.91534,0.30579
0.883612,-0.00641719,1.12688,0.961642,-0.152024,-0.228328,-0.0812368,0.637205,-0.766401,0.262003,0.755552,0.600413
0.883612,-0.0383165,0.992034,0.961642,-0.0647627,-0.266553,-0.0812368,0.860901,-0.502244,0.262003,0.504633,0.822618
0.883612,-0.022173,0.854412,0.961642,0.0303096,-0.272628,-0.0812368,0.98076,-0.17751,0.262003,0.192848,0.945602
0.763622,0.0333472,0.89581,0.856221,-0.226658,-0.464233,0.156285,0.970152,-0.18542,0.492403,0.0862075,0.866087
0.763622,0.0780792,0.788502,0.856221,-0.0542121,-0.513758,0.156285,0.975062,0.157574,0.492403,-0.215211,0.843341
0.763622,0.156815,0.702965,0.856221,0.124773,-0.501316,0.156285,0.862365,0.481562,0.492403,-0.490671,0.718875
0.763622,0.260058,0.649515,0.856221,0.288708,-0.428408,0.156285,0.645654,0.747466,0.492403,-0.70695,0.507702
0.763622,0.375355,0.6346,0.856221,0.417821,-0.303828,0.156285,0.351068,0.923215,0.492403,-0.83796,0.235292
0.763622,0.488801,0.660019,0.856221,0.496539,-0.142602,0.156285,0.0141379,0.987611,0.492403,-0.867899,-0.0654966
0.763622,0.586711,0.722705,0.856221,0.515367,0.0358247,0.156285,-0.324497,0.932886,0.492403,-0.793157,-0.358386
0.763622,0.657276,0.815098,0.856221,0.472033,0.20993,0.156285,-0.623994,0.765641,0.492403,-0.622749,-0.608048
0.763622,0.691986,0.926054,0.856221,0.371766,0.358715,0.156285,-0.848227,0.506049,0.492403,-0.377228,-0.784371
0.763622,0.686653,1.04219,0.856221,0.226658,0.464233,0.156285,-0.970152,0.18542,0.492403,-0.0862075,-0.866087
0.763622,0.641921,1.1495,0.856221,0.0542121,0.513758,0.156285,-0.975062,-0.157574,0.492403,0.215211,-0.843341
0.763622,0.563185,1.23504,0.856221,-0.124773,0.501316,0.156285,-0.862365,-0.481562,0.492403,0.490671,-0.718875
0.763622,0.459942,1.28848,0.856221,-0.288708,0.428408,0.156285,-0.645654,-0.747466,0.492403,0.70695,-0.507702
0.763622,0.344645,1.3034,0.856221,-0.417821,0.303828,0.156285,-0.351068,-0.923215,0.492403,0.83796,-0.235292
0.763622,0.231199,1.27798,0.856221,-0.496539,0.142602,0.156285,-0.0141379,-0.987611,0.492403,0.867899,0.0654966
0.763622,0.133289,1.21529,0.856221,-0.515367,-0.0358247,0.156285,0.324497,-0.932886,0.492403,0.793157,0.358386
0.763622,0.0627238,1.1229,0.856221,-0.472033,-0.20993,0.156285,0.623994,-0.765641,0.492403,0.622749,0.608048
0.763622,0.0280143,1.01195,0.856221,-0.371766,-0.358715,0.156285,0.848227,-0.506049,0.492403,0.377228,0.784371
0.763622,0.0333472,0.89581,0.856221,-0.226658,-0.464233,0.156285,0.970152,-0.18542,0.492403,0.0862075,0.866087
0.674556,0.118419,0.959243,0.647527,-0.439224,-0.622729,0.374957,0.895057,-0.241413,0.663413,-0.0771753,0.744263
0.674556,0.136325,0.877205,0.647527,-0.199749,-0.735397,0.374957,0.923646,0.079273,0.663413,-0.327074,0.672983
0.674556,0.18121,0.80624,0.647527,0.0638179,-0.759366,0.374957,0.840831,0.390398,0.663413,-0.537523,0.520531
0.674556,0.24766,0.754906,0.647527,0.319688,-0.691744,0.374957,0.656599,0.654435,0.663413,-0.683138,0.305296
0.674556,0.327659,0.729395,0.647527,0.536998,-0.540687,0.374957,0.393171,0.839538,0.663413,-0.746358,0.0532371
0.674556,0.411559,0.732783,0.647527,0.689539,-0.324415,0.374957,0.0823209,0.92338,0.663413,-0.719555,-0.205243
0.674556,0.489241,0.764663,0.647527,0.758911,-0.0690142,0.374957,-0.238458,0.895849,0.663413,-0.605963,-0.438967
0.674556,0.551334,0.821189,0.647527,0.736748,0.194711,0.374957,-0.530476,0.760265,0.663413,-0.419283,-0.619746
0.674556,0.590349,0.895543,0.647527,0.625721,0.434951,0.374957,-0.75851,0.532982,0.663413,-0.182032,-0.725774
0.674556,0.601581,0.978757,0.647527,0.439224,0.622729,0.374957,-0.895057,0.241413,0.663413,0.0771753,-0.744263
0.674556,0.583675,1.06079,0.647527,0.199749,0.735397,0.374957,-0.923646,-0.079273,0.663413,0.327074,-0.672983
0.674556,0.53879,1.13176,0.647527,-0.0638179,0.759366,0.374957,-0.840831,-0.390398,0.663413,0.537523,-0.520531
0.674556,0.47234,1.18309,0.647527,-0.319688,0.691744,0.374957,-0.656599,-0.654435,0.663413,0.683138,-0.305296
0.674556,0.392341,1.20861,0.647527,-0.536998,0.540687,0.374957,-0.393171,-0.839538,0.663413,0.746358,-0.0532371
0.674556,0.308441,1.20522,0.647527,-0.689539,0.324415,0.374957,-0.0823209,-0.92338,0.663413,0.719555,0.205243
0.674556,0.230759,1.17334,0.647527,-0.758911,0.0690142,0.374957,0.238458,-0.895849,0.663413,0.605963,0.438967
0.674556,0.168666,1.11681,0.647527,-0.736748,-0.194711,0.374957,0.530476,-0.760265,0.663413,0.419283,0.619746
0.674556,0.129651,1.04246,0.647527,-0.625721,-0.434951,0.374957,0.75851,-0.532982,0.663413,0.182032,0.725774
0.674556,0.118419,0.959243,0.647527,-0.439224,-0.622729,0.374957,0.895057,-0.241413,0.663413,-0.0771753,0.744263
0.627155,0.222781,1.03706,0.360731,-0.581748,-0.729001,0.548404,0.764533,-0.338737,0.754404,-0.277594,0.594824
0.627155,0.207779,0.986023,0.360731,-0.297332,-0.884006,0.548404,0.834281,-0.0568226,0.754404,-0.464295,0.464009
0.627155,0.211137,0.932934,0.360731,0.0229477,-0.932387,0.548404,0.803402,0.231945,0.754404,-0.594995,0.277228
0.627155,0.23245,0.884195,0.360731,0.340459,-0.868309,0.548404,0.675621,0.492737,0.754404,-0.65393,0.0570086
0.627155,0.269147,0.845684,0.360731,0.616906,-0.6995,0.548404,0.46635,0.694097,0.754404,-0.633991,-0.170086
0.627155,0.316803,0.822048,0.360731,0.818945,-0.44632,0.548404,0.200831,0.811739,0.754404,-0.537584,-0.376667
0.627155,0.369668,0.816136,0.360731,0.922207,-0.139308,0.548404,-0.088912,0.831473,0.754404,-0.376336,-0.537815
0.627155,0.421368,0.828661,0.360731,0.914238,0.184506,0.548404,-0.367931,0.75092,0.754404,-0.169696,-0.634095
0.627155,0.465666,0.858114,0.360731,0.795997,0.486067,0.548404,-0.602571,0.579794,0.754404,0.0574111,-0.653894
0.627155,0.497219,0.900941,0.360731,0.581748,0.729001,0.548404,-0.764533,0.338737,0.754404,0.277594,-0.594824
0.627155,0.512221,0.951977,0.360731,0.297332,0.884006,0.548404,-0.834281,0.0568226,0.754404,0.464295,-0.464009
0.627155,0.508863,1.00507,0.360731,-0.0229477,0.932387,0.548404,-0.803402,-0.231945,0.754404,0.594995,-0.277228
0.627155,0.48755,1.05381,0.360731,-0.340459,0.868309,0.548404,-0.675621,-0.492737,0.754404,0.65393,-0.0570086
0.627155,0.450853,1.09232,0.360731,-0.616906,0.6995,0.548404,-0.46635,-0.694097,0.754404,0.633991,0.170086
0.627155,0.403197,1.11595,0.360731,-0.818945,0.44632,0.548404,-0.200831,-0.811739,0.754404,0.537584,0.376667
0.627155,0.350332,1.12186,0.360731,-0.922207,0.139308,0.548404,0.088912,-0.831473,0.754404,0.376336,0.537815
0.627155,0.298632,1.10934,0.360731,-0.914238,-0.184506,0.548404,0.367931,-0.75092,0.754404,0.169696,0.634095
0.627155,0.254334,1.07989,0.360731,-0.795997,-0.486067,0.548404,0.602571,-0.579794,0.754404,-0.0574111,0.653894
0.627155,0.222781,1.03706,0.360731,-0.581748,-0.729001,0.548404,0.764533,-0.338737,0.754404,-0.277594,0.594824
0.627137,0.333847,1.11987,0.0304265,-0.637041,-0.770229,0.655705,0.594324,-0.465651,0.754404,-0.490875,0.435794
0.627137,0.283822,1.10183,0.0304265,-0.335189,-0.941659,0.655705,0.717744,-0.234298,0.754404,-0.610322,0.241623
0.627137,0.242986,1.06776,0.0304265,0.00709194,-0.999512,0.655705,0.754593,0.0253147,0.754404,-0.656155,0.0183094
0.627137,0.216263,1.02179,0.0304265,0.348517,-0.936808,0.655705,0.700427,0.281874,0.754404,-0.622846,-0.207213
0.627137,0.206877,0.969443,0.0304265,0.647907,-0.761112,0.655705,0.56178,0.504435,0.754404,-0.514413,-0.407742
0.627137,0.21596,0.917045,0.0304265,0.869149,-0.493614,0.655705,0.355373,0.666154,0.754404,-0.343934,-0.559092
0.627137,0.242416,0.870914,0.0304265,0.985559,-0.166579,0.655705,0.106104,0.747525,0.754404,-0.131971,-0.643007
0.627137,0.283055,0.836613,0.0304265,0.983096,0.180548,0.655705,-0.155964,0.738733,0.754404,0.0959088,-0.649366
0.627137,0.332974,0.81828,0.0304265,0.862057,0.505898,0.655705,-0.39922,0.640839,0.754404,0.312221,-0.577402
0.627137,0.386153,0.818127,0.0304265,0.637041,0.770229,0.655705,-0.594324,0.465651,0.754404,0.490875,-0.435794
0.627137,0.436178,0.83617,0.0304265,0.335189,0.941659,0.655705,-0.717744,0.234298,0.754404,0.610322,-0.241623
0.627137,0.477014,0.870235,0.0304265,-0.00709194,0.999512,0.655705,-0.754593,-0.0253147,0.754404,0.656155,-0.0183094
0.627137,0.503737,0.916213,0.0304265,-0.348517,0.936808,0.655705,-0.700427,-0.281874,0.754404,0.622846,0.207213
0.627137,0.513123,0.968557,0.0304265,-0.647907,0.761112,0.655705,-0.56178,-0.504435,0.754404,0.514413,0.407742
0.627137,0.50404,1.02095,0.0304265,-0.869149,0.493614,0.655705,-0.355373,-0.666154,0.754404,0.343934,0.559092
0.627137,0.477584,1.06709,0.0304265,-0.985559,0.166579,0.655705,-0.106104,-0.747525,0.754404,0.131971,0.643007
0.627137,0.436945,1.10139,0.0304265,-0.983096,-0.180548,0.655705,0.155964,-0.738733,0.754404,-0.0959088,0.649366
0.627137,0.387026,1.11972,0.0304265,-0.862057,-0.505898,0.655705,0.39922,-0.640839,0.754404,-0.312221,0.577402
0.627137,0.333847,1.11987,0.0304265,-0.637041,-0.770229,0.655705,0.594324,-0.465651,0.754404,-0.490875,0.435794
0.674504,0.438219,1.1977,-0.303548,-0.598433,-0.741442,0.683918,0.404958,-0.606848,0.663411,-0.691293,0.286355
0.674504,0.355283,1.21066,-0.303548,-0.308755,-0.901404,0.683918,0.588091,-0.431747,0.663411,-0.747542,0.0326495
0.674504,0.272916,1.19447,-0.303548,0.018163,-0.952643,0.683918,0.700291,-0.20457,0.663411,-0.713627,-0.224994
0.674504,0.201052,1.15109,-0.303548,0.342891,-0.888979,0.683918,0.728025,0.0472802,0.663411,-0.593637,-0.4555
0.674504,0.14836,1.08574,-0.303548,0.626261,-0.718092,0.683918,0.667949,0.293428,0.663411,-0.402046,-0.631066
0.674504,0.121195,1.00632,-0.303548,0.834095,-0.460592,0.683918,0.527309,0.504184,0.663411,-0.161963,-0.730516
0.674504,0.122833,0.922391,-0.303548,0.941324,-0.147538,0.683918,0.323067,0.654128,0.663411,0.0976559,-0.741855
0.674504,0.153077,0.844086,-0.303548,0.935016,0.183312,0.683918,0.0798584,0.725175,0.663411,0.345496,-0.663715
0.674504,0.208279,0.780847,-0.303548,0.815931,0.492051,0.683918,-0.172982,0.708755,0.663411,0.551664,-0.505522
0.674504,0.281781,0.740303,-0.303548,0.598433,0.741442,0.683918,-0.404958,0.606848,0.663411,0.691293,-0.286355
0.674504,0.364717,0.727342,-0.303548,0.308755,0.901404,0.683918,-0.588091,0.431747,0.663411,0.747542,-0.0326495
0.674504,0.447084,0.743529,-0.303548,-0.018163,0.952643,0.683918,-0.700291,0.20457,0.663411,0.713627,0.224994
0.674504,0.518948,0.786911,-0.303548,-0.342891,0.888979,0.683918,-0.728025,-0.0472802,0.663411,0.593637,0.4555
0.674504,0.57164,0.852256,-0.303548,-0.626261,0.718092,0.683918,-0.667949,-0.293428,0.663411,0.402046,0.631066
0.674504,0.598805,0.931682,-0.303548,-0.834095,0.460592,0.683918,-0.527309,-0.504184,0.663411,0.161963,0.730516
0.674504,0.597167,1.01561,-0.303548,-0.941324,0.147538,0.683918,-0.323067,-0.654128,0.663411,-0.0976559,0.741855
0.674504,0.566923,1.09391,-0.303548,-0.935016,-0.183312,0.683918,-0.0798584,-0.725175,0.663411,-0.345496,0.663715
0.674504,0.511721,1.15715,-0.303548,-0.815931,-0.492051,0.683918,0.172982,-0.708755,0.663411,-0.551664,0.505522
0.674504,0.438219,1.1977,-0.303548,-0.598433,-0.741442,0.683918,0.404958,-0.606848,0.663411,-0.691293,0.286355
0.763543,0.52331,1.26114,-0.60091,-0.470582,-0.646111,0.629641,0.219278,-0.745299,0.492402,-0.854675,0.164531
0.763543,0.413542,1.29938,-0.60091,-0.221219,-0.768094,0.629641,0.460961,-0.625354,0.492402,-0.859405,-0.137708
0.763543,0.297316,1.29777,-0.60091,0.0548257,-0.797434,0.629641,0.647045,-0.429983,0.492402,-0.760478,-0.423337
0.763543,0.188651,1.2565,-0.60091,0.324258,-0.730591,0.629641,0.755086,-0.182749,0.492402,-0.569826,-0.657905
0.763543,0.100653,1.18056,-0.60091,0.554579,-0.575629,0.629641,0.772053,0.0865265,0.492402,-0.310444,-0.813121
0.763543,0.0439362,1.0791,-0.60091,0.718011,-0.351237,0.629641,0.695899,0.345366,0.492402,-0.0136187,-0.870262
0.763543,0.0253413,0.964359,-0.60091,0.794839,-0.0844802,0.629641,0.535809,0.562549,0.492402,0.28485,-0.822436
0.763543,0.0471112,0.850178,-0.60091,0.775799,0.192466,0.629641,0.311092,0.711881,0.492402,0.548961,-0.675413
0.763543,0.10662,0.75033,-0.60091,0.663185,0.446197,0.629641,0.0488536,0.775349,0.492402,0.746859,-0.446925
0.763543,0.19669,0.676856,-0.60091,0.470582,0.646111,0.629641,-0.219278,0.745299,0.492402,0.854675,-0.164531
0.763543,0.306458,0.63862,-0.60091,0.221219,0.768094,0.629641,-0.460961,0.625354,0.492402,0.859405,0.137708
0.763543,0.422684,0.640231,-0.60091,-0.0548257,0.797434,0.629641,-0.647045,0.429983,0.492402,0.760478,0.423337
0.763543,0.531349,0.681498,-0.60091,-0.324258,0.730591,0.629641,-0.755086,0.182749,0.492402,0.569826,0.657905
0.763543,0.619347,0.757441,-0.60091,-0.554579,0.575629,0.629641,-0.772053,-0.0865265,0.492402,0.310444,0.813121
0.763543,0.676064,0.858902,-0.60091,-0.718011,0.351237,0.629641,-0.695899,-0.345366,0.492402,0.0136187,0.870262
0.763543,0.694659,0.973641,-0.60091,-0.794839,0.0844802,0.629641,-0.535809,-0.562549,0.492402,-0.28485,0.822436
0.763543,0.672889,1.08782,-0.60091,-0.775799,-0.192466,0.629641,-0.311092,-0.711881,0.492402,-0.548961,0.675413
0.763543,0.61338,1.18767,-0.60091,-0.663185,-0.446197,0.629641,-0.0488536,-0.775349,0.492402,-0.746859,0.446925
0.763543,0.52331,1.26114,-0.60091,-0.470582,-0.646111,0.629641,0.219278,-0.745299,0.492402,-0.854675,0.164531
0.883514,0.578855,1.30256,-0.825794,-0.268907,-0.495735,0.499419,0.0596769,-0.864303,0.262001,-0.961316,0.0850164
0.883514,0.451572,1.3573,-0.825794,-0.0831384,-0.55781,0.499419,0.351687,-0.791768,0.262001,-0.932419,-0.2489
0.883514,0.313244,1.3652,-0.825794,0.112658,-0.552605,0.499419,0.601278,-0.623735,0.262001,-0.791058,-0.552795
0.883514,0.180556,1.32531,-0.825794,0.294866,-0.480748,0.499419,0.778346,-0.38047,0.262001,-0.554284,-0.790016
0.883514,0.069511,1.24245,-0.825794,0.441508,-0.350905,0.499419,0.861535,-0.0913143,0.262001,-0.250656,-0.931948
0.883514,-0.00649649,1.12661,-0.825794,0.534899,-0.178738,0.499419,0.840809,0.208855,0.262001,0.0832059,-0.961474
0.883514,-0.0382992,0.991754,-0.825794,0.563772,0.0149874,0.499419,0.71867,0.483833,0.262001,0.407031,-0.875032
0.883514,-0.0220611,0.854155,-0.825794,0.524647,0.206905,0.499419,0.509848,0.700454,0.262001,0.681763,-0.683048
0.883514,0.0402592,0.730409,-0.825794,0.422241,0.373867,0.499419,0.239531,0.83259,0.262001,0.874264,-0.408679
0.883514,0.141145,0.63544,-0.825794,0.268907,0.495735,0.499419,-0.0596769,0.864303,0.262001,0.961316,-0.0850164
0.883514,0.268428,0.580703,-0.825794,0.0831384,0.55781,0.499419,-0.351687,0.791768,0.262001,0.932419,0.2489
0.883514,0.406756,0.572801,-0.825794,-0.112658,0.552605,0.499419,-0.601278,0.623735,0.262001,0.791058,0.552795
0.883514,0.539444,0.612686,-0.825794,-0.294866,0.480748,0.499419,-0.778346,0.38047,0.262001,0.554284,0.790016
0.883514,0.650489,0.695548,-0.825794,-0.441508,0.350905,0.499419,-0.861535,0.0913143,0.262001,0.250656,0.931948
0.883514,0.726496,0.811392,-0.825794,-0.534899,0.178738,0.499419,-0.840809,-0.208855,0.262001,-0.0832059,0.961474
0.883514,0.758299,0.946246,-0.825794,-0.563772,-0.0149874,0.499419,-0.71867,-0.483833,0.262001,-0.407031,0.875032
0.883514,0.742061,1.08384,-0.825794,-0.524647,-0.206905,0.499419,-0.509848,-0.700454,0.262001,-0.681763,0.683048
0.883514,0.679741,1.20759,-0.825794,-0.422241,-0.373867,0.499419,-0.239531,-0.83259,0.262001,-0.874264,0.408679
0.883514,0.578855,1.30256,-0.825794,-0.268907,-0.495735,0.499419,0.0596769,-0.864303,0.262001,-0.961316,0.0850164
0.875863,0.0472386,0.725704,0.985232,0.0331339,-0.167991,-0.00862081,0.989453,0.144597,0.17101,-0.141013,0.975126
0.875863,0.149313,0.633406,0.985232,0.0885919,-0.146527,-0.00862081,0.880327,0.474289,0.17101,-0.466022,0.868089
0.875863,0.276799,0.581585,0.985232,0.133364,-0.10739,-0.00862081,0.66502,0.746776,0.17101,-0.734821,0.656348
0.875863,0.41432,0.576493,0.985232,0.162051,-0.0553006,-0.00862081,0.369502,0.92919,0.17101,-0.914991,0.365442
0.875863,0.54529,0.618742,0.985232,0.171192,0.00345921,-0.00862081,0.0294167,0.99953,0.17101,-0.984798,0.030458
0.875863,0.65391,0.703238,0.985232,0.159685,0.0618018,-0.00862081,-0.314217,0.949312,0.17101,-0.935825,-0.3082
0.875863,0.727081,0.819789,0.985232,0.128917,0.11269,-0.00862081,-0.619951,0.784593,0.17101,-0.773977,-0.609684
0.875863,0.755977,0.954337,0.985232,0.0826004,0.149986,-0.00862081,-0.85091,0.525241,0.17101,-0.518777,-0.837631
0.875863,0.737112,1.09065,0.985232,0.0263206,0.169192,-0.00862081,-0.979237,0.202536,0.17101,-0.201004,-0.964548
0.875863,0.672761,1.2123,0.985232,-0.0331339,0.167991,-0.00862081,-0.989453,-0.144597,0.17101,0.141013,-0.975126
0.875863,0.570687,1.30459,0.985232,-0.0885919,0.146527,-0.00862081,-0.880327,-0.474289,0.17101,0.466022,-0.868089
0.875863,0.443201,1.35641,0.985232,-0.133364,0.10739,-0.00862081,-0.66502,-0.746776,0.17101,0.734821,-0.656348
0.875863,0.30568,1.36151,0.985232,-0.162051,0.0553006,-0.00862081,-0.369502,-0.92919,0.17101,0.914991,-0.365442
0.875863,0.17471,1.31926,0.985232,-0.171192,-0.00345921,-0.00862081,-0.0294167,-0.99953,0.17101,0.984798,-0.030458
0.875863,0.0660895,1.23476,0.985232,-0.159685,-0.0618018,-0.00862081,0.314217,-0.949312,0.17101,0.935825,0.3082
0.875863,-0.00708144,1.11821,0.985232,-0.128917,-0.11269,-0.00862081,0.619951,-0.784593,0.17101,0.773977,0.609684
0.875863,-0.0359769,0.983663,0.985232,-0.0826004,-0.149986,-0.00862081,0.85091,-0.525241,0.17101,0.518777,0.837631
0.875863,-0.0171118,0.847347,0.985232,-0.0263206,-0.169192,-0.00862081,0.979237,-0.202536,0.17101,0.201004,0.964548
0.875863,0.0472386,0.725704,0.985232,0.0331339,-0.167991,-0.00862081,0.989453,0.144597,0.17101,-0.141013,0.975126
0.749059,0.105913,0.769453,0.900555,-0.233435,-0.366755,0.292759,0.949288,0.114648,0.321393,-0.210618,0.923226
0.749059,0.189485,0.694585,0.900555,-0.0939202,-0.424476,0.292759,0.852827,0.43241,0.321393,-0.513678,0.795513
0.749059,0.293624,0.652814,0.900555,0.0569233,-0.431,0.292759,0.653502,0.698016,0.321393,-0.754781,0.57185
0.749059,0.405769,0.649181,0.900555,0.200901,-0.385538,0.292759,0.375356,0.879432,0.321393,-0.904846,0.279213
0.749059,0.512393,0.684122,0.900555,0.320647,-0.293575,0.292759,0.0519355,0.954775,0.321393,-0.945774,-0.0471015
0.749059,0.600637,0.753424,0.900555,0.401718,-0.166203,0.292759,-0.277749,0.914958,0.321393,-0.872627,-0.367735
0.749059,0.659856,0.848727,0.900555,0.434336,-0.0187838,0.292759,-0.573933,0.764783,0.321393,-0.694229,-0.644014
0.749059,0.682908,0.958538,0.900555,0.414567,0.130901,0.292759,-0.800891,0.522365,0.321393,-0.432096,-0.842615
0.749059,0.667013,1.06961,0.900555,0.344795,0.264797,0.292759,-0.931251,0.216941,0.321393,-0.117846,-0.939584
0.749059,0.614087,1.16855,0.900555,0.233435,0.366755,0.292759,-0.949288,-0.114648,0.321393,0.210618,-0.923226
0.749059,0.530515,1.24342,0.900555,0.0939202,0.424476,0.292759,-0.852827,-0.43241,0.321393,0.513678,-0.795513
0.749059,0.426376,1.28519,0.900555,-0.0569233,0.431,0.292759,-0.653502,-0.698016,0.321393,0.754781,-0.57185
0.749059,0.314231,1.28882,0.900555,-0.200901,0.385538,0.292759,-0.375356,-0.879432,0.321393,0.904846,-0.279213
0.749059,0.207607,1.25388,0.900555,-0.320647,0.293575,0.292759,-0.0519355,-0.954775,0.321393,0.945774,0.0471015
0.749059,0.119363,1.18458,0.900555,-0.401718,0.166203,0.292759,0.277749,-0.914958,0.321393,0.872627,0.367735
0.749059,0.0601441,1.08927,0.900555,-0.434336,0.0187838,0.292759,0.573933,-0.764783,0.321393,0.694229,0.644014
0.749059,0.0370919,0.979462,0.900555,-0.414567,-0.130901,0.292759,0.800891,-0.522365,0.321393,0.432096,0.842615
0.749059,0.0529873,0.86839,0.900555,-0.344795,-0.264797,0.292759,0.931251,-0.216941,0.321393,0.117846,0.939584
0.749059,0.105913,0.769453,0.900555,-0.233435,-0.366755,0.292759,0.949288,0.114648,0.321393,-0.210618,0.923226
0.654934,0.195817,0.836489,0.707258,-0.460711,-0.53622,0.558827,0.82891,0.0248904,0.433011,-0.317258,0.843711
0.654934,0.25104,0.788327,0.707258,-0.249529,-0.661454,0.558827,0.770408,0.306893,0.433011,-0.586691,0.684321
0.654934,0.319405,0.761956,0.707258,-0.00825005,-0.706908,0.558827,0.618983,0.55188,0.433011,-0.785361,0.442391
0.654934,0.392666,0.760558,0.707258,0.234024,-0.667097,0.558827,0.392899,0.730303,0.433011,-0.889305,0.147102
0.654934,0.461988,0.784301,0.707258,0.448071,-0.546826,0.558827,0.119427,0.82064,0.433011,-0.885985,-0.165929
0.654934,0.519008,0.830322,0.707258,0.608075,-0.360599,0.558827,-0.168451,0.811995,0.433011,-0.775802,-0.458947
0.654934,0.556849,0.893069,0.707258,0.694735,-0.130878,0.558827,-0.436011,0.705412,0.433011,-0.572047,-0.696609
0.654934,0.570948,0.964974,0.707258,0.697601,0.114628,0.558827,-0.650981,0.513746,0.433011,-0.299293,-0.85025
0.654934,0.559603,1.03737,0.707258,0.616325,0.346309,0.558827,-0.787434,0.260115,0.433011,0.00955876,-0.901338
0.654934,0.524183,1.10151,0.707258,0.460711,0.53622,0.558827,-0.82891,-0.0248904,0.433011,0.317258,-0.843711
0.654934,0.46896,1.14967,0.707258,0.249529,0.661454,0.558827,-0.770408,-0.306893,0.433011,0.586691,-0.684321
0.654934,0.400595,1.17604,0.707258,0.00825005,0.706908,0.558827,-0.618983,-0.55188,0.433011,0.785361,-0.442391
0.654934,0.327334,1.17744,0.707258,-0.234024,0.667097,0.558827,-0.392899,-0.730303,0.433011,0.889305,-0.147102
0.654934,0.258012,1.1537,0.707258,-0.448071,0.546826,0.558827,-0.119427,-0.82064,0.433011,0.885985,0.165929
0.654934,0.200992,1.10768,0.707258,-0.608075,0.360599,0.558827,0.168451,-0.811995,0.433011,0.775802,0.458947
0.654934,0.163151,1.04493,0.707258,-0.694735,0.130878,0.558827,0.436011,-0.705412,0.433011,0.572047,0.696609
