0.658953,0.21922,0.893968,0.308961,0.0913379,0.946679,0.951075,-0.0296678,-0.307533,-3.49349e-06,0.995378,-0.0960353
0.907818,0.142824,0.591484,0.92986,0.267283,-0.252826,-0.179072,0.92909,0.323613,0.321394,-0.25564,0.911786
0.907818,0.256789,0.508189,0.92986,0.337635,-0.146163,-0.179072,0.762377,0.621864,0.321394,-0.552073,0.769364
0.907818,0.39237,0.468896,0.92986,0.367264,-0.02187,-0.179072,0.50371,0.845109,0.321394,-0.781917,0.534146
0.907818,0.533213,0.478344,0.92986,0.352595,0.105061,-0.179072,0.184288,0.966422,0.321394,-0.91745,0.234502
0.907818,0.66233,0.535394,0.92986,0.295398,0.219319,-0.179072,-0.157362,0.97117,0.321394,-0.942325,-0.0934266
0.907818,0.764149,0.633163,0.92986,0.202572,0.307125,-0.179072,-0.480031,0.85878,0.321394,-0.853542,-0.410087
0.907818,0.826388,0.759861,0.92986,0.0853125,0.357887,-0.179072,-0.744802,0.642809,0.321394,-0.66181,-0.677284
0.907818,0.841541,0.900204,0.92986,-0.042237,0.365482,-0.179072,-0.919738,0.349306,0.321394,-0.390253,-0.862791
0.907818,0.807779,1.03727,0.92986,-0.164692,0.328995,-0.179072,-0.983741,0.0136708,0.321394,-0.0716258,-0.944233
0.907818,0.729176,1.15452,0.92986,-0.267283,0.252826,-0.179072,-0.92909,-0.323613,0.321394,0.25564,-0.911786
0.907818,0.615211,1.23781,0.92986,-0.337635,0.146163,-0.179072,-0.762377,-0.621864,0.321394,0.552073,-0.769364
0.907818,0.47963,1.2771,0.92986,-0.367264,0.02187,-0.179072,-0.50371,-0.845109,0.321394,0.781917,-0.534146
0.907818,0.338787,1.26766,0.92986,-0.352595,-0.105061,-0.179072,-0.184288,-0.966422,0.321394,0.91745,-0.234502
0.907818,0.20967,1.21061,0.92986,-0.295398,-0.219319,-0.179072,0.157362,-0.97117,0.321394,0.942325,0.0934266
0.907818,0.107851,1.11284,0.92986,-0.202572,-0.307125,-0.179072,0.480031,-0.85878,0.321394,0.853542,0.410087
0.907818,0.0456119,0.986139,0.92986,-0.0853125,-0.357887,-0.179072,0.744802,-0.642809,0.321394,0.66181,0.677284
0.907818,0.0304592,0.845796,0.92986,0.042237,-0.365482,-0.179072,0.919738,-0.349306,0.321394,0.390253,0.862791
0.907818,0.0642208,0.708733,0.92986,0.164692,-0.328995,-0.179072,0.983741,-0.0136708,0.321394,0.0716258,0.944233
0.907818,0.142824,0.591484,0.92986,0.267283,-0.252826,-0.179072,0.92909,0.323613,0.321394,-0.25564,0.911786
0.809114,0.148295,0.648186,0.796489,0.238049,-0.555821,-0.0275851,0.932589,0.359884,0.604023,-0.271311,0.749364
0.809114,0.242537,0.563343,0.796489,0.413795,-0.440883,-0.0275851,0.75326,0.657144,0.604023,-0.511247,0.611378
0.809114,0.360113,0.515849,0.796489,0.539631,-0.272769,-0.0275851,0.483076,0.875144,0.604023,-0.689518,0.399651
0.809114,0.486842,0.511433,0.796489,0.60038,-0.0717539,-0.0275851,0.154626,0.987588,0.604023,-0.784624,0.13972
0.809114,0.607439,0.550628,0.796489,0.588714,0.137915,-0.0275851,-0.192474,0.980914,0.604023,-0.785092,-0.137064
0.809114,0.707358,0.628705,0.796489,0.50604,0.33095,-0.0275851,-0.516359,0.855928,0.604023,-0.690867,-0.397315
0.809114,0.774547,0.736247,0.796489,0.362331,0.484067,-0.0275851,-0.777963,0.627704,0.604023,-0.513313,-0.609644
0.809114,0.800902,0.860284,0.796489,0.174919,0.578799,-0.0275851,-0.945734,0.32377,0.604023,-0.273846,-0.748442
0.809114,0.783245,0.985855,0.796489,-0.0335911,0.603719,-0.0275851,-0.999435,-0.0192157,0.604023,-0.00134849,-0.796966
0.809114,0.723705,1.09781,0.796489,-0.238049,0.555821,-0.0275851,-0.932589,-0.359884,0.604023,0.271311,-0.749364
0.809114,0.629463,1.18266,0.796489,-0.413795,0.440883,-0.0275851,-0.75326,-0.657144,0.604023,0.511247,-0.611378
0.809114,0.511887,1.23015,0.796489,-0.539631,0.272769,-0.0275851,-0.483076,-0.875144,0.604023,0.689518,-0.399651
0.809114,0.385158,1.23457,0.796489,-0.60038,0.0717539,-0.0275851,-0.154626,-0.987588,0.604023,0.784624,-0.13972
0.809114,0.264561,1.19537,0.796489,-0.588714,-0.137915,-0.0275851,0.192474,-0.980914,0.604023,0.785092,0.137064
0.809114,0.164642,1.1173,0.796489,-0.50604,-0.33095,-0.0275851,0.516359,-0.855928,0.604023,0.690867,0.397315
0.809114,0.097453,1.00975,0.796489,-0.362331,-0.484067,-0.0275851,0.777963,-0.627704,0.604023,0.513313,0.609644
0.809114,0.0710977,0.885716,0.796489,-0.174919,-0.578799,-0.0275851,0.945734,-0.32377,0.604023,0.273846,0.748442
0.809114,0.088755,0.760145,0.796489,0.0335911,-0.603719,-0.0275851,0.999435,0.0192157,0.604023,0.00134849,0.796966
0.809114,0.148295,0.648186,0.796489,0.238049,-0.555821,-0.0275851,0.932589,0.359884,0.604023,-0.271311,0.749364
0.735846,0.156678,0.735071,0.567051,0.214959,-0.795139,0.127229,0.930902,0.342395,0.813797,-0.29532,0.50052
0.735846,0.220698,0.647856,0.567051,0.473949,-0.673666,0.127229,0.757656,0.640133,0.813797,-0.448698,0.369329
0.735846,0.310686,0.587796,0.567051,0.675774,-0.470938,0.127229,0.493025,0.860662,0.813797,-0.547956,0.193592
0.735846,0.415789,0.562136,0.567051,0.79609,-0.211409,0.127229,0.168928,0.977382,0.813797,-0.581123,-0.00549502
0.735846,0.523329,0.573971,0.567051,0.820386,0.0736192,0.127229,-0.175544,0.976216,0.813797,-0.544198,-0.203919
0.735846,0.620337,0.621873,0.567051,0.745732,0.349768,0.127229,-0.498843,0.857303,0.813797,-0.441634,-0.377748
0.735846,0.695111,0.700064,0.567051,0.581131,0.58373,0.127229,-0.761974,0.634987,0.813797,-0.285803,-0.506015
0.735846,0.738632,0.799115,0.567051,0.346437,0.747285,0.127229,-0.933199,0.336082,0.813797,-0.0954994,-0.573249
0.735846,0.745651,0.907077,0.567051,0.0699578,0.820706,0.127229,-0.991868,-0.00335879,0.813797,0.106322,-0.57134
0.735846,0.715322,1.01093,0.567051,-0.214959,0.795139,0.127229,-0.930902,-0.342395,0.813797,0.29532,-0.50052
0.735846,0.651302,1.09814,0.567051,-0.473949,0.673666,0.127229,-0.757656,-0.640133,0.813797,0.448698,-0.369329
0.735846,0.561314,1.1582,0.567051,-0.675774,0.470938,0.127229,-0.493025,-0.860662,0.813797,0.547956,-0.193592
0.735846,0.456211,1.18386,0.567051,-0.79609,0.211409,0.127229,-0.168928,-0.977382,0.813797,0.581123,0.00549502
0.735846,0.348671,1.17203,0.567051,-0.820386,-0.0736192,0.127229,0.175544,-0.976216,0.813797,0.544198,0.203919
0.735846,0.251663,1.12413,0.567051,-0.745732,-0.349768,0.127229,0.498843,-0.857303,0.813797,0.441634,0.377748
0.735846,0.176889,1.04594,0.567051,-0.581131,-0.58373,0.127229,0.761974,-0.634987,0.813797,0.285803,0.506015
0.735846,0.133368,0.946885,0.567051,-0.346437,-0.747285,0.127229,0.933199,-0.336082,0.813797,0.0954994,0.573249
0.735846,0.126349,0.838923,0.567051,-0.0699578,-0.820706,0.127229,0.991868,0.00335879,0.813797,-0.106322,0.57134
0.735846,0.156678,0.735071,0.567051,0.214959,-0.795139,0.127229,0.930902,0.342395,0.813797,-0.29532,0.50052
0.696852,0.166962,0.84166,0.269218,0.200798,-0.941914,0.266698,0.924231,0.273256,0.925416,-0.324772,0.195267
0.696852,0.193906,0.751534,0.269218,0.510842,-0.816433,0.266698,0.775034,0.572882,0.925416,-0.371971,0.0724125
0.696852,0.25005,0.676058,0.269218,0.759271,-0.592477,0.266698,0.532357,0.803411,0.925416,-0.374305,-0.059176
0.696852,0.328622,0.624336,0.269218,0.91612,-0.297061,0.266698,0.225469,0.937036,0.925416,-0.331492,-0.183627
0.696852,0.420146,0.602607,0.269218,0.962472,0.0341859,0.266698,-0.108614,0.957641,0.925416,-0.248697,-0.28593
0.696852,0.513582,0.613491,0.269218,0.892736,0.361309,0.266698,-0.429596,0.86274,0.925416,-0.135904,-0.353746
0.696852,0.59766,0.655676,0.269218,0.715322,0.644853,0.266698,-0.698762,0.66378,0.925416,-0.00672034,-0.378894
0.696852,0.66224,0.724074,0.269218,0.45163,0.850618,0.266698,-0.883648,0.384758,0.925416,0.123274,-0.358343
0.696852,0.699532,0.810434,0.269218,0.133465,0.953787,0.266698,-0.961952,0.059329,0.925416,0.2384,-0.29457
0.696852,0.705038,0.90434,0.269218,-0.200798,0.941914,0.266698,-0.924231,-0.273256,0.925416,0.324772,-0.195267
0.696852,0.678094,0.994466,0.269218,-0.510842,0.816433,0.266698,-0.775034,-0.572882,0.925416,0.371971,-0.0724125
0.696852,0.62195,1.06994,0.269218,-0.759271,0.592477,0.266698,-0.532357,-0.803411,0.925416,0.374305,0.059176
0.696852,0.543378,1.12166,0.269218,-0.91612,0.297061,0.266698,-0.225469,-0.937036,0.925416,0.331492,0.183627
0.696852,0.451854,1.14339,0.269218,-0.962472,-0.0341859,0.266698,0.108614,-0.957641,0.925416,0.248697,0.28593
0.696852,0.358418,1.13251,0.269218,-0.892736,-0.361309,0.266698,0.429596,-0.86274,0.925416,0.135904,0.353746
0.696852,0.27434,1.09032,0.269218,-0.715322,-0.644853,0.266698,0.698762,-0.66378,0.925416,0.00672034,0.378894
0.696852,0.20976,1.02193,0.269218,-0.45163,-0.850618,0.266698,0.883648,-0.384758,0.925416,-0.123274,0.358343
0.696852,0.172468,0.935566,0.269218,-0.133465,-0.953787,0.266698,0.961952,-0.059329,0.925416,-0.2384,0.29457
0.696852,0.166962,0.84166,0.269218,0.200798,-0.941914,0.266698,0.924231,0.273256,0.925416,-0.324772,0.195267
0.696834,0.177907,0.955096,-0.061087,0.197274,-0.978443,0.373999,0.913382,0.160806,0.925415,-0.356113,-0.129576
0.696834,0.165393,0.861872,-0.061087,0.520024,-0.851964,0.373999,0.803299,0.463503,0.925415,-0.29032,-0.243559
0.696834,0.185519,0.76999,-0.061087,0.780052,-0.622726,0.373999,0.596327,0.710295,0.925415,-0.189509,-0.328166
0.696834,0.235856,0.690533,-0.061087,0.945994,-0.318378,0.373999,0.317429,0.871415,0.925415,-0.0658407,-0.373191
0.696834,0.310334,0.633083,-0.061087,0.997835,0.0243717,0.373999,0.000243993,0.927429,0.925415,0.0657689,-0.373204
0.696834,0.399969,0.604572,-0.061087,0.929322,0.364182,0.373999,-0.31697,0.871582,0.925415,0.189446,-0.328203
0.696834,0.49395,0.608437,-0.061087,0.74872,0.660066,0.373999,-0.595953,0.710609,0.925415,0.290273,-0.243615
0.696834,0.580941,0.644212,-0.061087,0.477811,0.876336,0.373999,-0.803055,0.463926,0.925415,0.356088,-0.129644
0.696834,0.65045,0.707582,-0.061087,0.149271,0.986908,0.373999,-0.913297,0.161287,0.925415,0.378955,-3.64843e-05
0.696834,0.694093,0.790904,-0.061087,-0.197274,0.978443,0.373999,-0.913382,-0.160806,0.925415,0.356113,0.129576
0.696834,0.706607,0.884128,-0.061087,-0.520024,0.851964,0.373999,-0.803299,-0.463503,0.925415,0.29032,0.243559
0.696834,0.686481,0.97601,-0.061087,-0.780052,0.622726,0.373999,-0.596327,-0.710295,0.925415,0.189509,0.328166
0.696834,0.636144,1.05547,-0.061087,-0.945994,0.318378,0.373999,-0.317429,-0.871415,0.925415,0.0658407,0.373191
0.696834,0.561666,1.11292,-0.061087,-0.997835,-0.0243717,0.373999,-0.000243993,-0.927429,0.925415,-0.0657689,0.373204
0.696834,0.472031,1.14143,-0.061087,-0.929322,-0.364182,0.373999,0.31697,-0.871582,0.925415,-0.189446,0.328203
0.696834,0.37805,1.13756,-0.061087,-0.74872,-0.660066,0.373999,0.595953,-0.710609,0.925415,-0.290273,0.243615
0.696834,0.291059,1.10179,-0.061087,-0.477811,-0.876336,0.373999,0.803055,-0.463926,0.925415,-0.356088,0.129644
0.696834,0.22155,1.03842,-0.061087,-0.149271,-0.986908,0.373999,0.913297,-0.161287,0.925415,-0.378955,3.64843e-05
0.696834,0.177907,0.955096,-0.061087,0.197274,-0.978443,0.373999,0.913382,0.160806,0.925415,-0.356113,-0.129576
0.735794,0.188192,1.0617,-0.384024,0.204811,-0.900321,0.43619,0.899662,0.0186083,0.813796,-0.385565,-0.434828
0.735794,0.138598,0.965562,-0.384024,0.500387,-0.775976,0.43619,0.839042,0.325189,0.813796,-0.213593,-0.540476
0.735794,0.124876,0.858262,-0.384024,0.73561,-0.558036,0.43619,0.67722,0.592547,0.813796,-0.0158577,-0.580934
0.735794,0.14868,0.75274,-0.384024,0.882106,-0.272789,0.43619,0.433716,0.788434,0.813796,0.18379,-0.551323
0.735794,0.207138,0.661723,-0.384024,0.922208,0.0453604,0.43619,0.137899,0.889226,0.813796,0.36127,-0.455214
0.735794,0.293201,0.59619,-0.384024,0.851078,0.358039,0.43619,-0.17455,0.882763,0.813796,0.495175,-0.3042
0.735794,0.396488,0.564043,-0.384024,0.677295,0.627532,0.43619,-0.465946,0.769826,0.813796,0.569355,-0.116495
0.735794,0.50454,0.569162,-0.384024,0.421821,0.821336,0.43619,-0.701142,0.564037,0.813796,0.574862,0.0852614
0.735794,0.604325,0.610927,-0.384024,0.115469,0.916075,0.43619,-0.85177,0.290217,0.813796,0.511033,0.276734
0.735794,0.683808,0.684303,-0.384024,-0.204811,0.900321,0.43619,-0.899662,-0.0186083,0.813796,0.385565,0.434828
0.735794,0.733402,0.780438,-0.384024,-0.500387,0.775976,0.43619,-0.839042,-0.325189,0.813796,0.213593,0.540476
0.735794,0.747124,0.887738,-0.384024,-0.73561,0.558036,0.43619,-0.67722,-0.592547,0.813796,0.0158577,0.580934
0.735794,0.72332,0.99326,-0.384024,-0.882106,0.272789,0.43619,-0.433716,-0.788434,0.813796,-0.18379,0.551323
0.735794,0.664862,1.08428,-0.384024,-0.922208,-0.0453604,0.43619,-0.137899,-0.889226,0.813796,-0.36127,0.455214
0.735794,0.578799,1.14981,-0.384024,-0.851078,-0.358039,0.43619,0.17455,-0.882763,0.813796,-0.495175,0.3042
0.735794,0.475512,1.18196,-0.384024,-0.677295,-0.627532,0.43619,0.465946,-0.769826,0.813796,-0.569355,0.116495
0.735794,0.36746,1.17684,-0.384024,-0.421821,-0.821336,0.43619,0.701142,-0.564037,0.813796,-0.574862,-0.0852614
0.735794,0.267675,1.13507,-0.384024,-0.115469,-0.916075,0.43619,0.85177,-0.290217,0.813796,-0.511033,-0.276734
0.735794,0.188192,1.0617,-0.384024,0.204811,-0.900321,0.43619,0.899662,0.0186083,0.813796,-0.385565,-0.434828
0.809034,0.196577,1.14861,-0.660642,0.222501,-0.71697,0.44577,0.884727,-0.136186,0.604021,-0.409574,-0.683672
0.809034,0.116753,1.0501,-0.660642,0.454301,-0.597631,0.44577,0.87795,0.174621,0.604021,-0.151044,-0.782524
0.809034,0.0754355,0.930228,-0.660642,0.631305,-0.40621,0.44577,0.765279,0.464367,0.604021,0.125704,-0.786992
0.809034,0.0776071,0.803456,-0.660642,0.732165,-0.165793,0.44577,0.560304,0.698103,0.604021,0.38729,-0.696538
0.809034,0.123006,0.685073,-0.660642,0.744714,0.0946204,0.44577,0.287749,0.847638,0.604021,0.602164,-0.52207
0.809034,0.206157,0.589356,-0.660642,0.66744,0.343621,0.44577,-0.019514,0.894935,0.604021,0.744407,-0.284633
0.809034,0.31703,0.527851,-0.660642,0.509663,0.551177,0.44577,-0.324423,0.834289,0.604021,0.796864,-0.0128654
0.809034,0.442253,0.507976,-0.660642,0.290413,0.692252,0.44577,-0.590202,0.673016,0.604021,0.753208,0.260454
0.809034,0.566722,0.532128,-0.660642,0.0361354,0.749831,0.44577,-0.784793,0.430568,0.604021,0.618703,0.502359
0.809034,0.675423,0.597395,-0.660642,-0.222501,0.71697,0.44577,-0.884727,0.136186,0.604021,0.409574,0.683672
0.809034,0.755247,0.695903,-0.660642,-0.454301,0.597631,0.44577,-0.87795,-0.174621,0.604021,0.151044,0.782524
0.809034,0.796565,0.815772,-0.660642,-0.631305,0.40621,0.44577,-0.765279,-0.464367,0.604021,-0.125704,0.786992
0.809034,0.794393,0.942544,-0.660642,-0.732165,0.165793,0.44577,-0.560304,-0.698103,0.604021,-0.38729,0.696538
0.809034,0.748994,1.06093,-0.660642,-0.744714,-0.0946204,0.44577,-0.287749,-0.847638,0.604021,-0.602164,0.52207
0.809034,0.665843,1.15664,-0.660642,-0.66744,-0.343621,0.44577,0.019514,-0.894935,0.604021,-0.744407,0.284633
0.809034,0.55497,1.21815,-0.660642,-0.509663,-0.551177,0.44577,0.324423,-0.834289,0.604021,-0.796864,0.0128654
0.809034,0.429747,1.23802,-0.660642,-0.290413,-0.692252,0.44577,0.590202,-0.673016,0.604021,-0.753208,-0.260454
0.809034,0.305278,1.21387,-0.660642,-0.0361354,-0.749831,0.44577,0.784793,-0.430568,0.604021,-0.618703,-0.502359
0.809034,0.196577,1.14861,-0.660642,0.222501,-0.71697,0.44577,0.884727,-0.136186,0.604021,-0.409574,-0.683672
0.90772,0.202051,1.20534,-0.857576,0.24821,-0.450504,0.401584,0.870378,-0.284907,0.321392,-0.425245,-0.846093
0.90772,0.102493,1.10528,-0.857576,0.387323,-0.338443,0.401584,0.915332,0.0299619,0.321392,-0.110218,-0.94051
0.90772,0.0431611,0.977207,-0.857576,0.479719,-0.18556,0.401584,0.849883,0.341217,0.321392,0.218102,-0.921487
0.90772,0.0312114,0.836563,-0.857576,0.514253,-0.0102956,0.401584,0.681926,0.611316,0.321392,0.520116,-0.791319
0.90772,0.0680852,0.700315,-0.857576,0.486761,0.16621,0.401584,0.431718,0.807682,0.321392,0.759396,-0.565707
0.90772,0.149335,0.584895,-0.857576,0.400559,0.322669,0.401584,0.129439,0.906629,0.321392,0.907082,-0.271862
0.90772,0.265161,0.504224,-0.857576,0.266043,0.440209,0.401584,-0.188452,0.896223,0.321392,0.945361,0.0547739
0.90772,0.401592,0.468034,-0.857576,0.0994384,0.504653,0.401584,-0.483614,0.77772,0.321392,0.869615,0.374803
0.90772,0.542174,0.480688,-0.857576,-0.07916,0.508229,0.401584,-0.720444,0.565412,0.321392,0.68898,0.649625
0.90772,0.669949,0.540661,-0.857576,-0.24821,0.450504,0.401584,-0.870378,0.284907,0.321392,0.425245,0.846093
0.90772,0.769507,0.640719,-0.857576,-0.387323,0.338443,0.401584,-0.915332,-0.0299619,0.321392,0.110218,0.94051
0.90772,0.828839,0.768793,-0.857576,-0.479719,0.18556,0.401584,-0.849883,-0.341217,0.321392,-0.218102,0.921487
0.90772,0.840789,0.909437,-0.857576,-0.514253,0.0102956,0.401584,-0.681926,-0.611316,0.321392,-0.520116,0.791319
0.90772,0.803915,1.04569,-0.857576,-0.486761,-0.16621,0.401584,-0.431718,-0.807682,0.321392,-0.759396,0.565707
0.90772,0.722665,1.16111,-0.857576,-0.400559,-0.322669,0.401584,-0.129439,-0.906629,0.321392,-0.907082,0.271862
0.90772,0.606839,1.24178,-0.857576,-0.266043,-0.440209,0.401584,0.188452,-0.896223,0.321392,-0.945361,-0.0547739
0.90772,0.470408,1.27797,-0.857576,-0.0994384,-0.504653,0.401584,0.483614,-0.77772,0.321392,-0.869615,-0.374803
0.90772,0.329826,1.26531,-0.857576,0.07916,-0.508229,0.401584,0.720444,-0.565412,0.321392,-0.68898,-0.649625
0.90772,0.202051,1.20534,-0.857576,0.24821,-0.450504,0.401584,0.870378,-0.284907,0.321392,-0.425245,-0.846093
0.883612,0.264045,0.512975,0.961642,0.222266,-0.160756,-0.0812368,0.790514,0.607032,0.262003,-0.570688,0.778248
0.883612,0.397551,0.475875,0.961642,0.263844,-0.0750418,-0.0812368,0.535223,0.840795,0.262003,-0.802448,0.536127
0.883612,0.535694,0.486674,0.961642,0.273598,0.0197237,-0.0812368,0.215377,0.973146,0.262003,-0.93742,0.229341
0.883612,0.661813,0.54407,0.961642,0.250352,0.11211,-0.0812368,-0.130448,0.988121,0.262003,-0.959326,-0.105106
0.883612,0.760696,0.641139,0.961642,0.19691,0.190975,-0.0812368,-0.460538,0.883915,0.262003,-0.865523,-0.426877
0.883612,0.820415,0.766175,0.961642,0.119718,0.246805,-0.0812368,-0.735081,0.673095,0.262003,-0.667326,-0.697159
0.883612,0.833768,0.904095,0.961642,0.0280857,0.272867,-0.0812368,-0.920962,0.38109,0.262003,-0.388638,-0.883354
0.883612,0.799145,1.03826,0.961642,-0.0669339,0.266017,-0.0812368,-0.995762,0.0431194,0.262003,-0.0630758,-0.963004
0.883612,0.720721,1.1525,0.961642,-0.15388,0.227081,-0.0812368,-0.950458,-0.300052,0.262003,0.270095,-0.926501
0.883612,0.607955,1.23303,0.961642,-0.222266,0.160756,-0.0812368,-0.790514,-0.607032,0.262003,0.570688,-0.778248
0.883612,0.474449,1.27013,0.961642,-0.263844,0.0750418,-0.0812368,-0.535223,-0.840795,0.262003,0.802448,-0.536127
0.883612,0.336306,1.25933,0.961642,-0.273598,-0.0197237,-0.0812368,-0.215377,-0.973146,0.262003,0.93742,-0.229341
0.883612,0.210187,1.20193,0.961642,-0.250352,-0.11211,-0.0812368,0.130448,-0.988121,0.262003,0.959326,0.105106
0.883612,0.111304,1.10486,0.961642,-0.19691,-0.190975,-0.0812368,0.460538,-0.883915,0.262003,0.865523,0.426877
0.883612,0.0515849,0.979825,0.961642,-0.119718,-0.246805,-0.0812368,0.735081,-0.673095,0.262003,0.667326,0.697159
0.883612,0.0382316,0.841905,0.961642,-0.0280857,-0.272867,-0.0812368,0.920962,-0.38109,0.262003,0.388638,0.883354
0.883612,0.072855,0.707735,0.961642,0.0669339,-0.266017,-0.0812368,0.995762,-0.0431194,0.262003,0.0630758,0.963004
0.883612,0.151279,0.593499,0.961642,0.15388,-0.227081,-0.0812368,0.950458,0.300052,0.262003,-0.270095,0.926501
0.883612,0.264045,0.512975,0.961642,0.222266,-0.160756,-0.0812368,0.790514,0.607032,0.262003,-0.570688,0.778248
0.763622,0.270696,0.58191,0.856221,0.191483,-0.479813,0.156285,0.789243,0.59386,0.492403,-0.583463,0.645841
0.763622,0.380224,0.542928,0.856221,0.344041,-0.385386,0.156285,0.538534,0.827983,0.492403,-0.769166,0.407336
0.763622,0.496479,0.543757,0.856221,0.455102,-0.244475,0.156285,0.22287,0.962239,0.492403,-0.862097,0.1197
0.763622,0.605439,0.584297,0.856221,0.511272,-0.0740772,0.156285,-0.119676,0.980435,0.492403,-0.851046,-0.182373
0.763622,0.693963,0.65966,0.856221,0.505774,0.105255,0.156285,-0.447787,0.880376,0.492403,-0.737346,-0.46245
0.763622,0.751372,0.760754,0.856221,0.439273,0.271893,0.156285,-0.721889,0.67413,0.492403,-0.534711,-0.686748
0.763622,0.770743,0.875387,0.856221,0.319789,0.405736,0.156285,-0.90892,0.386575,0.492403,-0.267583,-0.828214
0.763622,0.749739,0.989732,0.856221,0.161733,0.490641,0.156285,-0.986321,0.0523928,0.492403,0.0318202,-0.869785
0.763622,0.690894,1.09,0.856221,-0.0158296,0.516368,0.156285,-0.944758,-0.288109,0.492403,0.327385,-0.806448
0.763622,0.601304,1.16409,0.856221,-0.191483,0.479813,0.156285,-0.789243,-0.59386,0.492403,0.583463,-0.645841
0.763622,0.491776,1.20307,0.856221,-0.344041,0.385386,0.156285,-0.538534,-0.827983,0.492403,0.769166,-0.407336
0.763622,0.375521,1.20224,0.856221,-0.455102,0.244475,0.156285,-0.22287,-0.962239,0.492403,0.862097,-0.1197
0.763622,0.266561,1.1617,0.856221,-0.511272,0.0740772,0.156285,0.119676,-0.980435,0.492403,0.851046,0.182373
0.763622,0.178037,1.08634,0.856221,-0.505774,-0.105255,0.156285,0.447787,-0.880376,0.492403,0.737346,0.46245
0.763622,0.120628,0.985246,0.856221,-0.439273,-0.271893,0.156285,0.721889,-0.67413,0.492403,0.534711,0.686748
0.763622,0.101257,0.870613,0.856221,-0.319789,-0.405736,0.156285,0.90892,-0.386575,0.492403,0.267583,0.828214
0.763622,0.122261,0.756268,0.856221,-0.161733,-0.490641,0.156285,0.986321,-0.0523928,0.492403,-0.0318202,0.869785
0.763622,0.181106,0.656002,0.856221,0.0158296,-0.516368,0.156285,0.944758,0.288109,0.492403,-0.327385,0.806448
0.763622,0.270696,0.58191,0.856221,0.191483,-0.479813,0.156285,0.789243,0.59386,0.492403,-0.583463,0.645841
0.674556,0.280887,0.687537,0.647527,0.166019,-0.743738,0.374957,0.780247,0.50062,0.663413,-0.603035,0.442981
0.674556,0.353674,0.64567,0.647527,0.41038,-0.642104,0.374957,0.561971,0.73729,0.663413,-0.718176,0.210016
0.674556,0.43639,0.631222,0.647527,0.605244,-0.463022,0.374957,0.275912,0.885031,0.663413,-0.746695,-0.0482805
0.674556,0.519059,0.645937,0.647527,0.727106,-0.228093,0.374957,-0.0434263,0.926024,0.663413,-0.68515,-0.300753
0.674556,0.59171,0.688038,0.647527,0.761268,0.0343479,0.374957,-0.357526,0.855326,0.663413,-0.540967,-0.516951
0.674556,0.645581,0.752449,0.647527,0.703611,0.292646,0.374957,-0.628503,0.681462,0.663413,-0.331535,-0.670797
0.674556,0.674172,0.8314,0.647527,0.561087,0.515646,0.374957,-0.823674,0.425404,0.663413,-0.0821152,-0.743734
0.674556,0.674037,0.915368,0.647527,0.350888,0.676452,0.374957,-0.919497,0.118036,0.663413,0.177209,-0.726967
0.674556,0.645191,0.994226,0.647527,0.0983668,0.755667,0.374957,-0.904415,-0.203569,0.663413,0.415159,-0.622516
0.674556,0.591113,1.05846,0.647527,-0.166019,0.743738,0.374957,-0.780247,-0.50062,0.663413,0.603035,-0.442981
0.674556,0.518326,1.10033,0.647527,-0.41038,0.642104,0.374957,-0.561971,-0.73729,0.663413,0.718176,-0.210016
0.674556,0.43561,1.11478,0.647527,-0.605244,0.463022,0.374957,-0.275912,-0.885031,0.663413,0.746695,0.0482805
0.674556,0.352941,1.10006,0.647527,-0.727106,0.228093,0.374957,0.0434263,-0.926024,0.663413,0.68515,0.300753
0.674556,0.28029,1.05796,0.647527,-0.761268,-0.0343479,0.374957,0.357526,-0.855326,0.663413,0.540967,0.516951
0.674556,0.226419,0.993551,0.647527,-0.703611,-0.292646,0.374957,0.628503,-0.681462,0.663413,0.331535,0.670797
0.674556,0.197828,0.9146,0.647527,-0.561087,-0.515646,0.374957,0.823674,-0.425404,0.663413,0.0821152,0.743734
0.674556,0.197963,0.830632,0.647527,-0.350888,-0.676452,0.374957,0.919497,-0.118036,0.663413,-0.177209,0.726967
0.674556,0.226809,0.751774,0.647527,-0.0983668,-0.755667,0.374957,0.904415,0.203569,0.663413,-0.415159,0.622516
0.674556,0.280887,0.687537,0.647527,0.166019,-0.743738,0.374957,0.780247,0.50062,0.663413,-0.603035,0.442981
0.627155,0.293389,0.817116,0.360731,0.148945,-0.9207,0.548404,0.764611,0.33856,0.754404,-0.627044,0.194137
0.627155,0.321103,0.77171,0.360731,0.454861,-0.814233,0.548404,0.602706,0.579654,0.754404,-0.655628,-0.0320325
0.627155,0.362675,0.738521,0.360731,0.705913,-0.609557,0.548404,0.368104,0.750834,0.754404,-0.605133,-0.254339
0.627155,0.413092,0.721553,0.360731,0.871822,-0.33136,0.548404,0.0891046,0.831453,0.754404,-0.48165,-0.445968
0.627155,0.466271,0.722851,0.360731,0.932576,-0.0131954,0.548404,-0.200643,0.811786,0.754404,-0.300073,-0.583807
0.627155,0.5158,0.74226,0.360731,0.880848,0.30656,0.548404,-0.466189,0.694205,0.754404,-0.0823027,-0.65123
0.627155,0.555703,0.777437,0.360731,0.722877,0.58934,0.548404,-0.675507,0.492893,0.754404,0.145394,-0.640105
0.627155,0.581168,0.824141,0.360731,0.477716,0.801037,0.548404,-0.803348,0.232131,0.754404,0.355555,-0.551774
0.627155,0.589124,0.876738,0.360731,0.174935,0.916117,0.548404,-0.834294,-0.0566294,0.754404,0.52283,-0.396891
0.627155,0.578611,0.928884,0.360731,-0.148945,0.9207,0.548404,-0.764611,-0.33856,0.754404,0.627044,-0.194137
0.627155,0.550897,0.97429,0.360731,-0.454861,0.814233,0.548404,-0.602706,-0.579654,0.754404,0.655628,0.0320325
0.627155,0.509325,1.00748,0.360731,-0.705913,0.609557,0.548404,-0.368104,-0.750834,0.754404,0.605133,0.254339
0.627155,0.458908,1.02445,0.360731,-0.871822,0.33136,0.548404,-0.0891046,-0.831453,0.754404,0.48165,0.445968
0.627155,0.405729,1.02315,0.360731,-0.932576,0.0131954,0.548404,0.200643,-0.811786,0.754404,0.300073,0.583807
0.627155,0.3562,1.00374,0.360731,-0.880848,-0.30656,0.548404,0.466189,-0.694205,0.754404,0.0823027,0.65123
0.627155,0.316297,0.968563,0.360731,-0.722877,-0.58934,0.548404,0.675507,-0.492893,0.754404,-0.145394,0.640105
0.627155,0.290832,0.921859,0.360731,-0.477716,-0.801037,0.548404,0.803348,-0.232131,0.754404,-0.355555,0.551774
0.627155,0.282876,0.869262,0.360731,-0.174935,-0.916117,0.548404,0.834294,0.0566294,0.754404,-0.52283,0.396891
0.627155,0.293389,0.817116,0.360731,0.148945,-0.9207,0.548404,0.764611,0.33856,0.754404,-0.627044,0.194137
0.627137,0.306694,0.955017,0.0304265,0.142321,-0.989353,0.655705,0.744221,0.127224,0.754404,-0.652594,-0.0706768
0.627137,0.286441,0.905845,0.0304265,0.472117,-0.881011,0.655705,0.655826,0.37409,0.754404,-0.589065,-0.289615
0.627137,0.284227,0.852712,0.0304265,0.744968,-0.666406,0.655705,0.488329,0.575836,0.754404,-0.454486,-0.473621
0.627137,0.300318,0.802026,0.0304265,0.927965,-0.371422,0.655705,0.261931,0.708127,0.754404,-0.265089,-0.600502
0.627137,0.332776,0.759901,0.0304265,0.999036,-0.03164,0.655705,0.0039414,0.755007,0.754404,-0.0437187,-0.654953
0.627137,0.377683,0.731416,0.0304265,0.949608,0.311959,0.655705,-0.254524,0.710823,0.754404,0.182925,-0.630407
0.627137,0.429624,0.720009,0.0304265,0.785644,0.61793,0.655705,-0.48229,0.580903,0.754404,0.387505,-0.529825
0.627137,0.482335,0.727055,0.0304265,0.526919,0.849371,0.655705,-0.651885,0.380917,0.754404,0.545346,-0.365338
0.627137,0.529456,0.751704,0.0304265,0.20464,0.978364,0.655705,-0.742852,0.134987,0.754404,0.637411,-0.156786
0.627137,0.565306,0.790983,0.0304265,-0.142321,0.989353,0.655705,-0.744221,-0.127224,0.754404,0.652594,0.0706768
0.627137,0.585559,0.840155,0.0304265,-0.472117,0.881011,0.655705,-0.655826,-0.37409,0.754404,0.589065,0.289615
0.627137,0.587773,0.893288,0.0304265,-0.744968,0.666406,0.655705,-0.488329,-0.575836,0.754404,0.454486,0.473621
0.627137,0.571682,0.943974,0.0304265,-0.927965,0.371422,0.655705,-0.261931,-0.708127,0.754404,0.265089,0.600502
0.627137,0.539224,0.986099,0.0304265,-0.999036,0.03164,0.655705,-0.0039414,-0.755007,0.754404,0.0437187,0.654953
0.627137,0.494317,1.01458,0.0304265,-0.949608,-0.311959,0.655705,0.254524,-0.710823,0.754404,-0.182925,0.630407
0.627137,0.442376,1.02599,0.0304265,-0.785644,-0.61793,0.655705,0.48229,-0.580903,0.754404,-0.387505,0.529825
0.627137,0.389665,1.01894,0.0304265,-0.526919,-0.849371,0.655705,0.651885,-0.380917,0.754404,-0.545346,0.365338
0.627137,0.342544,0.994296,0.0304265,-0.20464,-0.978364,0.655705,0.742852,-0.134987,0.754404,-0.637411,0.156786
0.627137,0.306694,0.955017,0.0304265,0.142321,-0.989353,0.655705,0.744221,0.127224,0.754404,-0.652594,-0.0706768
0.674504,0.319197,1.08461,-0.303548,0.146946,-0.941417,0.683918,0.721536,-0.107896,0.663411,-0.676603,-0.31952
0.674504,0.253867,1.0319,-0.303548,0.460068,-0.834384,0.683918,0.714925,0.145391,0.663411,-0.526517,-0.531663
0.674504,0.210505,0.960022,-0.303548,0.717698,-0.626712,0.683918,0.622083,0.381142,0.663411,-0.312924,-0.679679
0.674504,0.194341,0.87765,-0.303548,0.888764,-0.343449,0.683918,0.454209,0.570921,0.663411,-0.0615889,-0.745716
0.674504,0.207325,0.794717,-0.303548,0.952631,-0.0187613,0.683918,0.23155,0.691839,0.663411,0.197175,-0.721808
0.674504,0.24789,0.721227,-0.303548,0.901597,0.308189,0.683918,-0.0190369,0.729311,0.663411,0.432157,-0.61084
0.674504,0.311144,0.666042,-0.303548,0.741817,0.597968,0.683918,-0.267328,0.678817,0.663411,0.615014,-0.426195
0.674504,0.389457,0.63582,-0.303548,0.492563,0.815622,0.683918,-0.483375,0.546448,0.663411,0.723692,-0.190145
0.674504,0.473385,0.634205,-0.303548,0.183899,0.934901,0.683918,-0.64112,0.348169,0.663411,0.745082,0.068839
0.674504,0.552803,0.661392,-0.303548,-0.146946,0.941417,0.683918,-0.721536,0.107896,0.663411,0.676603,0.31952
0.674504,0.618133,0.714103,-0.303548,-0.460068,0.834384,0.683918,-0.714925,-0.145391,0.663411,0.526517,0.531663
0.674504,0.661495,0.785978,-0.303548,-0.717698,0.626712,0.683918,-0.622083,-0.381142,0.663411,0.312924,0.679679
0.674504,0.677659,0.86835,-0.303548,-0.888764,0.343449,0.683918,-0.454209,-0.570921,0.663411,0.0615889,0.745716
0.674504,0.664675,0.951283,-0.303548,-0.952631,0.0187613,0.683918,-0.23155,-0.691839,0.663411,-0.197175,0.721808
0.674504,0.62411,1.02477,-0.303548,-0.901597,-0.308189,0.683918,0.0190369,-0.729311,0.663411,-0.432157,0.61084
0.674504,0.560856,1.07996,-0.303548,-0.741817,-0.597968,0.683918,0.267328,-0.678817,0.663411,-0.615014,0.426195
0.674504,0.482543,1.11018,-0.303548,-0.492563,-0.815622,0.683918,0.483375,-0.546448,0.663411,-0.723692,0.190145
0.674504,0.398615,1.1118,-0.303548,-0.183899,-0.934901,0.683918,0.64112,-0.348169,0.663411,-0.745082,-0.068839
0.674504,0.319197,1.08461,-0.303548,0.146946,-0.941417,0.683918,0.721536,-0.107896,0.663411,-0.676603,-0.31952
0.763543,0.329391,1.19026,-0.60091,0.162262,-0.782673,0.629641,0.699293,-0.338441,0.492402,-0.696176,-0.522379
0.763543,0.227311,1.13466,-0.60091,0.420167,-0.679975,0.629641,0.772874,-0.0788582,0.492402,-0.475527,-0.728982
0.763543,0.150403,1.04751,-0.60091,0.627393,-0.495262,0.629641,0.753235,0.190236,0.492402,-0.197522,-0.847659
0.763543,0.107942,0.939302,-0.60091,0.758946,-0.250813,0.629641,0.642745,0.436385,0.492402,0.104306,-0.864095
0.763543,0.10505,0.823102,-0.60091,0.798959,0.0238875,0.629641,0.45473,0.629899,0.492402,0.393554,-0.776309
0.763543,0.142075,0.712919,-0.60091,0.742606,0.295707,0.629641,0.211868,0.747439,0.492402,0.635333,-0.594889
0.763543,0.214551,0.622045,-0.60091,0.596684,0.53186,0.629641,-0.0565479,0.774826,0.492402,0.800482,-0.341716
0.763543,0.313738,0.561439,-0.60091,0.378792,0.703863,0.629641,-0.318144,0.708758,0.492402,0.86908,-0.0473272
0.763543,0.427671,0.538413,-0.60091,0.115213,0.790969,0.629641,-0.541367,0.557203,0.492402,0.832855,0.25277
0.763543,0.542609,0.555742,-0.60091,-0.162262,0.782673,0.629641,-0.699293,0.338441,0.492402,0.696176,0.522379
0.763543,0.644689,0.611338,-0.60091,-0.420167,0.679975,0.629641,-0.772874,0.0788582,0.492402,0.475527,0.728982
0.763543,0.721597,0.698494,-0.60091,-0.627393,0.495262,0.629641,-0.753235,-0.190236,0.492402,0.197522,0.847659
0.763543,0.764058,0.806698,-0.60091,-0.758946,0.250813,0.629641,-0.642745,-0.436385,0.492402,-0.104306,0.864095
0.763543,0.76695,0.922898,-0.60091,-0.798959,-0.0238875,0.629641,-0.45473,-0.629899,0.492402,-0.393554,0.776309
0.763543,0.729925,1.03308,-0.60091,-0.742606,-0.295707,0.629641,-0.211868,-0.747439,0.492402,-0.635333,0.594889
0.763543,0.657449,1.12396,-0.60091,-0.596684,-0.53186,0.629641,0.0565479,-0.774826,0.492402,-0.800482,0.341716
0.763543,0.558262,1.18456,-0.60091,-0.378792,-0.703863,0.629641,0.318144,-0.708758,0.492402,-0.86908,0.0473272
0.763543,0.444329,1.20759,-0.60091,-0.115213,-0.790969,0.629641,0.541367,-0.557203,0.492402,-0.832855,-0.25277
0.763543,0.329391,1.19026,-0.60091,0.162262,-0.782673,0.629641,0.699293,-0.338441,0.492402,-0.696176,-0.522379
0.883514,0.336045,1.25922,-0.825794,0.186422,-0.53227,0.499419,0.680174,-0.536604,0.262001,-0.708951,-0.654786
0.883514,0.209976,1.20175,-0.825794,0.357226,-0.43641,0.499419,0.822684,-0.27161,0.262001,-0.442246,-0.857773
0.883514,0.11117,1.10461,-0.825794,0.484944,-0.287912,0.499419,0.865966,0.0261442,0.262001,-0.122199,-0.9573
0.883514,0.0515427,0.979548,-0.825794,0.55417,-0.104689,0.499419,0.8048,0.320745,0.262001,0.212586,-0.941362
0.883514,0.0382867,0.84163,-0.825794,0.556555,0.0911622,0.499419,0.646563,0.57666,0.262001,0.52173,-0.811882
0.883514,0.0730008,0.707496,-0.825794,0.491811,0.276017,0.499419,0.410341,0.763021,0.262001,0.767946,-0.584478
0.883514,0.151498,0.593324,-0.825794,0.367748,0.427581,0.499419,0.124626,0.85735,0.262001,0.921537,-0.286576
0.883514,0.26431,0.512885,-0.825794,0.199329,0.527572,0.499419,-0.17612,0.84827,0.262001,0.963976,0.0458906
0.883514,0.397831,0.475882,-0.825794,0.00686756,0.56393,0.499419,-0.455624,0.736876,0.262001,0.890146,0.372822
0.883514,0.535955,0.486776,-0.825794,-0.186422,0.53227,0.499419,-0.680174,0.536604,0.262001,0.708951,0.654786
0.883514,0.662024,0.544255,-0.825794,-0.357226,0.43641,0.499419,-0.822684,0.27161,0.262001,0.442246,0.857773
0.883514,0.76083,0.641385,-0.825794,-0.484944,0.287912,0.499419,-0.865966,-0.0261442,0.262001,0.122199,0.9573
0.883514,0.820457,0.766452,-0.825794,-0.55417,0.104689,0.499419,-0.8048,-0.320745,0.262001,-0.212586,0.941362
0.883514,0.833713,0.90437,-0.825794,-0.556555,-0.0911622,0.499419,-0.646563,-0.57666,0.262001,-0.52173,0.811882
0.883514,0.798999,1.0385,-0.825794,-0.491811,-0.276017,0.499419,-0.410341,-0.763021,0.262001,-0.767946,0.584478
0.883514,0.720502,1.15268,-0.825794,-0.367748,-0.427581,0.499419,-0.124626,-0.85735,0.262001,-0.921537,0.286576
0.883514,0.60769,1.23311,-0.825794,-0.199329,-0.527572,0.499419,0.17612,-0.84827,0.262001,-0.963976,-0.0458906
0.883514,0.474169,1.27012,-0.825794,-0.00686756,-0.56393,0.499419,0.455624,-0.736876,0.262001,-0.890146,-0.372822
0.883514,0.336045,1.25922,-0.825794,0.186422,-0.53227,0.499419,0.680174,-0.536604,0.262001,-0.708951,-0.654786
0.875863,0.406005,0.477889,0.985232,0.146673,-0.0883497,-0.00862081,0.557815,0.82992,0.17101,-0.816902,0.550842
0.875863,0.54295,0.491458,0.985232,0.168045,-0.0328563,-0.00862081,0.240325,0.970654,0.17101,-0.956036,0.238225
0.875863,0.666995,0.551047,0.985232,0.169148,0.0266001,-0.00862081,-0.106151,0.994313,0.17101,-0.979857,-0.103125
0.875863,0.763179,0.649468,0.985232,0.14985,0.0828481,-0.00862081,-0.439825,0.898042,0.17101,-0.885494,-0.432037
0.875863,0.8199,0.774851,0.985232,0.112477,0.129103,-0.00862081,-0.720448,0.693455,0.17101,-0.684327,-0.708839
0.875863,0.830317,0.912071,0.985232,0.0615379,0.159787,-0.00862081,-0.914176,0.405227,0.17101,-0.400619,-0.900144
0.875863,0.793174,1.04458,0.985232,0.00317632,0.171198,-0.00862081,-0.99764,0.0681219,0.17101,-0.0685917,-0.982879
0.875863,0.71295,1.15639,0.985232,-0.0555683,0.16196,-0.00862081,-0.960774,-0.277199,0.17101,0.271709,-0.947064
0.875863,0.599322,1.23402,0.985232,-0.107611,0.133187,-0.00862081,-0.808024,-0.589086,0.17101,0.579238,-0.797019
0.875863,0.465995,1.26811,0.985232,-0.146673,0.0883497,-0.00862081,-0.557815,-0.82992,0.17101,0.816902,-0.550842
0.875863,0.32905,1.25454,0.985232,-0.168045,0.0328563,-0.00862081,-0.240325,-0.970654,0.17101,0.956036,-0.238225
0.875863,0.205005,1.19495,0.985232,-0.169148,-0.0266001,-0.00862081,0.106151,-0.994313,0.17101,0.979857,0.103125
0.875863,0.108821,1.09653,0.985232,-0.14985,-0.0828481,-0.00862081,0.439825,-0.898042,0.17101,0.885494,0.432037
0.875863,0.0520997,0.971149,0.985232,-0.112477,-0.129103,-0.00862081,0.720448,-0.693455,0.17101,0.684327,0.708839
0.875863,0.0416826,0.833929,0.985232,-0.0615379,-0.159787,-0.00862081,0.914176,-0.405227,0.17101,0.400619,0.900144
0.875863,0.0788261,0.70142,0.985232,-0.00317632,-0.171198,-0.00862081,0.99764,-0.0681219,0.17101,0.0685917,0.982879
0.875863,0.15905,0.589607,0.985232,0.0555683,-0.16196,-0.00862081,0.960774,0.277199,0.17101,-0.271709,0.947064
0.875863,0.272678,0.511975,0.985232,0.107611,-0.133187,-0.00862081,0.808024,0.589086,0.17101,-0.579238,0.797019
0.875863,0.406005,0.477889,0.985232,0.146673,-0.0883497,-0.00862081,0.557815,0.82992,0.17101,-0.816902,0.550842
0.749059,0.413034,0.55074,0.900555,0.11474,-0.419328,0.292759,0.553004,0.780051,0.321393,-0.82524,0.464419
0.749059,0.524639,0.56232,0.900555,0.251239,-0.354796,0.292759,0.25286,0.922146,0.321393,-0.934313,0.154162
0.749059,0.625552,0.611372,0.900555,0.357435,-0.24747,0.292759,-0.0777816,0.953017,0.321393,-0.930694,-0.174689
0.749059,0.703603,0.691981,0.900555,0.420518,-0.110296,0.292759,-0.399042,0.868941,0.321393,-0.814819,-0.48247
0.749059,0.749376,0.794423,0.900555,0.432882,0.0401813,0.292759,-0.672172,0.680057,0.321393,-0.600665,-0.732058
0.749059,0.757352,0.906343,0.900555,0.393033,0.185812,0.292759,-0.864228,0.409148,0.321393,-0.314062,-0.893349
0.749059,0.726568,1.01424,0.900555,0.305779,0.309032,0.292759,-0.952046,0.0888898,0.321393,0.0104216,-0.946889
0.749059,0.660738,1.1051,0.900555,0.181643,0.394977,0.292759,-0.925032,-0.24209,0.321393,0.333648,-0.88622
0.749059,0.5678,1.16797,0.900555,0.0355983,0.433283,0.292759,-0.786447,-0.54387,0.321393,0.616632,-0.71866
0.749059,0.458966,1.19526,0.900555,-0.11474,0.419328,0.292759,-0.553004,-0.780051,0.321393,0.82524,-0.464419
0.749059,0.347361,1.18368,0.900555,-0.251239,0.354796,0.292759,-0.25286,-0.922146,0.321393,0.934313,-0.154162
0.749059,0.246448,1.13463,0.900555,-0.357435,0.24747,0.292759,0.0777816,-0.953017,0.321393,0.930694,0.174689
0.749059,0.168397,1.05402,0.900555,-0.420518,0.110296,0.292759,0.399042,-0.868941,0.321393,0.814819,0.48247
0.749059,0.122624,0.951577,0.900555,-0.432882,-0.0401813,0.292759,0.672172,-0.680057,0.321393,0.600665,0.732058
0.749059,0.114648,0.839657,0.900555,-0.393033,-0.185812,0.292759,0.864228,-0.409148,0.321393,0.314062,0.893349
0.749059,0.145432,0.731759,0.900555,-0.305779,-0.309032,0.292759,0.952046,-0.0888898,0.321393,-0.0104216,0.946889
0.749059,0.211262,0.640897,0.900555,-0.181643,-0.394977,0.292759,0.925032,0.24209,0.321393,-0.333648,0.88622
0.749059,0.3042,0.578029,0.900555,-0.0355983,-0.433283,0.292759,0.786447,0.54387,0.321393,-0.616632,0.71866
0.749059,0.413034,0.55074,0.900555,0.11474,-0.419328,0.292759,0.553004,0.780051,0.321393,-0.82524,0.464419
0.654934,0.423804,0.662367,0.707258,0.0875135,-0.701518,0.558827,0.538583,0.630587,0.433011,-0.838015,0.332012
0.654934,0.496581,0.670898,0.707258,0.322169,-0.62928,0.558827,0.290429,0.776764,0.433011,-0.901032,0.0253712
0.654934,0.56205,0.703806,0.707258,0.517966,-0.481141,0.558827,0.00724487,0.829252,0.433011,-0.85537,-0.28433
0.654934,0.612316,0.757121,0.707258,0.651289,-0.27497,0.558827,-0.276813,0.78172,0.433011,-0.706539,-0.559737
0.654934,0.641316,0.824413,0.707258,0.706057,-0.0356334,0.558827,-0.527483,0.639901,0.433011,-0.472488,-0.767631
0.654934,0.645551,0.897566,0.707258,0.675664,0.208001,0.558827,-0.714531,0.4209,0.433011,-0.181448,-0.882937
0.654934,0.624512,0.967755,0.707258,0.563776,0.426548,0.558827,-0.815396,0.151133,0.433011,0.131477,-0.891749
0.654934,0.580735,1.02652,0.707258,0.383888,0.593647,0.558827,-0.817912,-0.136863,0.433011,0.428544,-0.793002
0.654934,0.519501,1.06676,0.707258,0.157698,0.689143,0.558827,-0.721776,-0.408352,0.433011,0.673922,-0.598607
0.654934,0.448196,1.08363,0.707258,-0.0875135,0.701518,0.558827,-0.538583,-0.630587,0.433011,0.838015,-0.332012
0.654934,0.375419,1.0751,0.707258,-0.322169,0.62928,0.558827,-0.290429,-0.776764,0.433011,0.901032,-0.0253712
0.654934,0.30995,1.04219,0.707258,-0.517966,0.481141,0.558827,-0.00724487,-0.829252,0.433011,0.85537,0.28433
0.654934,0.259684,0.988879,0.707258,-0.651289,0.27497,0.558827,0.276813,-0.78172,0.433011,0.706539,0.559737
0.654934,0.230684,0.921587,0.707258,-0.706057,0.0356334,0.558827,0.527483,-0.639901,0.433011,0.472488,0.767631
0.654934,0.226449,0.848434,0.707258,-0.675664,-0.208001,0.558827,0.714531,-0.4209,0.433011,0.181448,0.882937
0.654934,0.247488,0.778245,0.707258,-0.563776,-0.426548,0.558827,0.815396,-0.151133,0.433011,-0.131477,0.891749
0.654934,0.291265,0.719485,0.707258,-0.383888,-0.593647,0.558827,0.817912,0.136863,0.433011,-0.428544,0.793002
0.654934,0.352499,0.679241,0.707258,-0.157698,-0.689143,0.558827,0.721776,0.408352,0.433011,-0.673922,0.598607
