0.658953,0.169166,0.938868,0.308961,-0.127442,0.942498,0.951075,0.0414036,-0.306174,-3.49349e-06,0.990982,0.133999
0.907818,0.163924,0.62693,0.92986,0.317992,-0.185047,-0.179072,0.830538,0.52739,0.321394,-0.457262,0.829227
0.907818,0.29391,0.571886,0.92986,0.362104,-0.0651282,-0.179072,0.600072,0.779645,0.321394,-0.713298,0.622826
0.907818,0.434882,0.56462,0.92986,0.362542,0.0626465,-0.179072,0.297229,0.937863,0.321394,-0.8833,0.341303
0.907818,0.569838,0.606008,0.92986,0.319252,0.182865,-0.179072,-0.041464,0.982962,0.321394,-0.946762,0.0186134
0.907818,0.682499,0.691057,0.92986,0.237455,0.281028,-0.179072,-0.375156,0.9095,0.321394,-0.896032,-0.306321
0.907818,0.759278,0.809509,0.92986,0.127017,0.345294,-0.179072,-0.663599,0.72634,0.321394,-0.737227,-0.594308
0.907818,0.790913,0.947078,0.92986,0.00125995,0.367913,-0.179072,-0.872002,0.455572,0.321394,-0.489501,-0.810614
0.907818,0.77359,1.08717,0.92986,-0.12465,0.346156,-0.179072,-0.975229,0.129855,0.321394,-0.182734,-0.929147
0.907818,0.709396,1.21289,0.92986,-0.235524,0.282647,-0.179072,-0.960828,-0.211524,0.321394,0.146073,-0.935611
0.907818,0.606076,1.30907,0.92986,-0.317992,0.185047,-0.179072,-0.830538,-0.52739,0.321394,0.457262,-0.829227
0.907818,0.47609,1.36411,0.92986,-0.362104,0.0651282,-0.179072,-0.600072,-0.779645,0.321394,0.713298,-0.622826
0.907818,0.335118,1.37138,0.92986,-0.362542,-0.0626465,-0.179072,-0.297229,-0.937863,0.321394,0.8833,-0.341303
0.907818,0.200162,1.32999,0.92986,-0.319252,-0.182865,-0.179072,0.041464,-0.982962,0.321394,0.946762,-0.0186134
0.907818,0.0875008,1.24494,0.92986,-0.237455,-0.281028,-0.179072,0.375156,-0.9095,0.321394,0.896032,0.306321
0.907818,0.010722,1.12649,0.92986,-0.127017,-0.345294,-0.179072,0.663599,-0.72634,0.321394,0.737227,0.594308
0.907818,-0.0209134,0.988922,0.92986,-0.00125995,-0.367913,-0.179072,0.872002,-0.455572,0.321394,0.489501,0.810614
0.907818,-0.00358959,0.84883,0.92986,0.12465,-0.346156,-0.179072,0.975229,-0.129855,0.321394,0.182734,0.929147
0.907818,0.0606038,0.723111,0.92986,0.235524,-0.282647,-0.179072,0.960828,0.211524,0.321394,-0.146073,0.935611
0.907818,0.163924,0.62693,0.92986,0.317992,-0.185047,-0.179072,0.830538,0.52739,0.321394,-0.457262,0.829227
0.809114,0.156291,0.683382,0.796489,0.358781,-0.486704,-0.0275851,0.825655,0.5635,0.604023,-0.435396,0.667523
0.809114,0.267429,0.622323,0.796489,0.503606,-0.334642,-0.0275851,0.583134,0.811908,0.604023,-0.637445,0.478352
0.809114,0.392748,0.602958,0.796489,0.587689,-0.142217,-0.0275851,0.270277,0.962387,0.604023,-0.762608,0.231485
0.809114,0.517132,0.627623,0.796489,0.600889,0.0673612,-0.0275851,-0.0751781,0.996789,0.604023,-0.79579,-0.043303
0.809114,0.625579,0.693342,0.796489,0.541612,0.268815,-0.0275851,-0.411566,0.910962,0.604023,-0.732987,-0.312868
0.809114,0.705009,0.792189,0.796489,0.417008,0.437845,-0.0275851,-0.698313,0.715261,0.604023,-0.581776,-0.544696
0.809114,0.745841,0.912241,0.796489,0.242108,0.554065,-0.0275851,-0.900833,0.433288,0.604023,-0.360393,-0.710826
0.809114,0.74315,1.03902,0.796489,0.0380054,0.603457,-0.0275851,-0.9947,0.0990545,0.604023,-0.0955423,-0.791219
0.809114,0.697261,1.15723,0.796489,-0.170681,0.580063,-0.0275851,-0.968591,-0.247126,0.604023,0.180833,-0.77618
0.809114,0.613709,1.25262,0.796489,-0.358781,0.486704,-0.0275851,-0.825655,-0.5635,0.604023,0.435396,-0.667523
0.809114,0.502571,1.31368,0.796489,-0.503606,0.334642,-0.0275851,-0.583134,-0.811908,0.604023,0.637445,-0.478352
0.809114,0.377252,1.33304,0.796489,-0.587689,0.142217,-0.0275851,-0.270277,-0.962387,0.604023,0.762608,-0.231485
0.809114,0.252868,1.30838,0.796489,-0.600889,-0.0673612,-0.0275851,0.0751781,-0.996789,0.604023,0.79579,0.043303
0.809114,0.144421,1.24266,0.796489,-0.541612,-0.268815,-0.0275851,0.411566,-0.910962,0.604023,0.732987,0.312868
0.809114,0.0649908,1.14381,0.796489,-0.417008,-0.437845,-0.0275851,0.698313,-0.715261,0.604023,0.581776,0.544696
0.809114,0.0241588,1.02376,0.796489,-0.242108,-0.554065,-0.0275851,0.900833,-0.433288,0.604023,0.360393,0.710826
0.809114,0.0268496,0.896981,0.796489,-0.0380054,-0.603457,-0.0275851,0.9947,-0.0990545,0.604023,0.0955423,0.791219
0.809114,0.0727386,0.778769,0.796489,0.170681,-0.580063,-0.0275851,0.968591,0.247126,0.604023,-0.180833,0.77618
0.809114,0.156291,0.683382,0.796489,0.358781,-0.486704,-0.0275851,0.825655,0.5635,0.604023,-0.435396,0.667523
0.735846,0.144594,0.769883,0.567051,0.390998,-0.724965,0.127229,0.828009,0.546089,0.813797,-0.401897,0.419777
0.735846,0.226853,0.699608,0.567051,0.61537,-0.547515,0.127229,0.591301,0.796352,0.813797,-0.521232,0.257005
0.735846,0.328186,0.661704,0.567051,0.76552,-0.304027,0.127229,0.283273,0.950563,0.813797,-0.577699,0.0632336
0.735846,0.436371,0.660744,0.567051,0.823337,-0.0238685,0.127229,-0.0589221,0.990122,0.813797,-0.564486,-0.138164
0.735846,0.538361,0.696844,0.567051,0.781847,0.259169,0.127229,-0.39401,0.910257,0.813797,-0.483189,-0.322898
0.735846,0.621853,0.765649,0.567051,0.646055,0.510946,0.127229,-0.681575,0.720603,0.813797,-0.343611,-0.468685
0.735846,0.676777,0.858861,0.567051,0.432339,0.701096,0.127229,-0.886932,0.444033,0.813797,-0.162589,-0.557942
0.735846,0.696508,0.965236,0.567051,0.166477,0.806684,0.127229,-0.985311,0.113906,0.813797,0.0380433,-0.579902
0.735846,0.678667,1.07195,0.567051,-0.119465,0.814973,0.127229,-0.964848,-0.22996,0.813797,0.234087,-0.531918
0.735846,0.625406,1.16612,0.567051,-0.390998,0.724965,0.127229,-0.828009,-0.546089,0.813797,0.401897,-0.419777
0.735846,0.543147,1.23639,0.567051,-0.61537,0.547515,0.127229,-0.591301,-0.796352,0.813797,0.521232,-0.257005
0.735846,0.441814,1.2743,0.567051,-0.76552,0.304027,0.127229,-0.283273,-0.950563,0.813797,0.577699,-0.0632336
0.735846,0.333629,1.27526,0.567051,-0.823337,0.0238685,0.127229,0.0589221,-0.990122,0.813797,0.564486,0.138164
0.735846,0.231639,1.23916,0.567051,-0.781847,-0.259169,0.127229,0.39401,-0.910257,0.813797,0.483189,0.322898
0.735846,0.148147,1.17035,0.567051,-0.646055,-0.510946,0.127229,0.681575,-0.720603,0.813797,0.343611,0.468685
0.735846,0.0932232,1.07714,0.567051,-0.432339,-0.701096,0.127229,0.886932,-0.444033,0.813797,0.162589,0.557942
0.735846,0.0734918,0.970764,0.567051,-0.166477,-0.806684,0.127229,0.985311,-0.113906,0.813797,-0.0380433,0.579902
0.735846,0.0913328,0.864055,0.567051,0.119465,-0.814973,0.127229,0.964848,0.22996,0.813797,-0.234087,0.531918
0.735846,0.144594,0.769883,0.567051,0.390998,-0.724965,0.127229,0.828009,0.546089,0.813797,-0.401897,0.419777
0.696852,0.130246,0.876001,0.269218,0.410757,-0.871092,0.266698,0.837317,0.477255,0.925416,-0.360804,0.115873
0.696852,0.177074,0.794418,0.269218,0.683916,-0.678072,0.266698,0.62359,0.734853,0.925416,-0.378676,-0.0145175
0.696852,0.248982,0.733772,0.269218,0.874585,-0.403266,0.266698,0.334648,0.903816,0.925416,-0.350873,-0.143157
0.696852,0.337296,0.701377,0.269218,0.959766,-0.0798203,0.266698,0.00534323,0.963765,0.925416,-0.280751,-0.254529
0.696852,0.431363,0.70114,0.269218,0.929185,0.253253,0.266698,-0.324606,0.907471,0.925416,-0.176765,-0.335201
0.696852,0.519839,0.733091,0.269218,0.786531,0.55578,0.266698,-0.615403,0.741722,0.925416,-0.0514594,-0.375444
0.696852,0.59205,0.793375,0.269218,0.549009,0.791271,0.266698,-0.831974,0.48651,0.925416,0.0800532,-0.370402
0.696852,0.639289,0.874722,0.269218,0.245269,0.931324,0.266698,-0.948196,0.172618,0.925416,0.20191,-0.320684
0.696852,0.655856,0.967319,0.269218,-0.0880539,0.959046,0.266698,-0.950051,-0.162094,0.925416,0.299414,-0.232287
0.696852,0.639754,1.06,0.269218,-0.410757,0.871092,0.266698,-0.837317,-0.477255,0.925416,0.360804,-0.115873
0.696852,0.592926,1.14158,0.269218,-0.683916,0.678072,0.266698,-0.62359,-0.734853,0.925416,0.378676,0.0145175
0.696852,0.521018,1.20223,0.269218,-0.874585,0.403266,0.266698,-0.334648,-0.903816,0.925416,0.350873,0.143157
0.696852,0.432704,1.23462,0.269218,-0.959766,0.0798203,0.266698,-0.00534323,-0.963765,0.925416,0.280751,0.254529
0.696852,0.338637,1.23486,0.269218,-0.929185,-0.253253,0.266698,0.324606,-0.907471,0.925416,0.176765,0.335201
0.696852,0.250161,1.20291,0.269218,-0.786531,-0.55578,0.266698,0.615403,-0.741722,0.925416,0.0514594,0.375444
0.696852,0.17795,1.14262,0.269218,-0.549009,-0.791271,0.266698,0.831974,-0.48651,0.925416,-0.0800532,0.370402
0.696852,0.130711,1.06128,0.269218,-0.245269,-0.931324,0.266698,0.948196,-0.172618,0.925416,-0.20191,0.320684
0.696852,0.114144,0.968681,0.269218,0.0880539,-0.959046,0.266698,0.950051,0.162094,0.925416,-0.299414,0.232287
0.696852,0.130246,0.876001,0.269218,0.410757,-0.871092,0.266698,0.837317,0.477255,0.925416,-0.360804,0.115873
0.696834,0.114975,0.988936,-0.061087,0.415674,-0.90746,0.373999,0.852455,0.365302,0.925415,-0.317074,-0.207536
0.696834,0.124099,0.89532,-0.061087,0.700975,-0.710564,0.373999,0.676105,0.634828,0.925415,-0.22697,-0.303465
0.696834,0.164691,0.810469,-0.061087,0.901729,-0.427964,0.373999,0.418207,0.827785,0.925415,-0.109491,-0.362792
0.696834,0.231856,0.744619,-0.061087,0.99372,-0.0937456,0.373999,0.109867,0.920899,0.925415,0.0211942,-0.378362
0.696834,0.317492,0.705713,-0.061087,0.965855,0.25178,0.373999,-0.211725,0.902938,0.925415,0.149323,-0.348295
0.696834,0.411271,0.698442,-0.061087,0.821492,0.566938,0.373999,-0.50778,0.77607,0.925415,0.259442,-0.276218
0.696834,0.501881,0.723683,-0.061087,0.578046,0.813714,0.373999,-0.742588,0.555597,0.925415,0.338268,-0.170826
0.696834,0.578394,0.778393,-0.061087,0.264879,0.962345,0.373999,-0.88783,0.26811,0.925415,0.376294,-0.0448296
0.696834,0.63158,0.855972,-0.061087,-0.0802363,0.994902,0.373999,-0.925986,-0.0517149,0.925415,0.368933,0.086574
0.696834,0.655025,0.947064,-0.061087,-0.415674,0.90746,0.373999,-0.852455,-0.365302,0.925415,0.317074,0.207536
0.696834,0.645901,1.04068,-0.061087,-0.700975,0.710564,0.373999,-0.676105,-0.634828,0.925415,0.22697,0.303465
0.696834,0.605309,1.12553,-0.061087,-0.901729,0.427964,0.373999,-0.418207,-0.827785,0.925415,0.109491,0.362792
0.696834,0.538144,1.19138,-0.061087,-0.99372,0.0937456,0.373999,-0.109867,-0.920899,0.925415,-0.0211942,0.378362
0.696834,0.452508,1.23029,-0.061087,-0.965855,-0.25178,0.373999,0.211725,-0.902938,0.925415,-0.149323,0.348295
0.696834,0.358729,1.23756,-0.061087,-0.821492,-0.566938,0.373999,0.50778,-0.77607,0.925415,-0.259442,0.276218
0.696834,0.268119,1.21232,-0.061087,-0.578046,-0.813714,0.373999,0.742588,-0.555597,0.925415,-0.338268,0.170826
0.696834,0.191606,1.15761,-0.061087,-0.264879,-0.962345,0.373999,0.88783,-0.26811,0.925415,-0.376294,0.0448296
0.696834,0.13842,1.08003,-0.061087,0.0802363,-0.994902,0.373999,0.925986,0.0517149,0.925415,-0.368933,-0.086574
0.696834,0.114975,0.988936,-0.061087,0.415674,-0.90746,0.373999,0.852455,0.365302,0.925415,-0.317074,-0.207536
0.735794,0.100624,1.09507,-0.384024,0.405157,-0.829683,0.43619,0.871598,0.223732,0.813796,-0.275981,-0.51144
0.735794,0.0743149,0.990141,-0.384024,0.664491,-0.641075,0.43619,0.742513,0.508343,0.813796,-0.0844143,-0.574987
0.735794,0.0854788,0.882545,-0.384024,0.843678,-0.375144,0.43619,0.52387,0.731641,0.813796,0.117334,-0.569183
0.735794,0.132769,0.785257,-0.384024,0.921105,-0.0639648,0.43619,0.242041,0.866692,0.813796,0.304929,-0.494726
0.735794,0.210483,0.710009,-0.384024,0.887433,0.254929,0.43619,-0.0689819,0.897207,0.813796,0.455746,-0.360598
0.735794,0.309245,0.66588,-0.384024,0.746723,0.543075,0.43619,-0.371685,0.819505,0.813796,0.551593,-0.182977
0.735794,0.417145,0.65819,-0.384024,0.515948,0.765718,0.43619,-0.629557,0.642959,0.813796,0.58091,0.0167136
0.735794,0.521168,0.687868,-0.384024,0.222941,0.896004,0.43619,-0.811495,0.388863,0.813796,0.540161,0.214389
0.735794,0.608767,0.751334,-0.384024,-0.0969551,0.918219,0.43619,-0.895555,0.0878644,0.813796,0.43426,0.386205
0.735794,0.669376,0.840934,-0.384024,-0.405157,0.829683,0.43619,-0.871598,-0.223732,0.813796,0.275981,0.51144
0.735794,0.695685,0.945859,-0.384024,-0.664491,0.641075,0.43619,-0.742513,-0.508343,0.813796,0.0844143,0.574987
0.735794,0.684521,1.05345,-0.384024,-0.843678,0.375144,0.43619,-0.52387,-0.731641,0.813796,-0.117334,0.569183
0.735794,0.637231,1.15074,-0.384024,-0.921105,0.0639648,0.43619,-0.242041,-0.866692,0.813796,-0.304929,0.494726
0.735794,0.559517,1.22599,-0.384024,-0.887433,-0.254929,0.43619,0.0689819,-0.897207,0.813796,-0.455746,0.360598
0.735794,0.460755,1.27012,-0.384024,-0.746723,-0.543075,0.43619,0.371685,-0.819505,0.813796,-0.551593,0.182977
0.735794,0.352855,1.27781,-0.384024,-0.515948,-0.765718,0.43619,0.629557,-0.642959,0.813796,-0.58091,-0.0167136
0.735794,0.248832,1.24813,-0.384024,-0.222941,-0.896004,0.43619,0.811495,-0.388863,0.813796,-0.540161,-0.214389
0.735794,0.161233,1.18467,-0.384024,0.0969551,-0.918219,0.43619,0.895555,-0.0878644,0.813796,-0.43426,-0.386205
0.735794,0.100624,1.09507,-0.384024,0.405157,-0.829683,0.43619,0.871598,0.223732,0.813796,-0.275981,-0.51144
0.809034,0.0889246,1.18159,-0.660642,0.380475,-0.647141,0.44577,0.892436,0.0696214,0.604021,-0.242481,-0.759185
0.809034,0.0337277,1.06745,-0.660642,0.578864,-0.477984,0.44577,0.814804,0.370654,0.604021,0.0317985,-0.796334
0.809034,0.0208994,0.941307,-0.660642,0.707435,-0.251175,0.44577,0.638894,0.62698,0.604021,0.302243,-0.737433
0.809034,0.051987,0.818387,-0.660642,0.750678,0.0059301,0.44577,0.385924,0.807683,0.604021,0.536232,-0.589587
0.809034,0.123241,0.713512,-0.660642,0.703378,0.262319,0.44577,0.0864062,0.890967,0.604021,0.705544,-0.370629
0.809034,0.226067,0.639333,-0.660642,0.571241,0.487069,0.44577,-0.223534,0.866788,0.604021,0.789757,-0.106966
0.809034,0.348062,0.604796,-0.660642,0.370203,0.653071,0.44577,-0.506512,0.738061,0.604021,0.778714,0.169597
0.809034,0.474513,0.614066,-0.660642,0.124514,0.740303,0.44577,-0.728397,0.520314,0.604021,0.673746,0.425705
0.809034,0.590167,0.666026,-0.660642,-0.136194,0.738244,0.44577,-0.862427,0.239808,0.604021,0.487514,0.630467
0.809034,0.681075,0.754409,-0.660642,-0.380475,0.647141,0.44577,-0.892436,-0.0696214,0.604021,0.242481,0.759185
0.809034,0.736272,0.868554,-0.660642,-0.578864,0.477984,0.44577,-0.814804,-0.370654,0.604021,-0.0317985,0.796334
0.809034,0.749101,0.994693,-0.660642,-0.707435,0.251175,0.44577,-0.638894,-0.62698,0.604021,-0.302243,0.737433
0.809034,0.718013,1.11761,-0.660642,-0.750678,-0.0059301,0.44577,-0.385924,-0.807683,0.604021,-0.536232,0.589587
0.809034,0.646759,1.22249,-0.660642,-0.703378,-0.262319,0.44577,-0.0864062,-0.890967,0.604021,-0.705544,0.370629
0.809034,0.543933,1.29667,-0.660642,-0.571241,-0.487069,0.44577,0.223534,-0.866788,0.604021,-0.789757,0.106966
0.809034,0.421938,1.3312,-0.660642,-0.370203,-0.653071,0.44577,0.506512,-0.738061,0.604021,-0.778714,-0.169597
0.809034,0.295487,1.32193,-0.660642,-0.124514,-0.740303,0.44577,0.728397,-0.520314,0.604021,-0.673746,-0.425705
0.809034,0.179833,1.26997,-0.660642,0.136194,-0.738244,0.44577,0.862427,-0.239808,0.604021,-0.487514,-0.630467
0.809034,0.0889246,1.18159,-0.660642,0.380475,-0.647141,0.44577,0.892436,0.0696214,0.604021,-0.242481,-0.759185
0.90772,0.0812871,1.23807,-0.857576,0.344603,-0.381852,0.401584,0.912457,-0.0784425,0.321392,-0.220616,-0.920888
0.90772,0.00723252,1.11791,-0.857576,0.454422,-0.240963,0.401584,0.884258,0.238367,0.321392,0.107651,-0.940807
0.90772,-0.0212578,0.979666,-0.857576,0.509431,-0.0710094,0.401584,0.749404,0.526425,0.321392,0.422934,-0.847251
0.90772,-0.000747373,0.840014,-0.857576,0.502995,0.107509,0.401584,0.524162,0.750989,0.321392,0.687205,-0.651503
0.90772,0.0662898,0.715799,-0.857576,0.435891,0.27306,0.401584,0.235697,0.884973,0.321392,0.868588,-0.377175
0.90772,0.171768,0.622003,-0.857576,0.316212,0.405676,0.401584,-0.0811956,0.912216,0.321392,0.945208,-0.057354
0.90772,0.302965,0.56994,-0.857576,0.158392,0.489361,0.401584,-0.388295,0.829432,0.321392,0.907821,0.269385
0.90772,0.444057,0.565888,-0.857576,-0.0185312,0.514023,0.401584,-0.64856,0.646606,0.321392,0.760938,0.563632
0.90772,0.578026,0.610338,-0.857576,-0.19322,0.476685,0.401584,-0.8306,0.38579,0.321392,0.522274,0.789897
0.90772,0.688713,0.697926,-0.857576,-0.344603,0.381852,0.401584,-0.912457,0.0784425,0.321392,0.220616,0.920888
0.90772,0.762767,0.818089,-0.857576,-0.454422,0.240963,0.401584,-0.884258,-0.238367,0.321392,-0.107651,0.940807
0.90772,0.791258,0.956334,-0.857576,-0.509431,0.0710094,0.401584,-0.749404,-0.526425,0.321392,-0.422934,0.847251
0.90772,0.770747,1.09599,-0.857576,-0.502995,-0.107509,0.401584,-0.524162,-0.750989,0.321392,-0.687205,0.651503
0.90772,0.70371,1.2202,-0.857576,-0.435891,-0.27306,0.401584,-0.235697,-0.884973,0.321392,-0.868588,0.377175
0.90772,0.598232,1.314,-0.857576,-0.316212,-0.405676,0.401584,0.0811956,-0.912216,0.321392,-0.945208,0.057354
0.90772,0.467035,1.36606,-0.857576,-0.158392,-0.489361,0.401584,0.388295,-0.829432,0.321392,-0.907821,-0.269385
0.90772,0.325943,1.37011,-0.857576,0.0185312,-0.514023,0.401584,0.64856,-0.646606,0.321392,-0.760938,-0.563632
0.90772,0.191974,1.32566,-0.857576,0.19322,-0.476685,0.401584,0.8306,-0.38579,0.321392,-0.522274,-0.789897
0.90772,0.0812871,1.23807,-0.857576,0.344603,-0.381852,0.401584,0.912457,-0.0784425,0.321392,-0.220616,-0.920888
0.883612,0.299879,0.578204,0.961642,0.253124,-0.105703,-0.0812368,0.630855,0.771636,0.262003,-0.733451,0.62722
0.883612,0.438331,0.572598,0.961642,0.274011,-0.0127545,-0.0812368,0.328895,0.940866,0.262003,-0.90374,0.338539
0.883612,0.57035,0.614684,0.961642,0.261849,0.0817321,-0.0812368,-0.0127351,0.996613,0.262003,-0.965025,0.00902517
0.883612,0.680013,0.699385,0.961642,0.218103,0.166361,-0.0812368,-0.352829,0.932155,0.262003,-0.909914,-0.321577
0.883612,0.754093,0.816485,0.961642,0.148051,0.230924,-0.0812368,-0.650366,0.755264,0.262003,-0.745053,-0.613392
0.883612,0.783655,0.95186,0.961642,0.0601423,0.267634,-0.0812368,-0.86946,0.487278,0.262003,-0.490328,-0.831223
0.883612,0.765134,1.08918,0.961642,-0.0350209,0.272063,-0.0812368,-0.983684,0.160519,0.262003,-0.176463,-0.948797
0.883612,0.700762,1.21189,0.961642,-0.12596,0.243678,-0.0812368,-0.979261,-0.185602,0.262003,0.158687,-0.951931
0.883612,0.598306,1.30518,0.961642,-0.201707,0.185902,-0.0812368,-0.856725,-0.509336,0.262003,0.474696,-0.840249
0.883612,0.470121,1.3578,0.961642,-0.253124,0.105703,-0.0812368,-0.630855,-0.771636,0.262003,0.733451,-0.62722
0.883612,0.331669,1.3634,0.961642,-0.274011,0.0127545,-0.0812368,-0.328895,-0.940866,0.262003,0.90374,-0.338539
0.883612,0.19965,1.32132,0.961642,-0.261849,-0.0817321,-0.0812368,0.0127351,-0.996613,0.262003,0.965025,-0.00902517
0.883612,0.089987,1.23661,0.961642,-0.218103,-0.166361,-0.0812368,0.352829,-0.932155,0.262003,0.909914,0.321577
0.883612,0.0159068,1.11952,0.961642,-0.148051,-0.230924,-0.0812368,0.650366,-0.755264,0.262003,0.745053,0.613392
0.883612,-0.0136554,0.98414,0.961642,-0.0601423,-0.267634,-0.0812368,0.86946,-0.487278,0.262003,0.490328,0.831223
0.883612,0.00486621,0.846819,0.961642,0.0350209,-0.272063,-0.0812368,0.983684,-0.160519,0.262003,0.176463,0.948797
0.883612,0.0692375,0.724113,0.961642,0.12596,-0.243678,-0.0812368,0.979261,0.185602,0.262003,-0.158687,0.951931
0.883612,0.171694,0.630824,0.961642,0.201707,-0.185902,-0.0812368,0.856725,0.509336,0.262003,-0.474696,0.840249
0.883612,0.299879,0.578204,0.961642,0.253124,-0.105703,-0.0812368,0.630855,0.771636,0.262003,-0.733451,0.62722
0.763622,0.290599,0.646834,0.856221,0.296076,-0.42335,0.156285,0.632628,0.758522,0.492403,-0.715626,0.495397
0.763622,0.406137,0.633916,0.856221,0.423014,-0.296555,0.156285,0.335046,0.92915,0.492403,-0.841904,0.220763
0.763622,0.519126,0.661293,0.856221,0.498931,-0.133991,0.156285,-0.00294736,0.987708,0.492403,-0.866637,-0.0804993
0.763622,0.615937,0.725664,0.856221,0.51467,0.0447338,0.156285,-0.340585,0.927133,0.492403,-0.78684,-0.372052
0.763622,0.684894,0.819264,0.856221,0.468332,0.218064,0.156285,-0.637144,0.754733,0.492403,-0.612138,-0.618729
0.763622,0.717679,0.930803,0.856221,0.365506,0.365092,0.156285,-0.856853,0.491301,0.492403,-0.363604,-0.790779
0.763622,0.710338,1.04683,0.856221,0.218594,0.468084,0.156285,-0.973214,0.168611,0.492403,-0.0712135,-0.867449
0.763622,0.663756,1.15335,0.856221,0.0453172,0.514619,0.156285,-0.97219,-0.174416,0.492403,0.229766,-0.839492
0.763622,0.583553,1.23751,0.856221,-0.133426,0.499083,0.156285,-0.853906,-0.496406,0.492403,0.503033,-0.71028
0.763622,0.479401,1.28917,0.856221,-0.296076,0.42335,0.156285,-0.632628,-0.758522,0.492403,0.715626,-0.495397
0.763622,0.363863,1.30208,0.856221,-0.423014,0.296555,0.156285,-0.335046,-0.92915,0.492403,0.841904,-0.220763
0.763622,0.250874,1.27471,0.856221,-0.498931,0.133991,0.156285,0.00294736,-0.987708,0.492403,0.866637,0.0804993
0.763622,0.154063,1.21034,0.856221,-0.51467,-0.0447338,0.156285,0.340585,-0.927133,0.492403,0.78684,0.372052
0.763622,0.0851062,1.11674,0.856221,-0.468332,-0.218064,0.156285,0.637144,-0.754733,0.492403,0.612138,0.618729
0.763622,0.0523211,1.0052,0.856221,-0.365506,-0.365092,0.156285,0.856853,-0.491301,0.492403,0.363604,0.790779
0.763622,0.059662,0.889171,0.856221,-0.218594,-0.468084,0.156285,0.973214,-0.168611,0.492403,0.0712135,0.867449
0.763622,0.106244,0.782653,0.856221,-0.0453172,-0.514619,0.156285,0.97219,0.174416,0.492403,-0.229766,0.839492
0.763622,0.186447,0.69849,0.856221,0.133426,-0.499083,0.156285,0.853906,0.496406,0.492403,-0.503033,0.71028
0.763622,0.290599,0.646834,0.856221,0.296076,-0.42335,0.156285,0.632628,0.758522,0.492403,-0.715626,0.495397
0.674556,0.27638,0.751995,0.647527,0.331605,-0.68611,0.374957,0.64518,0.665695,0.663413,-0.688317,0.293434
0.674556,0.356808,0.727871,0.647527,0.54627,-0.531317,0.374957,0.37859,0.846213,0.663413,-0.747167,0.0403191
0.674556,0.440637,0.732711,0.647527,0.695047,-0.312439,0.374957,0.0663364,0.924666,0.663413,-0.715897,-0.217659
0.674556,0.517756,0.765929,0.647527,0.759991,-0.0558766,0.374957,-0.253918,0.89159,0.663413,-0.59828,-0.449383
0.674556,0.578862,0.823521,0.647527,0.733269,0.207426,0.374957,-0.543547,0.750975,0.663413,-0.408501,-0.626906
0.674556,0.616585,0.898539,0.647527,0.618104,0.445709,0.374957,-0.767616,0.519782,0.663413,-0.169451,-0.728814
0.674556,0.626376,0.981935,0.647527,0.428386,0.630234,0.374957,-0.899099,0.225895,0.663413,0.0900376,-0.742817
0.674556,0.607053,1.06365,0.647527,0.186999,0.738743,0.374957,-0.922137,-0.0952379,0.663413,0.338666,-0.667225
0.674556,0.560948,1.13383,0.647527,-0.0769434,0.758148,0.374957,-0.833952,-0.404884,0.663413,0.546446,-0.511156
0.674556,0.49362,1.18401,0.647527,-0.331605,0.68611,0.374957,-0.64518,-0.665695,0.663413,0.688317,-0.293434
0.674556,0.413192,1.20813,0.647527,-0.54627,0.531317,0.374957,-0.37859,-0.846213,0.663413,0.747167,-0.0403191
0.674556,0.329363,1.20329,0.647527,-0.695047,0.312439,0.374957,-0.0663364,-0.924666,0.663413,0.715897,0.217659
0.674556,0.252244,1.17007,0.647527,-0.759991,0.0558766,0.374957,0.253918,-0.89159,0.663413,0.59828,0.449383
0.674556,0.191138,1.11248,0.647527,-0.733269,-0.207426,0.374957,0.543547,-0.750975,0.663413,0.408501,0.626906
0.674556,0.153415,1.03746,0.647527,-0.618104,-0.445709,0.374957,0.767616,-0.519782,0.663413,0.169451,0.728814
0.674556,0.143624,0.954065,0.647527,-0.428386,-0.630234,0.374957,0.899099,-0.225895,0.663413,-0.0900376,0.742817
0.674556,0.162947,0.87235,0.647527,-0.186999,-0.738743,0.374957,0.922137,0.0952379,0.663413,-0.338666,0.667225
0.674556,0.209052,0.802172,0.647527,0.0769434,-0.758148,0.374957,0.833952,0.404884,0.663413,-0.546446,0.511156
0.674556,0.27638,0.751995,0.647527,0.331605,-0.68611,0.374957,0.64518,0.665695,0.663413,-0.688317,0.293434
0.627155,0.258936,0.881001,0.360731,0.355428,-0.86229,0.548404,0.666997,0.50435,0.754404,-0.654818,0.0456888
0.627155,0.296294,0.843131,0.360731,0.628913,-0.688724,0.548404,0.454274,0.70206,0.754404,-0.630954,-0.181027
0.627155,0.344351,0.820323,0.360731,0.826543,-0.432088,0.548404,0.18676,0.815091,0.754404,-0.530988,-0.385909
0.627155,0.397311,0.815326,0.360731,0.924479,-0.123336,0.548404,-0.103281,0.829811,0.754404,-0.366977,-0.544244
0.627155,0.448786,0.828744,0.360731,0.910909,0.200293,0.548404,-0.380865,0.744443,0.754404,-0.158703,-0.636936
0.627155,0.492568,0.858958,0.360731,0.787471,0.499763,0.548404,-0.61251,0.569284,0.754404,0.0687133,-0.652803
0.627155,0.523375,0.902325,0.360731,0.569051,0.738954,0.548404,-0.770278,0.325461,0.754404,0.287841,-0.589933
0.627155,0.537493,0.953613,0.360731,0.281996,0.889017,0.548404,-0.835139,0.0423831,0.754404,0.472251,-0.455908
0.627155,0.533217,1.00664,0.360731,-0.0390722,0.931851,0.548404,-0.79927,-0.245807,0.754404,0.599701,-0.266894
0.627155,0.511064,1.055,0.360731,-0.355428,0.86229,0.548404,-0.666997,-0.50435,0.754404,0.654818,-0.0456888
0.627155,0.473706,1.09287,0.360731,-0.628913,0.688724,0.548404,-0.454274,-0.70206,0.754404,0.630954,0.181027
0.627155,0.425649,1.11568,0.360731,-0.826543,0.432088,0.548404,-0.18676,-0.815091,0.754404,0.530988,0.385909
0.627155,0.372689,1.12067,0.360731,-0.924479,0.123336,0.548404,0.103281,-0.829811,0.754404,0.366977,0.544244
0.627155,0.321214,1.10726,0.360731,-0.910909,-0.200293,0.548404,0.380865,-0.744443,0.754404,0.158703,0.636936
0.627155,0.277432,1.07704,0.360731,-0.787471,-0.499763,0.548404,0.61251,-0.569284,0.754404,-0.0687133,0.652803
0.627155,0.246625,1.03368,0.360731,-0.569051,-0.738954,0.548404,0.770278,-0.325461,0.754404,-0.287841,0.589933
0.627155,0.232507,0.982387,0.360731,-0.281996,-0.889017,0.548404,0.835139,-0.0423831,0.754404,-0.472251,0.455908
0.627155,0.236783,0.929364,0.360731,0.0390722,-0.931851,0.548404,0.79927,0.245807,0.754404,-0.599701,0.266894
0.627155,0.258936,0.881001,0.360731,0.355428,-0.86229,0.548404,0.666997,0.50435,0.754404,-0.654818,0.0456888
0.627137,0.240372,1.01829,0.0304265,0.36467,-0.93064,0.655705,0.695447,0.293947,0.754404,-0.619169,-0.217956
0.627137,0.231892,0.965794,0.0304265,0.660975,-0.749791,0.655705,0.55297,0.514077,0.754404,-0.507283,-0.416579
0.627137,0.24188,0.913562,0.0304265,0.877557,-0.478506,0.655705,0.343797,0.672201,0.754404,-0.334212,-0.564958
0.627137,0.269131,0.867895,0.0304265,0.988292,-0.149507,0.655705,0.0931574,0.749248,0.754404,-0.120829,-0.645194
0.627137,0.310356,0.834302,0.0304265,0.979825,0.197526,0.655705,-0.168719,0.735925,0.754404,0.107127,-0.64761
0.627137,0.360585,0.816836,0.0304265,0.853177,0.520733,0.655705,-0.410245,0.633838,0.754404,0.322162,-0.571914
0.627137,0.413759,0.817602,0.0304265,0.623623,0.781133,0.655705,-0.602289,0.455301,0.754404,0.498339,-0.427238
0.627137,0.463464,0.836508,0.0304265,0.31885,0.947317,0.655705,-0.721689,0.221848,0.754404,0.61441,-0.23103
0.627137,0.503705,0.871274,0.0304265,-0.0243799,0.99924,0.655705,-0.754042,-0.0383635,0.754404,0.656373,-0.00695687
0.627137,0.529628,0.917707,0.0304265,-0.36467,0.93064,0.655705,-0.695447,-0.293947,0.754404,0.619169,0.217956
0.627137,0.538108,0.970206,0.0304265,-0.660975,0.749791,0.655705,-0.55297,-0.514077,0.754404,0.507283,0.416579
0.627137,0.52812,1.02244,0.0304265,-0.877557,0.478506,0.655705,-0.343797,-0.672201,0.754404,0.334212,0.564958
0.627137,0.500869,1.06811,0.0304265,-0.988292,0.149507,0.655705,-0.0931574,-0.749248,0.754404,0.120829,0.645194
0.627137,0.459644,1.1017,0.0304265,-0.979825,-0.197526,0.655705,0.168719,-0.735925,0.754404,-0.107127,0.64761
0.627137,0.409415,1.11916,0.0304265,-0.853177,-0.520733,0.655705,0.410245,-0.633838,0.754404,-0.322162,0.571914
0.627137,0.356241,1.1184,0.0304265,-0.623623,-0.781133,0.655705,0.602289,-0.455301,0.754404,-0.498339,0.427238
0.627137,0.306536,1.09949,0.0304265,-0.31885,-0.947317,0.655705,0.721689,-0.221848,0.754404,-0.61441,0.23103
0.627137,0.266295,1.06473,0.0304265,0.0243799,-0.99924,0.655705,0.754042,0.0383635,0.754404,-0.656373,0.00695687
0.627137,0.240372,1.01829,0.0304265,0.36467,-0.93064,0.655705,0.695447,0.293947,0.754404,-0.619169,-0.217956
0.674504,0.222926,1.14731,-0.303548,0.358217,-0.882915,0.683918,0.727099,0.0598661,0.663411,-0.585669,-0.4657
0.674504,0.171372,1.08107,-0.303548,0.638588,-0.707152,0.683918,0.662774,0.304938,0.663411,-0.39107,-0.637926
0.674504,0.145585,1.00118,-0.303548,0.841937,-0.446095,0.683918,0.518509,0.51323,0.663411,-0.149302,-0.733208
0.674504,0.148674,0.917296,-0.303548,0.943735,-0.131233,0.683918,0.311704,0.659619,0.663411,0.110473,-0.740055
0.674504,0.180268,0.839526,-0.303548,0.931705,0.199458,0.683918,0.0673028,0.726448,0.663411,0.356925,-0.65764
0.674504,0.236556,0.777251,-0.303548,0.807298,0.506091,0.683918,-0.185216,0.705657,0.663411,0.560326,-0.495904
0.674504,0.310748,0.737984,-0.303548,0.585519,0.751682,0.683918,-0.415395,0.599753,0.663411,0.696143,-0.274354
0.674504,0.393896,0.72646,-0.303548,0.293117,0.90661,0.683918,-0.595471,0.42151,0.663411,0.747995,-0.019714
0.674504,0.475971,0.744069,-0.303548,-0.0346386,0.952186,0.683918,-0.703725,0.192427,0.663411,0.709628,0.237304
0.674504,0.547074,0.788688,-0.303548,-0.358217,0.882915,0.683918,-0.727099,-0.0598661,0.663411,0.585669,0.4657
0.674504,0.598628,0.854934,-0.303548,-0.638588,0.707152,0.683918,-0.662774,-0.304938,0.663411,0.39107,0.637926
0.674504,0.624415,0.934818,-0.303548,-0.841937,0.446095,0.683918,-0.518509,-0.51323,0.663411,0.149302,0.733208
0.674504,0.621326,1.0187,-0.303548,-0.943735,0.131233,0.683918,-0.311704,-0.659619,0.663411,-0.110473,0.740055
0.674504,0.589732,1.09647,-0.303548,-0.931705,-0.199458,0.683918,-0.0673028,-0.726448,0.663411,-0.356925,0.65764
0.674504,0.533444,1.15875,-0.303548,-0.807298,-0.506091,0.683918,0.185216,-0.705657,0.663411,-0.560326,0.495904
0.674504,0.459252,1.19802,-0.303548,-0.585519,-0.751682,0.683918,0.415395,-0.599753,0.663411,-0.696143,0.274354
0.674504,0.376104,1.20954,-0.303548,-0.293117,-0.90661,0.683918,0.595471,-0.42151,0.663411,-0.747995,0.019714
0.674504,0.294029,1.19193,-0.303548,0.0346386,-0.952186,0.683918,0.703725,-0.192427,0.663411,-0.709628,-0.237304
0.674504,0.222926,1.14731,-0.303548,0.358217,-0.882915,0.683918,0.727099,0.0598661,0.663411,-0.585669,-0.4657
0.763543,0.208704,1.2525,-0.60091,0.336847,-0.724873,0.629641,0.758134,-0.169661,0.492402,-0.558361,-0.667663
0.763543,0.122032,1.17504,-0.60091,0.564453,-0.56595,0.629641,0.770441,0.0998681,0.492402,-0.296333,-0.818369
0.763543,0.0670791,1.07261,-0.60091,0.723979,-0.338764,0.629641,0.689821,0.357352,0.492402,0.00143666,-0.870367
0.763543,0.0504716,0.95757,-0.60091,0.796182,-0.0707189,0.629641,0.525998,0.571733,0.492402,0.299033,-0.817386
0.763543,0.0742133,0.843784,-0.60091,0.772353,0.205856,0.629641,0.298732,0.717155,0.492402,0.560562,-0.665816
0.763543,0.13544,0.74498,-0.60091,0.655368,0.457602,0.629641,0.0354347,0.776078,0.492402,0.754478,-0.433939
0.763543,0.226768,0.673075,-0.60091,0.459335,0.654154,0.629641,-0.232137,0.741394,0.492402,0.857394,-0.149723
0.763543,0.337181,0.636743,-0.60091,0.2079,0.771806,0.629641,-0.471709,0.617287,0.492402,0.856895,0.152552
0.763543,0.453361,0.640365,-0.60091,-0.068611,0.796366,0.629641,-0.654386,0.418726,0.492402,0.753042,0.436428
0.763543,0.561296,0.683505,-0.60091,-0.336847,0.724873,0.629641,-0.758134,0.169661,0.492402,0.558361,0.667663
0.763543,0.647968,0.760959,-0.60091,-0.564453,0.56595,0.629641,-0.770441,-0.0998681,0.492402,0.296333,0.818369
0.763543,0.702921,0.863385,-0.60091,-0.723979,0.338764,0.629641,-0.689821,-0.357352,0.492402,-0.00143666,0.870367
0.763543,0.719528,0.97843,-0.60091,-0.796182,0.0707189,0.629641,-0.525998,-0.571733,0.492402,-0.299033,0.817386
0.763543,0.695787,1.09222,-0.60091,-0.772353,-0.205856,0.629641,-0.298732,-0.717155,0.492402,-0.560562,0.665816
0.763543,0.63456,1.19102,-0.60091,-0.655368,-0.457602,0.629641,-0.0354347,-0.776078,0.492402,-0.754478,0.433939
0.763543,0.543232,1.26292,-0.60091,-0.459335,-0.654154,0.629641,0.232137,-0.741394,0.492402,-0.857394,0.149723
0.763543,0.432819,1.29926,-0.60091,-0.2079,-0.771806,0.629641,0.471709,-0.617287,0.492402,-0.856895,-0.152552
0.763543,0.316639,1.29564,-0.60091,0.068611,-0.796366,0.629641,0.654386,-0.418726,0.492402,-0.753042,-0.436428
0.763543,0.208704,1.2525,-0.60091,0.336847,-0.724873,0.629641,0.758134,-0.169661,0.492402,-0.558361,-0.667663
0.883514,0.199419,1.32116,-0.825794,0.303137,-0.475575,0.499419,0.784811,-0.366949,0.262001,-0.540536,-0.799485
0.883514,0.0898245,1.23639,-0.825794,0.447512,-0.343216,0.499419,0.862985,-0.0763983,0.262001,-0.234498,-0.936144
0.883514,0.0158321,1.11924,-0.825794,0.537911,-0.169459,0.499419,0.837071,0.223367,0.262001,0.0998245,-0.959891
0.883514,-0.0136331,0.983861,-0.825794,0.563429,0.0247369,0.499419,0.710193,0.496192,0.262001,0.422106,-0.86786
0.883514,0.00498263,0.846564,-0.825794,0.520989,0.215949,0.499419,0.497656,0.709168,0.262001,0.693476,-0.671153
0.883514,0.0694341,0.723914,-0.825794,0.415711,0.381115,0.499419,0.225093,0.836608,0.262001,0.881202,-0.393495
0.883514,0.171947,0.630704,-0.825794,0.260292,0.500312,0.499419,-0.0746182,0.863141,0.262001,0.962642,-0.0683754
0.883514,0.300158,0.578177,-0.825794,0.0734773,0.559165,0.499419,-0.36533,0.785566,0.262001,0.927974,0.264991
0.883514,0.438602,0.572669,-0.825794,-0.1222,0.550574,0.499419,-0.611977,0.613241,0.262001,0.781378,0.566396
0.883514,0.570581,0.614843,-0.825794,-0.303137,0.475575,0.499419,-0.784811,0.366949,0.262001,0.540536,0.799485
0.883514,0.680176,0.699613,-0.825794,-0.447512,0.343216,0.499419,-0.862985,0.0763983,0.262001,0.234498,0.936144
0.883514,0.754168,0.816755,-0.825794,-0.537911,0.169459,0.499419,-0.837071,-0.223367,0.262001,-0.0998245,0.959891
0.883514,0.783633,0.952139,-0.825794,-0.563429,-0.0247369,0.499419,-0.710193,-0.496192,0.262001,-0.422106,0.86786
0.883514,0.765017,1.08944,-0.825794,-0.520989,-0.215949,0.499419,-0.497656,-0.709168,0.262001,-0.693476,0.671153
0.883514,0.700566,1.21209,-0.825794,-0.415711,-0.381115,0.499419,-0.225093,-0.836608,0.262001,-0.881202,0.393495
0.883514,0.598053,1.3053,-0.825794,-0.260292,-0.500312,0.499419,0.0746182,-0.863141,0.262001,-0.962642,0.0683754
0.883514,0.469842,1.35782,-0.825794,-0.0734773,-0.559165,0.499419,0.36533,-0.785566,0.262001,-0.927974,-0.264991
0.883514,0.331398,1.36333,-0.825794,0.1222,-0.550574,0.499419,0.611977,-0.613241,0.262001,-0.781378,-0.566396
0.883514,0.199419,1.32116,-0.825794,0.303137,-0.475575,0.499419,0.784811,-0.366949,0.262001,-0.540536,-0.799485
0.875863,0.446101,0.576491,0.985232,0.162984,-0.0524893,-0.00862081,0.353374,0.935442,0.17101,-0.921175,0.34956
0.875863,0.57632,0.621,0.985232,0.171107,0.00641989,-0.00862081,0.0121229,0.999889,0.17101,-0.985178,0.013419
0.875863,0.683464,0.707362,0.985232,0.158592,0.0645547,-0.00862081,-0.33059,0.943735,0.17101,-0.930354,-0.324341
0.875863,0.754607,0.825161,0.985232,0.126949,0.114903,-0.00862081,-0.63343,0.773752,0.17101,-0.763316,-0.622981
0.875863,0.781171,0.960188,0.985232,0.0799936,0.151393,-0.00862081,-0.859868,0.510443,0.17101,-0.50421,-0.84648
0.875863,0.759951,1.09616,0.985232,0.02339,0.169622,-0.00862081,-0.982594,0.185568,0.17101,-0.184289,-0.967881
0.875863,0.693506,1.21667,0.985232,-0.0360347,0.167393,-0.00862081,-0.986804,-0.16169,0.17101,0.157859,-0.972541
0.875863,0.589851,1.30719,0.985232,-0.0911132,0.144973,-0.00862081,-0.871991,-0.489446,0.17101,0.480968,-0.859899
0.875863,0.461488,1.3568,0.985232,-0.135202,0.105067,-0.00862081,-0.652003,-0.758167,0.17101,0.746065,-0.64354
0.875863,0.323899,1.35951,0.985232,-0.162984,0.0524893,-0.00862081,-0.353374,-0.935442,0.17101,0.921175,-0.34956
0.875863,0.19368,1.315,0.985232,-0.171107,-0.00641989,-0.00862081,-0.0121229,-0.999889,0.17101,0.985178,-0.013419
0.875863,0.0865365,1.22864,0.985232,-0.158592,-0.0645547,-0.00862081,0.33059,-0.943735,0.17101,0.930354,0.324341
0.875863,0.0153925,1.11084,0.985232,-0.126949,-0.114903,-0.00862081,0.63343,-0.773752,0.17101,0.763316,0.622981
0.875863,-0.0111713,0.975812,0.985232,-0.0799936,-0.151393,-0.00862081,0.859868,-0.510443,0.17101,0.50421,0.84648
0.875863,0.0100489,0.839842,0.985232,-0.02339,-0.169622,-0.00862081,0.982594,-0.185568,0.17101,0.184289,0.967881
0.875863,0.0764938,0.71933,0.985232,0.0360347,-0.167393,-0.00862081,0.986804,0.16169,0.17101,-0.157859,0.972541
0.875863,0.180149,0.628811,0.985232,0.0911132,-0.144973,-0.00862081,0.871991,0.489446,0.17101,-0.480968,0.859899
0.875863,0.308512,0.579204,0.985232,0.135202,-0.105067,-0.00862081,0.652003,0.758167,0.17101,-0.746065,0.64354
0.875863,0.446101,0.576491,0.985232,0.162984,-0.0524893,-0.00862081,0.353374,0.935442,0.17101,-0.921175,0.34956
0.749059,0.436294,0.64902,0.900555,0.20754,-0.382006,0.292759,0.360088,0.885793,0.321393,-0.909541,0.263519
0.749059,0.542298,0.685801,0.900555,0.325677,-0.287985,0.292759,0.0354126,0.95553,0.321393,-0.944818,-0.0634539
0.749059,0.62933,0.756619,0.900555,0.404533,-0.159229,0.292759,-0.293534,0.910017,0.321393,-0.866136,-0.382774
0.749059,0.686891,0.852932,0.900555,0.434596,-0.0112681,0.292759,-0.587075,0.754741,0.321393,-0.682985,-0.655926
0.749059,0.708041,0.963125,0.900555,0.412241,0.138052,0.292759,-0.809807,0.508433,0.321393,-0.417456,-0.849963
0.749059,0.690226,1.07391,0.900555,0.340163,0.270721,0.292759,-0.934864,0.200801,0.321393,-0.101576,-0.941482
0.749059,0.635597,1.17191,0.900555,0.227057,0.370737,0.292759,-0.947163,-0.131052,0.321393,0.226556,-0.919445
0.749059,0.550743,1.24532,0.900555,0.0865638,0.426037,0.292759,-0.84522,-0.447097,0.321393,0.527361,-0.786509
0.749059,0.445897,1.28529,0.900555,-0.06437,0.429951,0.292759,-0.641331,-0.709216,0.321393,0.76456,-0.558709
0.749059,0.333706,1.28698,0.900555,-0.20754,0.382006,0.292759,-0.360088,-0.885793,0.321393,0.909541,-0.263519
0.749059,0.227702,1.2502,0.900555,-0.325677,0.287985,0.292759,-0.0354126,-0.95553,0.321393,0.944818,0.0634539
0.749059,0.14067,1.17938,0.900555,-0.404533,0.159229,0.292759,0.293534,-0.910017,0.321393,0.866136,0.382774
0.749059,0.0831085,1.08307,0.900555,-0.434596,0.0112681,0.292759,0.587075,-0.754741,0.321393,0.682985,0.655926
0.749059,0.0619593,0.972875,0.900555,-0.412241,-0.138052,0.292759,0.809807,-0.508433,0.321393,0.417456,0.849963
0.749059,0.0797735,0.862095,0.900555,-0.340163,-0.270721,0.292759,0.934864,-0.200801,0.321393,0.101576,0.941482
0.749059,0.134403,0.764088,0.900555,-0.227057,-0.370737,0.292759,0.947163,0.131052,0.321393,-0.226556,0.919445
0.749059,0.219257,0.690676,0.900555,-0.0865638,-0.426037,0.292759,0.84522,0.447097,0.321393,-0.527361,0.786509
0.749059,0.324103,0.650714,0.900555,0.06437,-0.429951,0.292759,0.641331,0.709216,0.321393,-0.76456,0.558709
0.749059,0.436294,0.64902,0.900555,0.20754,-0.382006,0.292759,0.360088,0.885793,0.321393,-0.909541,0.263519
0.654934,0.421267,0.760154,0.707258,0.245528,-0.66295,0.558827,0.380208,0.73699,0.433011,-0.891716,0.131697
0.654934,0.490167,0.785093,0.707258,0.457463,-0.538993,0.558827,0.105214,0.822583,0.433011,-0.882982,-0.18123
0.654934,0.546383,0.832093,0.707258,0.614221,-0.350026,0.558827,-0.182471,0.80896,0.433011,-0.767748,-0.472298
0.654934,0.583133,0.895485,0.707258,0.696895,-0.118841,0.558827,-0.448148,0.697765,0.433011,-0.559911,-0.7064
0.654934,0.595986,0.967624,0.707258,0.695513,0.126678,0.558827,-0.659771,0.502409,0.433011,-0.284542,-0.8553
0.654934,0.58339,1.03981,0.707258,0.610242,0.356918,0.558827,-0.791815,0.246455,0.433011,0.0251482,-0.901038
0.654934,0.546866,1.10333,0.707258,0.451367,0.544108,0.558827,-0.828356,-0.0392247,0.433011,0.331805,-0.838098
0.654934,0.490819,1.15053,0.707258,0.23805,0.665671,0.558827,-0.764984,-0.320174,0.433011,0.598441,-0.67407
0.654934,0.422008,1.17572,0.707258,-0.00397889,0.706944,0.558827,-0.609344,-0.562505,0.433011,0.792896,-0.42874
0.654934,0.348733,1.17585,0.707258,-0.245528,0.66295,0.558827,-0.380208,-0.73699,0.433011,0.891716,-0.131697
0.654934,0.279833,1.15091,0.707258,-0.457463,0.538993,0.558827,-0.105214,-0.822583,0.433011,0.882982,0.18123
0.654934,0.223617,1.10391,0.707258,-0.614221,0.350026,0.558827,0.182471,-0.80896,0.433011,0.767748,0.472298
0.654934,0.186867,1.04051,0.707258,-0.696895,0.118841,0.558827,0.448148,-0.697765,0.433011,0.559911,0.7064
0.654934,0.174014,0.968376,0.707258,-0.695513,-0.126678,0.558827,0.659771,-0.502409,0.433011,0.284542,0.8553
0.654934,0.18661,0.896192,0.707258,-0.610242,-0.356918,0.558827,0.791815,-0.246455,0.433011,-0.0251482,0.901038
0.654934,0.223134,0.832669,0.707258,-0.451367,-0.544108,0.558827,0.828356,0.0392247,0.433011,-0.331805,0.838098
0.654934,0.279181,0.785469,0.707258,-0.23805,-0.665671,0.558827,0.764984,0.320174,0.433011,-0.598441,0.67407
