0.658953,0.180524,0.897096,0.308961,-0.104611,0.945304,0.951075,0.033987,-0.307086,-3.49349e-06,0.993932,0.109994
0.907818,0.16774,0.585376,0.92986,0.313424,-0.192684,-0.179072,0.843049,0.50715,0.321394,-0.437074,0.840043
0.907818,0.296357,0.527205,0.92986,0.360423,-0.0738662,-0.179072,0.618752,0.764905,0.321394,-0.698027,0.639894
0.907818,0.437112,0.516532,0.92986,0.363951,0.0538605,-0.179072,0.319824,0.930401,0.321394,-0.874787,0.362565
0.907818,0.573029,0.554643,0.92986,0.323581,0.175091,-0.179072,-0.01768,0.983677,0.321394,-0.946035,0.0415044
0.907818,0.687715,0.636943,0.92986,0.244182,0.275203,-0.179072,-0.353051,0.918307,0.321394,-0.903178,-0.284562
0.907818,0.767336,0.753504,0.92986,0.135331,0.342121,-0.179072,-0.645839,0.742176,0.321394,-0.751384,-0.576306
0.907818,0.802289,0.890267,0.92986,0.0101571,0.367775,-0.179072,-0.860729,0.476527,0.321394,-0.508962,-0.798538
0.907818,0.788358,1.03074,0.92986,-0.116242,0.349069,-0.179072,-0.971803,0.153402,0.321394,-0.205151,-0.924456
0.907818,0.727224,1.15797,0.92986,-0.22862,0.288261,-0.179072,-0.965663,-0.188225,0.321394,0.123403,-0.93887
0.907818,0.62626,1.25662,0.92986,-0.313424,0.192684,-0.179072,-0.843049,-0.50715,0.321394,0.437074,-0.840043
0.907818,0.497643,1.31479,0.92986,-0.360423,0.0738662,-0.179072,-0.618752,-0.764905,0.321394,0.698027,-0.639894
0.907818,0.356888,1.32547,0.92986,-0.363951,-0.0538605,-0.179072,-0.319824,-0.930401,0.321394,0.874787,-0.362565
0.907818,0.220971,1.28736,0.92986,-0.323581,-0.175091,-0.179072,0.01768,-0.983677,0.321394,0.946035,-0.0415044
0.907818,0.106285,1.20506,0.92986,-0.244182,-0.275203,-0.179072,0.353051,-0.918307,0.321394,0.903178,0.284562
0.907818,0.0266644,1.0885,0.92986,-0.135331,-0.342121,-0.179072,0.645839,-0.742176,0.321394,0.751384,0.576306
0.907818,-0.00828867,0.951733,0.92986,-0.0101571,-0.367775,-0.179072,0.860729,-0.476527,0.321394,0.508962,0.798538
0.907818,0.00564206,0.811262,0.92986,0.116242,-0.349069,-0.179072,0.971803,-0.153402,0.321394,0.205151,0.924456
0.907818,0.0667763,0.684028,0.92986,0.22862,-0.288261,-0.179072,0.965663,0.188225,0.321394,-0.123403,0.93887
0.907818,0.16774,0.585376,0.92986,0.313424,-0.192684,-0.179072,0.843049,0.50715,0.321394,-0.437074,0.840043
0.809114,0.161475,0.641996,0.796489,0.346905,-0.495239,-0.0275851,0.839041,0.543368,0.604023,-0.419126,0.677857
0.809114,0.271104,0.578268,0.796489,0.495366,-0.346723,-0.0275851,0.602598,0.797568,0.604023,-0.62569,0.493628
0.809114,0.395917,0.555878,0.796489,0.584078,-0.156388,-0.0275851,0.293473,0.955569,0.604023,-0.756787,0.24986
0.809114,0.520862,0.577527,0.796489,0.602342,0.0528097,-0.0275851,-0.0510499,0.998315,0.604023,-0.796604,-0.024045
0.809114,0.630867,0.640604,0.796489,0.547954,0.255638,-0.0275851,-0.389415,0.920649,0.604023,-0.740339,-0.29505
0.809114,0.712664,0.737501,0.796489,0.427475,0.427632,-0.0275851,-0.680811,0.731939,0.604023,-0.594778,-0.530467
0.809114,0.756387,0.856531,0.796489,0.255436,0.548048,-0.0275851,-0.890091,0.454947,0.604023,-0.377478,-0.701902
0.809114,0.756763,0.983337,0.796489,0.0525882,0.602361,-0.0275851,-0.992013,0.123081,0.604023,-0.114649,-0.788677
0.809114,0.713746,1.10262,0.796489,-0.156603,0.584021,-0.0275851,-0.974284,-0.22363,0.604023,0.162009,-0.780327
0.809114,0.632525,1.2,0.796489,-0.346905,0.495239,-0.0275851,-0.839041,-0.543368,0.604023,0.419126,-0.677857
0.809114,0.522896,1.26373,0.796489,-0.495366,0.346723,-0.0275851,-0.602598,-0.797568,0.604023,0.62569,-0.493628
0.809114,0.398083,1.28612,0.796489,-0.584078,0.156388,-0.0275851,-0.293473,-0.955569,0.604023,0.756787,-0.24986
0.809114,0.273138,1.26447,0.796489,-0.602342,-0.0528097,-0.0275851,0.0510499,-0.998315,0.604023,0.796604,0.024045
0.809114,0.163133,1.2014,0.796489,-0.547954,-0.255638,-0.0275851,0.389415,-0.920649,0.604023,0.740339,0.29505
0.809114,0.0813362,1.1045,0.796489,-0.427475,-0.427632,-0.0275851,0.680811,-0.731939,0.604023,0.594778,0.530467
0.809114,0.0376128,0.985469,0.796489,-0.255436,-0.548048,-0.0275851,0.890091,-0.454947,0.604023,0.377478,0.701902
0.809114,0.0372368,0.858663,0.796489,-0.0525882,-0.602361,-0.0275851,0.992013,-0.123081,0.604023,0.114649,0.788677
0.809114,0.0802536,0.739376,0.796489,0.156603,-0.584021,-0.0275851,0.974284,0.22363,0.604023,-0.162009,0.780327
0.809114,0.161475,0.641996,0.796489,0.346905,-0.495239,-0.0275851,0.839041,0.543368,0.604023,-0.419126,0.677857
0.735846,0.151874,0.728755,0.567051,0.373351,-0.734209,0.127229,0.840974,0.525905,0.813797,-0.391628,0.429374
0.735846,0.232408,0.656511,0.567051,0.601949,-0.562237,0.127229,0.610387,0.781819,0.813797,-0.514864,0.269535
0.735846,0.332795,0.616168,0.567051,0.757944,-0.322451,0.127229,0.306178,0.943434,0.813797,-0.576,0.0771861
0.735846,0.440926,0.612592,0.567051,0.822519,-0.043773,0.127229,-0.0349599,0.991257,0.813797,-0.567662,-0.124472
0.735846,0.543758,0.646215,0.567051,0.787886,0.240185,0.127229,-0.371881,0.91952,0.813797,-0.490856,-0.311118
0.735846,0.62889,0.712981,0.567051,0.658223,0.495173,0.127229,-0.663949,0.736875,0.813797,-0.354845,-0.460238
0.735846,0.686052,0.804837,0.567051,0.449168,0.690436,0.127229,-0.875934,0.465352,0.813797,-0.176035,-0.553846
0.735846,0.70835,0.910704,0.567051,0.185937,0.802422,0.127229,-0.982268,0.137701,0.813797,0.0240079,-0.580653
0.735846,0.693095,1.01781,0.567051,-0.0997209,0.817624,0.127229,-0.970127,-0.206559,0.813797,0.221155,-0.537424
0.735846,0.642126,1.11324,0.567051,-0.373351,0.734209,0.127229,-0.840974,-0.525905,0.813797,0.391628,-0.429374
0.735846,0.561592,1.18549,0.567051,-0.601949,0.562237,0.127229,-0.610387,-0.781819,0.813797,0.514864,-0.269535
0.735846,0.461205,1.22583,0.567051,-0.757944,0.322451,0.127229,-0.306178,-0.943434,0.813797,0.576,-0.0771861
0.735846,0.353074,1.22941,0.567051,-0.822519,0.043773,0.127229,0.0349599,-0.991257,0.813797,0.567662,0.124472
0.735846,0.250242,1.19579,0.567051,-0.787886,-0.240185,0.127229,0.371881,-0.91952,0.813797,0.490856,0.311118
0.735846,0.16511,1.12902,0.567051,-0.658223,-0.495173,0.127229,0.663949,-0.736875,0.813797,0.354845,0.460238
0.735846,0.107948,1.03716,0.567051,-0.449168,-0.690436,0.127229,0.875934,-0.465352,0.813797,0.176035,0.553846
0.735846,0.0856497,0.931296,0.567051,-0.185937,-0.802422,0.127229,0.982268,-0.137701,0.813797,-0.0240079,0.580653
0.735846,0.100905,0.824187,0.567051,0.0997209,-0.817624,0.127229,0.970127,0.206559,0.813797,-0.221155,0.537424
0.735846,0.151874,0.728755,0.567051,0.373351,-0.734209,0.127229,0.840974,0.525905,0.813797,-0.391628,0.429374
0.696852,0.140095,0.835189,0.269218,0.38957,-0.880771,0.266698,0.848614,0.456866,0.925416,-0.357896,0.124564
0.696852,0.184937,0.752498,0.269218,0.667317,-0.694413,0.266698,0.641179,0.719557,0.925416,-0.378916,-0.00535536
0.696852,0.255358,0.69013,0.269218,0.864576,-0.424299,0.266698,0.356408,0.895458,0.925416,-0.354233,-0.134629
0.696852,0.342862,0.655608,0.269218,0.957555,-0.103008,0.266698,0.0286493,0.963354,0.925416,-0.286824,-0.247665
0.696852,0.436896,0.653097,0.269218,0.935038,0.230707,0.266698,-0.302565,0.915056,0.925416,-0.18482,-0.330829
0.696852,0.526118,0.682899,0.269218,0.799742,0.536596,0.266698,-0.597286,0.756388,0.925416,-0.0605241,-0.374089
0.696852,0.599767,0.741419,0.269218,0.567985,0.777763,0.266698,-0.819965,0.506488,0.925416,0.0710721,-0.372229
0.696852,0.648959,0.8216,0.269218,0.267721,0.92512,0.266698,-0.943744,0.195499,0.925416,0.194096,-0.325473
0.696852,0.667761,0.913769,0.269218,-0.0648347,0.960895,0.266698,-0.953694,-0.139071,0.925416,0.293709,-0.23946
0.696852,0.653905,1.00681,0.269218,-0.38957,0.880771,0.266698,-0.848614,-0.456866,0.925416,0.357896,-0.124564
0.696852,0.609063,1.0895,0.269218,-0.667317,0.694413,0.266698,-0.641179,-0.719557,0.925416,0.378916,0.00535536
0.696852,0.538642,1.15187,0.269218,-0.864576,0.424299,0.266698,-0.356408,-0.895458,0.925416,0.354233,0.134629
0.696852,0.451138,1.18639,0.269218,-0.957555,0.103008,0.266698,-0.0286493,-0.963354,0.925416,0.286824,0.247665
0.696852,0.357104,1.1889,0.269218,-0.935038,-0.230707,0.266698,0.302565,-0.915056,0.925416,0.18482,0.330829
0.696852,0.267882,1.1591,0.269218,-0.799742,-0.536596,0.266698,0.597286,-0.756388,0.925416,0.0605241,0.374089
0.696852,0.194233,1.10058,0.269218,-0.567985,-0.777763,0.266698,0.819965,-0.506488,0.925416,-0.0710721,0.372229
0.696852,0.145041,1.0204,0.269218,-0.267721,-0.92512,0.266698,0.943744,-0.195499,0.925416,-0.194096,0.325473
0.696852,0.126239,0.928231,0.269218,0.0648347,-0.960895,0.266698,0.953694,0.139071,0.925416,-0.293709,0.23946
0.696852,0.140095,0.835189,0.269218,0.38957,-0.880771,0.266698,0.848614,0.456866,0.925416,-0.357896,0.124564
0.696834,0.12756,0.94846,-0.061087,0.393607,-0.917247,0.373999,0.86104,0.344579,0.925415,-0.322,-0.199807
0.696834,0.134417,0.85465,-0.061087,0.683586,-0.727309,0.373999,0.69126,0.618292,0.925415,-0.234243,-0.297887
0.696834,0.172946,0.768843,-0.061087,0.891115,-0.449647,0.373999,0.438103,0.817429,0.925415,-0.118233,-0.360038
0.696834,0.238499,0.701388,-0.061087,0.991163,-0.11775,0.373999,0.132105,0.917972,0.925415,0.0120378,-0.378764
0.696834,0.323169,0.660422,-0.061087,0.971661,0.228349,0.373999,-0.189827,0.907794,0.925415,0.140857,-0.351804
0.696834,0.416745,0.650885,-0.061087,0.834963,0.546905,0.373999,-0.488863,0.788123,0.925415,0.252686,-0.282412
0.696834,0.507939,0.673928,-0.061087,0.597556,0.799497,0.373999,-0.728935,0.573393,0.925415,0.334038,-0.178957
0.696834,0.585752,0.726772,-0.061087,0.288075,0.955657,0.373999,-0.881086,0.289503,0.925415,0.3751,-0.0539167
0.696834,0.640799,0.803042,-0.061087,-0.0561522,0.996552,0.373999,-0.926966,-0.0293058,0.925415,0.370919,0.0776265
0.696834,0.66644,0.89354,-0.061087,-0.393607,0.917247,0.373999,-0.86104,-0.344579,0.925415,0.322,0.199807
0.696834,0.659583,0.98735,-0.061087,-0.683586,0.727309,0.373999,-0.69126,-0.618292,0.925415,0.234243,0.297887
0.696834,0.621054,1.07316,-0.061087,-0.891115,0.449647,0.373999,-0.438103,-0.817429,0.925415,0.118233,0.360038
0.696834,0.555501,1.14061,-0.061087,-0.991163,0.11775,0.373999,-0.132105,-0.917972,0.925415,-0.0120378,0.378764
0.696834,0.470831,1.18158,-0.061087,-0.971661,-0.228349,0.373999,0.189827,-0.907794,0.925415,-0.140857,0.351804
0.696834,0.377255,1.19111,-0.061087,-0.834963,-0.546905,0.373999,0.488863,-0.788123,0.925415,-0.252686,0.282412
0.696834,0.286061,1.16807,-0.061087,-0.597556,-0.799497,0.373999,0.728935,-0.573393,0.925415,-0.334038,0.178957
0.696834,0.208248,1.11523,-0.061087,-0.288075,-0.955657,0.373999,0.881086,-0.289503,0.925415,-0.3751,0.0539167
0.696834,0.153201,1.03896,-0.061087,0.0561522,-0.996552,0.373999,0.926966,0.0293058,0.925415,-0.370919,-0.0776265
0.696834,0.12756,0.94846,-0.061087,0.393607,-0.917247,0.373999,0.86104,0.344579,0.925415,-0.322,-0.199807
0.735794,0.11578,1.05491,-0.384024,0.384974,-0.839238,0.43619,0.876753,0.202588,0.813796,-0.288269,-0.504616
0.735794,0.0869412,0.950648,-0.384024,0.648793,-0.656957,0.43619,0.754589,0.490238,0.813796,-0.098295,-0.572777
0.735794,0.0954997,0.842814,-0.384024,0.834359,-0.395437,0.43619,0.541411,0.718758,0.813796,0.103534,-0.571854
0.735794,0.140424,0.74441,-0.384024,0.919289,-0.086222,0.43619,0.26293,0.860585,0.813796,0.292876,-0.501956
0.735794,0.216294,0.667305,-0.384024,0.893338,0.233393,0.43619,-0.0472638,0.898613,0.813796,0.446892,-0.371515
0.735794,0.313961,0.6208,-0.384024,0.759638,0.524857,0.43619,-0.351757,0.828254,0.813796,0.547007,-0.196263
0.735794,0.421643,0.610503,-0.384024,0.534315,0.753016,0.43619,-0.613823,0.657997,0.813796,0.581144,0.00266005
0.735794,0.526353,0.637657,-0.384024,0.244545,0.89035,0.43619,-0.801853,0.408375,0.813796,0.545187,0.201263
0.735794,0.615461,0.698986,-0.384024,-0.0747207,0.920295,0.43619,-0.893168,0.109497,0.813796,0.443473,0.37559
0.735794,0.67822,0.787093,-0.384024,-0.384974,0.839238,0.43619,-0.876753,-0.202588,0.813796,0.288269,0.504616
0.735794,0.707059,0.891352,-0.384024,-0.648793,0.656957,0.43619,-0.754589,-0.490238,0.813796,0.098295,0.572777
0.735794,0.6985,0.999186,-0.384024,-0.834359,0.395437,0.43619,-0.541411,-0.718758,0.813796,-0.103534,0.571854
0.735794,0.653576,1.09759,-0.384024,-0.919289,0.086222,0.43619,-0.26293,-0.860585,0.813796,-0.292876,0.501956
0.735794,0.577706,1.17469,-0.384024,-0.893338,-0.233393,0.43619,0.0472638,-0.898613,0.813796,-0.446892,0.371515
0.735794,0.480039,1.2212,-0.384024,-0.759638,-0.524857,0.43619,0.351757,-0.828254,0.813796,-0.547007,0.196263
0.735794,0.372357,1.2315,-0.384024,-0.534315,-0.753016,0.43619,0.613823,-0.657997,0.813796,-0.581144,-0.00266005
0.735794,0.267647,1.20434,-0.384024,-0.244545,-0.89035,0.43619,0.801853,-0.408375,0.813796,-0.545187,-0.201263
0.735794,0.178539,1.14301,-0.384024,0.0747207,-0.920295,0.43619,0.893168,-0.109497,0.813796,-0.443473,-0.37559
0.735794,0.11578,1.05491,-0.384024,0.384974,-0.839238,0.43619,0.876753,0.202588,0.813796,-0.288269,-0.504616
0.809034,0.106177,1.14169,-0.660642,0.364713,-0.656153,0.44577,0.893859,0.0480184,0.604021,-0.26077,-0.753098
0.809034,0.0482354,1.02891,-0.660642,0.567136,-0.491843,0.44577,0.823529,0.35084,0.604021,0.0125307,-0.79687
0.809034,0.0323603,0.90312,-0.660642,0.701153,-0.26821,0.44577,0.65387,0.611346,0.604021,0.284321,-0.744527
0.809034,0.0604662,0.779484,-0.660642,0.750602,-0.012226,0.44577,0.405344,0.798114,0.604021,0.521817,-0.602383
0.809034,0.129163,0.672917,-0.660642,0.709516,0.245232,0.44577,0.107928,0.888617,0.604021,0.696375,-0.387583
0.809034,0.230165,0.596273,-0.660642,0.582853,0.473112,0.44577,-0.202506,0.871941,0.604021,0.786939,-0.126035
0.809034,0.35129,0.558795,-0.660642,0.385889,0.643927,0.44577,-0.488515,0.750095,0.604021,0.782588,0.150715
0.809034,0.477928,0.565005,-0.660642,0.142381,0.737075,0.44577,-0.715601,0.537777,0.604021,0.683844,0.409287
0.809034,0.594805,0.614153,-0.660642,-0.1183,0.741321,0.44577,-0.856376,0.260595,0.604021,0.502619,0.618492
0.809034,0.687823,0.700311,-0.660642,-0.364713,0.656153,0.44577,-0.893859,-0.0480184,0.604021,0.26077,0.753098
0.809034,0.745765,0.813088,-0.660642,-0.567136,0.491843,0.44577,-0.823529,-0.35084,0.604021,-0.0125307,0.79687
0.809034,0.76164,0.93888,-0.660642,-0.701153,0.26821,0.44577,-0.65387,-0.611346,0.604021,-0.284321,0.744527
0.809034,0.733534,1.06252,-0.660642,-0.750602,0.012226,0.44577,-0.405344,-0.798114,0.604021,-0.521817,0.602383
0.809034,0.664837,1.16908,-0.660642,-0.709516,-0.245232,0.44577,-0.107928,-0.888617,0.604021,-0.696375,0.387583
0.809034,0.563835,1.24573,-0.660642,-0.582853,-0.473112,0.44577,0.202506,-0.871941,0.604021,-0.786939,0.126035
0.809034,0.44271,1.2832,-0.660642,-0.385889,-0.643927,0.44577,0.488515,-0.750095,0.604021,-0.782588,-0.150715
0.809034,0.316072,1.277,-0.660642,-0.142381,-0.737075,0.44577,0.715601,-0.537777,0.604021,-0.683844,-0.409287
0.809034,0.199195,1.22785,-0.660642,0.1183,-0.741321,0.44577,0.856376,-0.260595,0.604021,-0.502619,-0.618492
0.809034,0.106177,1.14169,-0.660642,0.364713,-0.656153,0.44577,0.893859,0.0480184,0.604021,-0.26077,-0.753098
0.90772,0.0999074,1.19834,-0.857576,0.335268,-0.390075,0.401584,0.910293,-0.100486,0.321392,-0.242822,-0.915284
0.90772,0.0229684,1.08,-0.857576,0.448462,-0.251882,0.401584,0.889764,0.216912,0.321392,0.084867,-0.943135
0.90772,-0.00885682,0.942487,-0.857576,0.507565,-0.0833087,0.401584,0.761916,0.508148,0.321392,0.40232,-0.857231
0.90772,0.00827025,0.80238,-0.857576,0.505448,0.0953129,0.401584,0.54217,0.738093,0.321392,0.671248,-0.667932
0.90772,0.0722839,0.676581,-0.857576,0.442367,0.262438,0.401584,0.25703,0.879014,0.321392,0.859213,-0.398071
0.90772,0.175463,0.580261,-0.857576,0.32593,0.39791,0.401584,-0.0591109,0.913913,0.321392,0.943544,-0.080196
0.90772,0.305363,0.52504,-0.857576,0.170181,0.485388,0.401584,-0.368123,0.83858,0.321392,0.91407,0.247351
0.90772,0.446315,0.517578,-0.857576,-0.00609471,0.51432,0.401584,-0.632733,0.662102,0.321392,0.774346,0.545065
0.90772,0.58132,0.558774,-0.857576,-0.181635,0.481219,0.401584,-0.821027,0.405765,0.321392,0.541224,0.777035
0.90772,0.694093,0.64366,-0.857576,-0.335268,0.390075,0.401584,-0.910293,0.100486,0.321392,0.242822,0.915284
0.90772,0.771032,0.761997,-0.857576,-0.448462,0.251882,0.401584,-0.889764,-0.216912,0.321392,-0.084867,0.943135
0.90772,0.802857,0.899513,-0.857576,-0.507565,0.0833087,0.401584,-0.761916,-0.508148,0.321392,-0.40232,0.857231
0.90772,0.78573,1.03962,-0.857576,-0.505448,-0.0953129,0.401584,-0.54217,-0.738093,0.321392,-0.671248,0.667932
0.90772,0.721716,1.16542,-0.857576,-0.442367,-0.262438,0.401584,-0.25703,-0.879014,0.321392,-0.859213,0.398071
0.90772,0.618537,1.26174,-0.857576,-0.32593,-0.39791,0.401584,0.0591109,-0.913913,0.321392,-0.943544,0.080196
0.90772,0.488637,1.31696,-0.857576,-0.170181,-0.485388,0.401584,0.368123,-0.83858,0.321392,-0.91407,-0.247351
0.90772,0.347685,1.32442,-0.857576,0.00609471,-0.51432,0.401584,0.632733,-0.662102,0.321392,-0.774346,-0.545065
0.90772,0.21268,1.28323,-0.857576,0.181635,-0.481219,0.401584,0.821027,-0.405765,0.321392,-0.541224,-0.777035
0.90772,0.0999074,1.19834,-0.857576,0.335268,-0.390075,0.401584,0.910293,-0.100486,0.321392,-0.242822,-0.915284
0.883612,0.302477,0.533376,0.961642,0.250494,-0.111793,-0.0812368,0.649332,0.756154,0.262003,-0.718068,0.644774
0.883612,0.440753,0.524424,0.961642,0.273623,-0.0193774,-0.0812368,0.351552,0.932637,0.262003,-0.895288,0.360296
0.883612,0.573751,0.563305,0.961642,0.263749,0.0753757,-0.0812368,0.0113707,0.99663,0.262003,-0.964524,0.0323606
0.883612,0.685431,0.645329,0.961642,0.222063,0.161037,-0.0812368,-0.330183,0.940415,0.262003,-0.917424,-0.299478
0.883612,0.762321,0.760603,0.961642,0.153593,0.227276,-0.0812368,-0.631911,0.770772,0.262003,-0.75967,-0.595195
0.883612,0.795148,0.895223,0.961642,0.0665972,0.266101,-0.0812368,-0.857422,0.508162,0.262003,-0.510287,-0.819122
0.883612,0.779953,1.03295,0.961642,-0.0284311,0.272831,-0.0812368,-0.979514,0.184261,0.262003,-0.199357,-0.944252
0.883612,0.718568,1.15718,0.961642,-0.12003,0.246653,-0.0812368,-0.983463,-0.161865,0.262003,0.135619,-0.95549
0.883612,0.618397,1.25292,0.961642,-0.197152,0.190725,-0.0812368,-0.868792,-0.488468,0.262003,0.454237,-0.851483
0.883612,0.491523,1.30862,0.961642,-0.250494,0.111793,-0.0812368,-0.649332,-0.756154,0.262003,0.718068,-0.644774
0.883612,0.353247,1.31758,0.961642,-0.273623,0.0193774,-0.0812368,-0.351552,-0.932637,0.262003,0.895288,-0.360296
0.883612,0.220249,1.27869,0.961642,-0.263749,-0.0753757,-0.0812368,-0.0113707,-0.99663,0.262003,0.964524,-0.0323606
0.883612,0.108569,1.19667,0.961642,-0.222063,-0.161037,-0.0812368,0.330183,-0.940415,0.262003,0.917424,0.299478
0.883612,0.0316789,1.0814,0.961642,-0.153593,-0.227276,-0.0812368,0.631911,-0.770772,0.262003,0.75967,0.595195
0.883612,-0.00114844,0.946777,0.961642,-0.0665972,-0.266101,-0.0812368,0.857422,-0.508162,0.262003,0.510287,0.819122
0.883612,0.0140467,0.809047,0.961642,0.0284311,-0.272831,-0.0812368,0.979514,-0.184261,0.262003,0.199357,0.944252
0.883612,0.0754318,0.684821,0.961642,0.12003,-0.246653,-0.0812368,0.983463,0.161865,0.262003,-0.135619,0.95549
0.883612,0.175603,0.589082,0.961642,0.197152,-0.190725,-0.0812368,0.868792,0.488468,0.262003,-0.454237,0.851483
0.883612,0.302477,0.533376,0.961642,0.250494,-0.111793,-0.0812368,0.649332,0.756154,0.262003,-0.718068,0.644774
0.763622,0.29486,0.602211,0.856221,0.285751,-0.430387,0.156285,0.650787,0.743001,0.492403,-0.703436,0.512559
0.763622,0.410052,0.586503,0.856221,0.415719,-0.306699,0.156285,0.357419,0.920775,0.492403,-0.836319,0.241059
0.763622,0.523669,0.611139,0.856221,0.495545,-0.146018,0.156285,0.0209401,0.98749,0.492403,-0.86833,-0.0595171
0.763622,0.622009,0.67315,0.856221,0.515601,0.032274,0.156285,-0.318064,0.935099,0.492403,-0.795607,-0.352914
0.763622,0.693209,0.765054,0.856221,0.473468,0.206674,0.156285,-0.618705,0.769921,0.492403,-0.626922,-0.603744
0.763622,0.728682,0.875769,0.856221,0.374228,0.356145,0.156285,-0.844721,0.51188,0.492403,-0.382622,-0.781754
0.763622,0.724149,0.991938,0.856221,0.22985,0.462661,0.156285,-0.968852,0.192098,0.492403,-0.092171,-0.865473
0.763622,0.680157,1.09955,0.856221,0.0577495,0.513372,0.156285,-0.976124,-0.150854,0.492403,0.209397,-0.844803
0.763622,0.602013,1.18563,0.856221,-0.121317,0.502164,0.156285,-0.865661,-0.47561,0.492403,0.485708,-0.722237
0.763622,0.49914,1.23979,0.856221,-0.285751,0.430387,0.156285,-0.650787,-0.743001,0.492403,0.703436,-0.512559
0.763622,0.383948,1.2555,0.856221,-0.415719,0.306699,0.156285,-0.357419,-0.920775,0.492403,0.836319,-0.241059
0.763622,0.270331,1.23086,0.856221,-0.495545,0.146018,0.156285,-0.0209401,-0.98749,0.492403,0.86833,0.0595171
0.763622,0.171991,1.16885,0.856221,-0.515601,-0.032274,0.156285,0.318064,-0.935099,0.492403,0.795607,0.352914
0.763622,0.100791,1.07695,0.856221,-0.473468,-0.206674,0.156285,0.618705,-0.769921,0.492403,0.626922,0.603744
0.763622,0.065318,0.966231,0.856221,-0.374228,-0.356145,0.156285,0.844721,-0.51188,0.492403,0.382622,0.781754
0.763622,0.0698508,0.850062,0.856221,-0.22985,-0.462661,0.156285,0.968852,-0.192098,0.492403,0.092171,0.865473
0.763622,0.113843,0.742448,0.856221,-0.0577495,-0.513372,0.156285,0.976124,0.150854,0.492403,-0.209397,0.844803
0.763622,0.191987,0.656371,0.856221,0.121317,-0.502164,0.156285,0.865661,0.47561,0.492403,-0.485708,0.722237
0.763622,0.29486,0.602211,0.856221,0.285751,-0.430387,0.156285,0.650787,0.743001,0.492403,-0.703436,0.512559
0.674556,0.283188,0.707685,0.647527,0.314915,-0.693929,0.374957,0.661091,0.649897,0.663413,-0.681019,0.309994
0.674556,0.363009,0.681623,0.647527,0.533261,-0.544373,0.374957,0.398944,0.83681,0.663413,-0.745973,0.0583767
0.674556,0.446931,0.684434,0.647527,0.687288,-0.329157,0.374957,0.088679,0.922791,0.663413,-0.720951,-0.200282
0.674556,0.52483,0.715778,0.647527,0.758418,-0.0742398,0.374957,-0.232282,0.89747,0.663413,-0.608972,-0.434783
0.674556,0.587311,0.771875,0.647527,0.738071,0.189632,0.374957,-0.525226,0.763901,0.663413,-0.423542,-0.616843
0.674556,0.626838,0.845958,0.647527,0.628702,0.430631,0.374957,-0.754821,0.538194,0.663413,-0.187027,-0.724503
0.674556,0.638643,0.929093,0.647527,0.443503,0.619689,0.374957,-0.893373,0.247573,0.663413,0.0720471,-0.744777
0.674556,0.621302,1.01125,0.647527,0.20481,0.734004,0.374957,-0.924171,-0.0729092,0.663413,0.322431,-0.67522
0.674556,0.576907,1.08252,0.647527,-0.0585859,0.759787,0.374957,-0.8435,-0.384597,0.663413,0.533925,-0.524221
0.674556,0.510812,1.13432,0.647527,-0.314915,0.693929,0.374957,-0.661091,-0.649897,0.663413,0.681019,-0.309994
0.674556,0.430991,1.16038,0.647527,-0.533261,0.544373,0.374957,-0.398944,-0.83681,0.663413,0.745973,-0.0583767
0.674556,0.347069,1.15757,0.647527,-0.687288,0.329157,0.374957,-0.088679,-0.922791,0.663413,0.720951,0.200282
0.674556,0.26917,1.12622,0.647527,-0.758418,0.0742398,0.374957,0.232282,-0.89747,0.663413,0.608972,0.434783
0.674556,0.206689,1.07013,0.647527,-0.738071,-0.189632,0.374957,0.525226,-0.763901,0.663413,0.423542,0.616843
0.674556,0.167162,0.996042,0.647527,-0.628702,-0.430631,0.374957,0.754821,-0.538194,0.663413,0.187027,0.724503
0.674556,0.155357,0.912907,0.647527,-0.443503,-0.619689,0.374957,0.893373,-0.247573,0.663413,-0.0720471,0.744777
0.674556,0.172698,0.830748,0.647527,-0.20481,-0.734004,0.374957,0.924171,0.0729092,0.663413,-0.322431,0.67522
0.674556,0.217093,0.759475,0.647527,0.0585859,-0.759787,0.374957,0.8435,0.384597,0.663413,-0.533925,0.524221
0.674556,0.283188,0.707685,0.647527,0.314915,-0.693929,0.374957,0.661091,0.649897,0.663413,-0.681019,0.309994
0.627155,0.268869,0.837075,0.360731,0.33447,-0.870633,0.548404,0.678999,0.488071,0.754404,-0.653521,0.0615115
0.627155,0.3053,0.798313,0.360731,0.612073,-0.703732,0.548404,0.47112,0.690868,0.754404,-0.635147,-0.165716
0.627155,0.352792,0.774349,0.360731,0.815851,-0.451951,0.548404,0.206417,0.810337,0.754404,-0.540165,-0.372955
0.627155,0.405615,0.768073,0.360731,0.921226,-0.145657,0.548404,-0.0831828,0.832066,0.754404,-0.380031,-0.53521
0.627155,0.4574,0.780242,0.360731,0.915487,0.178205,0.548404,-0.36275,0.753436,0.754404,-0.17406,-0.632912
0.627155,0.501899,0.809389,0.360731,0.799326,0.480573,0.548404,-0.598563,0.583931,0.754404,0.0529058,-0.654274
0.627155,0.533747,0.851997,0.360731,0.586756,0.724976,0.548404,-0.762182,0.343995,0.754404,0.27349,-0.596722
0.627155,0.5491,0.902929,0.360731,0.303413,0.881937,0.548404,-0.83387,0.0625677,0.754404,0.461088,-0.467196
0.627155,0.546108,0.95604,0.360731,-0.016525,0.932523,0.548404,-0.804981,-0.226406,0.754404,0.593071,-0.281319
0.627155,0.525131,1.00492,0.360731,-0.33447,0.870633,0.548404,-0.678999,-0.488071,0.754404,0.653521,-0.0615115
0.627155,0.4887,1.04369,0.360731,-0.612073,0.703732,0.548404,-0.47112,-0.690868,0.754404,0.635147,0.165716
0.627155,0.441208,1.06765,0.360731,-0.815851,0.451951,0.548404,-0.206417,-0.810337,0.754404,0.540165,0.372955
0.627155,0.388385,1.07393,0.360731,-0.921226,0.145657,0.548404,0.0831828,-0.832066,0.754404,0.380031,0.53521
0.627155,0.3366,1.06176,0.360731,-0.915487,-0.178205,0.548404,0.36275,-0.753436,0.754404,0.17406,0.632912
0.627155,0.292101,1.03261,0.360731,-0.799326,-0.480573,0.548404,0.598563,-0.583931,0.754404,-0.0529058,0.654274
0.627155,0.260253,0.990003,0.360731,-0.586756,-0.724976,0.548404,0.762182,-0.343995,0.754404,-0.27349,0.596722
0.627155,0.2449,0.939071,0.360731,-0.303413,-0.881937,0.548404,0.83387,-0.0625677,0.754404,-0.461088,0.467196
0.627155,0.247892,0.88596,0.360731,0.016525,-0.932523,0.548404,0.804981,0.226406,0.754404,-0.593071,0.281319
0.627155,0.268869,0.837075,0.360731,0.33447,-0.870633,0.548404,0.678999,0.488071,0.754404,-0.653521,0.0615115
0.627137,0.25363,0.974776,0.0304265,0.342057,-0.939187,0.655705,0.702352,0.277043,0.754404,-0.624259,-0.202918
0.627137,0.243884,0.922498,0.0304265,0.642649,-0.765557,0.655705,0.565241,0.500554,0.754404,-0.517209,-0.40419
0.627137,0.252606,0.870039,0.0304265,0.865728,-0.499589,0.655705,0.359953,0.66369,0.754404,-0.347777,-0.55671
0.627137,0.278743,0.823726,0.0304265,0.984388,-0.173364,0.655705,0.11125,0.746776,0.754404,-0.136397,-0.642083
0.627137,0.319145,0.789147,0.0304265,0.984316,0.173772,0.655705,-0.150872,0.73979,0.754404,0.0914338,-0.650011
0.627137,0.368937,0.77047,0.0304265,0.865521,0.499948,0.655705,-0.394796,0.643574,0.754404,0.308237,-0.579538
0.627137,0.422113,0.76995,0.0304265,0.642331,0.765823,0.655705,-0.591102,0.469733,0.754404,0.487861,-0.439165
0.627137,0.472261,0.787649,0.0304265,0.341667,0.939328,0.655705,-0.716113,0.239236,0.754404,0.608643,-0.245822
0.627137,0.513331,0.821431,0.0304265,-0.000207253,0.999537,0.655705,-0.754749,-0.0201166,0.754404,0.656013,-0.0228285
0.627137,0.54037,0.867224,0.0304265,-0.342057,0.939187,0.655705,-0.702352,-0.277043,0.754404,0.624259,0.202918
0.627137,0.550116,0.919502,0.0304265,-0.642649,0.765557,0.655705,-0.565241,-0.500554,0.754404,0.517209,0.40419
0.627137,0.541394,0.971961,0.0304265,-0.865728,0.499589,0.655705,-0.359953,-0.66369,0.754404,0.347777,0.55671
0.627137,0.515257,1.01827,0.0304265,-0.984388,0.173364,0.655705,-0.11125,-0.746776,0.754404,0.136397,0.642083
0.627137,0.474855,1.05285,0.0304265,-0.984316,-0.173772,0.655705,0.150872,-0.73979,0.754404,-0.0914338,0.650011
0.627137,0.425063,1.07153,0.0304265,-0.865521,-0.499948,0.655705,0.394796,-0.643574,0.754404,-0.308237,0.579538
0.627137,0.371887,1.07205,0.0304265,-0.642331,-0.765823,0.655705,0.591102,-0.469733,0.754404,-0.487861,0.439165
0.627137,0.321739,1.05435,0.0304265,-0.341667,-0.939328,0.655705,0.716113,-0.239236,0.754404,-0.608643,0.245822
0.627137,0.280669,1.02057,0.0304265,0.000207253,-0.999537,0.655705,0.754749,0.0201166,0.754404,-0.656013,0.0228285
0.627137,0.25363,0.974776,0.0304265,0.342057,-0.939187,0.655705,0.702352,0.277043,0.754404,-0.624259,-0.202918
0.674504,0.23931,1.10418,-0.303548,0.336759,-0.89132,0.683918,0.728334,0.0422645,0.663411,-0.596761,-0.4514
0.674504,0.186169,1.0392,-0.303548,0.6213,-0.722388,0.683918,0.669954,0.28882,0.663411,-0.406384,-0.628282
0.674504,0.158457,0.959962,-0.303548,0.830902,-0.466326,0.683918,0.530769,0.50054,0.663411,-0.166991,-0.729383
0.674504,0.159517,0.876026,-0.303548,0.940286,-0.154018,0.683918,0.327565,0.651888,0.663411,0.0925438,-0.74251
0.674504,0.189221,0.797514,-0.303548,0.936257,0.176867,0.683918,0.0848514,0.724608,0.663411,0.340916,-0.666079
0.674504,0.243986,0.733897,-0.303548,0.819301,0.486419,0.683918,-0.168096,0.709929,0.663411,0.548169,-0.50931
0.674504,0.317207,0.692847,-0.303548,0.603526,0.737302,0.683918,-0.400769,0.609623,0.663411,0.689304,-0.29111
0.674504,0.400052,0.679316,-0.303548,0.314957,0.899256,0.683918,-0.585103,0.435787,0.663411,0.7473,-0.0377977
0.674504,0.482529,0.694935,-0.303548,-0.0116009,0.952745,0.683918,-0.698865,0.209389,0.663411,0.715159,0.220073
0.674504,0.55469,0.737821,-0.303548,-0.336759,0.89132,0.683918,-0.728334,-0.0422645,0.663411,0.596761,0.4514
0.674504,0.607831,0.802801,-0.303548,-0.6213,0.722388,0.683918,-0.669954,-0.28882,0.663411,0.406384,0.628282
0.674504,0.635543,0.882038,-0.303548,-0.830902,0.466326,0.683918,-0.530769,-0.50054,0.663411,0.166991,0.729383
0.674504,0.634483,0.965974,-0.303548,-0.940286,0.154018,0.683918,-0.327565,-0.651888,0.663411,-0.0925438,0.74251
0.674504,0.604779,1.04449,-0.303548,-0.936257,-0.176867,0.683918,-0.0848514,-0.724608,0.663411,-0.340916,0.666079
0.674504,0.550014,1.1081,-0.303548,-0.819301,-0.486419,0.683918,0.168096,-0.709929,0.663411,-0.548169,0.50931
0.674504,0.476793,1.14915,-0.303548,-0.603526,-0.737302,0.683918,0.400769,-0.609623,0.663411,-0.689304,0.29111
0.674504,0.393948,1.16268,-0.303548,-0.314957,-0.899256,0.683918,0.585103,-0.435787,0.663411,-0.7473,0.0377977
0.674504,0.311471,1.14707,-0.303548,0.0116009,-0.952745,0.683918,0.698865,-0.209389,0.663411,-0.715159,-0.220073
0.674504,0.23931,1.10418,-0.303548,0.336759,-0.89132,0.683918,0.728334,0.0422645,0.663411,-0.596761,-0.4514
0.763543,0.227635,1.20968,-0.60091,0.319218,-0.732807,0.629641,0.75381,-0.187946,0.492402,-0.574344,-0.653965
0.763543,0.139116,1.13434,-0.60091,0.550601,-0.579435,0.629641,0.772631,0.0812066,0.492402,-0.316038,-0.810963
0.763543,0.081702,1.03327,-0.60091,0.715574,-0.356174,0.629641,0.698261,0.340565,0.492402,-0.0196126,-0.870147
0.763543,0.0623173,0.918664,-0.60091,0.794239,-0.089953,0.629641,0.539671,0.558845,0.492402,0.279178,-0.824379
0.763543,0.0833001,0.804336,-0.60091,0.777106,0.187117,0.629641,0.315988,0.709721,0.492402,0.544296,-0.679178
0.763543,0.14212,0.70408,-0.60091,0.666243,0.441619,0.629641,0.054193,0.774994,0.492402,0.743763,-0.452059
0.763543,0.231682,0.629988,-0.60091,0.475021,0.642854,0.629641,-0.214139,0.746791,0.492402,0.853522,-0.170414
0.763543,0.341184,0.590996,-0.60091,0.226504,0.766552,0.629641,-0.456642,0.628514,0.492402,0.860333,0.131785
0.763543,0.457418,0.591808,-0.60091,-0.0493317,0.797793,0.629641,-0.644068,0.43443,0.492402,0.763376,0.418089
0.763543,0.566365,0.632324,-0.60091,-0.319218,0.732807,0.629641,-0.75381,0.187946,0.492402,0.574344,0.653965
0.763543,0.654884,0.70766,-0.60091,-0.550601,0.579435,0.629641,-0.772631,-0.0812066,0.492402,0.316038,0.810963
0.763543,0.712298,0.808727,-0.60091,-0.715574,0.356174,0.629641,-0.698261,-0.340565,0.492402,0.0196126,0.870147
0.763543,0.731683,0.923336,-0.60091,-0.794239,0.089953,0.629641,-0.539671,-0.558845,0.492402,-0.279178,0.824379
0.763543,0.7107,1.03766,-0.60091,-0.777106,-0.187117,0.629641,-0.315988,-0.709721,0.492402,-0.544296,0.679178
0.763543,0.65188,1.13792,-0.60091,-0.666243,-0.441619,0.629641,-0.054193,-0.774994,0.492402,-0.743763,0.452059
0.763543,0.562318,1.21201,-0.60091,-0.475021,-0.642854,0.629641,0.214139,-0.746791,0.492402,-0.853522,0.170414
0.763543,0.452816,1.251,-0.60091,-0.226504,-0.766552,0.629641,0.456642,-0.628514,0.492402,-0.860333,-0.131785
0.763543,0.336582,1.25019,-0.60091,0.0493317,-0.797793,0.629641,0.644068,-0.43443,0.492402,-0.763376,-0.418089
0.763543,0.227635,1.20968,-0.60091,0.319218,-0.732807,0.629641,0.75381,-0.187946,0.492402,-0.574344,-0.653965
0.883514,0.220014,1.27854,-0.825794,0.291547,-0.482767,0.499419,0.775707,-0.385822,0.262001,-0.559713,-0.786179
0.883514,0.108401,1.19645,-0.825794,0.439081,-0.353938,0.499419,0.860885,-0.0972463,0.262001,-0.257069,-0.9302
0.883514,0.0315978,1.08113,-0.825794,0.533655,-0.182418,0.499419,0.842228,0.203059,0.262001,0.0765814,-0.962024
0.883514,-0.00113298,0.946497,-0.825794,0.563862,0.0111038,0.499419,0.721985,0.478871,0.262001,0.400995,-0.877815
0.883514,0.014157,0.80879,-0.825794,0.52606,0.203286,0.499419,0.51466,0.696925,0.262001,0.677042,-0.687728
0.883514,0.0756234,0.684617,-0.825794,0.424806,0.37095,0.499419,0.24526,0.83092,0.262001,0.871428,-0.414691
0.883514,0.175853,0.588955,-0.825794,0.272315,0.493871,0.499419,-0.0537223,0.864693,0.262001,0.960707,-0.0916358
0.883514,0.302756,0.533343,-0.825794,0.0869786,0.557224,0.499419,-0.346225,0.794172,0.262001,0.934111,0.242472
0.883514,0.441026,0.524488,-0.825794,-0.108849,0.553368,0.499419,-0.596968,0.627861,0.262001,0.794847,0.547334
0.883514,0.573986,0.563458,-0.825794,-0.291547,0.482767,0.499419,-0.775707,0.385822,0.262001,0.559713,0.786179
0.883514,0.685599,0.645553,-0.825794,-0.439081,0.353938,0.499419,-0.860885,0.0972463,0.262001,0.257069,0.9302
0.883514,0.762402,0.760871,-0.825794,-0.533655,0.182418,0.499419,-0.842228,-0.203059,0.262001,-0.0765814,0.962024
0.883514,0.795133,0.895503,-0.825794,-0.563862,-0.0111038,0.499419,-0.721985,-0.478871,0.262001,-0.400995,0.877815
0.883514,0.779843,1.03321,-0.825794,-0.52606,-0.203286,0.499419,-0.51466,-0.696925,0.262001,-0.677042,0.687728
0.883514,0.718377,1.15738,-0.825794,-0.424806,-0.37095,0.499419,-0.24526,-0.83092,0.262001,-0.871428,0.414691
0.883514,0.618147,1.25304,-0.825794,-0.272315,-0.493871,0.499419,0.0537223,-0.864693,0.262001,-0.960707,0.0916358
0.883514,0.491244,1.30866,-0.825794,-0.0869786,-0.557224,0.499419,0.346225,-0.794172,0.262001,-0.934111,-0.242472
0.883514,0.352974,1.31751,-0.825794,0.108849,-0.553368,0.499419,0.596968,-0.627861,0.262001,-0.794847,-0.547334
0.883514,0.220014,1.27854,-0.825794,0.291547,-0.482767,0.499419,0.775707,-0.385822,0.262001,-0.559713,-0.786179
0.875863,0.448615,0.528128,0.985232,0.161667,-0.0564155,-0.00862081,0.375893,0.926623,0.17101,-0.912452,0.371736
0.875863,0.579873,0.569474,0.985232,0.171212,0.00227998,-0.00862081,0.0363006,0.999304,0.17101,-0.984565,0.0372405
0.875863,0.689073,0.65322,0.985232,0.160107,0.0607005,-0.00862081,-0.307671,0.951454,0.17101,-0.937926,-0.301747
0.875863,0.763045,0.769264,0.985232,0.129691,0.1118,-0.00862081,-0.614532,0.788845,0.17101,-0.778158,-0.604338
0.875863,0.792867,0.90361,0.985232,0.0836315,0.149414,-0.00862081,-0.847272,0.531089,0.17101,-0.524534,-0.834038
0.875863,0.774941,1.04005,0.985232,0.0274853,0.169007,-0.00862081,-0.977819,0.209276,0.17101,-0.207643,-0.963141
0.875863,0.71143,1.16214,0.985232,-0.031976,0.168215,-0.00862081,-0.990426,-0.137778,0.17101,0.134293,-0.976074
0.875863,0.609994,1.25514,0.985232,-0.0875806,0.147134,-0.00862081,-0.883573,-0.468215,0.17101,0.460031,-0.871279
0.875863,0.482868,1.30783,0.985232,-0.132622,0.108306,-0.00862081,-0.670148,-0.742177,0.17101,0.730283,-0.661394
0.875863,0.345385,1.31387,0.985232,-0.161667,0.0564155,-0.00862081,-0.375893,-0.926623,0.17101,0.912452,-0.371736
0.875863,0.214127,1.27253,0.985232,-0.171212,-0.00227998,-0.00862081,-0.0363006,-0.999304,0.17101,0.984565,-0.0372405
0.875863,0.104927,1.18878,0.985232,-0.160107,-0.0607005,-0.00862081,0.307671,-0.951454,0.17101,0.937926,0.301747
0.875863,0.030955,1.07274,0.985232,-0.129691,-0.1118,-0.00862081,0.614532,-0.788845,0.17101,0.778158,0.604338
0.875863,0.00113345,0.93839,0.985232,-0.0836315,-0.149414,-0.00862081,0.847272,-0.531089,0.17101,0.524534,0.834038
0.875863,0.0190592,0.801947,0.985232,-0.0274853,-0.169007,-0.00862081,0.977819,-0.209276,0.17101,0.207643,0.963141
0.875863,0.0825702,0.679864,0.985232,0.031976,-0.168215,-0.00862081,0.990426,0.137778,0.17101,-0.134293,0.976074
0.875863,0.184006,0.586865,0.985232,0.0875806,-0.147134,-0.00862081,0.883573,0.468215,0.17101,-0.460031,0.871279
0.875863,0.311132,0.534167,0.985232,0.132622,-0.108306,-0.00862081,0.670148,0.742177,0.17101,-0.730283,0.661394
0.875863,0.448615,0.528128,0.985232,0.161667,-0.0564155,-0.00862081,0.375893,0.926623,0.17101,-0.912452,0.371736
0.749059,0.440565,0.600873,0.900555,0.198241,-0.386913,0.292759,0.381404,0.876826,0.321393,-0.902902,0.285439
0.749059,0.547427,0.635079,0.900555,0.318617,-0.295777,0.292759,0.0585107,0.954394,0.321393,-0.946076,-0.040586
0.749059,0.636146,0.703772,0.900555,0.400564,-0.168966,0.292759,-0.27144,0.916849,0.321393,-0.875139,-0.361715
0.749059,0.69602,0.798665,0.900555,0.434197,-0.021775,0.292759,-0.568651,0.768719,0.321393,-0.698648,-0.639216
0.749059,0.719828,0.908314,0.900555,0.415459,0.128042,0.292759,-0.797275,0.527869,0.321393,-0.437889,-0.839619
0.749059,0.704698,1.01949,0.900555,0.346611,0.262416,0.292759,-0.929735,0.223351,0.321393,-0.124315,-0.93875
0.749059,0.652455,1.11879,0.900555,0.235956,0.365138,0.292759,-0.950055,-0.108107,0.321393,0.204254,-0.924655
0.749059,0.569401,1.19423,0.900555,0.0968417,0.423819,0.292759,-0.855785,-0.426525,0.321393,0.508186,-0.799033
0.749059,0.465552,1.23672,0.900555,-0.0539533,0.431382,0.292759,-0.658295,-0.693499,0.321393,0.750824,-0.577035
0.749059,0.353435,1.24113,0.900555,-0.198241,0.386913,0.292759,-0.381404,-0.876826,0.321393,0.902902,-0.285439
0.749059,0.246573,1.20692,0.900555,-0.318617,0.295777,0.292759,-0.0585107,-0.954394,0.321393,0.946076,0.040586
0.749059,0.157854,1.13823,0.900555,-0.400564,0.168966,0.292759,0.27144,-0.916849,0.321393,0.875139,0.361715
0.749059,0.0979796,1.04334,0.900555,-0.434197,0.021775,0.292759,0.568651,-0.768719,0.321393,0.698648,0.639216
0.749059,0.0741717,0.933686,0.900555,-0.415459,-0.128042,0.292759,0.797275,-0.527869,0.321393,0.437889,0.839619
0.749059,0.0893016,0.822507,0.900555,-0.346611,-0.262416,0.292759,0.929735,-0.223351,0.321393,0.124315,0.93875
0.749059,0.141545,0.723208,0.900555,-0.235956,-0.365138,0.292759,0.950055,0.108107,0.321393,-0.204254,0.924655
0.749059,0.224599,0.647766,0.900555,-0.0968417,-0.423819,0.292759,0.855785,0.426525,0.321393,-0.508186,0.799033
0.749059,0.328448,0.605279,0.900555,0.0539533,-0.431382,0.292759,0.658295,0.693499,0.321393,-0.750824,0.577035
0.749059,0.440565,0.600873,0.900555,0.198241,-0.386913,0.292759,0.381404,0.876826,0.321393,-0.902902,0.285439
0.654934,0.42823,0.712338,0.707258,0.229424,-0.668694,0.558827,0.39792,0.727579,0.433011,-0.88827,0.153224
0.654934,0.497713,0.735603,0.707258,0.444294,-0.549899,0.558827,0.125076,0.819797,0.433011,-0.887107,-0.159823
0.654934,0.555049,0.78123,0.707258,0.605577,-0.364778,0.558827,-0.162854,0.813136,0.433011,-0.778945,-0.453593
0.654934,0.593321,0.843715,0.707258,0.693817,-0.13566,0.558827,-0.431142,0.708399,0.433011,-0.576831,-0.692653
0.654934,0.607915,0.915522,0.707258,0.698374,0.109821,0.558827,-0.647427,0.518218,0.433011,-0.305143,-0.848168
0.654934,0.597069,0.987989,0.707258,0.618696,0.342056,0.558827,-0.785624,0.265532,0.433011,0.00335023,-0.901383
0.654934,0.562092,1.05238,0.707258,0.464394,0.533033,0.558827,-0.829062,-0.0191804,0.433011,0.311439,-0.845877
0.654934,0.507202,1.10092,0.707258,0.254079,0.65972,0.558827,-0.772504,-0.30158,0.433011,0.581964,-0.688346
0.654934,0.43902,1.12776,0.707258,0.013119,0.706834,0.558827,-0.62277,-0.547604,0.433011,0.782295,-0.44779
0.654934,0.36577,1.12966,0.707258,-0.229424,0.668694,0.558827,-0.39792,-0.727579,0.433011,0.88827,-0.153224
0.654934,0.296287,1.1064,0.707258,-0.444294,0.549899,0.558827,-0.125076,-0.819797,0.433011,0.887107,0.159823
0.654934,0.238951,1.06077,0.707258,-0.605577,0.364778,0.558827,0.162854,-0.813136,0.433011,0.778945,0.453593
0.654934,0.200679,0.998285,0.707258,-0.693817,0.13566,0.558827,0.431142,-0.708399,0.433011,0.576831,0.692653
0.654934,0.186085,0.926478,0.707258,-0.698374,-0.109821,0.558827,0.647427,-0.518218,0.433011,0.305143,0.848168
0.654934,0.196931,0.854011,0.707258,-0.618696,-0.342056,0.558827,0.785624,-0.265532,0.433011,-0.00335023,0.901383
0.654934,0.231908,0.789623,0.707258,-0.464394,-0.533033,0.558827,0.829062,0.0191804,0.433011,-0.311439,0.845877
0.654934,0.286798,0.741082,0.707258,-0.254079,-0.65972,0.558827,0.772504,0.30158,0.433011,-0.581964,0.688346
