0.658953,0.475062,1.15392,0.308961,0.80763,-0.502272,0.951075,-0.262364,0.163162,-3.49349e-06,-0.528109,-0.849177
0.907818,0.237974,1.3567,0.92986,-0.345229,-0.127193,-0.179072,-0.122677,-0.976157,0.321394,0.930466,-0.175894
0.907818,0.112731,1.29159,0.92986,-0.280907,-0.237598,-0.179072,0.218587,-0.959246,0.321394,0.934511,0.152952
0.907818,0.0173126,1.18756,0.92986,-0.182703,-0.319344,-0.179072,0.533486,-0.826635,0.321394,0.825841,0.46335
0.907818,-0.036773,1.05717,0.92986,-0.0624624,-0.362574,-0.179072,0.784039,-0.59432,0.321394,0.617561,0.71786
0.907818,-0.0430018,0.916152,0.92986,0.0653121,-0.362071,-0.179072,0.940025,-0.290321,0.321394,0.334795,0.885787
0.907818,-0.000622715,0.781504,0.92986,0.185209,-0.317898,-0.179072,0.98263,0.0486945,0.321394,0.0116476,0.946874
0.907818,0.0852528,0.669471,0.92986,0.282767,-0.235381,-0.179072,0.906716,0.381837,0.321394,-0.312905,0.893754
0.907818,0.204267,0.593566,0.92986,0.346219,-0.124474,-0.179072,0.721438,0.668925,0.321394,-0.599716,0.732834
0.907818,0.342065,0.562944,0.92986,0.367912,0.00144682,-0.179072,0.449144,0.87533,0.321394,-0.814193,0.483524
0.907818,0.482026,0.581298,0.92986,0.345229,0.127193,-0.179072,0.122677,0.976157,0.321394,-0.930466,0.175894
0.907818,0.607269,0.646414,0.92986,0.280907,0.237598,-0.179072,-0.218587,0.959246,0.321394,-0.934511,-0.152952
0.907818,0.702687,0.750439,0.92986,0.182703,0.319344,-0.179072,-0.533486,0.826635,0.321394,-0.825841,-0.46335
0.907818,0.756773,0.880826,0.92986,0.0624624,0.362574,-0.179072,-0.784039,0.59432,0.321394,-0.617561,-0.71786
0.907818,0.763002,1.02185,0.92986,-0.0653121,0.362071,-0.179072,-0.940025,0.290321,0.321394,-0.334795,-0.885787
0.907818,0.720623,1.1565,0.92986,-0.185209,0.317898,-0.179072,-0.98263,-0.0486945,0.321394,-0.0116476,-0.946874
0.907818,0.634747,1.26853,0.92986,-0.282767,0.235381,-0.179072,-0.906716,-0.381837,0.321394,0.312905,-0.893754
0.907818,0.515733,1.34443,0.92986,-0.346219,0.124474,-0.179072,-0.721438,-0.668925,0.321394,0.599716,-0.732834
0.907818,0.377935,1.37506,0.92986,-0.367912,-0.00144682,-0.179072,-0.449144,-0.87533,0.321394,0.814193,-0.483524
0.907818,0.237974,1.3567,0.92986,-0.345229,-0.127193,-0.179072,-0.122677,-0.976157,0.321394,0.930466,-0.175894
0.809114,0.286348,1.32662,0.796489,-0.60372,0.0335647,-0.0275851,-0.0917339,-0.995401,0.604023,0.791901,-0.0897187
0.809114,0.168477,1.27986,0.796489,-0.578791,-0.174944,-0.0275851,0.254246,-0.966746,0.604023,0.774829,0.186538
0.809114,0.0737068,1.19561,0.796489,-0.484051,-0.362352,-0.0275851,0.569559,-0.821487,0.604023,0.664301,0.440296
0.809114,0.0134676,1.08402,0.796489,-0.330928,-0.506055,-0.0275851,0.816176,-0.577145,0.604023,0.473649,0.640947
0.809114,-0.00497471,0.958567,0.796489,-0.13789,-0.58872,-0.0275851,0.96435,-0.26319,0.604023,0.225868,0.764291
0.809114,0.0206043,0.834367,0.796489,0.0717801,-0.600377,-0.0275851,0.996208,0.0825094,0.604023,-0.0491565,0.79545
0.809114,0.0871195,0.726406,0.796489,0.272792,-0.539619,-0.0275851,0.90791,0.418257,0.604023,-0.318252,0.730666
0.809114,0.186548,0.647706,0.796489,0.440901,-0.413776,-0.0275851,0.710104,0.703556,0.604023,-0.548961,0.577753
0.809114,0.306897,0.607758,0.796489,0.555832,-0.238025,-0.0275851,0.426649,0.903997,0.604023,-0.713458,0.355154
0.809114,0.433652,0.611382,0.796489,0.60372,-0.0335647,-0.0275851,0.0917339,0.995401,0.604023,-0.791901,0.0897187
0.809114,0.551523,0.658139,0.796489,0.578791,0.174944,-0.0275851,-0.254246,0.966746,0.604023,-0.774829,-0.186538
0.809114,0.646293,0.742391,0.796489,0.484051,0.362352,-0.0275851,-0.569559,0.821487,0.604023,-0.664301,-0.440296
0.809114,0.706532,0.853975,0.796489,0.330928,0.506055,-0.0275851,-0.816176,0.577145,0.604023,-0.473649,-0.640947
0.809114,0.724975,0.979433,0.796489,0.13789,0.58872,-0.0275851,-0.96435,0.26319,0.604023,-0.225868,-0.764291
0.809114,0.699396,1.10363,0.796489,-0.0717801,0.600377,-0.0275851,-0.996208,-0.0825094,0.604023,0.0491565,-0.79545
0.809114,0.632881,1.21159,0.796489,-0.272792,0.539619,-0.0275851,-0.90791,-0.418257,0.604023,0.318252,-0.730666
0.809114,0.533452,1.29029,0.796489,-0.440901,0.413776,-0.0275851,-0.710104,-0.703556,0.604023,0.548961,-0.577753
0.809114,0.413103,1.33024,0.796489,-0.555832,0.238025,-0.0275851,-0.426649,-0.903997,0.604023,0.713458,-0.355154
0.809114,0.286348,1.32662,0.796489,-0.60372,0.0335647,-0.0275851,-0.0917339,-0.995401,0.604023,0.791901,-0.0897187
0.735846,0.360472,1.28052,0.567051,-0.807887,0.160538,0.127229,-0.106654,-0.986123,0.813797,0.579607,0.0423087
0.735846,0.253897,1.26189,0.567051,-0.814072,-0.125458,0.127229,0.237052,-0.96313,0.813797,0.530182,0.237994
0.735846,0.16012,1.20794,0.567051,-0.722069,-0.396321,0.127229,0.552166,-0.823969,0.813797,0.416809,0.404974
0.735846,0.0904515,1.12517,0.567051,-0.542973,-0.619382,0.127229,0.80068,-0.585426,0.813797,0.253163,0.523109
0.735846,0.0532945,1.02356,0.567051,-0.298387,-0.767736,0.127229,0.952621,-0.276272,0.813797,0.0589818,0.578148
0.735846,0.0531306,0.91537,0.567051,-0.0178106,-0.82349,0.127229,0.989661,0.0662048,0.813797,-0.142314,0.563454
0.735846,0.0899798,0.813648,0.567051,0.264914,-0.779919,0.127229,0.907334,0.400696,0.813797,-0.326444,0.4808
0.735846,0.159397,0.730665,0.567051,0.515686,-0.642278,0.127229,0.715569,0.686858,0.813797,-0.4712,0.340154
0.735846,0.253011,0.676428,0.567051,0.704258,-0.427169,0.127229,0.437496,0.890174,0.813797,-0.559123,0.15848
0.735846,0.359528,0.65748,0.567051,0.807887,-0.160538,0.127229,0.106654,0.986123,0.813797,-0.579607,-0.0423087
0.735846,0.466103,0.676105,0.567051,0.814072,0.125458,0.127229,-0.237052,0.96313,0.813797,-0.530182,-0.237994
0.735846,0.55988,0.730059,0.567051,0.722069,0.396321,0.127229,-0.552166,0.823969,0.813797,-0.416809,-0.404974
0.735846,0.629548,0.812831,0.567051,0.542973,0.619382,0.127229,-0.80068,0.585426,0.813797,-0.253163,-0.523109
0.735846,0.666706,0.914441,0.567051,0.298387,0.767736,0.127229,-0.952621,0.276272,0.813797,-0.0589818,-0.578148
0.735846,0.666869,1.02263,0.567051,0.0178106,0.82349,0.127229,-0.989661,-0.0662048,0.813797,0.142314,-0.563454
0.735846,0.63002,1.12435,0.567051,-0.264914,0.779919,0.127229,-0.907334,-0.400696,0.813797,0.326444,-0.4808
0.735846,0.560603,1.20734,0.567051,-0.515686,0.642278,0.127229,-0.715569,-0.686858,0.813797,0.4712,-0.340154
0.735846,0.466989,1.26157,0.567051,-0.704258,0.427169,0.127229,-0.437496,-0.890174,0.813797,0.559123,-0.15848
0.735846,0.360472,1.28052,0.567051,-0.807887,0.160538,0.127229,-0.106654,-0.986123,0.813797,0.579607,0.0423087
0.696852,0.451405,1.22397,0.269218,-0.933103,0.238411,0.266698,-0.165638,-0.94944,0.925416,0.31919,0.204264
0.696852,0.358688,1.23985,0.269218,-0.958372,-0.0951072,0.266698,0.169079,-0.948833,0.925416,0.230078,0.301115
0.696852,0.26613,1.22307,0.269218,-0.868046,-0.417154,0.266698,0.483403,-0.833783,0.925416,0.113215,0.361647
0.696852,0.184893,1.17564,0.269218,-0.673022,-0.688886,0.266698,0.73942,-0.618166,0.925416,-0.017303,0.378559
0.696852,0.124778,1.10329,0.269218,-0.396821,-0.877528,0.266698,0.906253,-0.32799,0.925416,-0.145734,0.349811
0.696852,0.0930331,1.01474,0.269218,-0.0727572,-0.960327,0.266698,0.963779,0.00174732,0.925416,-0.256588,0.278871
0.696852,0.0934887,0.920675,0.269218,0.260082,-0.927297,0.266698,0.905058,0.331274,0.925416,-0.336493,0.174294
0.696852,0.12609,0.832437,0.269218,0.561551,-0.782421,0.266698,0.737174,0.620843,0.925416,-0.375812,0.0486959
0.696852,0.186903,0.76067,0.269218,0.795289,-0.543173,0.266698,0.480376,0.83553,0.925416,-0.369803,-0.0827761
0.696852,0.268595,0.714032,0.269218,0.933103,-0.238411,0.266698,0.165638,0.94944,0.925416,-0.31919,-0.204264
0.696852,0.361312,0.698146,0.269218,0.958372,0.0951072,0.266698,-0.169079,0.948833,0.925416,-0.230078,-0.301115
0.696852,0.45387,0.714929,0.269218,0.868046,0.417154,0.266698,-0.483403,0.833783,0.925416,-0.113215,-0.361647
0.696852,0.535107,0.762357,0.269218,0.673022,0.688886,0.266698,-0.73942,0.618166,0.925416,0.017303,-0.378559
0.696852,0.595222,0.834709,0.269218,0.396821,0.877528,0.266698,-0.906253,0.32799,0.925416,0.145734,-0.349811
0.696852,0.626967,0.923259,0.269218,0.0727572,0.960327,0.266698,-0.963779,-0.00174732,0.925416,0.256588,-0.278871
0.696852,0.626511,1.01733,0.269218,-0.260082,0.927297,0.266698,-0.905058,-0.331274,0.925416,0.336493,-0.174294
0.696852,0.59391,1.10556,0.269218,-0.561551,0.782421,0.266698,-0.737174,-0.620843,0.925416,0.375812,-0.0486959
0.696852,0.533097,1.17733,0.269218,-0.795289,0.543173,0.266698,-0.480376,-0.83553,0.925416,0.369803,0.0827761
0.696852,0.451405,1.22397,0.269218,-0.933103,0.238411,0.266698,-0.165638,-0.94944,0.925416,0.31919,0.204264
0.696834,0.548179,1.16378,-0.061087,-0.964267,0.257792,0.373999,-0.261571,-0.889778,0.925415,0.04206,0.376613
0.696834,0.470211,1.2164,-0.061087,-0.994285,-0.0875536,0.373999,0.0585259,-0.925581,0.925415,-0.0892859,0.368286
0.696834,0.378949,1.23917,-0.061087,-0.904377,-0.422339,0.373999,0.371564,-0.849744,0.925415,-0.209863,0.315538
0.696834,0.285402,1.22936,-0.061087,-0.705388,-0.706184,0.373999,0.639785,-0.671416,0.925415,-0.305127,0.224732
0.696834,0.200853,1.18814,-0.061087,-0.421319,-0.904853,0.373999,0.830839,-0.412105,0.925415,-0.363588,0.106819
0.696834,0.135499,1.1205,-0.061087,-0.0864323,-0.994383,0.373999,0.921682,-0.103089,0.925415,-0.378195,-0.0239772
0.696834,0.0972231,1.03458,-0.061087,0.258879,-0.963976,0.373999,0.901356,0.218362,0.925415,-0.347187,-0.151882
0.696834,0.0906421,0.940746,-0.061087,0.572966,-0.817299,0.373999,0.772313,0.513475,0.925415,-0.274302,-0.261467
0.696834,0.11655,0.850324,-0.061087,0.817945,-0.572044,0.373999,0.550118,0.746656,0.925415,-0.168333,-0.339515
0.696834,0.171821,0.774217,-0.061087,0.964267,-0.257792,0.373999,0.261571,0.889778,0.925415,-0.04206,-0.376613
0.696834,0.249789,0.721602,-0.061087,0.994285,0.0875536,0.373999,-0.0585259,0.925581,0.925415,0.0892859,-0.368286
0.696834,0.341051,0.698828,-0.061087,0.904377,0.422339,0.373999,-0.371564,0.849744,0.925415,0.209863,-0.315538
0.696834,0.434598,0.70864,-0.061087,0.705388,0.706184,0.373999,-0.639785,0.671416,0.925415,0.305127,-0.224732
0.696834,0.519147,0.749856,-0.061087,0.421319,0.904853,0.373999,-0.830839,0.412105,0.925415,0.363588,-0.106819
0.696834,0.584501,0.817504,-0.061087,0.0864323,0.994383,0.373999,-0.921682,0.103089,0.925415,0.378195,0.0239772
0.696834,0.622777,0.903424,-0.061087,-0.258879,0.963976,0.373999,-0.901356,-0.218362,0.925415,0.347187,0.151882
0.696834,0.629358,0.997254,-0.061087,-0.572966,0.817299,0.373999,-0.772313,-0.513475,0.925415,0.274302,0.261467
0.696834,0.60345,1.08768,-0.061087,-0.817945,0.572044,0.373999,-0.550118,-0.746656,0.925415,0.168333,0.339515
0.696834,0.548179,1.16378,-0.061087,-0.964267,0.257792,0.373999,-0.261571,-0.889778,0.925415,0.04206,0.376613
0.735794,0.639122,1.10723,-0.384024,-0.89762,0.216343,0.43619,-0.382883,-0.814334,0.813796,-0.218357,0.538569
0.735794,0.575014,1.19435,-0.384024,-0.91748,-0.103708,0.43619,-0.0812734,-0.896177,0.813796,-0.38939,0.431407
0.735794,0.484971,1.2543,-0.384024,-0.826679,-0.41125,0.43619,0.230139,-0.869928,0.813796,-0.513456,0.272211
0.735794,0.379855,1.27984,-0.384024,-0.636169,-0.66919,0.43619,0.513792,-0.738753,0.813796,-0.575593,0.0801818
0.735794,0.272344,1.26788,-0.384024,-0.368927,-0.846415,0.43619,0.735475,-0.518473,0.813796,-0.568304,-0.121518
0.735794,0.175406,1.21988,-0.384024,-0.0571865,-0.921551,0.43619,0.868449,-0.235658,0.813796,-0.492469,-0.308561
0.735794,0.100732,1.14161,-0.384024,0.261451,-0.885533,0.43619,0.896675,0.0755808,0.813796,-0.357236,-0.458387
0.735794,0.0573305,1.04253,-0.384024,0.548554,-0.742707,0.43619,0.816749,0.377704,0.813796,-0.178914,-0.552925
0.735794,0.050435,0.934576,-0.384024,0.769493,-0.5103,0.43619,0.63831,0.63427,0.813796,0.0209869,-0.580771
0.735794,0.0808776,0.830775,-0.384024,0.89762,-0.216343,0.43619,0.382883,0.814334,0.813796,0.218357,-0.538569
0.735794,0.144986,0.743645,-0.384024,0.91748,0.103708,0.43619,0.0812734,0.896177,0.813796,0.38939,-0.431407
0.735794,0.235029,0.683697,-0.384024,0.826679,0.41125,0.43619,-0.230139,0.869928,0.813796,0.513456,-0.272211
0.735794,0.340145,0.65816,-0.384024,0.636169,0.66919,0.43619,-0.513792,0.738753,0.813796,0.575593,-0.0801818
0.735794,0.447656,0.670116,-0.384024,0.368927,0.846415,0.43619,-0.735475,0.518473,0.813796,0.568304,0.121518
0.735794,0.544594,0.718121,-0.384024,0.0571865,0.921551,0.43619,-0.868449,0.235658,0.813796,0.492469,0.308561
0.735794,0.619268,0.796385,-0.384024,-0.261451,0.885533,0.43619,-0.896675,-0.0755808,0.813796,0.357236,0.458387
0.735794,0.662669,0.89547,-0.384024,-0.548554,0.742707,0.43619,-0.816749,-0.377704,0.813796,0.178914,0.552925
0.735794,0.669565,1.00342,-0.384024,-0.769493,0.5103,0.43619,-0.63831,-0.63427,0.813796,-0.0209869,0.580771
0.735794,0.639122,1.10723,-0.384024,-0.89762,0.216343,0.43619,-0.382883,-0.814334,0.813796,-0.218357,0.538569
0.809034,0.713266,1.06111,-0.660642,-0.741199,0.119064,0.44577,-0.514941,-0.732206,0.604021,-0.43065,0.670596
0.809034,0.660456,1.17638,-0.660642,-0.737222,-0.141621,0.44577,-0.233457,-0.864168,0.604021,-0.634036,0.482863
0.809034,0.571407,1.26664,-0.660642,-0.644324,-0.385225,0.44577,0.0761851,-0.8919,0.604021,-0.760948,0.236889
0.809034,0.456859,1.32099,-0.660642,-0.473712,-0.582365,0.44577,0.376638,-0.812055,0.604021,-0.796078,-0.0376562
0.809034,0.330629,1.33289,-0.660642,-0.245963,-0.709263,0.44577,0.631663,-0.634264,0.604021,-0.73519,-0.30766
0.809034,0.207941,1.3009,-0.660642,0.0114527,-0.750614,0.44577,0.8105,-0.379972,0.604021,-0.585626,-0.540556
0.809034,0.103593,1.22888,-0.660642,0.267487,-0.701429,0.44577,0.891579,-0.079849,0.604021,-0.365428,-0.708252
0.809034,0.0301726,1.12551,-0.660642,0.491259,-0.567642,0.44577,0.86512,0.229904,0.604021,-0.101153,-0.790523
0.809034,-0.00346627,1.00326,-0.660642,0.655777,-0.365389,0.44577,0.734315,0.511928,0.604021,0.175322,-0.777445
0.809034,0.00673428,0.876885,-0.660642,0.741199,-0.119064,0.44577,0.514941,0.732206,0.604021,0.43065,-0.670596
0.809034,0.0595439,0.761617,-0.660642,0.737222,0.141621,0.44577,0.233457,0.864168,0.604021,0.634036,-0.482863
0.809034,0.148593,0.671361,-0.660642,0.644324,0.385225,0.44577,-0.0761851,0.8919,0.604021,0.760948,-0.236889
0.809034,0.263141,0.617006,-0.660642,0.473712,0.582365,0.44577,-0.376638,0.812055,0.604021,0.796078,0.0376562
0.809034,0.389371,0.605106,-0.660642,0.245963,0.709263,0.44577,-0.631663,0.634264,0.604021,0.73519,0.30766
0.809034,0.512059,0.637097,-0.660642,-0.0114527,0.750614,0.44577,-0.8105,0.379972,0.604021,0.585626,0.540556
0.809034,0.616407,0.70912,-0.660642,-0.267487,0.701429,0.44577,-0.891579,0.079849,0.604021,0.365428,0.708252
0.809034,0.689827,0.812489,-0.660642,-0.491259,0.567642,0.44577,-0.86512,-0.229904,0.604021,0.101153,0.790523
0.809034,0.723466,0.934736,-0.660642,-0.655777,0.365389,0.44577,-0.734315,-0.511928,0.604021,-0.175322,0.777445
0.809034,0.713266,1.06111,-0.660642,-0.741199,0.119064,0.44577,-0.514941,-0.732206,0.604021,-0.43065,0.670596
0.90772,0.761666,1.03101,-0.857576,-0.513872,-0.0223124,0.401584,-0.641817,-0.6533,0.321392,-0.569215,0.75677
0.90772,0.716233,1.16465,-0.857576,-0.475251,-0.196721,0.401584,-0.379669,-0.833416,0.321392,-0.793718,0.516448
0.90772,0.627832,1.27469,-0.857576,-0.379307,-0.347403,0.401584,-0.0717275,-0.913009,0.321392,-0.922487,0.213835
0.90772,0.507127,1.34786,-0.857576,-0.237613,-0.456183,0.401584,0.244866,-0.88248,0.321392,-0.93999,-0.11457
0.90772,0.368677,1.37533,-0.857576,-0.0672596,-0.50994,0.401584,0.531924,-0.745511,0.321392,-0.844116,-0.429156
0.90772,0.229179,1.3538,-0.857576,0.111206,-0.502191,0.401584,0.754825,-0.518622,0.321392,-0.64643,-0.691979
0.90772,0.105461,1.28585,-0.857576,0.276259,-0.43387,0.401584,0.886683,-0.22918,0.321392,-0.370775,-0.87134
0.90772,0.012444,1.17968,-0.857576,0.407991,-0.313218,0.401584,0.911594,0.0879046,0.321392,-0.0503986,-0.945604
0.90772,-0.0386528,1.0481,-0.857576,0.490513,-0.154788,0.401584,0.826553,0.394387,0.321392,0.276056,-0.905814
0.90772,-0.0416662,0.906986,-0.857576,0.513872,0.0223124,0.401584,0.641817,0.6533,0.321392,0.569215,-0.75677
0.90772,0.00376731,0.773348,-0.857576,0.475251,0.196721,0.401584,0.379669,0.833416,0.321392,0.793718,-0.516448
0.90772,0.0921677,0.663308,-0.857576,0.379307,0.347403,0.401584,0.0717275,0.913009,0.321392,0.922487,-0.213835
0.90772,0.212873,0.59014,-0.857576,0.237613,0.456183,0.401584,-0.244866,0.88248,0.321392,0.93999,0.11457
0.90772,0.351323,0.562667,-0.857576,0.0672596,0.50994,0.401584,-0.531924,0.745511,0.321392,0.844116,0.429156
0.90772,0.490821,0.584205,-0.857576,-0.111206,0.502191,0.401584,-0.754825,0.518622,0.321392,0.64643,0.691979
0.90772,0.614539,0.652154,-0.857576,-0.276259,0.43387,0.401584,-0.886683,0.22918,0.321392,0.370775,0.87134
0.90772,0.707556,0.758319,-0.857576,-0.407991,0.313218,0.401584,-0.911594,-0.0879046,0.321392,0.0503986,0.945604
0.90772,0.758653,0.889896,-0.857576,-0.490513,0.154788,0.401584,-0.826553,-0.394387,0.321392,-0.276056,0.905814
0.90772,0.761666,1.03101,-0.857576,-0.513872,-0.0223124,0.401584,-0.641817,-0.6533,0.321392,-0.569215,0.75677
0.883612,0.113797,1.28296,0.961642,-0.242745,-0.127749,-0.0812368,0.192801,-0.977869,0.262003,0.950738,0.165686
0.883612,0.0212643,1.17982,0.961642,-0.184413,-0.203069,-0.0812368,0.515625,-0.852955,0.262003,0.836734,0.480865
0.883612,-0.0304119,1.05125,0.961642,-0.103838,-0.253895,-0.0812368,0.776256,-0.625161,0.262003,0.621807,0.738045
0.883612,-0.0349986,0.912762,0.961642,-0.0107382,-0.274098,-0.0812368,0.94326,-0.321964,0.262003,0.331881,0.906206
0.883612,0.00805739,0.781056,0.961642,0.0836563,-0.26124,-0.0812368,0.996493,0.0200668,0.262003,0.00192525,0.965065
0.883612,0.0935628,0.672019,0.961642,0.167961,-0.216874,-0.0812368,0.929534,0.359677,0.262003,-0.328263,0.907523
0.883612,0.211205,0.598802,0.961642,0.232007,-0.146349,-0.0812368,0.750459,0.655905,0.262003,-0.618857,0.74052
0.883612,0.346793,0.570237,0.961642,0.268069,-0.0581717,-0.0812368,0.480868,0.873021,0.262003,-0.834808,0.4842
0.883612,0.483975,0.589768,0.961642,0.271798,0.0370215,-0.0812368,0.153277,0.984838,0.262003,-0.950069,0.169478
0.883612,0.606203,0.65504,0.961642,0.242745,0.127749,-0.0812368,-0.192801,0.977869,0.262003,-0.950738,-0.165686
0.883612,0.698736,0.758181,0.961642,0.184413,0.203069,-0.0812368,-0.515625,0.852955,0.262003,-0.836734,-0.480865
0.883612,0.750412,0.886749,0.961642,0.103838,0.253895,-0.0812368,-0.776256,0.625161,0.262003,-0.621807,-0.738045
0.883612,0.754999,1.02524,0.961642,0.0107382,0.274098,-0.0812368,-0.94326,0.321964,0.262003,-0.331881,-0.906206
0.883612,0.711943,1.15694,0.961642,-0.0836563,0.26124,-0.0812368,-0.996493,-0.0200668,0.262003,-0.00192525,-0.965065
0.883612,0.626437,1.26598,0.961642,-0.167961,0.216874,-0.0812368,-0.929534,-0.359677,0.262003,0.328263,-0.907523
0.883612,0.508795,1.3392,0.961642,-0.232007,0.146349,-0.0812368,-0.750459,-0.655905,0.262003,0.618857,-0.74052
0.883612,0.373207,1.36776,0.961642,-0.268069,0.0581717,-0.0812368,-0.480868,-0.873021,0.262003,0.834808,-0.4842
0.883612,0.236025,1.34823,0.961642,-0.271798,-0.0370215,-0.0812368,-0.153277,-0.984838,0.262003,0.950069,-0.169478
0.883612,0.113797,1.28296,0.961642,-0.242745,-0.127749,-0.0812368,0.192801,-0.977869,0.262003,0.950738,0.165686
0.763622,0.172607,1.24639,0.856221,-0.514938,0.04153,0.156285,0.181564,-0.970881,0.492403,0.837779,0.235936
0.763622,0.0890366,1.16556,0.856221,-0.498088,-0.137094,0.156285,0.502675,-0.850231,0.492403,0.70656,0.508245
0.763622,0.0381486,1.06104,0.856221,-0.421161,-0.299182,0.156285,0.763156,-0.627031,0.492403,0.490119,0.719251
0.763622,0.0260806,0.945405,0.856221,-0.293435,-0.425185,0.156285,0.931589,-0.328201,0.492403,0.214563,0.843506
0.763622,0.0542883,0.832621,0.856221,-0.130317,-0.499904,0.156285,0.987659,0.0102138,0.492403,-0.0868729,0.866021
0.763622,0.119369,0.736286,0.856221,0.0485191,-0.514327,0.156285,0.924603,0.347397,0.492403,-0.37783,0.784081
0.763622,0.213474,0.66802,0.856221,0.221503,-0.466715,0.156285,0.750025,0.642679,0.492403,-0.623216,0.60757
0.763622,0.325252,0.636056,0.856221,0.367771,-0.36281,0.156285,0.484984,0.860445,0.492403,-0.793433,0.357776
0.763622,0.441221,0.644251,0.856221,0.46968,-0.215145,0.156285,0.161447,0.974428,0.492403,-0.867949,0.0648298
0.763622,0.547393,0.691615,0.856221,0.514938,-0.04153,0.156285,-0.181564,0.970881,0.492403,-0.837779,-0.235936
0.763622,0.630963,0.772435,0.856221,0.498088,0.137094,0.156285,-0.502675,0.850231,0.492403,-0.70656,-0.508245
0.763622,0.681851,0.876965,0.856221,0.421161,0.299182,0.156285,-0.763156,0.627031,0.492403,-0.490119,-0.719251
0.763622,0.693919,0.992595,0.856221,0.293435,0.425185,0.156285,-0.931589,0.328201,0.492403,-0.214563,-0.843506
0.763622,0.665712,1.10538,0.856221,0.130317,0.499904,0.156285,-0.987659,-0.0102138,0.492403,0.0868729,-0.866021
0.763622,0.600631,1.20171,0.856221,-0.0485191,0.514327,0.156285,-0.924603,-0.347397,0.492403,0.37783,-0.784081
0.763622,0.506526,1.26998,0.856221,-0.221503,0.466715,0.156285,-0.750025,-0.642679,0.492403,0.623216,-0.60757
0.763622,0.394748,1.30194,0.856221,-0.367771,0.36281,0.156285,-0.484984,-0.860445,0.492403,0.793433,-0.357776
0.763622,0.278779,1.29375,0.856221,-0.46968,0.215145,0.156285,-0.161447,-0.974428,0.492403,0.867949,-0.0648298
0.763622,0.172607,1.24639,0.856221,-0.514938,0.04153,0.156285,0.181564,-0.970881,0.492403,0.837779,0.235936
0.674556,0.262719,1.19034,0.647527,-0.740098,0.181559,0.374957,0.102019,-0.921411,0.663413,0.664715,0.343566
0.674556,0.192882,1.14372,0.647527,-0.757562,-0.082519,0.374957,0.411008,-0.830951,0.663413,0.507122,0.550192
0.674556,0.143202,1.07603,0.647527,-0.683652,-0.336644,0.374957,0.670423,-0.640265,0.663413,0.288362,0.690457
0.674556,0.11967,0.995424,0.647527,-0.527284,-0.550165,0.374957,0.848975,-0.372354,0.663413,0.0348211,0.747443
0.674556,0.125126,0.911633,0.647527,-0.307317,-0.697327,0.374957,0.925129,-0.0595319,0.663413,-0.222919,0.714276
0.674556,0.158912,0.834761,0.647527,-0.0502839,-0.760382,0.374957,0.889698,0.260471,0.663413,-0.453773,0.594957
0.674556,0.216951,0.77408,0.647527,0.212815,-0.731723,0.374957,0.746956,0.549057,0.663413,-0.629894,0.403878
0.674556,0.292244,0.73691,0.647527,0.450244,-0.614808,0.374957,0.51412,0.771419,0.663413,-0.730041,0.164084
0.674556,0.37571,0.727733,0.647527,0.633368,-0.423738,0.374957,0.219274,0.900736,0.663413,-0.742134,-0.0955001
0.674556,0.457281,0.747656,0.647527,0.740098,-0.181559,0.374957,-0.102019,0.921411,0.663413,-0.664715,-0.343566
0.674556,0.527118,0.794277,0.647527,0.757562,0.082519,0.374957,-0.411008,0.830951,0.663413,-0.507122,-0.550192
0.674556,0.576798,0.861972,0.647527,0.683652,0.336644,0.374957,-0.670423,0.640265,0.663413,-0.288362,-0.690457
0.674556,0.60033,0.942576,0.647527,0.527284,0.550165,0.374957,-0.848975,0.372354,0.663413,-0.0348211,-0.747443
0.674556,0.594874,1.02637,0.647527,0.307317,0.697327,0.374957,-0.925129,0.0595319,0.663413,0.222919,-0.714276
0.674556,0.561088,1.10324,0.647527,0.0502839,0.760382,0.374957,-0.889698,-0.260471,0.663413,0.453773,-0.594957
0.674556,0.503049,1.16392,0.647527,-0.212815,0.731723,0.374957,-0.746956,-0.549057,0.663413,0.629894,-0.403878
0.674556,0.427756,1.20109,0.647527,-0.450244,0.614808,0.374957,-0.51412,-0.771419,0.663413,0.730041,-0.164084
0.674556,0.34429,1.21027,0.647527,-0.633368,0.423738,0.374957,-0.219274,-0.900736,0.663413,0.742134,0.0955001
0.674556,0.262719,1.19034,0.647527,-0.740098,0.181559,0.374957,0.102019,-0.921411,0.663413,0.664715,0.343566
0.627155,0.373265,1.12159,0.360731,-0.891068,0.275448,0.548404,-0.0362379,-0.835428,0.754404,0.452422,0.475593
0.627155,0.320275,1.11693,0.360731,-0.931538,-0.0459268,0.548404,0.251681,-0.79744,0.754404,0.262475,0.601648
0.627155,0.272076,1.09442,0.360731,-0.859652,-0.361762,0.548404,0.509243,-0.663268,0.754404,0.0408701,0.655136
0.627155,0.234482,1.05679,0.360731,-0.684079,-0.633963,0.548404,0.705383,-0.449097,0.754404,-0.185664,0.629605
0.627155,0.212027,1.00856,0.360731,-0.425995,-0.829699,0.548404,0.816443,-0.180758,0.754404,-0.389805,0.528134
0.627155,0.207421,0.955566,0.360731,-0.116531,-0.925361,0.548404,0.829029,0.109383,0.754404,-0.54693,0.362963
0.627155,0.221217,0.904191,0.360731,0.206989,-0.909411,0.548404,0.741621,0.386331,0.754404,-0.638086,0.154012
0.627155,0.251753,0.860633,0.360731,0.505543,-0.783772,0.548404,0.564763,0.616682,0.754404,-0.65228,-0.0735141
0.627155,0.295345,0.830145,0.360731,0.743121,-0.563599,0.548404,0.319786,0.772652,0.754404,-0.5878,-0.292174
0.627155,0.346735,0.816406,0.360731,0.891068,-0.275448,0.548404,0.0362379,0.835428,0.754404,-0.452422,-0.475593
0.627155,0.399725,0.821071,0.360731,0.931538,0.0459268,0.548404,-0.251681,0.79744,0.754404,-0.262475,-0.601648
0.627155,0.447924,0.843579,0.360731,0.859652,0.361762,0.548404,-0.509243,0.663268,0.754404,-0.0408701,-0.655136
0.627155,0.485518,0.881215,0.360731,0.684079,0.633963,0.548404,-0.705383,0.449097,0.754404,0.185664,-0.629605
0.627155,0.507973,0.929439,0.360731,0.425995,0.829699,0.548404,-0.816443,0.180758,0.754404,0.389805,-0.528134
0.627155,0.512579,0.982434,0.360731,0.116531,0.925361,0.548404,-0.829029,-0.109383,0.754404,0.54693,-0.362963
0.627155,0.498783,1.03381,0.360731,-0.206989,0.909411,0.548404,-0.741621,-0.386331,0.754404,0.638086,-0.154012
0.627155,0.468247,1.07737,0.360731,-0.505543,0.783772,0.548404,-0.564763,-0.616682,0.754404,0.65228,0.0735141
0.627155,0.424655,1.10785,0.360731,-0.743121,0.563599,0.548404,-0.319786,-0.772652,0.754404,0.5878,0.292174
0.627155,0.373265,1.12159,0.360731,-0.891068,0.275448,0.548404,-0.0362379,-0.835428,0.754404,0.452422,0.475593
0.627137,0.490911,1.04843,0.0304265,-0.949637,0.311872,0.655705,-0.216532,-0.723302,0.754404,0.226504,0.616093
0.627137,0.45585,1.08841,0.0304265,-0.999033,-0.0317306,0.655705,0.0439099,-0.75374,0.754404,0.00212775,0.656407
0.627137,0.409228,1.11399,0.0304265,-0.927932,-0.371507,0.655705,0.299056,-0.693265,0.754404,-0.222505,0.617548
0.627137,0.356668,1.12209,0.0304265,-0.744908,-0.666473,0.655705,0.518131,-0.549173,0.754404,-0.4203,0.504204
0.627137,0.30451,1.11172,0.0304265,-0.472037,-0.881053,0.655705,0.674713,-0.338843,0.754404,-0.567401,0.330046
0.627137,0.259045,1.08413,0.0304265,-0.142232,-0.989366,0.655705,0.749913,-0.0876427,0.754404,-0.646065,0.116079
0.627137,0.225757,1.04266,0.0304265,0.204729,-0.978346,0.655705,0.734664,0.174128,0.754404,-0.646804,-0.111888
0.627137,0.20866,0.992302,0.0304265,0.526996,-0.849323,0.655705,0.630803,0.414897,0.754404,-0.569529,-0.326361
0.627137,0.209817,0.939135,0.0304265,0.7857,-0.617859,0.655705,0.450857,0.605623,0.754404,-0.42356,-0.501469
0.627137,0.229089,0.889571,0.0304265,0.949637,-0.311872,0.655705,0.216532,0.723302,0.754404,-0.226504,-0.616093
0.627137,0.26415,0.849587,0.0304265,0.999033,0.0317306,0.655705,-0.0439099,0.75374,0.754404,-0.00212775,-0.656407
0.627137,0.310772,0.824006,0.0304265,0.927932,0.371507,0.655705,-0.299056,0.693265,0.754404,0.222505,-0.617548
0.627137,0.363332,0.815913,0.0304265,0.744908,0.666473,0.655705,-0.518131,0.549173,0.754404,0.4203,-0.504204
0.627137,0.41549,0.826285,0.0304265,0.472037,0.881053,0.655705,-0.674713,0.338843,0.754404,0.567401,-0.330046
0.627137,0.460955,0.85387,0.0304265,0.142232,0.989366,0.655705,-0.749913,0.0876427,0.754404,0.646065,-0.116079
0.627137,0.494243,0.895342,0.0304265,-0.204729,0.978346,0.655705,-0.734664,-0.174128,0.754404,0.646804,0.111888
0.627137,0.51134,0.945698,0.0304265,-0.526996,0.849323,0.655705,-0.630803,-0.414897,0.754404,0.569529,0.326361
0.627137,0.510183,0.998865,0.0304265,-0.7857,0.617859,0.655705,-0.450857,-0.605623,0.754404,0.42356,0.501469
0.627137,0.490911,1.04843,0.0304265,-0.949637,0.311872,0.655705,-0.216532,-0.723302,0.754404,0.226504,0.616093
0.674504,0.601468,0.979673,-0.303548,-0.908741,0.286439,0.683918,-0.417118,-0.598556,0.663411,0.0142105,0.74812
0.674504,0.583255,1.06162,-0.303548,-0.951906,-0.0416429,0.683918,-0.187244,-0.705121,0.663411,-0.242519,0.707863
0.674504,0.538115,1.13239,-0.303548,-0.880256,-0.364702,0.683918,0.0652137,-0.726638,0.663411,-0.469996,0.582227
0.674504,0.471491,1.18345,-0.303548,-0.702434,-0.643773,0.683918,0.309806,-0.660512,0.663411,-0.640786,0.386367
0.674504,0.39142,1.20865,-0.303548,-0.439889,-0.845196,0.683918,0.517031,-0.514719,0.663411,-0.734287,0.143904
0.674504,0.307559,1.20495,-0.303548,-0.124286,-0.944675,0.683918,0.661894,-0.306842,0.663411,-0.739222,-0.115915
0.674504,0.230023,1.17278,-0.303548,0.206307,-0.930213,0.683918,0.726923,-0.0619565,0.663411,-0.654996,-0.361753
0.674504,0.168164,1.11604,-0.303548,0.512017,-0.803553,0.683918,0.704275,0.190402,0.663411,-0.491768,-0.563959
0.674504,0.129444,1.04156,-0.303548,0.75597,-0.579973,0.683918,0.59668,0.419796,0.663411,-0.269226,-0.698142
0.674504,0.118532,0.958327,-0.303548,0.908741,-0.286439,0.683918,0.417118,0.598556,0.663411,-0.0142105,-0.74812
0.674504,0.136745,0.876384,-0.303548,0.951906,0.0416429,0.683918,0.187244,0.705121,0.663411,0.242519,-0.707863
0.674504,0.181885,0.805611,-0.303548,0.880256,0.364702,0.683918,-0.0652137,0.726638,0.663411,0.469996,-0.582227
0.674504,0.248509,0.754546,-0.303548,0.702434,0.643773,0.683918,-0.309806,0.660512,0.663411,0.640786,-0.386367
0.674504,0.32858,0.729347,-0.303548,0.439889,0.845196,0.683918,-0.517031,0.514719,0.663411,0.734287,-0.143904
0.674504,0.412441,0.733054,-0.303548,0.124286,0.944675,0.683918,-0.661894,0.306842,0.663411,0.739222,0.115915
0.674504,0.489977,0.765219,-0.303548,-0.206307,0.930213,0.683918,-0.726923,0.0619565,0.663411,0.654996,0.361753
0.674504,0.551836,0.821963,-0.303548,-0.512017,0.803553,0.683918,-0.704275,-0.190402,0.663411,0.491768,0.563959
0.674504,0.590556,0.896443,-0.303548,-0.75597,0.579973,0.683918,-0.59668,-0.419796,0.663411,0.269226,0.698142
0.674504,0.601468,0.979673,-0.303548,-0.908741,0.286439,0.683918,-0.417118,-0.598556,0.663411,0.0142105,0.74812
0.763543,0.6916,0.923619,-0.60091,-0.773314,0.202216,0.629641,-0.6138,-0.476237,0.492402,-0.158853,0.855749
0.763543,0.687123,1.03977,-0.60091,-0.79584,-0.074468,0.629641,-0.413901,-0.657449,0.492402,-0.441956,0.74981
0.763543,0.643191,1.14738,-0.60091,-0.722375,-0.34217,0.629641,-0.164079,-0.759362,0.492402,-0.671753,0.553433
0.763543,0.565101,1.23348,-0.60091,-0.561782,-0.568602,0.629641,0.105534,-0.769685,0.492402,-0.820527,0.290304
0.763543,0.462273,1.28768,-0.60091,-0.333429,-0.726452,0.629641,0.362417,-0.687173,0.492402,-0.870333,-0.0078399
0.763543,0.34711,1.30344,-0.60091,-0.0648594,-0.796681,0.629641,0.575588,-0.521777,0.492402,-0.815164,-0.305038
0.763543,0.233501,1.27886,-0.60091,0.211533,-0.770818,0.629641,0.719334,-0.293448,0.492402,-0.661674,-0.565445
0.763543,0.13515,1.21691,-0.60091,0.462411,-0.651984,0.629641,0.776318,-0.0297242,0.492402,-0.428377,-0.75765
0.763543,0.063919,1.12506,-0.60091,0.657516,-0.45451,0.629641,0.739666,0.237585,0.492402,-0.143411,-0.858472
0.763543,0.0284,1.01438,-0.60091,0.773314,-0.202216,0.629641,0.6138,0.476237,0.492402,0.158853,-0.855749
0.763543,0.0328767,0.89823,-0.60091,0.79584,0.074468,0.629641,0.413901,0.657449,0.492402,0.441956,-0.74981
0.763543,0.0768094,0.790615,-0.60091,0.722375,0.34217,0.629641,0.164079,0.759362,0.492402,0.671753,-0.553433
0.763543,0.154899,0.704516,-0.60091,0.561782,0.568602,0.629641,-0.105534,0.769685,0.492402,0.820527,-0.290304
0.763543,0.257727,0.650318,-0.60091,0.333429,0.726452,0.629641,-0.362417,0.687173,0.492402,0.870333,0.0078399
0.763543,0.37289,0.634557,-0.60091,0.0648594,0.796681,0.629641,-0.575588,0.521777,0.492402,0.815164,0.305038
0.763543,0.486499,0.659136,-0.60091,-0.211533,0.770818,0.629641,-0.719334,0.293448,0.492402,0.661674,0.565445
0.763543,0.58485,0.721088,-0.60091,-0.462411,0.651984,0.629641,-0.776318,0.0297242,0.492402,0.428377,0.75765
0.763543,0.656081,0.812942,-0.60091,-0.657516,0.45451,0.629641,-0.739666,-0.237585,0.492402,0.143411,0.858472
0.763543,0.6916,0.923619,-0.60091,-0.773314,0.202216,0.629641,-0.6138,-0.476237,0.492402,-0.158853,0.855749
0.883514,0.750436,0.887028,-0.825794,-0.55969,0.0693615,0.499419,-0.782857,-0.371099,0.262001,-0.271811,0.925999
0.883514,0.754926,1.02551,-0.825794,-0.54966,-0.126247,0.499419,-0.608722,-0.616472,0.262001,-0.572129,0.77719
0.883514,0.711782,1.15717,-0.825794,-0.473332,-0.306628,0.499419,-0.361165,-0.78749,0.262001,-0.80344,0.53464
0.883514,0.626208,1.26614,-0.825794,-0.339914,-0.450025,0.499419,-0.0700472,-0.863524,0.262001,-0.937844,0.227604
0.883514,0.508525,1.33927,-0.825794,-0.165497,-0.539143,0.499419,0.22952,-0.835405,0.262001,-0.959131,-0.106884
0.883514,0.372928,1.36774,-0.825794,0.0288814,-0.563232,0.499419,0.501403,-0.706523,0.262001,-0.864732,-0.42848
0.883514,0.235771,1.34811,-0.825794,0.219776,-0.519387,0.499419,0.71281,-0.492425,0.262001,-0.666033,-0.698395
0.883514,0.113599,1.28276,-0.825794,0.384163,-0.412896,0.499419,0.838242,-0.218932,0.262001,-0.387001,-0.884073
0.883514,0.0211457,1.17957,-0.825794,0.502214,-0.256604,0.499419,0.862569,0.0809663,0.262001,-0.0612914,-0.963119
0.883514,-0.0304364,1.05097,-0.825794,0.55969,-0.0693615,0.499419,0.782857,0.371099,0.262001,0.271811,-0.925999
0.883514,-0.0349262,0.912491,-0.825794,0.54966,0.126247,0.499419,0.608722,0.616472,0.262001,0.572129,-0.77719
0.883514,0.008218,0.780826,-0.825794,0.473332,0.306628,0.499419,0.361165,0.78749,0.262001,0.80344,-0.53464
0.883514,0.0937923,0.671858,-0.825794,0.339914,0.450025,0.499419,0.0700472,0.863524,0.262001,0.937844,-0.227604
0.883514,0.211475,0.598729,-0.825794,0.165497,0.539143,0.499419,-0.22952,0.835405,0.262001,0.959131,0.106884
0.883514,0.347072,0.570261,-0.825794,-0.0288814,0.563232,0.499419,-0.501403,0.706523,0.262001,0.864732,0.42848
0.883514,0.484229,0.589886,-0.825794,-0.219776,0.519387,0.499419,-0.71281,0.492425,0.262001,0.666033,0.698395
0.883514,0.606401,0.655238,-0.825794,-0.384163,0.412896,0.499419,-0.838242,0.218932,0.262001,0.387001,0.884073
0.883514,0.698854,0.758435,-0.825794,-0.502214,0.256604,0.499419,-0.862569,-0.0809663,0.262001,0.0612914,0.963119
0.883514,0.750436,0.887028,-0.825794,-0.55969,0.0693615,0.499419,-0.782857,-0.371099,0.262001,-0.271811,0.925999
0.875863,0.0193135,1.17135,0.985232,-0.144299,-0.0921773,-0.00862081,0.495848,-0.868367,0.17101,0.856337,0.487281
0.875863,-0.0293483,1.04263,0.985232,-0.10407,-0.135971,-0.00862081,0.762943,-0.646408,0.17101,0.638033,0.750779
0.875863,-0.031049,0.90502,0.985232,-0.0512888,-0.163365,-0.00862081,0.938017,-0.346483,0.17101,0.342774,0.923722
0.875863,0.0144166,0.775132,0.985232,0.00767854,-0.171055,-0.00862081,0.999951,-0.00476642,0.17101,0.00617066,0.98525
0.875863,0.101565,0.668627,0.985232,0.0657197,-0.158113,-0.00862081,0.941277,0.337525,0.17101,-0.331177,0.927943
0.875863,0.219884,0.598352,0.985232,0.115834,-0.1261,-0.00862081,0.769071,0.639105,0.17101,-0.628579,0.758712
0.875863,0.355103,0.572782,0.985232,0.151977,-0.0788777,-0.00862081,0.504104,0.8636,0.17101,-0.850166,0.497969
0.875863,0.490913,0.595002,0.985232,0.16979,-0.0221415,-0.00862081,0.178334,0.983932,0.17101,-0.96921,0.177164
0.875863,0.610933,0.662332,0.985232,0.167123,0.0372653,-0.00862081,-0.168946,0.985588,0.17101,-0.971353,-0.16501
0.875863,0.700686,0.76665,0.985232,0.144299,0.0921773,-0.00862081,-0.495848,0.868367,0.17101,-0.856337,-0.487281
0.875863,0.749348,0.895375,0.985232,0.10407,0.135971,-0.00862081,-0.762943,0.646408,0.17101,-0.638033,-0.750779
0.875863,0.751049,1.03298,0.985232,0.0512888,0.163365,-0.00862081,-0.938017,0.346483,0.17101,-0.342774,-0.923722
0.875863,0.705583,1.16287,0.985232,-0.00767854,0.171055,-0.00862081,-0.999951,0.00476642,0.17101,-0.00617066,-0.98525
0.875863,0.618435,1.26937,0.985232,-0.0657197,0.158113,-0.00862081,-0.941277,-0.337525,0.17101,0.331177,-0.927943
0.875863,0.500116,1.33965,0.985232,-0.115834,0.1261,-0.00862081,-0.769071,-0.639105,0.17101,0.628579,-0.758712
0.875863,0.364897,1.36522,0.985232,-0.151977,0.0788777,-0.00862081,-0.504104,-0.8636,0.17101,0.850166,-0.497969
0.875863,0.229087,1.343,0.985232,-0.16979,0.0221415,-0.00862081,-0.178334,-0.983932,0.17101,0.96921,-0.177164
0.875863,0.109067,1.27567,0.985232,-0.167123,-0.0372653,-0.00862081,0.168946,-0.985588,0.17101,0.971353,0.16501
0.875863,0.0193135,1.17135,0.985232,-0.144299,-0.0921773,-0.00862081,0.495848,-0.868367,0.17101,0.856337,0.487281
0.749059,0.0814644,1.1327,0.900555,-0.426663,0.0834271,0.292759,0.453303,-0.841908,0.321393,0.782608,0.533134
0.749059,0.0422742,1.02756,0.900555,-0.429465,-0.0675314,0.292759,0.713915,-0.636096,0.321393,0.553069,0.768649
0.749059,0.0414064,0.915361,0.900555,-0.380468,-0.210345,0.292759,0.888418,-0.353561,0.321393,0.256821,0.911455
0.749059,0.0789657,0.80963,0.900555,-0.285581,-0.327787,0.292759,0.955765,-0.0283818,0.321393,-0.0704032,0.944325
0.749059,0.150422,0.723122,0.900555,-0.156249,-0.405694,0.292759,0.907832,0.300221,0.321393,-0.389136,0.863296
0.749059,0.247156,0.66627,0.900555,-0.00807044,-0.434668,0.292759,0.750402,0.592612,0.321393,-0.660933,0.678141
0.749059,0.357501,0.645932,0.900555,0.141081,-0.411214,0.292759,0.502462,0.813526,0.321393,-0.853011,0.411192
0.749059,0.468148,0.664561,0.900555,0.273217,-0.338162,0.292759,0.193917,0.936316,0.321393,-0.942204,0.0946467
0.749059,0.56575,0.71991,0.900555,0.372398,-0.224323,0.292759,-0.138016,0.946173,0.321393,-0.917753,-0.233314
0.749059,0.638536,0.805302,0.900555,0.426663,-0.0834271,0.292759,-0.453303,0.841908,0.321393,-0.782608,-0.533134
0.749059,0.677726,0.910439,0.900555,0.429465,0.0675314,0.292759,-0.713915,0.636096,0.321393,-0.553069,-0.768649
0.749059,0.678594,1.02264,0.900555,0.380468,0.210345,0.292759,-0.888418,0.353561,0.321393,-0.256821,-0.911455
0.749059,0.641034,1.12837,0.900555,0.285581,0.327787,0.292759,-0.955765,0.0283818,0.321393,0.0704032,-0.944325
0.749059,0.569578,1.21488,0.900555,0.156249,0.405694,0.292759,-0.907832,-0.300221,0.321393,0.389136,-0.863296
0.749059,0.472844,1.27173,0.900555,0.00807044,0.434668,0.292759,-0.750402,-0.592612,0.321393,0.660933,-0.678141
0.749059,0.362499,1.29207,0.900555,-0.141081,0.411214,0.292759,-0.502462,-0.813526,0.321393,0.853011,-0.411192
0.749059,0.251852,1.27344,0.900555,-0.273217,0.338162,0.292759,-0.193917,-0.936316,0.321393,0.942204,-0.0946467
0.749059,0.15425,1.21809,0.900555,-0.372398,0.224323,0.292759,0.138016,-0.946173,0.321393,0.917753,0.233314
0.749059,0.0814644,1.1327,0.900555,-0.426663,0.0834271,0.292759,0.453303,-0.841908,0.321393,0.782608,0.533134
0.654934,0.176695,1.07347,0.707258,-0.667405,0.233147,0.558827,0.325793,-0.762608,0.433011,0.669649,0.603384
0.654934,0.152018,1.00448,0.707258,-0.706896,-0.00917976,0.558827,0.566972,-0.605189,0.433011,0.422895,0.796029
0.654934,0.152427,0.931205,0.707258,-0.661125,-0.250399,0.558827,0.739767,-0.374776,0.433011,0.125134,0.892661
0.654934,0.177872,0.86249,0.707258,-0.535613,-0.461416,0.558827,0.823334,-0.0991591,0.433011,-0.187721,0.881625
0.654934,0.225284,0.806622,0.707258,-0.345498,-0.61678,0.558827,0.807596,0.188418,0.433011,-0.477933,0.764252
0.654934,0.288945,0.770339,0.707258,-0.113711,-0.697751,0.558827,0.694449,0.453269,0.433011,-0.7105,0.554699
0.654934,0.361176,0.758017,0.707258,0.131792,-0.694563,0.558827,0.497541,0.663449,0.433011,-0.85737,0.278241
0.654934,0.433266,0.771143,0.707258,0.361398,-0.6076,0.558827,0.240623,0.793607,0.433011,-0.900829,-0.0317764
0.654934,0.496518,0.808134,0.707258,0.547414,-0.447352,0.558827,-0.0453179,0.828045,0.433011,-0.835634,-0.337962
0.654934,0.543305,0.864527,0.707258,0.667405,-0.233147,0.558827,-0.325793,0.762608,0.433011,-0.669649,-0.603384
0.654934,0.567982,0.933521,0.707258,0.706896,0.00917976,0.558827,-0.566972,0.605189,0.433011,-0.422895,-0.796029
0.654934,0.567573,1.0068,0.707258,0.661125,0.250399,0.558827,-0.739767,0.374776,0.433011,-0.125134,-0.892661
0.654934,0.542128,1.07551,0.707258,0.535613,0.461416,0.558827,-0.823334,0.0991591,0.433011,0.187721,-0.881625
0.654934,0.494716,1.13138,0.707258,0.345498,0.61678,0.558827,-0.807596,-0.188418,0.433011,0.477933,-0.764252
0.654934,0.431055,1.16766,0.707258,0.113711,0.697751,0.558827,-0.694449,-0.453269,0.433011,0.7105,-0.554699
0.654934,0.358824,1.17998,0.707258,-0.131792,0.694563,0.558827,-0.497541,-0.663449,0.433011,0.85737,-0.278241
0.654934,0.286734,1.16686,0.707258,-0.361398,0.6076,0.558827,-0.240623,-0.793607,0.433011,0.900829,0.0317764
