0.658953,0.154205,0.94847,0.308961,-0.181582,0.93358,0.951075,0.0589913,-0.303277,-3.49349e-06,0.981605,0.190924
0.907818,0.166961,0.636748,0.92986,0.328134,-0.166401,-0.179072,0.798742,0.574408,0.321394,-0.504321,0.801477
0.907818,0.299905,0.589293,0.92986,0.365258,-0.0441377,-0.179072,0.554113,0.812953,0.321394,-0.748028,0.580654
0.907818,0.441061,0.590168,0.92986,0.358326,0.0834496,-0.179072,0.242649,0.953443,0.321394,-0.901512,0.289796
0.907818,0.573406,0.639269,0.92986,0.308175,0.200972,-0.179072,-0.0980811,0.978935,0.321394,-0.94626,-0.0360161
0.907818,0.680975,0.730674,0.92986,0.220853,0.294254,-0.179072,-0.426982,0.886352,0.321394,-0.876876,-0.357484
0.907818,0.750795,0.853357,0.92986,0.106893,0.352044,-0.179072,-0.704382,0.686862,0.321394,-0.701727,-0.635834
0.907818,0.774444,0.992521,0.92986,-0.0199592,0.367373,-0.179072,-0.896823,0.404527,0.321394,-0.441939,-0.837493
0.907818,0.74907,1.13138,0.92986,-0.144404,0.338391,-0.179072,-0.981094,0.0733992,0.321394,-0.128847,-0.938139
0.907818,0.677734,1.25319,0.92986,-0.251432,0.268594,-0.179072,-0.947031,-0.266581,0.321394,0.199785,-0.92563
0.907818,0.569039,1.34325,0.92986,-0.328134,0.166401,-0.179072,-0.798742,-0.574408,0.321394,0.504321,-0.801477
0.907818,0.436095,1.39071,0.92986,-0.365258,0.0441377,-0.179072,-0.554113,-0.812953,0.321394,0.748028,-0.580654
0.907818,0.294939,1.38983,0.92986,-0.358326,-0.0834496,-0.179072,-0.242649,-0.953443,0.321394,0.901512,-0.289796
0.907818,0.162594,1.34073,0.92986,-0.308175,-0.200972,-0.179072,0.0980811,-0.978935,0.321394,0.94626,0.0360161
0.907818,0.055025,1.24933,0.92986,-0.220853,-0.294254,-0.179072,0.426982,-0.886352,0.321394,0.876876,0.357484
0.907818,-0.0147951,1.12664,0.92986,-0.106893,-0.352044,-0.179072,0.704382,-0.686862,0.321394,0.701727,0.635834
0.907818,-0.0384444,0.987479,0.92986,0.0199592,-0.367373,-0.179072,0.896823,-0.404527,0.321394,0.441939,0.837493
0.907818,-0.0130705,0.848619,0.92986,0.144404,-0.338391,-0.179072,0.981094,-0.0733992,0.321394,0.128847,0.938139
0.907818,0.0582661,0.726811,0.92986,0.251432,-0.268594,-0.179072,0.947031,0.266581,0.321394,-0.199785,0.92563
0.907818,0.166961,0.636748,0.92986,0.328134,-0.166401,-0.179072,0.798742,0.574408,0.321394,-0.504321,0.801477
0.809114,0.156085,0.692666,0.796489,0.386251,-0.465204,-0.0275851,0.791785,0.610177,0.604023,-0.473167,0.641303
0.809114,0.270559,0.638118,0.796489,0.522067,-0.305043,-0.0275851,0.535341,0.844185,0.604023,-0.66397,0.440795
0.809114,0.396786,0.626013,0.796489,0.594913,-0.108089,-0.0275851,0.214328,0.976372,0.604023,-0.774688,0.187121
0.809114,0.519541,0.657809,0.796489,0.596004,0.101902,-0.0275851,-0.132537,0.990794,0.604023,-0.791968,-0.0891231
0.809114,0.624018,0.729673,0.796489,0.525208,0.299601,-0.0275851,-0.463415,0.885712,0.604023,-0.713725,-0.354617
0.809114,0.697615,0.832936,0.796489,0.391064,0.461165,-0.0275851,-0.738399,0.6738,0.604023,-0.549396,-0.57734
0.809114,0.731456,0.955143,0.796489,0.209753,0.567105,-0.0275851,-0.924321,0.380617,0.604023,-0.318801,-0.730426
0.809114,0.721459,1.08155,0.796489,0.00314154,0.604644,-0.0275851,-0.998757,0.0415266,0.604023,-0.0497547,-0.795412
0.809114,0.668829,1.19692,0.796489,-0.203848,0.569254,-0.0275851,-0.952727,-0.302573,0.604023,0.225293,-0.76446
0.809114,0.579915,1.28733,0.796489,-0.386251,0.465204,-0.0275851,-0.791785,-0.610177,0.604023,0.473167,-0.641303
0.809114,0.465441,1.34188,0.796489,-0.522067,0.305043,-0.0275851,-0.535341,-0.844185,0.604023,0.66397,-0.440795
0.809114,0.339214,1.35399,0.796489,-0.594913,0.108089,-0.0275851,-0.214328,-0.976372,0.604023,0.774688,-0.187121
0.809114,0.216459,1.32219,0.796489,-0.596004,-0.101902,-0.0275851,0.132537,-0.990794,0.604023,0.791968,0.0891231
0.809114,0.111982,1.25033,0.796489,-0.525208,-0.299601,-0.0275851,0.463415,-0.885712,0.604023,0.713725,0.354617
0.809114,0.0383846,1.14706,0.796489,-0.391064,-0.461165,-0.0275851,0.738399,-0.6738,0.604023,0.549396,0.57734
0.809114,0.00454381,1.02486,0.796489,-0.209753,-0.567105,-0.0275851,0.924321,-0.380617,0.604023,0.318801,0.730426
0.809114,0.0145412,0.898445,0.796489,-0.00314154,-0.604644,-0.0275851,0.998757,-0.0415266,0.604023,0.0497547,0.795412
0.809114,0.067171,0.783077,0.796489,0.203848,-0.569254,-0.0275851,0.952727,0.302573,0.604023,-0.225293,0.76446
0.809114,0.156085,0.692666,0.796489,0.386251,-0.465204,-0.0275851,0.791785,0.610177,0.604023,-0.473167,0.641303
0.735846,0.13942,0.778349,0.567051,0.432155,-0.70121,0.127229,0.795139,0.59293,0.813797,-0.425436,0.395902
0.735846,0.225594,0.712934,0.567051,0.645921,-0.511116,0.127229,0.544392,0.829126,0.813797,-0.535186,0.226518
0.735846,0.328944,0.680937,0.567051,0.781779,-0.259374,0.127229,0.227984,0.965317,0.813797,-0.580384,0.0298132
0.735846,0.437005,0.686218,0.567051,0.823343,0.023652,0.127229,-0.115923,0.985076,0.813797,-0.555579,-0.170488
0.735846,0.536743,0.72814,0.567051,0.7656,0.303826,0.127229,-0.445848,0.886021,0.813797,-0.463763,-0.350225
0.735846,0.616128,0.801645,0.567051,0.615514,0.547353,0.127229,-0.721997,0.680098,0.813797,-0.316011,-0.48772
0.735846,0.665585,0.897869,0.567051,0.391188,0.724862,0.127229,-0.911062,0.392146,0.813797,-0.130143,-0.566389
0.735846,0.679149,1.00521,0.567051,0.119679,0.814942,0.127229,-0.99024,0.0568947,0.813797,0.0714223,-0.576743
0.735846,0.655184,1.11071,0.567051,-0.166265,0.806727,0.127229,-0.949981,-0.285219,0.813797,0.264373,-0.517534
0.735846,0.59658,1.20165,0.567051,-0.432155,0.70121,0.127229,-0.795139,-0.59293,0.813797,0.425436,-0.395902
0.735846,0.510406,1.26707,0.567051,-0.645921,0.511116,0.127229,-0.544392,-0.829126,0.813797,0.535186,-0.226518
0.735846,0.407056,1.29906,0.567051,-0.781779,0.259374,0.127229,-0.227984,-0.965317,0.813797,0.580384,-0.0298132
0.735846,0.298995,1.29378,0.567051,-0.823343,-0.023652,0.127229,0.115923,-0.985076,0.813797,0.555579,0.170488
0.735846,0.199257,1.25186,0.567051,-0.7656,-0.303826,0.127229,0.445848,-0.886021,0.813797,0.463763,0.350225
0.735846,0.119872,1.17835,0.567051,-0.615514,-0.547353,0.127229,0.721997,-0.680098,0.813797,0.316011,0.48772
0.735846,0.0704149,1.08213,0.567051,-0.391188,-0.724862,0.127229,0.911062,-0.392146,0.813797,0.130143,0.566389
0.735846,0.0568508,0.974795,0.567051,-0.119679,-0.814942,0.127229,0.99024,-0.0568947,0.813797,-0.0714223,0.576743
0.735846,0.0808159,0.869292,0.567051,0.166265,-0.806727,0.127229,0.949981,0.285219,0.813797,-0.264373,0.517534
0.735846,0.13942,0.778349,0.567051,0.432155,-0.70121,0.127229,0.795139,0.59293,0.813797,-0.425436,0.395902
0.696852,0.118975,0.883463,0.269218,0.460308,-0.845954,0.266698,0.808401,0.524748,0.925416,-0.366886,0.0948728
0.696852,0.170431,0.804716,0.269218,0.721881,-0.637502,0.266698,0.580174,0.769591,0.925416,-0.377208,-0.036331
0.696852,0.245716,0.748318,0.269218,0.896385,-0.352159,0.266698,0.281969,0.92161,0.925416,-0.342034,-0.163153
0.696852,0.335751,0.721069,0.269218,0.962772,-0.024339,0.266698,-0.0502448,0.96247,0.925416,-0.265605,-0.270296
0.696852,0.429676,0.726258,0.269218,0.913034,0.306416,0.266698,-0.376399,0.887241,0.925416,-0.15714,-0.344837
0.696852,0.516161,0.763258,0.269218,0.753171,0.600213,0.266698,-0.657153,0.704998,0.925416,-0.0297224,-0.377786
0.696852,0.584776,0.827606,0.269218,0.502464,0.821615,0.266698,-0.858646,0.437722,0.925416,0.101281,-0.365169
0.696852,0.627245,0.911542,0.269218,0.191153,0.943919,0.266698,-0.956572,0.11765,0.925416,0.220068,-0.308506
0.696852,0.638445,1.00494,0.269218,-0.143214,0.952371,0.266698,-0.939123,-0.216613,0.925416,0.312311,-0.214634
0.696852,0.617025,1.09654,0.269218,-0.460308,0.845954,0.266698,-0.808401,-0.524748,0.925416,0.366886,-0.0948728
0.696852,0.565569,1.17528,0.269218,-0.721881,0.637502,0.266698,-0.580174,-0.769591,0.925416,0.377208,0.036331
0.696852,0.490284,1.23168,0.269218,-0.896385,0.352159,0.266698,-0.281969,-0.92161,0.925416,0.342034,0.163153
0.696852,0.400249,1.25893,0.269218,-0.962772,0.024339,0.266698,0.0502448,-0.96247,0.925416,0.265605,0.270296
0.696852,0.306324,1.25374,0.269218,-0.913034,-0.306416,0.266698,0.376399,-0.887241,0.925416,0.15714,0.344837
0.696852,0.219839,1.21674,0.269218,-0.753171,-0.600213,0.266698,0.657153,-0.704998,0.925416,0.0297224,0.377786
0.696852,0.151224,1.15239,0.269218,-0.502464,-0.821615,0.266698,0.858646,-0.437722,0.925416,-0.101281,0.365169
0.696852,0.108755,1.06846,0.269218,-0.191153,-0.943919,0.266698,0.956572,-0.11765,0.925416,-0.220068,0.308506
0.696852,0.0975552,0.97506,0.269218,0.143214,-0.952371,0.266698,0.939123,0.216613,0.925416,-0.312311,0.214634
0.696852,0.118975,0.883463,0.269218,0.460308,-0.845954,0.266698,0.808401,0.524748,0.925416,-0.366886,0.0948728
0.696834,0.0972168,0.995329,-0.061087,0.467314,-0.881978,0.373999,0.82997,0.413854,0.925415,-0.304578,-0.225475
0.696834,0.111724,0.902395,-0.061087,0.740786,-0.668958,0.373999,0.63837,0.672762,0.925415,-0.209092,-0.316049
0.696834,0.157142,0.820026,-0.061087,0.924908,-0.375251,0.373999,0.369773,0.850525,0.925415,-0.0883872,-0.368503
0.696834,0.227993,0.75816,-0.061087,0.997473,-0.036283,0.373999,0.0565767,0.925702,0.925415,0.0429786,-0.37651
0.696834,0.315731,0.724256,-0.061087,0.949727,0.307061,0.373999,-0.263444,0.889226,0.925415,0.169161,-0.339104
0.696834,0.409773,0.722405,-0.061087,0.787431,0.613369,0.373999,-0.551689,0.745496,0.925415,0.274939,-0.260797
0.696834,0.498776,0.75283,-0.061087,0.530158,0.845695,0.373999,-0.773393,0.511848,0.925415,0.347556,-0.151034
0.696834,0.572006,0.811861,-0.061087,0.208941,0.976018,0.373999,-0.901814,0.216464,0.925415,0.378253,-0.0230546
0.696834,0.62063,0.892379,-0.061087,-0.137478,0.988619,0.373999,-0.921463,-0.105029,0.925415,0.363327,0.107706
0.696834,0.638783,0.984671,-0.061087,-0.467314,0.881978,0.373999,-0.82997,-0.413854,0.925415,0.304578,0.225475
0.696834,0.624276,1.07761,-0.061087,-0.740786,0.668958,0.373999,-0.63837,-0.672762,0.925415,0.209092,0.316049
0.696834,0.578858,1.15997,-0.061087,-0.924908,0.375251,0.373999,-0.369773,-0.850525,0.925415,0.0883872,0.368503
0.696834,0.508007,1.22184,-0.061087,-0.997473,0.036283,0.373999,-0.0565767,-0.925702,0.925415,-0.0429786,0.37651
0.696834,0.420269,1.25574,-0.061087,-0.949727,-0.307061,0.373999,0.263444,-0.889226,0.925415,-0.169161,0.339104
0.696834,0.326227,1.25759,-0.061087,-0.787431,-0.613369,0.373999,0.551689,-0.745496,0.925415,-0.274939,0.260797
0.696834,0.237224,1.22717,-0.061087,-0.530158,-0.845695,0.373999,0.773393,-0.511848,0.925415,-0.347556,0.151034
0.696834,0.163994,1.16814,-0.061087,-0.208941,-0.976018,0.373999,0.901814,-0.216464,0.925415,-0.378253,0.0230546
0.696834,0.11537,1.08762,-0.061087,0.137478,-0.988619,0.373999,0.921463,0.105029,0.925415,-0.363327,-0.107706
0.696834,0.0972168,0.995329,-0.061087,0.467314,-0.881978,0.373999,0.82997,0.413854,0.925415,-0.304578,-0.225475
0.735794,0.0767697,1.10046,-0.384024,0.45233,-0.804937,0.43619,0.857245,0.273624,0.813796,-0.246027,-0.526504
0.735794,0.0565551,0.994187,-0.384024,0.700356,-0.601687,0.43619,0.711962,0.550317,0.813796,-0.051115,-0.578898
0.735794,0.0739053,0.887414,-0.384024,0.863908,-0.325866,0.43619,0.480805,0.760634,0.813796,0.149962,-0.561469
0.735794,0.126728,0.793015,-0.384024,0.923261,-0.0107394,0.43619,0.191657,0.879208,0.813796,0.332952,-0.476318
0.735794,0.208651,0.722375,-0.384024,0.871254,0.305682,0.43619,-0.120608,0.891735,0.813796,0.475783,-0.333716
0.735794,0.309794,0.684014,-0.384024,0.714162,0.585234,0.43619,-0.418326,0.796707,0.813796,0.561227,-0.150863
0.735794,0.417958,0.682559,-0.384024,0.470931,0.794198,0.43619,-0.665588,0.605584,0.813796,0.57898,0.0501862
0.735794,0.520096,0.718187,-0.384024,0.170899,0.907369,0.43619,-0.83257,0.341418,0.813796,0.526898,0.245182
0.735794,0.603889,0.786599,-0.384024,-0.149746,0.911099,0.43619,-0.899131,0.0360726,0.813796,0.411265,0.410606
0.735794,0.65923,0.879545,-0.384024,-0.45233,0.804937,0.43619,-0.857245,-0.273624,0.813796,0.246027,0.526504
0.735794,0.679445,0.985813,-0.384024,-0.700356,0.601687,0.43619,-0.711962,-0.550317,0.813796,0.051115,0.578898
0.735794,0.662095,1.09259,-0.384024,-0.863908,0.325866,0.43619,-0.480805,-0.760634,0.813796,-0.149962,0.561469
0.735794,0.609272,1.18699,-0.384024,-0.923261,0.0107394,0.43619,-0.191657,-0.879208,0.813796,-0.332952,0.476318
0.735794,0.527349,1.25763,-0.384024,-0.871254,-0.305682,0.43619,0.120608,-0.891735,0.813796,-0.475783,0.333716
0.735794,0.426206,1.29599,-0.384024,-0.714162,-0.585234,0.43619,0.418326,-0.796707,0.813796,-0.561227,0.150863
0.735794,0.318042,1.29744,-0.384024,-0.470931,-0.794198,0.43619,0.665588,-0.605584,0.813796,-0.57898,-0.0501862
0.735794,0.215904,1.26181,-0.384024,-0.170899,-0.907369,0.43619,0.83257,-0.341418,0.813796,-0.526898,-0.245182
0.735794,0.132111,1.1934,-0.384024,0.149746,-0.911099,0.43619,0.899131,-0.0360726,0.813796,-0.411265,-0.410606
0.735794,0.0767697,1.10046,-0.384024,0.45233,-0.804937,0.43619,0.857245,0.273624,0.813796,-0.246027,-0.526504
0.809034,0.0600998,1.18616,-0.660642,0.417161,-0.624123,0.44577,0.886936,0.120971,0.604021,-0.198297,-0.771905
0.809034,0.0115773,1.06902,-0.660642,0.605466,-0.443806,0.44577,0.792072,0.417026,0.604021,0.0776691,-0.793175
0.809034,0.00604471,0.942354,-0.660642,0.720742,-0.20996,0.44577,0.601673,0.662781,0.604021,0.344267,-0.718776
0.809034,0.0441692,0.821431,-0.660642,0.749087,0.0492109,0.44577,0.338704,0.828594,0.604021,0.569341,-0.557682
0.809034,0.121353,0.720841,-0.660642,0.68708,0.302446,0.44577,0.0348814,0.894468,0.604021,0.725744,-0.329324
0.809034,0.228285,0.652714,-0.660642,0.542202,0.519201,0.44577,-0.273148,0.852455,0.604021,0.794612,-0.0612442
0.809034,0.352069,0.62527,-0.660642,0.331925,0.673333,0.44577,-0.548232,0.707623,0.604021,0.767637,0.214222
0.809034,0.477775,0.641817,-0.660642,0.0816143,0.746252,0.44577,-0.757191,0.477442,0.604021,0.648075,0.463851
0.809034,0.59024,0.700361,-0.660642,-0.178541,0.729161,0.44577,-0.874822,0.189674,0.604021,0.450345,0.657532
0.809034,0.6759,0.793839,-0.660642,-0.417161,0.624123,0.44577,-0.886936,-0.120971,0.604021,0.198297,0.771905
0.809034,0.724423,0.910977,-0.660642,-0.605466,0.443806,0.44577,-0.792072,-0.417026,0.604021,-0.0776691,0.793175
0.809034,0.729955,1.03765,-0.660642,-0.720742,0.20996,0.44577,-0.601673,-0.662781,0.604021,-0.344267,0.718776
0.809034,0.691831,1.15857,-0.660642,-0.749087,-0.0492109,0.44577,-0.338704,-0.828594,0.604021,-0.569341,0.557682
0.809034,0.614647,1.25916,-0.660642,-0.68708,-0.302446,0.44577,-0.0348814,-0.894468,0.604021,-0.725744,0.329324
0.809034,0.507715,1.32729,-0.660642,-0.542202,-0.519201,0.44577,0.273148,-0.852455,0.604021,-0.794612,0.0612442
0.809034,0.383931,1.35473,-0.660642,-0.331925,-0.673333,0.44577,0.548232,-0.707623,0.604021,-0.767637,-0.214222
0.809034,0.258225,1.33818,-0.660642,-0.0816143,-0.746252,0.44577,0.757191,-0.477442,0.604021,-0.648075,-0.463851
0.809034,0.14576,1.27964,-0.660642,0.178541,-0.729161,0.44577,0.874822,-0.189674,0.604021,-0.450345,-0.657532
0.809034,0.0600998,1.18616,-0.660642,0.417161,-0.624123,0.44577,0.886936,0.120971,0.604021,-0.198297,-0.771905
0.90772,0.0492178,1.24211,-0.857576,0.366051,-0.361344,0.401584,0.915462,-0.0256918,0.321392,-0.167143,-0.932078
0.90772,-0.0177839,1.11788,-0.857576,0.467562,-0.214356,0.401584,0.86904,0.288964,0.321392,0.161727,-0.933033
0.90772,-0.0382544,0.978218,-0.857576,0.512679,-0.041513,0.401584,0.717799,0.568766,0.321392,0.47109,-0.821451
0.90772,-0.00972461,0.839981,-0.857576,0.495959,0.136337,0.401584,0.479981,0.779967,0.321392,0.723632,-0.610789
0.90772,0.0643644,0.719839,-0.857576,0.419419,0.297743,0.401584,0.18427,0.897093,0.321392,0.888894,-0.326457
0.90772,0.175076,0.632282,-0.857576,0.292291,0.423236,0.401584,-0.133667,0.906015,0.321392,0.946942,-0.00274964
0.90772,0.309058,0.587872,-0.857576,0.129908,0.497681,0.401584,-0.435481,0.805659,0.321392,0.890775,0.321289
0.90772,0.450148,0.591963,-0.857576,-0.0481434,0.512098,0.401584,-0.68477,0.608129,0.321392,0.727167,0.606576
0.90772,0.581331,0.644064,-0.857576,-0.220388,0.464749,0.401584,-0.851466,0.337249,0.321392,0.475852,0.818701
0.90772,0.686782,0.73789,-0.857576,-0.366051,0.361344,0.401584,-0.915462,0.0256918,0.321392,0.167143,0.932078
0.90772,0.753784,0.862124,-0.857576,-0.467562,0.214356,0.401584,-0.86904,-0.288964,0.321392,-0.161727,0.933033
0.90772,0.774254,1.00178,-0.857576,-0.512679,0.041513,0.401584,-0.717799,-0.568766,0.321392,-0.47109,0.821451
0.90772,0.745725,1.14002,-0.857576,-0.495959,-0.136337,0.401584,-0.479981,-0.779967,0.321392,-0.723632,0.610789
0.90772,0.671636,1.26016,-0.857576,-0.419419,-0.297743,0.401584,-0.18427,-0.897093,0.321392,-0.888894,0.326457
0.90772,0.560924,1.34772,-0.857576,-0.292291,-0.423236,0.401584,0.133667,-0.906015,0.321392,-0.946942,0.00274964
0.90772,0.426942,1.39213,-0.857576,-0.129908,-0.497681,0.401584,0.435481,-0.805659,0.321392,-0.890775,-0.321289
0.90772,0.285852,1.38804,-0.857576,0.0481434,-0.512098,0.401584,0.68477,-0.608129,0.321392,-0.727167,-0.606576
0.90772,0.154669,1.33594,-0.857576,0.220388,-0.464749,0.401584,0.851466,-0.337249,0.321392,-0.475852,-0.818701
0.90772,0.0492178,1.24211,-0.857576,0.366051,-0.361344,0.401584,0.915462,-0.0256918,0.321392,-0.167143,-0.932078
0.883612,0.3055,0.595944,0.961642,0.258799,-0.0909295,-0.0812368,0.585306,0.806733,0.262003,-0.768401,0.583879
0.883612,0.444044,0.598332,0.961642,0.274291,0.00306862,-0.0812368,0.274089,0.958267,0.262003,-0.921759,0.285858
0.883612,0.573417,0.647961,0.961642,0.2567,0.0966966,-0.0812368,-0.0701873,0.99422,0.262003,-0.963939,-0.0466416
0.883612,0.678013,0.738845,0.961642,0.208147,0.178662,-0.0812368,-0.405998,0.910256,0.262003,-0.889854,-0.373515
0.883612,0.745217,0.860022,0.961642,0.134488,0.239077,-0.0812368,-0.692839,0.716502,0.262003,-0.70844,-0.655338
0.883612,0.766923,0.996877,0.961642,0.0446081,0.270657,-0.0812368,-0.896114,0.436326,0.262003,-0.441577,-0.858117
0.883612,0.740513,1.1329,0.961642,-0.0506521,0.269591,-0.0812368,-0.991304,0.103524,0.262003,-0.121453,-0.957394
0.883612,0.669172,1.25169,0.961642,-0.139803,0.236009,-0.0812368,-0.966928,-0.241766,0.262003,0.213319,-0.941196
0.883612,0.561506,1.33892,0.961642,-0.212092,0.17396,-0.0812368,-0.825927,-0.557894,0.262003,0.522362,-0.811475
0.883612,0.4305,1.38406,0.961642,-0.258799,0.0909295,-0.0812368,-0.585306,-0.806733,0.262003,0.768401,-0.583879
0.883612,0.291956,1.38167,0.961642,-0.274291,-0.00306862,-0.0812368,-0.274089,-0.958267,0.262003,0.921759,-0.285858
0.883612,0.162583,1.33204,0.961642,-0.2567,-0.0966966,-0.0812368,0.0701873,-0.99422,0.262003,0.963939,0.0466416
0.883612,0.0579873,1.24115,0.961642,-0.208147,-0.178662,-0.0812368,0.405998,-0.910256,0.262003,0.889854,0.373515
0.883612,-0.00921666,1.11998,0.961642,-0.134488,-0.239077,-0.0812368,0.692839,-0.716502,0.262003,0.70844,0.655338
0.883612,-0.0309227,0.983123,0.961642,-0.0446081,-0.270657,-0.0812368,0.896114,-0.436326,0.262003,0.441577,0.858117
0.883612,-0.00451279,0.847099,0.961642,0.0506521,-0.269591,-0.0812368,0.991304,-0.103524,0.262003,0.121453,0.957394
0.883612,0.0668277,0.72831,0.961642,0.139803,-0.236009,-0.0812368,0.966928,0.241766,0.262003,-0.213319,0.941196
0.883612,0.174494,0.641085,0.961642,0.212092,-0.17396,-0.0812368,0.825927,0.557894,0.262003,-0.522362,0.811475
0.883612,0.3055,0.595944,0.961642,0.258799,-0.0909295,-0.0812368,0.585306,0.806733,0.262003,-0.768401,0.583879
0.763622,0.292278,0.663925,0.856221,0.319997,-0.405571,0.156285,0.587833,0.793743,0.492403,-0.743004,0.453303
0.763622,0.408368,0.657691,0.856221,0.439412,-0.271667,0.156285,0.280906,0.946925,0.492403,-0.853234,0.171844
0.763622,0.51959,0.691539,0.856221,0.505828,-0.104996,0.156285,-0.0599023,0.985894,0.492403,-0.860552,-0.130343
0.763622,0.612528,0.761385,0.856221,0.511234,0.0743398,0.156285,-0.393485,0.905949,0.492403,-0.764074,-0.416809
0.763622,0.675972,0.858806,0.856221,0.454977,0.244709,0.156285,-0.679608,0.716734,0.492403,-0.575438,-0.653001
0.763622,0.70227,0.97205,0.856221,0.343843,0.385562,0.156285,-0.88376,0.44107,0.492403,-0.317395,-0.810431
0.763622,0.688251,1.08746,0.856221,0.191237,0.479911,0.156285,-0.981318,0.112206,0.492403,-0.0210703,-0.870112
0.763622,0.635604,1.19111,0.856221,0.0155644,0.516376,0.156285,-0.960514,-0.230191,0.492403,0.277796,-0.824844
0.763622,0.55068,1.27051,0.856221,-0.161985,0.490558,0.156285,-0.823858,-0.544824,0.492403,0.543156,-0.680088
0.763622,0.443722,1.31608,0.856221,-0.319997,0.405571,0.156285,-0.587833,-0.793743,0.492403,0.743004,-0.453303
0.763622,0.327632,1.32231,0.856221,-0.439412,0.271667,0.156285,-0.280906,-0.946925,0.492403,0.853234,-0.171844
0.763622,0.21641,1.28846,0.856221,-0.505828,0.104996,0.156285,0.0599023,-0.985894,0.492403,0.860552,0.130343
0.763622,0.123472,1.21862,0.856221,-0.511234,-0.0743398,0.156285,0.393485,-0.905949,0.492403,0.764074,0.416809
0.763622,0.0600278,1.12119,0.856221,-0.454977,-0.244709,0.156285,0.679608,-0.716734,0.492403,0.575438,0.653001
0.763622,0.0337297,1.00795,0.856221,-0.343843,-0.385562,0.156285,0.88376,-0.44107,0.492403,0.317395,0.810431
0.763622,0.0477495,0.89254,0.856221,-0.191237,-0.479911,0.156285,0.981318,-0.112206,0.492403,0.0210703,0.870112
0.763622,0.100396,0.788885,0.856221,-0.0155644,-0.516376,0.156285,0.960514,0.230191,0.492403,-0.277796,0.824844
0.763622,0.18532,0.709488,0.856221,0.161985,-0.490558,0.156285,0.823858,0.544824,0.492403,-0.543156,0.680088
0.763622,0.292278,0.663925,0.856221,0.319997,-0.405571,0.156285,0.587833,0.793743,0.492403,-0.743004,0.453303
0.674556,0.272017,0.76809,0.647527,0.37062,-0.665845,0.374957,0.605717,0.701794,0.663413,-0.704094,0.253251
0.674556,0.353703,0.748645,0.647527,0.576002,-0.49893,0.374957,0.32916,0.866638,0.663413,-0.748248,-0.00283618
0.674556,0.437114,0.758311,0.647527,0.711909,-0.271837,0.374957,0.0129017,0.926952,0.663413,-0.702153,-0.258581
0.674556,0.512188,0.795922,0.647527,0.761949,-0.0119559,0.374957,-0.304913,0.875463,0.663413,-0.571368,-0.483137
0.674556,0.569871,0.856941,0.647527,0.720087,0.249367,0.374957,-0.58595,0.71838,0.663413,-0.371668,-0.64942
0.674556,0.603206,0.93401,0.647527,0.591372,0.480613,0.374957,-0.796313,0.474649,0.663413,-0.127139,-0.737373
0.674556,0.608171,1.01783,0.647527,0.391329,0.653889,0.374957,-0.910629,0.173669,0.663413,0.132725,-0.736388
0.674556,0.584168,1.0983,0.647527,0.144085,0.748297,0.374957,-0.91511,-0.148258,0.663413,0.37658,-0.646584
0.674556,0.534092,1.1657,0.647527,-0.120537,0.752449,0.374957,-0.809215,-0.452303,0.663413,0.575015,-0.478792
0.674556,0.463983,1.21191,0.647527,-0.37062,0.665845,0.374957,-0.605717,-0.701794,0.663413,0.704094,-0.253251
0.674556,0.382297,1.23135,0.647527,-0.576002,0.49893,0.374957,-0.32916,-0.866638,0.663413,0.748248,0.00283618
0.674556,0.298886,1.22169,0.647527,-0.711909,0.271837,0.374957,-0.0129017,-0.926952,0.663413,0.702153,0.258581
0.674556,0.223812,1.18408,0.647527,-0.761949,0.0119559,0.374957,0.304913,-0.875463,0.663413,0.571368,0.483137
0.674556,0.166129,1.12306,0.647527,-0.720087,-0.249367,0.374957,0.58595,-0.71838,0.663413,0.371668,0.64942
0.674556,0.132794,1.04599,0.647527,-0.591372,-0.480613,0.374957,0.796313,-0.474649,0.663413,0.127139,0.737373
0.674556,0.127829,0.962169,0.647527,-0.391329,-0.653889,0.374957,0.910629,-0.173669,0.663413,-0.132725,0.736388
0.674556,0.151832,0.881704,0.647527,-0.144085,-0.748297,0.374957,0.91511,0.148258,0.663413,-0.37658,0.646584
0.674556,0.201908,0.814301,0.647527,0.120537,-0.752449,0.374957,0.809215,0.452303,0.663413,-0.575015,0.478792
0.674556,0.272017,0.76809,0.647527,0.37062,-0.665845,0.374957,0.605717,0.701794,0.663413,-0.704094,0.253251
0.627155,0.247163,0.895876,0.360731,0.404563,-0.840358,0.548404,0.636802,0.541975,0.754404,-0.656363,0.00785024
0.627155,0.286642,0.860224,0.360731,0.667584,-0.651309,0.548404,0.413031,0.727089,0.754404,-0.619464,-0.217113
0.627155,0.335935,0.840224,0.360731,0.850085,-0.383703,0.548404,0.139443,0.824505,0.754404,-0.507849,-0.415888
0.627155,0.389095,0.83829,0.360731,0.930053,-0.0698168,0.548404,-0.150963,0.822474,0.754404,-0.33498,-0.564502
0.627155,0.439711,0.854654,0.360731,0.897843,0.25249,0.548404,-0.423162,0.72124,0.754404,-0.121707,-0.645028
0.627155,0.481677,0.887343,0.360731,0.757339,0.544344,0.548404,-0.644321,0.533014,0.754404,0.106245,-0.647754
0.627155,0.509932,0.932414,0.360731,0.52549,0.770541,0.548404,-0.787765,0.280499,0.754404,0.321383,-0.572352
0.627155,0.521068,0.984431,0.360731,0.230258,0.9038,0.548404,-0.836193,-0.0058488,0.754404,0.497757,-0.427916
0.627155,0.513742,1.03712,0.360731,-0.0927458,0.928047,0.548404,-0.783764,-0.291491,0.754404,0.614094,-0.231866
0.627155,0.488837,1.08412,0.360731,-0.404563,0.840358,0.548404,-0.636802,-0.541975,0.754404,0.656363,-0.00785024
0.627155,0.449358,1.11978,0.360731,-0.667584,0.651309,0.548404,-0.413031,-0.727089,0.754404,0.619464,0.217113
0.627155,0.400065,1.13978,0.360731,-0.850085,0.383703,0.548404,-0.139443,-0.824505,0.754404,0.507849,0.415888
0.627155,0.346905,1.14171,0.360731,-0.930053,0.0698168,0.548404,0.150963,-0.822474,0.754404,0.33498,0.564502
0.627155,0.296289,1.12535,0.360731,-0.897843,-0.25249,0.548404,0.423162,-0.72124,0.754404,0.121707,0.645028
0.627155,0.254323,1.09266,0.360731,-0.757339,-0.544344,0.548404,0.644321,-0.533014,0.754404,-0.106245,0.647754
0.627155,0.226068,1.04759,0.360731,-0.52549,-0.770541,0.548404,0.787765,-0.280499,0.754404,-0.321383,0.572352
0.627155,0.214932,0.995569,0.360731,-0.230258,-0.9038,0.548404,0.836193,0.0058488,0.754404,-0.497757,0.427916
0.627155,0.222258,0.942881,0.360731,0.0927458,-0.928047,0.548404,0.783764,0.291491,0.754404,-0.614094,0.231866
0.627155,0.247163,0.895876,0.360731,0.404563,-0.840358,0.548404,0.636802,0.541975,0.754404,-0.656363,0.00785024
0.627137,0.220712,1.03187,0.0304265,0.417732,-0.908061,0.655705,0.677338,0.333564,0.754404,-0.605569,-0.2533
0.627137,0.215274,0.978969,0.0304265,0.703114,-0.710425,0.655705,0.522404,0.545111,0.754404,-0.482415,-0.445141
0.627137,0.228258,0.927399,0.0304265,0.903691,-0.427102,0.655705,0.30446,0.690909,0.754404,-0.301075,-0.583291
0.627137,0.258096,0.883379,0.0304265,0.99527,-0.0922642,0.655705,0.0497942,0.753374,0.754404,-0.0834206,-0.651088
0.627137,0.301191,0.85222,0.0304265,0.966804,0.253702,0.655705,-0.210878,0.72497,0.754404,0.144295,-0.640354
0.627137,0.352343,0.837679,0.0304265,0.821727,0.569068,0.655705,-0.446115,0.609125,0.754404,0.354607,-0.552384
0.627137,0.405384,0.84151,0.0304265,0.577538,0.815797,0.655705,-0.627544,0.41981,0.754404,0.522148,-0.397788
0.627137,0.453916,0.863252,0.0304265,0.263689,0.964128,0.655705,-0.733282,0.17986,0.754404,0.626711,-0.195214
0.627137,0.492085,0.90028,0.0304265,-0.0819642,0.996171,0.655705,-0.750575,-0.0817843,0.754404,0.655682,0.0309069
0.627137,0.515288,0.948131,0.0304265,-0.417732,0.908061,0.655705,-0.677338,-0.333564,0.754404,0.605569,0.2533
0.627137,0.520726,1.00103,0.0304265,-0.703114,0.710425,0.655705,-0.522404,-0.545111,0.754404,0.482415,0.445141
0.627137,0.507742,1.0526,0.0304265,-0.903691,0.427102,0.655705,-0.30446,-0.690909,0.754404,0.301075,0.583291
0.627137,0.477904,1.09662,0.0304265,-0.99527,0.0922642,0.655705,-0.0497942,-0.753374,0.754404,0.0834206,0.651088
0.627137,0.434809,1.12778,0.0304265,-0.966804,-0.253702,0.655705,0.210878,-0.72497,0.754404,-0.144295,0.640354
0.627137,0.383657,1.14232,0.0304265,-0.821727,-0.569068,0.655705,0.446115,-0.609125,0.754404,-0.354607,0.552384
0.627137,0.330616,1.13849,0.0304265,-0.577538,-0.815797,0.655705,0.627544,-0.41981,0.754404,-0.522148,0.397788
0.627137,0.282084,1.11675,0.0304265,-0.263689,-0.964128,0.655705,0.733282,-0.17986,0.754404,-0.626711,0.195214
0.627137,0.243915,1.07972,0.0304265,0.0819642,-0.996171,0.655705,0.750575,0.0817843,0.754404,-0.655682,-0.0309069
0.627137,0.220712,1.03187,0.0304265,0.417732,-0.908061,0.655705,0.677338,0.333564,0.754404,-0.605569,-0.2533
0.674504,0.195855,1.15967,-0.303548,0.408537,-0.860788,0.683918,0.722436,0.101697,0.663411,-0.557838,-0.4987
0.674504,0.148207,1.09056,-0.303548,0.678306,-0.669148,0.683918,0.644085,0.342652,0.663411,-0.353631,-0.659417
0.674504,0.12707,1.00932,-0.303548,0.866261,-0.396799,0.683918,0.488048,0.542278,0.663411,-0.106771,-0.740598
0.674504,0.134992,0.925752,-0.303548,0.949733,-0.0765906,0.683918,0.273146,0.676497,0.663411,0.152968,-0.732452
0.674504,0.171018,0.849933,-0.303548,0.918652,0.252856,0.683918,0.0252974,0.72912,0.663411,0.394256,-0.635962
0.674504,0.230803,0.791008,-0.303548,0.776769,0.551805,0.683918,-0.225602,0.693801,0.663411,0.587991,-0.462765
0.674504,0.307137,0.756085,-0.303548,0.541196,0.784197,0.683918,-0.44929,0.574799,0.663411,0.710806,-0.233752
0.674504,0.390811,0.749375,-0.303548,0.240346,0.922004,0.683918,-0.618788,0.386468,0.663411,0.747887,0.0234547
0.674504,0.471734,0.771688,-0.303548,-0.0894924,0.948604,0.683918,-0.71365,0.151523,0.663411,0.694762,0.277833
0.674504,0.540145,0.820333,-0.303548,-0.408537,0.860788,0.683918,-0.722436,-0.101697,0.663411,0.557838,0.4987
0.674504,0.587793,0.889442,-0.303548,-0.678306,0.669148,0.683918,-0.644085,-0.342652,0.663411,0.353631,0.659417
0.674504,0.60893,0.97068,-0.303548,-0.866261,0.396799,0.683918,-0.488048,-0.542278,0.663411,0.106771,0.740598
0.674504,0.601008,1.05425,-0.303548,-0.949733,0.0765906,0.683918,-0.273146,-0.676497,0.663411,-0.152968,0.732452
0.674504,0.564982,1.13007,-0.303548,-0.918652,-0.252856,0.683918,-0.0252974,-0.72912,0.663411,-0.394256,0.635962
0.674504,0.505197,1.18899,-0.303548,-0.776769,-0.551805,0.683918,0.225602,-0.693801,0.663411,-0.587991,0.462765
0.674504,0.428863,1.22392,-0.303548,-0.541196,-0.784197,0.683918,0.44929,-0.574799,0.663411,-0.710806,0.233752
0.674504,0.345189,1.23062,-0.303548,-0.240346,-0.922004,0.683918,0.618788,-0.386468,0.663411,-0.747887,-0.0234547
0.674504,0.264266,1.20831,-0.303548,0.0894924,-0.948604,0.683918,0.71365,-0.151523,0.663411,-0.694762,-0.277833
0.674504,0.195855,1.15967,-0.303548,0.408537,-0.860788,0.683918,0.722436,0.101697,0.663411,-0.557838,-0.4987
0.763543,0.17559,1.26386,-0.60091,0.378088,-0.704241,0.629641,0.766657,-0.125658,0.492402,-0.518928,-0.698752
0.763543,0.0935303,1.18153,-0.60091,0.596152,-0.532456,0.629641,0.763399,0.144132,0.492402,-0.248646,-0.834096
0.763543,0.0445751,1.07611,-0.60091,0.74231,-0.296449,0.629641,0.668065,0.396538,0.492402,0.0516272,-0.868836
0.763543,0.0346298,0.960296,-0.60091,0.798935,-0.0246864,0.629641,0.492151,0.601115,0.492402,0.345673,-0.798781
0.763543,0.0648939,0.848068,-0.60091,0.759197,0.250054,0.629641,0.256877,0.733189,0.492402,0.598026,-0.632381
0.763543,0.131717,0.752959,-0.60091,0.627888,0.494635,0.629641,-0.00937966,0.77683,0.492402,0.778247,-0.389707
0.763543,0.227039,0.686441,-0.60091,0.420847,0.679555,0.629641,-0.274505,0.726773,0.492402,0.864601,-0.100029
0.763543,0.339364,0.656536,-0.60091,0.163045,0.782511,0.629641,-0.506522,0.589057,0.492402,0.846671,0.201715
0.763543,0.455142,0.666853,-0.60091,-0.114422,0.791084,0.629641,-0.677444,0.380292,0.492402,0.72662,0.479128
0.763543,0.56041,0.716145,-0.60091,-0.378088,0.704241,0.629641,-0.766657,0.125658,0.492402,0.518928,0.698752
0.763543,0.64247,0.798468,-0.60091,-0.596152,0.532456,0.629641,-0.763399,-0.144132,0.492402,0.248646,0.834096
0.763543,0.691425,0.903893,-0.60091,-0.74231,0.296449,0.629641,-0.668065,-0.396538,0.492402,-0.0516272,0.868836
0.763543,0.70137,1.0197,-0.60091,-0.798935,0.0246864,0.629641,-0.492151,-0.601115,0.492402,-0.345673,0.798781
0.763543,0.671106,1.13193,-0.60091,-0.759197,-0.250054,0.629641,-0.256877,-0.733189,0.492402,-0.598026,0.632381
0.763543,0.604283,1.22704,-0.60091,-0.627888,-0.494635,0.629641,0.00937966,-0.77683,0.492402,-0.778247,0.389707
0.763543,0.508961,1.29356,-0.60091,-0.420847,-0.679555,0.629641,0.274505,-0.726773,0.492402,-0.864601,0.100029
0.763543,0.396636,1.32346,-0.60091,-0.163045,-0.782511,0.629641,0.506522,-0.589057,0.492402,-0.846671,-0.201715
0.763543,0.280858,1.31315,-0.60091,0.114422,-0.791084,0.629641,0.677444,-0.380292,0.492402,-0.72662,-0.479128
0.763543,0.17559,1.26386,-0.60091,0.378088,-0.704241,0.629641,0.766657,-0.125658,0.492402,-0.518928,-0.698752
0.883514,0.162362,1.33187,-0.825794,0.330059,-0.457302,0.499419,0.804667,-0.32108,0.262001,-0.493531,-0.829327
0.883514,0.0578382,1.24092,-0.825794,0.46656,-0.316837,0.499419,0.865955,-0.0265039,0.262001,-0.180121,-0.94811
0.883514,-0.0092756,1.1197,-0.825794,0.546788,-0.138156,0.499419,0.822796,0.271269,0.262001,0.155014,-0.952537
0.883514,-0.0308844,0.982846,-0.825794,0.561065,0.057188,0.499419,0.680396,0.536322,0.262001,0.471452,-0.842074
0.883514,-0.00438186,0.846851,-0.825794,0.507669,0.245635,0.499419,0.45593,0.736687,0.262001,0.731026,-0.630044
0.883514,0.0670354,0.728122,-0.825794,0.393041,0.404454,0.499419,0.176473,0.848197,0.262001,0.902428,-0.342022
0.883514,0.174753,0.640979,-0.825794,0.231006,0.51449,0.499419,-0.12427,0.857401,0.262001,0.964983,-0.0127472
0.883514,0.30578,0.595933,-0.825794,0.0411087,0.562471,0.499419,-0.410024,0.763191,0.262001,0.911148,0.318065
0.883514,0.444311,0.598418,-0.825794,-0.153747,0.54261,0.499419,-0.646324,0.576928,0.262001,0.747414,0.610514
0.883514,0.573638,0.648133,-0.825794,-0.330059,0.457302,0.499419,-0.804667,0.32108,0.262001,0.493531,0.829327
0.883514,0.678162,0.739082,-0.825794,-0.46656,0.316837,0.499419,-0.865955,0.0265039,0.262001,0.180121,0.94811
0.883514,0.745276,0.860296,-0.825794,-0.546788,0.138156,0.499419,-0.822796,-0.271269,0.262001,-0.155014,0.952537
0.883514,0.766884,0.997154,-0.825794,-0.561065,-0.057188,0.499419,-0.680396,-0.536322,0.262001,-0.471452,0.842074
0.883514,0.740382,1.13315,-0.825794,-0.507669,-0.245635,0.499419,-0.45593,-0.736687,0.262001,-0.731026,0.630044
0.883514,0.668965,1.25188,-0.825794,-0.393041,-0.404454,0.499419,-0.176473,-0.848197,0.262001,-0.902428,0.342022
0.883514,0.561247,1.33902,-0.825794,-0.231006,-0.51449,0.499419,0.12427,-0.857401,0.262001,-0.964983,0.0127472
0.883514,0.43022,1.38407,-0.825794,-0.0411087,-0.562471,0.499419,0.410024,-0.763191,0.262001,-0.911148,-0.318065
0.883514,0.291689,1.38158,-0.825794,0.153747,-0.54261,0.499419,0.646324,-0.576928,0.262001,-0.747414,-0.610514
0.883514,0.162362,1.33187,-0.825794,0.330059,-0.457302,0.499419,0.804667,-0.32108,0.262001,-0.493531,-0.829327
0.875863,0.451577,0.602666,0.985232,0.165739,-0.0430029,-0.00862081,0.29884,0.954264,0.17101,-0.9398,0.295856
0.875863,0.579013,0.65461,0.985232,0.170452,0.0162767,-0.00862081,-0.0455596,0.998924,0.17101,-0.984312,-0.0434173
0.875863,0.680997,0.747008,0.985232,0.154605,0.0735931,-0.00862081,-0.384464,0.9231,0.17101,-0.910101,-0.377454
0.875863,0.74523,0.868713,0.985232,0.120111,0.122033,-0.00862081,-0.676997,0.735935,0.17101,-0.726119,-0.665963
0.875863,0.763963,1.00505,0.985232,0.0711299,0.155754,-0.00862081,-0.887874,0.460006,0.17101,-0.454556,-0.874148
0.875863,0.734936,1.13957,0.985232,0.0135692,0.170689,-0.00862081,-0.99166,0.128594,0.17101,-0.128166,-0.976898
0.875863,0.661652,1.25605,0.985232,-0.0456281,0.165036,-0.00862081,-0.975837,-0.218329,0.17101,0.213682,-0.961819
0.875863,0.552949,1.34044,0.985232,-0.099322,0.139477,-0.00862081,-0.842314,-0.538918,0.17101,0.529757,-0.830731
0.875863,0.421939,1.38256,0.985232,-0.141036,0.0970957,-0.00862081,-0.607196,-0.794506,0.17101,0.781935,-0.599444
0.875863,0.284423,1.37733,0.985232,-0.165739,0.0430029,-0.00862081,-0.29884,-0.954264,0.17101,0.9398,-0.295856
0.875863,0.156987,1.32539,0.985232,-0.170452,-0.0162767,-0.00862081,0.0455596,-0.998924,0.17101,0.984312,0.0434173
0.875863,0.0550025,1.23299,0.985232,-0.154605,-0.0735931,-0.00862081,0.384464,-0.9231,0.17101,0.910101,0.377454
0.875863,-0.00922974,1.11129,0.985232,-0.120111,-0.122033,-0.00862081,0.676997,-0.735935,0.17101,0.726119,0.665963
0.875863,-0.0279625,0.974952,0.985232,-0.0711299,-0.155754,-0.00862081,0.887874,-0.460006,0.17101,0.454556,0.874148
0.875863,0.00106363,0.840432,0.985232,-0.0135692,-0.170689,-0.00862081,0.99166,-0.128594,0.17101,0.128166,0.976898
0.875863,0.0743477,0.723953,0.985232,0.0456281,-0.165036,-0.00862081,0.975837,0.218329,0.17101,-0.213682,0.961819
0.875863,0.183051,0.639562,0.985232,0.099322,-0.139477,-0.00862081,0.842314,0.538918,0.17101,-0.529757,0.830731
0.875863,0.314061,0.59744,0.985232,0.141036,-0.0970957,-0.00862081,0.607196,0.794506,0.17101,-0.781935,0.599444
0.875863,0.451577,0.602666,0.985232,0.165739,-0.0430029,-0.00862081,0.29884,0.954264,0.17101,-0.9398,0.295856
0.749059,0.437604,0.674509,0.900555,0.229224,-0.369401,0.292759,0.308406,0.905085,0.321393,-0.923224,0.210629
0.749059,0.54131,0.717342,0.900555,0.341743,-0.268724,0.292759,-0.0197506,0.955982,0.321393,-0.939586,-0.117835
0.749059,0.624113,0.793061,0.900555,0.413042,-0.135635,0.292759,-0.345525,0.891574,0.321393,-0.84262,-0.432086
0.749059,0.676025,0.892533,0.900555,0.434523,0.0138133,0.292759,-0.629623,0.71963,0.321393,-0.644022,-0.694221
0.749059,0.690784,1.00376,0.900555,0.403594,0.161596,0.292759,-0.83778,0.460887,0.321393,-0.367745,-0.872623
0.749059,0.666611,1.11333,0.900555,0.323985,0.289888,0.292759,-0.944888,0.146554,0.321393,-0.0471128,-0.945773
0.749059,0.606421,1.20802,0.900555,0.205299,0.383215,0.292759,-0.938029,-0.185455,0.321393,0.279202,-0.90485
0.749059,0.517474,1.27642,0.900555,0.0618507,0.43032,0.292759,-0.81803,-0.495096,0.321393,0.571841,-0.754788
0.749059,0.410498,1.31027,0.900555,-0.0890576,0.425523,0.292759,-0.599364,-0.74502,0.321393,0.795507,-0.513688
0.749059,0.298396,1.30549,0.900555,-0.229224,0.369401,0.292759,-0.308406,-0.905085,0.321393,0.923224,-0.210629
0.749059,0.19469,1.26266,0.900555,-0.341743,0.268724,0.292759,0.0197506,-0.955982,0.321393,0.939586,0.117835
0.749059,0.111887,1.18694,0.900555,-0.413042,0.135635,0.292759,0.345525,-0.891574,0.321393,0.84262,0.432086
0.749059,0.0599751,1.08747,0.900555,-0.434523,-0.0138133,0.292759,0.629623,-0.71963,0.321393,0.644022,0.694221
0.749059,0.0452157,0.976238,0.900555,-0.403594,-0.161596,0.292759,0.83778,-0.460887,0.321393,0.367745,0.872623
0.749059,0.0693889,0.866669,0.900555,-0.323985,-0.289888,0.292759,0.944888,-0.146554,0.321393,0.0471128,0.945773
0.749059,0.129579,0.771976,0.900555,-0.205299,-0.383215,0.292759,0.938029,0.185455,0.321393,-0.279202,0.90485
0.749059,0.218526,0.70358,0.900555,-0.0618507,-0.43032,0.292759,0.81803,0.495096,0.321393,-0.571841,0.754788
0.749059,0.325502,0.66973,0.900555,0.0890576,-0.425523,0.292759,0.599364,0.74502,0.321393,-0.795507,0.513688
0.749059,0.437604,0.674509,0.900555,0.229224,-0.369401,0.292759,0.308406,0.905085,0.321393,-0.923224,0.210629
0.654934,0.416193,0.784592,0.707258,0.283351,-0.647687,0.558827,0.337074,0.757689,0.433011,-0.897827,0.0800541
0.654934,0.48354,0.813462,0.707258,0.487785,-0.511715,0.558827,0.0576013,0.827281,0.433011,-0.871061,-0.231849
0.654934,0.536952,0.863626,0.707258,0.633385,-0.314023,0.558827,-0.228819,0.797091,0.433011,-0.739233,-0.515787
0.654934,0.569985,0.929032,0.707258,0.702589,-0.0784543,0.558827,-0.487641,0.670759,0.433011,-0.518242,-0.737514
0.654934,0.578656,1.00179,0.707258,0.687051,0.166577,0.558827,-0.687646,0.463525,0.433011,-0.234744,-0.870286
0.654934,0.561919,1.07313,0.707258,0.588644,0.391516,0.558827,-0.80471,0.200382,0.433011,0.0770681,-0.898088
0.654934,0.521792,1.13444,0.707258,0.419238,0.569233,0.558827,-0.824715,-0.0869297,0.433011,0.379585,-0.817568
0.654934,0.463116,1.17833,0.707258,0.199266,0.678292,0.558827,-0.745247,-0.363756,0.433011,0.636317,-0.638437
0.654934,0.392967,1.1995,0.707258,-0.0447409,0.705538,0.558827,-0.575891,-0.596709,0.433011,0.816301,-0.382301
0.654934,0.319807,1.19541,0.707258,-0.283351,0.647687,0.558827,-0.337074,-0.757689,0.433011,0.897827,-0.0800541
0.654934,0.25246,1.16654,0.707258,-0.487785,0.511715,0.558827,-0.0576013,-0.827281,0.433011,0.871061,0.231849
0.654934,0.199048,1.11637,0.707258,-0.633385,0.314023,0.558827,0.228819,-0.797091,0.433011,0.739233,0.515787
0.654934,0.166015,1.05097,0.707258,-0.702589,0.0784543,0.558827,0.487641,-0.670759,0.433011,0.518242,0.737514
0.654934,0.157344,0.978208,0.707258,-0.687051,-0.166577,0.558827,0.687646,-0.463525,0.433011,0.234744,0.870286
0.654934,0.174081,0.906871,0.707258,-0.588644,-0.391516,0.558827,0.80471,-0.200382,0.433011,-0.0770681,0.898088
0.654934,0.214208,0.84556,0.707258,-0.419238,-0.569233,0.558827,0.824715,0.0869297,0.433011,-0.379585,0.817568
0.654934,0.272884,0.80167,0.707258,-0.199266,-0.678292,0.558827,0.745247,0.363756,0.433011,-0.636317,0.638437
