0.658953,0.20121,0.898705,0.308961,0.00285321,0.951071,0.951075,-0.000923205,-0.308959,-3.49349e-06,0.999996,-0.00299885
0.907818,0.153291,0.590425,0.92986,0.289649,-0.226859,-0.179072,0.894947,0.408661,0.321394,-0.339373,0.884043
0.907818,0.274512,0.518096,0.92986,0.349771,-0.114112,-0.179072,0.701205,0.690105,0.321394,-0.621267,0.714656
0.907818,0.413161,0.49159,0.92986,0.367706,0.0123988,-0.179072,0.422887,0.888313,0.321394,-0.828226,0.459071
0.907818,0.552513,0.514102,0.92986,0.34129,0.137414,-0.179072,0.0935629,0.979377,0.321394,-0.93529,0.148116
0.907818,0.675762,0.582918,0.92986,0.273709,0.245855,-0.179072,-0.247046,0.952314,0.321394,-0.929544,-0.180705
0.907818,0.768042,0.689738,0.92986,0.173115,0.324642,-0.179072,-0.557858,0.810387,0.321394,-0.811681,-0.487729
0.907818,0.818222,0.821677,0.92986,0.051641,0.364273,-0.179072,-0.801384,0.570716,0.321394,-0.595917,-0.735927
0.907818,0.82025,0.962822,0.92986,-0.0760619,0.359966,-0.179072,-0.948251,0.262209,0.321394,-0.308277,-0.895361
0.907818,0.773881,1.09615,0.92986,-0.194591,0.312243,-0.179072,-0.980745,-0.0779255,0.321394,0.0165457,-0.946801
0.907818,0.684709,1.20557,0.92986,-0.289649,0.226859,-0.179072,-0.894947,-0.408661,0.321394,0.339373,-0.884043
0.907818,0.563488,1.2779,0.92986,-0.349771,0.114112,-0.179072,-0.701205,-0.690105,0.321394,0.621267,-0.714656
0.907818,0.424839,1.30441,0.92986,-0.367706,-0.0123988,-0.179072,-0.422887,-0.888313,0.321394,0.828226,-0.459071
0.907818,0.285487,1.2819,0.92986,-0.34129,-0.137414,-0.179072,-0.0935629,-0.979377,0.321394,0.93529,-0.148116
0.907818,0.162238,1.21308,0.92986,-0.273709,-0.245855,-0.179072,0.247046,-0.952314,0.321394,0.929544,0.180705
0.907818,0.069958,1.10626,0.92986,-0.173115,-0.324642,-0.179072,0.557858,-0.810387,0.321394,0.811681,0.487729
0.907818,0.019778,0.974323,0.92986,-0.051641,-0.364273,-0.179072,0.801384,-0.570716,0.321394,0.595917,0.735927
0.907818,0.0177501,0.833178,0.92986,0.0760619,-0.359966,-0.179072,0.948251,-0.262209,0.321394,0.308277,0.895361
0.907818,0.0641188,0.699852,0.92986,0.194591,-0.312243,-0.179072,0.980745,0.0779255,0.321394,-0.0165457,0.946801
0.907818,0.153291,0.590425,0.92986,0.289649,-0.226859,-0.179072,0.894947,0.408661,0.321394,-0.339373,0.884043
0.809114,0.153462,0.64739,0.796489,0.288736,-0.531259,-0.0275851,0.895056,0.4451,0.604023,-0.339862,0.720867
0.809114,0.25519,0.571685,0.796489,0.453024,-0.400467,-0.0275851,0.688845,0.724384,0.604023,-0.565917,0.561154
0.809114,0.376675,0.535338,0.796489,0.562671,-0.221373,-0.0275851,0.399548,0.916297,0.604023,-0.723714,0.333757
0.809114,0.503265,0.542733,0.796489,0.604452,-0.0155773,-0.0275851,0.0620604,0.997691,0.604023,-0.794221,0.0661043
0.809114,0.619692,0.592979,0.796489,0.573327,0.192097,-0.0275851,-0.282913,0.958749,0.604023,-0.768932,-0.209522
0.809114,0.711912,0.680014,0.796489,0.47305,0.376601,-0.0275851,-0.593762,0.804167,0.604023,-0.650899,-0.459876
0.809114,0.768803,0.793342,0.796489,0.315716,0.515682,-0.0275851,-0.832996,0.552591,0.604023,-0.454358,-0.654763
0.809114,0.783502,0.919294,0.796489,0.120303,0.592564,-0.0275851,-0.971757,0.234365,0.604023,-0.203015,-0.770676
0.809114,0.754237,1.04268,0.796489,-0.0896213,0.597974,-0.0275851,-0.993311,-0.11213,0.604023,0.072815,-0.793634
0.809114,0.684538,1.14861,0.796489,-0.288736,0.531259,-0.0275851,-0.895056,-0.4451,0.604023,0.339862,-0.720867
0.809114,0.58281,1.22432,0.796489,-0.453024,0.400467,-0.0275851,-0.688845,-0.724384,0.604023,0.565917,-0.561154
0.809114,0.461325,1.26066,0.796489,-0.562671,0.221373,-0.0275851,-0.399548,-0.916297,0.604023,0.723714,-0.333757
0.809114,0.334735,1.25327,0.796489,-0.604452,0.0155773,-0.0275851,-0.0620604,-0.997691,0.604023,0.794221,-0.0661043
0.809114,0.218308,1.20302,0.796489,-0.573327,-0.192097,-0.0275851,0.282913,-0.958749,0.604023,0.768932,0.209522
0.809114,0.126088,1.11599,0.796489,-0.47305,-0.376601,-0.0275851,0.593762,-0.804167,0.604023,0.650899,0.459876
0.809114,0.0691969,1.00266,0.796489,-0.315716,-0.515682,-0.0275851,0.832996,-0.552591,0.604023,0.454358,0.654763
0.809114,0.0544976,0.876706,0.796489,-0.120303,-0.592564,-0.0275851,0.971757,-0.234365,0.604023,0.203015,0.770676
0.809114,0.0837627,0.753323,0.796489,0.0896213,-0.597974,-0.0275851,0.993311,0.11213,0.604023,-0.072815,0.793634
0.809114,0.153462,0.64739,0.796489,0.288736,-0.531259,-0.0275851,0.895056,0.4451,0.604023,-0.339862,0.720867
0.735846,0.153724,0.734679,0.567051,0.288014,-0.771687,0.127229,0.895003,0.42753,0.813797,-0.340612,0.470869
0.735846,0.225581,0.653799,0.567051,0.534577,-0.626642,0.127229,0.694804,0.707856,0.813797,-0.481117,0.325976
0.735846,0.320768,0.602373,0.567051,0.716663,-0.406015,0.127229,0.410801,0.902804,0.813797,-0.563593,0.141765
0.735846,0.427802,0.586604,0.567051,0.812308,-0.136416,0.127229,0.07725,0.988861,0.813797,-0.57809,-0.0595446
0.735846,0.533775,0.608394,0.567051,0.809977,0.149637,0.127229,-0.265619,0.955646,0.813797,-0.522862,-0.253672
0.735846,0.625905,0.665115,0.567051,0.70995,0.417641,0.127229,-0.57645,0.807166,0.813797,-0.404568,-0.417203
0.735846,0.693078,0.749925,0.567051,0.524293,0.635271,0.127229,-0.817753,0.561331,0.813797,-0.237478,-0.530413
0.735846,0.727194,0.852595,0.567051,0.275399,0.776279,0.127229,-0.960423,0.24779,0.813797,-0.0417443,-0.579648
0.735846,0.724137,0.960742,0.567051,-0.00671235,0.823655,0.127229,-0.987252,-0.0956374,0.813797,0.159024,-0.558968
0.735846,0.684276,1.06132,0.567051,-0.288014,0.771687,0.127229,-0.895003,-0.42753,0.813797,0.340612,-0.470869
0.735846,0.612419,1.1422,0.567051,-0.534577,0.626642,0.127229,-0.694804,-0.707856,0.813797,0.481117,-0.325976
0.735846,0.517232,1.19363,0.567051,-0.716663,0.406015,0.127229,-0.410801,-0.902804,0.813797,0.563593,-0.141765
0.735846,0.410198,1.2094,0.567051,-0.812308,0.136416,0.127229,-0.07725,-0.988861,0.813797,0.57809,0.0595446
0.735846,0.304225,1.18761,0.567051,-0.809977,-0.149637,0.127229,0.265619,-0.955646,0.813797,0.522862,0.253672
0.735846,0.212095,1.13089,0.567051,-0.70995,-0.417641,0.127229,0.57645,-0.807166,0.813797,0.404568,0.417203
0.735846,0.144922,1.04608,0.567051,-0.524293,-0.635271,0.127229,0.817753,-0.561331,0.813797,0.237478,0.530413
0.735846,0.110806,0.943405,0.567051,-0.275399,-0.776279,0.127229,0.960423,-0.24779,0.813797,0.0417443,0.579648
0.735846,0.113863,0.835258,0.567051,0.00671235,-0.823655,0.127229,0.987252,0.0956374,0.813797,-0.159024,0.558968
0.735846,0.153724,0.734679,0.567051,0.288014,-0.771687,0.127229,0.895003,0.42753,0.813797,-0.340612,0.470869
0.696852,0.154045,0.841762,0.269218,0.287572,-0.919143,0.266698,0.894795,0.35807,0.925416,-0.341532,0.1642
0.696852,0.189259,0.754534,0.269218,0.584595,-0.765357,0.266698,0.718365,0.642514,0.925416,-0.377095,0.0374865
0.696852,0.252182,0.68461,0.269218,0.811107,-0.519257,0.266698,0.45529,0.849461,0.925416,-0.367175,-0.0937483
0.696852,0.335226,0.640424,0.269218,0.939787,-0.210527,0.266698,0.1373,0.95395,0.925416,-0.312967,-0.213676
0.696852,0.428375,0.627305,0.269218,0.955116,0.123595,0.266698,-0.197251,0.943379,0.925416,-0.221012,-0.307831
0.696852,0.520392,0.646836,0.269218,0.855243,0.442811,0.266698,-0.50801,0.819023,0.925416,-0.102399,-0.364857
0.696852,0.600181,0.696662,0.269218,0.652215,0.708616,0.266698,-0.757495,0.59588,0.925416,0.0285649,-0.377876
0.696852,0.658116,0.770771,0.269218,0.370521,0.888952,0.266698,-0.915616,0.300866,0.925416,0.156083,-0.345317
0.696852,0.68721,0.860227,0.269218,0.0441363,0.962067,0.266698,-0.963299,-0.0304379,0.925416,0.264776,-0.271108
0.696852,0.683955,0.954238,0.269218,-0.287572,0.919143,0.266698,-0.894795,-0.35807,0.925416,0.341532,-0.1642
0.696852,0.648741,1.04147,0.269218,-0.584595,0.765357,0.266698,-0.718365,-0.642514,0.925416,0.377095,-0.0374865
0.696852,0.585818,1.11139,0.269218,-0.811107,0.519257,0.266698,-0.45529,-0.849461,0.925416,0.367175,0.0937483
0.696852,0.502774,1.15558,0.269218,-0.939787,0.210527,0.266698,-0.1373,-0.95395,0.925416,0.312967,0.213676
0.696852,0.409625,1.16869,0.269218,-0.955116,-0.123595,0.266698,0.197251,-0.943379,0.925416,0.221012,0.307831
0.696852,0.317608,1.14916,0.269218,-0.855243,-0.442811,0.266698,0.50801,-0.819023,0.925416,0.102399,0.364857
0.696852,0.237819,1.09934,0.269218,-0.652215,-0.708616,0.266698,0.757495,-0.59588,0.925416,-0.0285649,0.377876
0.696852,0.179884,1.02523,0.269218,-0.370521,-0.888952,0.266698,0.915616,-0.300866,0.925416,-0.156083,0.345317
0.696852,0.15079,0.935773,0.269218,-0.0441363,-0.962067,0.266698,0.963299,0.0304379,0.925416,-0.264776,0.271108
0.696852,0.154045,0.841762,0.269218,0.287572,-0.919143,0.266698,0.894795,0.35807,0.925416,-0.341532,0.1642
0.696834,0.154387,0.955724,-0.061087,0.287462,-0.955842,0.373999,0.894456,0.245099,0.925415,-0.342511,-0.16215
0.696834,0.150603,0.86174,-0.061087,0.597043,-0.79988,0.373999,0.756685,0.536239,0.925415,-0.266397,-0.269517
0.696834,0.179191,0.77213,-0.061087,0.834612,-0.547441,0.373999,0.527647,0.762702,0.925415,-0.158151,-0.344376
0.696834,0.236703,0.697701,-0.061087,0.971514,-0.228972,0.373999,0.234966,0.897171,0.925415,-0.0308297,-0.377699
0.696834,0.316203,0.647431,-0.061087,0.991238,0.117114,0.373999,-0.0860543,0.923428,0.925415,0.10021,-0.365465
0.696834,0.408102,0.627384,-0.061087,0.891403,0.449075,0.373999,-0.396696,0.838306,0.925415,0.219163,-0.309151
0.696834,0.501316,0.639977,-0.061087,0.684053,0.72687,0.373999,-0.65949,0.652072,0.925415,0.311682,-0.215549
0.696834,0.584601,0.683691,-0.061087,0.394195,0.916994,0.373999,-0.842739,0.387189,0.925415,0.366607,-0.095948
0.696834,0.647912,0.753254,-0.061087,0.0567915,0.996515,0.373999,-0.924342,0.0756047,0.925415,0.377314,0.0352254
0.696834,0.683613,0.840276,-0.061087,-0.287462,0.955842,0.373999,-0.894456,-0.245099,0.925415,0.342511,0.16215
0.696834,0.687397,0.93426,-0.061087,-0.597043,0.79988,0.373999,-0.756685,-0.536239,0.925415,0.266397,0.269517
0.696834,0.658809,1.02387,-0.061087,-0.834612,0.547441,0.373999,-0.527647,-0.762702,0.925415,0.158151,0.344376
0.696834,0.601297,1.0983,-0.061087,-0.971514,0.228972,0.373999,-0.234966,-0.897171,0.925415,0.0308297,0.377699
0.696834,0.521797,1.14857,-0.061087,-0.991238,-0.117114,0.373999,0.0860543,-0.923428,0.925415,-0.10021,0.365465
0.696834,0.429898,1.16862,-0.061087,-0.891403,-0.449075,0.373999,0.396696,-0.838306,0.925415,-0.219163,0.309151
0.696834,0.336684,1.15602,-0.061087,-0.684053,-0.72687,0.373999,0.65949,-0.652072,0.925415,-0.311682,0.215549
0.696834,0.253399,1.11231,-0.061087,-0.394195,-0.916994,0.373999,0.842739,-0.387189,0.925415,-0.366607,0.095948
0.696834,0.190088,1.04275,-0.061087,-0.0567915,-0.996515,0.373999,0.924342,-0.0756047,0.925415,-0.377314,-0.0352254
0.696834,0.154387,0.955724,-0.061087,0.287462,-0.955842,0.373999,0.894456,0.245099,0.925415,-0.342511,-0.16215
0.735794,0.154709,1.06282,-0.384024,0.287697,-0.877357,0.43619,0.894027,0.102241,0.813796,-0.343431,-0.468819
0.735794,0.114276,0.962487,-0.384024,0.570421,-0.726048,0.43619,0.805143,0.401851,0.813796,-0.162375,-0.558006
0.735794,0.110597,0.854376,-0.384024,0.784343,-0.487167,0.43619,0.619146,0.652991,0.813796,0.038267,-0.579889
0.735794,0.144116,0.751527,-0.384024,0.903662,-0.189526,0.43619,0.35847,0.825371,0.813796,0.234293,-0.53183
0.735794,0.210791,0.666344,-0.384024,0.913986,0.130975,0.43619,0.0545585,0.898199,0.813796,0.40206,-0.419623
0.735794,0.302578,0.609103,-0.384024,0.81407,0.435678,0.43619,-0.255934,0.862691,0.813796,0.521332,-0.256804
0.735794,0.408408,0.586707,-0.384024,0.615965,0.687832,0.43619,-0.535557,0.72313,0.813796,0.577724,-0.0630111
0.735794,0.515515,0.601858,-0.384024,0.343566,0.857023,0.43619,-0.750584,0.496349,0.813796,0.564434,0.138382
0.735794,0.610981,0.652727,-0.384024,0.0297269,0.922845,0.43619,-0.87508,0.2097,0.813796,0.483065,0.323085
0.735794,0.683291,0.73318,-0.384024,-0.287697,0.877357,0.43619,-0.894027,-0.102241,0.813796,0.343431,0.468819
0.735794,0.723724,0.833513,-0.384024,-0.570421,0.726048,0.43619,-0.805143,-0.401851,0.813796,0.162375,0.558006
0.735794,0.727403,0.941624,-0.384024,-0.784343,0.487167,0.43619,-0.619146,-0.652991,0.813796,-0.038267,0.579889
0.735794,0.693884,1.04447,-0.384024,-0.903662,0.189526,0.43619,-0.35847,-0.825371,0.813796,-0.234293,0.53183
0.735794,0.627209,1.12966,-0.384024,-0.913986,-0.130975,0.43619,-0.0545585,-0.898199,0.813796,-0.40206,0.419623
0.735794,0.535422,1.1869,-0.384024,-0.81407,-0.435678,0.43619,0.255934,-0.862691,0.813796,-0.521332,0.256804
0.735794,0.429592,1.20929,-0.384024,-0.615965,-0.687832,0.43619,0.535557,-0.72313,0.813796,-0.577724,0.0630111
0.735794,0.322485,1.19414,-0.384024,-0.343566,-0.857023,0.43619,0.750584,-0.496349,0.813796,-0.564434,-0.138382
0.735794,0.227019,1.14327,-0.384024,-0.0297269,-0.922845,0.43619,0.87508,-0.2097,0.813796,-0.483065,-0.323085
0.735794,0.154709,1.06282,-0.384024,0.287697,-0.877357,0.43619,0.894027,0.102241,0.813796,-0.343431,-0.468819
0.809034,0.154971,1.15013,-0.660642,0.28825,-0.693155,0.44577,0.893561,-0.0532716,0.604021,-0.344181,-0.718817
0.809034,0.0846595,1.04462,-0.660642,0.507939,-0.552766,0.44577,0.857893,0.255557,0.604021,-0.0775749,-0.793184
0.809034,0.0546748,0.921429,-0.660642,0.666364,-0.345704,0.44577,0.71875,0.533561,0.604021,0.198388,-0.771881
0.809034,0.0686331,0.79541,-0.660642,0.744415,-0.096946,0.44577,0.492915,0.747211,0.604021,0.450423,-0.657478
0.809034,0.124851,0.681764,-0.660642,0.732679,0.163506,0.44577,0.207628,0.870735,0.604021,0.64813,-0.463774
0.809034,0.216547,0.5942,-0.660642,0.632571,0.404236,0.44577,-0.102703,0.889236,0.604021,0.767663,-0.214131
0.809034,0.332662,0.543278,-0.660642,0.456165,0.596209,0.44577,-0.400646,0.800482,0.604021,0.794604,0.0613386
0.809034,0.459191,0.535141,-0.660642,0.22474,0.716271,0.44577,-0.650265,0.615178,0.604021,0.725705,0.32941
0.809034,0.580872,0.570771,-0.660642,-0.0337931,0.74994,0.44577,-0.821453,0.355675,0.604021,0.569275,0.55775
0.809034,0.683029,0.645869,-0.660642,-0.28825,0.693155,0.44577,-0.893561,0.0532716,0.604021,0.344181,0.718817
0.809034,0.753341,0.751377,-0.660642,-0.507939,0.552766,0.44577,-0.857893,-0.255557,0.604021,0.0775749,0.793184
0.809034,0.783325,0.874571,-0.660642,-0.666364,0.345704,0.44577,-0.71875,-0.533561,0.604021,-0.198388,0.771881
0.809034,0.769367,1.00059,-0.660642,-0.744415,0.096946,0.44577,-0.492915,-0.747211,0.604021,-0.450423,0.657478
0.809034,0.713149,1.11424,-0.660642,-0.732679,-0.163506,0.44577,-0.207628,-0.870735,0.604021,-0.64813,0.463774
0.809034,0.621453,1.2018,-0.660642,-0.632571,-0.404236,0.44577,0.102703,-0.889236,0.604021,-0.767663,0.214131
0.809034,0.505338,1.25272,-0.660642,-0.456165,-0.596209,0.44577,0.400646,-0.800482,0.604021,-0.794604,-0.0613386
0.809034,0.378809,1.26086,-0.660642,-0.22474,-0.716271,0.44577,0.650265,-0.615178,0.604021,-0.725705,-0.32941
0.809034,0.257128,1.22523,-0.660642,0.0337931,-0.74994,0.44577,0.821453,-0.355675,0.604021,-0.569275,-0.55775
0.809034,0.154971,1.15013,-0.660642,0.28825,-0.693155,0.44577,0.893561,-0.0532716,0.604021,-0.344181,-0.718817
0.90772,0.155142,1.20713,-0.857576,0.289053,-0.425454,0.401584,0.893113,-0.202682,0.321392,-0.344671,-0.881991
0.90772,0.0653261,1.09824,-0.857576,0.417135,-0.300934,0.401584,0.908573,0.115003,0.321392,-0.0222259,-0.946685
0.90772,0.018169,0.965201,-0.857576,0.494904,-0.140117,0.401584,0.814446,0.418818,0.321392,0.3029,-0.897195
0.90772,0.019358,0.824056,-0.857576,0.51298,0.0376003,0.401584,0.622084,0.672117,0.321392,0.591492,-0.73949
0.90772,0.0687497,0.69183,-0.857576,0.469184,0.210782,0.401584,0.35469,0.844349,0.321392,0.808741,-0.492591
0.90772,0.160387,0.584471,-0.857576,0.368797,0.358541,0.401584,0.0445157,0.91474,0.321392,0.928443,-0.186278
0.90772,0.283216,0.514928,-0.857576,0.223927,0.463054,0.401584,-0.271028,0.874799,0.321392,0.936162,0.142502
0.90772,0.422424,0.491589,-0.857576,0.052049,0.511716,0.401584,-0.553882,0.729345,0.321392,0.830966,0.454094
0.90772,0.561218,0.51727,-0.857576,-0.126107,0.498658,0.401584,-0.76993,0.495922,0.321392,0.625544,0.710916
0.90772,0.682858,0.588872,-0.857576,-0.289053,0.425454,0.401584,-0.893113,0.202682,0.321392,0.344671,0.881991
0.90772,0.772674,0.697759,-0.857576,-0.417135,0.300934,0.401584,-0.908573,-0.115003,0.321392,0.0222259,0.946685
0.90772,0.819831,0.830799,-0.857576,-0.494904,0.140117,0.401584,-0.814446,-0.418818,0.321392,-0.3029,0.897195
0.90772,0.818642,0.971944,-0.857576,-0.51298,-0.0376003,0.401584,-0.622084,-0.672117,0.321392,-0.591492,0.73949
0.90772,0.76925,1.10417,-0.857576,-0.469184,-0.210782,0.401584,-0.35469,-0.844349,0.321392,-0.808741,0.492591
0.90772,0.677613,1.21153,-0.857576,-0.368797,-0.358541,0.401584,-0.0445157,-0.91474,0.321392,-0.928443,0.186278
0.90772,0.554784,1.28107,-0.857576,-0.223927,-0.463054,0.401584,0.271028,-0.874799,0.321392,-0.936162,-0.142502
0.90772,0.415576,1.30441,-0.857576,-0.052049,-0.511716,0.401584,0.553882,-0.729345,0.321392,-0.830966,-0.454094
0.90772,0.276782,1.27873,-0.857576,0.126107,-0.498658,0.401584,0.76993,-0.495922,0.321392,-0.625544,-0.710916
0.90772,0.155142,1.20713,-0.857576,0.289053,-0.425454,0.401584,0.893113,-0.202682,0.321392,-0.344671,-0.881991
0.883612,0.281291,0.523537,0.961642,0.236261,-0.139377,-0.0812368,0.7306,0.677956,0.262003,-0.640628,0.721769
0.883612,0.41767,0.49902,0.961642,0.269682,-0.0501656,-0.0812368,0.454665,0.88695,0.262003,-0.848853,0.459133
0.883612,0.554209,0.522627,0.961642,0.270576,0.0450964,-0.0812368,0.123891,0.988965,0.262003,-0.954694,0.141119
0.883612,0.67444,0.591509,0.961642,0.238834,0.134919,-0.0812368,-0.221827,0.971696,0.262003,-0.945384,-0.193916
0.883612,0.763862,0.697358,0.961642,0.178286,0.208469,-0.0812368,-0.540788,0.837227,0.262003,-0.822048,-0.505561
0.883612,0.811687,0.827408,0.961642,0.0962332,0.256874,-0.0812368,-0.794523,0.601775,0.262003,-0.59956,-0.756229
0.883612,0.812149,0.965972,0.961642,0.00257368,0.274296,-0.0812368,-0.952427,0.293741,0.262003,-0.304756,-0.915684
0.883612,0.765192,1.09634,0.961642,-0.0913963,0.258634,-0.0812368,-0.995454,-0.0497232,0.262003,0.0268053,-0.964695
0.883612,0.676478,1.20278,0.961642,-0.174343,0.211777,-0.0812368,-0.918414,-0.38719,0.262003,0.355134,-0.897349
0.883612,0.556709,1.27246,0.961642,-0.236261,0.139377,-0.0812368,-0.7306,-0.677956,0.262003,0.640628,-0.721769
0.883612,0.42033,1.29698,0.961642,-0.269682,0.0501656,-0.0812368,-0.454665,-0.88695,0.262003,0.848853,-0.459133
0.883612,0.283791,1.27337,0.961642,-0.270576,-0.0450964,-0.0812368,-0.123891,-0.988965,0.262003,0.954694,-0.141119
0.883612,0.16356,1.20449,0.961642,-0.238834,-0.134919,-0.0812368,0.221827,-0.971696,0.262003,0.945384,0.193916
0.883612,0.0741384,1.09864,0.961642,-0.178286,-0.208469,-0.0812368,0.540788,-0.837227,0.262003,0.822048,0.505561
0.883612,0.0263126,0.968592,0.961642,-0.0962332,-0.256874,-0.0812368,0.794523,-0.601775,0.262003,0.59956,0.756229
0.883612,0.0258507,0.830028,0.961642,-0.00257368,-0.274296,-0.0812368,0.952427,-0.293741,0.262003,0.304756,0.915684
0.883612,0.0728084,0.699662,0.961642,0.0913963,-0.258634,-0.0812368,0.995454,0.0497232,0.262003,-0.0268053,0.964695
0.883612,0.161522,0.593219,0.961642,0.174343,-0.211777,-0.0812368,0.918414,0.38719,0.262003,-0.355134,0.897349
0.883612,0.281291,0.523537,0.961642,0.236261,-0.139377,-0.0812368,0.7306,0.677956,0.262003,-0.640628,0.721769
0.763622,0.281499,0.592791,0.856221,0.235299,-0.459914,0.156285,0.730561,0.664722,0.492403,-0.641027,0.588747
0.763622,0.394179,0.56417,0.856221,0.378408,-0.351701,0.156285,0.459154,0.874501,0.492403,-0.803732,0.333997
0.763622,0.509852,0.575813,0.856221,0.475876,-0.201067,0.156285,0.132367,0.978802,0.492403,-0.869495,0.0389625
0.763622,0.614568,0.626316,0.856221,0.515946,-0.026182,0.156285,-0.210386,0.965045,0.492403,-0.830384,-0.260772
0.763622,0.695695,0.709589,0.856221,0.493786,0.151861,0.156285,-0.527763,0.83489,0.492403,-0.691116,-0.529053
0.763622,0.743449,0.815587,0.856221,0.412067,0.311587,0.156285,-0.781484,0.604034,0.492403,-0.46849,-0.733523
0.763622,0.752069,0.931525,0.856221,0.280647,0.433732,0.156285,-0.940947,0.300323,0.492403,-0.189357,-0.849519
0.763622,0.720516,1.04342,0.856221,0.115377,0.503562,0.156285,-0.986917,-0.0396116,0.492403,0.112616,-0.863051
0.763622,0.652596,1.13777,0.856221,-0.0638089,0.512654,0.156285,-0.913851,-0.374768,0.492403,0.401005,-0.772486
0.763622,0.556501,1.20321,0.856221,-0.235299,0.459914,0.156285,-0.730561,-0.664722,0.492403,0.641027,-0.588747
0.763622,0.443821,1.23183,0.856221,-0.378408,0.351701,0.156285,-0.459154,-0.874501,0.492403,0.803732,-0.333997
0.763622,0.328148,1.22019,0.856221,-0.475876,0.201067,0.156285,-0.132367,-0.978802,0.492403,0.869495,-0.0389625
0.763622,0.223432,1.16968,0.856221,-0.515946,0.026182,0.156285,0.210386,-0.965045,0.492403,0.830384,0.260772
0.763622,0.142305,1.08641,0.856221,-0.493786,-0.151861,0.156285,0.527763,-0.83489,0.492403,0.691116,0.529053
0.763622,0.0945514,0.980413,0.856221,-0.412067,-0.311587,0.156285,0.781484,-0.604034,0.492403,0.46849,0.733523
0.763622,0.085931,0.864475,0.856221,-0.280647,-0.433732,0.156285,0.940947,-0.300323,0.492403,0.189357,0.849519
0.763622,0.117484,0.752581,0.856221,-0.115377,-0.503562,0.156285,0.986917,0.0396116,0.492403,-0.112616,0.863051
0.763622,0.185404,0.658226,0.856221,0.0638089,-0.512654,0.156285,0.913851,0.374768,0.492403,-0.401005,0.772486
0.763622,0.281499,0.592791,0.856221,0.235299,-0.459914,0.156285,0.730561,0.664722,0.492403,-0.641027,0.588747
0.674556,0.281817,0.698908,0.647527,0.234503,-0.725064,0.374957,0.73028,0.57105,0.663413,-0.641638,0.384947
0.674556,0.358184,0.663996,0.647527,0.468348,-0.601132,0.374957,0.490928,0.786382,0.663413,-0.734602,0.142278
0.674556,0.441886,0.657308,0.647527,0.645702,-0.404695,0.374957,0.192363,0.906865,0.663413,-0.738962,-0.117551
0.674556,0.522827,0.67965,0.647527,0.745175,-0.159446,0.374957,-0.129404,0.917966,0.663413,-0.654193,-0.363202
0.674556,0.591245,0.728329,0.647527,0.754769,0.105035,0.374957,-0.435563,0.818347,0.663413,-0.490518,-0.565045
0.674556,0.638889,0.797473,0.647527,0.673327,0.356847,0.374957,-0.689187,0.620023,0.663413,-0.267679,-0.698736
0.674556,0.66001,0.878742,0.647527,0.510672,0.565618,0.374957,-0.859684,0.346916,0.663413,-0.0125545,-0.748148
0.674556,0.652062,0.962334,0.647527,0.286422,0.706167,0.374957,-0.926491,0.0319647,0.663413,0.244084,-0.707323
0.674556,0.616003,1.03817,0.647527,0.0276252,0.761542,0.374957,-0.881549,-0.286842,0.663413,0.471283,-0.581185
0.674556,0.556183,1.09709,0.647527,-0.234503,0.725064,0.374957,-0.73028,-0.57105,0.663413,0.641638,-0.384947
0.674556,0.479816,1.132,0.647527,-0.468348,0.601132,0.374957,-0.490928,-0.786382,0.663413,0.734602,-0.142278
0.674556,0.396114,1.13869,0.647527,-0.645702,0.404695,0.374957,-0.192363,-0.906865,0.663413,0.738962,0.117551
0.674556,0.315173,1.11635,0.647527,-0.745175,0.159446,0.374957,0.129404,-0.917966,0.663413,0.654193,0.363202
0.674556,0.246755,1.06767,0.647527,-0.754769,-0.105035,0.374957,0.435563,-0.818347,0.663413,0.490518,0.565045
0.674556,0.199111,0.998527,0.647527,-0.673327,-0.356847,0.374957,0.689187,-0.620023,0.663413,0.267679,0.698736
0.674556,0.17799,0.917258,0.647527,-0.510672,-0.565618,0.374957,0.859684,-0.346916,0.663413,0.0125545,0.748148
0.674556,0.185938,0.833666,0.647527,-0.286422,-0.706167,0.374957,0.926491,-0.0319647,0.663413,-0.244084,0.707323
0.674556,0.221997,0.757834,0.647527,-0.0276252,-0.761542,0.374957,0.881549,0.286842,0.663413,-0.471283,0.581185
0.674556,0.281817,0.698908,0.647527,0.234503,-0.725064,0.374957,0.73028,0.57105,0.663413,-0.641638,0.384947
0.627155,0.282208,0.829088,0.360731,0.23397,-0.902846,0.548404,0.729791,0.408238,0.754404,-0.642388,0.134948
0.627155,0.314027,0.786458,0.360731,0.528651,-0.768375,0.548404,0.546154,0.633221,0.754404,-0.649803,-0.0928997
0.627155,0.358507,0.757282,0.360731,0.75957,-0.541227,0.548404,0.296642,0.781829,0.754404,-0.578841,-0.309543
0.627155,0.410283,0.745079,0.360731,0.898873,-0.248799,0.548404,0.0113514,0.836137,0.754404,-0.438063,-0.48885
0.627155,0.463111,0.75132,0.360731,0.929758,0.073638,0.548404,-0.275309,0.789594,0.754404,-0.244448,-0.609195
0.627155,0.510619,0.775252,0.360731,0.848501,0.387193,0.548404,-0.528763,0.647814,0.754404,-0.0213487,-0.656063
0.627155,0.547076,0.81399,0.360731,0.664903,0.654047,0.548404,-0.71844,0.427899,0.754404,0.204325,-0.623799
0.627155,0.568085,0.862861,0.360731,0.401107,0.842013,0.548404,-0.821463,0.156373,0.754404,0.405355,-0.516296
0.627155,0.571112,0.91597,0.360731,0.0889315,0.92842,0.548404,-0.825405,-0.134015,0.754404,0.557492,-0.34652
0.627155,0.555792,0.966912,0.360731,-0.23397,0.902846,0.548404,-0.729791,-0.408238,0.754404,0.642388,-0.134948
0.627155,0.523973,1.00954,0.360731,-0.528651,0.768375,0.548404,-0.546154,-0.633221,0.754404,0.649803,0.0928997
0.627155,0.479493,1.03872,0.360731,-0.75957,0.541227,0.548404,-0.296642,-0.781829,0.754404,0.578841,0.309543
0.627155,0.427717,1.05092,0.360731,-0.898873,0.248799,0.548404,-0.0113514,-0.836137,0.754404,0.438063,0.48885
0.627155,0.374889,1.04468,0.360731,-0.929758,-0.073638,0.548404,0.275309,-0.789594,0.754404,0.244448,0.609195
0.627155,0.327381,1.02075,0.360731,-0.848501,-0.387193,0.548404,0.528763,-0.647814,0.754404,0.0213487,0.656063
0.627155,0.290924,0.98201,0.360731,-0.664903,-0.654047,0.548404,0.71844,-0.427899,0.754404,-0.204325,0.623799
0.627155,0.269915,0.933139,0.360731,-0.401107,-0.842013,0.548404,0.821463,-0.156373,0.754404,-0.405355,0.516296
0.627155,0.266888,0.88003,0.360731,-0.0889315,-0.92842,0.548404,0.825405,0.134015,0.754404,-0.557492,0.34652
0.627155,0.282208,0.829088,0.360731,0.23397,-0.902846,0.548404,0.729791,0.408238,0.754404,-0.642388,0.134948
0.627137,0.282623,0.967629,0.0304265,0.233763,-0.971817,0.655705,0.729154,0.195922,0.754404,-0.643186,-0.131094
0.627137,0.267033,0.916786,0.0304265,0.552047,-0.833258,0.655705,0.618172,0.433492,0.754404,-0.559561,-0.343171
0.627137,0.269773,0.863678,0.0304265,0.803745,-0.594195,0.655705,0.432628,0.618776,0.754404,-0.408444,-0.513856
0.627137,0.290511,0.814709,0.0304265,0.9585,-0.283464,0.655705,0.194904,0.729427,0.754404,-0.208063,-0.622563
0.627137,0.326747,0.775786,0.0304265,0.997646,0.0614575,0.655705,-0.066329,0.752098,0.754404,0.0174142,-0.656179
0.627137,0.37411,0.751604,0.0304265,0.916461,0.398966,0.655705,-0.319562,0.684055,0.754404,0.240791,-0.610651
0.627137,0.426888,0.74508,0.0304265,0.724737,0.688354,0.655705,-0.53425,0.533505,0.754404,0.435124,-0.491469
0.627137,0.478714,0.757,0.0304265,0.445599,0.894715,0.655705,-0.684501,0.318606,0.754404,0.576975,-0.313008
0.627137,0.523338,0.785927,0.0304265,0.112716,0.993161,0.655705,-0.75219,0.0652791,0.754404,0.649234,-0.0967947
0.627137,0.555377,0.828371,0.0304265,-0.233763,0.971817,0.655705,-0.729154,-0.195922,0.754404,0.643186,0.131094
0.627137,0.570967,0.879214,0.0304265,-0.552047,0.833258,0.655705,-0.618172,-0.433492,0.754404,0.559561,0.343171
0.627137,0.568227,0.932322,0.0304265,-0.803745,0.594195,0.655705,-0.432628,-0.618776,0.754404,0.408444,0.513856
0.627137,0.547489,0.981291,0.0304265,-0.9585,0.283464,0.655705,-0.194904,-0.729427,0.754404,0.208063,0.622563
0.627137,0.511253,1.02021,0.0304265,-0.997646,-0.0614575,0.655705,0.066329,-0.752098,0.754404,-0.0174142,0.656179
0.627137,0.46389,1.0444,0.0304265,-0.916461,-0.398966,0.655705,0.319562,-0.684055,0.754404,-0.240791,0.610651
0.627137,0.411112,1.05092,0.0304265,-0.724737,-0.688354,0.655705,0.53425,-0.533505,0.754404,-0.435124,0.491469
0.627137,0.359286,1.039,0.0304265,-0.445599,-0.894715,0.655705,0.684501,-0.318606,0.754404,-0.576975,0.313008
0.627137,0.314662,1.01007,0.0304265,-0.112716,-0.993161,0.655705,0.75219,-0.0652791,0.754404,-0.649234,0.0967947
0.627137,0.282623,0.967629,0.0304265,0.233763,-0.971817,0.655705,0.729154,0.195922,0.754404,-0.643186,-0.131094
0.674504,0.283014,1.09782,-0.303548,0.233908,-0.923659,0.683918,0.728446,-0.0402887,0.663411,-0.643936,-0.381092
0.674504,0.222872,1.03926,-0.303548,0.535711,-0.787954,0.683918,0.698295,0.211284,0.663411,-0.474761,-0.578349
0.674504,0.186386,0.963662,-0.303548,0.7729,-0.557211,0.683918,0.583919,0.437373,0.663411,-0.248323,-0.705848
0.674504,0.177957,0.880143,-0.303548,0.916866,-0.259259,0.683918,0.399114,0.610708,0.663411,0.00806712,-0.748211
0.674504,0.198601,0.798778,-0.303548,0.950244,0.0699624,0.683918,0.16617,0.710383,0.663411,0.263484,-0.70033
0.674504,0.245828,0.729381,-0.303548,0.869009,0.390746,0.683918,-0.0868166,0.724375,0.663411,0.487121,-0.567978
0.674504,0.313943,0.680322,-0.303548,0.682958,0.664399,0.683918,-0.329332,0.650997,0.663411,0.652004,-0.367119
0.674504,0.394729,0.657518,-0.303548,0.414533,0.857917,0.683918,-0.532125,0.499099,0.663411,0.738245,-0.121981
0.674504,0.478442,0.66372,-0.303548,0.0961086,0.947957,0.683918,-0.670735,0.287002,0.663411,0.735443,0.13787
0.674504,0.554986,0.698179,-0.303548,-0.233908,0.923659,0.683918,-0.728446,0.0402887,0.663411,0.643936,0.381092
0.674504,0.615128,0.75674,-0.303548,-0.535711,0.787954,0.683918,-0.698295,-0.211284,0.663411,0.474761,0.578349
0.674504,0.651614,0.832338,-0.303548,-0.7729,0.557211,0.683918,-0.583919,-0.437373,0.663411,0.248323,0.705848
0.674504,0.660043,0.915857,-0.303548,-0.916866,0.259259,0.683918,-0.399114,-0.610708,0.663411,-0.00806712,0.748211
0.674504,0.639399,0.997222,-0.303548,-0.950244,-0.0699624,0.683918,-0.16617,-0.710383,0.663411,-0.263484,0.70033
0.674504,0.592172,1.06662,-0.303548,-0.869009,-0.390746,0.683918,0.0868166,-0.724375,0.663411,-0.487121,0.567978
0.674504,0.524057,1.11568,-0.303548,-0.682958,-0.664399,0.683918,0.329332,-0.650997,0.663411,-0.652004,0.367119
0.674504,0.443271,1.13848,-0.303548,-0.414533,-0.857917,0.683918,0.532125,-0.499099,0.663411,-0.738245,0.121981
0.674504,0.359558,1.13228,-0.303548,-0.0961086,-0.947957,0.683918,0.670735,-0.287002,0.663411,-0.735443,-0.13787
0.674504,0.283014,1.09782,-0.303548,0.233908,-0.923659,0.683918,0.728446,-0.0402887,0.663411,-0.643936,-0.381092
0.763543,0.283332,1.20396,-0.60091,0.234386,-0.764179,0.629641,0.727751,-0.271903,0.492402,-0.644548,-0.584892
0.763543,0.186869,1.13911,-0.60091,0.481616,-0.637929,0.629641,0.776859,-0.00660027,0.492402,-0.405632,-0.770067
0.763543,0.118404,1.04517,-0.60091,0.670755,-0.434735,0.629641,0.732266,0.259499,0.492402,-0.117791,-0.862361
0.763543,0.086196,0.933489,-0.60091,0.778992,-0.179105,0.629641,0.599351,0.494299,0.492402,0.184257,-0.850641
0.763543,0.0941285,0.817523,-0.60091,0.79327,0.0981269,0.629641,0.394145,0.669479,0.492402,0.464082,-0.736321
0.763543,0.141245,0.711264,-0.60091,0.711869,0.363524,0.629641,0.1414,0.76391,0.492402,0.687931,-0.53319
0.763543,0.221864,0.627528,-0.60091,0.544605,0.585074,0.629641,-0.1284,0.766202,0.492402,0.828805,-0.265749
0.763543,0.326259,0.576415,-0.60091,0.311655,0.736056,0.629641,-0.382713,0.676079,0.492402,0.869714,0.033746
0.763543,0.441841,0.564089,-0.60091,0.0411138,0.798258,0.629641,-0.590866,0.504411,0.492402,0.805722,0.32917
0.763543,0.554668,0.592039,-0.60091,-0.234386,0.764179,0.629641,-0.727751,0.271903,0.492402,0.644548,0.584892
0.763543,0.651131,0.656891,-0.60091,-0.481616,0.637929,0.629641,-0.776859,0.00660027,0.492402,0.405632,0.770067
0.763543,0.719596,0.750826,-0.60091,-0.670755,0.434735,0.629641,-0.732266,-0.259499,0.492402,0.117791,0.862361
0.763543,0.751804,0.862511,-0.60091,-0.778992,0.179105,0.629641,-0.599351,-0.494299,0.492402,-0.184257,0.850641
0.763543,0.743871,0.978477,-0.60091,-0.79327,-0.0981269,0.629641,-0.394145,-0.669479,0.492402,-0.464082,0.736321
0.763543,0.696755,1.08474,-0.60091,-0.711869,-0.363524,0.629641,-0.1414,-0.76391,0.492402,-0.687931,0.53319
0.763543,0.616136,1.16847,-0.60091,-0.544605,-0.585074,0.629641,0.1284,-0.766202,0.492402,-0.828805,0.265749
0.763543,0.511741,1.21959,-0.60091,-0.311655,-0.736056,0.629641,0.382713,-0.676079,0.492402,-0.869714,-0.033746
0.763543,0.396159,1.23191,-0.60091,-0.0411138,-0.798258,0.629641,0.590866,-0.504411,0.492402,-0.805722,-0.32917
0.763543,0.283332,1.20396,-0.60091,0.234386,-0.764179,0.629641,0.727751,-0.271903,0.492402,-0.644548,-0.584892
0.883514,0.28354,1.27325,-0.825794,0.235141,-0.512614,0.499419,0.727154,-0.470986,0.262001,-0.644947,-0.717913
0.883514,0.163367,1.20429,-0.825794,0.396284,-0.401276,0.499419,0.844388,-0.193881,0.262001,-0.360511,-0.895202
0.883514,0.0740274,1.09838,-0.825794,0.50963,-0.241539,0.499419,0.859776,0.106609,0.262001,-0.0325924,-0.964517
0.883514,0.0262964,0.968312,-0.825794,0.561507,-0.052669,0.499419,0.771463,0.39424,0.262001,0.299257,-0.917497
0.883514,0.0259311,0.829759,-0.825794,0.545658,0.142554,0.499419,0.5901,0.634321,0.262001,0.595012,-0.759813
0.883514,0.0729758,0.699437,-0.825794,0.463994,0.320583,0.499419,0.337562,0.797892,0.262001,0.819,-0.510484
0.883514,0.161756,0.593065,-0.825794,0.326366,0.459945,0.499419,0.0443093,0.865227,0.262001,0.944204,-0.199584
0.883514,0.281564,0.523472,-0.825794,0.149373,0.54383,0.499419,-0.254288,0.828202,0.262001,0.955524,0.135389
0.883514,0.417948,0.499053,-0.825794,-0.0456358,0.562122,0.499419,-0.522214,0.691284,0.262001,0.851593,0.454033
0.883514,0.55446,0.522753,-0.825794,-0.235141,0.512614,0.499419,-0.727154,0.470986,0.262001,0.644947,0.717913
0.883514,0.674633,0.591713,-0.825794,-0.396284,0.401276,0.499419,-0.844388,0.193881,0.262001,0.360511,0.895202
0.883514,0.763973,0.697616,-0.825794,-0.50963,0.241539,0.499419,-0.859776,-0.106609,0.262001,0.0325924,0.964517
0.883514,0.811704,0.827688,-0.825794,-0.561507,0.052669,0.499419,-0.771463,-0.39424,0.262001,-0.299257,0.917497
0.883514,0.812069,0.966241,-0.825794,-0.545658,-0.142554,0.499419,-0.5901,-0.634321,0.262001,-0.595012,0.759813
0.883514,0.765024,1.09656,-0.825794,-0.463994,-0.320583,0.499419,-0.337562,-0.797892,0.262001,-0.819,0.510484
0.883514,0.676244,1.20294,-0.825794,-0.326366,-0.459945,0.499419,-0.0443093,-0.865227,0.262001,-0.944204,0.199584
0.883514,0.556436,1.27253,-0.825794,-0.149373,-0.54383,0.499419,0.254288,-0.828202,0.262001,-0.955524,-0.135389
0.883514,0.420052,1.29695,-0.825794,0.0456358,-0.562122,0.499419,0.522214,-0.691284,0.262001,-0.851593,-0.454033
0.883514,0.28354,1.27325,-0.825794,0.235141,-0.512614,0.499419,0.727154,-0.470986,0.262001,-0.644947,-0.717913
0.875863,0.425901,0.501812,0.985232,0.154258,-0.0743184,-0.00862081,0.478171,0.878224,0.17101,-0.864614,0.472439
0.875863,0.560989,0.528065,0.985232,0.170374,-0.0170771,-0.00862081,0.148963,0.988805,0.17101,-0.974055,0.148232
0.875863,0.678951,0.598938,0.985232,0.165939,0.042224,-0.00862081,-0.198212,0.980121,0.17101,-0.966011,-0.193854
0.875863,0.765559,0.705882,0.985232,0.141491,0.0964322,-0.00862081,-0.521479,0.85322,0.17101,-0.841451,-0.512558
0.875863,0.810368,0.835998,0.985232,0.099976,0.139009,-0.00862081,-0.781849,0.623409,0.17101,-0.6154,-0.76944
0.875863,0.807971,0.973593,0.985232,0.0464027,0.16482,-0.00862081,-0.947916,0.318404,0.17101,-0.315123,-0.933516
0.875863,0.758659,1.10207,0.985232,-0.0127674,0.170751,-0.00862081,-0.99965,-0.0250039,0.17101,0.0231627,-0.984997
0.875863,0.668379,1.20593,0.985232,-0.0703976,0.156086,-0.00862081,-0.930812,-0.365397,0.17101,0.358655,-0.917672
0.875863,0.54802,1.27266,0.985232,-0.119537,0.122596,-0.00862081,-0.749704,-0.661717,0.17101,0.650887,-0.739663
0.875863,0.412099,1.29419,0.985232,-0.154258,0.0743184,-0.00862081,-0.478171,-0.878224,0.17101,0.864614,-0.472439
0.875863,0.277011,1.26794,0.985232,-0.170374,0.0170771,-0.00862081,-0.148963,-0.988805,0.17101,0.974055,-0.148232
0.875863,0.159049,1.19706,0.985232,-0.165939,-0.042224,-0.00862081,0.198212,-0.980121,0.17101,0.966011,0.193854
0.875863,0.0724406,1.09012,0.985232,-0.141491,-0.0964322,-0.00862081,0.521479,-0.85322,0.17101,0.841451,0.512558
0.875863,0.0276325,0.960002,0.985232,-0.099976,-0.139009,-0.00862081,0.781849,-0.623409,0.17101,0.6154,0.76944
0.875863,0.030029,0.822407,0.985232,-0.0464027,-0.16482,-0.00862081,0.947916,-0.318404,0.17101,0.315123,0.933516
0.875863,0.0793412,0.69393,0.985232,0.0127674,-0.170751,-0.00862081,0.99965,0.0250039,0.17101,-0.0231627,0.984997
0.875863,0.169621,0.590067,0.985232,0.0703976,-0.156086,-0.00862081,0.930812,0.365397,0.17101,-0.358655,0.917672
0.875863,0.28998,0.523345,0.985232,0.119537,-0.122596,-0.00862081,0.749704,0.661717,0.17101,-0.650887,0.739663
0.875863,0.425901,0.501812,0.985232,0.154258,-0.0743184,-0.00862081,0.478171,0.878224,0.17101,-0.864614,0.472439
0.749059,0.42612,0.575001,0.900555,0.153261,-0.406832,0.292759,0.478021,0.828123,0.321393,-0.864874,0.385616
0.749059,0.536163,0.596915,0.900555,0.283162,-0.329879,0.292759,0.165958,0.941674,0.321393,-0.944604,0.0665557
0.749059,0.632074,0.655145,0.900555,0.378911,-0.213137,0.292759,-0.166122,0.941645,0.321393,-0.910401,-0.260532
0.749059,0.702285,0.742667,0.900555,0.428957,-0.0706885,0.292759,-0.478166,0.82804,0.321393,-0.76639,-0.556195
0.749059,0.738328,0.848924,0.900555,0.427265,0.0802865,0.292759,-0.732535,0.614561,0.321393,-0.529941,-0.784773
0.749059,0.735856,0.9611,0.900555,0.374038,0.221578,0.292759,-0.89855,0.326956,0.321393,-0.229573,-0.918696
0.749059,0.695165,1.06567,0.900555,0.275697,0.336143,0.292759,-0.956186,-8.36171e-05,0.321393,0.0984843,-0.941811
0.749059,0.621165,1.15001,0.900555,0.144102,0.410165,0.292759,-0.898493,-0.327114,0.321393,0.414663,-0.851329
0.749059,0.522781,1.20396,0.900555,-0.00487306,0.434715,0.292759,-0.732427,-0.614689,0.321393,0.680828,-0.658164
0.749059,0.41188,1.221,0.900555,-0.153261,0.406832,0.292759,-0.478021,-0.828123,0.321393,0.864874,-0.385616
0.749059,0.301837,1.19908,0.900555,-0.283162,0.329879,0.292759,-0.165958,-0.941674,0.321393,0.944604,-0.0665557
0.749059,0.205926,1.14085,0.900555,-0.378911,0.213137,0.292759,0.166122,-0.941645,0.321393,0.910401,0.260532
0.749059,0.135715,1.05333,0.900555,-0.428957,0.0706885,0.292759,0.478166,-0.82804,0.321393,0.76639,0.556195
0.749059,0.0996717,0.947076,0.900555,-0.427265,-0.0802865,0.292759,0.732535,-0.614561,0.321393,0.529941,0.784773
0.749059,0.102144,0.8349,0.900555,-0.374038,-0.221578,0.292759,0.89855,-0.326956,0.321393,0.229573,0.918696
0.749059,0.142835,0.730334,0.900555,-0.275697,-0.336143,0.292759,0.956186,8.36171e-05,0.321393,-0.0984843,0.941811
0.749059,0.216835,0.645992,0.900555,-0.144102,-0.410165,0.292759,0.898493,0.327114,0.321393,-0.414663,0.851329
0.749059,0.315219,0.592045,0.900555,0.00487306,-0.434715,0.292759,0.732427,0.614689,0.321393,-0.680828,0.658164
0.749059,0.42612,0.575001,0.900555,0.153261,-0.406832,0.292759,0.478021,0.828123,0.321393,-0.864874,0.385616
0.654934,0.426457,0.687146,0.707258,0.15241,-0.690331,0.558827,0.47757,0.677966,0.433011,-0.865273,0.252594
0.654934,0.498123,0.702412,0.707258,0.379326,-0.596572,0.558827,0.216891,0.800419,0.433011,-0.899483,-0.0585797
0.654934,0.560247,0.741269,0.707258,0.560489,-0.430857,0.558827,-0.0699484,0.826329,0.433011,-0.825202,-0.362688
0.654934,0.605333,0.79903,0.707258,0.67405,-0.213175,0.558827,-0.348351,0.752571,0.433011,-0.65139,-0.623051
0.654934,0.627946,0.868729,0.707258,0.706309,0.0302198,0.558827,-0.584737,0.588043,0.433011,-0.39901,-0.808265
0.654934,0.625356,0.941958,0.707258,0.653378,0.269969,0.558827,-0.750596,0.352587,0.433011,-0.0985038,-0.89599
0.654934,0.597877,1.00988,0.707258,0.52164,0.477157,0.558827,-0.825921,0.0746047,0.433011,0.213883,-0.875646
0.654934,0.548823,1.06432,0.707258,0.326984,0.626792,0.558827,-0.801629,-0.212376,0.433011,0.500473,-0.749686
0.654934,0.48411,1.09869,0.707258,0.0928887,0.700827,0.558827,-0.680647,-0.473741,0.433011,0.726699,-0.533302
0.654934,0.411543,1.10885,0.707258,-0.15241,0.690331,0.558827,-0.47757,-0.677966,0.433011,0.865273,-0.252594
0.654934,0.339877,1.09359,0.707258,-0.379326,0.596572,0.558827,-0.216891,-0.800419,0.433011,0.899483,0.0585797
0.654934,0.277753,1.05473,0.707258,-0.560489,0.430857,0.558827,0.0699484,-0.826329,0.433011,0.825202,0.362688
0.654934,0.232667,0.99697,0.707258,-0.67405,0.213175,0.558827,0.348351,-0.752571,0.433011,0.65139,0.623051
0.654934,0.210054,0.927271,0.707258,-0.706309,-0.0302198,0.558827,0.584737,-0.588043,0.433011,0.39901,0.808265
0.654934,0.212644,0.854042,0.707258,-0.653378,-0.269969,0.558827,0.750596,-0.352587,0.433011,0.0985038,0.89599
0.654934,0.240123,0.786115,0.707258,-0.52164,-0.477157,0.558827,0.825921,-0.0746047,0.433011,-0.213883,0.875646
0.654934,0.289177,0.731683,0.707258,-0.326984,-0.626792,0.558827,0.801629,0.212376,0.433011,-0.500473,0.749686
