0.658953,0.260216,1.12619,0.308961,0.799869,0.514541,0.951075,-0.259839,-0.167154,-3.49349e-06,0.541011,-0.841015
0.907818,-0.0245959,0.998856,0.92986,-0.0329897,-0.366433,-0.179072,0.829456,-0.529089,0.321394,0.557596,0.76537
0.907818,-0.0194204,0.857792,0.92986,0.0943272,-0.355617,-0.179072,0.960393,-0.21349,0.321394,0.262197,0.909922
0.907818,0.0336899,0.727005,0.92986,0.210267,-0.301909,-0.179072,0.975492,0.127859,0.321394,-0.0648271,0.944724
0.907818,0.128329,0.62227,0.92986,0.300845,-0.211786,-0.179072,0.872933,0.453786,0.321394,-0.384032,0.865578
0.907818,0.253082,0.55622,0.92986,0.355137,-0.0961189,-0.179072,0.665085,0.72498,0.321394,-0.656917,0.68203
0.907818,0.392902,0.536821,0.92986,0.366594,0.0311419,-0.179072,0.377017,0.90873,0.321394,-0.850568,0.41622
0.907818,0.530925,0.566414,0.92986,0.333835,0.154646,-0.179072,0.0434763,0.982875,0.321394,-0.941628,0.100207
0.907818,0.650503,0.641428,0.92986,0.26081,0.259498,-0.179072,-0.295309,0.93847,0.321394,-0.919114,-0.227892
0.907818,0.737212,0.752816,0.92986,0.156328,0.333051,-0.179072,-0.598475,0.780872,0.321394,-0.785741,-0.528504
0.907818,0.780596,0.887144,0.92986,0.0329897,0.366433,-0.179072,-0.829456,0.529089,0.321394,-0.557596,-0.76537
0.907818,0.77542,1.02821,0.92986,-0.0943272,0.355617,-0.179072,-0.960393,0.21349,0.321394,-0.262197,-0.909922
0.907818,0.72231,1.159,0.92986,-0.210267,0.301909,-0.179072,-0.975492,-0.127859,0.321394,0.0648271,-0.944724
0.907818,0.627671,1.26373,0.92986,-0.300845,0.211786,-0.179072,-0.872933,-0.453786,0.321394,0.384032,-0.865578
0.907818,0.502918,1.32978,0.92986,-0.355137,0.0961189,-0.179072,-0.665085,-0.72498,0.321394,0.656917,-0.68203
0.907818,0.363098,1.34918,0.92986,-0.366594,-0.0311419,-0.179072,-0.377017,-0.90873,0.321394,0.850568,-0.41622
0.907818,0.225075,1.31959,0.92986,-0.333835,-0.154646,-0.179072,-0.0434763,-0.982875,0.321394,0.941628,-0.100207
0.907818,0.105497,1.24457,0.92986,-0.26081,-0.259498,-0.179072,0.295309,-0.93847,0.321394,0.919114,0.227892
0.907818,0.0187876,1.13318,0.92986,-0.156328,-0.333051,-0.179072,0.598475,-0.780872,0.321394,0.785741,0.528504
0.907818,-0.0245959,0.998856,0.92986,-0.0329897,-0.366433,-0.179072,0.829456,-0.529089,0.321394,0.557596,0.76537
0.809114,0.0233131,1.02968,0.796489,-0.288997,-0.531117,-0.0275851,0.860102,-0.509375,0.604023,0.420363,0.677091
0.809114,0.0150587,0.903138,0.796489,-0.0899151,-0.59793,-0.0275851,0.982448,-0.184484,0.604023,0.163433,0.780029
0.809114,0.0505802,0.781409,0.796489,0.120011,-0.592623,-0.0275851,0.986297,0.162659,0.604023,-0.113209,0.788885
0.809114,0.125593,0.67917,0.796489,0.315463,-0.515837,-0.0275851,0.871183,0.490183,0.604023,-0.376196,0.70259
0.809114,0.231051,0.608753,0.796489,0.472865,-0.376834,-0.0275851,0.650992,0.758584,0.604023,-0.593809,0.531552
0.809114,0.354232,0.578651,0.796489,0.573232,-0.192378,-0.0275851,0.352281,0.935488,0.604023,-0.739799,0.296401
0.809114,0.48028,0.592494,0.796489,0.604459,0.0152803,-0.0275851,0.0110804,0.999558,0.604023,-0.796559,0.0254995
0.809114,0.593992,0.648614,0.796489,0.56278,0.221096,-0.0275851,-0.331457,0.943067,0.604023,-0.757242,-0.248478
0.809114,0.681652,0.740242,0.796489,0.453221,0.400244,-0.0275851,-0.634015,0.772828,0.604023,-0.62659,-0.492484
0.809114,0.732687,0.856325,0.796489,0.288997,0.531117,-0.0275851,-0.860102,0.509375,0.604023,-0.420363,-0.677091
0.809114,0.740941,0.982862,0.796489,0.0899151,0.59793,-0.0275851,-0.982448,0.184484,0.604023,-0.163433,-0.780029
0.809114,0.70542,1.10459,0.796489,-0.120011,0.592623,-0.0275851,-0.986297,-0.162659,0.604023,0.113209,-0.788885
0.809114,0.630407,1.20683,0.796489,-0.315463,0.515837,-0.0275851,-0.871183,-0.490183,0.604023,0.376196,-0.70259
0.809114,0.524949,1.27725,0.796489,-0.472865,0.376834,-0.0275851,-0.650992,-0.758584,0.604023,0.593809,-0.531552
0.809114,0.401768,1.30735,0.796489,-0.573232,0.192378,-0.0275851,-0.352281,-0.935488,0.604023,0.739799,-0.296401
0.809114,0.27572,1.29351,0.796489,-0.604459,-0.0152803,-0.0275851,-0.0110804,-0.999558,0.604023,0.796559,-0.0254995
0.809114,0.162008,1.23739,0.796489,-0.56278,-0.221096,-0.0275851,0.331457,-0.943067,0.604023,0.757242,0.248478
0.809114,0.0743481,1.14576,0.796489,-0.453221,-0.400244,-0.0275851,0.634015,-0.772828,0.604023,0.62659,0.492484
0.809114,0.0233131,1.02968,0.796489,-0.288997,-0.531117,-0.0275851,0.860102,-0.509375,0.604023,0.420363,0.677091
0.735846,0.0967245,1.0769,0.567051,-0.491201,-0.661192,0.127229,0.845326,-0.51888,0.813797,0.210109,0.541838
0.735846,0.0678911,0.972623,0.567051,-0.235437,-0.789318,0.127229,0.971814,-0.19847,0.813797,0.0121181,0.581023
0.735846,0.0764615,0.864773,0.567051,0.048724,-0.82224,0.127229,0.981087,0.145879,0.813797,-0.187334,0.550127
0.735846,0.121402,0.766358,0.567051,0.327008,-0.755989,0.127229,0.872027,0.472633,0.813797,-0.364191,0.452879
0.735846,0.197292,0.689249,0.567051,0.565851,-0.598553,0.127229,0.657787,0.742381,0.813797,-0.497121,0.301006
0.735846,0.294978,0.642746,0.567051,0.736443,-0.368924,0.127229,0.364208,0.922586,0.813797,-0.570091,0.112828
0.735846,0.402677,0.632458,0.567051,0.818209,-0.0947968,0.127229,0.0267008,0.991514,0.813797,-0.5743,-0.0889595
0.735846,0.507401,0.659627,0.567051,0.801288,0.190764,0.127229,-0.314027,0.94085,0.813797,-0.509239,-0.280017
0.735846,0.596516,0.720974,0.567051,0.687719,0.453316,0.127229,-0.616879,0.776707,0.813797,-0.382757,-0.4373
0.735846,0.659276,0.8091,0.567051,0.491201,0.661192,0.127229,-0.845326,0.51888,0.813797,-0.210109,-0.541838
0.735846,0.688109,0.913377,0.567051,0.235437,0.789318,0.127229,-0.971814,0.19847,0.813797,-0.0121181,-0.581023
0.735846,0.679539,1.02123,0.567051,-0.048724,0.82224,0.127229,-0.981087,-0.145879,0.813797,0.187334,-0.550127
0.735846,0.634598,1.11964,0.567051,-0.327008,0.755989,0.127229,-0.872027,-0.472633,0.813797,0.364191,-0.452879
0.735846,0.558708,1.19675,0.567051,-0.565851,0.598553,0.127229,-0.657787,-0.742381,0.813797,0.497121,-0.301006
0.735846,0.461022,1.24325,0.567051,-0.736443,0.368924,0.127229,-0.364208,-0.922586,0.813797,0.570091,-0.112828
0.735846,0.353323,1.25354,0.567051,-0.818209,0.0947968,0.127229,-0.0267008,-0.991514,0.813797,0.5743,0.0889595
0.735846,0.248599,1.22637,0.567051,-0.801288,-0.190764,0.127229,0.314027,-0.94085,0.813797,0.509239,0.280017
0.735846,0.159484,1.16503,0.567051,-0.687719,-0.453316,0.127229,0.616879,-0.776707,0.813797,0.382757,0.4373
0.735846,0.0967245,1.0769,0.567051,-0.491201,-0.661192,0.127229,0.845326,-0.51888,0.813797,0.210109,0.541838
0.696852,0.186784,1.13483,0.269218,-0.615215,-0.740967,0.266698,0.786909,-0.556459,0.925416,-0.0478058,0.375926
0.696852,0.132705,1.05786,0.269218,-0.324687,-0.906697,0.266698,0.929773,-0.253762,0.925416,-0.173497,0.336905
0.696852,0.108212,0.967041,0.269218,0.00500295,-0.963066,0.266698,0.960492,0.0795429,0.925416,-0.278262,0.257247
0.696852,0.11626,0.873318,0.269218,0.334089,-0.903275,0.266698,0.875362,0.403254,0.925416,-0.349465,0.146562
0.696852,0.155877,0.788,0.269218,0.62288,-0.734536,0.266698,0.68465,0.678326,0.925416,-0.378517,0.0181994
0.696852,0.222286,0.721377,0.269218,0.836541,-0.4772,0.266698,0.41136,0.871582,0.925416,-0.361914,-0.112358
0.696852,0.307476,0.681485,0.269218,0.949304,-0.162308,0.266698,0.0884532,0.959713,0.925416,-0.301659,-0.229364
0.696852,0.401172,0.673136,0.269218,0.947566,0.172162,0.266698,-0.245122,0.932088,0.925416,-0.205019,-0.318705
0.696852,0.492074,0.697336,0.269218,0.831538,0.485866,0.266698,-0.549132,0.792039,0.925416,-0.0836517,-0.369606
0.696852,0.569216,0.751167,0.269218,0.615215,0.740967,0.266698,-0.786909,0.556459,0.925416,0.0478058,-0.375926
0.696852,0.623295,0.828136,0.269218,0.324687,0.906697,0.266698,-0.929773,0.253762,0.925416,0.173497,-0.336905
0.696852,0.647788,0.918959,0.269218,-0.00500295,0.963066,0.266698,-0.960492,-0.0795429,0.925416,0.278262,-0.257247
0.696852,0.63974,1.01268,0.269218,-0.334089,0.903275,0.266698,-0.875362,-0.403254,0.925416,0.349465,-0.146562
0.696852,0.600123,1.098,0.269218,-0.62288,0.734536,0.266698,-0.68465,-0.678326,0.925416,0.378517,-0.0181994
0.696852,0.533714,1.16462,0.269218,-0.836541,0.4772,0.266698,-0.41136,-0.871582,0.925416,0.361914,0.112358
0.696852,0.448524,1.20451,0.269218,-0.949304,0.162308,0.266698,-0.0884532,-0.959713,0.925416,0.301659,0.229364
0.696852,0.354828,1.21286,0.269218,-0.947566,-0.172162,0.266698,0.245122,-0.932088,0.925416,0.205019,0.318705
0.696852,0.263926,1.18866,0.269218,-0.831538,-0.485866,0.266698,0.549132,-0.792039,0.925416,0.0836517,0.369606
0.696852,0.186784,1.13483,0.269218,-0.615215,-0.740967,0.266698,0.786909,-0.556459,0.925416,-0.0478058,0.375926
0.696834,0.282628,1.19649,-0.061087,-0.646079,-0.760822,0.373999,0.691898,-0.617578,0.925415,-0.322273,0.199367
0.696834,0.201682,1.14858,-0.061087,-0.346899,-0.935911,0.373999,0.861395,-0.343691,0.925415,-0.371025,0.0771199
0.696834,0.142002,1.07588,-0.061087,-0.00587836,-0.998115,0.373999,0.926996,-0.0283491,0.925415,-0.375026,-0.0544289
0.696834,0.110787,0.987149,-0.061087,0.335852,-0.939932,0.373999,0.880787,0.290412,0.925415,-0.333793,-0.179413
0.696834,0.111802,0.893095,-0.061087,0.637073,-0.768379,0.373999,0.728342,0.574145,0.925415,-0.2523,-0.282757
0.696834,0.144924,0.805059,-0.061087,0.861454,-0.504148,0.373999,0.488049,0.788627,0.925415,-0.140376,-0.351996
0.696834,0.206159,0.733661,-0.061087,0.981931,-0.17911,0.373999,0.18889,0.90799,0.925415,-0.0115205,-0.37878
0.696834,0.28812,0.687513,-0.061087,0.983972,0.167532,0.373999,-0.133053,0.917835,0.925415,0.118725,-0.359877
0.696834,0.380922,0.67218,-0.061087,0.867332,0.493967,0.373999,-0.438947,0.816976,0.925415,0.23465,-0.297567
0.696834,0.473372,0.689512,-0.061087,0.646079,0.760822,0.373999,-0.691898,0.617578,0.925415,0.322273,-0.199367
0.696834,0.554318,0.737418,-0.061087,0.346899,0.935911,0.373999,-0.861395,0.343691,0.925415,0.371025,-0.0771199
0.696834,0.613998,0.810121,-0.061087,0.00587836,0.998115,0.373999,-0.926996,0.0283491,0.925415,0.375026,0.0544289
0.696834,0.645213,0.898851,-0.061087,-0.335852,0.939932,0.373999,-0.880787,-0.290412,0.925415,0.333793,0.179413
0.696834,0.644198,0.992905,-0.061087,-0.637073,0.768379,0.373999,-0.728342,-0.574145,0.925415,0.2523,0.282757
0.696834,0.611076,1.08094,-0.061087,-0.861454,0.504148,0.373999,-0.488049,-0.788627,0.925415,0.140376,0.351996
0.696834,0.549841,1.15234,-0.061087,-0.981931,0.17911,0.373999,-0.18889,-0.90799,0.925415,0.0115205,0.37878
0.696834,0.46788,1.19849,-0.061087,-0.983972,-0.167532,0.373999,0.133053,-0.917835,0.925415,-0.118725,0.359877
0.696834,0.375078,1.21382,-0.061087,-0.867332,-0.493967,0.373999,0.438947,-0.816976,0.925415,-0.23465,0.297567
0.696834,0.282628,1.19649,-0.061087,-0.646079,-0.760822,0.373999,0.691898,-0.617578,0.925415,-0.322273,0.199367
0.735794,0.372697,1.25443,-0.384024,-0.580072,-0.718361,0.43619,0.571752,-0.694866,0.813796,-0.580187,0.0334553
0.735794,0.266503,1.23383,-0.384024,-0.299395,-0.873435,0.43619,0.774929,-0.45741,0.813796,-0.55664,-0.166998
0.735794,0.173756,1.17816,-0.384024,0.0173925,-0.923159,0.43619,0.884638,-0.164783,0.813796,-0.465953,-0.347309
0.735794,0.105644,1.09412,-0.384024,0.332083,-0.861537,0.43619,0.887647,0.147718,0.813796,-0.319067,-0.485729
0.735794,0.0703826,0.991857,-0.384024,0.606719,-0.696001,0.43619,0.783593,0.442403,0.813796,-0.133695,-0.565563
0.735794,0.0722241,0.883699,-0.384024,0.808176,-0.446517,0.43619,0.585026,0.683728,0.813796,0.0678014,-0.577182
0.735794,0.110947,0.782694,-0.384024,0.912155,-0.143177,0.43619,0.315896,0.842584,0.813796,0.26112,-0.519184
0.735794,0.18188,0.701024,-0.384024,0.906114,0.177433,0.43619,0.00866403,0.899813,0.813796,0.422944,-0.398565
0.735794,0.276468,0.64854,-0.384024,0.790783,0.476642,0.43619,-0.299613,0.848511,0.813796,0.533755,-0.229873
0.735794,0.383303,0.631572,-0.384024,0.580072,0.718361,0.43619,-0.571752,0.694866,0.813796,0.580187,-0.0334553
0.735794,0.489497,0.652167,-0.384024,0.299395,0.873435,0.43619,-0.774929,0.45741,0.813796,0.55664,0.166998
0.735794,0.582244,0.707841,-0.384024,-0.0173925,0.923159,0.43619,-0.884638,0.164783,0.813796,0.465953,0.347309
0.735794,0.650356,0.791878,-0.384024,-0.332083,0.861537,0.43619,-0.887647,-0.147718,0.813796,0.319067,0.485729
0.735794,0.685617,0.894143,-0.384024,-0.606719,0.696001,0.43619,-0.783593,-0.442403,0.813796,0.133695,0.565563
0.735794,0.683776,1.0023,-0.384024,-0.808176,0.446517,0.43619,-0.585026,-0.683728,0.813796,-0.0678014,0.577182
0.735794,0.645053,1.10331,-0.384024,-0.912155,0.143177,0.43619,-0.315896,-0.842584,0.813796,-0.26112,0.519184
0.735794,0.57412,1.18498,-0.384024,-0.906114,-0.177433,0.43619,-0.00866403,-0.899813,0.813796,-0.422944,0.398565
0.735794,0.479532,1.23746,-0.384024,-0.790783,-0.476642,0.43619,0.299613,-0.848511,0.813796,-0.533755,0.229873
0.735794,0.372697,1.25443,-0.384024,-0.580072,-0.718361,0.43619,0.571752,-0.694866,0.813796,-0.580187,0.0334553
0.809034,0.446128,1.30166,-0.660642,-0.425155,-0.618705,0.44577,0.440962,-0.779,0.604021,-0.79044,-0.101797
0.809034,0.319349,1.30334,-0.660642,-0.187905,-0.726804,0.44577,0.680803,-0.581203,0.604021,-0.707954,-0.366004
0.809034,0.199644,1.26155,-0.660642,0.0720088,-0.74724,0.44577,0.838528,-0.313304,0.604021,-0.540079,-0.586066
0.809034,0.101451,1.18133,-0.660642,0.323237,-0.677547,0.44577,0.895115,-0.00761546,0.604021,-0.307061,-0.73544
0.809034,0.0366146,1.07237,-0.660642,0.535478,-0.526132,0.44577,0.843738,0.298991,0.604021,-0.0370081,-0.796109
0.809034,0.0129539,0.947812,-0.660642,0.683133,-0.311258,0.44577,0.690593,0.569535,0.604021,0.237509,-0.760755
0.809034,0.0333232,0.822668,-0.660642,0.748392,-0.058842,0.44577,0.454153,0.771385,0.604021,0.483379,-0.633643
0.809034,0.0952656,0.712039,-0.660642,0.723383,0.200672,0.44577,0.162935,0.880194,0.604021,0.670946,-0.430104
0.809034,0.19131,0.629267,-0.660642,0.611124,0.435981,0.44577,-0.147935,0.882839,0.604021,0.777588,-0.174689
0.809034,0.309872,0.584335,-0.660642,0.425155,0.618705,0.44577,-0.440962,0.779,0.604021,0.79044,0.101797
0.809034,0.436651,0.582664,-0.660642,0.187905,0.726804,0.44577,-0.680803,0.581203,0.604021,0.707954,0.366004
0.809034,0.556356,0.624455,-0.660642,-0.0720088,0.74724,0.44577,-0.838528,0.313304,0.604021,0.540079,0.586066
0.809034,0.654549,0.704667,-0.660642,-0.323237,0.677547,0.44577,-0.895115,0.00761546,0.604021,0.307061,0.73544
0.809034,0.719385,0.813625,-0.660642,-0.535478,0.526132,0.44577,-0.843738,-0.298991,0.604021,0.0370081,0.796109
0.809034,0.743046,0.938188,-0.660642,-0.683133,0.311258,0.44577,-0.690593,-0.569535,0.604021,-0.237509,0.760755
0.809034,0.722677,1.06333,-0.660642,-0.748392,0.058842,0.44577,-0.454153,-0.771385,0.604021,-0.483379,0.633643
0.809034,0.660734,1.17396,-0.660642,-0.723383,-0.200672,0.44577,-0.162935,-0.880194,0.604021,-0.670946,0.430104
0.809034,0.56469,1.25673,-0.660642,-0.611124,-0.435981,0.44577,0.147935,-0.882839,0.604021,-0.777588,0.174689
0.809034,0.446128,1.30166,-0.660642,-0.425155,-0.618705,0.44577,0.440962,-0.779,0.604021,-0.79044,-0.101797
0.90772,0.494064,1.3325,-0.857576,-0.200012,-0.473875,0.401584,0.315305,-0.859833,0.321392,-0.927673,-0.190077
0.90772,0.353847,1.34871,-0.857576,-0.0258751,-0.513705,0.401584,0.59037,-0.700138,0.321392,-0.806718,-0.495896
0.90772,0.216544,1.31598,-0.857576,0.151383,-0.491575,0.401584,0.794228,-0.455996,0.321392,-0.58846,-0.741904
0.90772,0.0987144,1.23826,-0.857576,0.310382,-0.410153,0.401584,0.90229,-0.156854,0.321392,-0.299226,-0.898427
0.90772,0.014571,1.12494,-0.857576,0.431944,-0.279261,0.401584,0.901523,0.161206,0.321392,0.0261001,-0.946586
0.90772,-0.0257374,0.989664,-0.857576,0.501408,-0.114686,0.401584,0.792018,0.459823,0.321392,0.348278,-0.880573
0.90772,-0.0173492,0.848764,-0.857576,0.510394,0.063722,0.401584,0.586985,0.702979,0.321392,0.628448,-0.70835
0.90772,0.038724,0.719229,-0.857576,0.457819,0.234444,0.401584,0.311152,0.861345,0.321392,0.832818,-0.45069
0.90772,0.135719,0.616685,-0.857576,0.350025,0.376889,0.401584,-0.00220953,0.91582,0.321392,0.936738,-0.138669
0.90772,0.261936,0.553499,-0.857576,0.200012,0.473875,0.401584,-0.315305,0.859833,0.321392,0.927673,0.190077
0.90772,0.402153,0.537293,-0.857576,0.0258751,0.513705,0.401584,-0.59037,0.700138,0.321392,0.806718,0.495896
0.90772,0.539456,0.570021,-0.857576,-0.151383,0.491575,0.401584,-0.794228,0.455996,0.321392,0.58846,0.741904
0.90772,0.657286,0.647736,-0.857576,-0.310382,0.410153,0.401584,-0.90229,0.156854,0.321392,0.299226,0.898427
0.90772,0.741429,0.761064,-0.857576,-0.431944,0.279261,0.401584,-0.901523,-0.161206,0.321392,-0.0261001,0.946586
0.90772,0.781737,0.896336,-0.857576,-0.501408,0.114686,0.401584,-0.792018,-0.459823,0.321392,-0.348278,0.880573
0.90772,0.773349,1.03724,-0.857576,-0.510394,-0.063722,0.401584,-0.586985,-0.702979,0.321392,-0.628448,0.70835
0.90772,0.717276,1.16677,-0.857576,-0.457819,-0.234444,0.401584,-0.311152,-0.861345,0.321392,-0.832818,0.45069
0.90772,0.620281,1.26931,-0.857576,-0.350025,-0.376889,0.401584,0.00220953,-0.91582,0.321392,-0.936738,0.138669
0.90772,0.494064,1.3325,-0.857576,-0.200012,-0.473875,0.401584,0.315305,-0.859833,0.321392,-0.927673,-0.190077
0.883612,-0.0111696,0.855059,0.961642,0.0114234,-0.27407,-0.0812368,0.966172,-0.244768,0.262003,0.257644,0.93004
0.883612,0.0423778,0.727259,0.961642,0.104472,-0.253635,-0.0812368,0.991621,0.100443,0.262003,-0.0759862,0.962071
0.883612,0.136406,0.62548,0.961642,0.18492,-0.202607,-0.0812368,0.897465,0.43354,0.262003,-0.400451,0.878062
0.883612,0.259574,0.561999,0.961642,0.243063,-0.127142,-0.0812368,0.695062,0.714346,0.262003,-0.676616,0.688146
0.883612,0.397027,0.544472,0.961642,0.27189,-0.0363419,-0.0812368,0.408824,0.90899,0.262003,-0.871171,0.41523
0.883612,0.532184,0.575014,0.961642,0.267923,0.0588417,-0.0812368,0.0732756,0.993998,0.262003,-0.96065,0.0922301
0.883612,0.648744,0.64994,0.961642,0.23164,0.146928,-0.0812368,-0.271111,0.959114,0.262003,-0.93426,-0.241894
0.883612,0.732649,0.760213,0.961642,0.167418,0.217293,-0.0812368,-0.582797,0.808547,0.262003,-0.795185,-0.546841
0.883612,0.773777,0.892534,0.961642,0.083003,0.261449,-0.0812368,-0.824189,0.560457,0.262003,-0.560199,-0.785832
0.883612,0.76717,1.03094,0.961642,-0.0114234,0.27407,-0.0812368,-0.966172,0.244768,0.262003,-0.257644,-0.93004
0.883612,0.713622,1.15874,0.961642,-0.104472,0.253635,-0.0812368,-0.991621,-0.100443,0.262003,0.0759862,-0.962071
0.883612,0.619594,1.26052,0.961642,-0.18492,0.202607,-0.0812368,-0.897465,-0.43354,0.262003,0.400451,-0.878062
0.883612,0.496426,1.324,0.961642,-0.243063,0.127142,-0.0812368,-0.695062,-0.714346,0.262003,0.676616,-0.688146
0.883612,0.358973,1.34153,0.961642,-0.27189,0.0363419,-0.0812368,-0.408824,-0.90899,0.262003,0.871171,-0.41523
0.883612,0.223816,1.31099,0.961642,-0.267923,-0.0588417,-0.0812368,-0.0732756,-0.993998,0.262003,0.96065,-0.0922301
0.883612,0.107256,1.23606,0.961642,-0.23164,-0.146928,-0.0812368,0.271111,-0.959114,0.262003,0.93426,0.241894
0.883612,0.0233513,1.12579,0.961642,-0.167418,-0.217293,-0.0812368,0.582797,-0.808547,0.262003,0.795185,0.546841
0.883612,-0.0177774,0.993466,0.961642,-0.083003,-0.261449,-0.0812368,0.824189,-0.560457,0.262003,0.560199,0.785832
0.883612,-0.0111696,0.855059,0.961642,0.0114234,-0.27407,-0.0812368,0.966172,-0.244768,0.262003,0.257644,0.93004
0.763622,0.0470751,0.892527,0.856221,-0.258154,-0.447485,0.156285,0.955043,-0.251928,0.492403,0.14577,0.858073
0.763622,0.0842952,0.782388,0.856221,-0.089537,-0.508792,0.156285,0.983611,0.0899096,0.492403,-0.156499,0.856182
0.763622,0.15694,0.691621,0.856221,0.0898799,-0.508732,0.156285,0.893541,0.420902,0.492403,-0.439893,0.751022
0.763622,0.256249,0.631174,0.856221,0.258456,-0.447311,0.156285,0.695697,0.701128,0.492403,-0.670228,0.555277
0.763622,0.370242,0.608338,0.856221,0.395858,-0.331937,0.156285,0.413942,0.896787,0.492403,-0.819725,0.292559
0.763622,0.485171,0.625867,0.856221,0.485514,-0.176528,0.156285,0.0822587,0.984281,0.492403,-0.87035,-0.00544724
0.763622,0.587174,0.681647,0.856221,0.51661,0.000174101,0.156285,-0.259346,0.953055,0.492403,-0.815999,-0.302796
0.763622,0.663947,0.76895,0.856221,0.485395,0.176855,0.156285,-0.56967,0.806878,0.492403,-0.663225,-0.563623
0.763622,0.706231,0.877246,0.856221,0.395634,0.332204,0.156285,-0.811283,0.563378,0.492403,-0.430458,-0.756469
0.763622,0.708925,0.993473,0.856221,0.258154,0.447485,0.156285,-0.955043,0.251928,0.492403,-0.14577,-0.858073
0.763622,0.671705,1.10361,0.856221,0.089537,0.508792,0.156285,-0.983611,-0.0899096,0.492403,0.156499,-0.856182
0.763622,0.59906,1.19438,0.856221,-0.0898799,0.508732,0.156285,-0.893541,-0.420902,0.492403,0.439893,-0.751022
0.763622,0.499751,1.25483,0.856221,-0.258456,0.447311,0.156285,-0.695697,-0.701128,0.492403,0.670228,-0.555277
0.763622,0.385758,1.27766,0.856221,-0.395858,0.331937,0.156285,-0.413942,-0.896787,0.492403,0.819725,-0.292559
0.763622,0.270829,1.26013,0.856221,-0.485514,0.176528,0.156285,-0.0822587,-0.984281,0.492403,0.87035,0.00544724
0.763622,0.168826,1.20435,0.856221,-0.51661,-0.000174101,0.156285,0.259346,-0.953055,0.492403,0.815999,0.302796
0.763622,0.0920532,1.11705,0.856221,-0.485395,-0.176855,0.156285,0.56967,-0.806878,0.492403,0.663225,0.563623
0.763622,0.0497694,1.00875,0.856221,-0.395634,-0.332204,0.156285,0.811283,-0.563378,0.492403,0.430458,0.756469
0.763622,0.0470751,0.892527,0.856221,-0.258154,-0.447485,0.156285,0.955043,-0.251928,0.492403,0.14577,0.858073
0.674556,0.136322,0.949937,0.647527,-0.481151,-0.590934,0.374957,0.876263,-0.302605,0.663413,-0.0256301,0.747815
0.674556,0.148524,0.86686,0.647527,-0.250022,-0.71986,0.374957,0.926915,0.0153437,0.663413,-0.279852,0.69395
0.674556,0.188404,0.792966,0.647527,0.0112623,-0.76196,0.374957,0.865767,0.331442,0.663413,-0.50032,0.556385
0.674556,0.251153,0.737169,0.647527,0.271189,-0.712156,0.374957,0.700195,0.607563,0.663413,-0.660442,0.351711
0.674556,0.329201,0.706198,0.647527,0.498406,-0.576456,0.374957,0.45017,0.810404,0.663413,-0.740904,0.104616
0.674556,0.413135,0.703789,0.647527,0.665507,-0.371226,0.374957,0.145847,0.915498,0.663413,-0.732003,-0.155097
0.674556,0.492831,0.730232,0.647527,0.752339,-0.121222,0.374957,-0.176068,0.910169,0.663413,-0.634811,-0.396104
0.674556,0.558677,0.782338,0.647527,0.748428,0.143404,0.374957,-0.476746,0.79506,0.663413,-0.461052,-0.589334
0.674556,0.602731,0.853822,0.647527,0.654245,0.390733,0.374957,-0.719921,0.584056,0.663413,-0.231683,-0.711482
0.674556,0.619678,0.936063,0.647527,0.481151,0.590934,0.374957,-0.876263,0.302605,0.663413,0.0256301,-0.747815
0.674556,0.607476,1.01914,0.647527,0.250022,0.71986,0.374957,-0.926915,-0.0153437,0.663413,0.279852,-0.69395
0.674556,0.567596,1.09303,0.647527,-0.0112623,0.76196,0.374957,-0.865767,-0.331442,0.663413,0.50032,-0.556385
0.674556,0.504847,1.14883,0.647527,-0.271189,0.712156,0.374957,-0.700195,-0.607563,0.663413,0.660442,-0.351711
0.674556,0.426799,1.1798,0.647527,-0.498406,0.576456,0.374957,-0.45017,-0.810404,0.663413,0.740904,-0.104616
0.674556,0.342865,1.18221,0.647527,-0.665507,0.371226,0.374957,-0.145847,-0.915498,0.663413,0.732003,0.155097
0.674556,0.263169,1.15577,0.647527,-0.752339,0.121222,0.374957,0.176068,-0.910169,0.663413,0.634811,0.396104
0.674556,0.197323,1.10366,0.647527,-0.748428,-0.143404,0.374957,0.476746,-0.79506,0.663413,0.461052,0.589334
0.674556,0.153269,1.03218,0.647527,-0.654245,-0.390733,0.374957,0.719921,-0.584056,0.663413,0.231683,0.711482
0.674556,0.136322,0.949937,0.647527,-0.481151,-0.590934,0.374957,0.876263,-0.302605,0.663413,-0.0256301,0.747815
0.627155,0.245805,1.02037,0.360731,-0.630669,-0.687117,0.548404,0.739334,-0.390689,0.754404,-0.235884,0.612562
0.627155,0.227317,0.970487,0.360731,-0.357627,-0.86138,0.548404,0.828371,-0.11426,0.754404,-0.431167,0.494943
0.627155,0.227003,0.917293,0.360731,-0.0414505,-0.931748,0.548404,0.817493,0.17595,0.754404,-0.574445,0.317627
0.627155,0.244902,0.867199,0.360731,0.279726,-0.889734,0.548404,0.708014,0.444938,0.754404,-0.648436,0.102
0.627155,0.278854,0.826248,0.360731,0.567163,-0.740404,0.548404,0.513138,0.66026,0.754404,-0.644217,-0.12593
0.627155,0.324765,0.799379,0.360731,0.786192,-0.501771,0.548404,0.25637,0.795945,0.754404,-0.562296,-0.33867
0.627155,0.377096,0.789833,0.360731,0.910395,-0.202617,0.548404,-0.0313206,0.835627,0.754404,-0.412553,-0.510562
0.627155,0.429537,0.798761,0.360731,0.924791,0.120976,0.548404,-0.315233,0.77452,0.754404,-0.21305,-0.620873
0.627155,0.475762,0.825086,0.360731,0.827643,0.429977,0.548404,-0.561124,0.619995,0.754404,0.0121494,-0.656297
0.627155,0.510195,0.865634,0.360731,0.630669,0.687117,0.548404,-0.739334,0.390689,0.754404,0.235884,-0.612562
0.627155,0.528683,0.915513,0.360731,0.357627,0.86138,0.548404,-0.828371,0.11426,0.754404,0.431167,-0.494943
0.627155,0.528997,0.968707,0.360731,0.0414505,0.931748,0.548404,-0.817493,-0.17595,0.754404,0.574445,-0.317627
0.627155,0.511098,1.0188,0.360731,-0.279726,0.889734,0.548404,-0.708014,-0.444938,0.754404,0.648436,-0.102
0.627155,0.477146,1.05975,0.360731,-0.567163,0.740404,0.548404,-0.513138,-0.66026,0.754404,0.644217,0.12593
0.627155,0.431235,1.08662,0.360731,-0.786192,0.501771,0.548404,-0.25637,-0.795945,0.754404,0.562296,0.33867
0.627155,0.378904,1.09617,0.360731,-0.910395,0.202617,0.548404,0.0313206,-0.835627,0.754404,0.412553,0.510562
0.627155,0.326463,1.08724,0.360731,-0.924791,-0.120976,0.548404,0.315233,-0.77452,0.754404,0.21305,0.620873
0.627155,0.280238,1.06091,0.360731,-0.827643,-0.429977,0.548404,0.561124,-0.619995,0.754404,-0.0121494,0.656297
0.627155,0.245805,1.02037,0.360731,-0.630669,-0.687117,0.548404,0.739334,-0.390689,0.754404,-0.235884,0.612562
0.627137,0.362321,1.09532,0.0304265,-0.688675,-0.724431,0.655705,0.560773,-0.505555,0.754404,-0.459631,0.46863
0.627137,0.311171,1.08077,0.0304265,-0.399373,-0.916283,0.655705,0.699864,-0.28327,0.754404,-0.592192,0.283165
0.627137,0.268081,1.0496,0.0304265,-0.0619007,-0.997618,0.655705,0.754541,-0.0268197,0.754404,-0.653327,0.0635467
0.627137,0.238249,1.00558,0.0304265,0.283038,-0.958626,0.655705,0.718209,0.232866,0.754404,-0.635661,-0.163737
0.627137,0.225273,0.954009,0.0304265,0.593838,-0.804009,0.655705,0.595251,0.464464,0.754404,-0.541325,-0.371271
0.627137,0.230718,0.901109,0.0304265,0.833013,-0.552417,0.655705,0.400497,0.640042,0.754404,-0.381697,-0.534025
0.627137,0.253928,0.853262,0.0304265,0.971713,-0.234195,0.655705,0.157437,0.738421,0.754404,-0.17603,-0.632367
0.627137,0.292102,0.816239,0.0304265,0.993211,0.112274,0.655705,-0.104612,0.747735,0.754404,0.0508678,-0.654436
0.627137,0.340637,0.794505,0.0304265,0.894913,0.445202,0.655705,-0.354044,0.666861,0.754404,0.271631,-0.597571
0.627137,0.393679,0.790681,0.0304265,0.688675,0.724431,0.655705,-0.560773,0.505555,0.754404,0.459631,-0.46863
0.627137,0.444829,0.80523,0.0304265,0.399373,0.916283,0.655705,-0.699864,0.28327,0.754404,0.592192,-0.283165
0.627137,0.487919,0.836395,0.0304265,0.0619007,0.997618,0.655705,-0.754541,0.0268197,0.754404,0.653327,-0.0635467
0.627137,0.517751,0.880419,0.0304265,-0.283038,0.958626,0.655705,-0.718209,-0.232866,0.754404,0.635661,0.163737
0.627137,0.530727,0.931991,0.0304265,-0.593838,0.804009,0.655705,-0.595251,-0.464464,0.754404,0.541325,0.371271
0.627137,0.525282,0.984891,0.0304265,-0.833013,0.552417,0.655705,-0.400497,-0.640042,0.754404,0.381697,0.534025
0.627137,0.502072,1.03274,0.0304265,-0.971713,0.234195,0.655705,-0.157437,-0.738421,0.754404,0.17603,0.632367
0.627137,0.463898,1.06976,0.0304265,-0.993211,-0.112274,0.655705,0.104612,-0.747735,0.754404,-0.0508678,0.654436
0.627137,0.415363,1.0915,0.0304265,-0.894913,-0.445202,0.655705,0.354044,-0.666861,0.754404,-0.271631,0.597571
0.627137,0.362321,1.09532,0.0304265,-0.688675,-0.724431,0.655705,0.560773,-0.505555,0.754404,-0.459631,0.46863
0.674504,0.471815,1.16575,-0.303548,-0.648173,-0.698377,0.683918,0.362115,-0.633348,0.663411,-0.669884,0.333378
0.674504,0.389971,1.18441,-0.303548,-0.370225,-0.877948,0.683918,0.556894,-0.471301,0.663411,-0.743507,0.0841591
0.674504,0.306683,1.17394,-0.303548,-0.0476216,-0.951625,0.683918,0.684504,-0.252409,0.663411,-0.727452,-0.175211
0.674504,0.231997,1.13562,-0.303548,0.280725,-0.910523,0.683918,0.729552,-0.00307317,0.663411,-0.623656,-0.413447
0.674504,0.174921,1.07407,-0.303548,0.575213,-0.759598,0.683918,0.686606,0.246634,0.663411,-0.444637,-0.601816
0.674504,0.142339,0.996709,-0.303548,0.800321,-0.517054,0.683918,0.560845,0.466593,0.663411,-0.211989,-0.717597
0.674504,0.138182,0.912869,-0.303548,0.928899,-0.212146,0.683918,0.367438,0.630274,0.663411,0.0462281,-0.746825
0.674504,0.16295,0.832664,-0.303548,0.945437,0.11835,0.683918,0.129712,0.717935,0.663411,0.29887,-0.685975
0.674504,0.213656,0.765766,-0.303548,0.847942,0.434571,0.683918,-0.123659,0.719003,0.663411,0.515463,-0.542387
0.674504,0.284185,0.720246,-0.303548,0.648173,0.698377,0.683918,-0.362115,0.633348,0.663411,0.669884,-0.333378
0.674504,0.366029,0.701593,-0.303548,0.370225,0.877948,0.683918,-0.556894,0.471301,0.663411,0.743507,-0.0841591
0.674504,0.449317,0.712057,-0.303548,0.0476216,0.951625,0.683918,-0.684504,0.252409,0.663411,0.727452,0.175211
0.674504,0.524003,0.750377,-0.303548,-0.280725,0.910523,0.683918,-0.729552,0.00307317,0.663411,0.623656,0.413447
0.674504,0.581079,0.811929,-0.303548,-0.575213,0.759598,0.683918,-0.686606,-0.246634,0.663411,0.444637,0.601816
0.674504,0.613661,0.889291,-0.303548,-0.800321,0.517054,0.683918,-0.560845,-0.466593,0.663411,0.211989,0.717597
0.674504,0.617818,0.973131,-0.303548,-0.928899,0.212146,0.683918,-0.367438,-0.630274,0.663411,-0.0462281,0.746825
0.674504,0.59305,1.05334,-0.303548,-0.945437,-0.11835,0.683918,-0.129712,-0.717935,0.663411,-0.29887,0.685975
0.674504,0.542344,1.12023,-0.303548,-0.847942,-0.434571,0.683918,0.123659,-0.719003,0.663411,-0.515463,0.542387
0.674504,0.471815,1.16575,-0.303548,-0.648173,-0.698377,0.683918,0.362115,-0.633348,0.663411,-0.669884,0.333378
0.763543,0.561081,1.22318,-0.60091,-0.514048,-0.612096,0.629641,0.167322,-0.758654,0.492402,-0.841284,0.22312
0.763543,0.454214,1.2689,-0.60091,-0.273698,-0.750997,0.629641,0.416706,-0.655674,0.492402,-0.86686,-0.0780722
0.763543,0.338154,1.27531,-0.60091,-0.000335511,-0.799316,0.629641,0.61583,-0.47361,0.492402,-0.787879,-0.369847
0.763543,0.2269,1.24164,-0.60091,0.273067,-0.751226,0.629641,0.740675,-0.234422,0.492402,-0.613869,-0.617013
0.763543,0.133871,1.17195,-0.60091,0.513534,-0.612527,0.629641,0.776184,0.0330413,0.492402,-0.365817,-0.789758
0.763543,0.0702875,1.07465,-0.60091,0.69206,-0.399949,0.629641,0.718073,0.296519,0.492402,-0.0736425,-0.867247
0.763543,0.0438188,0.961464,-0.60091,0.787115,-0.13913,0.629641,0.573353,0.524232,0.492402,0.227415,-0.840133
0.763543,0.0576573,0.846054,-0.60091,0.787231,0.138469,0.629641,0.359477,0.688715,0.492402,0.501042,-0.711686
0.763543,0.110134,0.742337,-0.60091,0.692396,0.399368,0.629641,0.102244,0.770129,0.492402,0.714237,-0.4974
0.763543,0.194919,0.662823,-0.60091,0.514048,0.612096,0.629641,-0.167322,0.758654,0.492402,0.841284,-0.22312
0.763543,0.301786,0.617102,-0.60091,0.273698,0.750997,0.629641,-0.416706,0.655674,0.492402,0.86686,0.0780722
0.763543,0.417846,0.610689,-0.60091,0.000335511,0.799316,0.629641,-0.61583,0.47361,0.492402,0.787879,0.369847
0.763543,0.5291,0.644358,-0.60091,-0.273067,0.751226,0.629641,-0.740675,0.234422,0.492402,0.613869,0.617013
0.763543,0.622129,0.714048,-0.60091,-0.513534,0.612527,0.629641,-0.776184,-0.0330413,0.492402,0.365817,0.789758
0.763543,0.685712,0.811353,-0.60091,-0.69206,0.399949,0.629641,-0.718073,-0.296519,0.492402,0.0736425,0.867247
0.763543,0.712181,0.924536,-0.60091,-0.787115,0.13913,0.629641,-0.573353,-0.524232,0.492402,-0.227415,0.840133
0.763543,0.698343,1.03995,-0.60091,-0.787231,-0.138469,0.629641,-0.359477,-0.688715,0.492402,-0.501042,0.711686
0.763543,0.645866,1.14366,-0.60091,-0.692396,-0.399368,0.629641,-0.102244,-0.770129,0.492402,-0.714237,0.4974
0.763543,0.561081,1.22318,-0.60091,-0.514048,-0.612096,0.629641,0.167322,-0.758654,0.492402,-0.841284,0.22312
0.883514,0.619352,1.26066,-0.825794,-0.302476,-0.475996,0.499419,-0.000110402,-0.86636,0.262001,-0.953157,0.151154
0.883514,0.49615,1.32405,-0.825794,-0.121434,-0.550743,0.499419,0.296209,-0.81415,0.262001,-0.947372,-0.183961
0.883514,0.358697,1.34148,-0.825794,0.0742542,-0.559062,0.499419,0.556801,-0.663742,0.262001,-0.82732,-0.496887
0.883514,0.223573,1.31085,-0.825794,0.260987,-0.49995,0.499419,0.750235,-0.433276,0.262001,-0.607481,-0.749881
0.883514,0.107074,1.23585,-0.825794,0.41624,-0.380537,0.499419,0.853179,-0.150551,0.262001,-0.314371,-0.912429
0.883514,0.0232537,1.12552,-0.825794,0.521289,-0.215225,0.499419,0.853218,0.150333,0.262001,0.0166568,-0.964924
0.883514,-0.0177794,0.993186,-0.825794,0.563463,-0.023954,0.499419,0.750345,0.433085,0.262001,0.345676,-0.901035
0.883514,-0.0110756,0.854795,-0.825794,0.537675,0.170206,0.499419,0.55697,0.6636,0.262001,0.633001,-0.728468
0.883514,0.0425565,0.727043,-0.825794,0.447035,0.343837,0.499419,0.296416,0.814075,0.262001,0.843977,-0.468037
0.883514,0.136648,0.625338,-0.825794,0.302476,0.475996,0.499419,0.000110402,0.86636,0.262001,0.953157,-0.151154
0.883514,0.25985,0.561948,-0.825794,0.121434,0.550743,0.499419,-0.296209,0.81415,0.262001,0.947372,0.183961
0.883514,0.397303,0.544519,-0.825794,-0.0742542,0.559062,0.499419,-0.556801,0.663742,0.262001,0.82732,0.496887
0.883514,0.532427,0.575152,-0.825794,-0.260987,0.49995,0.499419,-0.750235,0.433276,0.262001,0.607481,0.749881
0.883514,0.648926,0.650153,-0.825794,-0.41624,0.380537,0.499419,-0.853179,0.150551,0.262001,0.314371,0.912429
0.883514,0.732746,0.760476,-0.825794,-0.521289,0.215225,0.499419,-0.853218,-0.150333,0.262001,-0.0166568,0.964924
0.883514,0.773779,0.892814,-0.825794,-0.563463,0.023954,0.499419,-0.750345,-0.433085,0.262001,-0.345676,0.901035
0.883514,0.767076,1.03121,-0.825794,-0.537675,-0.170206,0.499419,-0.55697,-0.6636,0.262001,-0.633001,0.728468
0.883514,0.713444,1.15896,-0.825794,-0.447035,-0.343837,0.499419,-0.296416,-0.814075,0.262001,-0.843977,0.468037
0.883514,0.619352,1.26066,-0.825794,-0.302476,-0.475996,0.499419,-0.000110402,-0.86636,0.262001,-0.953157,0.151154
0.875863,0.0491945,0.721867,0.985232,0.0214619,-0.169877,-0.00862081,0.997073,0.0759705,0.17101,-0.0733841,0.982533
0.875863,0.144656,0.622745,0.985232,0.078269,-0.152292,-0.00862081,0.910959,0.412408,0.17101,-0.405004,0.89818
0.875863,0.268262,0.56225,0.985232,0.125636,-0.116338,-0.00862081,0.714969,0.699103,0.17101,-0.687775,0.705493
0.875863,0.405104,0.54768,0.985232,0.157849,-0.0663519,-0.00862081,0.432744,0.901476,0.17101,-0.88759,0.427714
0.875863,0.538677,0.58079,0.985232,0.171023,-0.00836292,-0.00862081,0.0983235,0.995117,0.17101,-0.980349,0.0983458
0.875863,0.65287,0.657589,0.985232,0.163569,0.0506347,-0.00862081,-0.247956,0.968733,0.17101,-0.954863,-0.242884
0.875863,0.733909,0.768812,0.985232,0.136387,0.103525,-0.00862081,-0.564329,0.825505,0.17101,-0.814206,-0.554819
0.875863,0.772021,0.901045,0.985232,0.092754,0.143929,-0.00862081,-0.812635,0.582709,0.17101,-0.575344,-0.799834
0.875863,0.762608,1.03834,0.985232,0.0379337,0.166972,-0.00862081,-0.962925,0.26963,0.17101,-0.267087,-0.948377
0.875863,0.706805,1.16413,0.985232,-0.0214619,0.169877,-0.00862081,-0.997073,-0.0759705,0.17101,0.0733841,-0.982533
0.875863,0.611344,1.26325,0.985232,-0.078269,0.152292,-0.00862081,-0.910959,-0.412408,0.17101,0.405004,-0.89818
0.875863,0.487738,1.32375,0.985232,-0.125636,0.116338,-0.00862081,-0.714969,-0.699103,0.17101,0.687775,-0.705493
0.875863,0.350896,1.33832,0.985232,-0.157849,0.0663519,-0.00862081,-0.432744,-0.901476,0.17101,0.88759,-0.427714
0.875863,0.217323,1.30521,0.985232,-0.171023,0.00836292,-0.00862081,-0.0983235,-0.995117,0.17101,0.980349,-0.0983458
0.875863,0.10313,1.22841,0.985232,-0.163569,-0.0506347,-0.00862081,0.247956,-0.968733,0.17101,0.954863,0.242884
0.875863,0.0220907,1.11719,0.985232,-0.136387,-0.103525,-0.00862081,0.564329,-0.825505,0.17101,0.814206,0.554819
0.875863,-0.016021,0.984955,0.985232,-0.092754,-0.143929,-0.00862081,0.812635,-0.582709,0.17101,0.575344,0.799834
0.875863,-0.00660796,0.847661,0.985232,-0.0379337,-0.166972,-0.00862081,0.962925,-0.26963,0.17101,0.267087,0.948377
0.875863,0.0491945,0.721867,0.985232,0.0214619,-0.169877,-0.00862081,0.997073,0.0759705,0.17101,-0.0733841,0.982533
0.749059,0.110748,0.761464,0.900555,-0.258188,-0.349771,0.292759,0.954937,0.0488652,0.321393,-0.146404,0.93556
0.749059,0.188954,0.681006,0.900555,-0.122989,-0.416983,0.292759,0.880634,0.372526,0.321393,-0.457555,0.829066
0.749059,0.289963,0.632149,0.900555,0.0270446,-0.4339,0.292759,0.700114,0.651255,0.321393,-0.713519,0.622574
0.749059,0.401589,0.620785,0.900555,0.173816,-0.398483,0.292759,0.43515,0.851432,0.321393,-0.883421,0.34099
0.749059,0.510371,0.648285,0.900555,0.299623,-0.315003,0.292759,0.1177,0.948915,0.321393,-0.94677,0.0182782
0.749059,0.603186,0.711332,0.900555,0.389291,-0.193529,0.292759,-0.213946,0.931944,0.321393,-0.895924,-0.306638
0.749059,0.668841,0.802321,0.900555,0.432005,-0.0487123,0.292759,-0.519787,0.802567,0.321393,-0.737017,-0.59457
0.749059,0.699416,0.910279,0.900555,0.422612,0.10198,0.292759,-0.762934,0.576389,0.321393,-0.489214,-0.810787
0.749059,0.691224,1.02218,0.900555,0.362247,0.240372,0.292759,-0.91406,0.280689,0.321393,-0.182405,-0.929212
0.749059,0.645252,1.12454,0.900555,0.258188,0.349771,0.292759,-0.954937,-0.0488652,0.321393,0.146404,-0.93556
0.749059,0.567046,1.20499,0.900555,0.122989,0.416983,0.292759,-0.880634,-0.372526,0.321393,0.457555,-0.829066
0.749059,0.466037,1.25385,0.900555,-0.0270446,0.4339,0.292759,-0.700114,-0.651255,0.321393,0.713519,-0.622574
0.749059,0.354411,1.26522,0.900555,-0.173816,0.398483,0.292759,-0.43515,-0.851432,0.321393,0.883421,-0.34099
0.749059,0.245629,1.23772,0.900555,-0.299623,0.315003,0.292759,-0.1177,-0.948915,0.321393,0.94677,-0.0182782
0.749059,0.152814,1.17467,0.900555,-0.389291,0.193529,0.292759,0.213946,-0.931944,0.321393,0.895924,0.306638
0.749059,0.0871589,1.08368,0.900555,-0.432005,0.0487123,0.292759,0.519787,-0.802567,0.321393,0.737017,0.59457
0.749059,0.0565838,0.975721,0.900555,-0.422612,-0.10198,0.292759,0.762934,-0.576389,0.321393,0.489214,0.810787
0.749059,0.0647762,0.863817,0.900555,-0.362247,-0.240372,0.292759,0.91406,-0.280689,0.321393,0.182405,0.929212
0.749059,0.110748,0.761464,0.900555,-0.258188,-0.349771,0.292759,0.954937,0.0488652,0.321393,-0.146404,0.93556
0.654934,0.205064,0.822135,0.707258,-0.496617,-0.503148,0.558827,0.828652,-0.0323716,0.433011,-0.258278,0.863594
0.654934,0.256832,0.770277,0.707258,-0.294581,-0.642657,0.558827,0.78975,0.252996,0.433011,-0.538068,0.723177
0.654934,0.323214,0.739251,0.707258,-0.0570137,-0.704653,0.558827,0.655592,0.507849,0.433011,-0.75296,0.495534
0.654934,0.396204,0.732801,0.707258,0.18743,-0.681657,0.558827,0.442361,0.701448,0.433011,-0.877033,0.208122
0.654934,0.466999,0.751703,0.707258,0.409267,-0.576443,0.558827,0.175774,0.810442,0.433011,-0.895323,-0.104392
0.654934,0.527059,0.793679,0.707258,0.58174,-0.401702,0.558827,-0.112014,0.821684,0.433011,-0.805625,-0.404315
0.654934,0.56914,0.853665,0.707258,0.684047,-0.178509,0.558827,-0.386291,0.733819,0.433011,-0.618755,-0.655472
0.654934,0.588167,0.924427,0.707258,0.703848,0.0662142,0.558827,-0.613976,0.557445,0.433011,-0.357255,-0.827569
0.654934,0.581845,0.997428,0.707258,0.638754,0.302951,0.558827,-0.767606,0.313835,0.433011,-0.0526649,-0.899849
0.654934,0.550936,1.06386,0.707258,0.496617,0.503148,0.558827,-0.828652,0.0323716,0.433011,0.258278,-0.863594
0.654934,0.499168,1.11572,0.707258,0.294581,0.642657,0.558827,-0.78975,-0.252996,0.433011,0.538068,-0.723177
0.654934,0.432786,1.14675,0.707258,0.0570137,0.704653,0.558827,-0.655592,-0.507849,0.433011,0.75296,-0.495534
0.654934,0.359796,1.1532,0.707258,-0.18743,0.681657,0.558827,-0.442361,-0.701448,0.433011,0.877033,-0.208122
0.654934,0.289001,1.1343,0.707258,-0.409267,0.576443,0.558827,-0.175774,-0.810442,0.433011,0.895323,0.104392
0.654934,0.228941,1.09232,0.707258,-0.58174,0.401702,0.558827,0.112014,-0.821684,0.433011,0.805625,0.404315
0.654934,0.18686,1.03233,0.707258,-0.684047,0.178509,0.558827,0.386291,-0.733819,0.433011,0.618755,0.655472
0.654934,0.167833,0.961573,0.707258,-0.703848,-0.0662142,0.558827,0.613976,-0.557445,0.433011,0.357255,0.827569
