0.658953,0.366889,1.03945,0.308961,0.910202,0.275819,0.951075,-0.295682,-0.0896044,-3.49349e-06,0.290008,-0.957024
0.907818,0.0580922,0.994976,0.92986,-0.132079,-0.343389,-0.179072,0.65285,-0.736016,0.321394,0.745883,0.583407
0.907818,0.024438,0.857887,0.92986,-0.00666799,-0.367854,-0.179072,0.865211,-0.468341,0.321394,0.501364,0.803331
0.907818,0.0397006,0.717555,0.92986,0.119548,-0.347951,-0.179072,0.973214,-0.144177,0.321394,0.196373,0.92636
0.907818,0.102039,0.590906,0.92986,0.231344,-0.286079,-0.179072,0.963834,0.197377,0.321394,-0.132304,0.937657
0.907818,0.203934,0.493216,0.92986,0.315237,-0.189702,-0.179072,0.838201,0.515124,0.321394,-0.445023,0.835859
0.907818,0.333097,0.436268,0.92986,0.361108,-0.0704439,-0.179072,0.611468,0.77074,0.321394,-0.704065,0.633244
0.907818,0.473947,0.426931,0.92986,0.363424,0.0573105,-0.179072,0.310983,0.933393,0.321394,-0.878187,0.35425
0.907818,0.609496,0.46633,0.92986,0.321905,0.178153,-0.179072,-0.0270103,0.983465,0.321394,-0.946387,0.0325285
0.907818,0.723396,0.549713,0.92986,0.24156,0.277507,-0.179072,-0.361746,0.914917,0.321394,-0.900438,-0.293117
0.907818,0.801908,0.667024,0.92986,0.132079,0.343389,-0.179072,-0.65285,0.736016,0.321394,-0.745883,-0.583407
0.907818,0.835562,0.804113,0.92986,0.00666799,0.367854,-0.179072,-0.865211,0.468341,0.321394,-0.501364,-0.803331
0.907818,0.820299,0.944445,0.92986,-0.119548,0.347951,-0.179072,-0.973214,0.144177,0.321394,-0.196373,-0.92636
0.907818,0.757961,1.07109,0.92986,-0.231344,0.286079,-0.179072,-0.963834,-0.197377,0.321394,0.132304,-0.937657
0.907818,0.656066,1.16878,0.92986,-0.315237,0.189702,-0.179072,-0.838201,-0.515124,0.321394,0.445023,-0.835859
0.907818,0.526903,1.22573,0.92986,-0.361108,0.0704439,-0.179072,-0.611468,-0.77074,0.321394,0.704065,-0.633244
0.907818,0.386053,1.23507,0.92986,-0.363424,-0.0573105,-0.179072,-0.310983,-0.933393,0.321394,0.878187,-0.35425
0.907818,0.250504,1.19567,0.92986,-0.321905,-0.178153,-0.179072,0.0270103,-0.983465,0.321394,0.946387,-0.0325285
0.907818,0.136604,1.11229,0.92986,-0.24156,-0.277507,-0.179072,0.361746,-0.914917,0.321394,0.900438,0.293117
0.907818,0.0580922,0.994976,0.92986,-0.132079,-0.343389,-0.179072,0.65285,-0.736016,0.321394,0.745883,0.583407
0.809114,0.11261,1.0115,0.796489,-0.423399,-0.431668,-0.0275851,0.687724,-0.725448,0.604023,0.58972,0.536085
0.809114,0.0700174,0.892057,0.796489,-0.250226,-0.550447,-0.0275851,0.894367,-0.446483,0.604023,0.370803,0.705451
0.809114,0.0708444,0.765253,0.796489,-0.0468719,-0.602833,-0.0275851,0.993136,-0.113666,0.604023,0.107163,0.789729
0.809114,0.114991,0.64638,0.796489,0.162136,-0.582509,-0.0275851,0.972119,0.232862,0.604023,-0.169403,0.778755
0.809114,0.197132,0.549774,0.796489,0.351588,-0.491925,-0.0275851,0.833849,0.551303,0.604023,-0.425537,0.673851
0.809114,0.30736,0.487089,0.796489,0.498633,-0.342009,-0.0275851,0.595005,0.803248,0.604023,-0.630344,0.48767
0.809114,0.432381,0.465884,0.796489,0.585535,-0.150841,-0.0275851,0.284395,0.95831,0.604023,-0.759123,0.24267
0.809114,0.557114,0.488718,0.796489,0.601814,0.0585211,-0.0275851,-0.0605176,0.997786,0.604023,-0.79634,-0.0316005
0.809114,0.666516,0.552835,0.796489,0.545505,0.260824,-0.0275851,-0.398131,0.916914,0.604023,-0.737507,-0.302059
0.809114,0.74739,0.650504,0.796489,0.423399,0.431668,-0.0275851,-0.687724,0.725448,0.604023,-0.58972,-0.536085
0.809114,0.789983,0.769943,0.796489,0.250226,0.550447,-0.0275851,-0.894367,0.446483,0.604023,-0.370803,-0.705451
0.809114,0.789156,0.896747,0.796489,0.0468719,0.602833,-0.0275851,-0.993136,0.113666,0.604023,-0.107163,-0.789729
0.809114,0.745009,1.01562,0.796489,-0.162136,0.582509,-0.0275851,-0.972119,-0.232862,0.604023,0.169403,-0.778755
0.809114,0.662868,1.11223,0.796489,-0.351588,0.491925,-0.0275851,-0.833849,-0.551303,0.604023,0.425537,-0.673851
0.809114,0.55264,1.17491,0.796489,-0.498633,0.342009,-0.0275851,-0.595005,-0.803248,0.604023,0.630344,-0.48767
0.809114,0.427619,1.19612,0.796489,-0.585535,0.150841,-0.0275851,-0.284395,-0.95831,0.604023,0.759123,-0.24267
0.809114,0.302886,1.17328,0.796489,-0.601814,-0.0585211,-0.0275851,0.0605176,-0.997786,0.604023,0.79634,0.0316005
0.809114,0.193484,1.10916,0.796489,-0.545505,-0.260824,-0.0275851,0.398131,-0.916914,0.604023,0.737507,0.302059
0.809114,0.11261,1.0115,0.796489,-0.423399,-0.431668,-0.0275851,0.687724,-0.725448,0.604023,0.58972,0.536085
0.735846,0.196147,1.03681,0.567051,-0.653496,-0.501394,0.127229,0.670909,-0.730544,0.813797,0.350464,0.463583
0.735846,0.139859,0.944416,0.567051,-0.442598,-0.694665,0.127229,0.880309,-0.457022,0.813797,0.170773,0.555491
0.735846,0.118566,0.838342,0.567051,-0.178317,-0.804149,0.127229,0.98353,-0.128377,0.813797,-0.0295149,0.580399
0.735846,0.134837,0.731383,0.567051,0.107472,-0.816641,0.127229,0.968124,0.215752,0.813797,-0.226243,0.535302
0.735846,0.186708,0.636439,0.567051,0.380299,-0.730634,0.127229,0.835947,0.533858,0.813797,-0.395683,0.42564
0.735846,0.267924,0.564961,0.567051,0.607255,-0.556502,0.127229,0.602943,0.787574,0.813797,-0.517398,0.264639
0.735846,0.368689,0.525572,0.567051,0.760968,-0.315247,0.127229,0.297215,0.946296,0.813797,-0.576707,0.0717187
0.735846,0.476849,0.523022,0.567051,0.822897,-0.0359687,0.127229,-0.0443613,0.990881,0.813797,-0.566456,-0.129852
0.735846,0.579358,0.557619,0.567051,0.785572,0.247648,0.127229,-0.380587,0.915951,0.813797,-0.487883,-0.31576
0.735846,0.663853,0.62519,0.567051,0.653496,0.501394,0.127229,-0.670909,0.730544,0.813797,-0.350464,-0.463583
0.735846,0.720141,0.717584,0.567051,0.442598,0.694665,0.127229,-0.880309,0.457022,0.813797,-0.170773,-0.555491
0.735846,0.741434,0.823658,0.567051,0.178317,0.804149,0.127229,-0.98353,0.128377,0.813797,0.0295149,-0.580399
0.735846,0.725163,0.930617,0.567051,-0.107472,0.816641,0.127229,-0.968124,-0.215752,0.813797,0.226243,-0.535302
0.735846,0.673292,1.02556,0.567051,-0.380299,0.730634,0.127229,-0.835947,-0.533858,0.813797,0.395683,-0.42564
0.735846,0.592076,1.09704,0.567051,-0.607255,0.556502,0.127229,-0.602943,-0.787574,0.813797,0.517398,-0.264639
0.735846,0.491311,1.13643,0.567051,-0.760968,0.315247,0.127229,-0.297215,-0.946296,0.813797,0.576707,-0.0717187
0.735846,0.383151,1.13898,0.567051,-0.822897,0.0359687,0.127229,0.0443613,-0.990881,0.813797,0.566456,0.129852
0.735846,0.280642,1.10438,0.567051,-0.785572,-0.247648,0.127229,0.380587,-0.915951,0.813797,0.487883,0.31576
0.735846,0.196147,1.03681,0.567051,-0.653496,-0.501394,0.127229,0.670909,-0.730544,0.813797,0.350464,0.463583
0.696852,0.298629,1.06787,0.269218,-0.794616,-0.544158,0.266698,0.604434,-0.750688,0.925416,0.0569727,0.374647
0.696852,0.225539,1.00865,0.269218,-0.560581,-0.783116,0.266698,0.824732,-0.498687,0.925416,-0.0745998,0.371538
0.696852,0.17711,0.928006,0.269218,-0.258933,-0.927618,0.266698,0.945556,-0.186538,0.925416,-0.197175,0.323617
0.696852,0.159183,0.835662,0.269218,0.0739468,-0.960236,0.266698,0.952332,0.148111,0.925416,-0.295967,0.236663
0.696852,0.173921,0.742756,0.269218,0.397907,-0.877036,0.266698,0.844242,0.464896,0.925416,-0.359062,0.121164
0.696852,0.219545,0.660494,0.269218,0.673874,-0.688052,0.266698,0.634324,0.725607,0.925416,-0.378848,-0.00894951
0.696852,0.290554,0.598797,0.269218,0.868562,-0.416078,0.266698,0.347898,0.898799,0.925416,-0.35294,-0.137983
0.696852,0.378382,0.565107,0.269218,0.958489,-0.0939199,0.266698,0.0195096,0.963583,0.925416,-0.284462,-0.250375
0.696852,0.472436,0.563488,0.269218,0.932807,0.239567,0.266698,-0.311232,0.912144,0.925416,-0.181674,-0.332567
0.696852,0.561371,0.594135,0.269218,0.794616,0.544158,0.266698,-0.604434,0.750688,0.925416,-0.0569727,-0.374647
0.696852,0.634461,0.653351,0.269218,0.560581,0.783116,0.266698,-0.824732,0.498687,0.925416,0.0745998,-0.371538
0.696852,0.68289,0.733994,0.269218,0.258933,0.927618,0.266698,-0.945556,0.186538,0.925416,0.197175,-0.323617
0.696852,0.700817,0.826338,0.269218,-0.0739468,0.960236,0.266698,-0.952332,-0.148111,0.925416,0.295967,-0.236663
0.696852,0.686079,0.919244,0.269218,-0.397907,0.877036,0.266698,-0.844242,-0.464896,0.925416,0.359062,-0.121164
0.696852,0.640455,1.00151,0.269218,-0.673874,0.688052,0.266698,-0.634324,-0.725607,0.925416,0.378848,0.00894951
0.696852,0.569446,1.0632,0.269218,-0.868562,0.416078,0.266698,-0.347898,-0.898799,0.925416,0.35294,0.137983
0.696852,0.481618,1.09689,0.269218,-0.958489,0.0939199,0.266698,-0.0195096,-0.963583,0.925416,0.284462,0.250375
0.696852,0.387564,1.09851,0.269218,-0.932807,-0.239567,0.266698,0.311232,-0.912144,0.925416,0.181674,0.332567
0.696852,0.298629,1.06787,0.269218,-0.794616,-0.544158,0.266698,0.604434,-0.750688,0.925416,0.0569727,0.374647
0.696834,0.407694,1.10092,-0.061087,-0.829737,-0.554801,0.373999,0.496317,-0.78345,0.925415,-0.255354,0.280002
0.696834,0.316723,1.07701,-0.061087,-0.589945,-0.805129,0.373999,0.734341,-0.566452,0.925415,-0.33572,0.17578
0.696834,0.239414,1.02343,-0.061087,-0.278997,-0.958347,0.373999,0.883793,-0.281132,0.925415,-0.375594,0.0503561
0.696834,0.185093,0.94664,-0.061087,0.065603,-0.995974,0.373999,0.926646,0.0380976,0.925415,-0.370166,-0.0811415
0.696834,0.160312,0.855903,-0.061087,0.40229,-0.913472,0.373999,0.857733,0.352732,0.925415,-0.32009,-0.202852
0.696834,0.168059,0.762163,-0.061087,0.690455,-0.720792,0.373999,0.685364,0.624821,0.925415,-0.231407,-0.300096
0.696834,0.207399,0.676725,-0.061087,0.89534,-0.441173,0.373999,0.43033,0.821548,0.925415,-0.114812,-0.361144
0.696834,0.273589,0.609895,-0.061087,0.992235,-0.108343,0.373999,0.123392,0.919184,0.925415,0.0156302,-0.378632
0.696834,0.358644,0.569733,-0.061087,0.969451,0.237555,0.373999,-0.198429,0.905953,0.925415,0.144187,-0.350452
0.696834,0.452306,0.561084,-0.061087,0.829737,0.554801,0.373999,-0.496317,0.78345,0.925415,0.255354,-0.280002
0.696834,0.543277,0.584991,-0.061087,0.589945,0.805129,0.373999,-0.734341,0.566452,0.925415,0.33572,-0.17578
0.696834,0.620586,0.638571,-0.061087,0.278997,0.958347,0.373999,-0.883793,0.281132,0.925415,0.375594,-0.0503561
0.696834,0.674907,0.71536,-0.061087,-0.065603,0.995974,0.373999,-0.926646,-0.0380976,0.925415,0.370166,0.0811415
0.696834,0.699688,0.806097,-0.061087,-0.40229,0.913472,0.373999,-0.857733,-0.352732,0.925415,0.32009,0.202852
0.696834,0.691941,0.899837,-0.061087,-0.690455,0.720792,0.373999,-0.685364,-0.624821,0.925415,0.231407,0.300096
0.696834,0.652601,0.985275,-0.061087,-0.89534,0.441173,0.373999,-0.43033,-0.821548,0.925415,0.114812,0.361144
0.696834,0.586411,1.05211,-0.061087,-0.992235,0.108343,0.373999,-0.123392,-0.919184,0.925415,-0.0156302,0.378632
0.696834,0.501356,1.09227,-0.061087,-0.969451,-0.237555,0.373999,0.198429,-0.905953,0.925415,-0.144187,0.350452
0.696834,0.407694,1.10092,-0.061087,-0.829737,-0.554801,0.373999,0.496317,-0.78345,0.925415,-0.255354,0.280002
0.735794,0.510188,1.13197,-0.384024,-0.754625,-0.53204,0.43619,0.359598,-0.82488,0.813796,-0.548844,0.191066
0.735794,0.402412,1.14125,-0.384024,-0.527148,-0.758051,0.43619,0.620037,-0.652144,0.813796,-0.581093,-0.00817266
0.735794,0.297965,1.1131,-0.384024,-0.236088,-0.89263,0.43619,0.805691,-0.40075,0.813796,-0.543254,-0.206425
0.735794,0.209443,1.05093,-0.384024,0.0834472,-0.919545,0.43619,0.894166,-0.101019,0.813796,-0.43989,-0.37978
0.735794,0.147523,0.962233,-0.384024,0.392917,-0.835549,0.43619,0.874792,0.210896,0.813796,-0.283469,-0.507328
0.735794,0.119674,0.857706,-0.384024,0.654996,-0.650773,0.43619,0.749905,0.497374,0.813796,-0.0928573,-0.573684
0.735794,0.129255,0.749957,-0.384024,0.838073,-0.387505,0.43619,0.534568,0.723861,0.813796,0.108954,-0.570846
0.735794,0.17511,0.651984,-0.384024,0.920065,-0.0774978,0.43619,0.254755,0.86304,0.813796,0.297624,-0.499155
0.735794,0.251709,0.575603,-0.384024,0.891084,0.241857,0.43619,-0.0557859,0.898124,0.813796,0.450396,-0.367259
0.735794,0.349812,0.530026,-0.384024,0.754625,0.53204,0.43619,-0.359598,0.82488,0.813796,0.548844,-0.191066
0.735794,0.457588,0.520751,-0.384024,0.527148,0.758051,0.43619,-0.620037,0.652144,0.813796,0.581093,0.00817266
0.735794,0.562035,0.548897,-0.384024,0.236088,0.89263,0.43619,-0.805691,0.40075,0.813796,0.543254,0.206425
0.735794,0.650557,0.611068,-0.384024,-0.0834472,0.919545,0.43619,-0.894166,0.101019,0.813796,0.43989,0.37978
0.735794,0.712477,0.699767,-0.384024,-0.392917,0.835549,0.43619,-0.874792,-0.210896,0.813796,0.283469,0.507328
0.735794,0.740326,0.804294,-0.384024,-0.654996,0.650773,0.43619,-0.749905,-0.497374,0.813796,0.0928573,0.573684
0.735794,0.730745,0.912043,-0.384024,-0.838073,0.387505,0.43619,-0.534568,-0.723861,0.813796,-0.108954,0.570846
0.735794,0.68489,1.01002,-0.384024,-0.920065,0.0774978,0.43619,-0.254755,-0.86304,0.813796,-0.297624,0.499155
0.735794,0.608291,1.0864,-0.384024,-0.891084,-0.241857,0.43619,0.0557859,-0.898124,0.813796,-0.450396,0.367259
0.735794,0.510188,1.13197,-0.384024,-0.754625,-0.53204,0.43619,0.359598,-0.82488,0.813796,-0.548844,0.191066
0.809034,0.593747,1.1573,-0.660642,-0.578339,-0.47862,0.44577,0.210768,-0.86998,0.604021,-0.7881,0.118564
0.809034,0.472273,1.19362,-0.660642,-0.379763,-0.647559,0.44577,0.495608,-0.745427,0.604021,-0.781123,-0.158132
0.809034,0.345699,1.18621,-0.660642,-0.135383,-0.738393,0.44577,0.72067,-0.530965,0.604021,-0.679931,-0.415755
0.809034,0.229294,1.13596,-0.660642,0.125327,-0.740166,0.44577,0.858809,-0.25246,0.604021,-0.496729,-0.623232
0.809034,0.137096,1.04892,-0.660642,0.370921,-0.652664,0.44577,0.893363,0.0564954,0.604021,-0.253615,-0.755538
0.809034,0.0802275,0.935599,-0.660642,0.571776,-0.486441,0.44577,0.820164,0.358636,0.604021,0.0200893,-0.796715
0.809034,0.0655464,0.809662,-0.660642,0.703666,-0.261546,0.44577,0.648041,0.617521,0.604021,0.29137,-0.741796
0.809034,0.0948237,0.686298,-0.660642,0.750684,-0.00510523,0.44577,0.397755,0.801923,0.604021,0.527508,-0.597406
0.809034,0.164528,0.580388,-0.660642,0.707158,0.251952,0.44577,0.0994937,0.889601,0.604021,0.70002,-0.38096
0.809034,0.266253,0.504705,-0.660642,0.578339,0.47862,0.44577,-0.210768,0.86998,0.604021,0.7881,-0.118564
0.809034,0.387727,0.468378,-0.660642,0.379763,0.647559,0.44577,-0.495608,0.745427,0.604021,0.781123,0.158132
0.809034,0.514301,0.475789,-0.660642,0.135383,0.738393,0.44577,-0.72067,0.530965,0.604021,0.679931,0.415755
0.809034,0.630706,0.526043,-0.660642,-0.125327,0.740166,0.44577,-0.858809,0.25246,0.604021,0.496729,0.623232
0.809034,0.722904,0.61308,-0.660642,-0.370921,0.652664,0.44577,-0.893363,-0.0564954,0.604021,0.253615,0.755538
0.809034,0.779773,0.726401,-0.660642,-0.571776,0.486441,0.44577,-0.820164,-0.358636,0.604021,-0.0200893,0.796715
0.809034,0.794454,0.852338,-0.660642,-0.703666,0.261546,0.44577,-0.648041,-0.617521,0.604021,-0.29137,0.741796
0.809034,0.765176,0.975702,-0.660642,-0.750684,0.00510523,0.44577,-0.397755,-0.801923,0.604021,-0.527508,0.597406
0.809034,0.695472,1.08161,-0.660642,-0.707158,-0.251952,0.44577,-0.0994937,-0.889601,0.604021,-0.70002,0.38096
0.809034,0.593747,1.1573,-0.660642,-0.578339,-0.47862,0.44577,0.210768,-0.86998,0.604021,-0.7881,0.118564
0.90772,0.648295,1.17382,-0.857576,-0.322141,-0.400984,0.401584,0.0677776,-0.913311,0.321392,-0.944262,0.071242
0.90772,0.517877,1.22781,-0.857576,-0.165569,-0.48698,0.401584,0.376061,-0.83505,0.321392,-0.911683,-0.256011
0.90772,0.37686,1.23394,-0.857576,0.0109733,-0.514239,0.401584,0.638986,-0.65607,0.321392,-0.76914,-0.552386
0.90772,0.242252,1.19146,-0.857576,0.186192,-0.479474,0.401584,0.824839,-0.397958,0.321392,-0.533829,-0.782134
0.90772,0.13029,1.10551,-0.857576,0.338953,-0.386877,0.401584,0.911205,-0.0918468,0.321392,-0.234129,-0.917546
0.90772,0.054477,0.986447,-0.857576,0.450831,-0.247617,0.401584,0.887666,0.225343,0.321392,0.0938098,-0.942288
0.90772,0.0239576,0.848636,-0.857576,0.508332,-0.0784902,0.401584,0.757062,0.515353,0.321392,0.410434,-0.853376
0.90772,0.042413,0.708698,-0.857576,0.504521,0.100103,0.401584,0.535144,0.743203,0.321392,0.677554,-0.661535
0.90772,0.107617,0.583511,-0.857576,0.439858,0.266623,0.401584,0.248681,0.881413,0.321392,0.86295,-0.389902
0.90772,0.211705,0.488175,-0.857576,0.322141,0.400984,0.401584,-0.0677776,0.913311,0.321392,0.944262,-0.071242
0.90772,0.342123,0.434189,-0.857576,0.165569,0.48698,0.401584,-0.376061,0.83505,0.321392,0.911683,0.256011
0.90772,0.48314,0.428064,-0.857576,-0.0109733,0.514239,0.401584,-0.638986,0.65607,0.321392,0.76914,0.552386
0.90772,0.617748,0.470539,-0.857576,-0.186192,0.479474,0.401584,-0.824839,0.397958,0.321392,0.533829,0.782134
0.90772,0.72971,0.556491,-0.857576,-0.338953,0.386877,0.401584,-0.911205,0.0918468,0.321392,0.234129,0.917546
0.90772,0.805523,0.675553,-0.857576,-0.450831,0.247617,0.401584,-0.887666,-0.225343,0.321392,-0.0938098,0.942288
0.90772,0.836042,0.813364,-0.857576,-0.508332,0.0784902,0.401584,-0.757062,-0.515353,0.321392,-0.410434,0.853376
0.90772,0.817587,0.953302,-0.857576,-0.504521,-0.100103,0.401584,-0.535144,-0.743203,0.321392,-0.677554,0.661535
0.90772,0.752383,1.07849,-0.857576,-0.439858,-0.266623,0.401584,-0.248681,-0.881413,0.321392,-0.86295,0.389902
0.90772,0.648295,1.17382,-0.857576,-0.322141,-0.400984,0.401584,0.0677776,-0.913311,0.321392,-0.944262,0.071242
0.883612,0.031625,0.852999,0.961642,-0.0640699,-0.266721,-0.0812368,0.862203,-0.500006,0.262003,0.502494,0.823926
0.883612,0.048126,0.71542,0.961642,0.0310179,-0.272549,-0.0812368,0.981218,-0.174961,0.262003,0.190391,0.9461
0.883612,0.110687,0.591781,0.961642,0.122364,-0.245503,-0.0812368,0.981884,0.171187,0.262003,-0.144677,0.954161
0.883612,0.211761,0.496996,0.961642,0.198952,-0.188847,-0.0812368,0.86412,0.496687,0.262003,-0.462294,0.847136
0.883612,0.339159,0.442497,0.961642,0.251543,-0.109412,-0.0812368,0.64213,0.762279,0.262003,-0.724152,0.637933
0.883612,0.477513,0.434857,0.961642,0.273794,-0.016781,-0.0812368,0.34269,0.93593,0.262003,-0.898666,0.351787
0.883612,0.610136,0.474998,0.961642,0.263022,0.0778742,-0.0812368,0.00191614,0.996693,0.262003,-0.964788,0.0232097
0.883612,0.721033,0.558078,0.961642,0.220525,0.163137,-0.0812368,-0.339088,0.93724,0.262003,-0.914542,-0.308167
0.883612,0.796826,0.674076,0.961642,0.15143,0.228722,-0.0812368,-0.639194,0.764743,0.262003,-0.753989,-0.602374
0.883612,0.828375,0.809001,0.961642,0.0640699,0.266721,-0.0812368,-0.862203,0.500006,0.262003,-0.502494,-0.823926
0.883612,0.811874,0.94658,0.961642,-0.0310179,0.272549,-0.0812368,-0.981218,0.174961,0.262003,-0.190391,-0.9461
0.883612,0.749313,1.07022,0.961642,-0.122364,0.245503,-0.0812368,-0.981884,-0.171187,0.262003,0.144677,-0.954161
0.883612,0.648239,1.165,0.961642,-0.198952,0.188847,-0.0812368,-0.86412,-0.496687,0.262003,0.462294,-0.847136
0.883612,0.520841,1.2195,0.961642,-0.251543,0.109412,-0.0812368,-0.64213,-0.762279,0.262003,0.724152,-0.637933
0.883612,0.382487,1.22714,0.961642,-0.273794,0.016781,-0.0812368,-0.34269,-0.93593,0.262003,0.898666,-0.351787
0.883612,0.249864,1.187,0.961642,-0.263022,-0.0778742,-0.0812368,-0.00191614,-0.996693,0.262003,0.964788,-0.0232097
0.883612,0.138967,1.10392,0.961642,-0.220525,-0.163137,-0.0812368,0.339088,-0.93724,0.262003,0.914542,0.308167
0.883612,0.0631739,0.987924,0.961642,-0.15143,-0.228722,-0.0812368,0.639194,-0.764743,0.262003,0.753989,0.602374
0.883612,0.031625,0.852999,0.961642,-0.0640699,-0.266721,-0.0812368,0.862203,-0.500006,0.262003,0.502494,0.823926
0.763622,0.0979038,0.873083,0.856221,-0.370833,-0.359679,0.156285,0.849539,-0.503844,0.492403,0.375189,0.785349
0.763622,0.103538,0.756962,0.856221,-0.225451,-0.46482,0.156285,0.97063,-0.182899,0.492403,0.083957,0.866308
0.763622,0.148549,0.64977,0.856221,-0.052877,-0.513897,0.156285,0.974649,0.160107,0.492403,-0.217401,0.842779
0.763622,0.227507,0.564438,0.856221,0.126075,-0.50099,0.156285,0.861111,0.483801,0.492403,-0.492537,0.717597
0.763622,0.330888,0.511257,0.856221,0.28982,-0.427657,0.156285,0.64371,0.749141,0.492403,-0.708267,0.505863
0.763622,0.446224,0.496641,0.856221,0.418609,-0.302741,0.156285,0.348668,0.924124,0.492403,-0.838568,0.233114
0.763622,0.559603,0.522355,0.856221,0.496908,-0.141311,0.156285,0.0115719,0.987644,0.492403,-0.867726,-0.0677514
0.763622,0.65735,0.585295,0.856221,0.515272,0.0371636,0.156285,-0.32692,0.93204,0.492403,-0.792224,-0.360445
0.763622,0.727675,0.677871,0.856221,0.471486,0.211156,0.156285,-0.625981,0.764018,0.492403,-0.621167,-0.609664
0.763622,0.762096,0.788917,0.856221,0.370833,0.359679,0.156285,-0.849539,0.503844,0.492403,-0.375189,-0.785349
0.763622,0.756462,0.905038,0.856221,0.225451,0.46482,0.156285,-0.97063,0.182899,0.492403,-0.083957,-0.866308
0.763622,0.711451,1.01223,0.856221,0.052877,0.513897,0.156285,-0.974649,-0.160107,0.492403,0.217401,-0.842779
0.763622,0.632493,1.09756,0.856221,-0.126075,0.50099,0.156285,-0.861111,-0.483801,0.492403,0.492537,-0.717597
0.763622,0.529112,1.15074,0.856221,-0.28982,0.427657,0.156285,-0.64371,-0.749141,0.492403,0.708267,-0.505863
0.763622,0.413776,1.16536,0.856221,-0.418609,0.302741,0.156285,-0.348668,-0.924124,0.492403,0.838568,-0.233114
0.763622,0.300397,1.13965,0.856221,-0.496908,0.141311,0.156285,-0.0115719,-0.987644,0.492403,0.867726,0.0677514
0.763622,0.20265,1.0767,0.856221,-0.515272,-0.0371636,0.156285,0.32692,-0.93204,0.492403,0.792224,0.360445
0.763622,0.132325,0.984129,0.856221,-0.471486,-0.211156,0.156285,0.625981,-0.764018,0.492403,0.621167,0.609664
0.763622,0.0979038,0.873083,0.856221,-0.370833,-0.359679,0.156285,0.849539,-0.503844,0.492403,0.375189,0.785349
0.674556,0.199461,0.903858,0.647527,-0.624589,-0.436575,0.374957,0.759892,-0.531009,0.663413,0.180146,0.726245
0.674556,0.188445,0.820615,0.647527,-0.437604,-0.623868,0.374957,0.895681,-0.239087,0.663413,-0.0791088,0.74406
0.674556,0.206565,0.738625,0.647527,-0.197838,-0.735914,0.374957,0.923437,0.0816725,0.663413,-0.328821,0.672131
0.674556,0.251634,0.667776,0.647527,0.0657906,-0.759197,0.374957,0.839814,0.392581,0.663413,-0.538873,0.519133
0.674556,0.318216,0.616615,0.647527,0.321484,-0.690911,0.374957,0.654896,0.656139,0.663413,-0.683929,0.30352
0.674556,0.398282,0.591312,0.647527,0.538401,-0.53929,0.374957,0.390988,0.840556,0.663413,-0.746493,0.0512978
0.674556,0.482173,0.594918,0.647527,0.69038,-0.322622,0.374957,0.0799215,0.923591,0.663413,-0.719019,-0.207112
0.674556,0.559771,0.627,0.647527,0.759088,-0.0670422,0.374957,-0.240785,0.895226,0.663413,-0.604821,-0.44054
0.674556,0.621717,0.683687,0.647527,0.736239,0.196624,0.374957,-0.532449,0.758884,0.663413,-0.417672,-0.620833
0.674556,0.660539,0.758142,0.647527,0.624589,0.436575,0.374957,-0.759892,0.531009,0.663413,-0.180146,-0.726245
0.674556,0.671555,0.841385,0.647527,0.437604,0.623868,0.374957,-0.895681,0.239087,0.663413,0.0791088,-0.74406
0.674556,0.653435,0.923375,0.647527,0.197838,0.735914,0.374957,-0.923437,-0.0816725,0.663413,0.328821,-0.672131
0.674556,0.608366,0.994224,0.647527,-0.0657906,0.759197,0.374957,-0.839814,-0.392581,0.663413,0.538873,-0.519133
0.674556,0.541784,1.04539,0.647527,-0.321484,0.690911,0.374957,-0.654896,-0.656139,0.663413,0.683929,-0.30352
0.674556,0.461718,1.07069,0.647527,-0.538401,0.53929,0.374957,-0.390988,-0.840556,0.663413,0.746493,-0.0512978
0.674556,0.377827,1.06708,0.647527,-0.69038,0.322622,0.374957,-0.0799215,-0.923591,0.663413,0.719019,0.207112
0.674556,0.300229,1.035,0.647527,-0.759088,0.0670422,0.374957,0.240785,-0.895226,0.663413,0.604821,0.44054
0.674556,0.238283,0.978313,0.647527,-0.736239,-0.196624,0.374957,0.532449,-0.758884,0.663413,0.417672,0.620833
0.674556,0.199461,0.903858,0.647527,-0.624589,-0.436575,0.374957,0.759892,-0.531009,0.663413,0.180146,0.726245
0.627155,0.324047,0.941611,0.360731,-0.794732,-0.488133,0.548404,0.604076,-0.578226,0.754404,-0.0591099,0.653743
0.627155,0.292605,0.898702,0.360731,-0.579852,-0.73051,0.548404,0.765411,-0.336749,0.754404,-0.279138,0.594101
0.627155,0.277735,0.847627,0.360731,-0.295034,-0.884776,0.548404,0.834426,-0.0546548,0.754404,-0.465499,0.462801
0.627155,0.281231,0.794547,0.360731,0.0253701,-0.932325,0.548404,0.802797,0.234032,0.754404,-0.595713,0.275681
0.627155,0.302671,0.745864,0.360731,0.342714,-0.867421,0.548404,0.674339,0.49449,0.754404,-0.654075,0.0553094
0.627155,0.339468,0.707449,0.360731,0.618721,-0.697895,0.548404,0.464545,0.695306,0.754404,-0.633547,-0.171733
0.627155,0.387185,0.683936,0.360731,0.820102,-0.444191,0.548404,0.198721,0.812258,0.754404,-0.536603,-0.378062
0.627155,0.440066,0.678161,0.360731,0.922566,-0.136912,0.548404,-0.091072,0.83124,0.754404,-0.374937,-0.538791
0.627155,0.491732,0.690821,0.360731,0.913755,0.186881,0.548404,-0.36988,0.749961,0.754404,-0.168048,-0.634534
0.627155,0.535953,0.720389,0.360731,0.794732,0.488133,0.548404,-0.604076,0.578226,0.754404,0.0591099,-0.653743
0.627155,0.567395,0.763298,0.360731,0.579852,0.73051,0.548404,-0.765411,0.336749,0.754404,0.279138,-0.594101
0.627155,0.582265,0.814373,0.360731,0.295034,0.884776,0.548404,-0.834426,0.0546548,0.754404,0.465499,-0.462801
0.627155,0.578769,0.867453,0.360731,-0.0253701,0.932325,0.548404,-0.802797,-0.234032,0.754404,0.595713,-0.275681
0.627155,0.557329,0.916136,0.360731,-0.342714,0.867421,0.548404,-0.674339,-0.49449,0.754404,0.654075,-0.0553094
0.627155,0.520532,0.954551,0.360731,-0.618721,0.697895,0.548404,-0.464545,-0.695306,0.754404,0.633547,0.171733
0.627155,0.472815,0.978064,0.360731,-0.820102,0.444191,0.548404,-0.198721,-0.812258,0.754404,0.536603,0.378062
0.627155,0.419934,0.983839,0.360731,-0.922566,0.136912,0.548404,0.091072,-0.83124,0.754404,0.374937,0.538791
0.627155,0.368268,0.971179,0.360731,-0.913755,-0.186881,0.548404,0.36988,-0.749961,0.754404,0.168048,0.634534
0.627155,0.324047,0.941611,0.360731,-0.794732,-0.488133,0.548404,0.604076,-0.578226,0.754404,-0.0591099,0.653743
0.627137,0.456634,0.981789,0.0304265,-0.860739,-0.508136,0.655705,0.400883,-0.6398,0.754404,-0.31372,0.576588
0.627137,0.403455,0.981805,0.0304265,-0.635038,-0.771882,0.655705,0.595532,-0.464105,0.754404,-0.492005,0.434517
0.627137,0.353478,0.963631,0.0304265,-0.332741,-0.942527,0.655705,0.71835,-0.232432,0.754404,-0.610947,0.240037
0.627137,0.31273,0.929461,0.0304265,0.00968882,-0.99949,0.655705,0.754525,0.0272752,0.754404,-0.6562,0.0166046
0.627137,0.286127,0.883414,0.0304265,0.35095,-0.9359,0.655705,0.699693,0.283693,0.754404,-0.622306,-0.208831
0.627137,0.276877,0.831045,0.0304265,0.649882,-0.759426,0.655705,0.560467,0.505893,0.754404,-0.513352,-0.409078
0.627137,0.286096,0.778671,0.0304265,0.870428,-0.491354,0.655705,0.353641,0.667075,0.754404,-0.34248,-0.559984
0.627137,0.312672,0.732609,0.0304265,0.985988,-0.164018,0.655705,0.104161,0.747798,0.754404,-0.1303,-0.643348
0.627137,0.353399,0.698414,0.0304265,0.982623,0.183101,0.655705,-0.157883,0.738325,0.754404,0.0975957,-0.649114
0.627137,0.403366,0.680211,0.0304265,0.860739,0.508136,0.655705,-0.400883,0.6398,0.754404,0.31372,-0.576588
0.627137,0.456545,0.680195,0.0304265,0.635038,0.771882,0.655705,-0.595532,0.464105,0.754404,0.492005,-0.434517
0.627137,0.506522,0.698369,0.0304265,0.332741,0.942527,0.655705,-0.71835,0.232432,0.754404,0.610947,-0.240037
0.627137,0.54727,0.732539,0.0304265,-0.00968882,0.99949,0.655705,-0.754525,-0.0272752,0.754404,0.6562,-0.0166046
0.627137,0.573873,0.778586,0.0304265,-0.35095,0.9359,0.655705,-0.699693,-0.283693,0.754404,0.622306,0.208831
0.627137,0.583123,0.830955,0.0304265,-0.649882,0.759426,0.655705,-0.560467,-0.505893,0.754404,0.513352,0.409078
0.627137,0.573904,0.883329,0.0304265,-0.870428,0.491354,0.655705,-0.353641,-0.667075,0.754404,0.34248,0.559984
0.627137,0.547328,0.929391,0.0304265,-0.985988,0.164018,0.655705,-0.104161,-0.747798,0.754404,0.1303,0.643348
0.627137,0.506601,0.963586,0.0304265,-0.982623,-0.183101,0.655705,0.157883,-0.738325,0.754404,-0.0975957,0.649114
0.627137,0.456634,0.981789,0.0304265,-0.860739,-0.508136,0.655705,0.400883,-0.6398,0.754404,-0.31372,0.576588
0.674504,0.581232,1.01955,-0.303548,-0.81465,-0.494169,0.683918,0.174823,-0.708303,0.663411,-0.552975,0.504087
0.674504,0.507625,1.0599,-0.303548,-0.596505,-0.742994,0.683918,0.406534,-0.605794,0.663411,-0.692035,0.284558
0.674504,0.424655,1.07264,-0.303548,-0.306412,-0.902203,0.683918,0.589211,-0.430218,0.663411,-0.747624,0.0307071
0.674504,0.34233,1.05624,-0.303548,0.0206381,-0.952593,0.683918,0.70082,-0.20275,0.663411,-0.71304,-0.226847
0.674504,0.270579,1.01267,-0.303548,0.345199,-0.888086,0.683918,0.7279,0.0491715,0.663411,-0.592452,-0.457041
0.674504,0.218057,0.947194,-0.303548,0.628124,-0.716462,0.683918,0.667185,0.295163,0.663411,-0.400405,-0.632108
0.674504,0.191098,0.867698,-0.303548,0.835288,-0.458423,0.683918,0.525997,0.505553,0.663411,-0.160064,-0.730934
0.674504,0.192955,0.783775,-0.303548,0.941704,-0.145091,0.683918,0.321366,0.654966,0.663411,0.099583,-0.741599
0.674504,0.223402,0.705549,-0.303548,0.934537,0.185741,0.683918,0.077974,0.72538,0.663411,0.347219,-0.662815
0.674504,0.278768,0.642454,-0.303548,0.81465,0.494169,0.683918,-0.174823,0.708303,0.663411,0.552975,-0.504087
0.674504,0.352375,0.6021,-0.303548,0.596505,0.742994,0.683918,-0.406534,0.605794,0.663411,0.692035,-0.284558
0.674504,0.435345,0.589355,-0.303548,0.306412,0.902203,0.683918,-0.589211,0.430218,0.663411,0.747624,-0.0307071
0.674504,0.51767,0.605756,-0.303548,-0.0206381,0.952593,0.683918,-0.70082,0.20275,0.663411,0.71304,0.226847
0.674504,0.589421,0.649325,-0.303548,-0.345199,0.888086,0.683918,-0.7279,-0.0491715,0.663411,0.592452,0.457041
0.674504,0.641943,0.714806,-0.303548,-0.628124,0.716462,0.683918,-0.667185,-0.295163,0.663411,0.400405,0.632108
0.674504,0.668902,0.794302,-0.303548,-0.835288,0.458423,0.683918,-0.525997,-0.505553,0.663411,0.160064,0.730934
0.674504,0.667045,0.878225,-0.303548,-0.941704,0.145091,0.683918,-0.321366,-0.654966,0.663411,-0.099583,0.741599
0.674504,0.636598,0.956451,-0.303548,-0.934537,-0.185741,0.683918,-0.077974,-0.72538,0.663411,-0.347219,0.662815
0.674504,0.581232,1.01955,-0.303548,-0.81465,-0.494169,0.683918,0.174823,-0.708303,0.663411,-0.552975,0.504087
0.763543,0.682811,1.05033,-0.60091,-0.662024,-0.447919,0.629641,-0.046839,-0.775473,0.492402,-0.748018,0.444983
0.763543,0.59255,1.12357,-0.60091,-0.468901,-0.647331,0.629641,0.221213,-0.744726,0.492402,-0.8551,0.16231
0.763543,0.482683,1.16152,-0.60091,-0.219223,-0.768666,0.629641,0.462584,-0.624155,0.492402,-0.859045,-0.13994
0.763543,0.366462,1.1596,-0.60091,0.0568973,-0.797289,0.629641,0.64816,-0.4283,0.492402,-0.759376,-0.425311
0.763543,0.257905,1.11806,-0.60091,0.326155,-0.729746,0.629641,0.755559,-0.180787,0.492402,-0.568115,-0.659383
0.763543,0.170104,1.04188,-0.60091,0.556073,-0.574186,0.629641,0.771826,0.0885321,0.492402,-0.308331,-0.813924
0.763543,0.113651,0.940277,-0.60091,0.718921,-0.34937,0.629641,0.694999,0.347173,0.492402,-0.0113576,-0.870294
0.763543,0.0953545,0.825489,-0.60091,0.795056,-0.0824148,0.629641,0.534345,0.56394,0.492402,0.286985,-0.821693
0.763543,0.117421,0.711366,-0.60091,0.775296,0.194481,0.629641,0.309242,0.712687,0.492402,0.550714,-0.673984
0.763543,0.177189,0.611672,-0.60091,0.662024,0.447919,0.629641,0.046839,0.775473,0.492402,0.748018,-0.444983
0.763543,0.26745,0.538433,-0.60091,0.468901,0.647331,0.629641,-0.221213,0.744726,0.492402,0.8551,-0.16231
0.763543,0.377317,0.500482,-0.60091,0.219223,0.768666,0.629641,-0.462584,0.624155,0.492402,0.859045,0.13994
0.763543,0.493538,0.502395,-0.60091,-0.0568973,0.797289,0.629641,-0.64816,0.4283,0.492402,0.759376,0.425311
0.763543,0.602095,0.543944,-0.60091,-0.326155,0.729746,0.629641,-0.755559,0.180787,0.492402,0.568115,0.659383
0.763543,0.689896,0.620116,-0.60091,-0.556073,0.574186,0.629641,-0.771826,-0.0885321,0.492402,0.308331,0.813924
0.763543,0.746349,0.721723,-0.60091,-0.718921,0.34937,0.629641,-0.694999,-0.347173,0.492402,0.0113576,0.870294
0.763543,0.764646,0.836511,-0.60091,-0.795056,0.0824148,0.629641,-0.534345,-0.56394,0.492402,-0.286985,0.821693
0.763543,0.742579,0.950634,-0.60091,-0.775296,-0.194481,0.629641,-0.309242,-0.712687,0.492402,-0.550714,0.673984
0.763543,0.682811,1.05033,-0.60091,-0.662024,-0.447919,0.629641,-0.046839,-0.775473,0.492402,-0.748018,0.444983
0.883514,0.74912,1.07042,-0.825794,-0.421268,-0.374963,0.499419,-0.237367,-0.833209,0.262001,-0.875323,0.406406
0.883514,0.647988,1.16513,-0.825794,-0.267618,-0.496432,0.499419,0.0619223,-0.864145,0.262001,-0.961533,0.0825185
0.883514,0.520563,1.21953,-0.825794,-0.0816888,-0.558024,0.499419,0.353743,-0.790852,0.262001,-0.931769,-0.251322
0.883514,0.382215,1.22708,-0.825794,0.114093,-0.55231,0.499419,0.602897,-0.62217,0.262001,-0.789619,-0.554849
0.883514,0.249631,1.18685,-0.825794,0.296114,-0.47998,0.499419,0.779332,-0.378446,0.262001,-0.55223,-0.791453
0.883514,0.138802,1.1037,-0.825794,0.442419,-0.349757,0.499419,0.861769,-0.0890756,0.262001,-0.248233,-0.932596
0.883514,0.0630952,0.987655,-0.825794,0.535361,-0.177348,0.499419,0.840264,0.211039,0.262001,0.0857037,-0.961255
0.883514,0.0316431,0.852719,-0.825794,0.563732,0.0164521,0.499419,0.71741,0.485699,0.262001,0.409304,-0.873971
0.883514,0.0482386,0.715163,-0.825794,0.524108,0.208267,0.499419,0.508026,0.701776,0.262001,0.683535,-0.681274
0.883514,0.11088,0.591579,-0.825794,0.421268,0.374963,0.499419,0.237367,0.833209,0.262001,0.875323,-0.406406
0.883514,0.212012,0.496872,-0.825794,0.267618,0.496432,0.499419,-0.0619223,0.864145,0.262001,0.961533,-0.0825185
0.883514,0.339437,0.442466,-0.825794,0.0816888,0.558024,0.499419,-0.353743,0.790852,0.262001,0.931769,0.251322
0.883514,0.477785,0.434924,-0.825794,-0.114093,0.55231,0.499419,-0.602897,0.62217,0.262001,0.789619,0.554849
0.883514,0.610369,0.475153,-0.825794,-0.296114,0.47998,0.499419,-0.779332,0.378446,0.262001,0.55223,0.791453
0.883514,0.721198,0.558303,-0.825794,-0.442419,0.349757,0.499419,-0.861769,0.0890756,0.262001,0.248233,0.932596
0.883514,0.796905,0.674345,-0.825794,-0.535361,0.177348,0.499419,-0.840264,-0.211039,0.262001,-0.0857037,0.961255
0.883514,0.828357,0.809281,-0.825794,-0.563732,-0.0164521,0.499419,-0.71741,-0.485699,0.262001,-0.409304,0.873971
0.883514,0.811761,0.946837,-0.825794,-0.524108,-0.208267,0.499419,-0.508026,-0.701776,0.262001,-0.683535,0.681274
0.883514,0.74912,1.07042,-0.825794,-0.421268,-0.374963,0.499419,-0.237367,-0.833209,0.262001,-0.875323,0.406406
0.875863,0.0532056,0.708368,0.985232,-0.0258809,-0.16926,-0.00862081,0.97976,-0.199991,0.17101,0.198497,0.965067
0.875863,0.117872,0.586892,0.985232,0.0335702,-0.167904,-0.00862081,0.989074,0.147167,0.17101,-0.143546,0.974756
0.875863,0.220185,0.494859,0.985232,0.0889723,-0.146297,-0.00862081,0.879091,0.476575,0.17101,-0.468276,0.866876
0.875863,0.347806,0.44337,0.985232,0.133643,-0.107044,-0.00862081,0.663078,0.748501,0.17101,-0.736524,0.654437
0.875863,0.48534,0.438635,0.985232,0.162194,-0.0548794,-0.00862081,0.367087,0.930147,0.17101,-0.915937,0.363064
0.875863,0.616199,0.481225,0.985232,0.171183,0.00390399,-0.00862081,0.0268196,0.999603,0.17101,-0.984874,0.0278993
0.875863,0.7246,0.566003,0.985232,0.159524,0.0622165,-0.00862081,-0.316682,0.948493,0.17101,-0.935021,-0.31063
0.875863,0.797468,0.682743,0.985232,0.128624,0.113025,-0.00862081,-0.621987,0.78298,0.17101,-0.772391,-0.611693
0.875863,0.826014,0.817365,0.985232,0.0822104,0.150201,-0.00862081,-0.852272,0.523028,0.17101,-0.516599,-0.838976
0.875863,0.806794,0.953632,0.985232,0.0258809,0.16926,-0.00862081,-0.97976,0.199991,0.17101,-0.198497,-0.965067
0.875863,0.742128,1.07511,0.985232,-0.0335702,0.167904,-0.00862081,-0.989074,-0.147167,0.17101,0.143546,-0.974756
0.875863,0.639815,1.16714,0.985232,-0.0889723,0.146297,-0.00862081,-0.879091,-0.476575,0.17101,0.468276,-0.866876
0.875863,0.512194,1.21863,0.985232,-0.133643,0.107044,-0.00862081,-0.663078,-0.748501,0.17101,0.736524,-0.654437
0.875863,0.37466,1.22336,0.985232,-0.162194,0.0548794,-0.00862081,-0.367087,-0.930147,0.17101,0.915937,-0.363064
0.875863,0.243801,1.18078,0.985232,-0.171183,-0.00390399,-0.00862081,-0.0268196,-0.999603,0.17101,0.984874,-0.0278993
0.875863,0.1354,1.096,0.985232,-0.159524,-0.0622165,-0.00862081,0.316682,-0.948493,0.17101,0.935021,0.31063
0.875863,0.0625321,0.979257,0.985232,-0.128624,-0.113025,-0.00862081,0.621987,-0.78298,0.17101,0.772391,0.611693
0.875863,0.0339863,0.844635,0.985232,-0.0822104,-0.150201,-0.00862081,0.852272,-0.523028,0.17101,0.516599,0.838976
0.875863,0.0532056,0.708368,0.985232,-0.0258809,-0.16926,-0.00862081,0.97976,-0.199991,0.17101,0.198497,0.965067
0.749059,0.12325,0.729593,0.900555,-0.344106,-0.265692,0.292759,0.931812,-0.214521,0.321393,0.115404,0.939888
0.749059,0.176432,0.630794,0.900555,-0.232482,-0.36736,0.292759,0.948987,0.117114,0.321393,-0.213016,0.922676
0.749059,0.260199,0.556143,0.900555,-0.092817,-0.424719,0.292759,0.851701,0.434624,0.321393,-0.515743,0.794176
0.749059,0.364446,0.514643,0.900555,0.0580429,-0.43085,0.292759,0.651687,0.699712,0.321393,-0.756264,0.569887
0.749059,0.4766,0.511301,0.900555,0.201902,-0.385015,0.292759,0.373069,0.880404,0.321393,-0.905569,0.276861
0.749059,0.583133,0.546519,0.900555,0.321409,-0.292741,0.292759,0.0494547,0.954907,0.321393,-0.945648,-0.0495586
0.749059,0.671196,0.61605,0.900555,0.402149,-0.165159,0.292759,-0.280125,0.914233,0.321393,-0.871669,-0.370001
0.749059,0.730167,0.711507,0.900555,0.434384,-0.0176552,0.292759,-0.575918,0.76329,0.321393,-0.692553,-0.645815
0.749059,0.752934,0.821377,0.900555,0.414226,0.131978,0.292759,-0.802246,0.520282,0.321393,-0.429905,-0.843735
0.749059,0.73675,0.932407,0.900555,0.344106,0.265692,0.292759,-0.931812,0.214521,0.321393,-0.115404,-0.939888
0.749059,0.683568,1.03121,0.900555,0.232482,0.36736,0.292759,-0.948987,-0.117114,0.321393,0.213016,-0.922676
0.749059,0.599801,1.10586,0.900555,0.092817,0.424719,0.292759,-0.851701,-0.434624,0.321393,0.515743,-0.794176
0.749059,0.495554,1.14736,0.900555,-0.0580429,0.43085,0.292759,-0.651687,-0.699712,0.321393,0.756264,-0.569887
0.749059,0.3834,1.1507,0.900555,-0.201902,0.385015,0.292759,-0.373069,-0.880404,0.321393,0.905569,-0.276861
0.749059,0.276867,1.11548,0.900555,-0.321409,0.292741,0.292759,-0.0494547,-0.954907,0.321393,0.945648,0.0495586
0.749059,0.188804,1.04595,0.900555,-0.402149,0.165159,0.292759,0.280125,-0.914233,0.321393,0.871669,0.370001
0.749059,0.129833,0.950493,0.900555,-0.434384,0.0176552,0.292759,0.575918,-0.76329,0.321393,0.692553,0.645815
0.749059,0.107066,0.840623,0.900555,-0.414226,-0.131978,0.292759,0.802246,-0.520282,0.321393,0.429905,0.843735
0.749059,0.12325,0.729593,0.900555,-0.344106,-0.265692,0.292759,0.931812,-0.214521,0.321393,0.115404,0.939888
0.654934,0.230575,0.762116,0.707258,-0.615423,-0.347909,0.558827,0.788107,-0.258068,0.433011,-0.0119006,0.90131
0.654934,0.266162,0.698063,0.707258,-0.459317,-0.537415,0.558827,0.828843,0.027044,0.433011,-0.319449,0.842884
0.654934,0.32151,0.650044,0.707258,-0.24781,-0.6621,0.558827,0.769608,0.308894,0.433011,-0.588467,0.682794
0.654934,0.389943,0.623851,0.707258,-0.00641336,-0.706927,0.558827,0.617547,0.553487,0.433011,-0.786508,0.440349
0.654934,0.463208,0.622644,0.707258,0.235757,-0.666487,0.558827,0.391001,0.731321,0.433011,-0.889684,0.144791
0.654934,0.532467,0.646567,0.707258,0.449491,-0.54566,0.558827,0.117294,0.820947,0.433011,-0.885551,-0.168231
0.654934,0.589368,0.692735,0.707258,0.60901,-0.359017,0.558827,-0.17056,0.811555,0.433011,-0.774607,-0.460961
0.654934,0.627046,0.755581,0.707258,0.695073,-0.129072,0.558827,-0.437842,0.704277,0.433011,-0.570235,-0.698093
0.654934,0.640957,0.827523,0.707258,0.6973,0.116441,0.558827,-0.652314,0.512053,0.433011,-0.297083,-0.851025
0.654934,0.629425,0.899884,0.707258,0.615423,0.347909,0.558827,-0.788107,0.258068,0.433011,0.0119006,-0.90131
0.654934,0.593838,0.963937,0.707258,0.459317,0.537415,0.558827,-0.828843,-0.027044,0.433011,0.319449,-0.842884
0.654934,0.53849,1.01196,0.707258,0.24781,0.6621,0.558827,-0.769608,-0.308894,0.433011,0.588467,-0.682794
0.654934,0.470057,1.03815,0.707258,0.00641336,0.706927,0.558827,-0.617547,-0.553487,0.433011,0.786508,-0.440349
0.654934,0.396792,1.03936,0.707258,-0.235757,0.666487,0.558827,-0.391001,-0.731321,0.433011,0.889684,-0.144791
0.654934,0.327533,1.01543,0.707258,-0.449491,0.54566,0.558827,-0.117294,-0.820947,0.433011,0.885551,0.168231
0.654934,0.270632,0.969265,0.707258,-0.60901,0.359017,0.558827,0.17056,-0.811555,0.433011,0.774607,0.460961
0.654934,0.232954,0.906419,0.707258,-0.695073,0.129072,0.558827,0.437842,-0.704277,0.433011,0.570235,0.698093
