0.658953,0.16333,0.930258,0.308961,-0.160671,0.937405,0.951075,0.0521982,-0.304519,-3.49349e-06,0.985627,0.168937
0.907818,0.169116,0.61833,0.92986,0.324333,-0.173694,-0.179072,0.811381,0.556412,0.321394,-0.486282,0.812549
0.907818,0.300966,0.567915,0.92986,0.36418,-0.0522903,-0.179072,0.572144,0.800365,0.321394,-0.734863,0.597228
0.907818,0.442106,0.565635,0.92986,0.360101,0.07542,-0.179072,0.263899,0.947782,0.321394,-0.89481,0.309873
0.907818,0.575515,0.611766,0.92986,0.31259,0.194034,-0.179072,-0.0761769,0.980882,0.321394,-0.946829,-0.0148577
0.907818,0.685101,0.700744,0.92986,0.227375,0.289244,-0.179072,-0.407064,0.895674,0.321394,-0.884646,-0.337796
0.907818,0.757645,0.821835,0.92986,0.114735,0.349567,-0.179072,-0.688854,0.702434,0.321394,-0.715763,-0.619992
0.907818,0.784399,0.960436,0.92986,-0.0117432,0.367727,-0.179072,-0.887558,0.42447,0.321394,-0.460547,-0.827407
0.907818,0.762135,1.09983,0.92986,-0.136805,0.341534,-0.179072,-0.979209,0.0953088,0.321394,-0.149783,-0.935024
0.907818,0.693539,1.2232,0.92986,-0.245366,0.274147,-0.179072,-0.952753,-0.245348,0.321394,0.179047,-0.929864
0.907818,0.586884,1.31567,0.92986,-0.324333,0.173694,-0.179072,-0.811381,-0.556412,0.321394,0.486282,-0.812549
0.907818,0.455034,1.36609,0.92986,-0.36418,0.0522903,-0.179072,-0.572144,-0.800365,0.321394,0.734863,-0.597228
0.907818,0.313894,1.36836,0.92986,-0.360101,-0.07542,-0.179072,-0.263899,-0.947782,0.321394,0.89481,-0.309873
0.907818,0.180485,1.32223,0.92986,-0.31259,-0.194034,-0.179072,0.0761769,-0.980882,0.321394,0.946829,0.0148577
0.907818,0.0708992,1.23326,0.92986,-0.227375,-0.289244,-0.179072,0.407064,-0.895674,0.321394,0.884646,0.337796
0.907818,-0.00164541,1.11216,0.92986,-0.114735,-0.349567,-0.179072,0.688854,-0.702434,0.321394,0.715763,0.619992
0.907818,-0.0283992,0.973564,0.92986,0.0117432,-0.367727,-0.179072,0.887558,-0.42447,0.321394,0.460547,0.827407
0.907818,-0.00613525,0.834171,0.92986,0.136805,-0.341534,-0.179072,0.979209,-0.0953088,0.321394,0.149783,0.935024
0.907818,0.0624611,0.7108,0.92986,0.245366,-0.274147,-0.179072,0.952753,0.245348,0.321394,-0.179047,0.929864
0.907818,0.169116,0.61833,0.92986,0.324333,-0.173694,-0.179072,0.811381,0.556412,0.321394,-0.486282,0.812549
0.809114,0.159493,0.674477,0.796489,0.375757,-0.47372,-0.0275851,0.805225,0.592328,0.604023,-0.458715,0.651718
0.809114,0.272719,0.617384,0.796489,0.515118,-0.316635,-0.0275851,0.554076,0.832009,0.604023,-0.653952,0.455525
0.809114,0.398644,0.60246,0.796489,0.592348,-0.121359,-0.0275851,0.236097,0.971338,0.604023,-0.770313,0.204389
0.809114,0.522079,0.631505,0.796489,0.598133,0.0885551,-0.0275851,-0.110359,0.993509,0.604023,-0.793762,-0.0713999
0.809114,0.628136,0.701016,0.796489,0.531773,0.287788,-0.0275851,-0.443503,0.895848,0.604023,-0.721472,-0.338577
0.809114,0.704023,0.802608,0.796489,0.401274,0.452309,-0.0275851,-0.723155,0.690135,0.604023,-0.562162,-0.564916
0.809114,0.740586,0.924029,0.796489,0.222375,0.562276,-0.0275851,-0.915583,0.401181,0.604023,-0.335047,-0.723118
0.809114,0.733417,1.05063,0.796489,0.0166549,0.604423,-0.0275851,-0.997579,0.063839,0.604023,-0.0675201,-0.794102
0.809114,0.683379,1.16715,0.796489,-0.191074,0.573668,-0.0275851,-0.959252,-0.281203,0.604023,0.208151,-0.769305
0.809114,0.596507,1.25952,0.796489,-0.375757,0.47372,-0.0275851,-0.805225,-0.592328,0.604023,0.458715,-0.651718
0.809114,0.483281,1.31662,0.796489,-0.515118,0.316635,-0.0275851,-0.554076,-0.832009,0.604023,0.653952,-0.455525
0.809114,0.357356,1.33154,0.796489,-0.592348,0.121359,-0.0275851,-0.236097,-0.971338,0.604023,0.770313,-0.204389
0.809114,0.233921,1.30249,0.796489,-0.598133,-0.0885551,-0.0275851,0.110359,-0.993509,0.604023,0.793762,0.0713999
0.809114,0.127864,1.23298,0.796489,-0.531773,-0.287788,-0.0275851,0.443503,-0.895848,0.604023,0.721472,0.338577
0.809114,0.0519774,1.13139,0.796489,-0.401274,-0.452309,-0.0275851,0.723155,-0.690135,0.604023,0.562162,0.564916
0.809114,0.0154137,1.00997,0.796489,-0.222375,-0.562276,-0.0275851,0.915583,-0.401181,0.604023,0.335047,0.723118
0.809114,0.0225832,0.883368,0.796489,-0.0166549,-0.604423,-0.0275851,0.997579,-0.063839,0.604023,0.0675201,0.794102
0.809114,0.0726213,0.766852,0.796489,0.191074,-0.573668,-0.0275851,0.959252,0.281203,0.604023,-0.208151,0.769305
0.809114,0.159493,0.674477,0.796489,0.375757,-0.47372,-0.0275851,0.805225,0.592328,0.604023,-0.458715,0.651718
0.735846,0.144746,0.760511,0.567051,0.416374,-0.710694,0.127229,0.808193,0.57501,0.813797,-0.416481,0.405312
0.735846,0.229437,0.693186,0.567051,0.634335,-0.525425,0.127229,0.562788,0.816751,0.813797,-0.529989,0.238423
0.735846,0.332046,0.658888,0.567051,0.775786,-0.276783,0.127229,0.249502,0.95998,0.813797,-0.579572,0.0427777
0.735846,0.440198,0.661752,0.567051,0.823666,0.00524392,0.127229,-0.0938772,0.987421,0.813797,-0.559251,-0.158028
0.735846,0.540848,0.701433,0.567051,0.772199,0.286638,0.127229,-0.425933,0.895764,0.813797,-0.471475,-0.339772
0.735846,0.621856,0.773146,0.567051,0.627594,0.533459,0.127229,-0.706616,0.696065,0.813797,-0.326833,-0.480536
0.735846,0.673452,0.868241,0.567051,0.407292,0.715938,0.127229,-0.90207,0.41241,0.813797,-0.142769,-0.563339
0.735846,0.689411,0.975247,0.567051,0.137864,0.812063,0.127229,-0.988721,0.0790129,0.813797,0.0585139,-0.578196
0.735846,0.66781,1.08126,0.567051,-0.148192,0.810242,0.127229,-0.956118,-0.263915,0.813797,0.25274,-0.523313
0.735846,0.611254,1.17349,0.567051,-0.416374,0.710694,0.127229,-0.808193,-0.57501,0.813797,0.416481,-0.405312
0.735846,0.526563,1.24081,0.567051,-0.634335,0.525425,0.127229,-0.562788,-0.816751,0.813797,0.529989,-0.238423
0.735846,0.423954,1.27511,0.567051,-0.775786,0.276783,0.127229,-0.249502,-0.95998,0.813797,0.579572,-0.0427777
0.735846,0.315802,1.27225,0.567051,-0.823666,-0.00524392,0.127229,0.0938772,-0.987421,0.813797,0.559251,0.158028
0.735846,0.215152,1.23257,0.567051,-0.772199,-0.286638,0.127229,0.425933,-0.895764,0.813797,0.471475,0.339772
0.735846,0.134144,1.16085,0.567051,-0.627594,-0.533459,0.127229,0.706616,-0.696065,0.813797,0.326833,0.480536
0.735846,0.0825484,1.06576,0.567051,-0.407292,-0.715938,0.127229,0.90207,-0.41241,0.813797,0.142769,0.563339
0.735846,0.0665887,0.958753,0.567051,-0.137864,-0.812063,0.127229,0.988721,-0.0790129,0.813797,-0.0585139,0.578196
0.735846,0.0881898,0.852741,0.567051,0.148192,-0.810242,0.127229,0.956118,0.263915,0.813797,-0.25274,0.523313
0.735846,0.144746,0.760511,0.567051,0.416374,-0.710694,0.127229,0.808193,0.57501,0.813797,-0.416481,0.405312
0.696852,0.126656,0.866056,0.269218,0.441285,-0.856031,0.266698,0.819927,0.506549,0.925416,-0.364674,0.103049
0.696852,0.176339,0.786179,0.269218,0.707452,-0.653478,0.266698,0.59723,0.756432,0.925416,-0.377926,-0.0278912
0.696852,0.250345,0.728111,0.269218,0.88829,-0.372105,0.266698,0.302497,0.915078,0.925416,-0.345595,-0.155467
0.696852,0.339748,0.698857,0.269218,0.961987,-0.0458514,0.266698,-0.0287205,0.963352,0.925416,-0.27158,-0.264292
0.696852,0.433765,0.701946,0.269218,0.919654,0.285933,0.266698,-0.356474,0.895432,0.925416,-0.164809,-0.341239
0.696852,0.521056,0.737003,0.269218,0.766398,0.583229,0.266698,-0.641232,0.719509,0.925416,-0.0381587,-0.377028
0.696852,0.591092,0.799802,0.269218,0.520702,0.81018,0.266698,-0.848648,0.456803,0.925416,0.0930936,-0.367341
0.696852,0.635427,0.882767,0.269218,0.212202,0.93941,0.266698,-0.953704,0.139,0.925416,0.213117,-0.313348
0.696852,0.648711,0.975892,0.269218,-0.121893,0.955334,0.266698,-0.943729,-0.195569,0.925416,0.307436,-0.22156
0.696852,0.629344,1.06794,0.269218,-0.441285,0.856031,0.266698,-0.819927,-0.506549,0.925416,0.364674,-0.103049
0.696852,0.579661,1.14782,0.269218,-0.707452,0.653478,0.266698,-0.59723,-0.756432,0.925416,0.377926,0.0278912
0.696852,0.505655,1.20589,0.269218,-0.88829,0.372105,0.266698,-0.302497,-0.915078,0.925416,0.345595,0.155467
0.696852,0.416252,1.23514,0.269218,-0.961987,0.0458514,0.266698,0.0287205,-0.963352,0.925416,0.27158,0.264292
0.696852,0.322235,1.23205,0.269218,-0.919654,-0.285933,0.266698,0.356474,-0.895432,0.925416,0.164809,0.341239
0.696852,0.234944,1.197,0.269218,-0.766398,-0.583229,0.266698,0.641232,-0.719509,0.925416,0.0381587,0.377028
0.696852,0.164908,1.1342,0.269218,-0.520702,-0.81018,0.266698,0.848648,-0.456803,0.925416,-0.0930936,0.367341
0.696852,0.120573,1.05123,0.269218,-0.212202,-0.93941,0.266698,0.953704,-0.139,0.925416,-0.213117,0.313348
0.696852,0.107289,0.958108,0.269218,0.121893,-0.955334,0.266698,0.943729,0.195569,0.925416,-0.307436,0.22156
0.696852,0.126656,0.866056,0.269218,0.441285,-0.856031,0.266698,0.819927,0.506549,0.925416,-0.364674,0.103049
0.696834,0.107404,0.97838,-0.061087,0.447485,-0.892203,0.373999,0.839012,0.3952,0.925415,-0.309541,-0.218612
0.696834,0.11983,0.885144,-0.061087,0.72565,-0.685347,0.373999,0.653247,0.658326,0.925415,-0.216104,-0.311297
0.696834,0.163396,0.801782,-0.061087,0.91629,-0.395829,0.373999,0.388691,0.842048,0.925415,-0.0966014,-0.366435
0.696834,0.232846,0.738347,-0.061087,0.996413,-0.058568,0.373999,0.0772525,0.924206,0.925415,0.0345526,-0.377376
0.696834,0.319804,0.702491,-0.061087,0.956353,0.285757,0.373999,-0.243503,0.894892,0.925415,0.161539,-0.3428
0.696834,0.413781,0.698538,-0.061087,0.800943,0.595616,0.373999,-0.534889,0.75764,0.925415,0.269042,-0.266877
0.696834,0.503443,0.726967,-0.061087,0.548928,0.833635,0.373999,-0.76176,0.529006,0.925415,0.344094,-0.158765
0.696834,0.577974,0.784346,-0.061087,0.230703,0.971105,0.373999,-0.896751,0.236566,0.925415,0.377643,-0.031503
0.696834,0.628385,0.863757,-0.061087,-0.115347,0.991445,0.373999,-0.92358,-0.0844078,0.925415,0.365643,0.0995584
0.696834,0.648596,0.95562,-0.061087,-0.447485,0.892203,0.373999,-0.839012,-0.3952,0.925415,0.309541,0.218612
0.696834,0.63617,1.04886,-0.061087,-0.72565,0.685347,0.373999,-0.653247,-0.658326,0.925415,0.216104,0.311297
0.696834,0.592604,1.13222,-0.061087,-0.91629,0.395829,0.373999,-0.388691,-0.842048,0.925415,0.0966014,0.366435
0.696834,0.523154,1.19565,-0.061087,-0.996413,0.058568,0.373999,-0.0772525,-0.924206,0.925415,-0.0345526,0.377376
0.696834,0.436196,1.23151,-0.061087,-0.956353,-0.285757,0.373999,0.243503,-0.894892,0.925415,-0.161539,0.3428
0.696834,0.342219,1.23546,-0.061087,-0.800943,-0.595616,0.373999,0.534889,-0.75764,0.925415,-0.269042,0.266877
0.696834,0.252557,1.20703,-0.061087,-0.548928,-0.833635,0.373999,0.76176,-0.529006,0.925415,-0.344094,0.158765
0.696834,0.178026,1.14965,-0.061087,-0.230703,-0.971105,0.373999,0.896751,-0.236566,0.925415,-0.377643,0.031503
0.696834,0.127615,1.07024,-0.061087,0.115347,-0.991445,0.373999,0.92358,0.0844078,0.925415,-0.365643,-0.0995584
0.696834,0.107404,0.97838,-0.061087,0.447485,-0.892203,0.373999,0.839012,0.3952,0.925415,-0.309541,-0.218612
0.735794,0.0893112,1.08394,-0.384024,0.434226,-0.814846,0.43619,0.863146,0.254396,0.813796,-0.257733,-0.520874
0.735794,0.0667265,0.978147,-0.384024,0.686733,-0.61719,0.43619,0.724084,0.534267,0.813796,-0.0640409,-0.577611
0.735794,0.0816859,0.871013,-0.384024,0.856409,-0.345093,0.43619,0.497686,0.749698,0.813796,0.137376,-0.56468
0.735794,0.132385,0.775457,-0.384024,0.92279,-0.0313721,0.43619,0.21126,0.874704,0.813796,0.322223,-0.483641
0.735794,0.212709,0.703003,-0.384024,0.877869,0.286133,0.43619,-0.100647,0.894208,0.813796,0.468205,-0.344267
0.735794,0.31297,0.662391,-0.384024,0.727064,0.569126,0.43619,-0.400415,0.805858,0.813796,0.557715,-0.163369
0.735794,0.421074,0.65852,-0.384024,0.488564,0.783474,0.43619,-0.651886,0.620309,0.813796,0.579957,0.0372331
0.735794,0.523983,0.691856,-0.384024,0.191136,0.903323,0.43619,-0.824731,0.359941,0.813796,0.532246,0.233345
0.735794,0.609284,0.758378,-0.384024,-0.129345,0.914219,0.43619,-0.8981,0.0561597,0.813796,0.42034,0.401311
0.735794,0.666689,0.850063,-0.384024,-0.434226,0.814846,0.43619,-0.863146,-0.254396,0.813796,0.257733,0.520874
0.735794,0.689274,0.955853,-0.384024,-0.686733,0.61719,0.43619,-0.724084,-0.534267,0.813796,0.0640409,0.577611
0.735794,0.674314,1.06299,-0.384024,-0.856409,0.345093,0.43619,-0.497686,-0.749698,0.813796,-0.137376,0.56468
0.735794,0.623615,1.15854,-0.384024,-0.92279,0.0313721,0.43619,-0.21126,-0.874704,0.813796,-0.322223,0.483641
0.735794,0.543291,1.231,-0.384024,-0.877869,-0.286133,0.43619,0.100647,-0.894208,0.813796,-0.468205,0.344267
0.735794,0.44303,1.27161,-0.384024,-0.727064,-0.569126,0.43619,0.400415,-0.805858,0.813796,-0.557715,0.163369
0.735794,0.334926,1.27548,-0.384024,-0.488564,-0.783474,0.43619,0.651886,-0.620309,0.813796,-0.579957,-0.0372331
0.735794,0.232017,1.24214,-0.384024,-0.191136,-0.903323,0.43619,0.824731,-0.359941,0.813796,-0.532246,-0.233345
0.735794,0.146716,1.17562,-0.384024,0.129345,-0.914219,0.43619,0.8981,-0.0561597,0.813796,-0.42034,-0.401311
0.735794,0.0893112,1.08394,-0.384024,0.434226,-0.814846,0.43619,0.863146,0.254396,0.813796,-0.257733,-0.520874
0.809034,0.074561,1.16999,-0.660642,0.403107,-0.63329,0.44577,0.889418,0.101117,0.604021,-0.2155,-0.76728
0.809034,0.0234326,1.05397,-0.660642,0.595395,-0.457228,0.44577,0.801195,0.399218,0.604021,0.0599218,-0.794712
0.809034,0.0150702,0.927456,-0.660642,0.71587,-0.226016,0.44577,0.616337,0.649167,0.604021,0.328116,-0.726291
0.809034,0.0504825,0.805711,-0.660642,0.749999,0.0324561,0.44577,0.357139,0.820817,0.604021,0.556734,-0.570268
0.809034,0.125398,0.703421,-0.660642,0.693668,0.287014,0.44577,0.0548646,0.893465,0.604021,0.718202,-0.345462
0.809034,0.230782,0.632921,-0.660642,0.553671,0.506953,0.44577,-0.254027,0.858347,0.604021,0.793044,-0.0789889
0.809034,0.353921,0.602717,-0.660642,0.346892,0.665747,0.44577,-0.532279,0.7197,0.604021,0.772234,0.197012
0.809034,0.479966,0.616451,-0.660642,0.098273,0.744241,0.44577,-0.746331,0.494246,0.604021,0.65828,0.44925
0.809034,0.593711,0.672466,-0.660642,-0.162199,0.732969,0.44577,-0.870364,0.20918,0.604021,0.464929,0.647302
0.809034,0.681439,0.764006,-0.660642,-0.403107,0.63329,0.44577,-0.889418,-0.101117,0.604021,0.2155,0.76728
0.809034,0.732567,0.88003,-0.660642,-0.595395,0.457228,0.44577,-0.801195,-0.399218,0.604021,-0.0599218,0.794712
0.809034,0.74093,1.00654,-0.660642,-0.71587,0.226016,0.44577,-0.616337,-0.649167,0.604021,-0.328116,0.726291
0.809034,0.705517,1.12829,-0.660642,-0.749999,-0.0324561,0.44577,-0.357139,-0.820817,0.604021,-0.556734,0.570268
0.809034,0.630602,1.23058,-0.660642,-0.693668,-0.287014,0.44577,-0.0548646,-0.893465,0.604021,-0.718202,0.345462
0.809034,0.525218,1.30108,-0.660642,-0.553671,-0.506953,0.44577,0.254027,-0.858347,0.604021,-0.793044,0.0789889
0.809034,0.402079,1.33128,-0.660642,-0.346892,-0.665747,0.44577,0.532279,-0.7197,0.604021,-0.772234,-0.197012
0.809034,0.276034,1.31755,-0.660642,-0.098273,-0.744241,0.44577,0.746331,-0.494246,0.604021,-0.65828,-0.44925
0.809034,0.162289,1.26153,-0.660642,0.162199,-0.732969,0.44577,0.870364,-0.20918,0.604021,-0.464929,-0.647302
0.809034,0.074561,1.16999,-0.660642,0.403107,-0.63329,0.44577,0.889418,0.101117,0.604021,-0.2155,-0.76728
0.90772,0.0649322,1.22617,-0.857576,0.357883,-0.369435,0.401584,0.914659,-0.0461464,0.321392,-0.187933,-0.92811
0.90772,-0.00482948,1.10347,-0.857576,0.462654,-0.224753,0.401584,0.875281,0.269468,0.321392,0.140833,-0.936415
0.90772,-0.0284163,0.964301,-0.857576,0.511623,-0.0529613,0.401584,0.730332,0.552581,0.321392,0.452612,-0.831775
0.90772,-0.00298325,0.825461,-0.857576,0.498882,0.125218,0.401584,0.497293,0.769045,0.321392,0.7098,-0.62681
0.90772,0.068402,0.703693,-0.857576,0.425969,0.288294,0.401584,0.204274,0.89275,0.321392,0.881376,-0.346243
0.90772,0.177129,0.613684,-0.857576,0.301677,0.416598,0.401584,-0.113384,0.908776,0.321392,0.946644,-0.0239136
0.90772,0.310085,0.566289,-0.857576,0.140999,0.494653,0.401584,-0.417365,0.815191,0.321392,0.897733,0.3013
0.90772,0.451231,0.567227,-0.857576,-0.0366857,0.513047,0.401584,-0.671007,0.623282,0.321392,0.740543,0.590172
0.90772,0.583546,0.616383,-0.857576,-0.209946,0.469559,0.401584,-0.843715,0.356195,0.321392,0.494032,0.807861
0.90772,0.691068,0.707828,-0.857576,-0.357883,0.369435,0.401584,-0.914659,0.0461464,0.321392,0.187933,0.92811
0.90772,0.760829,0.830534,-0.857576,-0.462654,0.224753,0.401584,-0.875281,-0.269468,0.321392,-0.140833,0.936415
0.90772,0.784416,0.969699,-0.857576,-0.511623,0.0529613,0.401584,-0.730332,-0.552581,0.321392,-0.452612,0.831775
0.90772,0.758983,1.10854,-0.857576,-0.498882,-0.125218,0.401584,-0.497293,-0.769045,0.321392,-0.7098,0.62681
0.90772,0.687598,1.23031,-0.857576,-0.425969,-0.288294,0.401584,-0.204274,-0.89275,0.321392,-0.881376,0.346243
0.90772,0.578871,1.32032,-0.857576,-0.301677,-0.416598,0.401584,0.113384,-0.908776,0.321392,-0.946644,0.0239136
0.90772,0.445915,1.36771,-0.857576,-0.140999,-0.494653,0.401584,0.417365,-0.815191,0.321392,-0.897733,-0.3013
0.90772,0.304769,1.36677,-0.857576,0.0366857,-0.513047,0.401584,0.671007,-0.623282,0.321392,-0.740543,-0.590172
0.90772,0.172454,1.31762,-0.857576,0.209946,-0.469559,0.401584,0.843715,-0.356195,0.321392,-0.494032,-0.807861
0.90772,0.0649322,1.22617,-0.857576,0.357883,-0.369435,0.401584,0.914659,-0.0461464,0.321392,-0.187933,-0.92811
0.883612,0.306708,0.574439,0.961642,0.256702,-0.096691,-0.0812368,0.603191,0.793449,0.262003,-0.755159,0.600907
0.883612,0.445271,0.57373,0.961642,0.274291,-0.00306269,-0.0812368,0.295438,0.951902,0.262003,-0.91514,0.306388
0.883612,0.575721,0.620455,0.961642,0.258797,0.0909351,-0.0812368,-0.0479484,0.995541,0.262003,-0.964741,-0.0250854
0.883612,0.682322,0.708979,0.961642,0.212088,0.173965,-0.0812368,-0.385552,0.919103,0.262003,-0.89798,-0.353533
0.883612,0.752217,0.828624,0.961642,0.139798,0.236012,-0.0812368,-0.676652,0.731808,0.262003,-0.72291,-0.63934
0.883612,0.776977,0.964959,0.961642,0.0506463,0.269592,-0.0812368,-0.886138,0.456246,0.262003,-0.460646,-0.848033
0.883612,0.753614,1.10154,0.961642,-0.044614,0.270656,-0.0812368,-0.988742,0.125654,0.262003,-0.142821,-0.95444
0.883612,0.684946,1.22189,0.961642,-0.134493,0.239074,-0.0812368,-0.97209,-0.220094,0.262003,0.19223,-0.945728
0.883612,0.579256,1.3115,0.961642,-0.20815,0.178657,-0.0812368,-0.838189,-0.539295,0.262003,0.504095,-0.822948
0.883612,0.449292,1.35956,0.961642,-0.256702,0.096691,-0.0812368,-0.603191,-0.793449,0.262003,0.755159,-0.600907
0.883612,0.310729,1.36027,0.961642,-0.274291,0.00306269,-0.0812368,-0.295438,-0.951902,0.262003,0.91514,-0.306388
0.883612,0.180279,1.31354,0.961642,-0.258797,-0.0909351,-0.0812368,0.0479484,-0.995541,0.262003,0.964741,0.0250854
0.883612,0.0736782,1.22502,0.961642,-0.212088,-0.173965,-0.0812368,0.385552,-0.919103,0.262003,0.89798,0.353533
0.883612,0.00378265,1.10538,0.961642,-0.139798,-0.236012,-0.0812368,0.676652,-0.731808,0.262003,0.72291,0.63934
0.883612,-0.0209767,0.969041,0.961642,-0.0506463,-0.269592,-0.0812368,0.886138,-0.456246,0.262003,0.460646,0.848033
0.883612,0.00238634,0.83246,0.961642,0.044614,-0.270656,-0.0812368,0.988742,-0.125654,0.262003,0.142821,0.95444
0.883612,0.071054,0.712106,0.961642,0.134493,-0.239074,-0.0812368,0.97209,0.220094,0.262003,-0.19223,0.945728
0.883612,0.176744,0.622497,0.961642,0.20815,-0.178657,-0.0812368,0.838189,0.539295,0.262003,-0.504095,0.822948
0.883612,0.306708,0.574439,0.961642,0.256702,-0.096691,-0.0812368,0.603191,0.793449,0.262003,-0.755159,0.600907
0.763622,0.295008,0.642699,0.856221,0.310852,-0.412622,0.156285,0.605426,0.780406,0.492403,-0.732687,0.469797
0.763622,0.410931,0.633872,0.856221,0.433231,-0.28142,0.156285,0.302,0.94041,0.492403,-0.84918,0.190871
0.763622,0.522882,0.665225,0.856221,0.503355,-0.116275,0.156285,-0.0378521,0.986986,0.492403,-0.86325,-0.111077
0.763622,0.617357,0.732977,0.856221,0.512767,0.0628948,0.156285,-0.373139,0.914518,0.492403,-0.773199,-0.399627
0.763622,0.682963,0.828955,0.856221,0.460332,0.234479,0.156285,-0.663419,0.731745,0.492403,-0.589889,-0.639976
0.763622,0.711786,0.941584,0.856221,0.352375,0.377781,0.156285,-0.873681,0.460712,0.492403,-0.33543,-0.803135
0.763622,0.700349,1.05728,0.856221,0.201915,0.475517,0.156285,-0.978565,0.134111,0.492403,-0.0405126,-0.869424
0.763622,0.650032,1.16208,0.856221,0.0271018,0.515899,0.156285,-0.965419,-0.208665,0.492403,0.259291,-0.830847
0.763622,0.566904,1.24336,0.856221,-0.15098,0.494056,0.156285,-0.835829,-0.526274,0.492403,0.52782,-0.692058
0.763622,0.460992,1.2913,0.856221,-0.310852,0.412622,0.156285,-0.605426,-0.780406,0.492403,0.732687,-0.469797
0.763622,0.345069,1.30013,0.856221,-0.433231,0.28142,0.156285,-0.302,-0.94041,0.492403,0.84918,-0.190871
0.763622,0.233118,1.26878,0.856221,-0.503355,0.116275,0.156285,0.0378521,-0.986986,0.492403,0.86325,0.111077
0.763622,0.138643,1.20102,0.856221,-0.512767,-0.0628948,0.156285,0.373139,-0.914518,0.492403,0.773199,0.399627
0.763622,0.073037,1.10505,0.856221,-0.460332,-0.234479,0.156285,0.663419,-0.731745,0.492403,0.589889,0.639976
0.763622,0.0442144,0.992416,0.856221,-0.352375,-0.377781,0.156285,0.873681,-0.460712,0.492403,0.33543,0.803135
0.763622,0.0556512,0.876722,0.856221,-0.201915,-0.475517,0.156285,0.978565,-0.134111,0.492403,0.0405126,0.869424
0.763622,0.105968,0.771917,0.856221,-0.0271018,-0.515899,0.156285,0.965419,0.208665,0.492403,-0.259291,0.830847
0.763622,0.189096,0.690641,0.856221,0.15098,-0.494056,0.156285,0.835829,0.526274,0.492403,-0.52782,0.692058
0.763622,0.295008,0.642699,0.856221,0.310852,-0.412622,0.156285,0.605426,0.780406,0.492403,-0.732687,0.469797
0.674556,0.277081,0.747291,0.647527,0.355646,-0.673962,0.374957,0.621251,0.68808,0.663413,-0.698257,0.268925
0.674556,0.358312,0.726025,0.647527,0.564706,-0.511679,0.374957,0.348448,0.859064,0.663413,-0.748125,0.0138883
0.674556,0.441918,0.733824,0.647527,0.705655,-0.28768,0.374957,0.0336164,0.926432,0.663413,-0.707758,-0.242823
0.674556,0.517814,0.769747,0.647527,0.761491,-0.0289829,0.374957,-0.285269,0.882059,0.663413,-0.582024,-0.470246
0.674556,0.576847,0.829463,0.647527,0.725481,0.23321,0.374957,-0.569748,0.731297,0.663413,-0.38609,-0.640951
0.674556,0.611895,0.905767,0.647527,0.601966,0.467275,0.374957,-0.785506,0.492329,0.663413,-0.143588,-0.734348
0.674556,0.618733,0.989456,0.647527,0.405846,0.64498,0.374957,-0.90652,0.193979,0.663413,0.116233,-0.739171
0.674556,0.596534,1.07044,0.647527,0.160774,0.74489,0.374957,-0.918195,-0.127768,0.663413,0.362035,-0.654839
0.674556,0.547977,1.13894,0.647527,-0.103689,0.754956,0.374957,-0.819122,-0.434104,0.663413,0.56417,-0.491524
0.674556,0.478919,1.18671,0.647527,-0.355646,0.673962,0.374957,-0.621251,-0.68808,0.663413,0.698257,-0.268925
0.674556,0.397688,1.20798,0.647527,-0.564706,0.511679,0.374957,-0.348448,-0.859064,0.663413,0.748125,-0.0138883
0.674556,0.314082,1.20018,0.647527,-0.705655,0.28768,0.374957,-0.0336164,-0.926432,0.663413,0.707758,0.242823
0.674556,0.238186,1.16425,0.647527,-0.761491,0.0289829,0.374957,0.285269,-0.882059,0.663413,0.582024,0.470246
0.674556,0.179153,1.10454,0.647527,-0.725481,-0.23321,0.374957,0.569748,-0.731297,0.663413,0.38609,0.640951
0.674556,0.144105,1.02823,0.647527,-0.601966,-0.467275,0.374957,0.785506,-0.492329,0.663413,0.143588,0.734348
0.674556,0.137267,0.944544,0.647527,-0.405846,-0.64498,0.374957,0.90652,-0.193979,0.663413,-0.116233,0.739171
0.674556,0.159466,0.863562,0.647527,-0.160774,-0.74489,0.374957,0.918195,0.127768,0.663413,-0.362035,0.654839
0.674556,0.208023,0.795057,0.647527,0.103689,-0.754956,0.374957,0.819122,0.434104,0.663413,-0.56417,0.491524
0.674556,0.277081,0.747291,0.647527,0.355646,-0.673962,0.374957,0.621251,0.68808,0.663413,-0.698257,0.268925
0.627155,0.255089,0.8756,0.360731,0.38568,-0.84919,0.548404,0.648756,0.527607,0.754404,-0.656023,0.0225183
0.627155,0.293762,0.839074,0.360731,0.652861,-0.666067,0.548404,0.429179,0.717676,0.754404,-0.624162,-0.203213
0.627155,0.342596,0.817978,0.360731,0.841297,-0.402607,0.548404,0.157837,0.821183,0.754404,-0.517018,-0.404434
0.627155,0.395699,0.814856,0.360731,0.92826,-0.0905866,0.548404,-0.132543,0.825643,0.754404,-0.347513,-0.556874
0.627155,0.446668,0.830085,0.360731,0.903262,0.23236,0.548404,-0.406936,0.730518,0.754404,-0.136094,-0.642147
0.627155,0.489354,0.861828,0.360731,0.769316,0.527281,0.548404,-0.632247,0.547282,0.754404,0.091741,-0.649967
0.627155,0.51861,0.906256,0.360731,0.54258,0.758604,0.548404,-0.781299,0.298036,0.754404,0.30851,-0.579392
0.627155,0.530906,0.958011,0.360731,0.250401,0.898428,0.548404,-0.836115,0.012842,0.754404,0.488069,-0.438934
0.627155,0.524759,1.01085,0.360731,-0.0719803,0.929888,0.548404,-0.790083,-0.273901,0.754404,0.608759,-0.245534
0.627155,0.500911,1.0584,0.360731,-0.38568,0.84919,0.548404,-0.648756,-0.527607,0.754404,0.656023,-0.0225183
0.627155,0.462238,1.09493,0.360731,-0.652861,0.666067,0.548404,-0.429179,-0.717676,0.754404,0.624162,0.203213
0.627155,0.413404,1.11602,0.360731,-0.841297,0.402607,0.548404,-0.157837,-0.821183,0.754404,0.517018,0.404434
0.627155,0.360301,1.11914,0.360731,-0.92826,0.0905866,0.548404,0.132543,-0.825643,0.754404,0.347513,0.556874
0.627155,0.309332,1.10391,0.360731,-0.903262,-0.23236,0.548404,0.406936,-0.730518,0.754404,0.136094,0.642147
0.627155,0.266646,1.07217,0.360731,-0.769316,-0.527281,0.548404,0.632247,-0.547282,0.754404,-0.091741,0.649967
0.627155,0.23739,1.02774,0.360731,-0.54258,-0.758604,0.548404,0.781299,-0.298036,0.754404,-0.30851,0.579392
0.627155,0.225094,0.975989,0.360731,-0.250401,-0.898428,0.548404,0.836115,-0.012842,0.754404,-0.488069,0.438934
0.627155,0.231241,0.92315,0.360731,0.0719803,-0.929888,0.548404,0.790083,0.273901,0.754404,-0.608759,0.245534
0.627155,0.255089,0.8756,0.360731,0.38568,-0.84919,0.548404,0.648756,0.527607,0.754404,-0.656023,0.0225183
0.627137,0.231685,1.01215,0.0304265,0.397332,-0.917171,0.655705,0.684624,0.318342,0.754404,-0.611079,-0.239701
0.627137,0.225066,0.959385,0.0304265,0.68706,-0.725963,0.655705,0.534457,0.533298,0.754404,-0.492244,-0.434247
0.627137,0.236894,0.907538,0.0304265,0.89392,-0.447194,0.655705,0.319826,0.683932,0.754404,-0.314037,-0.576416
0.627137,0.265741,0.862862,0.0304265,0.992959,-0.114486,0.655705,0.06662,0.752073,0.754404,-0.097952,-0.649061
0.627137,0.308128,0.830748,0.0304265,0.972233,0.23203,0.655705,-0.194622,0.729502,0.754404,0.129947,-0.643419
0.627137,0.358943,0.815067,0.0304265,0.834241,0.55056,0.655705,-0.432389,0.618944,0.754404,0.342173,-0.560172
0.627137,0.412056,0.817712,0.0304265,0.595627,0.802685,0.655705,-0.618004,0.433731,0.754404,0.513127,-0.409359
0.627137,0.461062,0.838363,0.0304265,0.285172,0.957993,0.655705,-0.729078,0.196204,0.754404,0.622191,-0.209172
0.627137,0.500049,0.87453,0.0304265,-0.0596788,0.997754,0.655705,-0.752215,-0.0649881,0.754404,0.656209,0.0162443
0.627137,0.524315,0.921849,0.0304265,-0.397332,0.917171,0.655705,-0.684624,-0.318342,0.754404,0.611079,0.239701
0.627137,0.530934,0.974615,0.0304265,-0.68706,0.725963,0.655705,-0.534457,-0.533298,0.754404,0.492244,0.434247
0.627137,0.519106,1.02646,0.0304265,-0.89392,0.447194,0.655705,-0.319826,-0.683932,0.754404,0.314037,0.576416
0.627137,0.490259,1.07114,0.0304265,-0.992959,0.114486,0.655705,-0.06662,-0.752073,0.754404,0.097952,0.649061
0.627137,0.447872,1.10325,0.0304265,-0.972233,-0.23203,0.655705,0.194622,-0.729502,0.754404,-0.129947,0.643419
0.627137,0.397057,1.11893,0.0304265,-0.834241,-0.55056,0.655705,0.432389,-0.618944,0.754404,-0.342173,0.560172
0.627137,0.343944,1.11629,0.0304265,-0.595627,-0.802685,0.655705,0.618004,-0.433731,0.754404,-0.513127,0.409359
0.627137,0.294938,1.09564,0.0304265,-0.285172,-0.957993,0.655705,0.729078,-0.196204,0.754404,-0.622191,0.209172
0.627137,0.255951,1.05947,0.0304265,0.0596788,-0.997754,0.655705,0.752215,0.0649881,0.754404,-0.656209,-0.0162443
0.627137,0.231685,1.01215,0.0304265,0.397332,-0.917171,0.655705,0.684624,0.318342,0.754404,-0.611079,-0.239701
0.674504,0.20969,1.14047,-0.303548,0.389196,-0.869704,0.683918,0.724529,0.0855251,0.663411,-0.568845,-0.486107
0.674504,0.16051,1.07245,-0.303548,0.663181,-0.684142,0.683918,0.651583,0.328171,0.663411,-0.368281,-0.651348
0.674504,0.137562,0.9917,-0.303548,0.857176,-0.416062,0.683918,0.500047,0.531234,0.663411,-0.123297,-0.738027
0.674504,0.143614,0.907976,-0.303548,0.947784,-0.0977985,0.683918,0.288197,0.670223,0.663411,0.136559,-0.735688
0.674504,0.177937,0.83137,-0.303548,0.924074,0.232261,0.683918,0.0415873,0.728373,0.663411,0.379943,-0.644615
0.674504,0.23639,0.771124,-0.303548,0.788908,0.534306,0.683918,-0.210039,0.69867,0.663411,0.577501,-0.475792
0.674504,0.311924,0.734504,-0.303548,0.558588,0.771906,0.683918,-0.436331,0.584698,0.663411,0.705404,-0.249581
0.674504,0.395427,0.725925,-0.303548,0.260894,0.916402,0.683918,-0.609996,0.400202,0.663411,0.748225,0.00673319
0.674504,0.476828,0.746424,-0.303548,-0.0682682,0.950367,0.683918,-0.710085,0.167436,0.663411,0.700798,0.262235
0.674504,0.54631,0.793528,-0.303548,-0.389196,0.869704,0.683918,-0.724529,-0.0855251,0.663411,0.568845,0.486107
0.674504,0.59549,0.861555,-0.303548,-0.663181,0.684142,0.683918,-0.651583,-0.328171,0.663411,0.368281,0.651348
0.674504,0.618438,0.9423,-0.303548,-0.857176,0.416062,0.683918,-0.500047,-0.531234,0.663411,0.123297,0.738027
0.674504,0.612386,1.02602,-0.303548,-0.947784,0.0977985,0.683918,-0.288197,-0.670223,0.663411,-0.136559,0.735688
0.674504,0.578063,1.10263,-0.303548,-0.924074,-0.232261,0.683918,-0.0415873,-0.728373,0.663411,-0.379943,0.644615
0.674504,0.51961,1.16288,-0.303548,-0.788908,-0.534306,0.683918,0.210039,-0.69867,0.663411,-0.577501,0.475792
0.674504,0.444076,1.1995,-0.303548,-0.558588,-0.771906,0.683918,0.436331,-0.584698,0.663411,-0.705404,0.249581
0.674504,0.360573,1.20807,-0.303548,-0.260894,-0.916402,0.683918,0.609996,-0.400202,0.663411,-0.748225,-0.00673319
0.674504,0.279172,1.18758,-0.303548,0.0682682,-0.950367,0.683918,0.710085,-0.167436,0.663411,-0.700798,-0.262235
0.674504,0.20969,1.14047,-0.303548,0.389196,-0.869704,0.683918,0.724529,0.0855251,0.663411,-0.568845,-0.486107
0.763543,0.191759,1.24509,-0.60091,0.362254,-0.712516,0.629641,0.763657,-0.142762,0.492402,-0.534416,-0.686979
0.763543,0.10788,1.16462,-0.60091,0.584102,-0.545648,0.629641,0.76643,0.127034,0.492402,-0.267226,-0.82833
0.763543,0.0565805,1.06031,-0.60091,0.735499,-0.312966,0.629641,0.676761,0.381507,0.492402,0.0321954,-0.869772
0.763543,0.0440492,0.944754,-0.60091,0.798184,-0.0425368,0.629641,0.505464,0.589965,0.492402,0.327733,-0.806307
0.763543,0.0717973,0.831878,-0.60091,0.764596,0.233023,0.629641,0.2732,0.727265,0.492402,0.583742,-0.64559
0.763543,0.136478,0.735299,-0.60091,0.638786,0.480477,0.629641,0.00798525,0.776846,0.492402,0.769343,-0.407004
0.763543,0.23029,0.666667,-0.60091,0.43593,0.669979,0.629641,-0.258193,0.732727,0.492402,0.862149,-0.119328
0.763543,0.341918,0.63426,-0.60091,0.180494,0.778671,0.629641,-0.49323,0.600231,0.492402,0.850968,0.182741
0.763543,0.457898,0.641986,-0.60091,-0.0967125,0.793444,0.629641,-0.668775,0.395338,0.492402,0.737147,0.462768
0.763543,0.564241,0.688913,-0.60091,-0.362254,0.712516,0.629641,-0.763657,0.142762,0.492402,0.534416,0.686979
0.763543,0.64812,0.769382,-0.60091,-0.584102,0.545648,0.629641,-0.76643,-0.127034,0.492402,0.267226,0.82833
0.763543,0.69942,0.873686,-0.60091,-0.735499,0.312966,0.629641,-0.676761,-0.381507,0.492402,-0.0321954,0.869772
0.763543,0.711951,0.989246,-0.60091,-0.798184,0.0425368,0.629641,-0.505464,-0.589965,0.492402,-0.327733,0.806307
0.763543,0.684203,1.10212,-0.60091,-0.764596,-0.233023,0.629641,-0.2732,-0.727265,0.492402,-0.583742,0.64559
0.763543,0.619522,1.1987,-0.60091,-0.638786,-0.480477,0.629641,-0.00798525,-0.776846,0.492402,-0.769343,0.407004
0.763543,0.52571,1.26733,-0.60091,-0.43593,-0.669979,0.629641,0.258193,-0.732727,0.492402,-0.862149,0.119328
0.763543,0.414082,1.29974,-0.60091,-0.180494,-0.778671,0.629641,0.49323,-0.600231,0.492402,-0.850968,-0.182741
0.763543,0.298102,1.29201,-0.60091,0.0967125,-0.793444,0.629641,0.668775,-0.395338,0.492402,-0.737147,-0.462768
0.763543,0.191759,1.24509,-0.60091,0.362254,-0.712516,0.629641,0.763657,-0.142762,0.492402,-0.534416,-0.686979
0.883514,0.180054,1.31338,-0.825794,0.319755,-0.464565,0.499419,0.797289,-0.338984,0.262001,-0.511944,-0.818089
0.883514,0.0735238,1.22479,-0.825794,0.459362,-0.327186,0.499419,0.865146,-0.0458518,0.262001,-0.201267,-0.943847
0.883514,0.00371759,1.1051,-0.825794,0.543563,-0.150343,0.499419,0.828654,0.252811,0.262001,0.133686,-0.955763
0.883514,-0.0209447,0.968763,-0.825794,0.562203,0.0446336,0.499419,0.692213,0.520981,0.262001,0.452514,-0.852401
0.883514,0.0025117,0.832209,-0.825794,0.513032,0.234227,0.499419,0.472282,0.726313,0.262001,0.716762,-0.646226
0.883514,0.0712575,0.711914,-0.825794,0.401982,0.395568,0.499419,0.195386,0.844041,0.262001,0.894558,-0.362107
0.883514,0.177001,0.622385,-0.825794,0.242447,0.509199,0.499419,-0.105076,0.859965,0.262001,0.964458,-0.0343119
0.883514,0.306988,0.574422,-0.825794,0.0536699,0.561412,0.499419,-0.392864,0.772165,0.262001,0.918029,0.297621
0.883514,0.44554,0.57381,-0.825794,-0.141581,0.545911,0.499419,-0.633267,0.59123,0.262001,0.760873,0.593657
0.883514,0.575946,0.620622,-0.825794,-0.319755,0.464565,0.499419,-0.797289,0.338984,0.262001,0.511944,0.818089
0.883514,0.682476,0.709213,-0.825794,-0.459362,0.327186,0.499419,-0.865146,0.0458518,0.262001,0.201267,0.943847
0.883514,0.752282,0.828896,-0.825794,-0.543563,0.150343,0.499419,-0.828654,-0.252811,0.262001,-0.133686,0.955763
0.883514,0.776945,0.965237,-0.825794,-0.562203,-0.0446336,0.499419,-0.692213,-0.520981,0.262001,-0.452514,0.852401
0.883514,0.753488,1.10179,-0.825794,-0.513032,-0.234227,0.499419,-0.472282,-0.726313,0.262001,-0.716762,0.646226
0.883514,0.684743,1.22209,-0.825794,-0.401982,-0.395568,0.499419,-0.195386,-0.844041,0.262001,-0.894558,0.362107
0.883514,0.578999,1.31161,-0.825794,-0.242447,-0.509199,0.499419,0.105076,-0.859965,0.262001,-0.964458,0.0343119
0.883514,0.449012,1.35958,-0.825794,-0.0536699,-0.561412,0.499419,0.392864,-0.772165,0.262001,-0.918029,-0.297621
0.883514,0.31046,1.36019,-0.825794,0.141581,-0.545911,0.499419,0.633267,-0.59123,0.262001,-0.760873,-0.593657
0.883514,0.180054,1.31338,-0.825794,0.319755,-0.464565,0.499419,0.797289,-0.338984,0.262001,-0.511944,-0.818089
0.875863,0.452899,0.577895,0.985232,0.164737,-0.0466965,-0.00862081,0.320094,0.947347,0.17101,-0.932953,0.316787
0.875863,0.581464,0.626978,0.985232,0.170773,0.012463,-0.00862081,-0.0232217,0.999693,0.17101,-0.985037,-0.0214066
0.875863,0.685488,0.717073,0.985232,0.156212,0.0701192,-0.00862081,-0.363736,0.931462,0.17101,-0.91831,-0.357018
0.875863,0.752425,0.837312,0.985232,0.122809,0.119318,-0.00862081,-0.660379,0.750883,0.17101,-0.740822,-0.649568
0.875863,0.7742,0.973194,0.985232,0.0745933,0.154125,-0.00862081,-0.877371,0.479736,0.17101,-0.47398,-0.86377
0.875863,0.748188,1.10833,0.985232,0.0173808,0.170343,-0.00862081,-0.988538,0.150726,0.17101,-0.149968,-0.973789
0.875863,0.677525,1.22642,0.985232,-0.0419281,0.166014,-0.00862081,-0.980473,-0.196464,0.17101,0.192131,-0.966355
0.875863,0.570736,1.31322,0.985232,-0.0961798,0.141662,-0.00862081,-0.854149,-0.519957,0.17101,0.511057,-0.842364
0.875863,0.440699,1.35826,0.985232,-0.138831,0.100224,-0.00862081,-0.624802,-0.780736,0.17101,0.768342,-0.616771
0.875863,0.303101,1.35611,0.985232,-0.164737,0.0466965,-0.00862081,-0.320094,-0.947347,0.17101,0.932953,-0.316787
0.875863,0.174536,1.30702,0.985232,-0.170773,-0.012463,-0.00862081,0.0232217,-0.999693,0.17101,0.985037,0.0214066
0.875863,0.0705117,1.21693,0.985232,-0.156212,-0.0701192,-0.00862081,0.363736,-0.931462,0.17101,0.91831,0.357018
0.875863,0.00357531,1.09669,0.985232,-0.122809,-0.119318,-0.00862081,0.660379,-0.750883,0.17101,0.740822,0.649568
0.875863,-0.0181999,0.960806,0.985232,-0.0745933,-0.154125,-0.00862081,0.877371,-0.479736,0.17101,0.47398,0.86377
0.875863,0.00781238,0.825671,0.985232,-0.0173808,-0.170343,-0.00862081,0.988538,-0.150726,0.17101,0.149968,0.973789
0.875863,0.0784748,0.707583,0.985232,0.0419281,-0.166014,-0.00862081,0.980473,0.196464,0.17101,-0.192131,0.966355
0.875863,0.185264,0.620784,0.985232,0.0961798,-0.141662,-0.00862081,0.854149,0.519957,0.17101,-0.511057,0.842364
0.875863,0.315301,0.575744,0.985232,0.138831,-0.100224,-0.00862081,0.624802,0.780736,0.17101,-0.768342,0.616771
0.875863,0.452899,0.577895,0.985232,0.164737,-0.0466965,-0.00862081,0.320094,0.947347,0.17101,-0.932953,0.316787
0.749059,0.440535,0.650032,0.900555,0.220911,-0.374432,0.292759,0.328558,0.897965,0.321393,-0.918286,0.231211
0.749059,0.545173,0.690536,0.900555,0.335651,-0.276295,0.292759,0.00162108,0.956185,0.321393,-0.941985,-0.096805
0.749059,0.629647,0.764386,0.900555,0.409908,-0.144833,0.292759,-0.325511,0.899074,0.321393,-0.852067,-0.413145
0.749059,0.68377,0.862673,0.900555,0.434723,0.00409804,0.292759,-0.613382,0.733522,0.321393,-0.659377,-0.679653
0.749059,0.701011,0.973544,0.900555,0.407105,0.152535,0.292759,-0.82727,0.479496,0.321393,-0.387157,-0.864185
0.749059,0.679293,1.08363,0.900555,0.330383,0.282574,0.292759,-0.941377,0.167636,0.321393,-0.0682396,-0.944484
0.749059,0.621234,1.17964,0.900555,0.213813,0.37853,0.292759,-0.94194,-0.164443,0.321393,0.258908,-0.910864
0.749059,0.533838,1.25001,0.900555,0.0714531,0.42883,0.292759,-0.828891,-0.476689,0.321393,0.554828,-0.76738
0.749059,0.427646,1.28624,0.900555,-0.0795247,0.427407,0.292759,-0.615866,-0.731438,0.321393,0.783827,-0.531339
0.749059,0.315465,1.28397,0.900555,-0.220911,0.374432,0.292759,-0.328558,-0.897965,0.321393,0.918286,-0.231211
0.749059,0.210827,1.24346,0.900555,-0.335651,0.276295,0.292759,-0.00162108,-0.956185,0.321393,0.941985,0.096805
0.749059,0.126353,1.16961,0.900555,-0.409908,0.144833,0.292759,0.325511,-0.899074,0.321393,0.852067,0.413145
0.749059,0.0722305,1.07133,0.900555,-0.434723,-0.00409804,0.292759,0.613382,-0.733522,0.321393,0.659377,0.679653
0.749059,0.0549888,0.960456,0.900555,-0.407105,-0.152535,0.292759,0.82727,-0.479496,0.321393,0.387157,0.864185
0.749059,0.076707,0.850374,0.900555,-0.330383,-0.282574,0.292759,0.941377,-0.167636,0.321393,0.0682396,0.944484
0.749059,0.134766,0.754359,0.900555,-0.213813,-0.37853,0.292759,0.94194,0.164443,0.321393,-0.258908,0.910864
0.749059,0.222162,0.683992,0.900555,-0.0714531,-0.42883,0.292759,0.828891,0.476689,0.321393,-0.554828,0.76738
0.749059,0.328354,0.64776,0.900555,0.0795247,-0.427407,0.292759,0.615866,0.731438,0.321393,-0.783827,0.531339
0.749059,0.440535,0.650032,0.900555,0.220911,-0.374432,0.292759,0.328558,0.897965,0.321393,-0.918286,0.231211
0.654934,0.42159,0.760566,0.707258,0.268804,-0.653858,0.558827,0.353925,0.749966,0.433011,-0.895813,0.100101
0.654934,0.489566,0.787924,0.707258,0.476226,-0.522489,0.558827,0.0760771,0.825787,0.433011,-0.876026,-0.212322
0.654934,0.544085,0.836881,0.707258,0.626208,-0.328101,0.558827,-0.210947,0.802006,0.433011,-0.750577,-0.499136
0.654934,0.578572,0.901533,0.707258,0.70066,-0.094138,0.558827,-0.472527,0.681491,0.433011,-0.534597,-0.725747
0.654934,0.588867,0.974081,0.707258,0.690602,0.151179,0.558827,-0.677114,0.478778,0.433011,-0.254137,-0.864822
0.654934,0.573729,1.04577,0.707258,0.597247,0.378262,0.558827,-0.800031,0.218318,0.433011,0.056976,-0.899586
0.654934,0.534982,1.10797,0.707258,0.431856,0.55972,0.558827,-0.826452,-0.0684751,0.433011,0.361217,-0.825848
0.654934,0.477302,1.15316,0.707258,0.214376,0.673668,0.558827,-0.753191,-0.347009,0.433011,0.621889,-0.6525
0.654934,0.407644,1.17589,0.707258,-0.0289605,0.706362,0.558827,-0.589084,-0.583688,0.433011,0.807553,-0.40045
0.654934,0.33441,1.17343,0.707258,-0.268804,0.653858,0.558827,-0.353925,-0.749966,0.433011,0.895813,-0.100101
0.654934,0.266434,1.14608,0.707258,-0.476226,0.522489,0.558827,-0.0760771,-0.825787,0.433011,0.876026,0.212322
0.654934,0.211915,1.09712,0.707258,-0.626208,0.328101,0.558827,0.210947,-0.802006,0.433011,0.750577,0.499136
0.654934,0.177428,1.03247,0.707258,-0.70066,0.094138,0.558827,0.472527,-0.681491,0.433011,0.534597,0.725747
0.654934,0.167133,0.959919,0.707258,-0.690602,-0.151179,0.558827,0.677114,-0.478778,0.433011,0.254137,0.864822
0.654934,0.182271,0.888226,0.707258,-0.597247,-0.378262,0.558827,0.800031,-0.218318,0.433011,-0.056976,0.899586
0.654934,0.221018,0.826033,0.707258,-0.431856,-0.55972,0.558827,0.826452,0.0684751,0.433011,-0.361217,0.825848
0.654934,0.278698,0.780843,0.707258,-0.214376,-0.673668,0.558827,0.753191,0.347009,0.433011,-0.621889,0.6525
