0.658953,0.255249,0.837463,0.308961,0.298757,0.902933,0.951075,-0.0970491,-0.293323,-3.49349e-06,0.949382,-0.314125
0.907818,0.113751,0.559414,0.92986,0.204643,-0.305749,-0.179072,0.977692,0.109782,0.321394,-0.0473307,0.945762
0.907818,0.206436,0.452946,0.92986,0.296874,-0.217318,-0.179072,0.881182,0.437552,0.321394,-0.367946,0.872537
0.907818,0.329945,0.384598,0.92986,0.353297,-0.102675,-0.179072,0.678389,0.712546,0.321394,-0.644181,0.694072
0.907818,0.469382,0.362615,0.92986,0.367108,0.0243515,-0.179072,0.393772,0.901597,0.321394,-0.842719,0.431891
0.907818,0.607929,0.389648,0.92986,0.33664,0.148441,-0.179072,0.0616601,0.981902,0.321394,-0.939612,0.117618
0.907818,0.728874,0.462436,0.92986,0.265568,0.254627,-0.179072,-0.277889,0.943775,0.321394,-0.923175,-0.210841
0.907818,0.817631,0.5722,0.92986,0.162465,0.330101,-0.179072,-0.58392,0.791815,0.321394,-0.795388,-0.513871
0.907818,0.863493,0.705702,0.92986,0.0397661,0.365759,-0.179072,-0.819522,0.54435,0.321394,-0.571667,-0.754919
0.907818,0.860929,0.846838,0.92986,-0.0877292,0.357302,-0.179072,-0.956277,0.231229,0.321394,-0.278993,-0.904913
0.907818,0.810249,0.978586,0.92986,-0.204643,0.305749,-0.179072,-0.977692,-0.109782,0.321394,0.0473307,-0.945762
0.907818,0.717564,1.08505,0.92986,-0.296874,0.217318,-0.179072,-0.881182,-0.437552,0.321394,0.367946,-0.872537
0.907818,0.594055,1.1534,0.92986,-0.353297,0.102675,-0.179072,-0.678389,-0.712546,0.321394,0.644181,-0.694072
0.907818,0.454618,1.17539,0.92986,-0.367108,-0.0243515,-0.179072,-0.393772,-0.901597,0.321394,0.842719,-0.431891
0.907818,0.316071,1.14835,0.92986,-0.33664,-0.148441,-0.179072,-0.0616601,-0.981902,0.321394,0.939612,-0.117618
0.907818,0.195126,1.07556,0.92986,-0.265568,-0.254627,-0.179072,0.277889,-0.943775,0.321394,0.923175,0.210841
0.907818,0.106369,0.9658,0.92986,-0.162465,-0.330101,-0.179072,0.58392,-0.791815,0.321394,0.795388,0.513871
0.907818,0.0605069,0.832298,0.92986,-0.0397661,-0.365759,-0.179072,0.819522,-0.54435,0.321394,0.571667,0.754919
0.907818,0.0630706,0.691162,0.92986,0.0877292,-0.357302,-0.179072,0.956277,-0.231229,0.321394,0.278993,0.904913
0.907818,0.113751,0.559414,0.92986,0.204643,-0.305749,-0.179072,0.977692,0.109782,0.321394,-0.0473307,0.945762
0.809114,0.131646,0.613497,0.796489,0.109022,-0.594743,-0.0275851,0.989138,0.144377,0.604023,-0.0985886,0.790846
0.809114,0.204754,0.509887,0.796489,0.305861,-0.521587,-0.0275851,0.880106,0.473975,0.604023,-0.363128,0.709432
0.809114,0.30889,0.43753,0.796489,0.465809,-0.385521,-0.0275851,0.66492,0.746405,0.604023,-0.583869,0.542451
0.809114,0.431493,0.405153,0.796489,0.569573,-0.202955,-0.0275851,0.369535,0.928807,0.604023,-0.734187,0.310043
0.809114,0.557776,0.416661,0.796489,0.604639,0.00409017,-0.0275851,0.0295786,0.999182,0.604023,-0.795951,0.0402381
0.809114,0.672506,0.470667,0.796489,0.566776,0.210642,-0.0275851,-0.313945,0.94904,0.604023,-0.761711,-0.23442
0.809114,0.761847,0.560656,0.796489,0.460551,0.391787,-0.0275851,-0.619603,0.78443,0.604023,-0.635598,-0.480803
0.809114,0.815022,0.675775,0.796489,0.298777,0.525677,-0.0275851,-0.850527,0.525207,0.604023,-0.432822,-0.669194
0.809114,0.825617,0.802138,0.796489,0.100966,0.596163,-0.0275851,-0.978866,0.202635,0.604023,-0.177842,-0.776871
0.809114,0.792354,0.924503,0.796489,-0.109022,0.594743,-0.0275851,-0.989138,-0.144377,0.604023,0.0985886,-0.790846
0.809114,0.719246,1.02811,0.796489,-0.305861,0.521587,-0.0275851,-0.880106,-0.473975,0.604023,0.363128,-0.709432
0.809114,0.61511,1.10047,0.796489,-0.465809,0.385521,-0.0275851,-0.66492,-0.746405,0.604023,0.583869,-0.542451
0.809114,0.492507,1.13285,0.796489,-0.569573,0.202955,-0.0275851,-0.369535,-0.928807,0.604023,0.734187,-0.310043
0.809114,0.366224,1.12134,0.796489,-0.604639,-0.00409017,-0.0275851,-0.0295786,-0.999182,0.604023,0.795951,-0.0402381
0.809114,0.251494,1.06733,0.796489,-0.566776,-0.210642,-0.0275851,0.313945,-0.94904,0.604023,0.761711,0.23442
0.809114,0.162153,0.977344,0.796489,-0.460551,-0.391787,-0.0275851,0.619603,-0.78443,0.604023,0.635598,0.480803
0.809114,0.108978,0.862225,0.796489,-0.298777,-0.525677,-0.0275851,0.850527,-0.525207,0.604023,0.432822,0.669194
0.809114,0.098383,0.735862,0.796489,-0.100966,-0.596163,-0.0275851,0.978866,-0.202635,0.604023,0.177842,0.776871
0.809114,0.131646,0.613497,0.796489,0.109022,-0.594743,-0.0275851,0.989138,0.144377,0.604023,-0.0985886,0.790846
0.735846,0.159065,0.696367,0.567051,0.0334974,-0.823001,0.127229,0.983619,0.127696,0.813797,-0.17712,0.5535
0.735846,0.202176,0.597137,0.567051,0.31296,-0.761911,0.127229,0.880625,0.456413,0.813797,-0.355747,0.459541
0.735846,0.276626,0.518637,0.567051,0.554676,-0.608924,0.127229,0.671414,0.730079,0.813797,-0.491465,0.310155
0.735846,0.373435,0.470334,0.567051,0.729489,-0.382491,0.127229,0.381221,0.915687,0.813797,-0.567905,0.12336
0.735846,0.480926,0.458055,0.567051,0.816315,-0.109924,0.127229,0.0450474,0.99085,0.813797,-0.575848,-0.0783149
0.735846,0.586134,0.48328,0.567051,0.804681,0.175901,0.127229,-0.29656,0.946501,0.813797,-0.514335,-0.270544
0.735846,0.676369,0.542967,0.567051,0.695991,0.44051,0.127229,-0.602398,0.787991,0.813797,-0.390785,-0.430141
0.735846,0.740749,0.629917,0.567051,0.503355,0.651987,0.127229,-0.835577,0.534437,0.813797,-0.220101,-0.537856
0.735846,0.771508,0.733643,0.567051,0.250006,0.784825,0.127229,-0.967974,0.216422,0.813797,-0.0228698,-0.580699
0.735846,0.764935,0.841633,0.567051,-0.0334974,0.823001,0.127229,-0.983619,-0.127696,0.813797,0.17712,-0.5535
0.735846,0.721824,0.940863,0.567051,-0.31296,0.761911,0.127229,-0.880625,-0.456413,0.813797,0.355747,-0.459541
0.735846,0.647374,1.01936,0.567051,-0.554676,0.608924,0.127229,-0.671414,-0.730079,0.813797,0.491465,-0.310155
0.735846,0.550565,1.06767,0.567051,-0.729489,0.382491,0.127229,-0.381221,-0.915687,0.813797,0.567905,-0.12336
0.735846,0.443074,1.07995,0.567051,-0.816315,0.109924,0.127229,-0.0450474,-0.99085,0.813797,0.575848,0.0783149
0.735846,0.337866,1.05472,0.567051,-0.804681,-0.175901,0.127229,0.29656,-0.946501,0.813797,0.514335,0.270544
0.735846,0.247631,0.995033,0.567051,-0.695991,-0.44051,0.127229,0.602398,-0.787991,0.813797,0.390785,0.430141
0.735846,0.183251,0.908083,0.567051,-0.503355,-0.651987,0.127229,0.835577,-0.534437,0.813797,0.220101,0.537856
0.735846,0.152492,0.804357,0.567051,-0.250006,-0.784825,0.127229,0.967974,-0.216422,0.813797,0.0228698,0.580699
0.735846,0.159065,0.696367,0.567051,0.0334974,-0.823001,0.127229,0.983619,0.127696,0.813797,-0.17712,0.5535
0.696852,0.192703,0.79803,0.269218,-0.0128226,-0.962994,0.266698,0.9618,0.0617522,0.925416,-0.273453,0.262353
0.696852,0.199015,0.704174,0.269218,0.317314,-0.909304,0.266698,0.882676,0.386983,0.925416,-0.346692,0.153005
0.696852,0.237046,0.618138,0.269218,0.609178,-0.745938,0.266698,0.697088,0.665538,0.925416,-0.378115,0.025202
0.696852,0.302211,0.550297,0.269218,0.827566,-0.492602,0.266698,0.427421,0.863819,0.925416,-0.363931,-0.105641
0.696852,0.386648,0.508835,0.269218,0.946137,-0.17985,0.266698,0.106201,0.957911,0.925416,-0.305852,-0.223742
0.696852,0.480174,0.498753,0.269218,0.950591,0.154594,0.266698,-0.227829,0.936465,0.925416,-0.210883,-0.314856
0.696852,0.571508,0.521267,0.269218,0.840389,0.470392,0.266698,-0.534379,0.802067,0.925416,-0.0904781,-0.367994
0.696852,0.649633,0.573661,0.269218,0.628823,0.729454,0.266698,-0.776475,0.570928,0.925416,0.0408398,-0.376747
0.696852,0.705127,0.649616,0.269218,0.341413,0.900533,0.266698,-0.924917,0.270927,0.925416,0.167232,-0.340058
0.696852,0.731297,0.73997,0.269218,0.0128226,0.962994,0.266698,-0.9618,-0.0617522,0.925416,0.273453,-0.262353
0.696852,0.724985,0.833826,0.269218,-0.317314,0.909304,0.266698,-0.882676,-0.386983,0.925416,0.346692,-0.153005
0.696852,0.686954,0.919862,0.269218,-0.609178,0.745938,0.266698,-0.697088,-0.665538,0.925416,0.378115,-0.025202
0.696852,0.621789,0.987703,0.269218,-0.827566,0.492602,0.266698,-0.427421,-0.863819,0.925416,0.363931,0.105641
0.696852,0.537352,1.02916,0.269218,-0.946137,0.17985,0.266698,-0.106201,-0.957911,0.925416,0.305852,0.223742
0.696852,0.443826,1.03925,0.269218,-0.950591,-0.154594,0.266698,0.227829,-0.936465,0.925416,0.210883,0.314856
0.696852,0.352492,1.01673,0.269218,-0.840389,-0.470392,0.266698,0.534379,-0.802067,0.925416,0.0904781,0.367994
0.696852,0.274367,0.964339,0.269218,-0.628823,-0.729454,0.266698,0.776475,-0.570928,0.925416,-0.0408398,0.376747
0.696852,0.218873,0.888384,0.269218,-0.341413,-0.900533,0.266698,0.924917,-0.270927,0.925416,-0.167232,0.340058
0.696852,0.192703,0.79803,0.269218,-0.0128226,-0.962994,0.266698,0.9618,0.0617522,0.925416,-0.273453,0.262353
0.696834,0.228502,0.906224,-0.061087,-0.0243508,-0.997835,0.373999,0.926312,-0.0455014,0.925415,-0.375969,-0.0474785
0.696834,0.19565,0.818087,-0.061087,0.318398,-0.945987,0.373999,0.886011,0.27406,0.925415,-0.337056,-0.173204
0.696834,0.194924,0.72403,-0.061087,0.622742,-0.780039,0.373999,0.738844,0.560566,0.925415,-0.25749,-0.278039
0.696834,0.226411,0.635397,-0.061087,0.851975,-0.520006,0.373999,0.502562,0.779459,0.925415,-0.146867,-0.349338
0.696834,0.286314,0.562878,-0.061087,0.978448,-0.197253,0.373999,0.205663,0.904338,0.925415,-0.0185291,-0.378501
0.696834,0.367407,0.51522,-0.061087,0.986904,0.149291,0.373999,-0.116042,0.920141,0.925415,0.112043,-0.362012
0.696834,0.45991,0.498172,-0.061087,0.876326,0.477829,0.373999,-0.423751,0.824961,0.925415,0.229102,-0.301859
0.696834,0.552664,0.51379,-0.061087,0.66005,0.748734,0.373999,-0.680349,0.630278,0.925415,0.318527,-0.205297
0.696834,0.634483,0.56019,-0.061087,0.364162,0.92933,0.373999,-0.854886,0.359575,0.925415,0.369534,-0.0839737
0.696834,0.695498,0.631776,-0.061087,0.0243508,0.997835,0.373999,-0.926312,0.0455014,0.925415,0.375969,0.0474785
0.696834,0.72835,0.719913,-0.061087,-0.318398,0.945987,0.373999,-0.886011,-0.27406,0.925415,0.337056,0.173204
0.696834,0.729076,0.81397,-0.061087,-0.622742,0.780039,0.373999,-0.738844,-0.560566,0.925415,0.25749,0.278039
0.696834,0.697589,0.902603,-0.061087,-0.851975,0.520006,0.373999,-0.502562,-0.779459,0.925415,0.146867,0.349338
0.696834,0.637686,0.975122,-0.061087,-0.978448,0.197253,0.373999,-0.205663,-0.904338,0.925415,0.0185291,0.378501
0.696834,0.556593,1.02278,-0.061087,-0.986904,-0.149291,0.373999,0.116042,-0.920141,0.925415,-0.112043,0.362012
0.696834,0.46409,1.03983,-0.061087,-0.876326,-0.477829,0.373999,0.423751,-0.824961,0.925415,-0.229102,0.301859
0.696834,0.371336,1.02421,-0.061087,-0.66005,-0.748734,0.373999,0.680349,-0.630278,0.925415,-0.318527,0.205297
0.696834,0.289517,0.97781,-0.061087,-0.364162,-0.92933,0.373999,0.854886,-0.359575,0.925415,-0.369534,0.0839737
0.696834,0.228502,0.906224,-0.061087,-0.0243508,-0.997835,0.373999,0.926312,-0.0455014,0.925415,-0.375969,-0.0474785
0.735794,0.262143,1.0079,-0.384024,0.000303449,-0.923323,0.43619,0.881437,-0.181128,0.813796,-0.472302,-0.338625
0.735794,0.192488,0.925137,-0.384024,0.31608,-0.867536,0.43619,0.890229,0.131264,0.813796,-0.328002,-0.47974
0.735794,0.15534,0.823542,-0.384024,0.593733,-0.707111,0.43619,0.791647,0.427824,0.813796,-0.14414,-0.562992
0.735794,0.155179,0.715369,-0.384024,0.799773,-0.461399,0.43619,0.59758,0.672783,0.813796,0.0571071,-0.578338
0.735794,0.192026,0.613664,-0.384024,0.909348,-0.160035,0.43619,0.331436,0.836593,0.813796,0.251466,-0.523928
0.735794,0.261435,0.530695,-0.384024,0.909243,0.160632,0.43619,0.0253165,0.899498,0.813796,0.415495,-0.406325
0.735794,0.355036,0.476469,-0.384024,0.79947,0.461924,0.43619,-0.283857,0.853911,0.813796,0.529409,-0.239713
0.735794,0.461538,0.457527,-0.384024,0.593268,0.707502,0.43619,-0.558793,0.705329,0.813796,0.579468,-0.0441878
0.735794,0.568096,0.476153,-0.384024,0.31551,0.867744,0.43619,-0.76633,0.471674,0.813796,0.559635,0.156667
0.735794,0.661857,0.530101,-0.384024,-0.000303449,0.923323,0.43619,-0.881437,0.181128,0.813796,0.472302,0.338625
0.735794,0.731512,0.612863,-0.384024,-0.31608,0.867536,0.43619,-0.890229,-0.131264,0.813796,0.328002,0.47974
0.735794,0.76866,0.714458,-0.384024,-0.593733,0.707111,0.43619,-0.791647,-0.427824,0.813796,0.14414,0.562992
0.735794,0.768821,0.822631,-0.384024,-0.799773,0.461399,0.43619,-0.59758,-0.672783,0.813796,-0.0571071,0.578338
0.735794,0.731974,0.924336,-0.384024,-0.909348,0.160035,0.43619,-0.331436,-0.836593,0.813796,-0.251466,0.523928
0.735794,0.662565,1.0073,-0.384024,-0.909243,-0.160632,0.43619,-0.0253165,-0.899498,0.813796,-0.415495,0.406325
0.735794,0.568964,1.06153,-0.384024,-0.79947,-0.461924,0.43619,0.283857,-0.853911,0.813796,-0.529409,0.239713
0.735794,0.462462,1.08047,-0.384024,-0.593268,-0.707502,0.43619,0.558793,-0.705329,0.813796,-0.579468,0.0441878
0.735794,0.355904,1.06185,-0.384024,-0.31551,-0.867744,0.43619,0.76633,-0.471674,0.813796,-0.559635,-0.156667
0.735794,0.262143,1.0079,-0.384024,0.000303449,-0.923323,0.43619,0.881437,-0.181128,0.813796,-0.472302,-0.338625
0.809034,0.28957,1.09079,-0.660642,0.0581663,-0.748445,0.44577,0.832586,-0.32877,0.604021,-0.550833,-0.57597
0.809034,0.18991,1.01241,-0.660642,0.310642,-0.683414,0.44577,0.894821,-0.0241812,0.604021,-0.320621,-0.729631
0.809034,0.123068,0.904671,-0.660642,0.525649,-0.535953,0.44577,0.849127,0.283324,0.604021,-0.0517363,-0.795287
0.809034,0.0971055,0.780567,-0.660642,0.677255,-0.323849,0.44577,0.701016,0.556656,0.604021,0.223388,-0.76502
0.809034,0.115155,0.655068,-0.660642,0.747174,-0.0726834,0.44577,0.468352,0.762847,0.604021,0.471568,-0.642481
0.809034,0.175039,0.543311,-0.660642,0.726973,0.187249,0.44577,0.179198,0.877027,0.604021,0.662871,-0.442449
0.809034,0.269535,0.458776,-0.660642,0.619089,0.424596,0.44577,-0.13157,0.885426,0.604021,0.774221,-0.189051
0.809034,0.387245,0.411658,-0.660642,0.436533,0.61073,0.44577,-0.426469,0.787028,0.604021,0.792189,0.0871498
0.809034,0.513972,0.40764,-0.660642,0.201325,0.723202,0.44577,-0.669929,0.593704,0.604021,0.714607,0.352839
0.809034,0.63443,0.447208,-0.660642,-0.0581663,0.748445,0.44577,-0.832586,0.32877,0.604021,0.550833,0.57597
0.809034,0.73409,0.525589,-0.660642,-0.310642,0.683414,0.44577,-0.894821,0.0241812,0.604021,0.320621,0.729631
0.809034,0.800932,0.633329,-0.660642,-0.525649,0.535953,0.44577,-0.849127,-0.283324,0.604021,0.0517363,0.795287
0.809034,0.826894,0.757433,-0.660642,-0.677255,0.323849,0.44577,-0.701016,-0.556656,0.604021,-0.223388,0.76502
0.809034,0.808845,0.882932,-0.660642,-0.747174,0.0726834,0.44577,-0.468352,-0.762847,0.604021,-0.471568,0.642481
0.809034,0.748961,0.994689,-0.660642,-0.726973,-0.187249,0.44577,-0.179198,-0.877027,0.604021,-0.662871,0.442449
0.809034,0.654465,1.07922,-0.660642,-0.619089,-0.424596,0.44577,0.13157,-0.885426,0.604021,-0.774221,0.189051
0.809034,0.536755,1.12634,-0.660642,-0.436533,-0.61073,0.44577,0.426469,-0.787028,0.604021,-0.792189,-0.0871498
0.809034,0.410028,1.13036,-0.660642,-0.201325,-0.723202,0.44577,0.669929,-0.593704,0.604021,-0.714607,-0.352839
0.809034,0.28957,1.09079,-0.660642,0.0581663,-0.748445,0.44577,0.832586,-0.32877,0.604021,-0.550833,-0.57597
0.90772,0.307475,1.1449,-0.857576,0.142259,-0.494292,0.401584,0.785652,-0.470618,0.321392,-0.602091,-0.730886
0.90772,0.188227,1.06938,-0.857576,0.302738,-0.415828,0.401584,0.899232,-0.173527,0.321392,-0.315803,-0.892735
0.90772,0.102001,0.957632,-0.857576,0.426702,-0.287208,0.401584,0.904352,0.144493,0.321392,0.00857589,-0.946907
0.90772,0.0591954,0.823129,-0.857576,0.499199,-0.123946,0.401584,0.800393,0.445086,0.321392,0.33192,-0.886869
0.90772,0.0649744,0.682097,-0.857576,0.511486,0.0542646,0.401584,0.599895,0.691994,0.321392,0.61523,-0.719861
0.90772,0.11864,0.551547,-0.857576,0.46208,0.225931,0.401584,0.327041,0.855438,0.321392,0.824334,-0.466027
0.90772,0.213721,0.447225,-0.857576,0.35694,0.370346,0.401584,0.0147411,0.915704,0.321392,0.934011,-0.155983
0.90772,0.338747,0.381714,-0.857576,0.208749,0.470092,0.401584,-0.299337,0.865522,0.321392,0.931032,0.172874
0.90772,0.47864,0.362916,-0.857576,0.0353784,0.513138,0.401584,-0.577311,0.710945,0.321392,0.815758,0.480881
0.90772,0.616525,0.393097,-0.857576,-0.142259,0.494292,0.401584,-0.785652,0.470618,0.321392,0.602091,0.730886
0.90772,0.735773,0.468617,-0.857576,-0.302738,0.415828,0.401584,-0.899232,0.173527,0.321392,0.315803,0.892735
0.90772,0.821999,0.580368,-0.857576,-0.426702,0.287208,0.401584,-0.904352,-0.144493,0.321392,-0.00857589,0.946907
0.90772,0.864805,0.714871,-0.857576,-0.499199,0.123946,0.401584,-0.800393,-0.445086,0.321392,-0.33192,0.886869
0.90772,0.859026,0.855903,-0.857576,-0.511486,-0.0542646,0.401584,-0.599895,-0.691994,0.321392,-0.61523,0.719861
0.90772,0.80536,0.986453,-0.857576,-0.46208,-0.225931,0.401584,-0.327041,-0.855438,0.321392,-0.824334,0.466027
0.90772,0.710279,1.09077,-0.857576,-0.35694,-0.370346,0.401584,-0.0147411,-0.915704,0.321392,-0.934011,0.155983
0.90772,0.585253,1.15629,-0.857576,-0.208749,-0.470092,0.401584,0.299337,-0.865522,0.321392,-0.931032,-0.172874
0.90772,0.44536,1.17508,-0.857576,-0.0353784,-0.513138,0.401584,0.577311,-0.710945,0.321392,-0.815758,-0.480881
0.90772,0.307475,1.1449,-0.857576,0.142259,-0.494292,0.401584,0.785652,-0.470618,0.321392,-0.602091,-0.730886
0.883612,0.214571,0.456006,0.961642,0.181138,-0.205995,-0.0812368,0.905335,0.416855,0.262003,-0.384131,0.885323
0.883612,0.336543,0.390256,0.961642,0.240669,-0.131619,-0.0812368,0.708164,0.701359,0.262003,-0.663764,0.700551
0.883612,0.473647,0.370188,0.961642,0.271171,-0.0413679,-0.0812368,0.425578,0.901268,0.262003,-0.863337,0.431282
0.883612,0.609346,0.398223,0.961642,0.268966,0.0538728,-0.0812368,0.0916603,0.992471,0.262003,-0.958778,0.109994
0.883612,0.727274,0.470979,0.961642,0.23432,0.142616,-0.0812368,-0.253313,0.963967,0.262003,-0.938577,-0.224561
0.883612,0.813205,0.579681,0.961642,0.171411,0.214157,-0.0812368,-0.567732,0.819195,0.262003,-0.80517,-0.53203
0.883612,0.856776,0.711217,0.961642,0.0878278,0.259868,-0.0812368,-0.813675,0.575616,0.262003,-0.574647,-0.775329
0.883612,0.852731,0.849723,0.961642,-0.00634889,0.274235,-0.0812368,-0.961477,0.262609,0.262003,-0.274813,-0.925112
0.883612,0.801558,0.978493,0.961642,-0.0997598,0.255525,-0.0812368,-0.99331,-0.0820731,0.262003,0.0581669,-0.963313
0.883612,0.709429,1.08199,0.961642,-0.181138,0.205995,-0.0812368,-0.905335,-0.416855,0.262003,0.384131,-0.885323
0.883612,0.587457,1.14774,0.961642,-0.240669,0.131619,-0.0812368,-0.708164,-0.701359,0.262003,0.663764,-0.700551
0.883612,0.450353,1.16781,0.961642,-0.271171,0.0413679,-0.0812368,-0.425578,-0.901268,0.262003,0.863337,-0.431282
0.883612,0.314654,1.13978,0.961642,-0.268966,-0.0538728,-0.0812368,-0.0916603,-0.992471,0.262003,0.958778,-0.109994
0.883612,0.196726,1.06702,0.961642,-0.23432,-0.142616,-0.0812368,0.253313,-0.963967,0.262003,0.938577,0.224561
0.883612,0.110795,0.958319,0.961642,-0.171411,-0.214157,-0.0812368,0.567732,-0.819195,0.262003,0.80517,0.53203
0.883612,0.0672244,0.826783,0.961642,-0.0878278,-0.259868,-0.0812368,0.813675,-0.575616,0.262003,0.574647,0.775329
0.883612,0.0712694,0.688277,0.961642,0.00634889,-0.274235,-0.0812368,0.961477,-0.262609,0.262003,0.274813,0.925112
0.883612,0.122442,0.559507,0.961642,0.0997598,-0.255525,-0.0812368,0.99331,0.0820731,0.262003,-0.0581669,0.963313
0.883612,0.214571,0.456006,0.961642,0.181138,-0.205995,-0.0812368,0.905335,0.416855,0.262003,-0.384131,0.885323
0.763622,0.236326,0.521755,0.856221,0.0804487,-0.510308,0.156285,0.901178,0.404292,0.492403,-0.425917,0.759035
0.763622,0.334498,0.459481,0.856221,0.250133,-0.452017,0.156285,0.708555,0.688132,0.492403,-0.659836,0.567587
0.763622,0.448049,0.434539,0.856221,0.389647,-0.339207,0.156285,0.430469,0.888972,0.492403,-0.814169,0.30768
0.763622,0.563283,0.449938,0.856221,0.482164,-0.185483,0.156285,0.100462,0.98259,0.492403,-0.870302,0.0106624
0.763622,0.666301,0.503821,0.856221,0.516525,-0.0093875,0.156285,-0.241662,0.957692,0.492403,-0.821463,-0.287641
0.763622,0.744676,0.589688,0.856221,0.488585,0.167841,0.156285,-0.554638,0.817283,0.492403,-0.673544,-0.551251
0.763622,0.788957,0.697183,0.856221,0.401715,0.324825,0.156285,-0.800717,0.578297,0.492403,-0.444385,-0.748372
0.763622,0.793802,0.81334,0.856221,0.266392,0.44263,0.156285,-0.950217,0.269561,0.492403,-0.161627,-0.855229
0.763622,0.758627,0.924149,0.856221,0.0989385,0.507048,0.156285,-0.985107,-0.0716892,0.492403,0.140626,-0.858932
0.763622,0.687674,1.01624,0.856221,-0.0804487,0.510308,0.156285,-0.901178,-0.404292,0.492403,0.425917,-0.759035
0.763622,0.589502,1.07852,0.856221,-0.250133,0.452017,0.156285,-0.708555,-0.688132,0.492403,0.659836,-0.567587
0.763622,0.475951,1.10346,0.856221,-0.389647,0.339207,0.156285,-0.430469,-0.888972,0.492403,0.814169,-0.30768
0.763622,0.360717,1.08806,0.856221,-0.482164,0.185483,0.156285,-0.100462,-0.98259,0.492403,0.870302,-0.0106624
0.763622,0.257699,1.03418,0.856221,-0.516525,0.0093875,0.156285,0.241662,-0.957692,0.492403,0.821463,0.287641
0.763622,0.179324,0.948312,0.856221,-0.488585,-0.167841,0.156285,0.554638,-0.817283,0.492403,0.673544,0.551251
0.763622,0.135043,0.840817,0.856221,-0.401715,-0.324825,0.156285,0.800717,-0.578297,0.492403,0.444385,0.748372
0.763622,0.130198,0.72466,0.856221,-0.266392,-0.44263,0.156285,0.950217,-0.269561,0.492403,0.161627,0.855229
0.763622,0.165373,0.613851,0.856221,-0.0989385,-0.507048,0.156285,0.985107,0.0716892,0.492403,-0.140626,0.858932
0.763622,0.236326,0.521755,0.856221,0.0804487,-0.510308,0.156285,0.901178,0.404292,0.492403,-0.425917,0.759035
0.674556,0.26966,0.622501,0.647527,-0.0028422,-0.762038,0.374957,0.871754,0.315361,0.663413,-0.489936,0.565549
0.674556,0.331365,0.565552,0.647527,0.257961,-0.717053,0.374957,0.71132,0.5945,0.663413,-0.653819,0.363874
0.674556,0.408827,0.533142,0.647527,0.487651,-0.585582,0.374957,0.465092,0.801933,0.663413,-0.738841,0.118311
0.674556,0.492702,0.529179,0.647527,0.658523,-0.38348,0.374957,0.162766,0.912641,0.663413,-0.734748,-0.141523
0.674556,0.572874,0.554143,0.647527,0.749967,-0.135125,0.374957,-0.159192,0.913272,0.663413,-0.642034,-0.384287
0.674556,0.639673,0.605021,0.647527,0.750954,0.129527,0.374957,-0.461949,0.803748,0.663413,-0.471881,-0.5807
0.674556,0.685042,0.675678,0.647527,0.661365,0.378557,0.374957,-0.708988,0.59728,0.663413,-0.244812,-0.707072
0.674556,0.703509,0.757591,0.647527,0.492006,0.581928,0.374957,-0.870512,0.318772,0.663413,0.011785,-0.748161
0.674556,0.692846,0.84088,0.647527,0.263303,0.715109,0.374957,-0.92704,0.00181455,0.663413,0.26696,-0.699011
0.674556,0.65434,0.915499,0.647527,0.0028422,0.762038,0.374957,-0.871754,-0.315361,0.663413,0.489936,-0.565549
0.674556,0.592635,0.972448,0.647527,-0.257961,0.717053,0.374957,-0.71132,-0.5945,0.663413,0.653819,-0.363874
0.674556,0.515173,1.00486,0.647527,-0.487651,0.585582,0.374957,-0.465092,-0.801933,0.663413,0.738841,-0.118311
0.674556,0.431298,1.00882,0.647527,-0.658523,0.38348,0.374957,-0.162766,-0.912641,0.663413,0.734748,0.141523
0.674556,0.351126,0.983857,0.647527,-0.749967,0.135125,0.374957,0.159192,-0.913272,0.663413,0.642034,0.384287
0.674556,0.284327,0.932979,0.647527,-0.750954,-0.129527,0.374957,0.461949,-0.803748,0.663413,0.471881,0.5807
0.674556,0.238958,0.862322,0.647527,-0.661365,-0.378557,0.374957,0.708988,-0.59728,0.663413,0.244812,0.707072
0.674556,0.220491,0.780409,0.647527,-0.492006,-0.581928,0.374957,0.870512,-0.318772,0.663413,-0.011785,0.748161
0.674556,0.231154,0.69712,0.647527,-0.263303,-0.715109,0.374957,0.92704,-0.00181455,0.663413,-0.26696,0.699011
0.674556,0.26966,0.622501,0.647527,-0.0028422,-0.762038,0.374957,0.871754,0.315361,0.663413,-0.489936,0.565549
0.627155,0.310553,0.746092,0.360731,-0.0586885,-0.930821,0.548404,0.82061,0.160789,0.754404,-0.568468,0.328205
0.627155,0.327521,0.695675,0.360731,0.263211,-0.894759,0.548404,0.716128,0.431757,0.754404,-0.646438,0.113984
0.627155,0.36071,0.654103,0.360731,0.553362,-0.750775,0.548404,0.52527,0.650649,0.754404,-0.646437,-0.113985
0.627155,0.406116,0.626389,0.360731,0.776771,-0.516236,0.548404,0.271057,0.791063,0.754404,-0.568467,-0.328205
0.627155,0.458262,0.615876,0.360731,0.906489,-0.219432,0.548404,-0.0158492,0.836063,0.754404,-0.421932,-0.502839
0.627155,0.510859,0.623832,0.360731,0.926871,0.103839,0.548404,-0.300844,0.780222,0.754404,-0.224505,-0.616824
0.627155,0.557562,0.649297,0.360731,0.835459,0.414585,0.548404,-0.549552,0.630274,0.754404,3.53246e-07,-0.65641
0.627155,0.59274,0.6892,0.360731,0.643278,0.675326,0.548404,-0.731977,0.404306,0.754404,0.224506,-0.616823
0.627155,0.612149,0.738729,0.360731,0.373509,0.854613,0.548404,-0.826114,0.129573,0.754404,0.421932,-0.502839
0.627155,0.613447,0.791908,0.360731,0.0586885,0.930821,0.548404,-0.82061,-0.160789,0.754404,0.568468,-0.328205
0.627155,0.596479,0.842325,0.360731,-0.263211,0.894759,0.548404,-0.716128,-0.431757,0.754404,0.646438,-0.113984
0.627155,0.56329,0.883897,0.360731,-0.553362,0.750775,0.548404,-0.52527,-0.650649,0.754404,0.646437,0.113985
0.627155,0.517884,0.911611,0.360731,-0.776771,0.516236,0.548404,-0.271057,-0.791063,0.754404,0.568467,0.328205
0.627155,0.465738,0.922124,0.360731,-0.906489,0.219432,0.548404,0.0158492,-0.836063,0.754404,0.421932,0.502839
0.627155,0.413141,0.914168,0.360731,-0.926871,-0.103839,0.548404,0.300844,-0.780222,0.754404,0.224505,0.616824
0.627155,0.366438,0.888703,0.360731,-0.835459,-0.414585,0.548404,0.549552,-0.630274,0.754404,-3.53246e-07,0.65641
0.627155,0.33126,0.8488,0.360731,-0.643278,-0.675326,0.548404,0.731977,-0.404306,0.754404,-0.224506,0.616823
0.627155,0.311851,0.799271,0.360731,-0.373509,-0.854613,0.548404,0.826114,-0.129573,0.754404,-0.421932,0.502839
0.627155,0.310553,0.746092,0.360731,-0.0586885,-0.930821,0.548404,0.82061,0.160789,0.754404,-0.568468,0.328205
0.627137,0.354073,0.877621,0.0304265,-0.0803543,-0.996302,0.655705,0.753915,-0.0407803,0.754404,-0.652039,0.0756277
0.627137,0.323431,0.834157,0.0304265,0.265247,-0.9637,0.655705,0.722396,0.219533,0.754404,-0.638582,-0.151944
0.627137,0.309503,0.782834,0.0304265,0.578856,-0.814862,0.655705,0.603746,0.453368,0.754404,-0.548103,-0.361188
0.627137,0.313968,0.729842,0.0304265,0.822646,-0.56774,0.655705,0.412274,0.63252,0.754404,-0.391515,-0.526868
0.627137,0.336288,0.681574,0.0304265,0.967212,-0.25214,0.655705,0.171077,0.73538,0.754404,-0.187704,-0.629
0.627137,0.373771,0.64385,0.0304265,0.995119,0.0938724,0.655705,-0.0907552,0.749543,0.754404,0.0387466,-0.655266
0.627137,0.421895,0.621222,0.0304265,0.903,0.428562,0.655705,-0.341641,0.6733,0.754404,0.260524,-0.602496
0.627137,0.474857,0.616417,0.0304265,0.701965,0.711561,0.655705,-0.55132,0.515847,0.754404,0.450878,-0.477057
0.627137,0.526268,0.630017,0.0304265,0.416264,0.908735,0.655705,-0.694501,0.296175,0.754404,0.58685,-0.294077
0.627137,0.569927,0.660379,0.0304265,0.0803543,0.996302,0.655705,-0.753915,0.0407803,0.754404,0.652039,-0.0756277
0.627137,0.600569,0.703843,0.0304265,-0.265247,0.9637,0.655705,-0.722396,-0.219533,0.754404,0.638582,0.151944
0.627137,0.614497,0.755166,0.0304265,-0.578856,0.814862,0.655705,-0.603746,-0.453368,0.754404,0.548103,0.361188
0.627137,0.610032,0.808158,0.0304265,-0.822646,0.56774,0.655705,-0.412274,-0.63252,0.754404,0.391515,0.526868
0.627137,0.587712,0.856426,0.0304265,-0.967212,0.25214,0.655705,-0.171077,-0.73538,0.754404,0.187704,0.629
0.627137,0.550229,0.89415,0.0304265,-0.995119,-0.0938724,0.655705,0.0907552,-0.749543,0.754404,-0.0387466,0.655266
0.627137,0.502105,0.916778,0.0304265,-0.903,-0.428562,0.655705,0.341641,-0.6733,0.754404,-0.260524,0.602496
0.627137,0.449143,0.921583,0.0304265,-0.701965,-0.711561,0.655705,0.55132,-0.515847,0.754404,-0.450878,0.477057
0.627137,0.397732,0.907983,0.0304265,-0.416264,-0.908735,0.655705,0.694501,-0.296175,0.754404,-0.58685,0.294077
0.627137,0.354073,0.877621,0.0304265,-0.0803543,-0.996302,0.655705,0.753915,-0.0407803,0.754404,-0.652039,0.0756277
0.674504,0.39497,1.00122,-0.303548,-0.0652264,-0.950581,0.683918,0.679715,-0.265035,0.663411,-0.73057,-0.161717
0.674504,0.319587,0.964293,-0.303548,0.263825,-0.915563,0.683918,0.729371,-0.0165754,0.663411,-0.631201,-0.401834
0.674504,0.261381,0.903807,-0.303548,0.561055,-0.770114,0.683918,0.691053,0.233884,0.663411,-0.4557,-0.593484
0.674504,0.227374,0.827061,-0.303548,0.790614,-0.531778,0.683918,0.569385,0.456133,0.663411,-0.225234,-0.713551
0.674504,0.221665,0.743313,-0.303548,0.924813,-0.229302,0.683918,0.37904,0.623366,0.663411,0.0323977,-0.747553
0.674504,0.244945,0.662663,-0.303548,0.947466,0.100831,0.683918,0.142977,0.715412,0.663411,0.286122,-0.691389
0.674504,0.294404,0.594838,-0.303548,0.85584,0.418803,0.683918,-0.11033,0.721168,0.663411,0.505336,-0.551834
0.674504,0.364078,0.54802,-0.303548,0.660988,0.68626,0.683918,-0.350331,0.639941,0.663411,0.663599,-0.345719
0.674504,0.445563,0.527856,-0.303548,0.386411,0.870945,0.683918,-0.548076,0.481528,0.663411,0.741822,-0.0979057
0.674504,0.52903,0.536777,-0.303548,0.0652264,0.950581,0.683918,-0.679715,0.265035,0.663411,0.73057,0.161717
0.674504,0.604413,0.573707,-0.303548,-0.263825,0.915563,0.683918,-0.729371,0.0165754,0.663411,0.631201,0.401834
0.674504,0.662619,0.634193,-0.303548,-0.561055,0.770114,0.683918,-0.691053,-0.233884,0.663411,0.4557,0.593484
0.674504,0.696626,0.710939,-0.303548,-0.790614,0.531778,0.683918,-0.569385,-0.456133,0.663411,0.225234,0.713551
0.674504,0.702335,0.794687,-0.303548,-0.924813,0.229302,0.683918,-0.37904,-0.623366,0.663411,-0.0323977,0.747553
0.674504,0.679055,0.875337,-0.303548,-0.947466,-0.100831,0.683918,-0.142977,-0.715412,0.663411,-0.286122,0.691389
0.674504,0.629596,0.943162,-0.303548,-0.85584,-0.418803,0.683918,0.11033,-0.721168,0.663411,-0.505336,0.551834
0.674504,0.559922,0.98998,-0.303548,-0.660988,-0.68626,0.683918,0.350331,-0.639941,0.663411,-0.663599,0.345719
0.674504,0.478437,1.01014,-0.303548,-0.386411,-0.870945,0.683918,0.548076,-0.481528,0.663411,-0.741822,0.0979057
0.674504,0.39497,1.00122,-0.303548,-0.0652264,-0.950581,0.683918,0.679715,-0.265035,0.663411,-0.73057,-0.161717
0.763543,0.428311,1.10199,-0.60091,-0.0151294,-0.799173,0.629641,0.606958,-0.484927,0.492402,-0.79459,-0.355202
0.763543,0.316453,1.07039,-0.60091,0.259116,-0.756152,0.629641,0.736209,-0.24809,0.492402,-0.625184,-0.605546
0.763543,0.22215,1.00243,-0.60091,0.502109,-0.621927,0.629641,0.776662,0.0186698,0.492402,-0.380372,-0.782853
0.763543,0.156777,0.90632,-0.60091,0.68454,-0.412689,0.629641,0.723438,0.283178,0.492402,-0.0896811,-0.865736
0.763543,0.128218,0.793646,-0.60091,0.784405,-0.153675,0.629641,0.582957,0.513531,0.492402,0.211826,-0.844198
0.763543,0.139918,0.678,-0.60091,0.789659,0.123875,0.629641,0.372163,0.681944,0.492402,0.487784,-0.720838
0.763543,0.190466,0.573329,-0.60091,0.699669,0.386484,0.629641,0.11648,0.768105,0.492402,0.704908,-0.510534
0.763543,0.273765,0.492259,-0.60091,0.525288,0.602477,0.629641,-0.153252,0.761621,0.492402,0.83701,-0.238652
0.763543,0.379768,0.444568,-0.60091,0.28755,0.745803,0.629641,-0.4045,0.663274,0.492402,0.868156,0.0620147
0.763543,0.495689,0.436009,-0.60091,0.0151294,0.799173,0.629641,-0.606958,0.484927,0.492402,0.79459,0.355202
0.763543,0.607547,0.467613,-0.60091,-0.259116,0.756152,0.629641,-0.736209,0.24809,0.492402,0.625184,0.605546
0.763543,0.70185,0.535569,-0.60091,-0.502109,0.621927,0.629641,-0.776662,-0.0186698,0.492402,0.380372,0.782853
0.763543,0.767223,0.63168,-0.60091,-0.68454,0.412689,0.629641,-0.723438,-0.283178,0.492402,0.0896811,0.865736
0.763543,0.795782,0.744354,-0.60091,-0.784405,0.153675,0.629641,-0.582957,-0.513531,0.492402,-0.211826,0.844198
0.763543,0.784082,0.86,-0.60091,-0.789659,-0.123875,0.629641,-0.372163,-0.681944,0.492402,-0.487784,0.720838
0.763543,0.733534,0.964671,-0.60091,-0.699669,-0.386484,0.629641,-0.11648,-0.768105,0.492402,-0.704908,0.510534
0.763543,0.650235,1.04574,-0.60091,-0.525288,-0.602477,0.629641,0.153252,-0.761621,0.492402,-0.83701,0.238652
0.763543,0.544232,1.09343,-0.60091,-0.28755,-0.745803,0.629641,0.4045,-0.663274,0.492402,-0.868156,-0.0620147
0.763543,0.428311,1.10199,-0.60091,-0.0151294,-0.799173,0.629641,0.606958,-0.484927,0.492402,-0.79459,-0.355202
0.883514,0.450076,1.16777,-0.825794,0.0638942,-0.560341,0.499419,0.544421,-0.673933,0.262001,-0.836375,-0.48149
0.883514,0.314407,1.13964,-0.825794,0.251689,-0.504695,0.499419,0.742087,-0.447087,0.262001,-0.621256,-0.738509
0.883514,0.196541,1.06681,-0.825794,0.409126,-0.388175,0.499419,0.850247,-0.166316,0.262001,-0.331205,-0.906454
0.883514,0.110693,0.958058,-0.825794,0.517216,-0.224836,0.499419,0.855854,0.134516,0.262001,-0.0012052,-0.965067
0.883514,0.0672173,0.826503,-0.825794,0.562923,-0.0343786,0.499419,0.758232,0.419123,0.262001,0.32894,-0.907278
0.883514,0.0713585,0.688011,-0.825794,0.540733,0.160226,0.499419,0.569157,0.653177,0.262001,0.61941,-0.740059
0.883514,0.122617,0.559288,-0.825794,0.453322,0.335504,0.499419,0.311433,0.808449,0.262001,0.83517,-0.483577
0.883514,0.21481,0.455859,-0.825794,0.311234,0.470316,0.499419,0.0161452,0.86621,0.262001,0.950196,-0.168769
0.883514,0.336818,0.3902,-0.825794,0.131607,0.548401,0.499419,-0.28109,0.819493,0.262001,0.950615,0.166395
0.883514,0.473924,0.37023,-0.825794,-0.0638942,0.560341,0.499419,-0.544421,0.673933,0.262001,0.836375,0.48149
0.883514,0.609593,0.398357,-0.825794,-0.251689,0.504695,0.499419,-0.742087,0.447087,0.262001,0.621256,0.738509
0.883514,0.727459,0.471189,-0.825794,-0.409126,0.388175,0.499419,-0.850247,0.166316,0.262001,0.331205,0.906454
0.883514,0.813307,0.579942,-0.825794,-0.517216,0.224836,0.499419,-0.855854,-0.134516,0.262001,0.0012052,0.965067
0.883514,0.856783,0.711497,-0.825794,-0.562923,0.0343786,0.499419,-0.758232,-0.419123,0.262001,-0.32894,0.907278
0.883514,0.852641,0.849989,-0.825794,-0.540733,-0.160226,0.499419,-0.569157,-0.653177,0.262001,-0.61941,0.740059
0.883514,0.801383,0.978712,-0.825794,-0.453322,-0.335504,0.499419,-0.311433,-0.808449,0.262001,-0.83517,0.483577
0.883514,0.70919,1.08214,-0.825794,-0.311234,-0.470316,0.499419,-0.0161452,-0.86621,0.262001,-0.950196,0.168769
0.883514,0.587182,1.1478,-0.825794,-0.131607,-0.548401,0.499419,0.28109,-0.819493,0.262001,-0.950615,-0.166395
0.883514,0.450076,1.16777,-0.825794,0.0638942,-0.560341,0.499419,0.544421,-0.673933,0.262001,-0.836375,-0.48149
0.875863,0.345234,0.390347,0.985232,0.123461,-0.118643,-0.00862081,0.727786,0.68575,0.17101,-0.6746,0.718102
0.875863,0.481783,0.373246,0.985232,0.156594,-0.069262,-0.00862081,0.449355,0.893312,0.17101,-0.879522,0.444068
0.875863,0.615945,0.403879,0.985232,0.170839,-0.0115268,-0.00862081,0.116725,0.993127,0.17101,-0.978361,0.116474
0.875863,0.73154,0.478551,0.985232,0.164478,0.0475986,-0.00862081,-0.229984,0.973156,0.17101,-0.959195,-0.22517
0.875863,0.814624,0.588255,0.985232,0.138279,0.100983,-0.00862081,-0.548953,0.835808,0.17101,-0.824335,-0.539654
0.875863,0.855177,0.71976,0.985232,0.0954019,0.142187,-0.00862081,-0.801711,0.59765,0.17101,-0.590049,-0.789048
0.875863,0.848307,0.857204,0.985232,0.0410176,0.166242,-0.00862081,-0.95777,0.287406,0.17101,-0.284595,-0.943272
0.875863,0.794842,0.984009,0.985232,-0.0183141,0.170245,-0.00862081,-0.998308,-0.0575034,0.17101,0.0551865,-0.983723
0.875863,0.701232,1.08488,0.985232,-0.0754369,0.153714,-0.00862081,-0.918435,-0.395477,0.17101,0.388311,-0.905522
0.875863,0.578766,1.14765,0.985232,-0.123461,0.118643,-0.00862081,-0.727786,-0.68575,0.17101,0.6746,-0.718102
0.875863,0.442217,1.16475,0.985232,-0.156594,0.069262,-0.00862081,-0.449355,-0.893312,0.17101,0.879522,-0.444068
0.875863,0.308055,1.13412,0.985232,-0.170839,0.0115268,-0.00862081,-0.116725,-0.993127,0.17101,0.978361,-0.116474
0.875863,0.19246,1.05945,0.985232,-0.164478,-0.0475986,-0.00862081,0.229984,-0.973156,0.17101,0.959195,0.22517
0.875863,0.109376,0.949745,0.985232,-0.138279,-0.100983,-0.00862081,0.548953,-0.835808,0.17101,0.824335,0.539654
0.875863,0.068823,0.81824,0.985232,-0.0954019,-0.142187,-0.00862081,0.801711,-0.59765,0.17101,0.590049,0.789048
0.875863,0.0756934,0.680796,0.985232,-0.0410176,-0.166242,-0.00862081,0.95777,-0.287406,0.17101,0.284595,0.943272
0.875863,0.129158,0.553991,0.985232,0.0183141,-0.170245,-0.00862081,0.998308,0.0575034,0.17101,-0.0551865,0.983723
0.875863,0.222768,0.453119,0.985232,0.0754369,-0.153714,-0.00862081,0.918435,0.395477,0.17101,-0.388311,0.905522
0.875863,0.345234,0.390347,0.985232,0.123461,-0.118643,-0.00862081,0.727786,0.68575,0.17101,-0.6746,0.718102
0.749059,0.368224,0.459831,0.900555,0.0190092,-0.434327,0.292759,0.712048,0.638185,0.321393,-0.701874,0.635673
0.749059,0.479622,0.446403,0.900555,0.166411,-0.401632,0.292759,0.450834,0.843232,0.321393,-0.876958,0.357282
0.749059,0.588893,0.471885,0.900555,0.293742,-0.320495,0.292759,0.135243,0.946574,0.321393,-0.946269,0.0357981
0.749059,0.68286,0.533204,0.900555,0.385643,-0.200701,0.292759,-0.196661,0.935744,0.321393,-0.901446,-0.290004
0.749059,0.750188,0.622962,0.900555,0.431029,-0.0566997,0.292759,-0.504844,0.81205,0.321393,-0.747895,-0.580827
0.749059,0.782756,0.730336,0.900555,0.424427,0.0941404,0.292759,-0.752135,0.590411,0.321393,-0.504137,-0.801594
0.749059,0.776636,0.842372,0.900555,0.366633,0.233626,0.292759,-0.908708,0.297559,0.321393,-0.199572,-0.925677
0.749059,0.732566,0.945559,0.900555,0.264618,0.344932,0.292759,-0.955678,-0.0311826,0.321393,0.129064,-0.938109
0.749059,0.655862,1.02745,0.900555,0.130686,0.414635,0.292759,-0.887378,-0.356163,0.321393,0.442132,-0.837392
0.749059,0.555776,1.07817,0.900555,-0.0190092,0.434327,0.292759,-0.712048,-0.638185,0.321393,0.701874,-0.635673
0.749059,0.444378,1.0916,0.900555,-0.166411,0.401632,0.292759,-0.450834,-0.843232,0.321393,0.876958,-0.357282
0.749059,0.335107,1.06611,0.900555,-0.293742,0.320495,0.292759,-0.135243,-0.946574,0.321393,0.946269,-0.0357981
0.749059,0.24114,1.0048,0.900555,-0.385643,0.200701,0.292759,0.196661,-0.935744,0.321393,0.901446,0.290004
0.749059,0.173812,0.915038,0.900555,-0.431029,0.0566997,0.292759,0.504844,-0.81205,0.321393,0.747895,0.580827
0.749059,0.141244,0.807664,0.900555,-0.424427,-0.0941404,0.292759,0.752135,-0.590411,0.321393,0.504137,0.801594
0.749059,0.147364,0.695628,0.900555,-0.366633,-0.233626,0.292759,0.908708,-0.297559,0.321393,0.199572,0.925677
0.749059,0.191434,0.592441,0.900555,-0.264618,-0.344932,0.292759,0.955678,0.0311826,0.321393,-0.129064,0.938109
0.749059,0.268138,0.51055,0.900555,-0.130686,-0.414635,0.292759,0.887378,0.356163,0.321393,-0.442132,0.837392
0.749059,0.368224,0.459831,0.900555,0.0190092,-0.434327,0.292759,0.712048,0.638185,0.321393,-0.701874,0.635673
0.654934,0.403452,0.5663,0.707258,-0.0700458,-0.703477,0.558827,0.664879,0.495628,0.433011,-0.743659,0.509385
0.654934,0.47631,0.5585,0.707258,0.174782,-0.685009,0.558827,0.455267,0.69314,0.433011,-0.873031,0.224319
0.654934,0.547443,0.576089,0.707258,0.398528,-0.583919,0.558827,0.190743,0.807049,0.433011,-0.897102,-0.0878036
0.654934,0.608269,0.616946,0.707258,0.574206,-0.4124,0.558827,-0.096787,0.823617,0.433011,-0.81297,-0.389335
0.654934,0.651454,0.676143,0.707258,0.680626,-0.191139,0.558827,-0.372643,0.740843,0.433011,-0.630781,-0.643908
0.654934,0.671787,0.74654,0.707258,0.704953,0.0531758,0.558827,-0.603554,0.568713,0.433011,-0.372511,-0.820815
0.654934,0.666817,0.819646,0.707258,0.644252,0.291077,0.558827,-0.761666,0.327988,0.433011,-0.0693105,-0.89872
0.654934,0.637143,0.886643,0.707258,0.505845,0.49387,0.558827,-0.827911,0.047703,0.433011,0.24225,-0.868226
0.654934,0.586345,0.939451,0.707258,0.306425,0.637095,0.558827,-0.794297,-0.238336,0.433011,0.524591,-0.733011
0.654934,0.520548,0.9717,0.707258,0.0700458,0.703477,0.558827,-0.664879,-0.495628,0.433011,0.743659,-0.509385
0.654934,0.44769,0.9795,0.707258,-0.174782,0.685009,0.558827,-0.455267,-0.69314,0.433011,0.873031,-0.224319
0.654934,0.376557,0.961911,0.707258,-0.398528,0.583919,0.558827,-0.190743,-0.807049,0.433011,0.897102,0.0878036
0.654934,0.315731,0.921054,0.707258,-0.574206,0.4124,0.558827,0.096787,-0.823617,0.433011,0.81297,0.389335
0.654934,0.272546,0.861857,0.707258,-0.680626,0.191139,0.558827,0.372643,-0.740843,0.433011,0.630781,0.643908
0.654934,0.252213,0.79146,0.707258,-0.704953,-0.0531758,0.558827,0.603554,-0.568713,0.433011,0.372511,0.820815
0.654934,0.257183,0.718354,0.707258,-0.644252,-0.291077,0.558827,0.761666,-0.327988,0.433011,0.0693105,0.89872
0.654934,0.286857,0.651357,0.707258,-0.505845,-0.49387,0.558827,0.827911,-0.047703,0.433011,-0.24225,0.868226
