0.658953,0.601144,0.974817,0.308961,0.615106,-0.725388,0.951075,-0.199823,0.235643,-3.49349e-06,-0.762703,-0.646749
0.907818,0.437514,1.24044,0.92986,-0.367592,-0.0154068,-0.179072,-0.415605,-0.891743,0.321394,0.831955,-0.45228
0.907818,0.29835,1.21679,0.92986,-0.340154,-0.140202,-0.179072,-0.0855468,-0.98011,0.321394,0.93647,-0.140459
0.907818,0.175668,1.14697,0.92986,-0.271688,-0.248086,-0.179072,0.25483,-0.950261,0.321394,0.928034,0.188304
0.907818,0.0842657,1.0394,0.92986,-0.170453,-0.326047,-0.179072,0.56447,-0.805796,0.321394,0.807663,0.494354
0.907818,0.0351669,0.907054,0.92986,-0.0486589,-0.364683,-0.179072,0.806026,-0.564141,0.321394,0.589876,0.740778
0.907818,0.0342939,0.765897,0.92986,0.0790045,-0.359332,-0.179072,0.950365,-0.254441,0.321394,0.300941,0.897853
0.907818,0.0817519,0.632955,0.92986,0.197139,-0.310641,-0.179072,0.980075,0.0859471,0.321394,-0.0242916,0.946634
0.907818,0.171817,0.524261,0.92986,0.291495,-0.224481,-0.179072,0.891573,0.415969,0.321394,-0.346594,0.881237
0.907818,0.293626,0.452927,0.92986,0.350693,-0.111246,-0.179072,0.695535,0.695819,0.321394,-0.627093,0.709549
0.907818,0.432486,0.427556,0.92986,0.367592,0.0154068,-0.179072,0.415605,0.891743,0.321394,-0.831955,0.45228
0.907818,0.57165,0.451207,0.92986,0.340154,0.140202,-0.179072,0.0855468,0.98011,0.321394,-0.93647,0.140459
0.907818,0.694332,0.52103,0.92986,0.271688,0.248086,-0.179072,-0.25483,0.950261,0.321394,-0.928034,-0.188304
0.907818,0.785734,0.628601,0.92986,0.170453,0.326047,-0.179072,-0.56447,0.805796,0.321394,-0.807663,-0.494354
0.907818,0.834833,0.760946,0.92986,0.0486589,0.364683,-0.179072,-0.806026,0.564141,0.321394,-0.589876,-0.740778
0.907818,0.835706,0.902103,0.92986,-0.0790045,0.359332,-0.179072,-0.950365,0.254441,0.321394,-0.300941,-0.897853
0.907818,0.788248,1.03505,0.92986,-0.197139,0.310641,-0.179072,-0.980075,-0.0859471,0.321394,0.0242916,-0.946634
0.907818,0.698183,1.14374,0.92986,-0.291495,0.224481,-0.179072,-0.891573,-0.415969,0.321394,0.346594,-0.881237
0.907818,0.576374,1.21507,0.92986,-0.350693,0.111246,-0.179072,-0.695535,-0.695819,0.321394,0.627093,-0.709549
0.907818,0.437514,1.24044,0.92986,-0.367592,-0.0154068,-0.179072,-0.415605,-0.891743,0.321394,0.831955,-0.45228
0.809114,0.474356,1.197,0.796489,-0.564463,0.216762,-0.0275851,-0.392038,-0.919535,0.604023,0.726421,-0.327825
0.809114,0.347831,1.18857,0.796489,-0.604559,0.0106313,-0.0275851,-0.0538955,-0.998165,0.604023,0.794735,-0.059604
0.809114,0.231819,1.13737,0.796489,-0.571736,-0.196781,-0.0275851,0.290747,-0.956402,0.604023,0.767192,0.215806
0.809114,0.140314,1.04958,0.796489,-0.469953,-0.380459,-0.0275851,0.600322,-0.799282,0.604023,0.647115,0.465186
0.809114,0.0843524,0.935792,0.796489,-0.311486,-0.518248,-0.0275851,0.837489,-0.545758,0.604023,0.448986,0.658459
0.809114,0.0706841,0.809725,0.796489,-0.11545,-0.593528,-0.0275851,0.973642,-0.226406,0.604023,0.196703,0.772311
0.809114,0.100958,0.686585,0.796489,0.0945108,-0.59722,-0.0275851,0.99236,0.120253,0.604023,-0.0793058,0.793011
0.809114,0.171522,0.581226,0.796489,0.293072,-0.528879,-0.0275851,0.891384,0.452408,0.604023,-0.345749,0.718063
0.809114,0.273865,0.506356,0.796489,0.456285,-0.396747,-0.0275851,0.682895,0.729996,0.604023,-0.57049,0.556505
0.809114,0.395644,0.471003,0.796489,0.564463,-0.216762,-0.0275851,0.392038,0.919535,0.604023,-0.726421,0.327825
0.809114,0.522169,0.479434,0.796489,0.604559,-0.0106313,-0.0275851,0.0538955,0.998165,0.604023,-0.794735,0.059604
0.809114,0.638181,0.530631,0.796489,0.571736,0.196781,-0.0275851,-0.290747,0.956402,0.604023,-0.767192,-0.215806
0.809114,0.729686,0.618418,0.796489,0.469953,0.380459,-0.0275851,-0.600322,0.799282,0.604023,-0.647115,-0.465186
0.809114,0.785648,0.732208,0.796489,0.311486,0.518248,-0.0275851,-0.837489,0.545758,0.604023,-0.448986,-0.658459
0.809114,0.799316,0.858275,0.796489,0.11545,0.593528,-0.0275851,-0.973642,0.226406,0.604023,-0.196703,-0.772311
0.809114,0.769042,0.981415,0.796489,-0.0945108,0.59722,-0.0275851,-0.99236,-0.120253,0.604023,0.0793058,-0.793011
0.809114,0.698478,1.08677,0.796489,-0.293072,0.528879,-0.0275851,-0.891384,-0.452408,0.604023,0.345749,-0.718063
0.809114,0.596135,1.16164,0.796489,-0.456285,0.396747,-0.0275851,-0.682895,-0.729996,0.604023,0.57049,-0.556505
0.809114,0.474356,1.197,0.796489,-0.564463,0.216762,-0.0275851,-0.392038,-0.919535,0.604023,0.726421,-0.327825
0.735846,0.53081,1.13042,0.567051,-0.719961,0.400137,0.127229,-0.403401,-0.906135,0.813797,0.564734,-0.137149
0.735846,0.42365,1.14531,0.567051,-0.813397,0.129765,0.127229,-0.0691569,-0.989459,0.813797,0.577584,0.0642724
0.735846,0.317859,1.12266,0.567051,-0.808725,-0.156259,0.127229,0.273429,-0.953441,0.813797,0.520769,0.257942
0.735846,0.226197,1.06518,0.567051,-0.70651,-0.423435,0.127229,0.583035,-0.802423,0.813797,0.401141,0.420499
0.735846,0.15972,0.979828,0.567051,-0.519078,-0.63954,0.127229,0.822319,-0.554621,0.813797,0.23313,0.532339
0.735846,0.126445,0.876882,0.567051,-0.269039,-0.778506,0.127229,0.962418,-0.239924,0.813797,0.0370004,0.57997
0.735846,0.130387,0.768764,0.567051,0.013451,-0.823573,0.127229,0.986436,0.103712,0.813797,-0.163592,0.557648
0.735846,0.171069,0.668514,0.567051,0.294318,-0.769305,0.127229,0.891475,0.434838,0.813797,-0.344453,0.468066
0.735846,0.243586,0.588224,0.567051,0.539687,-0.622247,0.127229,0.68899,0.713517,0.813797,-0.483768,0.322028
0.735846,0.33919,0.537579,0.567051,0.719961,-0.400137,0.127229,0.403401,0.906135,0.813797,-0.564734,0.137149
0.735846,0.44635,0.522686,0.567051,0.813397,-0.129765,0.127229,0.0691569,0.989459,0.813797,-0.577584,-0.0642724
0.735846,0.552141,0.545343,0.567051,0.808725,0.156259,0.127229,-0.273429,0.953441,0.813797,-0.520769,-0.257942
0.735846,0.643803,0.602815,0.567051,0.70651,0.423435,0.127229,-0.583035,0.802423,0.813797,-0.401141,-0.420499
0.735846,0.71028,0.688172,0.567051,0.519078,0.63954,0.127229,-0.822319,0.554621,0.813797,-0.23313,-0.532339
0.735846,0.743555,0.791118,0.567051,0.269039,0.778506,0.127229,-0.962418,0.239924,0.813797,-0.0370004,-0.57997
0.735846,0.739613,0.899236,0.567051,-0.013451,0.823573,0.127229,-0.986436,-0.103712,0.813797,0.163592,-0.557648
0.735846,0.698931,0.999486,0.567051,-0.294318,0.769305,0.127229,-0.891475,-0.434838,0.813797,0.344453,-0.468066
0.735846,0.626414,1.07978,0.567051,-0.539687,0.622247,0.127229,-0.68899,-0.713517,0.813797,0.483768,-0.322028
0.735846,0.53081,1.13042,0.567051,-0.719961,0.400137,0.127229,-0.403401,-0.906135,0.813797,0.564734,-0.137149
0.696852,0.600066,1.04875,0.269218,-0.815328,0.512603,0.266698,-0.448324,-0.853157,0.925416,0.366395,0.0967493
0.696852,0.516664,1.09225,0.269218,-0.941478,0.202831,0.266698,-0.12949,-0.955042,0.925416,0.311209,0.216229
0.696852,0.423411,1.10461,0.269218,-0.954072,-0.131406,0.266698,0.204963,-0.941734,0.925416,0.218486,0.309629
0.696852,0.331556,1.08433,0.269218,-0.851591,-0.449793,0.266698,0.514694,-0.814839,0.925416,0.0994103,0.365682
0.696852,0.252178,1.03385,0.269218,-0.646396,-0.713929,0.266698,0.762345,-0.589663,0.925416,-0.0316556,0.377629
0.696852,0.194851,0.959268,0.269218,-0.363235,-0.891954,0.266698,0.918047,-0.293364,0.925416,-0.158903,0.344029
0.696852,0.16649,0.869578,0.269218,-0.0362634,-0.962396,0.266698,0.963018,0.0383184,0.925416,-0.266985,0.268933
0.696852,0.170514,0.775596,0.269218,0.295082,-0.91676,0.266698,0.891835,0.365379,0.925416,-0.342864,0.1614
0.696852,0.20644,0.688659,0.269218,0.590837,-0.760548,0.266698,0.713084,0.64837,0.925416,-0.377389,0.0344
0.696852,0.269934,0.619252,0.269218,0.815328,-0.512603,0.266698,0.448324,0.853157,0.925416,-0.366395,-0.0967493
0.696852,0.353336,0.575747,0.269218,0.941478,-0.202831,0.266698,0.12949,0.955042,0.925416,-0.311209,-0.216229
0.696852,0.446589,0.563391,0.269218,0.954072,0.131406,0.266698,-0.204963,0.941734,0.925416,-0.218486,-0.309629
0.696852,0.538444,0.583674,0.269218,0.851591,0.449793,0.266698,-0.514694,0.814839,0.925416,-0.0994103,-0.365682
0.696852,0.617822,0.634151,0.269218,0.646396,0.713929,0.266698,-0.762345,0.589663,0.925416,0.0316556,-0.377629
0.696852,0.675149,0.708732,0.269218,0.363235,0.891954,0.266698,-0.918047,0.293364,0.925416,0.158903,-0.344029
0.696852,0.70351,0.798422,0.269218,0.0362634,0.962396,0.266698,-0.963018,-0.0383184,0.925416,0.266985,-0.268933
0.696852,0.699486,0.892404,0.269218,-0.295082,0.91676,0.266698,-0.891835,-0.365379,0.925416,0.342864,-0.1614
0.696852,0.66356,0.979341,0.269218,-0.590837,0.760548,0.266698,-0.713084,-0.64837,0.925416,0.377389,-0.0344
0.696852,0.600066,1.04875,0.269218,-0.815328,0.512603,0.266698,-0.448324,-0.853157,0.925416,0.366395,0.0967493
0.696834,0.673772,0.961828,-0.061087,-0.839063,0.540594,0.373999,-0.521389,-0.766993,0.925415,0.155328,0.345659
0.696834,0.615652,1.03578,-0.061087,-0.973355,0.221015,0.373999,-0.227618,-0.899063,0.925415,0.0277384,0.377938
0.696834,0.535743,1.0854,-0.061087,-0.990247,-0.12522,0.373999,0.0936066,-0.922693,0.925415,-0.103197,0.364633
0.696834,0.443683,1.1047,-0.061087,-0.887699,-0.456353,0.373999,0.403541,-0.835033,0.925415,-0.221685,0.307347
0.696834,0.350576,1.09134,-0.061087,-0.678083,-0.732443,0.373999,0.664803,-0.646655,0.925415,-0.313435,0.212991
0.696834,0.267651,1.04695,-0.061087,-0.386679,-0.920189,0.373999,0.845879,-0.380281,0.925415,-0.36738,0.0929453
0.696834,0.204912,0.976868,-0.061087,-0.0486364,-0.996947,0.373999,0.92493,-0.0680395,0.925415,-0.377013,-0.0383113
0.696834,0.169924,0.889557,-0.061087,0.295273,-0.953458,0.373999,0.892421,0.252409,0.925415,-0.341173,-0.164947
0.696834,0.166908,0.795545,-0.061087,0.603567,-0.794968,0.373999,0.752272,0.542412,0.925415,-0.264183,-0.271688
0.696834,0.196228,0.706172,-0.061087,0.839063,-0.540594,0.373999,0.521389,0.766993,0.925415,-0.155328,-0.345659
0.696834,0.254348,0.632216,-0.061087,0.973355,-0.221015,0.373999,0.227618,0.899063,0.925415,-0.0277384,-0.377938
0.696834,0.334257,0.582598,-0.061087,0.990247,0.12522,0.373999,-0.0936066,0.922693,0.925415,0.103197,-0.364633
0.696834,0.426317,0.563304,-0.061087,0.887699,0.456353,0.373999,-0.403541,0.835033,0.925415,0.221685,-0.307347
0.696834,0.519424,0.576659,-0.061087,0.678083,0.732443,0.373999,-0.664803,0.646655,0.925415,0.313435,-0.212991
0.696834,0.602349,0.621053,-0.061087,0.386679,0.920189,0.373999,-0.845879,0.380281,0.925415,0.36738,-0.0929453
0.696834,0.665088,0.691132,-0.061087,0.0486364,0.996947,0.373999,-0.92493,0.0680395,0.925415,0.377013,0.0383113
0.696834,0.700076,0.778443,-0.061087,-0.295273,0.953458,0.373999,-0.892421,-0.252409,0.925415,0.341173,0.164947
0.696834,0.703092,0.872455,-0.061087,-0.603567,0.794968,0.373999,-0.752272,-0.542412,0.925415,0.264183,0.271688
0.696834,0.673772,0.961828,-0.061087,-0.839063,0.540594,0.373999,-0.521389,-0.766993,0.925415,0.155328,0.345659
0.735794,0.743036,0.880146,-0.384024,-0.788303,0.480733,0.43619,-0.613782,-0.658035,0.813796,-0.0430102,0.579557
0.735794,0.708676,0.982717,-0.384024,-0.905183,0.182126,0.43619,-0.351705,-0.828276,0.813796,-0.238636,0.529895
0.735794,0.641307,1.06735,-0.384024,-0.912884,-0.138449,0.43619,-0.0472078,-0.898615,0.813796,-0.40548,0.41632
0.735794,0.549054,1.12384,-0.384024,-0.810478,-0.442324,0.43619,0.262984,-0.860568,0.813796,-0.523416,0.25253
0.735794,0.443045,1.14537,-0.384024,-0.610317,-0.692848,0.43619,0.541456,-0.718724,0.813796,-0.578221,0.0582822
0.735794,0.336065,1.12934,-0.384024,-0.336542,-0.859805,0.43619,0.75462,-0.490191,0.813796,-0.563283,-0.142996
0.735794,0.241019,1.07769,-0.384024,-0.0221755,-0.923057,0.43619,0.876766,-0.202534,0.813796,-0.480406,-0.327026
0.735794,0.169369,0.996652,-0.384024,0.294866,-0.874974,0.43619,0.893161,0.109552,0.813796,-0.339584,-0.471613
0.735794,0.129758,0.895992,-0.384024,0.576342,-0.721357,0.43619,0.801828,0.408425,0.813796,-0.157804,-0.559316
0.735794,0.126964,0.787854,-0.384024,0.788303,-0.480733,0.43619,0.613782,0.658035,0.813796,0.0430102,-0.579557
0.735794,0.161324,0.685283,-0.384024,0.905183,-0.182126,0.43619,0.351705,0.828276,0.813796,0.238636,-0.529895
0.735794,0.228693,0.600649,-0.384024,0.912884,0.138449,0.43619,0.0472078,0.898615,0.813796,0.40548,-0.41632
0.735794,0.320946,0.54416,-0.384024,0.810478,0.442324,0.43619,-0.262984,0.860568,0.813796,0.523416,-0.25253
0.735794,0.426955,0.522631,-0.384024,0.610317,0.692848,0.43619,-0.541456,0.718724,0.813796,0.578221,-0.0582822
0.735794,0.533935,0.538657,-0.384024,0.336542,0.859805,0.43619,-0.75462,0.490191,0.813796,0.563283,0.142996
0.735794,0.628981,0.590306,-0.384024,0.0221755,0.923057,0.43619,-0.876766,0.202534,0.813796,0.480406,0.327026
0.735794,0.700631,0.671348,-0.384024,-0.294866,0.874974,0.43619,-0.893161,-0.109552,0.813796,0.339584,0.471613
0.735794,0.740242,0.772008,-0.384024,-0.576342,0.721357,0.43619,-0.801828,-0.408425,0.813796,0.157804,0.559316
0.735794,0.743036,0.880146,-0.384024,-0.788303,0.480733,0.43619,-0.613782,-0.658035,0.813796,-0.0430102,0.579557
0.809034,0.799505,0.813553,-0.660642,-0.66917,0.340241,0.44577,-0.71436,-0.539424,0.604021,-0.204697,0.770232
0.809034,0.784516,0.939454,-0.660642,-0.745183,0.0908522,0.44577,-0.486785,-0.751219,0.604021,-0.455787,0.653771
0.809034,0.72737,1.05264,-0.660642,-0.731317,-0.169495,0.44577,-0.200496,-0.872405,0.604021,-0.651903,0.458455
0.809034,0.63496,1.13945,-0.660642,-0.629242,-0.409398,0.44577,0.109975,-0.888366,0.604021,-0.769389,0.207843
0.809034,0.518432,1.18942,-0.660642,-0.451272,-0.599922,0.44577,0.407182,-0.797178,0.604021,-0.794076,-0.0678377
0.809034,0.391841,1.19652,-0.660642,-0.218872,-0.718086,0.44577,0.655277,-0.609837,0.604021,-0.722985,-0.335337
0.809034,0.270456,1.15989,-0.660642,0.0399278,-0.749639,0.44577,0.824335,-0.348942,0.604021,-0.564692,-0.562389
0.809034,0.168917,1.08396,-0.660642,0.293911,-0.690774,0.44577,0.893967,-0.045959,0.604021,-0.338289,-0.721609
0.809034,0.099471,0.977882,-0.660642,0.512445,-0.548592,0.44577,0.855773,0.262567,0.604021,-0.0710827,-0.793792
0.809034,0.0704953,0.854447,-0.660642,0.66917,-0.340241,0.44577,0.71436,0.539424,0.604021,0.204697,-0.770232
0.809034,0.0854842,0.728546,-0.660642,0.745183,-0.0908522,0.44577,0.486785,0.751219,0.604021,0.455787,-0.653771
0.809034,0.14263,0.615365,-0.660642,0.731317,0.169495,0.44577,0.200496,0.872405,0.604021,0.651903,-0.458455
0.809034,0.23504,0.528553,-0.660642,0.629242,0.409398,0.44577,-0.109975,0.888366,0.604021,0.769389,-0.207843
0.809034,0.351568,0.478584,-0.660642,0.451272,0.599922,0.44577,-0.407182,0.797178,0.604021,0.794076,0.0678377
0.809034,0.478159,0.471482,-0.660642,0.218872,0.718086,0.44577,-0.655277,0.609837,0.604021,0.722985,0.335337
0.809034,0.599544,0.508106,-0.660642,-0.0399278,0.749639,0.44577,-0.824335,0.348942,0.604021,0.564692,0.562389
0.809034,0.701083,0.584037,-0.660642,-0.293911,0.690774,0.44577,-0.893967,0.045959,0.604021,0.338289,0.721609
0.809034,0.770529,0.690118,-0.660642,-0.512445,0.548592,0.44577,-0.855773,-0.262567,0.604021,0.0710827,0.793792
0.809034,0.799505,0.813553,-0.660642,-0.66917,0.340241,0.44577,-0.71436,-0.539424,0.604021,-0.204697,0.770232
0.90772,0.836367,0.770081,-0.857576,-0.496034,0.136063,0.401584,-0.810992,-0.425468,0.321392,-0.31023,0.894687
0.90772,0.834024,0.911211,-0.857576,-0.512656,-0.0417961,0.401584,-0.616564,-0.677184,0.321392,-0.597522,0.734625
0.90772,0.783552,1.04303,-0.857576,-0.467444,-0.214614,0.401584,-0.34777,-0.847223,0.321392,-0.812744,0.485957
0.90772,0.691039,1.14963,-0.857576,-0.365851,-0.361546,0.401584,-0.0370301,-0.915073,0.321392,-0.929936,0.178676
0.90772,0.567645,1.21817,-0.857576,-0.220131,-0.464871,0.401584,0.278177,-0.872553,0.321392,-0.934965,-0.150157
0.90772,0.428251,1.24037,-0.857576,-0.0478606,-0.512125,0.401584,0.559831,-0.724789,0.321392,-0.827223,-0.460878
0.90772,0.289672,1.21355,-0.857576,0.130183,-0.497609,0.401584,0.773962,-0.489606,0.321392,-0.619706,-0.716011
0.90772,0.168621,1.14096,-0.857576,0.292524,-0.423075,0.401584,0.894741,-0.195368,0.321392,-0.337443,-0.884782
0.90772,0.0796997,1.03134,-0.857576,0.419583,-0.297511,0.401584,0.907602,0.122433,0.321392,-0.0144796,-0.946835
0.90772,0.0336326,0.897919,-0.857576,0.496034,-0.136063,0.401584,0.810992,0.425468,0.321392,0.31023,-0.894687
0.90772,0.0359763,0.756789,-0.857576,0.512656,0.0417961,0.401584,0.616564,0.677184,0.321392,0.597522,-0.734625
0.90772,0.0864482,0.624971,-0.857576,0.467444,0.214614,0.401584,0.34777,0.847223,0.321392,0.812744,-0.485957
0.90772,0.178961,0.518365,-0.857576,0.365851,0.361546,0.401584,0.0370301,0.915073,0.321392,0.929936,-0.178676
0.90772,0.302355,0.44983,-0.857576,0.220131,0.464871,0.401584,-0.278177,0.872553,0.321392,0.934965,0.150157
0.90772,0.441749,0.427631,-0.857576,0.0478606,0.512125,0.401584,-0.559831,0.724789,0.321392,0.827223,0.460878
0.90772,0.580328,0.454446,-0.857576,-0.130183,0.497609,0.401584,-0.773962,0.489606,0.321392,0.619706,0.716011
0.90772,0.701379,0.527041,-0.857576,-0.292524,0.423075,0.401584,-0.894741,0.195368,0.321392,0.337443,0.884782
0.90772,0.7903,0.63666,-0.857576,-0.419583,0.297511,0.401584,-0.907602,-0.122433,0.321392,0.0144796,0.946835
0.90772,0.836367,0.770081,-0.857576,-0.496034,0.136063,0.401584,-0.810992,-0.425468,0.321392,-0.31023,0.894687
0.883612,0.296724,1.20825,0.961642,-0.270198,-0.0473087,-0.0812368,-0.115795,-0.989945,0.262003,0.955816,-0.133304
0.883612,0.17706,1.13839,0.961642,-0.237722,-0.136869,-0.0812368,0.229769,-0.969849,0.262003,0.943766,0.201644
0.883612,0.0885083,1.03181,0.961642,-0.176574,-0.20992,-0.0812368,0.54762,-0.832774,0.262003,0.817884,0.51227
0.883612,0.0417482,0.901377,0.961642,-0.0941284,-0.257652,-0.0812368,0.79942,-0.595254,0.262003,0.593352,0.761109
0.883612,0.04242,0.762813,0.961642,-0.000329383,-0.274308,-0.0812368,0.954798,-0.285938,0.262003,0.297254,0.918147
0.883612,0.0904427,0.632836,0.961642,0.0935093,-0.257878,-0.0812368,0.995014,0.057866,0.262003,-0.0346973,0.964443
0.883612,0.180024,0.527122,0.961642,0.176069,-0.210344,-0.0812368,0.915216,0.394691,0.262003,-0.362464,0.894413
0.883612,0.300359,0.458422,0.961642,0.237393,-0.137439,-0.0812368,0.725029,0.68391,0.262003,-0.646512,0.716503
0.883612,0.436934,0.435023,0.961642,0.270083,-0.0479575,-0.0812368,0.447393,0.89064,0.262003,-0.852581,0.452173
0.883612,0.573276,0.459746,0.961642,0.270198,0.0473087,-0.0812368,0.115795,0.989945,0.262003,-0.955816,0.133304
0.883612,0.69294,0.529609,0.961642,0.237722,0.136869,-0.0812368,-0.229769,0.969849,0.262003,-0.943766,-0.201644
0.883612,0.781492,0.636187,0.961642,0.176574,0.20992,-0.0812368,-0.54762,0.832774,0.262003,-0.817884,-0.51227
0.883612,0.828252,0.766623,0.961642,0.0941284,0.257652,-0.0812368,-0.79942,0.595254,0.262003,-0.593352,-0.761109
0.883612,0.82758,0.905187,0.961642,0.000329383,0.274308,-0.0812368,-0.954798,0.285938,0.262003,-0.297254,-0.918147
0.883612,0.779557,1.03516,0.961642,-0.0935093,0.257878,-0.0812368,-0.995014,-0.057866,0.262003,0.0346973,-0.964443
0.883612,0.689976,1.14088,0.961642,-0.176069,0.210344,-0.0812368,-0.915216,-0.394691,0.262003,0.362464,-0.894413
0.883612,0.569641,1.20958,0.961642,-0.237393,0.137439,-0.0812368,-0.725029,-0.68391,0.262003,0.646512,-0.716503
0.883612,0.433066,1.23298,0.961642,-0.270083,0.0479575,-0.0812368,-0.447393,-0.89064,0.262003,0.852581,-0.452173
0.883612,0.296724,1.20825,0.961642,-0.270198,-0.0473087,-0.0812368,-0.115795,-0.989945,0.262003,0.955816,-0.133304
0.763622,0.341515,1.15543,0.856221,-0.477505,0.197167,0.156285,-0.124354,-0.979853,0.492403,0.869784,-0.0318472
0.763622,0.237216,1.10407,0.856221,-0.516143,0.0219598,0.156285,0.218275,-0.963292,0.492403,0.828222,0.267557
0.763622,0.156773,1.02014,0.856221,-0.492527,-0.155896,0.156285,0.534576,-0.830544,0.492403,0.686764,0.53469
0.763622,0.109888,0.913756,0.856221,-0.409504,-0.314948,0.156285,0.7864,-0.59762,0.492403,0.462473,0.737332
0.763622,0.102216,0.797751,0.856221,-0.277089,-0.436013,0.156285,0.943373,-0.292614,0.492403,0.1824,0.85104
0.763622,0.134684,0.686119,0.856221,-0.111254,-0.504489,0.156285,0.98656,0.047685,0.492403,-0.119673,0.862101
0.763622,0.203373,0.592323,0.856221,0.0680012,-0.512115,0.156285,0.910754,0.382233,0.492403,-0.407312,0.769179
0.763622,0.300001,0.527677,0.856221,0.239054,-0.457973,0.156285,0.725098,0.670677,0.492403,-0.645822,0.583483
0.763622,0.412911,0.499978,0.856221,0.381273,-0.348593,0.156285,0.451984,0.878229,0.492403,-0.806438,0.32741
0.763622,0.528485,0.512567,0.856221,0.477505,-0.197167,0.156285,0.124354,0.979853,0.492403,-0.869784,0.0318472
0.763622,0.632784,0.563925,0.856221,0.516143,-0.0219598,0.156285,-0.218275,0.963292,0.492403,-0.828222,-0.267557
0.763622,0.713227,0.647859,0.856221,0.492527,0.155896,0.156285,-0.534576,0.830544,0.492403,-0.686764,-0.53469
0.763622,0.760112,0.754244,0.856221,0.409504,0.314948,0.156285,-0.7864,0.59762,0.492403,-0.462473,-0.737332
0.763622,0.767784,0.870249,0.856221,0.277089,0.436013,0.156285,-0.943373,0.292614,0.492403,-0.1824,-0.85104
0.763622,0.735316,0.981881,0.856221,0.111254,0.504489,0.156285,-0.98656,-0.047685,0.492403,0.119673,-0.862101
0.763622,0.666627,1.07568,0.856221,-0.0680012,0.512115,0.156285,-0.910754,-0.382233,0.492403,0.407312,-0.769179
0.763622,0.569999,1.14032,0.856221,-0.239054,0.457973,0.156285,-0.725098,-0.670677,0.492403,0.645822,-0.583483
0.763622,0.457089,1.16802,0.856221,-0.381273,0.348593,0.156285,-0.451984,-0.878229,0.492403,0.806438,-0.32741
0.763622,0.341515,1.15543,0.856221,-0.477505,0.197167,0.156285,-0.124354,-0.979853,0.492403,0.869784,-0.0318472
0.674556,0.410146,1.0745,0.647527,-0.648992,0.399399,0.374957,-0.184936,-0.908408,0.663413,0.737976,0.123593
0.674556,0.32939,1.05149,0.647527,-0.746455,0.153344,0.374957,0.136911,-0.916876,0.663413,0.651199,0.368542
0.674556,0.261372,1.00226,0.647527,-0.753885,-0.111207,0.374957,0.442244,-0.814756,0.663413,0.485878,0.569039
0.674556,0.214296,0.932724,0.647527,-0.670385,-0.362344,0.374957,0.694236,-0.614364,0.663413,0.261953,0.700902
0.674556,0.193841,0.851285,0.647527,-0.506027,-0.569777,0.374957,0.862494,-0.33987,0.663413,0.00643294,0.748226
0.674556,0.202472,0.767762,0.647527,-0.280635,-0.708487,0.374957,0.926721,-0.0243833,0.663413,-0.249863,0.705303
0.674556,0.23915,0.692227,0.647527,-0.0213936,-0.761742,0.374957,0.879173,0.294045,0.663413,-0.476023,0.57731
0.674556,0.299451,0.633793,0.647527,0.240428,-0.723121,0.374957,0.725583,0.577006,0.663413,-0.644766,0.379684
0.674556,0.3761,0.599506,0.647527,0.47325,-0.59728,0.374957,0.484477,0.790373,0.663413,-0.735742,0.136263
0.674556,0.459854,0.593503,0.647527,0.648992,-0.399399,0.374957,0.184936,0.908408,0.663413,-0.737976,-0.123593
0.674556,0.54061,0.616507,0.647527,0.746455,-0.153344,0.374957,-0.136911,0.916876,0.663413,-0.651199,-0.368542
0.674556,0.608628,0.665744,0.647527,0.753885,0.111207,0.374957,-0.442244,0.814756,0.663413,-0.485878,-0.569039
0.674556,0.655704,0.735276,0.647527,0.670385,0.362344,0.374957,-0.694236,0.614364,0.663413,-0.261953,-0.700902
0.674556,0.676159,0.816715,0.647527,0.506027,0.569777,0.374957,-0.862494,0.33987,0.663413,-0.00643294,-0.748226
0.674556,0.667528,0.900238,0.647527,0.280635,0.708487,0.374957,-0.926721,0.0243833,0.663413,0.249863,-0.705303
0.674556,0.63085,0.975773,0.647527,0.0213936,0.761742,0.374957,-0.879173,-0.294045,0.663413,0.476023,-0.57731
0.674556,0.570549,1.03421,0.647527,-0.240428,0.723121,0.374957,-0.725583,-0.577006,0.663413,0.644766,-0.379684
0.674556,0.4939,1.06849,0.647527,-0.47325,0.59728,0.374957,-0.484477,-0.790373,0.663413,0.735742,-0.136263
0.674556,0.410146,1.0745,0.647527,-0.648992,0.399399,0.374957,-0.184936,-0.908408,0.663413,0.737976,0.123593
0.627155,0.49434,0.975208,0.360731,-0.763972,0.534994,0.548404,-0.290236,-0.78423,0.754404,0.576289,0.314268
0.627155,0.442465,0.986988,0.360731,-0.900878,0.241436,0.548404,-0.00450997,-0.836201,0.754404,0.434049,0.492418
0.627155,0.38969,0.980315,0.360731,-0.929125,-0.0812426,0.548404,0.28176,-0.787315,0.754404,0.239455,0.611175
0.627155,0.34238,0.955994,0.360731,-0.845305,-0.394122,0.548404,0.534045,-0.643466,0.754404,0.0159803,0.656215
0.627155,0.306241,0.916959,0.360731,-0.659529,-0.659465,0.548404,0.721917,-0.422006,0.754404,-0.209422,0.622106
0.627155,0.285633,0.867918,0.360731,-0.394204,-0.845267,0.548404,0.822715,-0.149646,0.754404,-0.409565,0.512962
0.627155,0.28304,0.814786,0.360731,-0.0813325,-0.929117,0.548404,0.824281,0.140763,0.754404,-0.560309,0.341947
0.627155,0.298776,0.763971,0.360731,0.241349,-0.900901,0.548404,0.726427,0.414195,0.754404,-0.643471,0.129688
0.627155,0.330943,0.721603,0.360731,0.53492,-0.764024,0.548404,0.540955,0.637669,0.754404,-0.649021,-0.0982131
0.627155,0.37566,0.692792,0.360731,0.763972,-0.534994,0.548404,0.290236,0.78423,0.754404,-0.576289,-0.314268
0.627155,0.427535,0.681012,0.360731,0.900878,-0.241436,0.548404,0.00450997,0.836201,0.754404,-0.434049,-0.492418
0.627155,0.48031,0.687685,0.360731,0.929125,0.0812426,0.548404,-0.28176,0.787315,0.754404,-0.239455,-0.611175
0.627155,0.52762,0.712006,0.360731,0.845305,0.394122,0.548404,-0.534045,0.643466,0.754404,-0.0159803,-0.656215
0.627155,0.563759,0.751041,0.360731,0.659529,0.659465,0.548404,-0.721917,0.422006,0.754404,0.209422,-0.622106
0.627155,0.584367,0.800082,0.360731,0.394204,0.845267,0.548404,-0.822715,0.149646,0.754404,0.409565,-0.512962
0.627155,0.58696,0.853214,0.360731,0.0813325,0.929117,0.548404,-0.824281,-0.140763,0.754404,0.560309,-0.341947
0.627155,0.571224,0.904029,0.360731,-0.241349,0.900901,0.548404,-0.726427,-0.414195,0.754404,0.643471,-0.129688
0.627155,0.539057,0.946397,0.360731,-0.53492,0.764024,0.548404,-0.540955,-0.637669,0.754404,0.649021,0.0982131
0.627155,0.49434,0.975208,0.360731,-0.763972,0.534994,0.548404,-0.290236,-0.78423,0.754404,0.576289,0.314268
0.627137,0.583941,0.869542,0.0304265,-0.80858,0.587599,0.655705,-0.427551,-0.622295,0.754404,0.404226,0.517181
0.627137,0.562803,0.91834,0.0304265,-0.960787,0.275612,0.655705,-0.188929,-0.730997,0.754404,0.202962,0.624244
0.627137,0.52625,0.956964,0.0304265,-0.99711,-0.0696179,0.655705,0.0724803,-0.75153,0.754404,-0.0227823,0.656015
0.627137,0.47869,0.980758,0.0304265,-0.913166,-0.406451,0.655705,0.325148,-0.681418,0.754404,-0.245779,0.60866
0.627137,0.425861,0.98685,0.0304265,-0.719081,-0.69426,0.655705,0.538598,-0.529116,0.754404,-0.43913,0.487892
0.627137,0.374135,0.974507,0.0304265,-0.438264,-0.898331,0.655705,0.687085,-0.312995,0.754404,-0.579517,0.308277
0.627137,0.329749,0.945216,0.0304265,-0.104586,-0.99405,0.655705,0.752699,-0.0591228,0.754404,-0.650005,0.0914796
0.627137,0.298058,0.902511,0.0304265,0.241706,-0.969872,0.655705,0.727527,0.201881,0.754404,-0.642092,-0.136352
0.627137,0.282885,0.851542,0.0304265,0.558846,-0.828713,0.655705,0.614604,0.438535,0.754404,-0.556734,-0.347737
0.627137,0.286059,0.798458,0.0304265,0.80858,-0.587599,0.655705,0.427551,0.622295,0.754404,-0.404226,-0.517181
0.627137,0.307197,0.74966,0.0304265,0.960787,-0.275612,0.655705,0.188929,0.730997,0.754404,-0.202962,-0.624244
0.627137,0.34375,0.711036,0.0304265,0.99711,0.0696179,0.655705,-0.0724803,0.75153,0.754404,0.0227823,-0.656015
0.627137,0.39131,0.687242,0.0304265,0.913166,0.406451,0.655705,-0.325148,0.681418,0.754404,0.245779,-0.60866
0.627137,0.444139,0.68115,0.0304265,0.719081,0.69426,0.655705,-0.538598,0.529116,0.754404,0.43913,-0.487892
0.627137,0.495865,0.693493,0.0304265,0.438264,0.898331,0.655705,-0.687085,0.312995,0.754404,0.579517,-0.308277
0.627137,0.540251,0.722784,0.0304265,0.104586,0.99405,0.655705,-0.752699,0.0591228,0.754404,0.650005,-0.0914796
0.627137,0.571942,0.765489,0.0304265,-0.241706,0.969872,0.655705,-0.727527,-0.201881,0.754404,0.642092,0.136352
0.627137,0.587115,0.816458,0.0304265,-0.558846,0.828713,0.655705,-0.614604,-0.438535,0.754404,0.556734,0.347737
0.627137,0.583941,0.869542,0.0304265,-0.80858,0.587599,0.655705,-0.427551,-0.622295,0.754404,0.404226,0.517181
0.674504,0.668143,0.770244,-0.303548,-0.777433,0.550868,0.683918,-0.580321,-0.442136,0.663411,0.242539,0.707856
0.674504,0.675889,0.853828,-0.303548,-0.918956,0.251749,0.683918,-0.394104,-0.613953,0.663411,-0.0141885,0.74812
0.674504,0.65458,0.935021,-0.303548,-0.94964,-0.0777347,0.683918,-0.160352,-0.711719,0.663411,-0.269205,0.69815
0.674504,0.606786,1.00403,-0.303548,-0.865783,-0.397843,0.683918,0.0927403,-0.72364,0.663411,-0.491751,0.563973
0.674504,0.538273,1.05253,-0.303548,-0.677499,-0.669965,0.683918,0.334647,-0.64828,0.663411,-0.654985,0.361773
0.674504,0.457303,1.07467,-0.303548,-0.4075,-0.86128,0.683918,0.53619,-0.494728,0.663411,-0.739218,0.115937
0.674504,0.373643,1.06779,-0.303548,-0.0883495,-0.948711,0.683918,0.673061,-0.281505,0.663411,-0.734291,-0.143883
0.674504,0.297384,1.0327,-0.303548,0.241457,-0.921714,0.683918,0.728751,-0.0343274,0.663411,-0.640797,-0.386348
0.674504,0.237723,0.973651,-0.303548,0.54214,-0.783545,0.683918,0.696543,0.21699,0.663411,-0.470013,-0.582214
0.674504,0.201857,0.897756,-0.303548,0.777433,-0.550868,0.683918,0.580321,0.442136,0.663411,-0.242539,-0.707856
0.674504,0.194111,0.814172,-0.303548,0.918956,-0.251749,0.683918,0.394104,0.613953,0.663411,0.0141885,-0.74812
0.674504,0.21542,0.732979,-0.303548,0.94964,0.0777347,0.683918,0.160352,0.711719,0.663411,0.269205,-0.69815
0.674504,0.263214,0.66397,-0.303548,0.865783,0.397843,0.683918,-0.0927403,0.72364,0.663411,0.491751,-0.563973
0.674504,0.331727,0.61547,-0.303548,0.677499,0.669965,0.683918,-0.334647,0.64828,0.663411,0.654985,-0.361773
0.674504,0.412697,0.593327,-0.303548,0.4075,0.86128,0.683918,-0.53619,0.494728,0.663411,0.739218,-0.115937
0.674504,0.496357,0.600214,-0.303548,0.0883495,0.948711,0.683918,-0.673061,0.281505,0.663411,0.734291,0.143883
0.674504,0.572616,0.635298,-0.303548,-0.241457,0.921714,0.683918,-0.728751,0.0343274,0.663411,0.640797,0.386348
0.674504,0.632277,0.694349,-0.303548,-0.54214,0.783545,0.683918,-0.696543,-0.21699,0.663411,0.470013,0.582214
0.674504,0.668143,0.770244,-0.303548,-0.777433,0.550868,0.683918,-0.580321,-0.442136,0.663411,0.242539,0.707856
0.763543,0.73679,0.68929,-0.60091,-0.674289,0.429232,0.629641,-0.730118,-0.265482,0.492402,0.110731,0.863296
0.763543,0.768083,0.801235,-0.60091,-0.780431,0.172726,0.629641,-0.595286,-0.499186,0.492402,-0.191211,0.849105
0.763543,0.759202,0.917132,-0.60091,-0.792441,-0.104614,0.629641,-0.388655,-0.672681,0.492402,-0.470091,0.7325
0.763543,0.711217,1.023,-0.60091,-0.708871,-0.369336,0.629641,-0.135145,-0.765041,0.492402,-0.69227,0.527544
0.763543,0.629917,1.10608,-0.60091,-0.5398,-0.58951,0.629641,0.134665,-0.765126,0.492402,-0.830952,0.258959
0.763543,0.525106,1.15633,-0.60091,-0.305622,-0.738581,0.629641,0.388232,-0.672925,0.492402,-0.869408,-0.0408606
0.763543,0.409428,1.16771,-0.60091,-0.0345813,-0.798568,0.629641,0.594973,-0.49956,0.492402,-0.803002,-0.335752
0.763543,0.296834,1.13884,-0.60091,0.240631,-0.762236,0.629641,0.729951,-0.26594,0.492402,-0.639741,-0.590146
0.763543,0.200904,1.0732,-0.60091,0.486819,-0.633967,0.629641,0.776887,-0.000244015,0.492402,-0.399318,-0.77336
0.763543,0.13321,0.97871,-0.60091,0.674289,-0.429232,0.629641,0.730118,0.265482,0.492402,-0.110731,-0.863296
0.763543,0.101917,0.866765,-0.60091,0.780431,-0.172726,0.629641,0.595286,0.499186,0.492402,0.191211,-0.849105
0.763543,0.110798,0.750868,-0.60091,0.792441,0.104614,0.629641,0.388655,0.672681,0.492402,0.470091,-0.7325
0.763543,0.158783,0.644998,-0.60091,0.708871,0.369336,0.629641,0.135145,0.765041,0.492402,0.69227,-0.527544
0.763543,0.240083,0.561924,-0.60091,0.5398,0.58951,0.629641,-0.134665,0.765126,0.492402,0.830952,-0.258959
0.763543,0.344894,0.511667,-0.60091,0.305622,0.738581,0.629641,-0.388232,0.672925,0.492402,0.869408,0.0408606
0.763543,0.460572,0.500287,-0.60091,0.0345813,0.798568,0.629641,-0.594973,0.49956,0.492402,0.803002,0.335752
0.763543,0.573166,0.529159,-0.60091,-0.240631,0.762236,0.629641,-0.729951,0.26594,0.492402,0.639741,0.590146
0.763543,0.669096,0.594799,-0.60091,-0.486819,0.633967,0.629641,-0.776887,0.000244015,0.492402,0.399318,0.77336
0.763543,0.73679,0.68929,-0.60091,-0.674289,0.429232,0.629641,-0.730118,-0.265482,0.492402,0.110731,0.863296
0.883514,0.7816,0.636445,-0.825794,-0.511589,0.237362,0.499419,-0.858875,-0.11364,0.262001,0.0246999,0.964752
0.883514,0.828266,0.766903,-0.825794,-0.561919,0.0480731,0.499419,-0.768212,-0.400539,0.262001,-0.306754,0.915018
0.883514,0.827497,0.905454,-0.825794,-0.544473,-0.147014,0.499419,-0.58489,-0.639127,0.262001,-0.601209,0.754919
0.883514,0.779388,1.03539,-0.825794,-0.461356,-0.324368,0.499419,-0.331023,-0.800627,0.262001,-0.823149,0.503767
0.883514,0.68974,1.14103,-0.825794,-0.322592,-0.4626,0.499419,-0.0372288,-0.86556,0.262001,-0.945806,0.191852
0.883514,0.569367,1.20964,-0.825794,-0.144919,-0.545034,0.499419,0.261055,-0.826094,0.262001,-0.954384,-0.143203
0.883514,0.432788,1.23294,-0.825794,0.0502334,-0.56173,0.499419,0.527852,-0.686988,0.262001,-0.847849,-0.460985
0.883514,0.296475,1.20813,-0.825794,0.239327,-0.510673,0.499419,0.730983,-0.465021,0.262001,-0.639052,-0.723166
0.883514,0.17687,1.13819,-0.825794,0.399554,-0.398021,0.499419,0.845946,-0.186966,0.262001,-0.353175,-0.898122
0.883514,0.0883995,1.03156,-0.825794,0.511589,-0.237362,0.499419,0.858875,0.11364,0.262001,-0.0246999,-0.964752
0.883514,0.0417342,0.901097,-0.825794,0.561919,-0.0480731,0.499419,0.768212,0.400539,0.262001,0.306754,-0.915018
0.883514,0.0425026,0.762546,-0.825794,0.544473,0.147014,0.499419,0.58489,0.639127,0.262001,0.601209,-0.754919
0.883514,0.090612,0.632613,-0.825794,0.461356,0.324368,0.499419,0.331023,0.800627,0.262001,0.823149,-0.503767
0.883514,0.18026,0.52697,-0.825794,0.322592,0.4626,0.499419,0.0372288,0.86556,0.262001,0.945806,-0.191852
0.883514,0.300633,0.45836,-0.825794,0.144919,0.545034,0.499419,-0.261055,0.826094,0.262001,0.954384,0.143203
0.883514,0.437212,0.435058,-0.825794,-0.0502334,0.56173,0.499419,-0.527852,0.686988,0.262001,0.847849,0.460985
0.883514,0.573525,0.459873,-0.825794,-0.239327,0.510673,0.499419,-0.730983,0.465021,0.262001,0.639052,0.723166
0.883514,0.69313,0.529815,-0.825794,-0.399554,0.398021,0.499419,-0.845946,0.186966,0.262001,0.353175,0.898122
0.883514,0.7816,0.636445,-0.825794,-0.511589,0.237362,0.499419,-0.858875,-0.11364,0.262001,0.0246999,0.964752
0.875863,0.172611,1.13093,0.985232,-0.165588,-0.0435802,-0.00862081,0.206224,-0.978467,0.17101,0.964392,0.201751
0.875863,0.0868804,1.02328,0.985232,-0.140697,-0.0975866,-0.00862081,0.528442,-0.848925,0.17101,0.837229,0.519425
0.875863,0.0431383,0.892798,0.985232,-0.0988353,-0.139823,-0.00862081,0.786923,-0.616991,0.17101,0.609084,0.774449
0.875863,0.0466605,0.755227,0.985232,-0.0450527,-0.165194,-0.00862081,0.950489,-0.310638,0.17101,0.307475,0.936063
0.875863,0.0970222,0.627158,0.985232,0.014164,-0.17064,-0.00862081,0.999412,0.033182,0.17101,-0.0312208,0.984774
0.875863,0.188149,0.524037,0.985232,0.0716723,-0.155505,-0.00862081,0.927791,0.373,0.17101,-0.366151,0.914707
0.875863,0.30905,0.458302,0.985232,0.120536,-0.121614,-0.00862081,0.744265,0.667829,0.17101,-0.656917,0.734313
0.875863,0.445142,0.437881,0.985232,0.154861,-0.0730538,-0.00862081,0.47097,0.882107,0.17101,-0.86845,0.465349
0.875863,0.580011,0.465239,0.985232,0.170508,-0.0156826,-0.00862081,0.140868,0.989991,0.17101,-0.975235,0.140258
0.875863,0.697389,0.537075,0.985232,0.165588,0.0435802,-0.00862081,-0.206224,0.978467,0.17101,-0.964392,-0.201751
0.875863,0.78312,0.644724,0.985232,0.140697,0.0975866,-0.00862081,-0.528442,0.848925,0.17101,-0.837229,-0.519425
0.875863,0.826862,0.775202,0.985232,0.0988353,0.139823,-0.00862081,-0.786923,0.616991,0.17101,-0.609084,-0.774449
0.875863,0.82334,0.912773,0.985232,0.0450527,0.165194,-0.00862081,-0.950489,0.310638,0.17101,-0.307475,-0.936063
0.875863,0.772978,1.04084,0.985232,-0.014164,0.17064,-0.00862081,-0.999412,-0.033182,0.17101,0.0312208,-0.984774
0.875863,0.681851,1.14396,0.985232,-0.0716723,0.155505,-0.00862081,-0.927791,-0.373,0.17101,0.366151,-0.914707
0.875863,0.56095,1.2097,0.985232,-0.120536,0.121614,-0.00862081,-0.744265,-0.667829,0.17101,0.656917,-0.734313
0.875863,0.424858,1.23012,0.985232,-0.154861,0.0730538,-0.00862081,-0.47097,-0.882107,0.17101,0.86845,-0.465349
0.875863,0.289989,1.20276,0.985232,-0.170508,0.0156826,-0.00862081,-0.140868,-0.989991,0.17101,0.975235,-0.140258
0.875863,0.172611,1.13093,0.985232,-0.165588,-0.0435802,-0.00862081,0.206224,-0.978467,0.17101,0.964392,0.201751
0.749059,0.219946,1.0751,0.900555,-0.380642,0.21003,0.292759,0.173821,-0.940254,0.321393,0.908239,0.267972
0.749059,0.150453,0.98701,0.900555,-0.429521,0.0671765,0.292759,0.484924,-0.8241,0.321393,0.761814,0.562447
0.749059,0.115281,0.880462,0.900555,-0.426593,-0.0837796,0.292759,0.737539,-0.608547,0.321393,0.523502,0.789083
0.749059,0.118671,0.76831,0.900555,-0.372212,-0.224631,0.292759,0.901195,-0.319594,0.321393,0.222049,0.920544
0.749059,0.160216,0.66408,0.900555,-0.272937,-0.338388,0.292759,0.956154,0.00790686,0.321393,-0.106187,0.940973
0.749059,0.234903,0.580346,0.900555,-0.140741,-0.411331,0.292759,0.895786,0.334454,0.321393,-0.421615,0.847908
0.749059,0.333725,0.527206,0.900555,0.00842961,-0.434661,0.292759,0.727374,0.620661,0.321393,-0.68619,0.652572
0.749059,0.444763,0.51107,0.900555,0.156584,-0.405564,0.292759,0.471229,0.832007,0.321393,-0.868,0.378526
0.749059,0.554622,0.533884,0.900555,0.285852,-0.327551,0.292759,0.158248,0.943001,0.321393,-0.945117,0.058825
0.749059,0.650054,0.592897,0.900555,0.380642,-0.21003,0.292759,-0.173821,0.940254,0.321393,-0.908239,-0.267972
0.749059,0.719547,0.68099,0.900555,0.429521,-0.0671765,0.292759,-0.484924,0.8241,0.321393,-0.761814,-0.562447
0.749059,0.754719,0.787538,0.900555,0.426593,0.0837796,0.292759,-0.737539,0.608547,0.321393,-0.523502,-0.789083
0.749059,0.751329,0.89969,0.900555,0.372212,0.224631,0.292759,-0.901195,0.319594,0.321393,-0.222049,-0.920544
0.749059,0.709784,1.00392,0.900555,0.272937,0.338388,0.292759,-0.956154,-0.00790686,0.321393,0.106187,-0.940973
0.749059,0.635097,1.08765,0.900555,0.140741,0.411331,0.292759,-0.895786,-0.334454,0.321393,0.421615,-0.847908
0.749059,0.536275,1.14079,0.900555,-0.00842961,0.434661,0.292759,-0.727374,-0.620661,0.321393,0.68619,-0.652572
0.749059,0.425237,1.15693,0.900555,-0.156584,0.405564,0.292759,-0.471229,-0.832007,0.321393,0.868,-0.378526
0.749059,0.315378,1.13412,0.900555,-0.285852,0.327551,0.292759,-0.158248,-0.943001,0.321393,0.945117,-0.058825
0.749059,0.219946,1.0751,0.900555,-0.380642,0.21003,0.292759,0.173821,-0.940254,0.321393,0.908239,0.267972
0.654934,0.292476,0.98957,0.707258,-0.563996,0.426257,0.558827,0.0767069,-0.825729,0.433011,0.822207,0.369428
0.654934,0.247863,0.931442,0.707258,-0.675771,0.207653,0.558827,0.354497,-0.749696,0.433011,0.64627,0.62836
0.654934,0.225822,0.861561,0.707258,-0.706039,-0.0359976,0.558827,0.589529,-0.583239,0.433011,0.392384,0.811503
0.654934,0.22901,0.788355,0.707258,-0.651147,-0.275306,0.558827,0.753456,-0.346434,0.433011,0.0911698,0.896766
0.654934,0.257044,0.720656,0.707258,-0.517718,-0.481409,0.558827,0.826504,-0.0678448,0.433011,-0.221041,0.873867
0.654934,0.306543,0.666627,0.707258,-0.321844,-0.629446,0.558827,0.799864,0.218928,0.433011,-0.50659,0.745566
0.654934,0.371535,0.632786,0.707258,-0.0871516,-0.701563,0.558827,0.676749,0.479294,0.433011,-0.731038,0.527339
0.654934,0.444181,0.623214,0.707258,0.158053,-0.689061,0.558827,0.472007,0.681851,0.433011,-0.867311,0.245507
0.654934,0.515721,0.639066,0.707258,0.384194,-0.593449,0.558827,0.210335,0.802167,0.433011,-0.898974,-0.0659371
0.654934,0.577524,0.67843,0.707258,0.563996,-0.426257,0.558827,-0.0767069,0.825729,0.433011,-0.822207,-0.369428
0.654934,0.622137,0.736558,0.707258,0.675771,-0.207653,0.558827,-0.354497,0.749696,0.433011,-0.64627,-0.62836
0.654934,0.644178,0.806439,0.707258,0.706039,0.0359976,0.558827,-0.589529,0.583239,0.433011,-0.392384,-0.811503
0.654934,0.64099,0.879645,0.707258,0.651147,0.275306,0.558827,-0.753456,0.346434,0.433011,-0.0911698,-0.896766
0.654934,0.612956,0.947344,0.707258,0.517718,0.481409,0.558827,-0.826504,0.0678448,0.433011,0.221041,-0.873867
0.654934,0.563457,1.00137,0.707258,0.321844,0.629446,0.558827,-0.799864,-0.218928,0.433011,0.50659,-0.745566
0.654934,0.498465,1.03521,0.707258,0.0871516,0.701563,0.558827,-0.676749,-0.479294,0.433011,0.731038,-0.527339
0.654934,0.425819,1.04479,0.707258,-0.158053,0.689061,0.558827,-0.472007,-0.681851,0.433011,0.867311,-0.245507
