0.658953,0.164378,0.89959,0.308961,-0.185424,0.932824,0.951075,0.0602393,-0.303031,-3.49349e-06,0.980811,0.194963
0.907818,0.178417,0.587924,0.92986,0.328816,-0.165049,-0.179072,0.79637,0.577691,0.321394,-0.507616,0.799394
0.907818,0.311555,0.541016,0.92986,0.365436,-0.0426337,-0.179072,0.550761,0.815227,0.321394,-0.750412,0.57757
0.907818,0.452707,0.542472,0.92986,0.357979,0.084924,-0.179072,0.238722,0.954434,0.321394,-0.902697,0.286082
0.907818,0.584848,0.592118,0.92986,0.307345,0.202239,-0.179072,-0.10211,0.978523,0.321394,-0.946104,-0.0399112
0.907818,0.69204,0.683964,0.92986,0.21964,0.29516,-0.179072,-0.430627,0.884587,0.321394,-0.875396,-0.361091
0.907818,0.761354,0.806934,0.92986,0.105443,0.352481,-0.179072,-0.707203,0.683957,0.321394,-0.699103,-0.638718
0.907818,0.784431,0.946194,0.92986,-0.0214713,0.367288,-0.179072,-0.898481,0.400831,0.321394,-0.438488,-0.839306
0.907818,0.758485,1.08495,0.92986,-0.145796,0.337794,-0.179072,-0.981388,0.0693598,0.321394,-0.124984,-0.938661
0.907818,0.686648,1.20646,0.92986,-0.252536,0.267557,-0.179072,-0.945925,-0.270478,0.321394,0.203594,-0.9248
0.907818,0.577583,1.29608,0.92986,-0.328816,0.165049,-0.179072,-0.79637,-0.577691,0.321394,0.507616,-0.799394
0.907818,0.444445,1.34298,0.92986,-0.365436,0.0426337,-0.179072,-0.550761,-0.815227,0.321394,0.750412,-0.57757
0.907818,0.303293,1.34153,0.92986,-0.357979,-0.084924,-0.179072,-0.238722,-0.954434,0.321394,0.902697,-0.286082
0.907818,0.171152,1.29188,0.92986,-0.307345,-0.202239,-0.179072,0.10211,-0.978523,0.321394,0.946104,0.0399112
0.907818,0.0639601,1.20004,0.92986,-0.21964,-0.29516,-0.179072,0.430627,-0.884587,0.321394,0.875396,0.361091
0.907818,-0.00535434,1.07707,0.92986,-0.105443,-0.352481,-0.179072,0.707203,-0.683957,0.321394,0.699103,0.638718
0.907818,-0.0284306,0.937806,0.92986,0.0214713,-0.367288,-0.179072,0.898481,-0.400831,0.321394,0.438488,0.839306
0.907818,-0.00248527,0.799051,0.92986,0.145796,-0.337794,-0.179072,0.981388,-0.0693598,0.321394,0.124984,0.938661
0.907818,0.0693522,0.677538,0.92986,0.252536,-0.267557,-0.179072,0.945925,0.270478,0.321394,-0.203594,0.9248
0.907818,0.178417,0.587924,0.92986,0.328816,-0.165049,-0.179072,0.79637,0.577691,0.321394,-0.507616,0.799394
0.809114,0.167311,0.643796,0.796489,0.388163,-0.46361,-0.0275851,0.789266,0.613431,0.604023,-0.475803,0.63935
0.809114,0.282009,0.58972,0.796489,0.523318,-0.302891,-0.0275851,0.531862,0.846382,0.604023,-0.665779,0.438058
0.809114,0.408285,0.578134,0.796489,0.595353,-0.105639,-0.0275851,0.210307,0.977246,0.604023,-0.775452,0.18393
0.809114,0.530908,0.610436,0.796489,0.595579,0.104354,-0.0275851,-0.136614,0.99024,0.604023,-0.791594,-0.0923825
0.809114,0.635088,0.682729,0.796489,0.52397,0.301761,-0.0275851,-0.467057,0.883797,0.604023,-0.712259,-0.357552
0.809114,0.708259,0.786294,0.796489,0.389163,0.462771,-0.0275851,-0.741167,0.670754,0.604023,-0.547014,-0.579596
0.809114,0.741597,0.90864,0.796489,0.207416,0.567964,-0.0275851,-0.92588,0.376809,0.604023,-0.315792,-0.731732
0.809114,0.731079,1.03501,0.796489,0.000652462,0.604652,-0.0275851,-0.998919,0.0374149,0.604023,-0.0464799,-0.79561
0.809114,0.677975,1.15016,0.796489,-0.20619,0.56841,-0.0275851,-0.951473,-0.306492,0.604023,0.228438,-0.763526
0.809114,0.588689,1.2402,0.796489,-0.388163,0.46361,-0.0275851,-0.789266,-0.613431,0.604023,0.475803,-0.63935
0.809114,0.473991,1.29428,0.796489,-0.523318,0.302891,-0.0275851,-0.531862,-0.846382,0.604023,0.665779,-0.438058
0.809114,0.347715,1.30587,0.796489,-0.595353,0.105639,-0.0275851,-0.210307,-0.977246,0.604023,0.775452,-0.18393
0.809114,0.225092,1.27356,0.796489,-0.595579,-0.104354,-0.0275851,0.136614,-0.99024,0.604023,0.791594,0.0923825
0.809114,0.120912,1.20127,0.796489,-0.52397,-0.301761,-0.0275851,0.467057,-0.883797,0.604023,0.712259,0.357552
0.809114,0.0477408,1.09771,0.796489,-0.389163,-0.462771,-0.0275851,0.741167,-0.670754,0.604023,0.547014,0.579596
0.809114,0.0144034,0.97536,0.796489,-0.207416,-0.567964,-0.0275851,0.92588,-0.376809,0.604023,0.315792,0.731732
0.809114,0.0249211,0.848991,0.796489,-0.000652462,-0.604652,-0.0275851,0.998919,-0.0374149,0.604023,0.0464799,0.79561
0.809114,0.0780253,0.73384,0.796489,0.20619,-0.56841,-0.0275851,0.951473,0.306492,0.604023,-0.228438,0.763526
0.809114,0.167311,0.643796,0.796489,0.388163,-0.46361,-0.0275851,0.789266,0.613431,0.604023,-0.475803,0.63935
0.735846,0.150293,0.72941,0.567051,0.435038,-0.699425,0.127229,0.792692,0.596199,0.813797,-0.427062,0.394147
0.735846,0.236735,0.66435,0.567051,0.648019,-0.508453,0.127229,0.540975,0.83136,0.813797,-0.536114,0.224313
0.735846,0.340216,0.632779,0.567051,0.78284,-0.256154,0.127229,0.224008,0.966247,0.813797,-0.580502,0.0274238
0.735846,0.448255,0.638505,0.567051,0.823239,0.0270411,0.127229,-0.119977,0.98459,0.813797,-0.554873,-0.172773
0.735846,0.547819,0.680836,0.567051,0.764343,0.306975,0.127229,-0.449491,0.884178,0.813797,-0.462318,-0.352131
0.735846,0.626901,0.754668,0.567051,0.613256,0.549882,0.127229,-0.72479,0.67712,0.813797,-0.314,-0.489017
0.735846,0.675962,0.851095,0.567051,0.388201,0.726466,0.127229,-0.912669,0.388392,0.813797,-0.12781,-0.56692
0.735846,0.689084,0.958486,0.567051,0.116324,0.815428,0.127229,-0.990466,0.0528178,0.813797,0.0737959,-0.576445
0.735846,0.664685,1.06389,0.567051,-0.169584,0.806036,0.127229,-0.948798,-0.289127,0.813797,0.266501,-0.516441
0.735846,0.605707,1.15459,0.567051,-0.435038,0.699425,0.127229,-0.792692,-0.596199,0.813797,0.427062,-0.394147
0.735846,0.519265,1.21965,0.567051,-0.648019,0.508453,0.127229,-0.540975,-0.83136,0.813797,0.536114,-0.224313
0.735846,0.415784,1.25122,0.567051,-0.78284,0.256154,0.127229,-0.224008,-0.966247,0.813797,0.580502,-0.0274238
0.735846,0.307745,1.2455,0.567051,-0.823239,-0.0270411,0.127229,0.119977,-0.98459,0.813797,0.554873,0.172773
0.735846,0.208181,1.20316,0.567051,-0.764343,-0.306975,0.127229,0.449491,-0.884178,0.813797,0.462318,0.352131
0.735846,0.129099,1.12933,0.567051,-0.613256,-0.549882,0.127229,0.72479,-0.67712,0.813797,0.314,0.489017
0.735846,0.0800381,1.03291,0.567051,-0.388201,-0.726466,0.127229,0.912669,-0.388392,0.813797,0.12781,0.56692
0.735846,0.066916,0.925514,0.567051,-0.116324,-0.815428,0.127229,0.990466,-0.0528178,0.813797,-0.0737959,0.576445
0.735846,0.0913153,0.820111,0.567051,0.169584,-0.806036,0.127229,0.948798,0.289127,0.813797,-0.266501,0.516441
0.735846,0.150293,0.72941,0.567051,0.435038,-0.699425,0.127229,0.792692,0.596199,0.813797,-0.427062,0.394147
0.696852,0.129416,0.834439,0.269218,0.463786,-0.844052,0.266698,0.806234,0.528071,0.925416,-0.367273,0.0933617
0.696852,0.181195,0.755905,0.269218,0.724499,-0.634525,0.266698,0.577001,0.771973,0.925416,-0.377055,-0.0378835
0.696852,0.256712,0.699816,0.269218,0.897827,-0.348466,0.266698,0.278173,0.922763,0.925416,-0.341359,-0.164559
0.696852,0.346858,0.672939,0.269218,0.962864,-0.0203755,0.266698,-0.0542064,0.962255,0.925416,-0.26449,-0.271387
0.696852,0.440761,0.678514,0.269218,0.911765,0.310172,0.266698,-0.380048,0.885684,0.925416,-0.15572,-0.345481
0.696852,0.527093,0.71587,0.269218,0.750694,0.603308,0.266698,-0.66005,0.702287,0.925416,-0.028167,-0.377906
0.696852,0.595443,0.7805,0.269218,0.499078,0.823677,0.266698,-0.86044,0.434183,0.925416,0.102783,-0.364749
0.696852,0.637566,0.86461,0.269218,0.187265,0.944698,0.266698,-0.957049,0.113711,0.925416,0.221336,-0.307598
0.696852,0.648381,0.958054,0.269218,-0.147134,0.951774,0.266698,-0.938223,-0.220477,0.925416,0.313192,-0.213346
0.696852,0.626584,1.04956,0.269218,-0.463786,0.844052,0.266698,-0.806234,-0.528071,0.925416,0.367273,-0.0933617
0.696852,0.574805,1.1281,0.269218,-0.724499,0.634525,0.266698,-0.577001,-0.771973,0.925416,0.377055,0.0378835
0.696852,0.499288,1.18418,0.269218,-0.897827,0.348466,0.266698,-0.278173,-0.922763,0.925416,0.341359,0.164559
0.696852,0.409142,1.21106,0.269218,-0.962864,0.0203755,0.266698,0.0542064,-0.962255,0.925416,0.26449,0.271387
0.696852,0.315239,1.20549,0.269218,-0.911765,-0.310172,0.266698,0.380048,-0.885684,0.925416,0.15572,0.345481
0.696852,0.228907,1.16813,0.269218,-0.750694,-0.603308,0.266698,0.66005,-0.702287,0.925416,0.028167,0.377906
0.696852,0.160557,1.1035,0.269218,-0.499078,-0.823677,0.266698,0.86044,-0.434183,0.925416,-0.102783,0.364749
0.696852,0.118434,1.01939,0.269218,-0.187265,-0.944698,0.266698,0.957049,-0.113711,0.925416,-0.221336,0.307598
0.696852,0.107619,0.925946,0.269218,0.147134,-0.951774,0.266698,0.938223,0.220477,0.925416,-0.313192,0.213346
0.696852,0.129416,0.834439,0.269218,0.463786,-0.844052,0.266698,0.806234,0.528071,0.925416,-0.367273,0.0933617
0.696834,0.107197,0.946215,-0.061087,0.470941,-0.880047,0.373999,0.828259,0.417267,0.925415,-0.303647,-0.226727
0.696834,0.122087,0.85334,-0.061087,0.743534,-0.665902,0.373999,0.635595,0.675384,0.925415,-0.207789,-0.316907
0.696834,0.167844,0.77116,-0.061087,0.926445,-0.37144,0.373999,0.366269,0.85204,0.925415,-0.0868695,-0.368864
0.696834,0.238949,0.709585,-0.061087,0.997614,-0.0321766,0.373999,0.0527655,0.925927,0.925415,0.0445281,-0.37633
0.696834,0.326825,0.676043,-0.061087,0.948455,0.310968,0.373999,-0.267102,0.888134,0.925415,0.170555,-0.338405
0.696834,0.420874,0.674579,-0.061087,0.784899,0.616605,0.373999,-0.554754,0.743218,0.925415,0.276011,-0.259663
0.696834,0.509751,0.705371,-0.061087,0.526673,0.847871,0.373999,-0.775493,0.50866,0.925415,0.348175,-0.149602
0.696834,0.582738,0.764703,-0.061087,0.204922,0.97687,0.373999,-0.902697,0.212749,0.925415,0.378345,-0.0214973
0.696834,0.63103,0.84542,-0.061087,-0.141546,0.988045,0.373999,-0.921023,-0.108822,0.925415,0.36288,0.109201
0.696834,0.648803,0.937785,-0.061087,-0.470941,0.880047,0.373999,-0.828259,-0.417267,0.925415,0.303647,0.226727
0.696834,0.633913,1.03066,-0.061087,-0.743534,0.665902,0.373999,-0.635595,-0.675384,0.925415,0.207789,0.316907
0.696834,0.588156,1.11284,-0.061087,-0.926445,0.37144,0.373999,-0.366269,-0.85204,0.925415,0.0868695,0.368864
0.696834,0.517051,1.17441,-0.061087,-0.997614,0.0321766,0.373999,-0.0527655,-0.925927,0.925415,-0.0445281,0.37633
0.696834,0.429175,1.20796,-0.061087,-0.948455,-0.310968,0.373999,0.267102,-0.888134,0.925415,-0.170555,0.338405
0.696834,0.335126,1.20942,-0.061087,-0.784899,-0.616605,0.373999,0.554754,-0.743218,0.925415,-0.276011,0.259663
0.696834,0.246249,1.17863,-0.061087,-0.526673,-0.847871,0.373999,0.775493,-0.50866,0.925415,-0.348175,0.149602
0.696834,0.173262,1.1193,-0.061087,-0.204922,-0.97687,0.373999,0.902697,-0.212749,0.925415,-0.378345,0.0214973
0.696834,0.12497,1.03858,-0.061087,0.141546,-0.988045,0.373999,0.921023,0.108822,0.925415,-0.36288,-0.109201
0.696834,0.107197,0.946215,-0.061087,0.470941,-0.880047,0.373999,0.828259,0.417267,0.925415,-0.303647,-0.226727
0.735794,0.0863175,1.05126,-0.384024,0.455639,-0.803068,0.43619,0.856111,0.27715,0.813796,-0.243858,-0.527512
0.735794,0.0665405,0.944905,-0.384024,0.702827,-0.598799,0.43619,0.70969,0.553243,0.813796,-0.0487315,-0.579104
0.735794,0.0843301,0.838205,-0.384024,0.865242,-0.322306,0.43619,0.47767,0.762607,0.813796,0.152272,-0.560847
0.735794,0.137541,0.744023,-0.384024,0.923297,-0.00693868,0.43619,0.188036,0.879989,0.813796,0.33491,-0.474943
0.735794,0.219754,0.673721,-0.384024,0.869989,0.309266,0.43619,-0.124278,0.891231,0.813796,0.477153,-0.331755
0.735794,0.321054,0.635777,-0.384024,0.711747,0.588169,0.43619,-0.421602,0.794978,0.813796,0.561844,-0.148552
0.735794,0.429223,0.634768,-0.384024,0.467658,0.796129,0.43619,-0.668075,0.602839,0.813796,0.578768,0.0525691
0.735794,0.531214,0.670815,-0.384024,0.167162,0.908065,0.43619,-0.833968,0.337988,0.813796,0.525884,0.247349
0.735794,0.614724,0.739572,-0.384024,-0.153496,0.910475,0.43619,-0.899272,0.032371,0.813796,0.409571,0.412295
0.735794,0.669683,0.832744,-0.384024,-0.455639,0.803068,0.43619,-0.856111,-0.27715,0.813796,0.243858,0.527512
0.735794,0.68946,0.939095,-0.384024,-0.702827,0.598799,0.43619,-0.70969,-0.553243,0.813796,0.0487315,0.579104
0.735794,0.67167,1.0458,-0.384024,-0.865242,0.322306,0.43619,-0.47767,-0.762607,0.813796,-0.152272,0.560847
0.735794,0.618459,1.13998,-0.384024,-0.923297,0.00693868,0.43619,-0.188036,-0.879989,0.813796,-0.33491,0.474943
0.735794,0.536246,1.21028,-0.384024,-0.869989,-0.309266,0.43619,0.124278,-0.891231,0.813796,-0.477153,0.331755
0.735794,0.434946,1.24822,-0.384024,-0.711747,-0.588169,0.43619,0.421602,-0.794978,0.813796,-0.561844,0.148552
0.735794,0.326777,1.24923,-0.384024,-0.467658,-0.796129,0.43619,0.668075,-0.602839,0.813796,-0.578768,-0.0525691
0.735794,0.224786,1.21318,-0.384024,-0.167162,-0.908065,0.43619,0.833968,-0.337988,0.813796,-0.525884,-0.247349
0.735794,0.141276,1.14443,-0.384024,0.153496,-0.910475,0.43619,0.899272,-0.032371,0.813796,-0.409571,-0.412295
0.735794,0.0863175,1.05126,-0.384024,0.455639,-0.803068,0.43619,0.856111,0.27715,0.813796,-0.243858,-0.527512
0.809034,0.0692949,1.13689,-0.660642,0.419727,-0.6224,0.44577,0.88643,0.124621,0.604021,-0.195117,-0.772714
0.809034,0.0212551,1.01956,-0.660642,0.607288,-0.44131,0.44577,0.790349,0.420283,0.604021,0.0809336,-0.792848
0.809034,0.0162439,0.892864,-0.660642,0.7216,-0.206991,0.44577,0.59894,0.665252,0.604021,0.347223,-0.717353
0.809034,0.0548659,0.7721,-0.660642,0.748878,0.0522941,0.44577,0.33529,0.829982,0.604021,0.571632,-0.555334
0.809034,0.132463,0.671828,-0.660642,0.685829,0.305272,0.44577,0.031199,0.894604,0.604021,0.727093,-0.326334
0.809034,0.239675,0.604142,-0.660642,0.54006,0.521429,0.44577,-0.276655,0.851323,0.604021,0.794857,-0.0579726
0.809034,0.363571,0.577207,-0.660642,0.329151,0.674694,0.44577,-0.55114,0.70536,0.604021,0.766749,0.217381
0.809034,0.489208,0.594272,-0.660642,0.0785416,0.746581,0.44577,-0.75915,0.474321,0.604021,0.64616,0.466515
0.809034,0.601431,0.653278,-0.660642,-0.181541,0.72842,0.44577,-0.875595,0.186071,0.604021,0.447634,0.65938
0.809034,0.686705,0.747108,-0.660642,-0.419727,0.6224,0.44577,-0.88643,-0.124621,0.604021,0.195117,0.772714
0.809034,0.734745,0.864445,-0.660642,-0.607288,0.44131,0.44577,-0.790349,-0.420283,0.604021,-0.0809336,0.792848
0.809034,0.739756,0.991136,-0.660642,-0.7216,0.206991,0.44577,-0.59894,-0.665252,0.604021,-0.347223,0.717353
0.809034,0.701134,1.1119,-0.660642,-0.748878,-0.0522941,0.44577,-0.33529,-0.829982,0.604021,-0.571632,0.555334
0.809034,0.623537,1.21217,-0.660642,-0.685829,-0.305272,0.44577,-0.031199,-0.894604,0.604021,-0.727093,0.326334
0.809034,0.516325,1.27986,-0.660642,-0.54006,-0.521429,0.44577,0.276655,-0.851323,0.604021,-0.794857,0.0579726
0.809034,0.392429,1.30679,-0.660642,-0.329151,-0.674694,0.44577,0.55114,-0.70536,0.604021,-0.766749,-0.217381
0.809034,0.266792,1.28973,-0.660642,-0.0785416,-0.746581,0.44577,0.75915,-0.474321,0.604021,-0.64616,-0.466515
0.809034,0.154569,1.23072,-0.660642,0.181541,-0.72842,0.44577,0.875595,-0.186071,0.604021,-0.447634,-0.65938
0.809034,0.0692949,1.13689,-0.660642,0.419727,-0.6224,0.44577,0.88643,0.124621,0.604021,-0.195117,-0.772714
0.90772,0.0581826,1.1928,-0.857576,0.367535,-0.359834,0.401584,0.91556,-0.021923,0.321392,-0.163304,-0.932759
0.90772,-0.00830708,1.06829,-0.857576,0.46844,-0.212429,0.401584,0.867843,0.292539,0.321392,0.165566,-0.93236
0.90772,-0.0282025,0.928546,-0.857576,0.512845,-0.0394022,0.401584,0.715451,0.571717,0.321392,0.474467,-0.819505
0.90772,0.000896149,0.790428,-0.857576,0.495393,0.138377,0.401584,0.476766,0.781937,0.321392,0.726141,-0.607805
0.90772,0.0754791,0.670592,-0.857576,0.418189,0.299467,0.401584,0.180575,0.897844,0.321392,0.89023,-0.322795
0.90772,0.18655,0.583491,-0.857576,0.290546,0.424436,0.401584,-0.137395,0.905457,0.321392,0.946945,0.00114852
0.90772,0.320713,0.539632,-0.857576,0.127858,0.498212,0.401584,-0.438794,0.80386,0.321392,0.889445,0.324954
0.90772,0.461786,0.544305,-0.857576,-0.0502511,0.511896,0.401584,-0.687268,0.605305,0.321392,0.724664,0.609565
0.90772,0.592753,0.596945,-0.857576,-0.222299,0.463838,0.401584,-0.852847,0.333741,0.321392,0.472478,0.820653
0.90772,0.697817,0.691205,-0.857576,-0.367535,0.359834,0.401584,-0.91556,0.021923,0.321392,0.163304,0.932759
0.90772,0.764307,0.815713,-0.857576,-0.46844,0.212429,0.401584,-0.867843,-0.292539,0.321392,-0.165566,0.93236
0.90772,0.784202,0.955454,-0.857576,-0.512845,0.0394022,0.401584,-0.715451,-0.571717,0.321392,-0.474467,0.819505
0.90772,0.755104,1.09357,-0.857576,-0.495393,-0.138377,0.401584,-0.476766,-0.781937,0.321392,-0.726141,0.607805
0.90772,0.680521,1.21341,-0.857576,-0.418189,-0.299467,0.401584,-0.180575,-0.897844,0.321392,-0.89023,0.322795
0.90772,0.56945,1.30051,-0.857576,-0.290546,-0.424436,0.401584,0.137395,-0.905457,0.321392,-0.946945,-0.00114852
0.90772,0.435287,1.34437,-0.857576,-0.127858,-0.498212,0.401584,0.438794,-0.80386,0.321392,-0.889445,-0.324954
0.90772,0.294214,1.3397,-0.857576,0.0502511,-0.511896,0.401584,0.687268,-0.605305,0.321392,-0.724664,-0.609565
0.90772,0.163247,1.28705,-0.857576,0.222299,-0.463838,0.401584,0.852847,-0.333741,0.321392,-0.472478,-0.820653
0.90772,0.0581826,1.1928,-0.857576,0.367535,-0.359834,0.401584,0.91556,-0.021923,0.321392,-0.163304,-0.932759
0.883612,0.317123,0.54769,0.961642,0.259171,-0.0898633,-0.0812368,0.58198,0.809135,0.262003,-0.770798,0.580711
0.883612,0.455656,0.550648,0.961642,0.274276,0.00419773,-0.0812368,0.270142,0.959387,0.262003,-0.922928,0.282061
0.883612,0.584823,0.60081,0.961642,0.256299,0.0977525,-0.0812368,-0.0742795,0.993923,0.262003,-0.963739,-0.0506093
0.883612,0.689044,0.692124,0.961642,0.207409,0.179517,-0.0812368,-0.409742,0.908577,0.262003,-0.888309,-0.377175
0.883612,0.755749,0.813576,0.961642,0.133503,0.239629,-0.0812368,-0.695783,0.713643,0.262003,-0.705736,-0.658249
0.883612,0.776891,0.950519,0.961642,0.0434936,0.270838,-0.0812368,-0.897902,0.432634,0.262003,-0.438041,-0.859927
0.883612,0.749921,1.08643,0.961642,-0.0517615,0.26938,-0.0812368,-0.991722,0.0994419,0.262003,-0.117511,-0.957886
0.883612,0.678093,1.20493,0.961642,-0.140773,0.235431,-0.0812368,-0.965925,-0.245744,0.262003,0.217192,-0.94031
0.883612,0.570068,1.29171,0.961642,-0.212806,0.173086,-0.0812368,-0.823623,-0.561289,0.262003,0.525699,-0.809318
0.883612,0.438877,1.33631,0.961642,-0.259171,0.0898633,-0.0812368,-0.58198,-0.809135,0.262003,0.770798,-0.580711
0.883612,0.300344,1.33335,0.961642,-0.274276,-0.00419773,-0.0812368,-0.270142,-0.959387,0.262003,0.922928,-0.282061
0.883612,0.171177,1.28319,0.961642,-0.256299,-0.0977525,-0.0812368,0.0742795,-0.993923,0.262003,0.963739,0.0506093
0.883612,0.066956,1.19188,0.961642,-0.207409,-0.179517,-0.0812368,0.409742,-0.908577,0.262003,0.888309,0.377175
0.883612,0.00025148,1.07042,0.961642,-0.133503,-0.239629,-0.0812368,0.695783,-0.713643,0.262003,0.705736,0.658249
0.883612,-0.020891,0.933481,0.961642,-0.0434936,-0.270838,-0.0812368,0.897902,-0.432634,0.262003,0.438041,0.859927
0.883612,0.00607863,0.797566,0.961642,0.0517615,-0.26938,-0.0812368,0.991722,-0.0994419,0.262003,0.117511,0.957886
0.883612,0.0779075,0.679072,0.961642,0.140773,-0.235431,-0.0812368,0.965925,0.245744,0.262003,-0.217192,0.94031
0.883612,0.185932,0.592291,0.961642,0.212806,-0.173086,-0.0812368,0.823623,0.561289,0.262003,-0.525699,0.809318
0.883612,0.317123,0.54769,0.961642,0.259171,-0.0898633,-0.0812368,0.58198,0.809135,0.262003,-0.770798,0.580711
0.763622,0.30362,0.615616,0.856221,0.321664,-0.404251,0.156285,0.58456,0.796156,0.492403,-0.744864,0.450241
0.763622,0.419736,0.60986,0.856221,0.440527,-0.269856,0.156285,0.277005,0.948073,0.492403,-0.853934,0.16833
0.763622,0.530818,0.644165,0.856221,0.506256,-0.102913,0.156285,-0.0639603,0.985639,0.492403,-0.860008,-0.133885
0.763622,0.623467,0.714393,0.856221,0.510923,0.0764436,0.156285,-0.397211,0.904322,0.492403,-0.762352,-0.41995
0.763622,0.68651,0.812074,0.856221,0.453966,0.24658,0.156285,-0.682553,0.71393,0.492403,-0.572745,-0.655364
0.763622,0.712341,0.925426,0.856221,0.342253,0.386974,0.156285,-0.885568,0.437428,0.492403,-0.314057,-0.811731
0.763622,0.697847,1.04078,0.856221,0.189259,0.480694,0.156285,-0.981771,0.108166,0.492403,-0.0174883,-0.870191
0.763622,0.644774,1.14421,0.856221,0.0134386,0.516435,0.156285,-0.959558,-0.234143,0.492403,0.281189,-0.823694
0.763622,0.559524,1.22326,0.856221,-0.164003,0.489887,0.156285,-0.821608,-0.548211,0.492403,0.545951,-0.677847
0.763622,0.45238,1.26838,0.856221,-0.321664,0.404251,0.156285,-0.58456,-0.796156,0.492403,0.744864,-0.450241
0.763622,0.336264,1.27414,0.856221,-0.440527,0.269856,0.156285,-0.277005,-0.948073,0.492403,0.853934,-0.16833
0.763622,0.225182,1.23983,0.856221,-0.506256,0.102913,0.156285,0.0639603,-0.985639,0.492403,0.860008,0.133885
0.763622,0.132533,1.16961,0.856221,-0.510923,-0.0764436,0.156285,0.397211,-0.904322,0.492403,0.762352,0.41995
0.763622,0.0694904,1.07193,0.856221,-0.453966,-0.24658,0.156285,0.682553,-0.71393,0.492403,0.572745,0.655364
0.763622,0.0436586,0.958574,0.856221,-0.342253,-0.386974,0.156285,0.885568,-0.437428,0.492403,0.314057,0.811731
0.763622,0.0581534,0.843223,0.856221,-0.189259,-0.480694,0.156285,0.981771,-0.108166,0.492403,0.0174883,0.870191
0.763622,0.111226,0.739786,0.856221,-0.0134386,-0.516435,0.156285,0.959558,0.234143,0.492403,-0.281189,0.823694
0.763622,0.196476,0.660739,0.856221,0.164003,-0.489887,0.156285,0.821608,0.548211,0.492403,-0.545951,0.677847
0.763622,0.30362,0.615616,0.856221,0.321664,-0.404251,0.156285,0.58456,0.796156,0.492403,-0.744864,0.450241
0.674556,0.282932,0.719697,0.647527,0.373358,-0.664314,0.374957,0.602823,0.704281,0.663413,-0.70513,0.25035
0.674556,0.364697,0.700588,0.647527,0.578051,-0.496555,0.374957,0.32559,0.867985,0.663413,-0.74823,-0.00591636
0.674556,0.448067,0.710597,0.647527,0.713022,-0.268904,0.374957,0.00908577,0.926998,0.663413,-0.701083,-0.261469
0.674556,0.522986,0.748517,0.647527,0.761992,-0.00881918,0.374957,-0.308514,0.8742,0.663413,-0.569375,-0.485485
0.674556,0.580417,0.809773,0.647527,0.719054,0.252329,0.374957,-0.588902,0.715962,0.663413,-0.368991,-0.650945
0.674556,0.613434,0.886978,0.647527,0.589388,0.483043,0.374957,-0.798261,0.471367,0.663413,-0.124102,-0.73789
0.674556,0.618054,0.97082,0.647527,0.388634,0.655495,0.374957,-0.911337,0.169919,0.663413,0.135755,-0.735836
0.674556,0.59372,1.05119,0.647527,0.141004,0.748884,0.374957,-0.914492,-0.152024,0.663413,0.379239,-0.645028
0.674556,0.543367,1.11838,0.647527,-0.123633,0.751947,0.374957,-0.807346,-0.45563,0.663413,0.576981,-0.476421
0.674556,0.473068,1.1643,0.647527,-0.373358,0.664314,0.374957,-0.602823,-0.704281,0.663413,0.70513,-0.25035
0.674556,0.391303,1.18341,0.647527,-0.578051,0.496555,0.374957,-0.32559,-0.867985,0.663413,0.74823,0.00591636
0.674556,0.307933,1.1734,0.647527,-0.713022,0.268904,0.374957,-0.00908577,-0.926998,0.663413,0.701083,0.261469
0.674556,0.233014,1.13548,0.647527,-0.761992,0.00881918,0.374957,0.308514,-0.8742,0.663413,0.569375,0.485485
0.674556,0.175583,1.07423,0.647527,-0.719054,-0.252329,0.374957,0.588902,-0.715962,0.663413,0.368991,0.650945
0.674556,0.142566,0.997022,0.647527,-0.589388,-0.483043,0.374957,0.798261,-0.471367,0.663413,0.124102,0.73789
0.674556,0.137946,0.91318,0.647527,-0.388634,-0.655495,0.374957,0.911337,-0.169919,0.663413,-0.135755,0.735836
0.674556,0.16228,0.832815,0.647527,-0.141004,-0.748884,0.374957,0.914492,0.152024,0.663413,-0.379239,0.645028
0.674556,0.212633,0.765619,0.647527,0.123633,-0.751947,0.374957,0.807346,0.45563,0.663413,-0.576981,0.476421
0.674556,0.282932,0.719697,0.647527,0.373358,-0.664314,0.374957,0.602823,0.704281,0.663413,-0.70513,0.25035
0.627155,0.257551,0.847379,0.360731,0.408019,-0.838685,0.548404,0.634565,0.544592,0.754404,-0.65639,0.00514822
0.627155,0.297177,0.81189,0.360731,0.67026,-0.648556,0.548404,0.410035,0.728783,0.754404,-0.618565,-0.219661
0.627155,0.346552,0.792093,0.360731,0.851657,-0.380201,0.548404,0.136048,0.825072,0.754404,-0.506133,-0.417975
0.627155,0.39972,0.790378,0.360731,0.930332,-0.0659876,0.548404,-0.154348,0.821845,0.754404,-0.332653,-0.565876
0.627155,0.450267,0.80695,0.360731,0.896796,0.256184,0.548404,-0.426127,0.719492,0.754404,-0.119051,-0.645524
0.627155,0.492099,0.839812,0.360731,0.755092,0.547457,0.548404,-0.646509,0.530357,0.754404,0.108911,-0.647312
0.627155,0.520168,0.884999,0.360731,0.522313,0.772698,0.548404,-0.788913,0.277254,0.754404,0.323736,-0.571024
0.627155,0.53109,0.937061,0.360731,0.226536,0.90474,0.548404,-0.836162,-0.00929098,0.754404,0.499514,-0.425863
0.627155,0.523547,0.989718,0.360731,-0.0965654,0.927657,0.548404,-0.782558,-0.294715,0.754404,0.615044,-0.229336
0.627155,0.498449,1.03662,0.360731,-0.408019,0.838685,0.548404,-0.634565,-0.544592,0.754404,0.65639,-0.00514822
0.627155,0.458823,1.07211,0.360731,-0.67026,0.648556,0.548404,-0.410035,-0.728783,0.754404,0.618565,0.219661
0.627155,0.409448,1.09191,0.360731,-0.851657,0.380201,0.548404,-0.136048,-0.825072,0.754404,0.506133,0.417975
0.627155,0.35628,1.09362,0.360731,-0.930332,0.0659876,0.548404,0.154348,-0.821845,0.754404,0.332653,0.565876
0.627155,0.305733,1.07705,0.360731,-0.896796,-0.256184,0.548404,0.426127,-0.719492,0.754404,0.119051,0.645524
0.627155,0.263901,1.04419,0.360731,-0.755092,-0.547457,0.548404,0.646509,-0.530357,0.754404,-0.108911,0.647312
0.627155,0.235832,0.999001,0.360731,-0.522313,-0.772698,0.548404,0.788913,-0.277254,0.754404,-0.323736,0.571024
0.627155,0.22491,0.946939,0.360731,-0.226536,-0.90474,0.548404,0.836162,0.00929098,0.754404,-0.499514,0.425863
0.627155,0.232453,0.894282,0.360731,0.0965654,-0.927657,0.548404,0.782558,0.294715,0.754404,-0.615044,0.229336
0.627155,0.257551,0.847379,0.360731,0.408019,-0.838685,0.548404,0.634565,0.544592,0.754404,-0.65639,0.00514822
0.627137,0.230541,0.983262,0.0304265,0.421466,-0.906334,0.655705,0.675959,0.336349,0.754404,-0.604521,-0.25579
0.627137,0.225321,0.93034,0.0304265,0.706033,-0.707525,0.655705,0.520155,0.547257,0.754404,-0.480579,-0.447123
0.627137,0.238517,0.878824,0.0304265,0.905442,-0.423379,0.655705,0.301613,0.692157,0.754404,-0.298671,-0.584525
0.627137,0.268536,0.834928,0.0304265,0.995641,-0.0881664,0.655705,0.0466925,0.753572,0.754404,-0.0807397,-0.651426
0.627137,0.311758,0.803946,0.0304265,0.965751,0.25768,0.655705,-0.21386,0.724096,0.754404,0.14693,-0.639755
0.627137,0.36297,0.789616,0.0304265,0.819377,0.572446,0.655705,-0.448618,0.607283,0.754404,0.356878,-0.55092
0.627137,0.415995,0.793665,0.0304265,0.574175,0.818167,0.655705,-0.629266,0.417223,0.754404,0.523781,-0.395636
0.627137,0.464437,0.815606,0.0304265,0.259718,0.965205,0.655705,-0.734016,0.17684,0.754404,0.627509,-0.192632
0.627137,0.502454,0.852792,0.0304265,-0.0860643,0.995825,0.655705,-0.750232,-0.0848734,0.754404,0.655549,0.0336058
0.627137,0.525459,0.900738,0.0304265,-0.421466,0.906334,0.655705,-0.675959,-0.336349,0.754404,0.604521,0.25579
0.627137,0.530679,0.95366,0.0304265,-0.706033,0.707525,0.655705,-0.520155,-0.547257,0.754404,0.480579,0.447123
0.627137,0.517483,1.00518,0.0304265,-0.905442,0.423379,0.655705,-0.301613,-0.692157,0.754404,0.298671,0.584525
0.627137,0.487464,1.04907,0.0304265,-0.995641,0.0881664,0.655705,-0.0466925,-0.753572,0.754404,0.0807397,0.651426
0.627137,0.444242,1.08005,0.0304265,-0.965751,-0.25768,0.655705,0.21386,-0.724096,0.754404,-0.14693,0.639755
0.627137,0.39303,1.09438,0.0304265,-0.819377,-0.572446,0.655705,0.448618,-0.607283,0.754404,-0.356878,0.55092
0.627137,0.340005,1.09033,0.0304265,-0.574175,-0.818167,0.655705,0.629266,-0.417223,0.754404,-0.523781,0.395636
0.627137,0.291563,1.06839,0.0304265,-0.259718,-0.965205,0.655705,0.734016,-0.17684,0.754404,-0.627509,0.192632
0.627137,0.253546,1.03121,0.0304265,0.0860643,-0.995825,0.655705,0.750232,0.0848734,0.754404,-0.655549,-0.0336058
0.627137,0.230541,0.983262,0.0304265,0.421466,-0.906334,0.655705,0.675959,0.336349,0.754404,-0.604521,-0.25579
0.674504,0.205158,1.11096,-0.303548,0.412077,-0.859099,0.683918,0.722011,0.10467,0.663411,-0.555781,-0.500992
0.674504,0.157795,1.04165,-0.303548,0.681055,-0.66635,0.683918,0.642669,0.3453,0.663411,-0.350914,-0.660867
0.674504,0.136992,0.960328,-0.303548,0.867887,-0.39323,0.683918,0.485812,0.544282,0.663411,-0.103721,-0.741031
0.674504,0.145258,0.876793,-0.303548,0.95004,-0.0726803,0.683918,0.270358,0.677615,0.663411,0.155982,-0.731816
0.674504,0.181596,0.801123,-0.303548,0.917604,0.256636,0.683918,0.0222957,0.729218,0.663411,0.396871,-0.634334
0.674504,0.241624,0.742445,-0.303548,0.774491,0.554998,0.683918,-0.228456,0.692867,0.663411,0.589891,-0.460341
0.674504,0.3181,0.707836,-0.303548,0.537963,0.786419,0.683918,-0.451653,0.572945,0.663411,0.711762,-0.230824
0.674504,0.401801,0.701471,-0.303548,0.236549,0.922986,0.683918,-0.620374,0.383918,0.663411,0.747784,0.0265332
0.674504,0.482632,0.724117,-0.303548,-0.0933966,0.948228,0.683918,-0.714268,0.148584,0.663411,0.693612,0.28069
0.674504,0.550842,0.773043,-0.303548,-0.412077,0.859099,0.683918,-0.722011,-0.10467,0.663411,0.555781,0.500992
0.674504,0.598205,0.842348,-0.303548,-0.681055,0.66635,0.683918,-0.642669,-0.3453,0.663411,0.350914,0.660867
0.674504,0.619008,0.923672,-0.303548,-0.867887,0.39323,0.683918,-0.485812,-0.544282,0.663411,0.103721,0.741031
0.674504,0.610742,1.00721,-0.303548,-0.95004,0.0726803,0.683918,-0.270358,-0.677615,0.663411,-0.155982,0.731816
0.674504,0.574404,1.08288,-0.303548,-0.917604,-0.256636,0.683918,-0.0222957,-0.729218,0.663411,-0.396871,0.634334
0.674504,0.514376,1.14155,-0.303548,-0.774491,-0.554998,0.683918,0.228456,-0.692867,0.663411,-0.589891,0.460341
0.674504,0.4379,1.17616,-0.303548,-0.537963,-0.786419,0.683918,0.451653,-0.572945,0.663411,-0.711762,0.230824
0.674504,0.354199,1.18253,-0.303548,-0.236549,-0.922986,0.683918,0.620374,-0.383918,0.663411,-0.747784,-0.0265332
0.674504,0.273368,1.15988,-0.303548,0.0933966,-0.948228,0.683918,0.714268,-0.148584,0.663411,-0.693612,-0.28069
0.674504,0.205158,1.11096,-0.303548,0.412077,-0.859099,0.683918,0.722011,0.10467,0.663411,-0.555781,-0.500992
0.763543,0.184465,1.21506,-0.60091,0.380984,-0.702679,0.629641,0.767168,-0.122501,0.492402,-0.516047,-0.700882
0.763543,0.102744,1.1324,-0.60091,0.598338,-0.529998,0.629641,0.7628,0.147274,0.492402,-0.24521,-0.835112
0.763543,0.0542234,1.02677,-0.60091,0.743524,-0.293391,0.629641,0.666427,0.399285,0.492402,0.0552034,-0.868616
0.763543,0.0447549,0.910924,-0.60091,0.79903,-0.0213973,0.629641,0.489673,0.603136,0.492402,0.348958,-0.797351
0.763543,0.0754807,0.798821,-0.60091,0.758161,0.253177,0.629641,0.253857,0.734241,0.492402,0.600624,-0.629914
0.763543,0.142695,0.703989,-0.60091,0.625846,0.497215,0.629641,-0.0125774,0.776785,0.492402,0.779845,-0.3865
0.763543,0.23829,0.637863,-0.60091,0.418046,0.681282,0.629641,-0.277495,0.725637,0.492402,0.865005,-0.0964688
0.763543,0.350737,0.608421,-0.60091,0.159822,0.783175,0.629641,-0.508942,0.586967,0.492402,0.845834,0.205198
0.763543,0.466471,0.619214,-0.60091,-0.117678,0.790606,0.629641,-0.679004,0.3775,0.492402,0.724642,0.482115
0.763543,0.571535,0.668939,-0.60091,-0.380984,0.702679,0.629641,-0.767168,0.122501,0.492402,0.516047,0.700882
0.763543,0.653256,0.7516,-0.60091,-0.598338,0.529998,0.629641,-0.7628,-0.147274,0.492402,0.24521,0.835112
0.763543,0.701777,0.857225,-0.60091,-0.743524,0.293391,0.629641,-0.666427,-0.399285,0.492402,-0.0552034,0.868616
0.763543,0.711245,0.973076,-0.60091,-0.79903,0.0213973,0.629641,-0.489673,-0.603136,0.492402,-0.348958,0.797351
0.763543,0.680519,1.08518,-0.60091,-0.758161,-0.253177,0.629641,-0.253857,-0.734241,0.492402,-0.600624,0.629914
0.763543,0.613305,1.18001,-0.60091,-0.625846,-0.497215,0.629641,0.0125774,-0.776785,0.492402,-0.779845,0.3865
0.763543,0.51771,1.24614,-0.60091,-0.418046,-0.681282,0.629641,0.277495,-0.725637,0.492402,-0.865005,0.0964688
0.763543,0.405263,1.27558,-0.60091,-0.159822,-0.783175,0.629641,0.508942,-0.586967,0.492402,-0.845834,-0.205198
0.763543,0.289529,1.26479,-0.60091,0.117678,-0.790606,0.629641,0.679004,-0.3775,0.492402,-0.724642,-0.482115
0.763543,0.184465,1.21506,-0.60091,0.380984,-0.702679,0.629641,0.767168,-0.122501,0.492402,-0.516047,-0.700882
0.883514,0.170957,1.28302,-0.825794,0.331938,-0.45594,0.499419,0.805982,-0.317764,0.262001,-0.490113,-0.831351
0.883514,0.0668079,1.19164,-0.825794,0.467861,-0.314914,0.499419,0.866057,-0.0229389,0.262001,-0.176217,-0.948843
0.883514,0.000193661,1.07015,-0.825794,0.547352,-0.135904,0.499419,0.821673,0.274653,0.262001,0.158934,-0.951891
0.883514,-0.0208516,0.933204,-0.825794,0.560824,0.0594972,0.499419,0.678183,0.539118,0.262001,0.474915,-0.840126
0.883514,0.00621057,0.797319,-0.825794,0.506653,0.247722,0.499419,0.452894,0.738558,0.262001,0.733614,-0.62703
0.883514,0.078116,0.678885,-0.825794,0.391372,0.406069,0.499419,0.17298,0.848916,0.262001,0.903828,-0.338304
0.883514,0.186192,0.592186,-0.825794,0.228886,0.515437,0.499419,-0.127799,0.856883,0.262001,0.965028,-0.0087747
0.883514,0.317403,0.54768,-0.825794,0.0387929,0.562636,0.499419,-0.413163,0.761497,0.262001,0.909831,0.321813
0.883514,0.455922,0.550735,-0.825794,-0.155979,0.541973,0.499419,-0.648693,0.574263,0.262001,0.744894,0.613586
0.883514,0.585043,0.600982,-0.825794,-0.331938,0.45594,0.499419,-0.805982,0.317764,0.262001,0.490113,0.831351
0.883514,0.689192,0.692361,-0.825794,-0.467861,0.314914,0.499419,-0.866057,0.0229389,0.262001,0.176217,0.948843
0.883514,0.755806,0.81385,-0.825794,-0.547352,0.135904,0.499419,-0.821673,-0.274653,0.262001,-0.158934,0.951891
0.883514,0.776852,0.950796,-0.825794,-0.560824,-0.0594972,0.499419,-0.678183,-0.539118,0.262001,-0.474915,0.840126
0.883514,0.749789,1.08668,-0.825794,-0.506653,-0.247722,0.499419,-0.452894,-0.738558,0.262001,-0.733614,0.62703
0.883514,0.677884,1.20512,-0.825794,-0.391372,-0.406069,0.499419,-0.17298,-0.848916,0.262001,-0.903828,0.338304
0.883514,0.569808,1.29181,-0.825794,-0.228886,-0.515437,0.499419,0.127799,-0.856883,0.262001,-0.965028,0.0087747
0.883514,0.438597,1.33632,-0.825794,-0.0387929,-0.562636,0.499419,0.413163,-0.761497,0.262001,-0.909831,-0.321813
0.883514,0.300078,1.33326,-0.825794,0.155979,-0.541973,0.499419,0.648693,-0.574263,0.262001,-0.744894,-0.613586
0.883514,0.170957,1.28302,-0.825794,0.331938,-0.45594,0.499419,0.805982,-0.317764,0.262001,-0.490113,-0.831351
0.875863,0.463171,0.555013,0.985232,0.165915,-0.0423202,-0.00862081,0.294909,0.955486,0.17101,-0.94101,0.291984
0.875863,0.590392,0.607482,0.985232,0.170383,0.0169783,-0.00862081,-0.0496713,0.998728,0.17101,-0.984125,-0.0474689
0.875863,0.691995,0.700298,0.985232,0.154301,0.0742289,-0.00862081,-0.388261,0.921509,0.17101,-0.90854,-0.381197
0.875863,0.755726,0.822267,0.985232,0.119608,0.122526,-0.00862081,-0.680021,0.733142,0.17101,-0.723371,-0.668947
0.875863,0.773897,0.958678,0.985232,0.0704881,0.156046,-0.00862081,-0.88976,0.456348,0.17101,-0.450953,-0.876012
0.875863,0.744318,1.09308,0.985232,0.0128665,0.170743,-0.00862081,-0.992181,0.124511,0.17101,-0.124144,-0.977417
0.875863,0.670555,1.20925,0.985232,-0.0463071,0.164847,-0.00862081,-0.97493,-0.222344,0.17101,0.217639,-0.960931
0.875863,0.561505,1.2932,0.985232,-0.0998953,0.139067,-0.00862081,-0.840089,-0.542381,0.17101,0.533172,-0.828543
0.875863,0.430322,1.33478,0.985232,-0.141435,0.0965143,-0.00862081,-0.60392,-0.796998,0.17101,0.784396,-0.59622
0.875863,0.292829,1.32899,0.985232,-0.165915,0.0423202,-0.00862081,-0.294909,-0.955486,0.17101,0.94101,-0.291984
0.875863,0.165608,1.27652,0.985232,-0.170383,-0.0169783,-0.00862081,0.0496713,-0.998728,0.17101,0.984125,0.0474689
0.875863,0.0640049,1.1837,0.985232,-0.154301,-0.0742289,-0.00862081,0.388261,-0.921509,0.17101,0.90854,0.381197
0.875863,0.000274169,1.06173,0.985232,-0.119608,-0.122526,-0.00862081,0.680021,-0.733142,0.17101,0.723371,0.668947
0.875863,-0.0178972,0.925322,0.985232,-0.0704881,-0.156046,-0.00862081,0.88976,-0.456348,0.17101,0.450953,0.876012
0.875863,0.0116824,0.790923,0.985232,-0.0128665,-0.170743,-0.00862081,0.992181,-0.124511,0.17101,0.124144,0.977417
0.875863,0.0854454,0.674746,0.985232,0.0463071,-0.164847,-0.00862081,0.97493,0.222344,0.17101,-0.217639,0.960931
0.875863,0.194495,0.590804,0.985232,0.0998953,-0.139067,-0.00862081,0.840089,0.542381,0.17101,-0.533172,0.828543
0.875863,0.325678,0.549221,0.985232,0.141435,-0.0965143,-0.00862081,0.60392,0.796998,0.17101,-0.784396,0.59622
0.875863,0.463171,0.555013,0.985232,0.165915,-0.0423202,-0.00862081,0.294909,0.955486,0.17101,-0.94101,0.291984
0.749059,0.448902,0.626799,0.900555,0.230743,-0.368455,0.292759,0.304677,0.906347,0.321393,-0.924083,0.206827
0.749059,0.552431,0.670057,0.900555,0.342846,-0.267315,0.292759,-0.0236858,0.955893,0.321393,-0.939093,-0.121702
0.749059,0.634922,0.746117,0.900555,0.413597,-0.133934,0.292759,-0.349192,0.890145,0.321393,-0.840834,-0.435551
0.749059,0.686424,0.845802,0.900555,0.434462,0.0156019,0.292759,-0.63258,0.717032,0.321393,-0.641159,-0.696866
0.749059,0.700725,0.957091,0.900555,0.402925,0.163256,0.292759,-0.83967,0.457434,0.321393,-0.36415,-0.874129
0.749059,0.676101,1.06656,0.900555,0.322789,0.291219,0.292759,-0.945484,0.142663,0.321393,-0.0432191,-0.945959
0.749059,0.615521,1.161,0.900555,0.20372,0.384056,0.292759,-0.937258,-0.189315,0.321393,0.282924,-0.903693
0.749059,0.526294,1.22903,0.900555,0.0600787,0.430571,0.292759,-0.815985,-0.498459,0.321393,0.574943,-0.752427
0.749059,0.419179,1.26244,0.900555,-0.0908085,0.425153,0.292759,-0.596292,-0.747481,0.321393,0.797615,-0.510408
0.749059,0.307098,1.2572,0.900555,-0.230743,0.368455,0.292759,-0.304677,-0.906347,0.321393,0.924083,-0.206827
0.749059,0.203569,1.21394,0.900555,-0.342846,0.267315,0.292759,0.0236858,-0.955893,0.321393,0.939093,0.121702
0.749059,0.121078,1.13788,0.900555,-0.413597,0.133934,0.292759,0.349192,-0.890145,0.321393,0.840834,0.435551
0.749059,0.0695765,1.0382,0.900555,-0.434462,-0.0156019,0.292759,0.63258,-0.717032,0.321393,0.641159,0.696866
0.749059,0.0552751,0.926909,0.900555,-0.402925,-0.163256,0.292759,0.83967,-0.457434,0.321393,0.36415,0.874129
0.749059,0.0798991,0.817441,0.900555,-0.322789,-0.291219,0.292759,0.945484,-0.142663,0.321393,0.0432191,0.945959
0.749059,0.140479,0.722996,0.900555,-0.20372,-0.384056,0.292759,0.937258,0.189315,0.321393,-0.282924,0.903693
0.749059,0.229706,0.654967,0.900555,-0.0600787,-0.430571,0.292759,0.815985,0.498459,0.321393,-0.574943,0.752427
0.749059,0.336821,0.621558,0.900555,0.0908085,-0.425153,0.292759,0.596292,0.747481,0.321393,-0.797615,0.510408
0.749059,0.448902,0.626799,0.900555,0.230743,-0.368455,0.292759,0.304677,0.906347,0.321393,-0.924083,0.206827
0.654934,0.427038,0.736792,0.707258,0.286015,-0.646515,0.558827,0.333952,0.75907,0.433011,-0.898149,0.0763575
0.654934,0.494266,0.765939,0.707258,0.489887,-0.509703,0.558827,0.0541953,0.827511,0.433011,-0.8701,-0.235432
0.654934,0.547471,0.816322,0.707258,0.634672,-0.311413,0.558827,-0.232099,0.796142,0.433011,-0.737104,-0.518826
0.654934,0.580234,0.881864,0.707258,0.702906,-0.0755614,0.558827,-0.490398,0.668746,0.433011,-0.515202,-0.739641
0.654934,0.588606,0.954659,0.707258,0.686359,0.169403,0.558827,-0.689548,0.46069,0.433011,-0.231159,-0.871245
0.654934,0.571575,1.02593,0.707258,0.587027,0.393936,0.558827,-0.805529,0.197068,0.433011,0.0807644,-0.897763
0.654934,0.531197,1.08707,0.707258,0.416891,0.570954,0.558827,-0.82435,-0.0903239,0.433011,0.382947,-0.815998
0.654934,0.47234,1.13072,0.707258,0.196472,0.679106,0.558827,-0.743743,-0.366821,0.433011,0.63894,-0.635812
0.654934,0.402105,1.1516,0.707258,-0.0476449,0.705348,0.558827,-0.57343,-0.599074,0.433011,0.817868,-0.378938
0.654934,0.328962,1.14721,0.707258,-0.286015,0.646515,0.558827,-0.333952,-0.75907,0.433011,0.898149,-0.0763575
0.654934,0.261734,1.11806,0.707258,-0.489887,0.509703,0.558827,-0.0541953,-0.827511,0.433011,0.8701,0.235432
0.654934,0.208529,1.06768,0.707258,-0.634672,0.311413,0.558827,0.232099,-0.796142,0.433011,0.737104,0.518826
0.654934,0.175766,1.00214,0.707258,-0.702906,0.0755614,0.558827,0.490398,-0.668746,0.433011,0.515202,0.739641
0.654934,0.167394,0.929341,0.707258,-0.686359,-0.169403,0.558827,0.689548,-0.46069,0.433011,0.231159,0.871245
0.654934,0.184425,0.858073,0.707258,-0.587027,-0.393936,0.558827,0.805529,-0.197068,0.433011,-0.0807644,0.897763
0.654934,0.224803,0.796928,0.707258,-0.416891,-0.570954,0.558827,0.82435,0.0903239,0.433011,-0.382947,0.815998
0.654934,0.28366,0.75328,0.707258,-0.196472,-0.679106,0.558827,0.743743,0.366821,0.433011,-0.63894,0.635812
