0.658953,0.465794,1.1776,0.308961,0.849905,-0.426854,0.951075,-0.276097,0.138662,-3.49349e-06,-0.448811,-0.893627
0.907818,0.21127,1.35802,0.92986,-0.332252,-0.158018,-0.179072,-0.0335236,-0.983265,0.321394,0.942595,-0.0906694
0.907818,0.0924584,1.2818,0.92986,-0.25817,-0.262125,-0.179072,0.304794,-0.935432,0.321394,0.91676,0.237185
0.907818,0.00688064,1.16954,0.92986,-0.152948,-0.334617,-0.179072,0.60635,-0.774773,0.321394,0.780351,0.536431
0.907818,-0.0351407,1.03478,0.92986,-0.0292783,-0.366748,-0.179072,0.83477,-0.520665,0.321394,0.549819,0.770976
0.907818,-0.0285374,0.893773,0.92986,0.0979226,-0.354644,-0.179072,0.962505,-0.203756,0.321394,0.252972,0.91253
0.907818,0.0258942,0.76353,0.92986,0.213313,-0.299765,-0.179072,0.974148,0.137728,0.321394,-0.0743879,0.944019
0.907818,0.121589,0.659759,0.92986,0.302974,-0.20873,-0.179072,0.868294,0.4626,0.321394,-0.392775,0.861646
0.907818,0.247004,0.594975,0.92986,0.356092,-0.0925186,-0.179072,0.657711,0.731676,0.321394,-0.663788,0.675345
0.907818,0.387014,0.576993,0.92986,0.36626,0.0348516,-0.179072,0.367798,0.912501,0.321394,-0.854738,0.407588
0.907818,0.52473,0.607981,0.92986,0.332252,0.158018,-0.179072,0.0335236,0.983265,0.321394,-0.942595,0.0906694
0.907818,0.643542,0.684202,0.92986,0.25817,0.262125,-0.179072,-0.304794,0.935432,0.321394,-0.91676,-0.237185
0.907818,0.729119,0.796463,0.92986,0.152948,0.334617,-0.179072,-0.60635,0.774773,0.321394,-0.780351,-0.536431
0.907818,0.771141,0.931222,0.92986,0.0292783,0.366748,-0.179072,-0.83477,0.520665,0.321394,-0.549819,-0.770976
0.907818,0.764537,1.07223,0.92986,-0.0979226,0.354644,-0.179072,-0.962505,0.203756,0.321394,-0.252972,-0.91253
0.907818,0.710106,1.20247,0.92986,-0.213313,0.299765,-0.179072,-0.974148,-0.137728,0.321394,0.0743879,-0.944019
0.907818,0.614411,1.30624,0.92986,-0.302974,0.20873,-0.179072,-0.868294,-0.4626,0.321394,0.392775,-0.861646
0.907818,0.488996,1.37103,0.92986,-0.356092,0.0925186,-0.179072,-0.657711,-0.731676,0.321394,0.663788,-0.675345
0.907818,0.348986,1.38901,0.92986,-0.36626,-0.0348516,-0.179072,-0.367798,-0.912501,0.321394,0.854738,-0.407588
0.907818,0.21127,1.35802,0.92986,-0.332252,-0.158018,-0.179072,-0.0335236,-0.983265,0.321394,0.942595,-0.0906694
0.809114,0.262176,1.33245,0.796489,-0.604274,-0.0213989,-0.0275851,-0.000960579,-0.999619,0.604023,0.796776,-0.017434
0.809114,0.149039,1.27518,0.796489,-0.560513,-0.226782,-0.0275851,0.340987,-0.939663,0.604023,0.754688,0.256131
0.809114,0.062311,1.18267,0.796489,-0.449146,-0.404812,-0.0275851,0.641807,-0.76637,0.604023,0.621572,0.498803
0.809114,0.0124538,1.06608,0.796489,-0.283605,-0.534016,-0.0275851,0.865215,-0.500641,0.604023,0.413486,0.681311
0.809114,0.0054808,0.939466,0.796489,-0.0838572,-0.598809,-0.0275851,0.984266,-0.174528,0.604023,0.155528,0.781644
0.809114,0.0422329,0.818102,0.796489,0.126005,-0.591378,-0.0275851,0.984599,0.172636,0.604023,-0.12119,0.787699
0.809114,0.118277,0.716628,0.796489,0.320669,-0.512617,-0.0275851,0.866176,0.498978,0.604023,-0.38329,0.698745
0.809114,0.224442,0.647282,0.796489,0.476655,-0.372027,-0.0275851,0.643279,0.765135,0.604023,-0.59916,0.525513
0.809114,0.347922,0.618429,0.796489,0.57515,-0.186565,-0.0275851,0.342792,0.939006,0.604023,-0.742762,0.288896
0.809114,0.473824,0.633548,0.796489,0.604274,0.0213989,-0.0275851,0.000960579,0.999619,0.604023,-0.796776,0.017434
0.809114,0.586961,0.690816,0.796489,0.560513,0.226782,-0.0275851,-0.340987,0.939663,0.604023,-0.754688,-0.256131
0.809114,0.673689,0.783326,0.796489,0.449146,0.404812,-0.0275851,-0.641807,0.76637,0.604023,-0.621572,-0.498803
0.809114,0.723546,0.89992,0.796489,0.283605,0.534016,-0.0275851,-0.865215,0.500641,0.604023,-0.413486,-0.681311
0.809114,0.730519,1.02653,0.796489,0.0838572,0.598809,-0.0275851,-0.984266,0.174528,0.604023,-0.155528,-0.781644
0.809114,0.693767,1.1479,0.796489,-0.126005,0.591378,-0.0275851,-0.984599,-0.172636,0.604023,0.12119,-0.787699
0.809114,0.617723,1.24937,0.796489,-0.320669,0.512617,-0.0275851,-0.866176,-0.498978,0.604023,0.38329,-0.698745
0.809114,0.511558,1.31872,0.796489,-0.476655,0.372027,-0.0275851,-0.643279,-0.765135,0.604023,0.59916,-0.525513
0.809114,0.388078,1.34757,0.796489,-0.57515,0.186565,-0.0275851,-0.342792,-0.939006,0.604023,0.742762,-0.288896
0.809114,0.262176,1.33245,0.796489,-0.604274,-0.0213989,-0.0275851,-0.000960579,-0.999619,0.604023,0.796776,-0.017434
0.735846,0.34018,1.29328,0.567051,-0.819127,0.0865085,0.127229,-0.0166616,-0.991733,0.813797,0.57337,0.094769
0.735846,0.235737,1.26505,0.567051,-0.799316,-0.198867,0.127229,0.323536,-0.937623,0.813797,0.506378,0.285158
0.735846,0.147247,1.2028,0.567051,-0.683095,-0.460255,0.127229,0.62471,-0.770422,0.813797,0.37831,0.441152
0.735846,0.0853833,1.11405,0.567051,-0.484482,-0.666131,0.127229,0.850536,-0.510296,0.813797,0.204613,0.543937
0.735846,0.0576071,1.00948,0.567051,-0.227434,-0.791661,0.127229,0.973773,-0.188621,0.813797,0.00623537,0.581115
0.735846,0.0672689,0.901724,0.567051,0.0570457,-0.821705,0.127229,0.97956,0.155804,0.813797,-0.192894,0.548203
0.735846,0.113203,0.803769,0.567051,0.334645,-0.752639,0.127229,0.867197,0.481437,0.813797,-0.368757,0.449168
0.735846,0.18987,0.727433,0.567051,0.571881,-0.592794,0.127229,0.650237,0.749002,0.813797,-0.500143,0.295958
0.735846,0.288022,0.681921,0.567051,0.74014,-0.361449,0.127229,0.35485,0.926226,0.813797,-0.571204,0.10705
0.735846,0.39582,0.672724,0.567051,0.819127,-0.0865085,0.127229,0.0166616,0.991733,0.813797,-0.57337,-0.094769
0.735846,0.500263,0.700951,0.567051,0.799316,0.198867,0.127229,-0.323536,0.937623,0.813797,-0.506378,-0.285158
0.735846,0.588753,0.763197,0.567051,0.683095,0.460255,0.127229,-0.62471,0.770422,0.813797,-0.37831,-0.441152
0.735846,0.650617,0.851955,0.567051,0.484482,0.666131,0.127229,-0.850536,0.510296,0.813797,-0.204613,-0.543937
0.735846,0.678393,0.956518,0.567051,0.227434,0.791661,0.127229,-0.973773,0.188621,0.813797,-0.00623537,-0.581115
0.735846,0.668731,1.06428,0.567051,-0.0570457,0.821705,0.127229,-0.97956,-0.155804,0.813797,0.192894,-0.548203
0.735846,0.622797,1.16223,0.567051,-0.334645,0.752639,0.127229,-0.867197,-0.481437,0.813797,0.368757,-0.449168
0.735846,0.54613,1.23857,0.567051,-0.571881,0.592794,0.127229,-0.650237,-0.749002,0.813797,0.500143,-0.295958
0.735846,0.447978,1.28408,0.567051,-0.74014,0.361449,0.127229,-0.35485,-0.926226,0.813797,0.571204,-0.10705
0.735846,0.34018,1.29328,0.567051,-0.819127,0.0865085,0.127229,-0.0166616,-0.991733,0.813797,0.57337,0.094769
0.696852,0.435873,1.24522,0.269218,-0.950898,0.152689,0.266698,-0.0787328,-0.960559,0.925416,0.299321,0.232406
0.696852,0.342097,1.25262,0.269218,-0.945775,-0.181746,0.266698,0.254546,-0.929558,0.925416,0.201782,0.320764
0.696852,0.251445,1.2275,0.269218,-0.826577,-0.494259,0.266698,0.557123,-0.786439,0.925416,0.0799056,0.370434
0.696852,0.174851,1.17289,0.269218,-0.607682,-0.747158,0.266698,0.792502,-0.548464,0.925416,-0.0516091,0.375423
0.696852,0.121554,1.09537,0.269218,-0.315491,-0.909938,0.266698,0.932294,-0.244336,0.925416,-0.176899,0.335131
0.696852,0.0979823,1.00431,0.269218,0.0147525,-0.962966,0.266698,0.959638,0.0892626,0.925416,-0.280852,0.254417
0.696852,0.106978,0.910672,0.269218,0.343217,-0.899847,0.266698,0.871235,0.412095,0.925416,-0.35093,0.143017
0.696852,0.147458,0.825759,0.269218,0.630284,-0.728192,0.266698,0.677748,0.685222,0.925416,-0.378681,0.0143665
0.696852,0.214537,0.759812,0.269218,0.84133,-0.468707,0.266698,0.402515,0.875702,0.925416,-0.360758,-0.116017
0.696852,0.300127,0.720785,0.269218,0.950898,-0.152689,0.266698,0.0787328,0.960559,0.925416,-0.299321,-0.232406
0.696852,0.393903,0.713384,0.269218,0.945775,0.181746,0.266698,-0.254546,0.929558,0.925416,-0.201782,-0.320764
0.696852,0.484555,0.738504,0.269218,0.826577,0.494259,0.266698,-0.557123,0.786439,0.925416,-0.0799056,-0.370434
0.696852,0.561149,0.793113,0.269218,0.607682,0.747158,0.266698,-0.792502,0.548464,0.925416,0.0516091,-0.375423
0.696852,0.614446,0.870625,0.269218,0.315491,0.909938,0.266698,-0.932294,0.244336,0.925416,0.176899,-0.335131
0.696852,0.638018,0.961692,0.269218,-0.0147525,0.962966,0.266698,-0.959638,-0.0892626,0.925416,0.280852,-0.254417
0.696852,0.629022,1.05533,0.269218,-0.343217,0.899847,0.266698,-0.871235,-0.412095,0.925416,0.35093,-0.143017
0.696852,0.588542,1.14024,0.269218,-0.630284,0.728192,0.266698,-0.677748,-0.685222,0.925416,0.378681,-0.0143665
0.696852,0.521463,1.20619,0.269218,-0.84133,0.468707,0.266698,-0.402515,-0.875702,0.925416,0.360758,0.116017
0.696852,0.435873,1.24522,0.269218,-0.950898,0.152689,0.266698,-0.0787328,-0.960559,0.925416,0.299321,0.232406
0.696834,0.537713,1.19407,-0.061087,-0.983694,0.16916,0.373999,-0.179688,-0.909856,0.925415,0.00768522,0.378877
0.696834,0.455289,1.23938,-0.061087,-0.982226,-0.177485,0.373999,0.142338,-0.916441,0.925415,-0.122362,0.358656
0.696834,0.362336,1.25378,-0.061087,-0.862287,-0.502722,0.373999,0.447195,-0.812491,0.925415,-0.23765,0.295176
0.696834,0.270067,1.23551,-0.061087,-0.638344,-0.767324,0.373999,0.698114,-0.610542,0.925415,-0.324274,0.196094
0.696834,0.189609,1.18679,-0.061087,-0.337407,-0.939375,0.373999,0.86483,-0.334953,0.925415,-0.371786,0.0733597
0.696834,0.130669,1.11348,-0.061087,0.00422661,-0.998123,0.373999,0.927235,-0.018963,0.925415,-0.374455,-0.0582228
0.696834,0.100354,1.02444,-0.061087,0.34535,-0.936484,0.373999,0.877802,0.299314,0.925415,-0.33196,-0.182783
0.696834,0.102321,0.930402,-0.061087,0.644819,-0.76189,0.373999,0.722493,0.581489,0.925415,-0.249425,-0.285297
0.696834,0.136333,0.842707,-0.061087,0.866514,-0.495401,0.373999,0.48004,0.793528,0.925415,-0.136805,-0.353399
0.696834,0.198287,0.771932,-0.061087,0.983694,-0.16916,0.373999,0.179688,0.909856,0.925415,-0.00768522,-0.378877
0.696834,0.280711,0.726616,-0.061087,0.982226,0.177485,0.373999,-0.142338,0.916441,0.925415,0.122362,-0.358656
0.696834,0.373664,0.712224,-0.061087,0.862287,0.502722,0.373999,-0.447195,0.812491,0.925415,0.23765,-0.295176
0.696834,0.465933,0.730491,-0.061087,0.638344,0.767324,0.373999,-0.698114,0.610542,0.925415,0.324274,-0.196094
0.696834,0.546391,0.779214,-0.061087,0.337407,0.939375,0.373999,-0.86483,0.334953,0.925415,0.371786,-0.0733597
0.696834,0.605331,0.852517,-0.061087,-0.00422661,0.998123,0.373999,-0.927235,0.018963,0.925415,0.374455,0.0582228
0.696834,0.635646,0.941558,-0.061087,-0.34535,0.936484,0.373999,-0.877802,-0.299314,0.925415,0.33196,0.182783
0.696834,0.633679,1.0356,-0.061087,-0.644819,0.76189,0.373999,-0.722493,-0.581489,0.925415,0.249425,0.285297
0.696834,0.599667,1.12329,-0.061087,-0.866514,0.495401,0.373999,-0.48004,-0.793528,0.925415,0.136805,0.353399
0.696834,0.537713,1.19407,-0.061087,-0.983694,0.16916,0.373999,-0.179688,-0.909856,0.925415,0.00768522,0.378877
0.735794,0.633417,1.146,-0.384024,-0.913557,0.133935,0.43619,-0.307349,-0.845739,0.813796,-0.266363,0.516514
0.735794,0.56166,1.22695,-0.384024,-0.904272,-0.186597,0.43619,0.000445901,-0.899855,0.813796,-0.426958,0.394263
0.735794,0.466546,1.27847,-0.384024,-0.785917,-0.484623,0.43619,0.308187,-0.845434,0.813796,-0.536055,0.224458
0.735794,0.359545,1.29436,-0.384024,-0.57277,-0.724196,0.43619,0.578757,-0.689042,0.813796,-0.580496,0.0275799
0.735794,0.253564,1.27269,-0.384024,-0.290538,-0.876421,0.43619,0.77952,-0.449541,0.813796,-0.55492,-0.172625
0.735794,0.161386,1.21608,-0.384024,0.0267375,-0.922936,0.43619,0.886261,-0.155819,0.813796,-0.462414,-0.352008
0.735794,0.0941282,1.13136,-0.384024,0.340788,-0.858131,0.43619,0.886106,0.156697,0.813796,-0.314133,-0.488934
0.735794,0.0599037,1.02874,-0.384024,0.613734,-0.689823,0.43619,0.779074,0.450313,0.813796,-0.127963,-0.566887
0.735794,0.0628402,0.920607,-0.384024,0.812655,-0.438313,0.43619,0.578074,0.689615,0.813796,0.0736411,-0.576466
0.735794,0.102583,0.819998,-0.384024,0.913557,-0.133935,0.43619,0.307349,0.845739,0.813796,0.266363,-0.516514
0.735794,0.17434,0.739051,-0.384024,0.904272,0.186597,0.43619,-0.000445901,0.899855,0.813796,0.426958,-0.394263
0.735794,0.269454,0.687527,-0.384024,0.785917,0.484623,0.43619,-0.308187,0.845434,0.813796,0.536055,-0.224458
0.735794,0.376455,0.671642,-0.384024,0.57277,0.724196,0.43619,-0.578757,0.689042,0.813796,0.580496,-0.0275799
0.735794,0.482436,0.693311,-0.384024,0.290538,0.876421,0.43619,-0.77952,0.449541,0.813796,0.55492,0.172625
0.735794,0.574614,0.749921,-0.384024,-0.0267375,0.922936,0.43619,-0.886261,0.155819,0.813796,0.462414,0.352008
0.735794,0.641872,0.834643,-0.384024,-0.340788,0.858131,0.43619,-0.886106,-0.156697,0.813796,0.314133,0.488934
0.735794,0.676096,0.93726,-0.384024,-0.613734,0.689823,0.43619,-0.779074,-0.450313,0.813796,0.127963,0.566887
0.735794,0.67316,1.04539,-0.384024,-0.812655,0.438313,0.43619,-0.578074,-0.689615,0.813796,-0.0736411,0.576466
0.735794,0.633417,1.146,-0.384024,-0.913557,0.133935,0.43619,-0.307349,-0.845739,0.813796,-0.266363,0.516514
0.809034,0.711441,1.10681,-0.660642,-0.748949,0.0512624,0.44577,-0.44632,-0.775943,0.604021,-0.489769,0.628717
0.809034,0.648382,1.21681,-0.660642,-0.721315,-0.207985,0.44577,-0.154016,-0.881798,0.604021,-0.675266,0.42329
0.809034,0.551504,1.29861,-0.660642,-0.606679,-0.442146,0.44577,0.156865,-0.881296,0.604021,-0.779316,0.166808
0.809034,0.432494,1.34234,-0.660642,-0.418869,-0.622978,0.44577,0.448826,-0.774496,0.604021,-0.789369,-0.109794
0.809034,0.305704,1.34272,-0.660642,-0.180537,-0.728669,0.44577,0.686652,-0.574281,0.604021,-0.704213,-0.373153
0.809034,0.186428,1.29972,-0.660642,0.07957,-0.746472,0.44577,0.841657,-0.304798,0.604021,-0.534118,-0.591504
0.809034,0.0890528,1.21852,-0.660642,0.33008,-0.67424,0.44577,0.895146,0.00144686,0.604021,-0.2996,-0.738511
0.809034,0.0253224,1.10891,-0.660642,0.540777,-0.520684,0.44577,0.840668,0.307518,0.604021,-0.0289465,-0.796442
0.809034,0.00292392,0.984116,-0.660642,0.686249,-0.304327,0.44577,0.684792,0.576497,0.604021,0.245199,-0.758311
0.809034,0.0245591,0.859185,-0.660642,0.748949,-0.0512624,0.44577,0.44632,0.775943,0.604021,0.489769,-0.628717
0.809034,0.0876182,0.749188,-0.660642,0.721315,0.207985,0.44577,0.154016,0.881798,0.604021,0.675266,-0.42329
0.809034,0.184496,0.667393,-0.660642,0.606679,0.442146,0.44577,-0.156865,0.881296,0.604021,0.779316,-0.166808
0.809034,0.303506,0.623664,-0.660642,0.418869,0.622978,0.44577,-0.448826,0.774496,0.604021,0.789369,0.109794
0.809034,0.430296,0.623276,-0.660642,0.180537,0.728669,0.44577,-0.686652,0.574281,0.604021,0.704213,0.373153
0.809034,0.549572,0.666277,-0.660642,-0.07957,0.746472,0.44577,-0.841657,0.304798,0.604021,0.534118,0.591504
0.809034,0.646947,0.747479,-0.660642,-0.33008,0.67424,0.44577,-0.895146,-0.00144686,0.604021,0.2996,0.738511
0.809034,0.710678,0.857088,-0.660642,-0.540777,0.520684,0.44577,-0.840668,-0.307518,0.604021,0.0289465,0.796442
0.809034,0.733076,0.981884,-0.660642,-0.686249,0.304327,0.44577,-0.684792,-0.576497,0.604021,-0.245199,0.758311
0.809034,0.711441,1.10681,-0.660642,-0.748949,0.0512624,0.44577,-0.44632,-0.775943,0.604021,-0.489769,0.628717
0.90772,0.762375,1.08123,-0.857576,-0.509723,-0.0688859,0.401584,-0.579838,-0.708885,0.321392,-0.635587,0.701952
0.90772,0.704993,1.21019,-0.857576,-0.455422,-0.239067,0.401584,-0.302416,-0.864451,0.321392,-0.837338,0.442236
0.90772,0.606965,1.31175,-0.857576,-0.346191,-0.380413,0.401584,0.0114809,-0.91575,0.321392,-0.938094,0.129179
0.90772,0.480114,1.37366,-0.857576,-0.195204,-0.475876,0.401584,0.323994,-0.856597,0.321392,-0.925702,-0.199458
0.90772,0.339741,1.38844,-0.857576,-0.0206731,-0.513941,0.401584,0.597428,-0.694126,0.321392,-0.801656,-0.504038
0.90772,0.202776,1.35433,-0.857576,0.156352,-0.490017,0.401584,0.798804,-0.447932,0.321392,-0.580919,-0.747823
0.90772,0.0857395,1.27542,-0.857576,0.314518,-0.40699,0.401584,0.903832,-0.147712,0.321392,-0.290115,-0.90141
0.90772,0.00274778,1.16125,-0.857576,0.434749,-0.274874,0.401584,0.899844,0.170325,0.321392,0.0356817,-0.946274
0.90772,-0.0361892,1.02557,-0.857576,0.502543,-0.109604,0.401584,0.787323,0.467818,0.321392,0.357174,-0.877002
0.90772,-0.0263749,0.884766,-0.857576,0.509723,0.0688859,0.401584,0.579838,0.708885,0.321392,0.635587,-0.701952
0.90772,0.0310068,0.755806,-0.857576,0.455422,0.239067,0.401584,0.302416,0.864451,0.321392,0.837338,-0.442236
0.90772,0.129035,0.654249,-0.857576,0.346191,0.380413,0.401584,-0.0114809,0.91575,0.321392,0.938094,-0.129179
0.90772,0.255886,0.592344,-0.857576,0.195204,0.475876,0.401584,-0.323994,0.856597,0.321392,0.925702,0.199458
0.90772,0.396259,0.577558,-0.857576,0.0206731,0.513941,0.401584,-0.597428,0.694126,0.321392,0.801656,0.504038
0.90772,0.533224,0.611675,-0.857576,-0.156352,0.490017,0.401584,-0.798804,0.447932,0.321392,0.580919,0.747823
0.90772,0.65026,0.690578,-0.857576,-0.314518,0.40699,0.401584,-0.903832,0.147712,0.321392,0.290115,0.90141
0.90772,0.733252,0.804752,-0.857576,-0.434749,0.274874,0.401584,-0.899844,-0.170325,0.321392,-0.0356817,0.946274
0.90772,0.772189,0.940425,-0.857576,-0.502543,0.109604,0.401584,-0.787323,-0.467818,0.321392,-0.357174,0.877002
0.90772,0.762375,1.08123,-0.857576,-0.509723,-0.0688859,0.401584,-0.579838,-0.708885,0.321392,-0.635587,0.701952
0.883612,0.094303,1.2733,0.961642,-0.230141,-0.149266,-0.0812368,0.280807,-0.95632,0.262003,0.931763,0.251339
0.883612,0.011519,1.16219,0.961642,-0.16521,-0.218977,-0.0812368,0.590953,-0.802605,0.262003,0.789608,0.554864
0.883612,-0.0282681,1.02946,0.961642,-0.0803519,-0.262276,-0.0812368,0.829821,-0.552085,0.262003,0.552214,0.791463
0.883612,-0.0202594,0.891124,0.961642,0.0141975,-0.27394,-0.0812368,0.968601,-0.234974,0.262003,0.248215,0.9326
0.883612,0.0345792,0.763872,0.961642,0.107034,-0.252564,-0.0812368,0.990553,0.110477,0.262003,-0.0857221,0.961252
0.883612,0.129633,0.66305,0.961642,0.186961,-0.200725,-0.0812368,0.89303,0.442604,0.262003,-0.40932,0.873963
0.883612,0.253438,0.600819,0.961642,0.244338,-0.124675,-0.0812368,0.687794,0.721346,0.262003,-0.683548,0.681261
0.883612,0.39106,0.584685,0.961642,0.272244,-0.0335875,-0.0812368,0.3996,0.913083,0.262003,-0.87533,0.406389
0.883612,0.525901,0.616593,0.961642,0.267313,0.061551,-0.0812368,0.0632089,0.994689,0.262003,-0.961534,0.0825
0.883612,0.641697,0.692696,0.961642,0.230141,0.149266,-0.0812368,-0.280807,0.95632,0.262003,-0.931763,-0.251339
0.883612,0.724481,0.803813,0.961642,0.16521,0.218977,-0.0812368,-0.590953,0.802605,0.262003,-0.789608,-0.554864
0.883612,0.764268,0.936543,0.961642,0.0803519,0.262276,-0.0812368,-0.829821,0.552085,0.262003,-0.552214,-0.791463
0.883612,0.756259,1.07488,0.961642,-0.0141975,0.27394,-0.0812368,-0.968601,0.234974,0.262003,-0.248215,-0.9326
0.883612,0.701421,1.20213,0.961642,-0.107034,0.252564,-0.0812368,-0.990553,-0.110477,0.262003,0.0857221,-0.961252
0.883612,0.606367,1.30295,0.961642,-0.186961,0.200725,-0.0812368,-0.89303,-0.442604,0.262003,0.40932,-0.873963
0.883612,0.482562,1.36518,0.961642,-0.244338,0.124675,-0.0812368,-0.687794,-0.721346,0.262003,0.683548,-0.681261
0.883612,0.34494,1.38132,0.961642,-0.272244,0.0335875,-0.0812368,-0.3996,-0.913083,0.262003,0.87533,-0.406389
0.883612,0.210099,1.34941,0.961642,-0.267313,-0.061551,-0.0812368,-0.0632089,-0.994689,0.262003,0.961534,-0.0825
0.883612,0.094303,1.2733,0.961642,-0.230141,-0.149266,-0.0812368,0.280807,-0.95632,0.262003,0.931763,0.251339
0.763622,0.156191,1.24222,0.856221,-0.516582,-0.00540413,0.156285,0.268981,-0.950381,0.492403,0.812891,0.311041
0.763622,0.0803058,1.15415,0.856221,-0.48358,-0.18176,0.156285,0.577809,-0.801069,0.492403,0.657485,0.570309
0.763622,0.0391206,1.04543,0.856221,-0.392251,-0.336192,0.156285,0.816945,-0.555136,0.492403,0.422777,0.760788
0.763622,0.037603,0.929179,0.856221,-0.253611,-0.450075,0.156285,0.957545,-0.242246,0.492403,0.137076,0.859505
0.763622,0.0759363,0.819422,0.856221,-0.0843815,-0.509672,0.156285,0.982651,0.0998628,0.492403,-0.165159,0.854553
0.763622,0.149497,0.729396,0.856221,0.0950255,-0.507796,0.156285,0.889234,0.429927,0.492403,-0.447473,0.74653
0.763622,0.249412,0.669957,0.856221,0.262971,-0.444671,0.156285,0.688564,0.708135,0.492403,-0.675815,0.548464
0.763622,0.36363,0.648277,0.856221,0.399198,-0.327913,0.156285,0.404842,0.900932,0.492403,-0.822644,0.284245
0.763622,0.478376,0.666968,0.856221,0.487277,-0.171603,0.156285,0.0722899,0.985063,0.492403,-0.87025,-0.0142582
0.763622,0.579809,0.723778,0.856221,0.516582,0.00540413,0.156285,-0.268981,0.950381,0.492403,-0.812891,-0.311041
0.763622,0.655694,0.811854,0.856221,0.48358,0.18176,0.156285,-0.577809,0.801069,0.492403,-0.657485,-0.570309
0.763622,0.696879,0.920573,0.856221,0.392251,0.336192,0.156285,-0.816945,0.555136,0.492403,-0.422777,-0.760788
0.763622,0.698397,1.03682,0.856221,0.253611,0.450075,0.156285,-0.957545,0.242246,0.492403,-0.137076,-0.859505
0.763622,0.660064,1.14658,0.856221,0.0843815,0.509672,0.156285,-0.982651,-0.0998628,0.492403,0.165159,-0.854553
0.763622,0.586503,1.2366,0.856221,-0.0950255,0.507796,0.156285,-0.889234,-0.429927,0.492403,0.447473,-0.74653
0.763622,0.486588,1.29604,0.856221,-0.262971,0.444671,0.156285,-0.688564,-0.708135,0.492403,0.675815,-0.548464
0.763622,0.37237,1.31772,0.856221,-0.399198,0.327913,0.156285,-0.404842,-0.900932,0.492403,0.822644,-0.284245
0.763622,0.257624,1.29903,0.856221,-0.487277,0.171603,0.156285,-0.0722899,-0.985063,0.492403,0.87025,0.0142582
0.763622,0.156191,1.24222,0.856221,-0.516582,-0.00540413,0.156285,0.268981,-0.950381,0.492403,0.812891,0.311041
0.674556,0.25102,1.19459,0.647527,-0.753528,0.113599,0.374957,0.185273,-0.90834,0.663413,0.630769,0.40251
0.674556,0.185705,1.14182,0.647527,-0.746938,-0.150974,0.374957,0.48477,-0.790193,0.663413,0.455062,0.593971
0.674556,0.142378,1.0699,0.647527,-0.650256,-0.397337,0.374957,0.725797,-0.576737,0.663413,0.224469,0.713791
0.674556,0.126264,0.98749,0.647527,-0.475144,-0.595775,0.374957,0.879282,-0.293719,0.663413,-0.0331995,0.747517
0.674556,0.139306,0.904541,0.647527,-0.242722,-0.722354,0.374957,0.926712,0.0247268,0.663413,-0.286863,0.691081
0.674556,0.179933,0.831055,0.647527,0.0189756,-0.761807,0.374957,0.862368,0.34019,0.663413,-0.505927,0.551291
0.674556,0.243243,0.775895,0.647527,0.278384,-0.709374,0.374957,0.694009,0.614621,0.663413,-0.663968,0.345007
0.674556,0.321601,0.745716,0.647527,0.504216,-0.57138,0.374957,0.441942,0.81492,0.663413,-0.741925,0.0971098
0.674556,0.405555,0.744156,0.647527,0.669232,-0.36447,0.374957,0.136571,0.916927,0.663413,-0.730395,-0.1625
0.674556,0.48498,0.771405,0.647527,0.753528,-0.113599,0.374957,-0.185273,0.90834,0.663413,-0.630769,-0.40251
0.674556,0.550295,0.824175,0.647527,0.746938,0.150974,0.374957,-0.48477,0.790193,0.663413,-0.455062,-0.593971
0.674556,0.593622,0.896102,0.647527,0.650256,0.397337,0.374957,-0.725797,0.576737,0.663413,-0.224469,-0.713791
0.674556,0.609736,0.97851,0.647527,0.475144,0.595775,0.374957,-0.879282,0.293719,0.663413,0.0331995,-0.747517
0.674556,0.596694,1.06146,0.647527,0.242722,0.722354,0.374957,-0.926712,-0.0247268,0.663413,0.286863,-0.691081
0.674556,0.556067,1.13495,0.647527,-0.0189756,0.761807,0.374957,-0.862368,-0.34019,0.663413,0.505927,-0.551291
0.674556,0.492757,1.1901,0.647527,-0.278384,0.709374,0.374957,-0.694009,-0.614621,0.663413,0.663968,-0.345007
0.674556,0.414399,1.22028,0.647527,-0.504216,0.57138,0.374957,-0.441942,-0.81492,0.663413,0.741925,-0.0971098
0.674556,0.330445,1.22184,0.647527,-0.669232,0.36447,0.374957,-0.136571,-0.916927,0.663413,0.730395,0.1625
0.674556,0.25102,1.19459,0.647527,-0.753528,0.113599,0.374957,0.185273,-0.90834,0.663413,0.630769,0.40251
0.627155,0.367353,1.13617,0.360731,-0.9124,0.19339,0.548404,0.0397786,-0.835267,0.754404,0.407363,0.514713
0.627155,0.315005,1.12671,0.360731,-0.923519,-0.130332,0.548404,0.323058,-0.771289,0.754404,0.206754,0.622998
0.627155,0.26905,1.09992,0.360731,-0.823248,-0.438334,0.548404,0.567371,-0.614282,0.754404,-0.018793,0.656141
0.627155,0.235029,1.05902,0.360731,-0.623681,-0.693466,0.548404,0.743252,-0.383184,0.754404,-0.242073,0.610143
0.627155,0.217046,1.00896,0.360731,-0.348889,-0.864956,0.548404,0.829485,-0.105868,0.754404,-0.436155,0.490553
0.627155,0.217271,0.955765,0.360731,-0.0320156,-0.93212,0.548404,0.81567,0.184217,0.754404,-0.577631,0.311795
0.627155,0.235676,0.905856,0.360731,0.288719,-0.886856,0.548404,0.703473,0.452083,0.754404,-0.649436,0.0954302
0.627155,0.270041,0.86525,0.360731,0.57463,-0.734625,0.548404,0.506427,0.665421,0.754404,-0.642909,-0.132445
0.627155,0.316221,0.838848,0.360731,0.791232,-0.493786,0.548404,0.248298,0.798499,0.754404,-0.558838,-0.344346
0.627155,0.368647,0.829832,0.360731,0.9124,-0.19339,0.548404,-0.0397786,0.835267,0.754404,-0.407363,-0.514713
0.627155,0.420995,0.83929,0.360731,0.923519,0.130332,0.548404,-0.323058,0.771289,0.754404,-0.206754,-0.622998
0.627155,0.46695,0.866082,0.360731,0.823248,0.438334,0.548404,-0.567371,0.614282,0.754404,0.018793,-0.656141
0.627155,0.500971,0.906976,0.360731,0.623681,0.693466,0.548404,-0.743252,0.383184,0.754404,0.242073,-0.610143
0.627155,0.518954,0.95704,0.360731,0.348889,0.864956,0.548404,-0.829485,0.105868,0.754404,0.436155,-0.490553
0.627155,0.518729,1.01023,0.360731,0.0320156,0.93212,0.548404,-0.81567,-0.184217,0.754404,0.577631,-0.311795
0.627155,0.500324,1.06014,0.360731,-0.288719,0.886856,0.548404,-0.703473,-0.452083,0.754404,0.649436,-0.0954302
0.627155,0.465959,1.10075,0.360731,-0.57463,0.734625,0.548404,-0.506427,-0.665421,0.754404,0.642909,0.132445
0.627155,0.419779,1.12715,0.360731,-0.791232,0.493786,0.548404,-0.248298,-0.798499,0.754404,0.558838,0.344346
0.627155,0.367353,1.13617,0.360731,-0.9124,0.19339,0.548404,0.0397786,-0.835267,0.754404,0.407363,0.514713
0.627137,0.491157,1.07399,0.0304265,-0.974035,0.224346,0.655705,-0.149953,-0.739977,0.754404,0.169619,0.634116
0.627137,0.45261,1.11062,0.0304265,-0.992024,-0.122324,0.655705,0.112177,-0.746638,0.754404,-0.0574906,0.653888
0.627137,0.403857,1.13187,0.0304265,-0.89036,-0.454239,0.655705,0.360777,-0.663243,0.754404,-0.277666,0.594791
0.627137,0.35078,1.13515,0.0304265,-0.681306,-0.731366,0.655705,0.565862,-0.499852,0.754404,-0.464351,0.463953
0.627137,0.299779,1.12009,0.0304265,-0.390077,-0.92028,0.655705,0.702696,-0.276171,0.754404,-0.595029,0.277156
0.627137,0.257007,1.08849,0.0304265,-0.0517979,-0.998194,0.655705,0.754774,-0.0191795,0.754404,-0.653937,0.0569293
0.627137,0.227622,1.04416,0.0304265,0.292728,-0.955711,0.655705,0.715815,0.240125,0.754404,-0.633971,-0.170164
0.627137,0.215169,0.992462,0.0304265,0.601947,-0.797956,0.655705,0.590519,0.470467,0.754404,-0.537538,-0.376732
0.627137,0.22115,0.93962,0.0304265,0.838562,-0.543955,0.655705,0.393997,0.644064,0.754404,-0.376271,-0.537861
0.627137,0.244843,0.892011,0.0304265,0.974035,-0.224346,0.655705,0.149953,0.739977,0.754404,-0.169619,-0.634116
0.627137,0.28339,0.855376,0.0304265,0.992024,0.122324,0.655705,-0.112177,0.746638,0.754404,0.0574906,-0.653888
0.627137,0.332143,0.834134,0.0304265,0.89036,0.454239,0.655705,-0.360777,0.663243,0.754404,0.277666,-0.594791
0.627137,0.38522,0.830848,0.0304265,0.681306,0.731366,0.655705,-0.565862,0.499852,0.754404,0.464351,-0.463953
0.627137,0.436221,0.845914,0.0304265,0.390077,0.92028,0.655705,-0.702696,0.276171,0.754404,0.595029,-0.277156
0.627137,0.478993,0.877514,0.0304265,0.0517979,0.998194,0.655705,-0.754774,0.0191795,0.754404,0.653937,-0.0569293
0.627137,0.508378,0.921837,0.0304265,-0.292728,0.955711,0.655705,-0.715815,-0.240125,0.754404,0.633971,0.170164
0.627137,0.520831,0.973538,0.0304265,-0.601947,0.797956,0.655705,-0.590519,-0.470467,0.754404,0.537538,0.376732
0.627137,0.51485,1.02638,0.0304265,-0.838562,0.543955,0.655705,-0.393997,-0.644064,0.754404,0.376271,0.537861
0.627137,0.491157,1.07399,0.0304265,-0.974035,0.224346,0.655705,-0.149953,-0.739977,0.754404,0.169619,0.634116
0.674504,0.607501,1.01556,-0.303548,-0.930999,0.202731,0.683918,-0.361038,-0.633962,0.663411,-0.0537864,0.746319
0.674504,0.581922,1.09551,-0.303548,-0.944191,-0.127915,0.683918,-0.122437,-0.719212,0.663411,-0.305799,0.682915
0.674504,0.530541,1.16189,-0.303548,-0.8435,-0.443133,0.683918,0.130932,-0.717714,0.663411,-0.520927,0.53714
0.674504,0.459555,1.20669,-0.303548,-0.64107,-0.704903,0.683918,0.368508,-0.629649,0.663411,-0.673225,0.326579
0.674504,0.377526,1.22452,-0.303548,-0.361318,-0.881651,0.683918,0.561637,-0.465639,0.663411,-0.744321,0.0766277
0.674504,0.294349,1.21321,-0.303548,-0.0379852,-0.952059,0.683918,0.687024,-0.245467,0.663411,-0.725641,-0.182566
0.674504,0.220054,1.17414,-0.303548,0.289929,-0.907634,0.683918,0.729546,0.0043128,0.663411,-0.619438,-0.41974
0.674504,0.163604,1.11201,-0.303548,0.582873,-0.753736,0.683918,0.684074,0.253572,0.663411,-0.438522,-0.606287
0.674504,0.131808,1.03432,-0.303548,0.805514,-0.508925,0.683918,0.556093,0.472247,0.663411,-0.204714,-0.719707
0.674504,0.128499,0.950443,-0.303548,0.930999,-0.202731,0.683918,0.361038,0.633962,0.663411,0.0537864,-0.746319
0.674504,0.154078,0.870492,-0.303548,0.944191,0.127915,0.683918,0.122437,0.719212,0.663411,0.305799,-0.682915
0.674504,0.205459,0.804112,-0.303548,0.8435,0.443133,0.683918,-0.130932,0.717714,0.663411,0.520927,-0.53714
0.674504,0.276445,0.759308,-0.303548,0.64107,0.704903,0.683918,-0.368508,0.629649,0.663411,0.673225,-0.326579
0.674504,0.358474,0.741484,-0.303548,0.361318,0.881651,0.683918,-0.561637,0.465639,0.663411,0.744321,-0.0766277
0.674504,0.441651,0.752791,-0.303548,0.0379852,0.952059,0.683918,-0.687024,0.245467,0.663411,0.725641,0.182566
0.674504,0.515946,0.791865,-0.303548,-0.289929,0.907634,0.683918,-0.729546,-0.0043128,0.663411,0.619438,0.41974
0.674504,0.572396,0.853992,-0.303548,-0.582873,0.753736,0.683918,-0.684074,-0.253572,0.663411,0.438522,0.606287
0.674504,0.604192,0.93168,-0.303548,-0.805514,0.508925,0.683918,-0.556093,-0.472247,0.663411,0.204714,0.719707
0.674504,0.607501,1.01556,-0.303548,-0.930999,0.202731,0.683918,-0.361038,-0.633962,0.663411,-0.0537864,0.746319
0.763543,0.702351,0.96792,-0.60091,-0.788483,0.131155,0.629641,-0.568016,-0.53001,0.492402,-0.235908,0.837788
0.763543,0.687345,1.08318,-0.60091,-0.785789,-0.146432,0.629641,-0.352486,-0.692319,0.492402,-0.508222,0.706577
0.763543,0.633821,1.18636,-0.60091,-0.688317,-0.406357,0.629641,-0.0944417,-0.771125,0.492402,-0.719236,0.490144
0.763543,0.548235,1.26502,-0.60091,-0.507825,-0.617269,0.629641,0.174994,-0.756921,0.492402,-0.843499,0.214591
0.763543,0.44091,1.30965,-0.60091,-0.266081,-0.753729,0.629641,0.423323,-0.651422,0.492402,-0.866025,-0.086844
0.763543,0.324792,1.31489,-0.60091,0.00775659,-0.799279,0.629641,0.620593,-0.467351,0.492402,-0.784095,-0.377805
0.763543,0.213884,1.2801,-0.60091,0.280658,-0.748423,0.629641,0.74301,-0.226911,0.492402,-0.607591,-0.623196
0.763543,0.121566,1.20947,-0.60091,0.519708,-0.607297,0.629641,0.775809,0.0408975,0.492402,-0.357803,-0.793421
0.763543,0.0589705,1.11153,-0.60091,0.696074,-0.392922,0.629641,0.715035,0.303773,0.492402,-0.0648589,-0.867948
0.763543,0.033649,0.99808,-0.60091,0.788483,-0.131155,0.629641,0.568016,0.53001,0.492402,0.235908,-0.837788
0.763543,0.0486551,0.882816,-0.60091,0.785789,0.146432,0.629641,0.352486,0.692319,0.492402,0.508222,-0.706577
0.763543,0.102179,0.779635,-0.60091,0.688317,0.406357,0.629641,0.0944417,0.771125,0.492402,0.719236,-0.490144
0.763543,0.187765,0.700984,-0.60091,0.507825,0.617269,0.629641,-0.174994,0.756921,0.492402,0.843499,-0.214591
0.763543,0.29509,0.656347,-0.60091,0.266081,0.753729,0.629641,-0.423323,0.651422,0.492402,0.866025,0.086844
0.763543,0.411208,0.65111,-0.60091,-0.00775659,0.799279,0.629641,-0.620593,0.467351,0.492402,0.784095,0.377805
0.763543,0.522116,0.685904,-0.60091,-0.280658,0.748423,0.629641,-0.74301,0.226911,0.492402,0.607591,0.623196
0.763543,0.614434,0.756531,-0.60091,-0.519708,0.607297,0.629641,-0.775809,-0.0408975,0.492402,0.357803,0.793421
0.763543,0.677029,0.854475,-0.60091,-0.696074,0.392922,0.629641,-0.715035,-0.303773,0.492402,0.0648589,0.867948
0.763543,0.702351,0.96792,-0.60091,-0.788483,0.131155,0.629641,-0.568016,-0.53001,0.492402,-0.235908,0.837788
0.883514,0.764267,0.936823,-0.825794,-0.563676,0.0182484,0.499419,-0.745922,-0.440659,0.262001,-0.35478,0.897489
0.883514,0.756163,1.07514,-0.825794,-0.535924,-0.175641,0.499419,-0.550224,-0.669204,0.262001,-0.640343,0.722022
0.883514,0.70124,1.20234,-0.825794,-0.443531,-0.348345,0.499419,-0.28816,-0.817034,0.262001,-0.848672,0.459469
0.883514,0.606124,1.30309,-0.825794,-0.297642,-0.479034,0.499419,0.00866042,-0.866317,0.262001,-0.954638,0.141496
0.883514,0.482286,1.36523,-0.825794,-0.115853,-0.551944,0.499419,0.304436,-0.81111,0.262001,-0.945461,-0.193543
0.883514,0.344664,1.38127,-0.825794,0.0799102,-0.558282,0.499419,0.563492,-0.658071,0.262001,-0.822247,-0.505237
0.883514,0.209857,1.34927,-0.825794,0.266035,-0.497282,0.499419,0.754583,-0.425658,0.262001,-0.599859,-0.755993
0.883514,0.0941235,1.27309,-0.825794,0.420071,-0.376303,0.499419,0.85466,-0.141906,0.262001,-0.305118,-0.915565
0.883514,0.011424,1.16192,-0.825794,0.523441,-0.209937,0.499419,0.851652,0.158963,0.262001,0.0264246,-0.964706
0.883514,-0.0282672,1.02918,-0.825794,0.563676,-0.0182484,0.499419,0.745922,0.440659,0.262001,0.35478,-0.897489
0.883514,-0.0201627,0.890861,-0.825794,0.535924,0.175641,0.499419,0.550224,0.669204,0.262001,0.640343,-0.722022
0.883514,0.0347599,0.763658,-0.825794,0.443531,0.348345,0.499419,0.28816,0.817034,0.262001,0.848672,-0.459469
0.883514,0.129876,0.662911,-0.825794,0.297642,0.479034,0.499419,-0.00866042,0.866317,0.262001,0.954638,-0.141496
0.883514,0.253714,0.600772,-0.825794,0.115853,0.551944,0.499419,-0.304436,0.81111,0.262001,0.945461,0.193543
0.883514,0.391336,0.584735,-0.825794,-0.0799102,0.558282,0.499419,-0.563492,0.658071,0.262001,0.822247,0.505237
0.883514,0.526143,0.616734,-0.825794,-0.266035,0.497282,0.499419,-0.754583,0.425658,0.262001,0.599859,0.755993
0.883514,0.641876,0.692911,-0.825794,-0.420071,0.376303,0.499419,-0.85466,0.141906,0.262001,0.305118,0.915565
0.883514,0.724576,0.804077,-0.825794,-0.523441,0.209937,0.499419,-0.851652,-0.158963,0.262001,-0.0264246,0.964706
0.883514,0.764267,0.936823,-0.825794,-0.563676,0.0182484,0.499419,-0.745922,-0.440659,0.262001,-0.35478,0.897489
0.875863,0.0103455,1.15358,0.985232,-0.135332,-0.1049,-0.00862081,0.572657,-0.81975,0.17101,0.808548,0.563033
0.875863,-0.0264256,1.02096,0.985232,-0.0912921,-0.14486,-0.00862081,0.818493,-0.574452,0.17101,0.567218,0.805618
0.875863,-0.0156231,0.883772,0.985232,-0.0362414,-0.167348,-0.00862081,0.965606,-0.259868,0.17101,0.257473,0.951033
0.875863,0.0414501,0.75855,0.985232,0.0231806,-0.169651,-0.00862081,0.996253,0.0860607,0.17101,-0.0833272,0.981739
0.875863,0.13791,0.660399,0.985232,0.0798067,-0.151491,-0.00862081,0.906737,0.421609,0.17101,-0.414077,0.894034
0.875863,0.262122,0.601159,0.985232,0.126807,-0.11506,-0.00862081,0.707855,0.706305,0.17101,-0.694882,0.698494
0.875863,0.399105,0.587974,0.985232,0.158512,-0.0647504,-0.00862081,0.423596,0.90581,0.17101,-0.891875,0.418706
0.875863,0.532335,0.622436,0.985232,0.171099,-0.0066311,-0.00862081,0.0882442,0.996062,0.17101,-0.981294,0.088416
0.875863,0.645745,0.700386,0.985232,0.163048,0.052288,-0.00862081,-0.257751,0.966173,0.17101,-0.952355,-0.252539
0.875863,0.725655,0.812425,0.985232,0.135332,0.1049,-0.00862081,-0.572657,0.81975,0.17101,-0.808548,-0.563033
0.875863,0.762426,0.945037,0.985232,0.0912921,0.14486,-0.00862081,-0.818493,0.574452,0.17101,-0.567218,-0.805618
0.875863,0.751623,1.08223,0.985232,0.0362414,0.167348,-0.00862081,-0.965606,0.259868,0.17101,-0.257473,-0.951033
0.875863,0.69455,1.20745,0.985232,-0.0231806,0.169651,-0.00862081,-0.996253,-0.0860607,0.17101,0.0833272,-0.981739
0.875863,0.59809,1.3056,0.985232,-0.0798067,0.151491,-0.00862081,-0.906737,-0.421609,0.17101,0.414077,-0.894034
0.875863,0.473878,1.36484,0.985232,-0.126807,0.11506,-0.00862081,-0.707855,-0.706305,0.17101,0.694882,-0.698494
0.875863,0.336895,1.37803,0.985232,-0.158512,0.0647504,-0.00862081,-0.423596,-0.90581,0.17101,0.891875,-0.418706
0.875863,0.203665,1.34356,0.985232,-0.171099,0.0066311,-0.00862081,-0.0882442,-0.996062,0.17101,0.981294,-0.088416
0.875863,0.0902549,1.26561,0.985232,-0.163048,-0.052288,-0.00862081,0.257751,-0.966173,0.17101,0.952355,0.252539
0.875863,0.0103455,1.15358,0.985232,-0.135332,-0.1049,-0.00862081,0.572657,-0.81975,0.17101,0.808548,0.563033
0.749059,0.0757496,1.12073,0.900555,-0.432476,0.0443363,0.292759,0.527885,-0.797264,0.321393,0.730959,0.602001
0.749059,0.046269,1.01247,0.900555,-0.421558,-0.106253,0.292759,0.76873,-0.568635,0.321393,0.480981,0.815699
0.749059,0.0555939,0.90065,0.900555,-0.359795,-0.244026,0.292759,0.916855,-0.271421,0.321393,0.172989,0.931011
0.749059,0.1026,0.798767,0.900555,-0.254634,-0.352367,0.292759,0.954393,0.0585303,0.321393,-0.155868,0.93403
0.749059,0.181617,0.719106,0.900555,-0.118761,-0.418207,0.292759,0.876818,0.381422,0.321393,-0.465925,0.824391
0.749059,0.283114,0.671273,0.900555,0.0314359,-0.433604,0.292759,0.693485,0.658309,0.321393,-0.719785,0.615318
0.749059,0.39485,0.66104,0.900555,0.177842,-0.396703,0.292759,0.426508,0.855794,0.321393,-0.886828,0.332029
0.749059,0.503348,0.68964,0.900555,0.302797,-0.311954,0.292759,0.108088,0.950058,0.321393,-0.946906,0.00869235
0.749059,0.59552,0.753623,0.900555,0.39123,-0.189578,0.292759,-0.22337,0.92973,0.321393,-0.892774,-0.315693
0.749059,0.66025,0.845273,0.900555,0.432476,-0.0443363,0.292759,-0.527885,0.797264,0.321393,-0.730959,-0.602001
0.749059,0.689731,0.953534,0.900555,0.421558,0.106253,0.292759,-0.76873,0.568635,0.321393,-0.480981,-0.815699
0.749059,0.680406,1.06535,0.900555,0.359795,0.244026,0.292759,-0.916855,0.271421,0.321393,-0.172989,-0.931011
0.749059,0.6334,1.16723,0.900555,0.254634,0.352367,0.292759,-0.954393,-0.0585303,0.321393,0.155868,-0.93403
0.749059,0.554383,1.24689,0.900555,0.118761,0.418207,0.292759,-0.876818,-0.381422,0.321393,0.465925,-0.824391
0.749059,0.452886,1.29473,0.900555,-0.0314359,0.433604,0.292759,-0.693485,-0.658309,0.321393,0.719785,-0.615318
0.749059,0.34115,1.30496,0.900555,-0.177842,0.396703,0.292759,-0.426508,-0.855794,0.321393,0.886828,-0.332029
0.749059,0.232652,1.27636,0.900555,-0.302797,0.311954,0.292759,-0.108088,-0.950058,0.321393,0.946906,-0.00869235
0.749059,0.14048,1.21238,0.900555,-0.39123,0.189578,0.292759,0.22337,-0.92973,0.321393,0.892774,0.315693
0.749059,0.0757496,1.12073,0.900555,-0.432476,0.0443363,0.292759,0.527885,-0.797264,0.321393,0.730959,0.602001
0.654934,0.175965,1.07039,0.707258,-0.685819,0.171575,0.558827,0.393701,-0.729871,0.433011,0.612088,0.661703
0.654934,0.157656,0.999445,0.707258,-0.703142,-0.0733364,0.558827,0.619588,-0.551201,0.433011,0.348859,0.831143
0.654934,0.164717,0.926511,0.707258,-0.635654,-0.309402,0.558827,0.770744,-0.306048,0.433011,0.0435523,0.900336
0.654934,0.196297,0.860391,0.707258,-0.491498,-0.50815,0.558827,0.828937,-0.0239809,0.433011,-0.267007,0.860935
0.654934,0.248586,0.809059,0.707258,-0.28806,-0.645607,0.558827,0.787148,0.260979,0.433011,-0.545362,0.717692
0.654934,0.315279,0.778707,0.707258,-0.049877,-0.705194,0.558827,0.650417,0.51446,0.433011,-0.757938,0.487885
0.654934,0.388331,0.772996,0.707258,0.194321,-0.679725,0.558827,0.435237,0.70589,0.433011,-0.879095,0.199232
0.654934,0.458931,0.792614,0.707258,0.415082,-0.57227,0.558827,0.16756,0.81218,0.433011,-0.894221,-0.113451
0.654934,0.518563,0.835196,0.707258,0.585777,-0.395792,0.558827,-0.120327,0.820508,0.433011,-0.80149,-0.412451
0.654934,0.560035,0.895605,0.707258,0.685819,-0.171575,0.558827,-0.393701,0.729871,0.433011,-0.612088,-0.661703
0.654934,0.578344,0.966555,0.707258,0.703142,0.0733364,0.558827,-0.619588,0.551201,0.433011,-0.348859,-0.831143
0.654934,0.571283,1.03949,0.707258,0.635654,0.309402,0.558827,-0.770744,0.306048,0.433011,-0.0435523,-0.900336
0.654934,0.539703,1.10561,0.707258,0.491498,0.50815,0.558827,-0.828937,0.0239809,0.433011,0.267007,-0.860935
0.654934,0.487414,1.15694,0.707258,0.28806,0.645607,0.558827,-0.787148,-0.260979,0.433011,0.545362,-0.717692
0.654934,0.420721,1.18729,0.707258,0.049877,0.705194,0.558827,-0.650417,-0.51446,0.433011,0.757938,-0.487885
0.654934,0.347669,1.193,0.707258,-0.194321,0.679725,0.558827,-0.435237,-0.70589,0.433011,0.879095,-0.199232
0.654934,0.277069,1.17339,0.707258,-0.415082,0.57227,0.558827,-0.16756,-0.81218,0.433011,0.894221,0.113451
