0.658953,0.446948,1.18346,0.308961,0.840548,-0.444996,0.951075,-0.273057,0.144556,-3.49349e-06,-0.467887,-0.883788
0.907818,0.196355,1.3693,0.92986,-0.335567,-0.150851,-0.179072,-0.0546186,-0.982319,0.321394,0.940432,-0.110878
0.907818,0.0759346,1.29564,0.92986,-0.263736,-0.256524,-0.179072,0.284648,-0.941758,0.321394,0.921639,0.217455
0.907818,-0.0120327,1.18524,0.92986,-0.160094,-0.331257,-0.179072,0.589582,-0.787608,0.321394,0.791684,0.51956
0.907818,-0.0569366,1.05142,0.92986,-0.0371427,-0.366035,-0.179072,0.823404,-0.53846,0.321394,0.566239,0.758998
0.907818,-0.0533611,0.910304,0.92986,0.0902887,-0.356664,-0.179072,0.957911,-0.224367,0.321394,0.272498,0.90689
0.907818,-0.00173724,0.778923,0.92986,0.20683,-0.304274,-0.179072,0.976879,0.116789,0.321394,-0.0541103,0.945398
0.907818,0.0917082,0.673122,0.92986,0.298424,-0.215184,-0.179072,0.878022,0.443858,0.321394,-0.374192,0.869877
0.907818,0.215704,0.605661,0.92986,0.354024,-0.10014,-0.179072,0.673263,0.717392,0.321394,-0.649141,0.689436
0.907818,0.355295,0.584678,0.92986,0.366924,0.0269829,-0.179072,0.387297,0.904397,0.321394,-0.845794,0.425838
0.907818,0.493645,0.612704,0.92986,0.335567,0.150851,-0.179072,0.0546186,0.982319,0.321394,-0.940432,0.110878
0.907818,0.614065,0.686357,0.92986,0.263736,0.256524,-0.179072,-0.284648,0.941758,0.321394,-0.921639,-0.217455
0.907818,0.702033,0.796755,0.92986,0.160094,0.331257,-0.179072,-0.589582,0.787608,0.321394,-0.791684,-0.51956
0.907818,0.746937,0.930582,0.92986,0.0371427,0.366035,-0.179072,-0.823404,0.53846,0.321394,-0.566239,-0.758998
0.907818,0.743361,1.0717,0.92986,-0.0902887,0.356664,-0.179072,-0.957911,0.224367,0.321394,-0.272498,-0.90689
0.907818,0.691737,1.20308,0.92986,-0.20683,0.304274,-0.179072,-0.976879,-0.116789,0.321394,0.0541103,-0.945398
0.907818,0.598292,1.30888,0.92986,-0.298424,0.215184,-0.179072,-0.878022,-0.443858,0.321394,0.374192,-0.869877
0.907818,0.474296,1.37634,0.92986,-0.354024,0.10014,-0.179072,-0.673263,-0.717392,0.321394,0.649141,-0.689436
0.907818,0.334705,1.39732,0.92986,-0.366924,-0.0269829,-0.179072,-0.387297,-0.904397,0.321394,0.845794,-0.425838
0.907818,0.196355,1.3693,0.92986,-0.335567,-0.150851,-0.179072,-0.0546186,-0.982319,0.321394,0.940432,-0.110878
0.809114,0.246701,1.34264,0.796489,-0.604594,-0.00842514,-0.0275851,-0.022414,-0.999368,0.604023,0.796219,-0.0345303
0.809114,0.13236,1.28782,0.796489,-0.565251,-0.2147,-0.0275851,0.320742,-0.946765,0.604023,0.760011,0.239875
0.809114,0.0436668,1.19719,0.796489,-0.45773,-0.395079,-0.0275851,0.625211,-0.779968,0.604023,0.632134,0.485348
0.809114,-0.00868121,1.08169,0.796489,-0.295,-0.527806,-0.0275851,0.854271,-0.519095,0.604023,0.428013,0.67228
0.809114,-0.01837,0.955256,0.796489,-0.0966895,-0.596872,-0.0275851,0.980293,-0.195612,0.604023,0.172268,0.778126
0.809114,0.015769,0.833132,0.796489,0.113284,-0.593946,-0.0275851,0.988078,0.151465,0.604023,-0.104256,0.790118
0.809114,0.0896181,0.730049,0.796489,0.309593,-0.519381,-0.0275851,0.876685,0.480273,0.604023,-0.368205,0.706811
0.809114,0.19427,0.65844,0.796489,0.468561,-0.382171,-0.0275851,0.659552,0.751153,0.604023,-0.587743,0.538251
0.809114,0.317102,0.626944,0.796489,0.571014,-0.198866,-0.0275851,0.362866,0.931433,0.604023,-0.736391,0.304771
0.809114,0.443299,0.639357,0.796489,0.604594,0.00842514,-0.0275851,0.022414,0.999368,0.604023,-0.796219,0.0345303
0.809114,0.55764,0.694184,0.796489,0.565251,0.2147,-0.0275851,-0.320742,0.946765,0.604023,-0.760011,-0.239875
0.809114,0.646333,0.784812,0.796489,0.45773,0.395079,-0.0275851,-0.625211,0.779968,0.604023,-0.632134,-0.485348
0.809114,0.698681,0.900308,0.796489,0.295,0.527806,-0.0275851,-0.854271,0.519095,0.604023,-0.428013,-0.67228
0.809114,0.70837,1.02674,0.796489,0.0966895,0.596872,-0.0275851,-0.980293,0.195612,0.604023,-0.172268,-0.778126
0.809114,0.674231,1.14887,0.796489,-0.113284,0.593946,-0.0275851,-0.988078,-0.151465,0.604023,0.104256,-0.790118
0.809114,0.600382,1.25195,0.796489,-0.309593,0.519381,-0.0275851,-0.876685,-0.480273,0.604023,0.368205,-0.706811
0.809114,0.49573,1.32356,0.796489,-0.468561,0.382171,-0.0275851,-0.659552,-0.751153,0.604023,0.587743,-0.538251
0.809114,0.372898,1.35506,0.796489,-0.571014,0.198866,-0.0275851,-0.362866,-0.931433,0.604023,0.736391,-0.304771
0.809114,0.246701,1.34264,0.796489,-0.604594,-0.00842514,-0.0275851,-0.022414,-0.999368,0.604023,0.796219,-0.0345303
0.735846,0.323846,1.3018,0.567051,-0.817082,0.104069,0.127229,-0.0379422,-0.991147,0.813797,0.575272,0.0824416
0.735846,0.218821,1.27582,0.567051,-0.803399,-0.181666,0.127229,0.303338,-0.944351,0.813797,0.512382,0.274224
0.735846,0.129015,1.21549,0.567051,-0.692815,-0.445489,0.127229,0.608032,-0.783652,0.813797,0.387691,0.432931
0.735846,0.0652609,1.12808,0.567051,-0.498667,-0.655579,0.127229,0.839388,-0.528433,0.813797,0.216239,0.539421
0.735846,0.0352469,1.02414,0.567051,-0.244372,-0.786597,0.127229,0.969501,-0.209477,0.813797,0.0187058,0.580848
0.735846,0.0425938,0.916197,0.567051,0.0393972,-0.82274,0.127229,0.982678,0.134745,0.813797,-0.181084,0.552216
0.735846,0.0864153,0.817279,0.567051,0.318415,-0.759648,0.127229,0.87733,0.462715,0.813797,-0.359032,0.456979
0.735846,0.161426,0.739315,0.567051,0.559027,-0.604931,0.127229,0.666163,0.734874,0.813797,-0.493676,0.306624
0.735846,0.258578,0.691707,0.567051,0.732212,-0.377251,0.127229,0.374646,0.918397,0.813797,-0.568775,0.119285
0.735846,0.366154,0.680199,0.567051,0.817082,-0.104069,0.127229,0.0379422,0.991147,0.813797,-0.575272,-0.0824416
0.735846,0.471179,0.706177,0.567051,0.803399,0.181666,0.127229,-0.303338,0.944351,0.813797,-0.512382,-0.274224
0.735846,0.560985,0.76651,0.567051,0.692815,0.445489,0.127229,-0.608032,0.783652,0.813797,-0.387691,-0.432931
0.735846,0.624739,0.85392,0.567051,0.498667,0.655579,0.127229,-0.839388,0.528433,0.813797,-0.216239,-0.539421
0.735846,0.654753,0.957863,0.567051,0.244372,0.786597,0.127229,-0.969501,0.209477,0.813797,-0.0187058,-0.580848
0.735846,0.647406,1.0658,0.567051,-0.0393972,0.82274,0.127229,-0.982678,-0.134745,0.813797,0.181084,-0.552216
0.735846,0.603585,1.16472,0.567051,-0.318415,0.759648,0.127229,-0.87733,-0.462715,0.813797,0.359032,-0.456979
0.735846,0.528574,1.24269,0.567051,-0.559027,0.604931,0.127229,-0.666163,-0.734874,0.813797,0.493676,-0.306624
0.735846,0.431422,1.29029,0.567051,-0.732212,0.377251,0.127229,-0.374646,-0.918397,0.813797,0.568775,-0.119285
0.735846,0.323846,1.3018,0.567051,-0.817082,0.104069,0.127229,-0.0379422,-0.991147,0.813797,0.575272,0.0824416
0.696852,0.418485,1.2517,0.269218,-0.947402,0.173062,0.266698,-0.0993301,-0.958648,0.925416,0.30424,0.225929
0.696852,0.324889,1.26111,0.269218,-0.949458,-0.161406,0.266698,0.234537,-0.934807,0.925416,0.20862,0.31636
0.696852,0.233719,1.23794,0.269218,-0.836994,-0.476406,0.266698,0.540116,-0.798215,0.925416,0.0878374,0.368633
0.696852,0.155971,1.18499,0.269218,-0.623577,-0.733944,0.266698,0.780548,-0.565346,0.925416,-0.0435399,0.376444
0.696852,0.101023,1.10864,0.269218,-0.334947,-0.902957,0.266698,0.926835,-0.264288,0.925416,-0.169666,0.33885
0.696852,0.0755018,1.0181,0.269218,-0.00591791,-0.963061,0.266698,0.961332,0.0686464,0.925416,-0.275327,0.260386
0.696852,0.0824863,0.924291,0.269218,0.323825,-0.907005,0.266698,0.879878,0.393302,0.925416,-0.34778,0.150515
0.696852,0.121134,0.838529,0.269218,0.61451,-0.741552,0.266698,0.692298,0.670519,0.925416,-0.378286,0.0224904
0.696852,0.186783,0.771157,0.269218,0.831076,-0.486656,0.266698,0.421217,0.866861,0.925416,-0.363165,-0.108247
0.696852,0.271515,0.730302,0.269218,0.947402,-0.173062,0.266698,0.0993301,0.958648,0.925416,-0.30424,-0.225929
0.696852,0.365111,0.72089,0.269218,0.949458,0.161406,0.266698,-0.234537,0.934807,0.925416,-0.20862,-0.31636
0.696852,0.456281,0.744058,0.269218,0.836994,0.476406,0.266698,-0.540116,0.798215,0.925416,-0.0878374,-0.368633
0.696852,0.534029,0.797011,0.269218,0.623577,0.733944,0.266698,-0.780548,0.565346,0.925416,0.0435399,-0.376444
0.696852,0.588977,0.873362,0.269218,0.334947,0.902957,0.266698,-0.926835,0.264288,0.925416,0.169666,-0.33885
0.696852,0.614498,0.963901,0.269218,0.00591791,0.963061,0.266698,-0.961332,-0.0686464,0.925416,0.275327,-0.260386
0.696852,0.607514,1.05771,0.269218,-0.323825,0.907005,0.266698,-0.879878,-0.393302,0.925416,0.34778,-0.150515
0.696852,0.568866,1.14347,0.269218,-0.61451,0.741552,0.266698,-0.692298,-0.670519,0.925416,0.378286,-0.0224904
0.696852,0.503217,1.21084,0.269218,-0.831076,0.486656,0.266698,-0.421217,-0.866861,0.925416,0.363165,0.108247
0.696852,0.418485,1.2517,0.269218,-0.947402,0.173062,0.266698,-0.0993301,-0.958648,0.925416,0.30424,0.225929
0.696834,0.519204,1.19838,-0.061087,-0.979837,0.190233,0.373999,-0.199173,-0.90579,0.925415,0.0158149,0.378625
0.696834,0.437771,1.24545,-0.061087,-0.985809,-0.156363,0.373999,0.122636,-0.919285,0.925415,-0.114636,0.3612
0.696834,0.345149,1.26184,-0.061087,-0.872878,-0.4841,0.373999,0.429655,-0.821901,0.925415,-0.23126,0.300209
0.696834,0.252508,1.24555,-0.061087,-0.654665,-0.753447,0.373999,0.68485,-0.625384,0.925415,-0.319991,0.203008
0.696834,0.171024,1.19857,-0.061087,-0.35749,-0.931917,0.373999,0.857443,-0.353436,0.925415,-0.370126,0.0813221
0.696834,0.110524,1.12655,-0.061087,-0.017196,-0.997984,0.373999,0.926615,-0.0388588,0.925415,-0.375619,-0.0501729
0.696834,0.0783048,1.03818,-0.061087,0.325172,-0.94368,0.373999,0.884024,0.280406,0.925415,-0.335806,-0.175616
0.696834,0.0782532,0.944116,-0.061087,0.628319,-0.775554,0.373999,0.734806,0.565849,0.925415,-0.25549,-0.279878
0.696834,0.110375,0.855711,-0.061087,0.855682,-0.513884,0.373999,0.49696,0.783043,0.925415,-0.144358,-0.350382
0.696834,0.170796,0.783623,-0.061087,0.979837,-0.190233,0.373999,0.199173,0.90579,0.925415,-0.0158149,-0.378625
0.696834,0.252229,0.736549,-0.061087,0.985809,0.156363,0.373999,-0.122636,0.919285,0.925415,0.114636,-0.3612
0.696834,0.344851,0.720164,-0.061087,0.872878,0.4841,0.373999,-0.429655,0.821901,0.925415,0.23126,-0.300209
0.696834,0.437492,0.736447,-0.061087,0.654665,0.753447,0.373999,-0.68485,0.625384,0.925415,0.319991,-0.203008
0.696834,0.518976,0.783432,-0.061087,0.35749,0.931917,0.373999,-0.857443,0.353436,0.925415,0.370126,-0.0813221
0.696834,0.579476,0.855453,-0.061087,0.017196,0.997984,0.373999,-0.926615,0.0388588,0.925415,0.375619,0.0501729
0.696834,0.611695,0.943824,-0.061087,-0.325172,0.94368,0.373999,-0.884024,-0.280406,0.925415,0.335806,0.175616
0.696834,0.611747,1.03788,-0.061087,-0.628319,0.775554,0.373999,-0.734806,-0.565849,0.925415,0.25549,0.279878
0.696834,0.579625,1.12629,-0.061087,-0.855682,0.513884,0.373999,-0.49696,-0.783043,0.925415,0.144358,0.350382
0.696834,0.519204,1.19838,-0.061087,-0.979837,0.190233,0.373999,-0.199173,-0.90579,0.925415,0.0158149,0.378625
0.735794,0.613854,1.14827,-0.384024,-0.910472,0.153511,0.43619,-0.32543,-0.838948,0.813796,-0.255216,0.522112
0.735794,0.543851,1.23074,-0.384024,-0.908068,-0.167147,0.43619,-0.0188668,-0.899657,0.813796,-0.418398,0.403335
0.735794,0.449864,1.28429,-0.384024,-0.796137,-0.467644,0.43619,0.289972,-0.851854,0.813796,-0.531114,0.235911
0.735794,0.343229,1.30247,-0.384024,-0.58818,-0.711737,0.43619,0.563835,-0.701304,0.813796,-0.57977,0.0400321
0.735794,0.236808,1.28308,-0.384024,-0.30928,-0.869984,0.43619,0.769692,-0.466168,0.813796,-0.558497,-0.160675
0.735794,0.143436,1.22846,-0.384024,0.00692339,-0.923297,0.43619,0.882713,-0.174804,0.813796,-0.469862,-0.342003
0.735794,0.0743753,1.1452,-0.384024,0.322292,-0.865248,0.43619,0.889265,0.137644,0.813796,-0.324554,-0.48208
0.735794,0.0379564,1.04334,-0.384024,0.598788,-0.702836,0.43619,0.788559,0.433489,0.813796,-0.1401,-0.564011
0.735794,0.0385714,0.93517,-0.384024,0.803061,-0.455653,0.43619,0.592741,0.67705,0.813796,0.0612521,-0.577914
0.735794,0.0761462,0.833732,-0.384024,0.910472,-0.153511,0.43619,0.32543,0.838948,0.813796,0.255216,-0.522112
0.735794,0.146149,0.751263,-0.384024,0.908068,0.167147,0.43619,0.0188668,0.899657,0.813796,0.418398,-0.403335
0.735794,0.240136,0.69771,-0.384024,0.796137,0.467644,0.43619,-0.289972,0.851854,0.813796,0.531114,-0.235911
0.735794,0.346771,0.679532,-0.384024,0.58818,0.711737,0.43619,-0.563835,0.701304,0.813796,0.57977,-0.0400321
0.735794,0.453192,0.698921,-0.384024,0.30928,0.869984,0.43619,-0.769692,0.466168,0.813796,0.558497,0.160675
0.735794,0.546564,0.75354,-0.384024,-0.00692339,0.923297,0.43619,-0.882713,0.174804,0.813796,0.469862,0.342003
0.735794,0.615625,0.8368,-0.384024,-0.322292,0.865248,0.43619,-0.889265,-0.137644,0.813796,0.324554,0.48208
0.735794,0.652044,0.938658,-0.384024,-0.598788,0.702836,0.43619,-0.788559,-0.433489,0.813796,0.1401,0.564011
0.735794,0.651429,1.04683,-0.384024,-0.803061,0.455653,0.43619,-0.592741,-0.67705,0.813796,-0.0612521,0.577914
0.735794,0.613854,1.14827,-0.384024,-0.910472,0.153511,0.43619,-0.32543,-0.838948,0.813796,-0.255216,0.522112
0.809034,0.691019,1.10742,-0.660642,-0.747676,0.0673245,0.44577,-0.462871,-0.766185,0.604021,-0.476163,0.639083
0.809034,0.630335,1.21874,-0.660642,-0.725612,-0.192456,0.44577,-0.172905,-0.87829,0.604021,-0.666026,0.437685
0.809034,0.535236,1.3026,-0.660642,-0.616029,-0.429024,0.44577,0.137915,-0.884459,0.604021,-0.775557,0.183495
0.809034,0.417191,1.34887,-0.660642,-0.432143,-0.613844,0.44577,0.432101,-0.78395,0.604021,-0.791544,-0.0928274
0.809034,0.290439,1.35198,-0.660642,-0.196134,-0.724627,0.44577,0.674169,-0.588885,0.604021,-0.712059,-0.357953
0.809034,0.170268,1.31155,-0.660642,0.063531,-0.748008,0.44577,0.834922,-0.322792,0.604021,-0.546689,-0.579904
0.809034,0.0711717,1.23245,-0.660642,0.315533,-0.681169,0.44577,0.894971,-0.017765,0.604021,-0.315381,-0.731911
0.809034,0.00510359,1.12424,-0.660642,0.529478,-0.532171,0.44577,0.847074,0.289405,0.604021,-0.046033,-0.795638
0.809034,-0.019968,0.999951,-0.660642,0.67956,-0.318985,0.44577,0.697007,0.561668,0.604021,0.228867,-0.763399
0.809034,-0.00101914,0.874585,-0.660642,0.747676,-0.0673245,0.44577,0.462871,0.766185,0.604021,0.476163,-0.639083
0.809034,0.0596648,0.76326,-0.660642,0.725612,0.192456,0.44577,0.172905,0.87829,0.604021,0.666026,-0.437685
0.809034,0.154764,0.679404,-0.660642,0.616029,0.429024,0.44577,-0.137915,0.884459,0.604021,0.775557,-0.183495
0.809034,0.272809,0.633131,-0.660642,0.432143,0.613844,0.44577,-0.432101,0.78395,0.604021,0.791544,0.0928274
0.809034,0.399561,0.630022,-0.660642,0.196134,0.724627,0.44577,-0.674169,0.588885,0.604021,0.712059,0.357953
0.809034,0.519732,0.670453,-0.660642,-0.063531,0.748008,0.44577,-0.834922,0.322792,0.604021,0.546689,0.579904
0.809034,0.618828,0.749546,-0.660642,-0.315533,0.681169,0.44577,-0.894971,0.017765,0.604021,0.315381,0.731911
0.809034,0.684896,0.857763,-0.660642,-0.529478,0.532171,0.44577,-0.847074,-0.289405,0.604021,0.046033,0.795638
0.809034,0.709968,0.982049,-0.660642,-0.67956,0.318985,0.44577,-0.697007,-0.561668,0.604021,-0.228867,0.763399
0.809034,0.691019,1.10742,-0.660642,-0.747676,0.0673245,0.44577,-0.462871,-0.766185,0.604021,-0.476163,0.639083
0.90772,0.741392,1.08075,-0.857576,-0.511084,-0.0579304,0.401584,-0.594918,-0.696278,0.321392,-0.620375,0.715431
0.90772,0.686792,1.21091,-0.857576,-0.460448,-0.229238,0.401584,-0.3209,-0.857761,0.321392,-0.827654,0.460105
0.90772,0.590966,1.31455,-0.857576,-0.354276,-0.372896,0.401584,-0.00817541,-0.915786,0.321392,-0.935105,0.149283
0.90772,0.465473,1.37916,-0.857576,-0.205373,-0.471577,0.401584,0.305535,-0.863353,0.321392,-0.929769,-0.179545
0.90772,0.325449,1.39695,-0.857576,-0.0316985,-0.513379,0.401584,0.582393,-0.706788,0.321392,-0.812289,-0.486717
0.90772,0.187783,1.36579,-0.857576,0.145799,-0.49326,0.401584,0.789006,-0.464973,0.321392,-0.596835,-0.735184
0.90772,0.0690805,1.28941,-0.857576,0.305711,-0.413646,0.401584,0.900453,-0.167076,0.321392,-0.309394,-0.894976
0.90772,-0.0163426,1.17705,-0.857576,0.42875,-0.284141,0.401584,0.903293,0.150973,0.321392,0.0153647,-0.946821
0.90772,-0.0581823,1.04224,-0.857576,0.500075,-0.120364,0.401584,0.797181,0.450813,0.321392,0.33827,-0.884466
0.90772,-0.0513924,0.901253,-0.857576,0.511084,0.0579304,0.401584,0.594918,0.696278,0.321392,0.620375,-0.715431
0.90772,0.00320838,0.771091,-0.857576,0.460448,0.229238,0.401584,0.3209,0.857761,0.321392,0.827654,-0.460105
0.90772,0.0990342,0.667454,-0.857576,0.354276,0.372896,0.401584,0.00817541,0.915786,0.321392,0.935105,-0.149283
0.90772,0.224527,0.602841,-0.857576,0.205373,0.471577,0.401584,-0.305535,0.863353,0.321392,0.929769,0.179545
0.90772,0.364551,0.585045,-0.857576,0.0316985,0.513379,0.401584,-0.582393,0.706788,0.321392,0.812289,0.486717
0.90772,0.502217,0.616214,-0.857576,-0.145799,0.49326,0.401584,-0.789006,0.464973,0.321392,0.596835,0.735184
0.90772,0.62092,0.692588,-0.857576,-0.305711,0.413646,0.401584,-0.900453,0.167076,0.321392,0.309394,0.894976
0.90772,0.706343,0.804954,-0.857576,-0.42875,0.284141,0.401584,-0.903293,-0.150973,0.321392,-0.0153647,0.946821
0.90772,0.748182,0.939761,-0.857576,-0.500075,0.120364,0.401584,-0.797181,-0.450813,0.321392,-0.33827,0.884466
0.90772,0.741392,1.08075,-0.857576,-0.511084,-0.0579304,0.401584,-0.594918,-0.696278,0.321392,-0.620375,0.715431
0.883612,0.0775965,1.28711,0.961642,-0.233291,-0.144292,-0.0812368,0.260217,-0.962127,0.262003,0.936943,0.231284
0.883612,-0.00755319,1.1778,0.961642,-0.169871,-0.21538,-0.0812368,0.573591,-0.815104,0.262003,0.801335,0.537789
0.883612,-0.0501797,1.04595,0.961642,-0.0859623,-0.260491,-0.0812368,0.817781,-0.569767,0.262003,0.569073,0.779429
0.883612,-0.0451418,0.907477,0.961642,0.00831491,-0.274182,-0.0812368,0.963335,-0.255708,0.262003,0.268173,0.927058
0.883612,0.00695305,0.779078,0.961642,0.101589,-0.254803,-0.0812368,0.992696,0.0891927,0.262003,-0.065072,0.962871
0.883612,0.0998213,0.67624,0.961642,0.18261,-0.204691,-0.0812368,0.902323,0.423336,0.262003,-0.390469,0.882547
0.883612,0.222262,0.611366,0.961642,0.241606,-0.12989,-0.0812368,0.703117,0.706418,0.262003,-0.668769,0.695774
0.883612,0.359506,0.592282,0.961642,0.271461,-0.0394226,-0.0812368,0.419105,0.904296,0.262003,-0.866407,0.425081
0.883612,0.495001,0.621289,0.961642,0.268573,0.0557998,-0.0812368,0.0845422,0.993103,0.262003,-0.959542,0.103117
0.883612,0.612404,0.694889,0.961642,0.233291,0.144292,-0.0812368,-0.260217,0.962127,0.262003,-0.936943,-0.231284
0.883612,0.697553,0.804204,0.961642,0.169871,0.21538,-0.0812368,-0.573591,0.815104,0.262003,-0.801335,-0.537789
0.883612,0.74018,0.936049,0.961642,0.0859623,0.260491,-0.0812368,-0.817781,0.569767,0.262003,-0.569073,-0.779429
0.883612,0.735142,1.07452,0.961642,-0.00831491,0.274182,-0.0812368,-0.963335,0.255708,0.262003,-0.268173,-0.927058
0.883612,0.683047,1.20292,0.961642,-0.101589,0.254803,-0.0812368,-0.992696,-0.0891927,0.262003,0.065072,-0.962871
0.883612,0.590179,1.30576,0.961642,-0.18261,0.204691,-0.0812368,-0.902323,-0.423336,0.262003,0.390469,-0.882547
0.883612,0.467738,1.37063,0.961642,-0.241606,0.12989,-0.0812368,-0.703117,-0.706418,0.262003,0.668769,-0.695774
0.883612,0.330494,1.38972,0.961642,-0.271461,0.0394226,-0.0812368,-0.419105,-0.904296,0.262003,0.866407,-0.425081
0.883612,0.194999,1.36071,0.961642,-0.268573,-0.0557998,-0.0812368,-0.0845422,-0.993103,0.262003,0.959542,-0.103117
0.883612,0.0775965,1.28711,0.961642,-0.233291,-0.144292,-0.0812368,0.260217,-0.962127,0.262003,0.936943,0.231284
0.763622,0.138803,1.25471,0.856221,-0.516579,0.00568393,0.156285,0.248522,-0.955935,0.492403,0.81938,0.293524
0.763622,0.0610452,1.16828,0.856221,-0.487369,-0.171339,0.156285,0.560484,-0.813285,0.492403,0.669574,0.556066
0.763622,0.0175361,1.06047,0.856221,-0.399376,-0.327696,0.156285,0.804842,-0.572542,0.492403,0.439008,0.751539
0.763622,0.013524,0.944282,0.856221,-0.263212,-0.444529,0.156285,0.952125,-0.262741,0.492403,0.155491,0.856365
0.763622,0.0494929,0.833728,0.856221,-0.0953006,-0.507744,0.156285,0.984568,0.0787503,0.492403,-0.146781,0.857901
0.763622,0.121104,0.742144,0.856221,0.0841054,-0.509718,0.156285,0.898257,0.410743,0.492403,-0.431348,0.755961
0.763622,0.219721,0.680575,0.856221,0.253367,-0.450212,0.156285,0.703603,0.693194,0.492403,-0.663889,0.562842
0.763622,0.333448,0.656447,0.856221,0.392069,-0.336405,0.156285,0.424084,0.892036,0.492403,-0.816355,0.301835
0.763622,0.448568,0.672672,0.856221,0.483481,-0.182022,0.156285,0.0934145,0.983285,0.492403,-0.870356,0.00442231
0.763622,0.551197,0.727292,0.856221,0.516579,-0.00568393,0.156285,-0.248522,0.955935,0.492403,-0.81938,-0.293524
0.763622,0.628955,0.813719,0.856221,0.487369,0.171339,0.156285,-0.560484,0.813285,0.492403,-0.669574,-0.556066
0.763622,0.672464,0.921529,0.856221,0.399376,0.327696,0.156285,-0.804842,0.572542,0.492403,-0.439008,-0.751539
0.763622,0.676476,1.03772,0.856221,0.263212,0.444529,0.156285,-0.952125,0.262741,0.492403,-0.155491,-0.856365
0.763622,0.640507,1.14827,0.856221,0.0953006,0.507744,0.156285,-0.984568,-0.0787503,0.492403,0.146781,-0.857901
0.763622,0.568896,1.23986,0.856221,-0.0841054,0.509718,0.156285,-0.898257,-0.410743,0.492403,0.431348,-0.755961
0.763622,0.470279,1.30143,0.856221,-0.253367,0.450212,0.156285,-0.703603,-0.693194,0.492403,0.663889,-0.562842
0.763622,0.356552,1.32555,0.856221,-0.392069,0.336405,0.156285,-0.424084,-0.892036,0.492403,0.816355,-0.301835
0.763622,0.241432,1.30933,0.856221,-0.483481,0.182022,0.156285,-0.0934145,-0.983285,0.492403,0.870356,-0.00442231
0.763622,0.138803,1.25471,0.856221,-0.516579,0.00568393,0.156285,0.248522,-0.955935,0.492403,0.81938,0.293524
0.674556,0.232589,1.20506,0.647527,-0.750916,0.129745,0.374957,0.165736,-0.912107,0.663413,0.639262,0.38888
0.674556,0.166156,1.1537,0.647527,-0.750006,-0.134908,0.374957,0.467699,-0.800415,0.663413,0.467705,0.584068
0.674556,0.121295,1.08272,0.647527,-0.658634,-0.383289,0.374957,0.713252,-0.592181,0.663413,0.239736,0.708809
0.674556,0.103416,1.00068,0.647527,-0.487821,-0.58544,0.374957,0.872775,-0.312522,0.663413,-0.0171487,0.748057
0.674556,0.114675,0.917467,0.647527,-0.258169,-0.716978,0.374957,0.927029,0.0048321,0.663413,-0.271965,0.697079
0.674556,0.153715,0.843126,0.647527,0.00262145,-0.762038,0.374957,0.86947,0.321603,0.663413,-0.493979,0.562022
0.674556,0.215827,0.786621,0.647527,0.263096,-0.715185,0.374957,0.70704,0.599585,0.663413,-0.656411,0.359177
0.674556,0.293519,0.754766,0.647527,0.491837,-0.58207,0.374957,0.45933,0.805247,0.663413,-0.73967,0.113011
0.674556,0.37742,0.751406,0.647527,0.661255,-0.378749,0.374957,0.156218,0.913785,0.663413,-0.733715,-0.146787
0.674556,0.457411,0.776943,0.647527,0.750916,-0.129745,0.374957,-0.165736,0.912107,0.663413,-0.639262,-0.38888
0.674556,0.523844,0.828299,0.647527,0.750006,0.134908,0.374957,-0.467699,0.800415,0.663413,-0.467705,-0.584068
0.674556,0.568705,0.89928,0.647527,0.658634,0.383289,0.374957,-0.713252,0.592181,0.663413,-0.239736,-0.708809
0.674556,0.586584,0.981323,0.647527,0.487821,0.58544,0.374957,-0.872775,0.312522,0.663413,0.0171487,-0.748057
0.674556,0.575325,1.06453,0.647527,0.258169,0.716978,0.374957,-0.927029,-0.0048321,0.663413,0.271965,-0.697079
0.674556,0.536285,1.13887,0.647527,-0.00262145,0.762038,0.374957,-0.86947,-0.321603,0.663413,0.493979,-0.562022
0.674556,0.474173,1.19538,0.647527,-0.263096,0.715185,0.374957,-0.70704,-0.599585,0.663413,0.656411,-0.359177
0.674556,0.396481,1.22723,0.647527,-0.491837,0.58207,0.374957,-0.45933,-0.805247,0.663413,0.73967,-0.113011
0.674556,0.31258,1.23059,0.647527,-0.661255,0.378749,0.374957,-0.156218,-0.913785,0.663413,0.733715,0.146787
0.674556,0.232589,1.20506,0.647527,-0.750916,0.129745,0.374957,0.165736,-0.912107,0.663413,0.639262,0.38888
0.627155,0.34764,1.14415,0.360731,-0.908039,0.212927,0.548404,0.0218431,-0.835928,0.754404,0.418316,0.505852
0.627155,0.295102,1.13581,0.360731,-0.926103,-0.110481,0.548404,0.30643,-0.778045,0.754404,0.220077,0.618417
0.627155,0.248582,1.11001,0.360731,-0.832465,-0.420564,0.548404,0.554057,-0.626318,0.754404,-0.00470662,0.656393
0.627155,0.213691,1.06986,0.360731,-0.63842,-0.679921,0.548404,0.734857,-0.399047,0.754404,-0.228922,0.615198
0.627155,0.194638,1.02019,0.360731,-0.367372,-0.857269,0.548404,0.827022,-0.123646,0.754404,-0.425527,0.499801
0.627155,0.193721,0.967007,0.360731,-0.0520133,-0.931218,0.548404,0.819436,0.166669,0.754404,-0.570806,0.32412
0.627155,0.211051,0.916713,0.360731,0.269619,-0.892849,0.548404,0.713014,0.436881,0.754404,-0.647238,0.109346
0.627155,0.244536,0.87538,0.360731,0.558731,-0.746788,0.548404,0.520592,0.654399,0.754404,-0.645604,-0.118617
0.627155,0.290139,0.847992,0.360731,0.780452,-0.510654,0.548404,0.265379,0.792986,0.754404,-0.5661,-0.332273
0.627155,0.34236,0.837853,0.360731,0.908039,-0.212927,0.548404,-0.0218431,0.835928,0.754404,-0.418316,-0.505852
0.627155,0.394898,0.846186,0.360731,0.926103,0.110481,0.548404,-0.30643,0.778045,0.754404,-0.220077,-0.618417
0.627155,0.441418,0.871985,0.360731,0.832465,0.420564,0.548404,-0.554057,0.626318,0.754404,0.00470662,-0.656393
0.627155,0.476309,0.91214,0.360731,0.63842,0.679921,0.548404,-0.734857,0.399047,0.754404,0.228922,-0.615198
0.627155,0.495362,0.961806,0.360731,0.367372,0.857269,0.548404,-0.827022,0.123646,0.754404,0.425527,-0.499801
0.627155,0.496279,1.01499,0.360731,0.0520133,0.931218,0.548404,-0.819436,-0.166669,0.754404,0.570806,-0.32412
0.627155,0.478949,1.06529,0.360731,-0.269619,0.892849,0.548404,-0.713014,-0.436881,0.754404,0.647238,-0.109346
0.627155,0.445464,1.10662,0.360731,-0.558731,0.746788,0.548404,-0.520592,-0.654399,0.754404,0.645604,0.118617
0.627155,0.399861,1.13401,0.360731,-0.780452,0.510654,0.548404,-0.265379,-0.792986,0.754404,0.5661,0.332273
0.627155,0.34764,1.14415,0.360731,-0.908039,0.212927,0.548404,0.0218431,-0.835928,0.754404,0.418316,0.505852
0.627137,0.470082,1.07933,0.0304265,-0.968995,0.245198,0.655705,-0.1658,-0.736588,0.754404,0.18319,0.63033
0.627137,0.43233,1.11678,0.0304265,-0.994421,-0.101005,0.655705,0.0961269,-0.748873,0.754404,-0.0434437,0.654971
0.627137,0.384044,1.13906,0.0304265,-0.899904,-0.435025,0.655705,0.346459,-0.670833,0.754404,-0.264837,0.600613
0.627137,0.331049,1.14349,0.0304265,-0.696846,-0.716575,0.655705,0.555004,-0.511881,0.754404,-0.454287,0.473812
0.627137,0.279737,1.12952,0.0304265,-0.409738,-0.911696,0.655705,0.696607,-0.291188,0.754404,-0.588943,0.289862
0.627137,0.236297,1.09884,0.0304265,-0.0732091,-0.996852,0.655705,0.754188,-0.035374,0.754404,-0.652565,0.0709509
0.627137,0.205967,1.05516,0.0304265,0.27215,-0.961774,0.655705,0.720804,0.224707,0.754404,-0.637477,-0.156518
0.627137,0.192408,1.00374,0.0304265,0.584683,-0.810691,0.655705,0.60048,0.457685,0.754404,-0.5455,-0.365109
0.627137,0.197253,0.950782,0.0304265,0.826695,-0.561827,0.655705,0.407729,0.635459,0.754404,-0.387728,-0.529662
0.627137,0.219918,0.902675,0.0304265,0.968995,-0.245198,0.655705,0.1658,0.736588,0.754404,-0.18319,-0.63033
0.627137,0.25767,0.865221,0.0304265,0.994421,0.101005,0.655705,-0.0961269,0.748873,0.754404,0.0434437,-0.654971
0.627137,0.305956,0.842938,0.0304265,0.899904,0.435025,0.655705,-0.346459,0.670833,0.754404,0.264837,-0.600613
0.627137,0.358951,0.838513,0.0304265,0.696846,0.716575,0.655705,-0.555004,0.511881,0.754404,0.454287,-0.473812
0.627137,0.410263,0.852481,0.0304265,0.409738,0.911696,0.655705,-0.696607,0.291188,0.754404,0.588943,-0.289862
0.627137,0.453703,0.883156,0.0304265,0.0732091,0.996852,0.655705,-0.754188,0.035374,0.754404,0.652565,-0.0709509
0.627137,0.484033,0.926838,0.0304265,-0.27215,0.961774,0.655705,-0.720804,-0.224707,0.754404,0.637477,0.156518
0.627137,0.497592,0.97826,0.0304265,-0.584683,0.810691,0.655705,-0.60048,-0.457685,0.754404,0.5455,0.365109
0.627137,0.492747,1.03122,0.0304265,-0.826695,0.561827,0.655705,-0.407729,-0.635459,0.754404,0.387728,0.529662
0.627137,0.470082,1.07933,0.0304265,-0.968995,0.245198,0.655705,-0.1658,-0.736588,0.754404,0.18319,0.63033
0.674504,0.585145,1.01841,-0.303548,-0.926433,0.222666,0.683918,-0.374561,-0.626067,0.663411,-0.0377566,0.747302
0.674504,0.561287,1.09889,-0.303548,-0.946719,-0.107622,0.683918,-0.137845,-0.716418,0.663411,-0.291072,0.68932
0.674504,0.511343,1.16636,-0.303548,-0.852816,-0.424928,0.683918,0.115498,-0.720359,0.663411,-0.509279,0.548197
0.674504,0.441335,1.21268,-0.303548,-0.656051,-0.690982,0.683918,0.35491,-0.637413,0.663411,-0.66606,0.340953
0.674504,0.359708,1.23226,-0.303548,-0.380156,-0.873693,0.683918,0.551514,-0.477586,0.663411,-0.742505,0.0925846
0.674504,0.276306,1.22274,-0.303548,-0.0584094,-0.951024,0.683918,0.681598,-0.260155,0.663411,-0.729392,-0.166951
0.674504,0.20119,1.18527,-0.303548,0.270383,-0.913648,0.683918,0.729471,-0.0113456,0.663411,-0.628304,-0.406349
0.674504,0.14342,1.12437,-0.303548,0.566562,-0.766072,0.683918,0.689359,0.238832,0.663411,-0.451433,-0.596736
0.674504,0.109963,1.04738,-0.303548,0.794406,-0.526096,0.683918,0.5661,0.460203,0.663411,-0.220113,-0.715147
0.674504,0.104855,0.963591,-0.303548,0.926433,-0.222666,0.683918,0.374561,0.626067,0.663411,0.0377566,-0.747302
0.674504,0.128713,0.883109,-0.303548,0.946719,0.107622,0.683918,0.137845,0.716418,0.663411,0.291072,-0.68932
0.674504,0.178657,0.815641,-0.303548,0.852816,0.424928,0.683918,-0.115498,0.720359,0.663411,0.509279,-0.548197
0.674504,0.248665,0.769324,-0.303548,0.656051,0.690982,0.683918,-0.35491,0.637413,0.663411,0.66606,-0.340953
0.674504,0.330292,0.749744,-0.303548,0.380156,0.873693,0.683918,-0.551514,0.477586,0.663411,0.742505,-0.0925846
0.674504,0.413694,0.759263,-0.303548,0.0584094,0.951024,0.683918,-0.681598,0.260155,0.663411,0.729392,0.166951
0.674504,0.48881,0.796733,-0.303548,-0.270383,0.913648,0.683918,-0.729471,0.0113456,0.663411,0.628304,0.406349
0.674504,0.54658,0.857635,-0.303548,-0.566562,0.766072,0.683918,-0.689359,-0.238832,0.663411,0.451433,0.596736
0.674504,0.580037,0.934622,-0.303548,-0.794406,0.526096,0.683918,-0.5661,-0.460203,0.663411,0.220113,0.715147
0.674504,0.585145,1.01841,-0.303548,-0.926433,0.222666,0.683918,-0.374561,-0.626067,0.663411,-0.0377566,0.747302
0.763543,0.67895,0.968748,-0.60091,-0.785486,0.148047,0.629641,-0.57926,-0.517697,0.492402,-0.217873,0.842658
0.763543,0.666421,1.08431,-0.60091,-0.788751,-0.129534,0.629641,-0.367264,-0.684595,0.492402,-0.49294,0.717322
0.763543,0.615124,1.18861,-0.60091,-0.69688,-0.391491,0.629641,-0.11097,-0.76892,0.492402,-0.708551,0.505467
0.763543,0.531246,1.26908,-0.60091,-0.520955,-0.606228,0.629641,0.158709,-0.760503,0.492402,-0.8387,0.232645
0.763543,0.424904,1.31601,-0.60091,-0.282196,-0.747845,0.629641,0.409245,-0.660357,0.492402,-0.867689,-0.0682375
0.763543,0.308924,1.32374,-0.60091,-0.00939921,-0.799261,0.629641,0.61042,-0.480563,0.492402,-0.792022,-0.360889
0.763543,0.197296,1.29134,-0.60091,0.264531,-0.754274,0.629641,0.737969,-0.242805,0.492402,-0.620826,-0.610013
0.763543,0.103483,1.22271,-0.60091,0.506555,-0.618311,0.629641,0.776508,0.0242377,0.492402,-0.374749,-0.78556
0.763543,0.0388001,1.12613,-0.60091,0.687481,-0.40777,0.629641,0.721389,0.288358,0.492402,-0.0834718,-0.866356
0.763543,0.0110497,1.01325,-0.60091,0.785486,-0.148047,0.629641,0.57926,0.517697,0.492402,0.217873,-0.842658
0.763543,0.0235786,0.897693,-0.60091,0.788751,0.129534,0.629641,0.367264,0.684595,0.492402,0.49294,-0.717322
0.763543,0.0748756,0.793387,-0.60091,0.69688,0.391491,0.629641,0.11097,0.76892,0.492402,0.708551,-0.505467
0.763543,0.158754,0.712917,-0.60091,0.520955,0.606228,0.629641,-0.158709,0.760503,0.492402,0.8387,-0.232645
0.763543,0.265096,0.665987,-0.60091,0.282196,0.747845,0.629641,-0.409245,0.660357,0.492402,0.867689,0.0682375
0.763543,0.381076,0.658259,-0.60091,0.00939921,0.799261,0.629641,-0.61042,0.480563,0.492402,0.792022,0.360889
0.763543,0.492704,0.690664,-0.60091,-0.264531,0.754274,0.629641,-0.737969,0.242805,0.492402,0.620826,0.610013
0.763543,0.586517,0.759295,-0.60091,-0.506555,0.618311,0.629641,-0.776508,-0.0242377,0.492402,0.374749,0.78556
0.763543,0.6512,0.855872,-0.60091,-0.687481,0.40777,0.629641,-0.721389,-0.288358,0.492402,0.0834718,0.866356
0.763543,0.67895,0.968748,-0.60091,-0.785486,0.148047,0.629641,-0.57926,-0.517697,0.492402,-0.217873,0.842658
0.883514,0.740185,0.936329,-0.825794,-0.563155,0.0303418,0.499419,-0.755208,-0.424548,0.262001,-0.335436,0.904897
0.883514,0.735051,1.07479,-0.825794,-0.53957,-0.164098,0.499419,-0.564459,-0.657241,0.262001,-0.6247,0.735599
0.883514,0.682871,1.20314,-0.825794,-0.450905,-0.338746,0.499419,-0.305628,-0.810661,0.262001,-0.838615,0.477577
0.883514,0.589939,1.3059,-0.825794,-0.307854,-0.472536,0.499419,-0.00993435,-0.866303,0.262001,-0.951382,0.161952
0.883514,0.467463,1.37069,-0.825794,-0.127672,-0.54933,0.499419,0.286958,-0.817457,0.262001,-0.949397,-0.173207
0.883514,0.330217,1.38967,-0.825794,0.06791,-0.559868,0.499419,0.549239,-0.670013,0.262001,-0.832901,-0.487474
0.883514,0.194754,1.36058,-0.825794,0.255301,-0.502877,0.499419,0.745274,-0.441755,0.262001,-0.615945,-0.742945
0.883514,0.0774125,1.2869,-0.825794,0.411898,-0.385232,0.499419,0.851417,-0.160215,0.262001,-0.324697,-0.908805
0.883514,-0.00765382,1.17753,-0.825794,0.518815,-0.221122,0.499419,0.854867,0.140649,0.262001,0.00571408,-0.965051
0.883514,-0.0501849,1.04567,-0.825794,0.563155,-0.0303418,0.499419,0.755208,0.424548,0.262001,0.335436,-0.904897
0.883514,-0.0450508,0.907212,-0.825794,0.53957,0.164098,0.499419,0.564459,0.657241,0.262001,0.6247,-0.735599
0.883514,0.00712921,0.77886,-0.825794,0.450905,0.338746,0.499419,0.305628,0.810661,0.262001,0.838615,-0.477577
0.883514,0.100061,0.676095,-0.825794,0.307854,0.472536,0.499419,0.00993435,0.866303,0.262001,0.951382,-0.161952
0.883514,0.222537,0.611312,-0.825794,0.127672,0.54933,0.499419,-0.286958,0.817457,0.262001,0.949397,0.173207
0.883514,0.359783,0.592325,-0.825794,-0.06791,0.559868,0.499419,-0.549239,0.670013,0.262001,0.832901,0.487474
0.883514,0.495246,0.621425,-0.825794,-0.255301,0.502877,0.499419,-0.745274,0.441755,0.262001,0.615945,0.742945
0.883514,0.612588,0.6951,-0.825794,-0.411898,0.385232,0.499419,-0.851417,0.160215,0.262001,0.324697,0.908805
0.883514,0.697654,0.804465,-0.825794,-0.518815,0.221122,0.499419,-0.854867,-0.140649,0.262001,-0.00571408,0.965051
0.883514,0.740185,0.936329,-0.825794,-0.563155,0.0303418,0.499419,-0.755208,-0.424548,0.262001,-0.335436,0.904897
0.875863,-0.00891129,1.16921,0.985232,-0.137552,-0.101972,-0.00862081,0.554932,-0.831851,0.17101,0.820445,0.545551
0.875863,-0.04852,1.03742,0.985232,-0.0943801,-0.142868,-0.00862081,0.805975,-0.591887,0.17101,0.584377,0.793259
0.875863,-0.0406643,0.900029,0.985232,-0.0398246,-0.166532,-0.00862081,0.959806,-0.280532,0.17101,0.277824,0.945288
0.875863,0.0137081,0.77361,0.985232,0.0195343,-0.170109,-0.00862081,0.99787,0.0646595,0.17101,-0.0622381,0.983302
0.875863,0.108039,0.673412,0.985232,0.076537,-0.153169,-0.00862081,0.915576,0.402052,0.17101,-0.394794,0.902715
0.875863,0.230951,0.611519,0.985232,0.124308,-0.117755,-0.00862081,0.722851,0.690951,0.17101,-0.679731,0.713247
0.875863,0.367619,0.595398,0.985232,0.157086,-0.0681375,-0.00862081,0.442938,0.896511,0.17101,-0.882683,0.437751
0.875863,0.501559,0.626992,0.985232,0.170917,-0.0103017,-0.00862081,0.109601,0.993938,0.17101,-0.979171,0.109456
0.875863,0.616616,0.702491,0.985232,0.164133,0.0487767,-0.00862081,-0.236955,0.971482,0.17101,-0.957555,-0.232041
0.875863,0.698911,0.812788,0.985232,0.137552,0.101972,-0.00862081,-0.554932,0.831851,0.17101,-0.820445,-0.545551
0.875863,0.73852,0.94458,0.985232,0.0943801,0.142868,-0.00862081,-0.805975,0.591887,0.17101,-0.584377,-0.793259
0.875863,0.730664,1.08197,0.985232,0.0398246,0.166532,-0.00862081,-0.959806,0.280532,0.17101,-0.277824,-0.945288
0.875863,0.676292,1.20839,0.985232,-0.0195343,0.170109,-0.00862081,-0.99787,-0.0646595,0.17101,0.0622381,-0.983302
0.875863,0.581961,1.30859,0.985232,-0.076537,0.153169,-0.00862081,-0.915576,-0.402052,0.17101,0.394794,-0.902715
0.875863,0.459049,1.37048,0.985232,-0.124308,0.117755,-0.00862081,-0.722851,-0.690951,0.17101,0.679731,-0.713247
0.875863,0.322381,1.3866,0.985232,-0.157086,0.0681375,-0.00862081,-0.442938,-0.896511,0.17101,0.882683,-0.437751
0.875863,0.188441,1.35501,0.985232,-0.170917,0.0103017,-0.00862081,-0.109601,-0.993938,0.17101,0.979171,-0.109456
0.875863,0.0733843,1.27951,0.985232,-0.164133,-0.0487767,-0.00862081,0.236955,-0.971482,0.17101,0.957555,0.232041
0.875863,-0.00891129,1.16921,0.985232,-0.137552,-0.101972,-0.00862081,0.554932,-0.831851,0.17101,0.820445,0.545551
0.749059,0.0557728,1.13497,0.900555,-0.431425,0.0536078,0.292759,0.510653,-0.808409,0.321393,0.743711,0.586174
0.749059,0.0239755,1.02736,0.900555,-0.423742,-0.097181,0.292759,0.756349,-0.585003,0.321393,0.498376,0.805188
0.749059,0.0308985,0.915374,0.900555,-0.364949,-0.236248,0.292759,0.910818,-0.291036,0.321393,0.19293,0.927084
0.749059,0.0757068,0.812506,0.900555,-0.262138,-0.346821,0.292759,0.95543,0.0380337,0.321393,-0.135786,0.93716
0.749059,0.152996,0.731166,0.900555,-0.12771,-0.415561,0.292759,0.884802,0.362516,0.321393,-0.448125,0.834201
0.749059,0.253443,0.681167,0.900555,0.0221227,-0.434179,0.292759,0.707454,0.643274,0.321393,-0.706413,0.630624
0.749059,0.364934,0.668538,0.900555,0.169287,-0.400429,0.292759,0.444777,0.846443,0.321393,-0.879497,0.350986
0.749059,0.47402,0.694803,0.900555,0.296032,-0.31838,0.292759,0.128453,0.947519,0.321393,-0.946501,0.0290127
0.749059,0.567545,0.756793,0.900555,0.387072,-0.197931,0.292759,-0.203365,0.93431,0.321393,-0.899343,-0.29646
0.749059,0.634227,0.847032,0.900555,0.431425,-0.0536078,0.292759,-0.510653,0.808409,0.321393,-0.743711,-0.586174
0.749059,0.666025,0.954636,0.900555,0.423742,0.097181,0.292759,-0.756349,0.585003,0.321393,-0.498376,-0.805188
0.749059,0.659102,1.06663,0.900555,0.364949,0.236248,0.292759,-0.910818,0.291036,0.321393,-0.19293,-0.927084
0.749059,0.614293,1.16949,0.900555,0.262138,0.346821,0.292759,-0.95543,-0.0380337,0.321393,0.135786,-0.93716
0.749059,0.537004,1.25083,0.900555,0.12771,0.415561,0.292759,-0.884802,-0.362516,0.321393,0.448125,-0.834201
0.749059,0.436557,1.30083,0.900555,-0.0221227,0.434179,0.292759,-0.707454,-0.643274,0.321393,0.706413,-0.630624
0.749059,0.325066,1.31346,0.900555,-0.169287,0.400429,0.292759,-0.444777,-0.846443,0.321393,0.879497,-0.350986
0.749059,0.21598,1.2872,0.900555,-0.296032,0.31838,0.292759,-0.128453,-0.947519,0.321393,0.946501,-0.0290127
0.749059,0.122455,1.22521,0.900555,-0.387072,0.197931,0.292759,0.203365,-0.93431,0.321393,0.899343,0.29646
0.749059,0.0557728,1.13497,0.900555,-0.431425,0.0536078,0.292759,0.510653,-0.808409,0.321393,0.743711,0.586174
0.654934,0.154885,1.0825,0.707258,-0.681979,0.186254,0.558827,0.377945,-0.738153,0.433011,0.626148,0.648414
0.654934,0.135057,1.01196,0.707258,-0.704554,-0.0582288,0.558827,0.607616,-0.564372,0.433011,0.366616,0.823465
0.654934,0.140551,0.938887,0.707258,-0.642148,-0.295689,0.558827,0.763998,-0.322519,0.433011,0.0628652,0.899194
0.654934,0.170705,0.872104,0.707258,-0.502291,-0.497484,0.558827,0.828232,-0.0417659,0.433011,-0.248469,0.866467
0.654934,0.221881,0.819662,0.707258,-0.301849,-0.639276,0.558827,0.792568,0.244025,0.433011,-0.529833,0.729231
0.654934,0.287907,0.787885,0.707258,-0.0650003,-0.703961,0.558827,0.661309,0.500382,0.433011,-0.747292,0.50404
0.654934,0.360819,0.780608,0.707258,0.179689,-0.683738,0.558827,0.450286,0.696387,0.433011,-0.874617,0.218054
0.654934,0.431824,0.798706,0.707258,0.402704,-0.581047,0.558827,0.184952,0.808396,0.433011,-0.89645,-0.0942333
0.654934,0.492356,0.839999,0.707258,0.577148,-0.408272,0.558827,-0.10269,0.822901,0.433011,-0.810157,-0.395154
0.654934,0.535115,0.899504,0.707258,0.681979,-0.186254,0.558827,-0.377945,0.738153,0.433011,-0.626148,-0.648414
0.654934,0.554943,0.970045,0.707258,0.704554,0.0582288,0.558827,-0.607616,0.564372,0.433011,-0.366616,-0.823465
0.654934,0.549449,1.04311,0.707258,0.642148,0.295689,0.558827,-0.763998,0.322519,0.433011,-0.0628652,-0.899194
0.654934,0.519295,1.1099,0.707258,0.502291,0.497484,0.558827,-0.828232,0.0417659,0.433011,0.248469,-0.866467
0.654934,0.468119,1.16234,0.707258,0.301849,0.639276,0.558827,-0.792568,-0.244025,0.433011,0.529833,-0.729231
0.654934,0.402093,1.19411,0.707258,0.0650003,0.703961,0.558827,-0.661309,-0.500382,0.433011,0.747292,-0.50404
0.654934,0.329181,1.20139,0.707258,-0.179689,0.683738,0.558827,-0.450286,-0.696387,0.433011,0.874617,-0.218054
0.654934,0.258176,1.18329,0.707258,-0.402704,0.581047,0.558827,-0.184952,-0.808396,0.433011,0.89645,0.0942333
