0.658953,0.469236,1.16977,0.308961,0.837546,-0.450621,0.951075,-0.272082,0.146383,-3.49349e-06,-0.473801,-0.880632
0.907818,0.219894,1.35728,0.92986,-0.336571,-0.148598,-0.179072,-0.0612025,-0.98193,0.321394,0.939667,-0.11718
0.907818,0.0989828,1.28444,0.92986,-0.265449,-0.254751,-0.179072,0.278328,-0.943645,0.321394,0.923076,0.211272
0.907818,0.0102774,1.17463,0.92986,-0.162311,-0.330176,-0.179072,0.584289,-0.791543,0.321394,0.795149,0.514241
0.907818,-0.0355226,1.04111,0.92986,-0.0395956,-0.365778,-0.179072,0.819775,-0.543968,0.321394,0.571315,0.755186
0.907818,-0.0328931,0.899976,0.92986,0.0878957,-0.357261,-0.179072,0.956385,-0.230783,0.321394,0.278571,0.905043
0.907818,0.0178489,0.768252,0.92986,0.204786,-0.305654,-0.179072,0.97764,0.110238,0.321394,-0.0477716,0.94574
0.907818,0.110583,0.661827,0.92986,0.296975,-0.21718,-0.179072,0.880978,0.437962,0.321394,-0.368353,0.872366
0.907818,0.234124,0.593537,0.92986,0.353345,-0.102511,-0.179072,0.678057,0.712862,0.321394,-0.644505,0.693772
0.907818,0.373571,0.571618,0.92986,0.367097,0.0245226,-0.179072,0.393351,0.90178,0.321394,-0.84292,0.431498
0.907818,0.512106,0.598716,0.92986,0.336571,0.148598,-0.179072,0.0612025,0.98193,0.321394,-0.939667,0.11718
0.907818,0.633017,0.67156,0.92986,0.265449,0.254751,-0.179072,-0.278328,0.943645,0.321394,-0.923076,-0.211272
0.907818,0.721723,0.781366,0.92986,0.162311,0.330176,-0.179072,-0.584289,0.791543,0.321394,-0.795149,-0.514241
0.907818,0.767523,0.914889,0.92986,0.0395956,0.365778,-0.179072,-0.819775,0.543968,0.321394,-0.571315,-0.755186
0.907818,0.764893,1.05602,0.92986,-0.0878957,0.357261,-0.179072,-0.956385,0.230783,0.321394,-0.278571,-0.905043
0.907818,0.714151,1.18775,0.92986,-0.204786,0.305654,-0.179072,-0.97764,-0.110238,0.321394,0.0477716,-0.94574
0.907818,0.621417,1.29417,0.92986,-0.296975,0.21718,-0.179072,-0.880978,-0.437962,0.321394,0.368353,-0.872366
0.907818,0.497876,1.36246,0.92986,-0.353345,0.102511,-0.179072,-0.678057,-0.712862,0.321394,0.644505,-0.693772
0.907818,0.358429,1.38438,0.92986,-0.367097,-0.0245226,-0.179072,-0.393351,-0.90178,0.321394,0.84292,-0.431498
0.907818,0.219894,1.35728,0.92986,-0.336571,-0.148598,-0.179072,-0.0612025,-0.98193,0.321394,0.939667,-0.11718
0.809114,0.27006,1.33029,0.796489,-0.604637,-0.00437201,-0.0275851,-0.0291129,-0.999195,0.604023,0.795969,-0.0398671
0.809114,0.155355,1.27623,0.796489,-0.566677,-0.210906,-0.0275851,0.314388,-0.948894,0.604023,0.761602,0.234775
0.809114,0.0660558,1.1862,0.796489,-0.460368,-0.392002,-0.0275851,0.619969,-0.784142,0.604023,0.635374,0.481099
0.809114,0.0129347,1.07106,0.796489,-0.298532,-0.525817,-0.0275851,0.850772,-0.52481,0.604023,0.43251,0.669396
0.809114,0.00239853,0.944693,0.796489,-0.100688,-0.59621,-0.0275851,0.97896,-0.202179,0.604023,0.17748,0.776954
0.809114,0.0357181,0.822343,0.796489,0.1093,-0.594692,-0.0275851,0.989071,0.144838,0.604023,-0.0989572,0.790799
0.809114,0.108874,0.718767,0.796489,0.306105,-0.521445,-0.0275851,0.879885,0.474385,0.604023,-0.363459,0.709263
0.809114,0.213044,0.646458,0.796489,0.465989,-0.385304,-0.0275851,0.664572,0.746715,0.604023,-0.584122,0.542179
0.809114,0.335662,0.614139,0.796489,0.569668,-0.20269,-0.0275851,0.369102,0.928979,0.604023,-0.734331,0.3097
0.809114,0.46194,0.625706,0.796489,0.604637,0.00437201,-0.0275851,0.0291129,0.999195,0.604023,-0.795969,0.0398671
0.809114,0.576645,0.679765,0.796489,0.566677,0.210906,-0.0275851,-0.314388,0.948894,0.604023,-0.761602,-0.234775
0.809114,0.665944,0.769796,0.796489,0.460368,0.392002,-0.0275851,-0.619969,0.784142,0.604023,-0.635374,-0.481099
0.809114,0.719065,0.884939,0.796489,0.298532,0.525817,-0.0275851,-0.850772,0.52481,0.604023,-0.43251,-0.669396
0.809114,0.729601,1.01131,0.796489,0.100688,0.59621,-0.0275851,-0.97896,0.202179,0.604023,-0.17748,-0.776954
0.809114,0.696282,1.13366,0.796489,-0.1093,0.594692,-0.0275851,-0.989071,-0.144838,0.604023,0.0989572,-0.790799
0.809114,0.623126,1.23723,0.796489,-0.306105,0.521445,-0.0275851,-0.879885,-0.474385,0.604023,0.363459,-0.709263
0.809114,0.518956,1.30954,0.796489,-0.465989,0.385304,-0.0275851,-0.664572,-0.746715,0.604023,0.584122,-0.542179
0.809114,0.396338,1.34186,0.796489,-0.569668,0.20269,-0.0275851,-0.369102,-0.928979,0.604023,0.734331,-0.3097
0.809114,0.27006,1.33029,0.796489,-0.604637,-0.00437201,-0.0275851,-0.0291129,-0.999195,0.604023,0.795969,-0.0398671
0.735846,0.34693,1.28894,0.567051,-0.816366,0.109544,0.127229,-0.0445856,-0.990871,0.813797,0.575811,0.0785834
0.735846,0.241733,1.26366,0.567051,-0.804599,-0.176276,0.127229,0.297001,-0.946363,0.813797,0.514209,0.270783
0.735846,0.151525,1.20393,0.567051,-0.695786,-0.440835,0.127229,0.602765,-0.78771,0.813797,0.390585,0.430323
0.735846,0.0871861,1.11695,0.567051,-0.503051,-0.652222,0.127229,0.835826,-0.534048,0.813797,0.219851,0.537959
0.735846,0.056476,1.01321,0.567051,-0.24964,-0.784941,0.127229,0.968075,-0.215971,0.813797,0.0225991,0.580709
0.735846,0.0630991,0.905226,0.567051,0.033881,-0.822986,0.127229,0.983559,0.128155,0.813797,-0.177378,0.553418
0.735846,0.106257,0.806016,0.567051,0.313315,-0.761765,0.127229,0.880412,0.456823,0.813797,-0.355961,0.459376
0.735846,0.180743,0.727551,0.567051,0.554959,-0.608665,0.127229,0.671074,0.730392,0.813797,-0.49161,0.309926
0.735846,0.277574,0.679293,0.567051,0.729667,-0.382151,0.127229,0.380794,0.915865,0.813797,-0.567963,0.123095
0.735846,0.38507,0.667064,0.567051,0.816366,-0.109544,0.127229,0.0445856,0.990871,0.813797,-0.575811,-0.0785834
0.735846,0.490267,0.692338,0.567051,0.804599,0.176276,0.127229,-0.297001,0.946363,0.813797,-0.514209,-0.270783
0.735846,0.580475,0.752067,0.567051,0.695786,0.440835,0.127229,-0.602765,0.78771,0.813797,-0.390585,-0.430323
0.735846,0.644814,0.839047,0.567051,0.503051,0.652222,0.127229,-0.835826,0.534048,0.813797,-0.219851,-0.537959
0.735846,0.675524,0.942787,0.567051,0.24964,0.784941,0.127229,-0.968075,0.215971,0.813797,-0.0225991,-0.580709
0.735846,0.668901,1.05077,0.567051,-0.033881,0.822986,0.127229,-0.983559,-0.128155,0.813797,0.177378,-0.553418
0.735846,0.625743,1.14998,0.567051,-0.313315,0.761765,0.127229,-0.880412,-0.456823,0.813797,0.355961,-0.459376
0.735846,0.551257,1.22845,0.567051,-0.554959,0.608665,0.127229,-0.671074,-0.730392,0.813797,0.49161,-0.309926
0.735846,0.454426,1.27671,0.567051,-0.729667,0.382151,0.127229,-0.380794,-0.915865,0.813797,0.567963,-0.123095
0.735846,0.34693,1.28894,0.567051,-0.816366,0.109544,0.127229,-0.0445856,-0.990871,0.813797,0.575811,0.0785834
0.696852,0.441231,1.2382,0.269218,-0.946221,0.179409,0.266698,-0.105754,-0.95796,0.925416,0.305748,0.223884
0.696852,0.3477,1.24824,0.269218,-0.950518,-0.155037,0.266698,0.228265,-0.936358,0.925416,0.210736,0.314954
0.696852,0.256377,1.22568,0.269218,-0.840169,-0.470784,0.266698,0.534753,-0.801818,0.925416,0.0903065,0.368036
0.696852,0.178276,1.17325,0.269218,-0.628483,-0.729747,0.266698,0.776741,-0.570566,0.925416,-0.0410154,0.376728
0.696852,0.122817,1.09727,0.269218,-0.340993,-0.900692,0.266698,0.925043,-0.270496,0.925416,-0.16739,0.33998
0.696852,0.0966895,1.0069,0.269218,-0.0123737,-0.963,0.266698,0.961771,0.0622005,0.925416,-0.273575,0.262226
0.696852,0.103045,0.913052,0.269218,0.317738,-0.909156,0.266698,0.882495,0.387394,0.925416,-0.346763,0.152843
0.696852,0.141117,0.827033,0.269218,0.609526,-0.745654,0.266698,0.696778,0.665863,0.925416,-0.378127,0.0250258
0.696852,0.206313,0.759223,0.269218,0.827795,-0.492216,0.266698,0.427018,0.864018,0.925416,-0.363882,-0.10581
0.696852,0.290769,0.7178,0.269218,0.946221,-0.179409,0.266698,0.105754,0.95796,0.925416,-0.305748,-0.223884
0.696852,0.3843,0.707762,0.269218,0.950518,0.155037,0.266698,-0.228265,0.936358,0.925416,-0.210736,-0.314954
0.696852,0.475623,0.730318,0.269218,0.840169,0.470784,0.266698,-0.534753,0.801818,0.925416,-0.0903065,-0.368036
0.696852,0.553724,0.782748,0.269218,0.628483,0.729747,0.266698,-0.776741,0.570566,0.925416,0.0410154,-0.376728
0.696852,0.609183,0.858729,0.269218,0.340993,0.900692,0.266698,-0.925043,0.270496,0.925416,0.16739,-0.33998
0.696852,0.63531,0.949095,0.269218,0.0123737,0.963,0.266698,-0.961771,-0.0622005,0.925416,0.273575,-0.262226
0.696852,0.628955,1.04295,0.269218,-0.317738,0.909156,0.266698,-0.882495,-0.387394,0.925416,0.346763,-0.152843
0.696852,0.590883,1.12897,0.269218,-0.609526,0.745654,0.266698,-0.696778,-0.665863,0.925416,0.378127,-0.0250258
0.696852,0.525687,1.19678,0.269218,-0.827795,0.492216,0.266698,-0.427018,-0.864018,0.925416,0.363882,0.10581
0.696852,0.441231,1.2382,0.269218,-0.946221,0.179409,0.266698,-0.105754,-0.95796,0.925416,0.305748,0.223884
0.696834,0.54159,1.1842,-0.061087,-0.978539,0.196797,0.373999,-0.205241,-0.904434,0.925415,0.0183526,0.37851
0.696834,0.460475,1.23182,-0.061087,-0.986835,-0.149751,0.373999,0.116471,-0.920087,0.925415,-0.112212,0.36196
0.696834,0.367964,1.24883,-0.061087,-0.876103,-0.478238,0.373999,0.424135,-0.824763,0.925415,-0.229243,0.301752
0.696834,0.275217,1.23317,-0.061087,-0.659701,-0.749041,0.373999,0.680642,-0.629961,0.925415,-0.318623,0.205149
0.696834,0.193419,1.18673,-0.061087,-0.363729,-0.9295,0.373999,0.855054,-0.359176,0.925415,-0.369573,0.0838014
0.696834,0.132438,1.11512,-0.061087,-0.0238856,-0.997847,0.373999,0.926333,-0.0450696,0.925415,-0.375947,-0.0476538
0.696834,0.0996271,1.02696,-0.061087,0.318838,-0.945838,0.373999,0.885883,0.274473,0.925415,-0.336976,-0.173361
0.696834,0.0989449,0.932905,-0.061087,0.623106,-0.779748,0.373999,0.738583,0.56091,0.925415,-0.257361,-0.278159
0.696834,0.130474,0.844287,-0.061087,0.852218,-0.519609,0.373999,0.502198,0.779694,0.925415,-0.146704,-0.349406
0.696834,0.19041,0.771796,-0.061087,0.978539,-0.196797,0.373999,0.205241,0.904434,0.925415,-0.0183526,-0.37851
0.696834,0.271525,0.724176,-0.061087,0.986835,0.149751,0.373999,-0.116471,0.920087,0.925415,0.112212,-0.36196
0.696834,0.364036,0.707172,-0.061087,0.876103,0.478238,0.373999,-0.424135,0.824763,0.925415,0.229243,-0.301752
0.696834,0.456783,0.722833,-0.061087,0.659701,0.749041,0.373999,-0.680642,0.629961,0.925415,0.318623,-0.205149
0.696834,0.538581,0.769271,-0.061087,0.363729,0.9295,0.373999,-0.855054,0.359176,0.925415,0.369573,-0.0838014
0.696834,0.599562,0.840885,-0.061087,0.0238856,0.997847,0.373999,-0.926333,0.0450696,0.925415,0.375947,0.0476538
0.696834,0.632373,0.929037,-0.061087,-0.318838,0.945838,0.373999,-0.885883,-0.274473,0.925415,0.336976,0.173361
0.696834,0.633055,1.02309,-0.061087,-0.623106,0.779748,0.373999,-0.738583,-0.56091,0.925415,0.257361,0.278159
0.696834,0.601526,1.11171,-0.061087,-0.852218,0.519609,0.373999,-0.502198,-0.779694,0.925415,0.146704,0.349406
0.696834,0.54159,1.1842,-0.061087,-0.978539,0.196797,0.373999,-0.205241,-0.904434,0.925415,0.0183526,0.37851
0.735794,0.635902,1.13346,-0.384024,-0.909423,0.159611,0.43619,-0.331046,-0.836748,0.813796,-0.251711,0.523811
0.735794,0.566454,1.2164,-0.384024,-0.909168,-0.161056,0.43619,-0.0248973,-0.89951,0.813796,-0.415684,0.406131
0.735794,0.472828,1.27058,-0.384024,-0.799254,-0.462297,0.43619,0.284255,-0.853778,0.813796,-0.529521,0.239466
0.735794,0.366317,1.28947,-0.384024,-0.592938,-0.707778,0.43619,0.559122,-0.705068,0.813796,-0.579489,0.0439177
0.735794,0.259768,1.2708,-0.384024,-0.315105,-0.867891,0.43619,0.76655,-0.471317,0.813796,-0.559562,-0.156928
0.735794,0.166032,1.21681,-0.384024,0.000733834,-0.923323,0.43619,0.881521,-0.180717,0.813796,-0.472144,-0.338845
0.735794,0.0964151,1.13401,-0.384024,0.316485,-0.867389,0.43619,0.890168,0.131679,0.813796,-0.327778,-0.479893
0.735794,0.0593141,1.0324,-0.384024,0.594063,-0.706835,0.43619,0.791447,0.428193,0.813796,-0.143878,-0.563059
0.735794,0.059204,0.924226,-0.384024,0.799988,-0.461026,0.43619,0.597266,0.673061,0.813796,0.0573767,-0.578311
0.735794,0.096098,0.822538,-0.384024,0.909423,-0.159611,0.43619,0.331046,0.836748,0.813796,0.251711,-0.523811
0.735794,0.165546,0.739602,-0.384024,0.909168,0.161056,0.43619,0.0248973,0.89951,0.813796,0.415684,-0.406131
0.735794,0.259172,0.68542,-0.384024,0.799254,0.462297,0.43619,-0.284255,0.853778,0.813796,0.529521,-0.239466
0.735794,0.365683,0.666527,-0.384024,0.592938,0.707778,0.43619,-0.559122,0.705068,0.813796,0.579489,-0.0439177
0.735794,0.472232,0.685203,-0.384024,0.315105,0.867891,0.43619,-0.76655,0.471317,0.813796,0.559562,0.156928
0.735794,0.565968,0.739194,-0.384024,-0.000733834,0.923323,0.43619,-0.881521,0.180717,0.813796,0.472144,0.338845
0.735794,0.635585,0.821989,-0.384024,-0.316485,0.867389,0.43619,-0.890168,-0.131679,0.813796,0.327778,0.479893
0.735794,0.672686,0.923601,-0.384024,-0.594063,0.706835,0.43619,-0.791447,-0.428193,0.813796,0.143878,0.563059
0.735794,0.672796,1.03177,-0.384024,-0.799988,0.461026,0.43619,-0.597266,-0.673061,0.813796,-0.0573767,0.578311
0.735794,0.635902,1.13346,-0.384024,-0.909423,0.159611,0.43619,-0.331046,-0.836748,0.813796,-0.251711,0.523811
0.809034,0.712792,1.09209,-0.660642,-0.747208,0.0723351,0.44577,-0.467996,-0.763065,0.604021,-0.471868,0.642261
0.809034,0.652855,1.20382,-0.660642,-0.726886,-0.187588,0.44577,-0.178789,-0.877111,0.604021,-0.663077,0.44214
0.809034,0.55832,1.28831,-0.660642,-0.618891,-0.424884,0.44577,0.131983,-0.885364,0.604021,-0.774309,0.18869
0.809034,0.440588,1.33538,-0.660642,-0.436248,-0.610934,0.44577,0.426836,-0.786829,0.604021,-0.792148,-0.0875191
0.809034,0.31386,1.33934,-0.660642,-0.200987,-0.723296,0.44577,0.670206,-0.593391,0.604021,-0.714443,-0.353172
0.809034,0.19342,1.29971,-0.660642,0.0585152,-0.748417,0.44577,0.832739,-0.328382,0.604021,-0.550565,-0.576227
0.809034,0.0937965,1.22128,-0.660642,0.31096,-0.683269,0.44577,0.894832,-0.0237641,0.604021,-0.32028,-0.72978
0.809034,0.0270044,1.11351,-0.660642,0.525899,-0.535708,0.44577,0.848995,0.28372,0.604021,-0.0513656,-0.795311
0.809034,0.00110017,0.989397,-0.660642,0.677406,-0.323533,0.44577,0.700756,0.556983,0.604021,0.223745,-0.764916
0.809034,0.0192082,0.863907,-0.660642,0.747208,-0.0723351,0.44577,0.467996,0.763065,0.604021,0.471868,-0.642261
0.809034,0.0791445,0.752178,-0.660642,0.726886,0.187588,0.44577,0.178789,0.877111,0.604021,0.663077,-0.44214
0.809034,0.17368,0.667686,-0.660642,0.618891,0.424884,0.44577,-0.131983,0.885364,0.604021,0.774309,-0.18869
0.809034,0.291412,0.620623,-0.660642,0.436248,0.610934,0.44577,-0.426836,0.786829,0.604021,0.792148,0.0875191
0.809034,0.41814,0.616665,-0.660642,0.200987,0.723296,0.44577,-0.670206,0.593391,0.604021,0.714443,0.353172
0.809034,0.53858,0.656289,-0.660642,-0.0585152,0.748417,0.44577,-0.832739,0.328382,0.604021,0.550565,0.576227
0.809034,0.638203,0.734716,-0.660642,-0.31096,0.683269,0.44577,-0.894832,0.0237641,0.604021,0.32028,0.72978
0.809034,0.704996,0.842487,-0.660642,-0.525899,0.535708,0.44577,-0.848995,-0.28372,0.604021,0.0513656,0.795311
0.809034,0.7309,0.966603,-0.660642,-0.677406,0.323533,0.44577,-0.700756,-0.556983,0.604021,-0.223745,0.764916
0.809034,0.712792,1.09209,-0.660642,-0.747208,0.0723351,0.44577,-0.467996,-0.763065,0.604021,-0.471868,0.642261
0.90772,0.762985,1.06509,-0.857576,-0.511461,-0.054503,0.401584,-0.599573,-0.692274,0.321392,-0.615565,0.719574
0.90772,0.709258,1.19561,-0.857576,-0.461975,-0.226146,0.401584,-0.326642,-0.855591,0.321392,-0.824551,0.465642
0.90772,0.614129,1.29989,-0.857576,-0.356768,-0.370512,0.401584,-0.0143143,-0.91571,0.321392,-0.934083,0.155548
0.90772,0.489072,1.36534,-0.857576,-0.208529,-0.470189,0.401584,0.29974,-0.865382,0.321392,-0.930952,-0.173308
0.90772,0.349171,1.38408,-0.857576,-0.0351392,-0.513155,0.401584,0.577642,-0.710676,0.321392,-0.815534,-0.481261
0.90772,0.211299,1.35383,-0.857576,0.142489,-0.494226,0.401584,0.785871,-0.470252,0.321392,-0.60175,-0.731166
0.90772,0.0920871,1.27826,-0.857576,0.302931,-0.415686,0.401584,0.899313,-0.173108,0.321392,-0.315387,-0.892882
0.90772,0.00591273,1.16646,-0.857576,0.426835,-0.287009,0.401584,0.904284,0.144915,0.321392,0.00901726,-0.946903
0.90772,-0.0368298,1.03194,-0.857576,0.499257,-0.123714,0.401584,0.800186,0.445459,0.321392,0.332333,-0.886714
0.90772,-0.0309851,0.890912,-0.857576,0.511461,0.054503,0.401584,0.599573,0.692274,0.321392,0.615565,-0.719574
0.90772,0.0227419,0.760387,-0.857576,0.461975,0.226146,0.401584,0.326642,0.855591,0.321392,0.824551,-0.465642
0.90772,0.117871,0.65611,-0.857576,0.356768,0.370512,0.401584,0.0143143,0.91571,0.321392,0.934083,-0.155548
0.90772,0.242928,0.590657,-0.857576,0.208529,0.470189,0.401584,-0.29974,0.865382,0.321392,0.930952,0.173308
0.90772,0.382829,0.571923,-0.857576,0.0351392,0.513155,0.401584,-0.577642,0.710676,0.321392,0.815534,0.481261
0.90772,0.520701,0.602169,-0.857576,-0.142489,0.494226,0.401584,-0.785871,0.470252,0.321392,0.60175,0.731166
0.90772,0.639913,0.677745,-0.857576,-0.302931,0.415686,0.401584,-0.899313,0.173108,0.321392,0.315387,0.892882
0.90772,0.726087,0.789536,-0.857576,-0.426835,0.287009,0.401584,-0.904284,-0.144915,0.321392,-0.00901726,0.946903
0.90772,0.76883,0.924059,-0.857576,-0.499257,0.123714,0.401584,-0.800186,-0.445459,0.321392,-0.332333,0.886714
0.90772,0.762985,1.06509,-0.857576,-0.511461,-0.054503,0.401584,-0.599573,-0.692274,0.321392,-0.615565,0.719574
0.883612,0.100587,1.2759,0.961642,-0.234253,-0.142725,-0.0812368,0.253762,-0.963849,0.262003,0.938472,0.224998
0.883612,0.0147069,1.16716,0.961642,-0.171311,-0.214237,-0.0812368,0.568114,-0.81893,0.262003,0.804922,0.532406
0.883612,-0.0288025,1.0356,0.961642,-0.0877066,-0.259909,-0.0812368,0.813943,-0.575236,0.262003,0.574285,0.775597
0.883612,-0.0246929,0.897095,0.961642,0.00647672,-0.274232,-0.0812368,0.961599,-0.26216,0.262003,0.274382,0.92524
0.883612,0.02654,0.768349,0.961642,0.0998789,-0.255478,-0.0812368,0.993272,0.0825361,0.262003,-0.0586159,0.963285
0.883612,0.118717,0.66489,0.961642,0.181234,-0.20591,-0.0812368,0.905141,0.417277,0.262003,-0.384544,0.885144
0.883612,0.24072,0.599197,0.961642,0.24073,-0.131507,-0.0812368,0.707837,0.701689,0.262003,-0.66409,0.700242
0.883612,0.377833,0.579194,0.961642,0.27119,-0.0412415,-0.0812368,0.425157,0.901466,0.262003,-0.863538,0.43088
0.883612,0.513519,0.607292,0.961642,0.268941,0.0539982,-0.0812368,0.0911976,0.992514,0.262003,-0.958829,0.109547
0.883612,0.631413,0.680103,0.961642,0.234253,0.142725,-0.0812368,-0.253762,0.963849,0.262003,-0.938472,-0.224998
0.883612,0.717293,0.788845,0.961642,0.171311,0.214237,-0.0812368,-0.568114,0.81893,0.262003,-0.804922,-0.532406
0.883612,0.760802,0.920401,0.961642,0.0877066,0.259909,-0.0812368,-0.813943,0.575236,0.262003,-0.574285,-0.775597
0.883612,0.756693,1.05891,0.961642,-0.00647672,0.274232,-0.0812368,-0.961599,0.26216,0.262003,-0.274382,-0.92524
0.883612,0.70546,1.18765,0.961642,-0.0998789,0.255478,-0.0812368,-0.993272,-0.0825361,0.262003,0.0586159,-0.963285
0.883612,0.613283,1.29111,0.961642,-0.181234,0.20591,-0.0812368,-0.905141,-0.417277,0.262003,0.384544,-0.885144
0.883612,0.49128,1.3568,0.961642,-0.24073,0.131507,-0.0812368,-0.707837,-0.701689,0.262003,0.66409,-0.700242
0.883612,0.354167,1.37681,0.961642,-0.27119,0.0412415,-0.0812368,-0.425157,-0.901466,0.262003,0.863538,-0.43088
0.883612,0.218481,1.34871,0.961642,-0.268941,-0.0539982,-0.0812368,-0.0911976,-0.992514,0.262003,0.958829,-0.109547
0.883612,0.100587,1.2759,0.961642,-0.234253,-0.142725,-0.0812368,0.253762,-0.963849,0.262003,0.938472,0.224998
0.763622,0.161576,1.24308,0.856221,-0.516529,0.00914673,0.156285,0.242108,-0.957579,0.492403,0.821329,0.288024
0.763622,0.08324,1.15718,0.856221,-0.488507,-0.168068,0.156285,0.555019,-0.817024,0.492403,0.673287,0.551565
0.763622,0.0390092,1.04966,0.856221,-0.401564,-0.325012,0.156285,0.800986,-0.577924,0.492403,0.444036,0.748579
0.763622,0.0342183,0.933505,0.856221,-0.266186,-0.442754,0.156285,0.950342,-0.269118,0.492403,0.161228,0.855304
0.763622,0.0694452,0.822713,0.856221,-0.0987021,-0.507094,0.156285,0.985073,0.0721484,0.492403,-0.141026,0.858866
0.763622,0.140441,0.73065,0.856221,0.0806866,-0.51027,0.156285,0.90099,0.404712,0.492403,-0.426271,0.758836
0.763622,0.238643,0.668421,0.856221,0.250343,-0.451901,0.156285,0.708234,0.688462,0.492403,-0.660101,0.567279
0.763622,0.352205,0.643532,0.856221,0.389805,-0.339025,0.156285,0.430054,0.889173,0.492403,-0.814313,0.307301
0.763622,0.467432,0.658985,0.856221,0.48225,-0.185259,0.156285,0.100004,0.982636,0.492403,-0.870307,0.0102567
0.763622,0.570424,0.712916,0.856221,0.516529,-0.00914673,0.156285,-0.242108,0.957579,0.492403,-0.821329,-0.288024
0.763622,0.64876,0.79882,0.856221,0.488507,0.168068,0.156285,-0.555019,0.817024,0.492403,-0.673287,-0.551565
0.763622,0.692991,0.906335,0.856221,0.401564,0.325012,0.156285,-0.800986,0.577924,0.492403,-0.444036,-0.748579
0.763622,0.697782,1.02249,0.856221,0.266186,0.442754,0.156285,-0.950342,0.269118,0.492403,-0.161228,-0.855304
0.763622,0.662555,1.13329,0.856221,0.0987021,0.507094,0.156285,-0.985073,-0.0721484,0.492403,0.141026,-0.858866
0.763622,0.591559,1.22535,0.856221,-0.0806866,0.51027,0.156285,-0.90099,-0.404712,0.492403,0.426271,-0.758836
0.763622,0.493357,1.28758,0.856221,-0.250343,0.451901,0.156285,-0.708234,-0.688462,0.492403,0.660101,-0.567279
0.763622,0.379795,1.31247,0.856221,-0.389805,0.339025,0.156285,-0.430054,-0.889173,0.492403,0.814313,-0.307301
0.763622,0.264568,1.29701,0.856221,-0.48225,0.185259,0.156285,-0.100004,-0.982636,0.492403,0.870307,-0.0102567
0.763622,0.161576,1.24308,0.856221,-0.516529,0.00914673,0.156285,0.242108,-0.957579,0.492403,0.821329,0.288024
0.674556,0.255026,1.19281,0.647527,-0.75003,0.134776,0.374957,0.159618,-0.913197,0.663413,0.641855,0.384586
0.674556,0.188251,1.1419,0.647527,-0.750894,-0.129877,0.374957,0.462323,-0.803532,0.663413,0.47161,0.58092
0.674556,0.142915,1.07122,0.647527,-0.661188,-0.378866,0.374957,0.709266,-0.59695,0.663413,0.244482,0.707186
0.674556,0.124486,0.989297,0.647527,-0.491734,-0.582157,0.374957,0.870661,-0.318366,0.663413,-0.0121337,0.748155
0.674556,0.135187,0.906013,0.647527,-0.26297,-0.715232,0.374957,0.927041,-0.00138243,0.663413,-0.267286,0.698886
0.674556,0.173728,0.831411,0.647527,-0.00248699,-0.762039,0.374957,0.871606,0.315768,0.663413,-0.4902,0.565321
0.674556,0.23546,0.774491,0.647527,0.258296,-0.716933,0.374957,0.711043,0.594831,0.663413,-0.653988,0.36357
0.674556,0.312937,0.742117,0.647527,0.487924,-0.585354,0.374957,0.464718,0.80215,0.663413,-0.738896,0.117966
0.674556,0.396814,0.738194,0.647527,0.658701,-0.383173,0.374957,0.16234,0.912717,0.663413,-0.734682,-0.141865
0.674556,0.476974,0.763195,0.647527,0.75003,-0.134776,0.374957,-0.159618,0.913197,0.663413,-0.641855,-0.384586
0.674556,0.543749,0.814104,0.647527,0.750894,0.129877,0.374957,-0.462323,0.803532,0.663413,-0.47161,-0.58092
0.674556,0.589085,0.884782,0.647527,0.661188,0.378866,0.374957,-0.709266,0.59695,0.663413,-0.244482,-0.707186
0.674556,0.607514,0.966703,0.647527,0.491734,0.582157,0.374957,-0.870661,0.318366,0.663413,0.0121337,-0.748155
0.674556,0.596813,1.04999,0.647527,0.26297,0.715232,0.374957,-0.927041,0.00138243,0.663413,0.267286,-0.698886
0.674556,0.558272,1.12459,0.647527,0.00248699,0.762039,0.374957,-0.871606,-0.315768,0.663413,0.4902,-0.565321
0.674556,0.49654,1.18151,0.647527,-0.258296,0.716933,0.374957,-0.711043,-0.594831,0.663413,0.653988,-0.36357
0.674556,0.419063,1.21388,0.647527,-0.487924,0.585354,0.374957,-0.464718,-0.80215,0.663413,0.738896,-0.117966
0.674556,0.335186,1.21781,0.647527,-0.658701,0.383173,0.374957,-0.16234,-0.912717,0.663413,0.734682,0.141865
0.674556,0.255026,1.19281,0.647527,-0.75003,0.134776,0.374957,0.159618,-0.913197,0.663413,0.641855,0.384586
0.627155,0.369667,1.13113,0.360731,-0.906591,0.21901,0.548404,0.0162389,-0.836056,0.754404,0.421697,0.503036
0.627155,0.317074,1.12315,0.360731,-0.926823,-0.104271,0.548404,0.301208,-0.780082,0.754404,0.224218,0.616928
0.627155,0.270382,1.09766,0.360731,-0.835266,-0.414974,0.548404,0.549846,-0.630018,0.754404,-0.000306323,0.65641
0.627155,0.235223,1.05774,0.360731,-0.642964,-0.675626,0.548404,0.732165,-0.403965,0.754404,-0.224793,0.616719
0.627155,0.215837,1.0082,0.360731,-0.37311,-0.854787,0.548404,0.826174,-0.129187,0.754404,-0.422167,0.502642
0.627155,0.214564,0.955021,0.360731,-0.0582546,-0.930849,0.548404,0.820535,0.161172,0.754404,-0.568621,0.32794
0.627155,0.231556,0.904613,0.360731,0.263628,-0.894636,0.548404,0.715926,0.432091,0.754404,-0.646491,0.113683
0.627155,0.264764,0.863056,0.360731,0.553712,-0.750517,0.548404,0.524967,0.650894,0.754404,-0.646384,-0.114286
0.627155,0.310182,0.835363,0.360731,0.777011,-0.515874,0.548404,0.270688,0.79119,0.754404,-0.568314,-0.32847
0.627155,0.362333,0.824874,0.360731,0.906591,-0.21901,0.548404,-0.0162389,0.836056,0.754404,-0.421697,-0.503036
0.627155,0.414926,0.832855,0.360731,0.926823,0.104271,0.548404,-0.301208,0.780082,0.754404,-0.224218,-0.616928
0.627155,0.461618,0.858342,0.360731,0.835266,0.414974,0.548404,-0.549846,0.630018,0.754404,0.000306323,-0.65641
0.627155,0.496777,0.898261,0.360731,0.642964,0.675626,0.548404,-0.732165,0.403965,0.754404,0.224793,-0.616719
0.627155,0.516163,0.947799,0.360731,0.37311,0.854787,0.548404,-0.826174,0.129187,0.754404,0.422167,-0.502642
0.627155,0.517436,1.00098,0.360731,0.0582546,0.930849,0.548404,-0.820535,-0.161172,0.754404,0.568621,-0.32794
0.627155,0.500444,1.05139,0.360731,-0.263628,0.894636,0.548404,-0.715926,-0.432091,0.754404,0.646491,-0.113683
0.627155,0.467236,1.09294,0.360731,-0.553712,0.750517,0.548404,-0.524967,-0.650894,0.754404,0.646384,0.114286
0.627155,0.421818,1.12064,0.360731,-0.777011,0.515874,0.548404,-0.270688,-0.79119,0.754404,0.568314,0.32847
0.627155,0.369667,1.13113,0.360731,-0.906591,0.21901,0.548404,0.0162389,-0.836056,0.754404,0.421697,0.503036
0.627137,0.491671,1.06548,0.0304265,-0.96733,0.251689,0.655705,-0.170734,-0.73546,0.754404,0.187411,0.629088
0.627137,0.454171,1.10319,0.0304265,-0.995075,-0.0943363,0.655705,0.0911046,-0.749501,0.754404,-0.039052,0.655248
0.627137,0.406036,1.1258,0.0304265,-0.9028,-0.428983,0.655705,0.341955,-0.673141,0.754404,-0.260805,0.602375
0.627137,0.353072,1.13058,0.0304265,-0.701634,-0.711888,0.655705,0.55156,-0.51559,0.754404,-0.451101,0.476847
0.627137,0.301667,1.11695,0.0304265,-0.41584,-0.908929,0.655705,0.694639,-0.295851,0.754404,-0.586987,0.293804
0.627137,0.258022,1.08657,0.0304265,-0.0798899,-0.996339,0.655705,0.753934,-0.0404289,0.754404,-0.652074,0.0753238
0.627137,0.227401,1.04309,0.0304265,0.265696,-0.963577,0.655705,0.722294,0.21987,0.754404,-0.638512,-0.152241
0.627137,0.213496,0.991763,0.0304265,0.579235,-0.814592,0.655705,0.603534,0.453649,0.754404,-0.547935,-0.361444
0.627137,0.217986,0.938773,0.0304265,0.82291,-0.567356,0.655705,0.41198,0.632712,0.754404,-0.391269,-0.527051
0.627137,0.240329,0.890515,0.0304265,0.96733,-0.251689,0.655705,0.170734,0.73546,0.754404,-0.187411,-0.629088
0.627137,0.277829,0.852809,0.0304265,0.995075,0.0943363,0.655705,-0.0911046,0.749501,0.754404,0.039052,-0.655248
0.627137,0.325964,0.830203,0.0304265,0.9028,0.428983,0.655705,-0.341955,0.673141,0.754404,0.260805,-0.602375
0.627137,0.378928,0.825423,0.0304265,0.701634,0.711888,0.655705,-0.55156,0.51559,0.754404,0.451101,-0.476847
0.627137,0.430333,0.839047,0.0304265,0.41584,0.908929,0.655705,-0.694639,0.295851,0.754404,0.586987,-0.293804
0.627137,0.473978,0.86943,0.0304265,0.0798899,0.996339,0.655705,-0.753934,0.0404289,0.754404,0.652074,-0.0753238
0.627137,0.504599,0.912908,0.0304265,-0.265696,0.963577,0.655705,-0.722294,-0.21987,0.754404,0.638512,0.152241
0.627137,0.518504,0.964237,0.0304265,-0.579235,0.814592,0.655705,-0.603534,-0.453649,0.754404,0.547935,0.361444
0.627137,0.514014,1.01723,0.0304265,-0.82291,0.567356,0.655705,-0.41198,-0.632712,0.754404,0.391269,0.527051
0.627137,0.491671,1.06548,0.0304265,-0.96733,0.251689,0.655705,-0.170734,-0.73546,0.754404,0.187411,0.629088
0.674504,0.606323,1.0038,-0.303548,-0.92492,0.228871,0.683918,-0.378749,-0.623542,0.663411,-0.0327462,0.747538
0.674504,0.583006,1.08444,-0.303548,-0.947419,-0.101273,0.683918,-0.142644,-0.715478,0.663411,-0.286444,0.691256
0.674504,0.533515,1.15224,-0.303548,-0.855645,-0.419202,0.683918,0.110666,-0.721117,0.663411,-0.505593,0.551598
0.674504,0.463819,1.19903,-0.303548,-0.660668,-0.686569,0.683918,0.350629,-0.639778,0.663411,-0.66376,0.34541
0.674504,0.382325,1.21915,-0.303548,-0.386005,-0.871125,0.683918,0.5483,-0.481272,0.663411,-0.741867,0.0975599
0.674504,0.298861,1.21019,-0.303548,-0.0647833,-0.950611,0.683918,0.679839,-0.264718,0.663411,-0.730495,-0.162057
0.674504,0.223496,1.17323,-0.303548,0.264252,-0.91544,0.683918,0.729378,-0.0162354,0.663411,-0.631014,-0.402128
0.674504,0.165319,1.11271,-0.303548,0.561414,-0.769852,0.683918,0.690944,0.234206,0.663411,-0.455423,-0.593696
0.674504,0.131347,1.03595,-0.303548,0.790862,-0.53141,0.683918,0.569172,0.456398,0.663411,-0.224902,-0.713656
0.674504,0.125677,0.952201,-0.303548,0.92492,-0.228871,0.683918,0.378749,0.623542,0.663411,0.0327462,-0.747538
0.674504,0.148994,0.871562,-0.303548,0.947419,0.101273,0.683918,0.142644,0.715478,0.663411,0.286444,-0.691256
0.674504,0.198485,0.80376,-0.303548,0.855645,0.419202,0.683918,-0.110666,0.721117,0.663411,0.505593,-0.551598
0.674504,0.268181,0.756975,-0.303548,0.660668,0.686569,0.683918,-0.350629,0.639778,0.663411,0.66376,-0.34541
0.674504,0.349675,0.736848,-0.303548,0.386005,0.871125,0.683918,-0.5483,0.481272,0.663411,0.741867,-0.0975599
0.674504,0.433139,0.745808,-0.303548,0.0647833,0.950611,0.683918,-0.679839,0.264718,0.663411,0.730495,0.162057
0.674504,0.508504,0.782774,-0.303548,-0.264252,0.91544,0.683918,-0.729378,0.0162354,0.663411,0.631014,0.402128
0.674504,0.566681,0.843287,-0.303548,-0.561414,0.769852,0.683918,-0.690944,-0.234206,0.663411,0.455423,0.593696
0.674504,0.600653,0.920048,-0.303548,-0.790862,0.53141,0.683918,-0.569172,-0.456398,0.663411,0.224902,0.713656
0.674504,0.606323,1.0038,-0.303548,-0.92492,0.228871,0.683918,-0.378749,-0.623542,0.663411,-0.0327462,0.747538
0.763543,0.699794,0.953509,-0.60091,-0.784476,0.153309,0.629641,-0.582718,-0.513802,0.492402,-0.21222,0.844099
0.763543,0.68804,1.06915,-0.60091,-0.789601,-0.124243,0.629641,-0.371845,-0.682117,0.492402,-0.48812,0.72061
0.763543,0.637443,1.1738,-0.60091,-0.699489,-0.38681,0.629641,-0.116122,-0.768159,0.492402,-0.705146,0.510205
0.763543,0.554106,1.25483,-0.60091,-0.525008,-0.602722,0.629641,0.153607,-0.761549,0.492402,-0.837121,0.238262
0.763543,0.448081,1.30247,-0.60091,-0.287203,-0.745936,0.629641,0.404809,-0.663086,0.492402,-0.868127,-0.0624194
0.763543,0.332156,1.31098,-0.60091,-0.0147569,-0.79918,0.629641,0.607184,-0.484644,0.492402,-0.794424,-0.355572
0.763543,0.220313,1.27932,-0.60091,0.259469,-0.756031,0.629641,0.736325,-0.247747,0.492402,-0.624901,-0.605837
0.763543,0.126041,1.21132,-0.60091,0.502399,-0.621693,0.629641,0.776653,0.0190318,0.492402,-0.380007,-0.78303
0.763543,0.0607128,1.11518,-0.60091,0.684732,-0.41237,0.629641,0.723306,0.283515,0.492402,-0.0892776,-0.865777
0.763543,0.0322063,1.00249,-0.60091,0.784476,-0.153309,0.629641,0.582718,0.513802,0.492402,0.21222,-0.844099
0.763543,0.0439603,0.886849,-0.60091,0.789601,0.124243,0.629641,0.371845,0.682117,0.492402,0.48812,-0.72061
0.763543,0.094557,0.782202,-0.60091,0.699489,0.38681,0.629641,0.116122,0.768159,0.492402,0.705146,-0.510205
0.763543,0.177894,0.701171,-0.60091,0.525008,0.602722,0.629641,-0.153607,0.761549,0.492402,0.837121,-0.238262
0.763543,0.283919,0.65353,-0.60091,0.287203,0.745936,0.629641,-0.404809,0.663086,0.492402,0.868127,0.0624194
0.763543,0.399844,0.645025,-0.60091,0.0147569,0.79918,0.629641,-0.607184,0.484644,0.492402,0.794424,0.355572
0.763543,0.511687,0.676681,-0.60091,-0.259469,0.756031,0.629641,-0.736325,0.247747,0.492402,0.624901,0.605837
0.763543,0.605959,0.744681,-0.60091,-0.502399,0.621693,0.629641,-0.776653,-0.0190318,0.492402,0.380007,0.78303
0.763543,0.671287,0.840822,-0.60091,-0.684732,0.41237,0.629641,-0.723306,-0.283515,0.492402,0.0892776,0.865777
0.763543,0.699794,0.953509,-0.60091,-0.784476,0.153309,0.629641,-0.582718,-0.513802,0.492402,-0.21222,0.844099
0.883514,0.760809,0.920681,-0.825794,-0.562939,0.0341162,0.499419,-0.758037,-0.419476,0.262001,-0.329363,0.907125
0.883514,0.756604,1.05917,-0.825794,-0.540658,-0.160478,0.499419,-0.568852,-0.653443,0.262001,-0.619755,0.73977
0.883514,0.705285,1.18787,-0.825794,-0.453166,-0.335716,0.499419,-0.311056,-0.808594,0.262001,-0.835395,0.483188
0.883514,0.613044,1.29126,-0.825794,-0.311015,-0.470461,0.499419,-0.0157415,-0.866217,0.262001,-0.950275,0.168326
0.883514,0.491006,1.35686,-0.825794,-0.131351,-0.548462,0.499419,0.281472,-0.819362,0.262001,-0.950537,-0.166838
0.883514,0.35389,1.37676,-0.825794,0.0641554,-0.560311,0.499419,0.544735,-0.673679,0.262001,-0.836151,-0.48188
0.883514,0.218235,1.34857,-0.825794,0.251924,-0.504577,0.499419,0.742296,-0.446741,0.262001,-0.620912,-0.738799
0.883514,0.100402,1.27569,-0.825794,0.409307,-0.387985,0.499419,0.850324,-0.165919,0.262001,-0.330782,-0.906608
0.883514,0.0146046,1.16689,-0.825794,0.517321,-0.224595,0.499419,0.855791,0.134915,0.262001,-0.000755353,-0.965067
0.883514,-0.0288095,1.03532,-0.825794,0.562939,-0.0341162,0.499419,0.758037,0.419476,0.262001,0.329363,-0.907125
0.883514,-0.0246037,0.896829,-0.825794,0.540658,0.160478,0.499419,0.568852,0.653443,0.262001,0.619755,-0.73977
0.883514,0.0267147,0.76813,-0.825794,0.453166,0.335716,0.499419,0.311056,0.808594,0.262001,0.835395,-0.483188
0.883514,0.118956,0.664744,-0.825794,0.311015,0.470461,0.499419,0.0157415,0.866217,0.262001,0.950275,-0.168326
0.883514,0.240994,0.599142,-0.825794,0.131351,0.548462,0.499419,-0.281472,0.819362,0.262001,0.950537,0.166838
0.883514,0.37811,0.579235,-0.825794,-0.0641554,0.560311,0.499419,-0.544735,0.673679,0.262001,0.836151,0.48188
0.883514,0.513765,0.607426,-0.825794,-0.251924,0.504577,0.499419,-0.742296,0.446741,0.262001,0.620912,0.738799
0.883514,0.631598,0.680313,-0.825794,-0.409307,0.387985,0.499419,-0.850324,0.165919,0.262001,0.330782,0.906608
0.883514,0.717395,0.789105,-0.825794,-0.517321,0.224595,0.499419,-0.855791,-0.134915,0.262001,0.000755353,0.965067
0.883514,0.760809,0.920681,-0.825794,-0.562939,0.0341162,0.499419,-0.758037,-0.419476,0.262001,-0.329363,0.907125
0.875863,0.0132913,1.15858,0.985232,-0.138232,-0.101047,-0.00862081,0.549343,-0.835553,0.17101,0.824084,0.540038
0.875863,-0.0271999,1.02706,0.985232,-0.0953357,-0.142232,-0.00862081,0.801989,-0.597276,0.17101,0.589681,0.789323
0.875863,-0.0202655,0.889616,0.985232,-0.0409401,-0.166261,-0.00862081,0.957904,-0.28696,0.17101,0.284155,0.943404
0.875863,0.0332583,0.762836,0.985232,0.0183935,-0.170236,-0.00862081,0.998281,0.0579687,0.17101,-0.055645,0.983697
0.875863,0.126916,0.662007,0.985232,0.0755085,-0.153679,-0.00862081,0.918251,0.395905,0.17101,-0.388733,0.905341
0.875863,0.24941,0.599292,0.985232,0.123516,-0.118586,-0.00862081,0.727466,0.686089,0.17101,-0.674935,0.717787
0.875863,0.385967,0.582255,0.985232,0.156626,-0.069189,-0.00862081,0.448938,0.893521,0.17101,-0.879729,0.443658
0.875863,0.520116,0.61295,0.985232,0.170844,-0.0114472,-0.00862081,0.116262,0.993181,0.17101,-0.978415,0.116017
0.875863,0.635676,0.687676,0.985232,0.164456,0.0476753,-0.00862081,-0.230438,0.973049,0.17101,-0.959089,-0.225617
0.875863,0.718709,0.797419,0.985232,0.138232,0.101047,-0.00862081,-0.549343,0.835553,0.17101,-0.824084,-0.540038
0.875863,0.7592,0.928943,0.985232,0.0953357,0.142232,-0.00862081,-0.801989,0.597276,0.17101,-0.589681,-0.789323
0.875863,0.752265,1.06638,0.985232,0.0409401,0.166261,-0.00862081,-0.957904,0.28696,0.17101,-0.284155,-0.943404
0.875863,0.698742,1.19316,0.985232,-0.0183935,0.170236,-0.00862081,-0.998281,-0.0579687,0.17101,0.055645,-0.983697
0.875863,0.605084,1.29399,0.985232,-0.0755085,0.153679,-0.00862081,-0.918251,-0.395905,0.17101,0.388733,-0.905341
0.875863,0.48259,1.35671,0.985232,-0.123516,0.118586,-0.00862081,-0.727466,-0.686089,0.17101,0.674935,-0.717787
0.875863,0.346033,1.37374,0.985232,-0.156626,0.069189,-0.00862081,-0.448938,-0.893521,0.17101,0.879729,-0.443658
0.875863,0.211884,1.34305,0.985232,-0.170844,0.0114472,-0.00862081,-0.116262,-0.993181,0.17101,0.978415,-0.116017
0.875863,0.0963245,1.26832,0.985232,-0.164456,-0.0476753,-0.00862081,0.230438,-0.973049,0.17101,0.959089,0.225617
0.875863,0.0132913,1.15858,0.985232,-0.138232,-0.101047,-0.00862081,0.549343,-0.835553,0.17101,0.824084,0.540038
0.749059,0.0777444,1.1239,0.900555,-0.431056,0.0564987,0.292759,0.505222,-0.811814,0.321393,0.747624,0.581176
0.749059,0.0452264,1.01651,0.900555,-0.424383,-0.0943382,0.292759,0.752411,-0.59006,0.321393,0.503763,0.801829
0.749059,0.0513986,0.904481,0.900555,-0.366524,-0.233797,0.292759,0.908847,-0.297135,0.321393,0.199141,0.92577
0.749059,0.0955163,0.801315,0.900555,-0.264457,-0.345056,0.292759,0.955663,0.0316281,0.321393,-0.129501,0.938049
0.749059,0.172258,0.719459,0.900555,-0.130492,-0.414696,0.292759,0.887212,0.356577,0.321393,-0.442523,0.837186
0.749059,0.272368,0.668788,0.900555,0.0192116,-0.434318,0.292759,0.71175,0.638517,0.321393,-0.70217,0.635346
0.749059,0.383772,0.655412,0.900555,0.166598,-0.401554,0.292759,0.450441,0.843443,0.321393,-0.877125,0.356874
0.749059,0.493032,0.680944,0.900555,0.293891,-0.320358,0.292759,0.134802,0.946637,0.321393,-0.946286,0.035357
0.749059,0.58697,0.742307,0.900555,0.385736,-0.200521,0.292759,-0.197097,0.935652,0.321393,-0.90131,-0.290424
0.749059,0.654256,0.832097,0.900555,0.431056,-0.0564987,0.292759,-0.505222,0.811814,0.321393,-0.747624,-0.581176
0.749059,0.686774,0.939485,0.900555,0.424383,0.0943382,0.292759,-0.752411,0.59006,0.321393,-0.503763,-0.801829
0.749059,0.680601,1.05152,0.900555,0.366524,0.233797,0.292759,-0.908847,0.297135,0.321393,-0.199141,-0.92577
0.749059,0.636484,1.15469,0.900555,0.264457,0.345056,0.292759,-0.955663,-0.0316281,0.321393,0.129501,-0.938049
0.749059,0.559742,1.23654,0.900555,0.130492,0.414696,0.292759,-0.887212,-0.356577,0.321393,0.442523,-0.837186
0.749059,0.459632,1.28721,0.900555,-0.0192116,0.434318,0.292759,-0.71175,-0.638517,0.321393,0.70217,-0.635346
0.749059,0.348228,1.30059,0.900555,-0.166598,0.401554,0.292759,-0.450441,-0.843443,0.321393,0.877125,-0.356874
0.749059,0.238968,1.27506,0.900555,-0.293891,0.320358,0.292759,-0.134802,-0.946637,0.321393,0.946286,-0.035357
0.749059,0.14503,1.21369,0.900555,-0.385736,0.200521,0.292759,0.197097,-0.935652,0.321393,0.90131,0.290424
0.749059,0.0777444,1.1239,0.900555,-0.431056,0.0564987,0.292759,0.505222,-0.811814,0.321393,0.747624,0.581176
0.654934,0.176503,1.07077,0.707258,-0.680715,0.190822,0.558827,0.372989,-0.74067,0.433011,0.630481,0.644202
0.654934,0.156202,1.00036,0.707258,-0.704928,-0.0535044,0.558827,0.603819,-0.568432,0.433011,0.372128,0.820989
0.654934,0.161206,0.927259,0.707258,-0.644116,-0.291377,0.558827,0.761819,-0.327633,0.433011,0.0688916,0.898752
0.654934,0.190912,0.860275,0.707258,-0.505614,-0.494106,0.558827,0.827933,-0.0473171,0.433011,-0.242654,0.868113
0.654934,0.241735,0.807491,0.707258,-0.306128,-0.637238,0.558827,0.794186,0.238706,0.433011,-0.524933,0.732767
0.654934,0.307547,0.775273,0.707258,-0.0697179,-0.70351,0.558827,0.664648,0.495938,0.433011,-0.743897,0.509038
0.654934,0.380409,0.767506,0.707258,0.175101,-0.684928,0.558827,0.454944,0.693352,0.433011,-0.873135,0.223912
0.654934,0.451533,0.785129,0.707258,0.3988,-0.583733,0.558827,0.190367,0.807138,0.433011,-0.897061,-0.0882217
0.654934,0.51234,0.826014,0.707258,0.574398,-0.412132,0.558827,-0.0971708,0.823571,0.433011,-0.812788,-0.389714
0.654934,0.555497,0.885231,0.707258,0.680715,-0.190822,0.558827,-0.372989,0.74067,0.433011,-0.630481,-0.644202
0.654934,0.575798,0.955638,0.707258,0.704928,0.0535044,0.558827,-0.603819,0.568432,0.433011,-0.372128,-0.820989
0.654934,0.570794,1.02874,0.707258,0.644116,0.291377,0.558827,-0.761819,0.327633,0.433011,-0.0688916,-0.898752
0.654934,0.541088,1.09572,0.707258,0.505614,0.494106,0.558827,-0.827933,0.0473171,0.433011,0.242654,-0.868113
0.654934,0.490265,1.14851,0.707258,0.306128,0.637238,0.558827,-0.794186,-0.238706,0.433011,0.524933,-0.732767
0.654934,0.424453,1.18073,0.707258,0.0697179,0.70351,0.558827,-0.664648,-0.495938,0.433011,0.743897,-0.509038
0.654934,0.351591,1.18849,0.707258,-0.175101,0.684928,0.558827,-0.454944,-0.693352,0.433011,0.873135,-0.223912
0.654934,0.280467,1.17087,0.707258,-0.3988,0.583733,0.558827,-0.190367,-0.807138,0.433011,0.897061,0.0882217
