0.658953,0.515395,1.12833,0.308961,0.809435,-0.499358,0.951075,-0.26295,0.162215,-3.49349e-06,-0.525045,-0.851075
0.907818,0.277578,1.33026,0.92986,-0.344769,-0.128436,-0.179072,-0.119158,-0.976593,0.321394,0.931094,-0.172539
0.907818,0.15257,1.26469,0.92986,-0.280049,-0.238608,-0.179072,0.222042,-0.958452,0.321394,0.933954,0.156319
0.907818,0.0575271,1.16032,0.92986,-0.181551,-0.320001,-0.179072,0.536462,-0.824707,0.321394,0.824165,0.466323
0.907818,0.00391183,1.02974,0.92986,-0.0611553,-0.362796,-0.179072,0.786175,-0.591491,0.321394,0.61497,0.720082
0.907818,-0.00180874,0.8887,0.92986,0.0666166,-0.361834,-0.179072,0.941065,-0.286932,0.321394,0.3316,0.886987
0.907818,0.0410554,0.754206,0.92986,0.186353,-0.317228,-0.179072,0.982448,0.0522356,0.321394,0.00823493,0.94691
0.907818,0.127334,0.642483,0.92986,0.283613,-0.23436,-0.179072,0.905334,0.385103,0.321394,-0.316124,0.89262
0.907818,0.246621,0.567007,0.92986,0.346665,-0.123225,-0.179072,0.719023,0.67152,0.321394,-0.602353,0.730668
0.907818,0.384528,0.536882,0.92986,0.367904,0.00277278,-0.179072,0.445987,0.876943,0.321394,-0.81593,0.480586
0.907818,0.524422,0.55574,0.92986,0.344769,0.128436,-0.179072,0.119158,0.976593,0.321394,-0.931094,0.172539
0.907818,0.64943,0.621308,0.92986,0.280049,0.238608,-0.179072,-0.222042,0.958452,0.321394,-0.933954,-0.156319
0.907818,0.744473,0.725676,0.92986,0.181551,0.320001,-0.179072,-0.536462,0.824707,0.321394,-0.824165,-0.466323
0.907818,0.798088,0.856257,0.92986,0.0611553,0.362796,-0.179072,-0.786175,0.591491,0.321394,-0.61497,-0.720082
0.907818,0.803809,0.9973,0.92986,-0.0666166,0.361834,-0.179072,-0.941065,0.286932,0.321394,-0.3316,-0.886987
0.907818,0.760945,1.13179,0.92986,-0.186353,0.317228,-0.179072,-0.982448,-0.0522356,0.321394,-0.00823493,-0.94691
0.907818,0.674666,1.24352,0.92986,-0.283613,0.23436,-0.179072,-0.905334,-0.385103,0.321394,0.316124,-0.89262
0.907818,0.555379,1.31899,0.92986,-0.346665,0.123225,-0.179072,-0.719023,-0.67152,0.321394,0.602353,-0.730668
0.907818,0.417472,1.34912,0.92986,-0.367904,-0.00277278,-0.179072,-0.445987,-0.876943,0.321394,0.81593,-0.480586
0.907818,0.277578,1.33026,0.92986,-0.344769,-0.128436,-0.179072,-0.119158,-0.976593,0.321394,0.931094,-0.172539
0.809114,0.32606,1.30035,0.796489,-0.603837,0.0313887,-0.0275851,-0.0881458,-0.995726,0.604023,0.792219,-0.0868641
0.809114,0.208358,1.25317,0.796489,-0.578157,-0.177029,-0.0275851,0.257728,-0.965824,0.604023,0.774152,0.189329
0.809114,0.113892,1.16858,0.796489,-0.482742,-0.364094,-0.0275851,0.572516,-0.819429,0.604023,0.66271,0.442687
0.809114,0.0540553,1.05678,0.796489,-0.329102,-0.507244,-0.0275851,0.818251,-0.574199,0.604023,0.471336,0.64265
0.809114,0.0360653,0.931251,0.796489,-0.135767,-0.589213,-0.0275851,0.965292,-0.259713,0.604023,0.223112,0.7651
0.809114,0.0620918,0.807145,0.796489,0.0739434,-0.600114,-0.0275851,0.995905,0.0860993,0.604023,-0.052023,0.795267
0.809114,0.128996,0.699425,0.796489,0.274735,-0.538633,-0.0275851,0.906397,0.421526,0.604023,-0.320883,0.729514
0.809114,0.228707,0.621083,0.796489,0.44239,-0.412184,-0.0275851,0.707564,0.706111,0.604023,-0.55104,0.57577
0.809114,0.3492,0.581569,0.796489,0.556686,-0.23602,-0.0275851,0.423388,0.905528,0.604023,-0.714733,0.35258
0.809114,0.47594,0.58565,0.796489,0.603837,-0.0313887,-0.0275851,0.0881458,0.995726,0.604023,-0.792219,0.0868641
0.809114,0.593642,0.632832,0.796489,0.578157,0.177029,-0.0275851,-0.257728,0.965824,0.604023,-0.774152,-0.189329
0.809114,0.688108,0.717424,0.796489,0.482742,0.364094,-0.0275851,-0.572516,0.819429,0.604023,-0.66271,-0.442687
0.809114,0.747945,0.829225,0.796489,0.329102,0.507244,-0.0275851,-0.818251,0.574199,0.604023,-0.471336,-0.64265
0.809114,0.765935,0.954749,0.796489,0.135767,0.589213,-0.0275851,-0.965292,0.259713,0.604023,-0.223112,-0.7651
0.809114,0.739908,1.07886,0.796489,-0.0739434,0.600114,-0.0275851,-0.995905,-0.0860993,0.604023,0.052023,-0.795267
0.809114,0.673004,1.18658,0.796489,-0.274735,0.538633,-0.0275851,-0.906397,-0.421526,0.604023,0.320883,-0.729514
0.809114,0.573293,1.26492,0.796489,-0.44239,0.412184,-0.0275851,-0.707564,-0.706111,0.604023,0.55104,-0.57577
0.809114,0.4528,1.30443,0.796489,-0.556686,0.23602,-0.0275851,-0.423388,-0.905528,0.604023,0.714733,-0.35258
0.809114,0.32606,1.30035,0.796489,-0.603837,0.0313887,-0.0275851,-0.0881458,-0.995726,0.604023,0.792219,-0.0868641
0.735846,0.400349,1.25452,0.567051,-0.80846,0.157625,0.127229,-0.103099,-0.986501,0.813797,0.579451,0.0443973
0.735846,0.293842,1.23551,0.567051,-0.813615,-0.128391,0.127229,0.240522,-0.962269,0.813797,0.529321,0.239904
0.735846,0.20026,1.18122,0.567051,-0.720636,-0.39892,0.127229,0.555132,-0.821974,0.813797,0.415347,0.406474
0.735846,0.13089,1.0982,0.567051,-0.540737,-0.621334,0.127229,0.802785,-0.582537,0.813797,0.251276,0.524018
0.735846,0.0940998,0.996454,0.567051,-0.295618,-0.768806,0.127229,0.95361,-0.272837,0.813797,0.0568977,0.578357
0.735846,0.0943259,0.888264,0.567051,-0.0148426,-0.823549,0.127229,0.989416,0.0697712,0.813797,-0.144343,0.562938
0.735846,0.131541,0.786676,0.567051,0.267723,-0.778959,0.127229,0.905884,0.403964,0.813797,-0.328174,0.47962
0.735846,0.201258,0.703944,0.567051,0.517997,-0.640416,0.127229,0.713089,0.689432,0.813797,-0.472423,0.338453
0.735846,0.295066,0.650044,0.567051,0.705793,-0.424629,0.127229,0.434285,0.891745,0.813797,-0.55969,0.156464
0.735846,0.401651,0.63148,0.567051,0.80846,-0.157625,0.127229,0.103099,0.986501,0.813797,-0.579451,-0.0443973
0.735846,0.508158,0.65049,0.567051,0.813615,0.128391,0.127229,-0.240522,0.962269,0.813797,-0.529321,-0.239904
0.735846,0.60174,0.70478,0.567051,0.720636,0.39892,0.127229,-0.555132,0.821974,0.813797,-0.415347,-0.406474
0.735846,0.67111,0.787804,0.567051,0.540737,0.621334,0.127229,-0.802785,0.582537,0.813797,-0.251276,-0.524018
0.735846,0.7079,0.889546,0.567051,0.295618,0.768806,0.127229,-0.95361,0.272837,0.813797,-0.0568977,-0.578357
0.735846,0.707674,0.997736,0.567051,0.0148426,0.823549,0.127229,-0.989416,-0.0697712,0.813797,0.144343,-0.562938
0.735846,0.670459,1.09932,0.567051,-0.267723,0.778959,0.127229,-0.905884,-0.403964,0.813797,0.328174,-0.47962
0.735846,0.600742,1.18206,0.567051,-0.517997,0.640416,0.127229,-0.713089,-0.689432,0.813797,0.472423,-0.338453
0.735846,0.506934,1.23596,0.567051,-0.705793,0.424629,0.127229,-0.434285,-0.891745,0.813797,0.55969,-0.156464
0.735846,0.400349,1.25452,0.567051,-0.80846,0.157625,0.127229,-0.103099,-0.986501,0.813797,0.579451,0.0443973
0.696852,0.491485,1.1983,0.269218,-0.933957,0.235046,0.266698,-0.162215,-0.950031,0.925416,0.318452,0.205413
0.696852,0.398712,1.21385,0.269218,-0.958023,-0.0985606,0.266698,0.172498,-0.948218,0.925416,0.228991,0.301942
0.696852,0.306215,1.19673,0.269218,-0.866537,-0.42028,0.266698,0.486404,-0.832035,0.925416,0.111911,0.362052
0.696852,0.22515,1.14901,0.269218,-0.670534,-0.691307,0.266698,0.741644,-0.615497,0.925416,-0.0186672,0.378494
0.696852,0.165295,1.07644,0.269218,-0.393655,-0.878952,0.266698,0.907429,-0.324721,0.925416,-0.146994,0.349283
0.696852,0.13387,0.987779,0.269218,-0.0692956,-0.960583,0.266698,0.963766,0.00522083,0.925416,-0.257591,0.277944
0.696852,0.134665,0.893714,0.269218,0.263422,-0.926353,0.266698,0.903858,0.334533,0.925416,-0.337119,0.173081
0.696852,0.167583,0.805595,0.269218,0.564367,-0.780392,0.266698,0.734932,0.623496,0.925416,-0.375985,0.0473411
0.696852,0.228655,0.734048,0.269218,0.797242,-0.540303,0.266698,0.477362,0.837256,0.925416,-0.369502,-0.0841084
0.696852,0.310515,0.687704,0.269218,0.933957,-0.235046,0.266698,0.162215,0.950031,0.925416,-0.318452,-0.205413
0.696852,0.403288,0.672152,0.269218,0.958023,0.0985606,0.266698,-0.172498,0.948218,0.925416,-0.228991,-0.301942
0.696852,0.495785,0.689269,0.269218,0.866537,0.42028,0.266698,-0.486404,0.832035,0.925416,-0.111911,-0.362052
0.696852,0.57685,0.73699,0.269218,0.670534,0.691307,0.266698,-0.741644,0.615497,0.925416,0.0186672,-0.378494
0.696852,0.636705,0.809558,0.269218,0.393655,0.878952,0.266698,-0.907429,0.324721,0.925416,0.146994,-0.349283
0.696852,0.66813,0.898221,0.269218,0.0692956,0.960583,0.266698,-0.963766,-0.00522083,0.925416,0.257591,-0.277944
0.696852,0.667335,0.992286,0.269218,-0.263422,0.926353,0.266698,-0.903858,-0.334533,0.925416,0.337119,-0.173081
0.696852,0.634417,1.08041,0.269218,-0.564367,0.780392,0.266698,-0.734932,-0.623496,0.925416,0.375985,-0.0473411
0.696852,0.573345,1.15195,0.269218,-0.797242,0.540303,0.266698,-0.477362,-0.837256,0.925416,0.369502,0.0841084
0.696852,0.491485,1.1983,0.269218,-0.933957,0.235046,0.266698,-0.162215,-0.950031,0.925416,0.318452,0.205413
0.696834,0.588476,1.13846,-0.061087,-0.96519,0.254315,0.373999,-0.258362,-0.890715,0.925415,0.0407024,0.376763
0.696834,0.510318,1.19079,-0.061087,-0.993963,-0.0911365,0.373999,0.0618614,-0.925364,0.925415,-0.0906127,0.367962
0.696834,0.418975,1.21324,-0.061087,-0.902849,-0.425596,0.373999,0.374624,-0.8484,0.925415,-0.210998,0.31478
0.696834,0.325464,1.20309,-0.061087,-0.702838,-0.708722,0.373999,0.642201,-0.669106,0.925415,-0.305935,0.223631
0.696834,0.241064,1.16157,-0.061087,-0.418055,-0.906365,0.373999,0.832319,-0.409108,0.925415,-0.363971,0.105508
0.696834,0.175954,1.09369,-0.061087,-0.0828479,-0.994688,0.373999,0.922048,-0.0997661,0.925415,-0.378107,-0.0253401
0.696834,0.137988,1.00763,-0.061087,0.262352,-0.963037,0.373999,0.900563,0.221609,0.925415,-0.346637,-0.153132
0.696834,0.131746,0.913776,-0.061087,0.575908,-0.815229,0.373999,0.770458,0.516255,0.925415,-0.273358,-0.262454
0.696834,0.157979,0.823448,-0.061087,0.820001,-0.569092,0.373999,0.547424,0.748634,0.925415,-0.167108,-0.34012
0.696834,0.213524,0.74754,-0.061087,0.96519,-0.254315,0.373999,0.258362,0.890715,0.925415,-0.0407024,-0.376763
0.696834,0.291682,0.695207,-0.061087,0.993963,0.0911365,0.373999,-0.0618614,0.925364,0.925415,0.0906127,-0.367962
0.696834,0.383025,0.672762,-0.061087,0.902849,0.425596,0.373999,-0.374624,0.8484,0.925415,0.210998,-0.31478
0.696834,0.476536,0.682911,-0.061087,0.702838,0.708722,0.373999,-0.642201,0.669106,0.925415,0.305935,-0.223631
0.696834,0.560936,0.724431,-0.061087,0.418055,0.906365,0.373999,-0.832319,0.409108,0.925415,0.363971,-0.105508
0.696834,0.626046,0.792314,-0.061087,0.0828479,0.994688,0.373999,-0.922048,0.0997661,0.925415,0.378107,0.0253401
0.696834,0.664012,0.878371,-0.061087,-0.262352,0.963037,0.373999,-0.900563,-0.221609,0.925415,0.346637,0.153132
0.696834,0.670254,0.972224,-0.061087,-0.575908,0.815229,0.373999,-0.770458,-0.516255,0.925415,0.273358,0.262454
0.696834,0.644021,1.06255,-0.061087,-0.820001,0.569092,0.373999,-0.547424,-0.748634,0.925415,0.167108,0.34012
0.696834,0.588476,1.13846,-0.061087,-0.96519,0.254315,0.373999,-0.258362,-0.890715,0.925415,0.0407024,0.376763
0.735794,0.679622,1.08223,-0.384024,-0.898394,0.213107,0.43619,-0.379945,-0.815708,0.813796,-0.220296,0.537778
0.735794,0.6152,1.16913,-0.384024,-0.917101,-0.107014,0.43619,-0.078043,-0.896464,0.813796,-0.390942,0.43
0.735794,0.524942,1.22875,-0.384024,-0.825192,-0.414227,0.43619,0.233272,-0.869093,0.813796,-0.514434,0.270358
0.735794,0.419734,1.25391,-0.384024,-0.633753,-0.671478,0.43619,0.516452,-0.736896,0.813796,-0.575878,0.0781068
0.735794,0.312267,1.24157,-0.384024,-0.365874,-0.847739,0.43619,0.737339,-0.515819,0.813796,-0.567862,-0.123565
0.735794,0.215503,1.19321,-0.384024,-0.0538648,-0.921751,0.43619,0.869293,-0.232527,0.813796,-0.491354,-0.310334
0.735794,0.141112,1.11468,-0.384024,0.264641,-0.884585,0.43619,0.896397,0.078812,0.813796,-0.355581,-0.459671
0.735794,0.0980675,1.01544,-0.384024,0.551227,-0.740726,0.43619,0.815382,0.380645,0.813796,-0.17692,-0.553566
0.735794,0.0915611,0.907461,-0.384024,0.771327,-0.507524,0.43619,0.63602,0.636566,0.813796,0.0230799,-0.580692
0.735794,0.122378,0.80377,-0.384024,0.898394,-0.213107,0.43619,0.379945,0.815708,0.813796,0.220296,-0.537778
0.735794,0.1868,0.716872,-0.384024,0.917101,0.107014,0.43619,0.078043,0.896464,0.813796,0.390942,-0.43
0.735794,0.277058,0.657249,-0.384024,0.825192,0.414227,0.43619,-0.233272,0.869093,0.813796,0.514434,-0.270358
0.735794,0.382266,0.632091,-0.384024,0.633753,0.671478,0.43619,-0.516452,0.736896,0.813796,0.575878,-0.0781068
0.735794,0.489733,0.644433,-0.384024,0.365874,0.847739,0.43619,-0.737339,0.515819,0.813796,0.567862,0.123565
0.735794,0.586497,0.692788,-0.384024,0.0538648,0.921751,0.43619,-0.869293,0.232527,0.813796,0.491354,0.310334
0.735794,0.660888,0.771321,-0.384024,-0.264641,0.884585,0.43619,-0.896397,-0.078812,0.813796,0.355581,0.459671
0.735794,0.703933,0.870561,-0.384024,-0.551227,0.740726,0.43619,-0.815382,-0.380645,0.813796,0.17692,0.553566
0.735794,0.710439,0.978539,-0.384024,-0.771327,0.507524,0.43619,-0.63602,-0.636566,0.813796,-0.0230799,0.580692
0.735794,0.679622,1.08223,-0.384024,-0.898394,0.213107,0.43619,-0.379945,-0.815708,0.813796,-0.220296,0.537778
0.809034,0.753931,1.03639,-0.660642,-0.741623,0.116392,0.44577,-0.512299,-0.734057,0.604021,-0.433064,0.669039
0.809034,0.700707,1.15147,-0.660642,-0.736707,-0.144277,0.44577,-0.230341,-0.865004,0.604021,-0.635772,0.480575
0.809034,0.611333,1.2414,-0.660642,-0.642932,-0.387545,0.44577,0.0793991,-0.891619,0.604021,-0.761797,0.234145
0.809034,0.49659,1.29534,-0.660642,-0.47161,-0.584069,0.44577,0.379562,-0.810692,0.604021,-0.795937,-0.0405251
0.809034,0.370317,1.30679,-0.660642,-0.243405,-0.710145,0.44577,0.633945,-0.631983,0.604021,-0.734076,-0.310308
0.809034,0.247746,1.27435,-0.660642,0.0141578,-0.750568,0.44577,0.811864,-0.377048,0.604021,-0.583674,-0.542663
0.809034,0.143659,1.20195,-0.660642,0.270013,-0.700461,0.44577,0.891861,-0.0766352,0.604021,-0.362873,-0.709564
0.809034,0.0706106,1.09832,-0.660642,0.493301,-0.565868,0.44577,0.864286,0.233021,0.604021,-0.0983036,-0.790882
0.809034,0.0374126,0.975954,-0.660642,0.65709,-0.363023,0.44577,0.732465,0.514571,0.604021,0.178123,-0.776808
0.809034,0.0480686,0.849613,-0.660642,0.741623,-0.116392,0.44577,0.512299,0.734057,0.604021,0.433064,-0.669039
0.809034,0.101293,0.734535,-0.660642,0.736707,0.144277,0.44577,0.230341,0.865004,0.604021,0.635772,-0.480575
0.809034,0.190667,0.644601,-0.660642,0.642932,0.387545,0.44577,-0.0793991,0.891619,0.604021,0.761797,-0.234145
0.809034,0.30541,0.590659,-0.660642,0.47161,0.584069,0.44577,-0.379562,0.810692,0.604021,0.795937,0.0405251
0.809034,0.431683,0.579214,-0.660642,0.243405,0.710145,0.44577,-0.633945,0.631983,0.604021,0.734076,0.310308
0.809034,0.554254,0.611647,-0.660642,-0.0141578,0.750568,0.44577,-0.811864,0.377048,0.604021,0.583674,0.542663
0.809034,0.658341,0.684046,-0.660642,-0.270013,0.700461,0.44577,-0.891861,0.0766352,0.604021,0.362873,0.709564
0.809034,0.731389,0.787679,-0.660642,-0.493301,0.565868,0.44577,-0.864286,-0.233021,0.604021,0.0983036,0.790882
0.809034,0.764587,0.910046,-0.660642,-0.65709,0.363023,0.44577,-0.732465,-0.514571,0.604021,-0.178123,0.776808
0.809034,0.753931,1.03639,-0.660642,-0.741623,0.116392,0.44577,-0.512299,-0.734057,0.604021,-0.433064,0.669039
0.90772,0.80244,1.00646,-0.857576,-0.513789,-0.0241642,0.401584,-0.639459,-0.655609,0.321392,-0.571939,0.754714
0.90772,0.756525,1.13993,-0.857576,-0.474539,-0.198433,0.401584,-0.376663,-0.834779,0.321392,-0.795574,0.513584
0.90772,0.667729,1.24965,-0.857576,-0.378052,-0.348768,0.401584,-0.0684365,-0.913262,0.321392,-0.923251,0.210509
0.90772,0.546761,1.32239,-0.857576,-0.235967,-0.457036,0.401584,0.248045,-0.881592,0.321392,-0.939571,-0.117957
0.90772,0.408212,1.34936,-0.857576,-0.0654213,-0.510179,0.401584,0.534608,-0.743589,0.321392,-0.842564,-0.432195
0.90772,0.268794,1.32732,-0.857576,0.113016,-0.501787,0.401584,0.75669,-0.515899,0.321392,-0.643932,-0.694304
0.90772,0.145321,1.25893,-0.857576,0.277821,-0.432872,0.401584,0.887503,-0.225983,0.321392,-0.367632,-0.87267
0.90772,0.0526869,1.15243,-0.857576,0.409117,-0.311746,0.401584,0.911271,0.0911895,0.321392,-0.0469902,-0.94578
0.90772,0.00206469,1.02067,-0.857576,0.491068,-0.153019,0.401584,0.825126,0.397363,0.321392,0.279319,-0.904814
0.90772,-0.00044007,0.879539,-0.857576,0.513789,0.0241642,0.401584,0.639459,0.655609,0.321392,0.571939,-0.754714
0.90772,0.0454748,0.746065,-0.857576,0.474539,0.198433,0.401584,0.376663,0.834779,0.321392,0.795574,-0.513584
0.90772,0.134271,0.636345,-0.857576,0.378052,0.348768,0.401584,0.0684365,0.913262,0.321392,0.923251,-0.210509
0.90772,0.255239,0.563612,-0.857576,0.235967,0.457036,0.401584,-0.248045,0.881592,0.321392,0.939571,0.117957
0.90772,0.393788,0.536639,-0.857576,0.0654213,0.510179,0.401584,-0.534608,0.743589,0.321392,0.842564,0.432195
0.90772,0.533206,0.558679,-0.857576,-0.113016,0.501787,0.401584,-0.75669,0.515899,0.321392,0.643932,0.694304
0.90772,0.656679,0.627073,-0.857576,-0.277821,0.432872,0.401584,-0.887503,0.225983,0.321392,0.367632,0.87267
0.90772,0.749313,0.733573,-0.857576,-0.409117,0.311746,0.401584,-0.911271,-0.0911895,0.321392,0.0469902,0.94578
0.90772,0.799935,0.865334,-0.857576,-0.491068,0.153019,0.401584,-0.825126,-0.397363,0.321392,-0.279319,0.904814
0.90772,0.80244,1.00646,-0.857576,-0.513789,-0.0241642,0.401584,-0.639459,-0.655609,0.321392,-0.571939,0.754714
0.883612,0.153667,1.25607,0.961642,-0.242283,-0.128623,-0.0812368,0.196324,-0.977168,0.262003,0.950135,0.169111
0.883612,0.0615067,1.1526,0.961642,-0.18368,-0.203732,-0.0812368,0.518696,-0.851091,0.262003,0.834995,0.483878
0.883612,0.0102942,1.02384,0.961642,-0.102922,-0.254268,-0.0812368,0.778505,-0.622359,0.262003,0.619143,0.740282
0.883612,0.00620668,0.885338,0.961642,-0.00975031,-0.274135,-0.0812368,0.944414,-0.318562,0.262003,0.328613,0.907396
0.883612,0.049737,0.753789,0.961642,0.0845973,-0.260937,-0.0812368,0.996414,0.0236581,0.262003,-0.00155292,0.965066
0.883612,0.135635,0.64506,0.961642,0.168741,-0.216267,-0.0812368,0.928231,0.363025,0.262003,-0.331531,0.906334
0.883612,0.25354,0.572268,0.961642,0.232533,-0.145511,-0.0812368,0.74809,0.658606,0.262003,-0.621522,0.738285
0.883612,0.38923,0.544192,0.961642,0.268277,-0.0572052,-0.0812368,0.477718,0.874749,0.262003,-0.836548,0.481188
0.883612,0.526341,0.564217,0.961642,0.271663,0.0380008,-0.0812368,0.149727,0.985384,0.262003,-0.950674,0.166053
0.883612,0.648333,0.62993,0.961642,0.242283,0.128623,-0.0812368,-0.196324,0.977168,0.262003,-0.950135,-0.169111
0.883612,0.740493,0.733403,0.961642,0.18368,0.203732,-0.0812368,-0.518696,0.851091,0.262003,-0.834995,-0.483878
0.883612,0.791706,0.862157,0.961642,0.102922,0.254268,-0.0812368,-0.778505,0.622359,0.262003,-0.619143,-0.740282
0.883612,0.795793,1.00066,0.961642,0.00975031,0.274135,-0.0812368,-0.944414,0.318562,0.262003,-0.328613,-0.907396
0.883612,0.752263,1.13221,0.961642,-0.0845973,0.260937,-0.0812368,-0.996414,-0.0236581,0.262003,0.00155292,-0.965066
0.883612,0.666365,1.24094,0.961642,-0.168741,0.216267,-0.0812368,-0.928231,-0.363025,0.262003,0.331531,-0.906334
0.883612,0.54846,1.31373,0.961642,-0.232533,0.145511,-0.0812368,-0.74809,-0.658606,0.262003,0.621522,-0.738285
0.883612,0.41277,1.34181,0.961642,-0.268277,0.0572052,-0.0812368,-0.477718,-0.874749,0.262003,0.836548,-0.481188
0.883612,0.275659,1.32178,0.961642,-0.271663,-0.0380008,-0.0812368,-0.149727,-0.985384,0.262003,0.950674,-0.166053
0.883612,0.153667,1.25607,0.961642,-0.242283,-0.128623,-0.0812368,0.196324,-0.977168,0.262003,0.950135,0.169111
0.763622,0.212608,1.21971,0.856221,-0.515085,0.0396738,0.156285,0.185062,-0.97022,0.492403,0.836923,0.238954
0.763622,0.12933,1.13859,0.856221,-0.49759,-0.138888,0.156285,0.505736,-0.848414,0.492403,0.704723,0.510788
0.763622,0.078819,1.03387,0.856221,-0.42008,-0.300698,0.156285,0.765411,-0.624276,0.492403,0.487524,0.721013
0.763622,0.0671678,0.918202,0.856221,-0.291901,-0.426239,0.156285,0.932766,-0.324842,0.492403,0.211521,0.844274
0.763622,0.0957818,0.80552,0.856221,-0.128515,-0.50037,0.156285,0.987616,0.0137733,0.492403,-0.0899936,0.865702
0.763622,0.16121,0.70942,0.856221,0.0503724,-0.514149,0.156285,0.923345,0.350727,0.492403,-0.380654,0.782714
0.763622,0.25556,0.641494,0.856221,0.223184,-0.465913,0.156285,0.747704,0.645378,0.492403,-0.625402,0.60532
0.763622,0.367452,0.609933,0.856221,0.369076,-0.361482,0.156285,0.48188,0.862187,0.492403,-0.794717,0.354914
0.763622,0.483391,0.618546,0.856221,0.470452,-0.213451,0.156285,0.157934,0.975004,0.492403,-0.868177,0.0617012
0.763622,0.589392,0.666292,0.856221,0.515085,-0.0396738,0.156285,-0.185062,0.97022,0.492403,-0.836923,-0.238954
0.763622,0.67267,0.747413,0.856221,0.49759,0.138888,0.156285,-0.505736,0.848414,0.492403,-0.704723,-0.510788
0.763622,0.723181,0.852125,0.856221,0.42008,0.300698,0.156285,-0.765411,0.624276,0.492403,-0.487524,-0.721013
0.763622,0.734832,0.967798,0.856221,0.291901,0.426239,0.156285,-0.932766,0.324842,0.492403,-0.211521,-0.844274
0.763622,0.706218,1.08048,0.856221,0.128515,0.50037,0.156285,-0.987616,-0.0137733,0.492403,0.0899936,-0.865702
0.763622,0.64079,1.17658,0.856221,-0.0503724,0.514149,0.156285,-0.923345,-0.350727,0.492403,0.380654,-0.782714
0.763622,0.54644,1.24451,0.856221,-0.223184,0.465913,0.156285,-0.747704,-0.645378,0.492403,0.625402,-0.60532
0.763622,0.434548,1.27607,0.856221,-0.369076,0.361482,0.156285,-0.48188,-0.862187,0.492403,0.794717,-0.354914
0.763622,0.318609,1.26745,0.856221,-0.470452,0.213451,0.156285,-0.157934,-0.975004,0.492403,0.868177,-0.0617012
0.763622,0.212608,1.21971,0.856221,-0.515085,0.0396738,0.156285,0.185062,-0.97022,0.492403,0.836923,0.238954
0.674556,0.302922,1.16399,0.647527,-0.740748,0.17889,0.374957,0.10534,-0.921038,0.663413,0.663473,0.345959
0.674556,0.233253,1.11712,0.647527,-0.757259,-0.0852488,0.374957,0.414,-0.829464,0.663413,0.505135,0.552016
0.674556,0.183817,1.04925,0.647527,-0.682434,-0.339106,0.374957,0.672726,-0.637845,0.663413,0.285871,0.691492
0.674556,0.160577,0.968558,0.647527,-0.525298,-0.552061,0.374957,0.850312,-0.369292,0.663413,0.032127,0.747564
0.674556,0.166335,0.884787,0.647527,-0.304802,-0.69843,0.374957,0.925337,-0.0561973,0.663413,-0.225492,0.713468
0.674556,0.200397,0.808037,0.647527,-0.0475431,-0.760558,0.374957,0.888753,0.263676,0.663413,-0.455914,0.593318
0.674556,0.258655,0.747566,0.647527,0.21545,-0.730952,0.374957,0.744972,0.551746,0.663413,-0.631346,0.401605
0.674556,0.334081,0.710667,0.647527,0.452457,-0.613182,0.374957,0.511337,0.773267,0.663413,-0.730628,0.161452
0.674556,0.41758,0.701791,0.647527,0.634891,-0.421453,0.374957,0.216027,0.901521,0.663413,-0.741785,-0.0981741
0.674556,0.499078,0.722008,0.647527,0.740748,-0.17889,0.374957,-0.10534,0.921038,0.663413,-0.663473,-0.345959
0.674556,0.568747,0.76888,0.647527,0.757259,0.0852488,0.374957,-0.414,0.829464,0.663413,-0.505135,-0.552016
0.674556,0.618183,0.836754,0.647527,0.682434,0.339106,0.374957,-0.672726,0.637845,0.663413,-0.285871,-0.691492
0.674556,0.641423,0.917442,0.647527,0.525298,0.552061,0.374957,-0.850312,0.369292,0.663413,-0.032127,-0.747564
0.674556,0.635665,1.00121,0.647527,0.304802,0.69843,0.374957,-0.925337,0.0561973,0.663413,0.225492,-0.713468
0.674556,0.601603,1.07796,0.647527,0.0475431,0.760558,0.374957,-0.888753,-0.263676,0.663413,0.455914,-0.593318
0.674556,0.543345,1.13843,0.647527,-0.21545,0.730952,0.374957,-0.744972,-0.551746,0.663413,0.631346,-0.401605
0.674556,0.467919,1.17533,0.647527,-0.452457,0.613182,0.374957,-0.511337,-0.773267,0.663413,0.730628,-0.161452
0.674556,0.38442,1.18421,0.647527,-0.634891,0.421453,0.374957,-0.216027,-0.901521,0.663413,0.741785,0.0981741
0.674556,0.302922,1.16399,0.647527,-0.740748,0.17889,0.374957,0.10534,-0.921038,0.663413,0.663473,0.345959
0.627155,0.413715,1.09564,0.360731,-0.892054,0.272235,0.548404,-0.0332267,-0.835553,0.754404,0.450705,0.47722
0.627155,0.360742,1.09078,0.360731,-0.931367,-0.0492838,0.548404,0.254553,-0.796527,0.754404,0.260305,0.60259
0.627155,0.312625,1.0681,0.360731,-0.858342,-0.364858,0.548404,0.51163,-0.661429,0.754404,0.0385086,0.655279
0.627155,0.275167,1.03033,0.360731,-0.681789,-0.636425,0.548404,0.706997,-0.446552,0.754404,-0.187932,0.628932
0.627155,0.252886,0.982028,0.360731,-0.423002,-0.831229,0.548404,0.81709,-0.177814,0.754404,-0.391706,0.526726
0.627155,0.24847,0.929016,0.360731,-0.113195,-0.925775,0.548404,0.828629,0.11237,0.754404,-0.548234,0.360989
0.627155,0.262451,0.877691,0.360731,0.210265,-0.908659,0.548404,0.740224,0.389001,0.754404,-0.638637,0.151712
0.627155,0.293144,0.834243,0.360731,0.508364,-0.781945,0.548404,0.562536,0.618713,0.754404,-0.652011,-0.0758644
0.627155,0.336845,0.803913,0.360731,0.745147,-0.560917,0.548404,0.316999,0.773799,0.754404,-0.586743,-0.29429
0.627155,0.388285,0.790359,0.360731,0.892054,-0.272235,0.548404,0.0332267,0.835553,0.754404,-0.450705,-0.47722
0.627155,0.441258,0.795215,0.360731,0.931367,0.0492838,0.548404,-0.254553,0.796527,0.754404,-0.260305,-0.60259
0.627155,0.489375,0.817897,0.360731,0.858342,0.364858,0.548404,-0.51163,0.661429,0.754404,-0.0385086,-0.655279
0.627155,0.526833,0.855668,0.360731,0.681789,0.636425,0.548404,-0.706997,0.446552,0.754404,0.187932,-0.628932
0.627155,0.549114,0.903972,0.360731,0.423002,0.831229,0.548404,-0.81709,0.177814,0.754404,0.391706,-0.526726
0.627155,0.55353,0.956984,0.360731,0.113195,0.925775,0.548404,-0.828629,-0.11237,0.754404,0.548234,-0.360989
0.627155,0.539549,1.00831,0.360731,-0.210265,0.908659,0.548404,-0.740224,-0.389001,0.754404,0.638637,-0.151712
0.627155,0.508856,1.05176,0.360731,-0.508364,0.781945,0.548404,-0.562536,-0.618713,0.754404,0.652011,0.0758644
0.627155,0.465155,1.08209,0.360731,-0.745147,0.560917,0.548404,-0.316999,-0.773799,0.754404,0.586743,0.29429
0.627155,0.413715,1.09564,0.360731,-0.892054,0.272235,0.548404,-0.0332267,-0.835553,0.754404,0.450705,0.47722
0.627137,0.531624,1.0229,0.0304265,-0.950755,0.308448,0.655705,-0.213924,-0.724077,0.754404,0.224282,0.616905
0.627137,0.496419,1.06276,0.0304265,-0.998912,-0.035331,0.655705,0.0466261,-0.753576,0.754404,-0.000237993,0.65641
0.627137,0.449705,1.08817,0.0304265,-0.926587,-0.374848,0.655705,0.301553,-0.692183,0.754404,-0.224729,0.616742
0.627137,0.397116,1.09607,0.0304265,-0.742501,-0.669154,0.655705,0.520107,-0.547302,0.754404,-0.422115,0.502686
0.627137,0.344996,1.08551,0.0304265,-0.468859,-0.882749,0.655705,0.675929,-0.336409,0.754404,-0.568587,0.327999
0.627137,0.299631,1.05777,0.0304265,-0.138665,-0.989872,0.655705,0.750224,-0.0849394,0.754404,-0.646479,0.11375
0.627137,0.266492,1.01617,0.0304265,0.208254,-0.977601,0.655705,0.734031,0.176775,0.754404,-0.646397,-0.114219
0.627137,0.249577,0.965756,0.0304265,0.530054,-0.847418,0.655705,0.629303,0.417168,0.754404,-0.568349,-0.328411
0.627137,0.250926,0.912594,0.0304265,0.787922,-0.615023,0.655705,0.448672,0.607244,0.754404,-0.42175,-0.502992
0.627137,0.270376,0.8631,0.0304265,0.950755,-0.308448,0.655705,0.213924,0.724077,0.754404,-0.224282,-0.616905
0.627137,0.305581,0.823242,0.0304265,0.998912,0.035331,0.655705,-0.0466261,0.753576,0.754404,0.000237993,-0.65641
0.627137,0.352295,0.797829,0.0304265,0.926587,0.374848,0.655705,-0.301553,0.692183,0.754404,0.224729,-0.616742
0.627137,0.404884,0.789926,0.0304265,0.742501,0.669154,0.655705,-0.520107,0.547302,0.754404,0.422115,-0.502686
0.627137,0.457004,0.800486,0.0304265,0.468859,0.882749,0.655705,-0.675929,0.336409,0.754404,0.568587,-0.327999
0.627137,0.502369,0.828235,0.0304265,0.138665,0.989872,0.655705,-0.750224,0.0849394,0.754404,0.646479,-0.11375
0.627137,0.535508,0.869826,0.0304265,-0.208254,0.977601,0.655705,-0.734031,-0.176775,0.754404,0.646397,0.114219
0.627137,0.552423,0.920244,0.0304265,-0.530054,0.847418,0.655705,-0.629303,-0.417168,0.754404,0.568349,0.328411
0.627137,0.551074,0.973406,0.0304265,-0.787922,0.615023,0.655705,-0.448672,-0.607244,0.754404,0.42175,0.502992
0.627137,0.531624,1.0229,0.0304265,-0.950755,0.308448,0.655705,-0.213924,-0.724077,0.754404,0.224282,0.616905
0.674504,0.642428,0.954543,-0.303548,-0.909768,0.283162,0.683918,-0.414958,-0.600055,0.663411,0.0115141,0.748166
0.674504,0.62392,1.03642,-0.303548,-0.951749,-0.0450734,0.683918,-0.184702,-0.705791,0.663411,-0.245068,0.706984
0.674504,0.578525,1.10703,-0.303548,-0.878936,-0.367873,0.683918,0.0678321,-0.726399,0.663411,-0.472092,0.58053
0.674504,0.511717,1.15785,-0.303548,-0.70011,-0.646301,0.683918,0.312184,-0.659392,0.663411,-0.642174,0.384055
0.674504,0.431556,1.18276,-0.303548,-0.43684,-0.846776,0.683918,0.518883,-0.512852,0.663411,-0.7348,0.141257
0.674504,0.347709,1.17876,-0.303548,-0.120881,-0.945117,0.683918,0.662996,-0.304455,0.663411,-0.738799,-0.118579
0.674504,0.270289,1.14631,-0.303548,0.209658,-0.929463,0.683918,0.727142,-0.0593362,0.663411,-0.653688,-0.364112
0.674504,0.208636,1.08934,-0.303548,0.514909,-0.801702,0.683918,0.703584,0.192939,0.663411,-0.489732,-0.565727
0.674504,0.170184,1.01473,-0.303548,0.758055,-0.577245,0.683918,0.595164,0.421944,0.663411,-0.266708,-0.699108
0.674504,0.159572,0.931457,-0.303548,0.909768,-0.283162,0.683918,0.414958,0.600055,0.663411,-0.0115141,-0.748166
0.674504,0.17808,0.84958,-0.303548,0.951749,0.0450734,0.683918,0.184702,0.705791,0.663411,0.245068,-0.706984
0.674504,0.223475,0.77897,-0.303548,0.878936,0.367873,0.683918,-0.0678321,0.726399,0.663411,0.472092,-0.58053
0.674504,0.290283,0.728146,-0.303548,0.70011,0.646301,0.683918,-0.312184,0.659392,0.663411,0.642174,-0.384055
0.674504,0.370444,0.703235,-0.303548,0.43684,0.846776,0.683918,-0.518883,0.512852,0.663411,0.7348,-0.141257
0.674504,0.454291,0.707244,-0.303548,0.120881,0.945117,0.683918,-0.662996,0.304455,0.663411,0.738799,0.118579
0.674504,0.531711,0.739689,-0.303548,-0.209658,0.929463,0.683918,-0.727142,0.0593362,0.663411,0.653688,0.364112
0.674504,0.593364,0.796656,-0.303548,-0.514909,0.801702,0.683918,-0.703584,-0.192939,0.663411,0.489732,0.565727
0.674504,0.631816,0.871274,-0.303548,-0.758055,0.577245,0.683918,-0.595164,-0.421944,0.663411,0.266708,0.699108
0.674504,0.642428,0.954543,-0.303548,-0.909768,0.283162,0.683918,-0.414958,-0.600055,0.663411,0.0115141,0.748166
0.763543,0.732761,0.898815,-0.60091,-0.774038,0.199428,0.629641,-0.61208,-0.478446,0.492402,-0.161936,0.855171
0.763543,0.727866,1.01495,-0.60091,-0.795566,-0.0773358,0.629641,-0.411529,-0.658936,0.492402,-0.444655,0.748213
0.763543,0.683546,1.1224,-0.60091,-0.721137,-0.344772,0.629641,-0.161341,-0.759949,0.492402,-0.673743,0.551009
0.763543,0.605146,1.20822,-0.60091,-0.559729,-0.570623,0.629641,0.108307,-0.7693,0.492402,-0.821568,0.287345
0.763543,0.502124,1.26205,-0.60091,-0.330808,-0.727649,0.629641,0.364891,-0.685862,0.492402,-0.870299,-0.0109766
0.763543,0.386904,1.27739,-0.60091,-0.0619877,-0.796909,0.629641,0.577464,-0.5197,0.492402,-0.814059,-0.307974
0.763543,0.273385,1.25241,-0.60091,0.21431,-0.770051,0.629641,0.720387,-0.290853,0.492402,-0.659632,-0.567826
0.763543,0.175258,1.1901,-0.60091,0.464758,-0.650313,0.629641,0.77642,-0.0269261,0.492402,-0.425643,-0.759189
0.763543,0.104359,1.09799,-0.60091,0.65915,-0.452137,0.629641,0.738805,0.240249,0.492402,-0.140316,-0.858983
0.763543,0.0692386,0.987185,-0.60091,0.774038,-0.199428,0.629641,0.61208,0.478446,0.492402,0.161936,-0.855171
0.763543,0.0741339,0.871052,-0.60091,0.795566,0.0773358,0.629641,0.411529,0.658936,0.492402,0.444655,-0.748213
0.763543,0.118454,0.763596,-0.60091,0.721137,0.344772,0.629641,0.161341,0.759949,0.492402,0.673743,-0.551009
0.763543,0.196854,0.677779,-0.60091,0.559729,0.570623,0.629641,-0.108307,0.7693,0.492402,0.821568,-0.287345
0.763543,0.299876,0.623951,-0.60091,0.330808,0.727649,0.629641,-0.364891,0.685862,0.492402,0.870299,0.0109766
0.763543,0.415096,0.608606,-0.60091,0.0619877,0.796909,0.629641,-0.577464,0.5197,0.492402,0.814059,0.307974
0.763543,0.528615,0.633593,-0.60091,-0.21431,0.770051,0.629641,-0.720387,0.290853,0.492402,0.659632,0.567826
0.763543,0.626742,0.6959,-0.60091,-0.464758,0.650313,0.629641,-0.77642,0.0269261,0.492402,0.425643,0.759189
0.763543,0.697641,0.78801,-0.60091,-0.65915,0.452137,0.629641,-0.738805,-0.240249,0.492402,0.140316,0.858983
0.763543,0.732761,0.898815,-0.60091,-0.774038,0.199428,0.629641,-0.61208,-0.478446,0.492402,-0.161936,0.855171
0.883514,0.791729,0.862436,-0.825794,-0.559936,0.0673439,0.499419,-0.781515,-0.373918,0.262001,-0.275147,0.925013
0.883514,0.79572,1.00093,-0.825794,-0.549201,-0.128227,0.499419,-0.606496,-0.618662,0.262001,-0.574927,0.775123
0.883514,0.752102,1.13244,-0.825794,-0.472224,-0.308332,0.499419,-0.358325,-0.788786,0.262001,-0.805362,0.53174
0.883514,0.666135,1.2411,-0.825794,-0.33829,-0.451247,0.499419,-0.0669346,-0.863771,0.262001,-0.938659,0.224223
0.883514,0.548189,1.3138,-0.825794,-0.163553,-0.539736,0.499419,0.232529,-0.834572,0.262001,-0.958739,-0.11034
0.883514,0.412491,1.34178,-0.825794,0.0309112,-0.563124,0.499419,0.503946,-0.704712,0.262001,-0.863182,-0.431594
0.883514,0.275406,1.32166,-0.825794,0.221647,-0.518591,0.499419,0.71458,-0.489852,0.262001,-0.663512,-0.700791
0.883514,0.153469,1.25587,-0.825794,0.385648,-0.411509,0.499419,0.839025,-0.21591,0.262001,-0.383813,-0.885462
0.883514,0.061389,1.15234,-0.825794,0.503135,-0.254792,0.499419,0.862271,0.0840745,0.262001,-0.0578198,-0.963334
0.883514,0.0102707,1.02356,-0.825794,0.559936,-0.0673439,0.499419,0.781515,0.373918,0.262001,0.275147,-0.925013
0.883514,0.00628005,0.885068,-0.825794,0.549201,0.128227,0.499419,0.606496,0.618662,0.262001,0.574927,-0.775123
0.883514,0.0498985,0.75356,-0.825794,0.472224,0.308332,0.499419,0.358325,0.788786,0.262001,0.805362,-0.53174
0.883514,0.135865,0.6449,-0.825794,0.33829,0.451247,0.499419,0.0669346,0.863771,0.262001,0.938659,-0.224223
0.883514,0.253811,0.572197,-0.825794,0.163553,0.539736,0.499419,-0.232529,0.834572,0.262001,0.958739,0.11034
0.883514,0.389509,0.544217,-0.825794,-0.0309112,0.563124,0.499419,-0.503946,0.704712,0.262001,0.863182,0.431594
0.883514,0.526594,0.564337,-0.825794,-0.221647,0.518591,0.499419,-0.71458,0.489852,0.262001,0.663512,0.700791
0.883514,0.648531,0.630128,-0.825794,-0.385648,0.411509,0.499419,-0.839025,0.21591,0.262001,0.383813,0.885462
0.883514,0.740611,0.733657,-0.825794,-0.503135,0.254792,0.499419,-0.862271,-0.0840745,0.262001,0.0578198,0.963334
0.883514,0.791729,0.862436,-0.825794,-0.559936,0.0673439,0.499419,-0.781515,-0.373918,0.262001,-0.275147,0.925013
0.875863,0.0595865,1.14412,0.985232,-0.143966,-0.0926968,-0.00862081,0.498974,-0.866574,0.17101,0.854575,0.490364
0.875863,0.0113889,1.01522,0.985232,-0.103579,-0.136346,-0.00862081,0.765268,-0.643654,0.17101,0.635323,0.753073
0.875863,0.0101841,0.877611,0.985232,-0.0506997,-0.163549,-0.00862081,0.939259,-0.3431,0.17101,0.339442,0.924951
0.875863,0.0561176,0.747888,0.985232,0.00829499,-0.171026,-0.00862081,0.999962,-0.0011625,0.17101,0.00261972,0.985266
0.875863,0.143649,0.641698,0.985232,0.0662891,-0.157875,-0.00862081,0.940055,0.340915,0.17101,-0.334519,0.926743
0.875863,0.262221,0.571849,0.985232,0.116288,-0.125682,-0.00862081,0.766763,0.641873,0.17101,-0.63131,0.756441
0.875863,0.397531,0.546767,0.985232,0.152261,-0.0783294,-0.00862081,0.500988,0.865411,0.17101,-0.851955,0.494902
0.875863,0.53326,0.569476,0.985232,0.169868,-0.0215294,-0.00862081,0.174786,0.984569,0.17101,-0.969842,0.17367
0.875863,0.653036,0.637238,0.985232,0.166988,0.0378674,-0.00862081,-0.172497,0.984972,0.17101,-0.970752,-0.16851
0.875863,0.742414,0.741879,0.985232,0.143966,0.0926968,-0.00862081,-0.498974,0.866574,0.17101,-0.854575,-0.490364
0.875863,0.790611,0.870779,0.985232,0.103579,0.136346,-0.00862081,-0.765268,0.643654,0.17101,-0.635323,-0.753073
0.875863,0.791816,1.00839,0.985232,0.0506997,0.163549,-0.00862081,-0.939259,0.3431,0.17101,-0.339442,-0.924951
0.875863,0.745882,1.13811,0.985232,-0.00829499,0.171026,-0.00862081,-0.999962,0.0011625,0.17101,-0.00261972,-0.985266
0.875863,0.658351,1.2443,0.985232,-0.0662891,0.157875,-0.00862081,-0.940055,-0.340915,0.17101,0.334519,-0.926743
0.875863,0.539779,1.31415,0.985232,-0.116288,0.125682,-0.00862081,-0.766763,-0.641873,0.17101,0.63131,-0.756441
0.875863,0.404469,1.33923,0.985232,-0.152261,0.0783294,-0.00862081,-0.500988,-0.865411,0.17101,0.851955,-0.494902
0.875863,0.26874,1.31652,0.985232,-0.169868,0.0215294,-0.00862081,-0.174786,-0.984569,0.17101,0.969842,-0.17367
0.875863,0.148964,1.24876,0.985232,-0.166988,-0.0378674,-0.00862081,0.172497,-0.984972,0.17101,0.970752,0.16851
0.875863,0.0595865,1.14412,0.985232,-0.143966,-0.0926968,-0.00862081,0.498974,-0.866574,0.17101,0.854575,0.490364
0.749059,0.121876,1.10569,0.900555,-0.42696,0.0818888,0.292759,0.456334,-0.840268,0.321393,0.780681,0.535951
0.749059,0.0830652,1.00042,0.900555,-0.429219,-0.0690788,0.292759,0.716203,-0.633518,0.321393,0.550295,0.770638
0.749059,0.0826018,0.888213,0.900555,-0.379708,-0.211714,0.292759,0.889687,-0.350357,0.321393,0.253534,0.912374
0.749059,0.120542,0.782618,0.900555,-0.284398,-0.328814,0.292759,0.955861,-0.024937,0.321393,-0.0738061,0.944065
0.749059,0.192309,0.696368,0.900555,-0.154786,-0.406254,0.292759,0.906745,0.303491,0.321393,-0.392244,0.861888
0.749059,0.289248,0.639865,0.900555,-0.00650382,-0.434694,0.292759,0.748261,0.595313,0.321393,-0.663372,0.675754
0.749059,0.399666,0.619925,0.900555,0.142562,-0.410703,0.292759,0.499527,0.815332,0.321393,-0.854488,0.408115
0.749059,0.510244,0.638953,0.900555,0.274434,-0.337175,0.292759,0.190542,0.937009,0.321393,-0.942539,0.0912504
0.749059,0.607646,0.694653,0.900555,0.373204,-0.222979,0.292759,-0.141425,0.94567,0.321393,-0.916907,-0.23662
0.749059,0.680124,0.780307,0.900555,0.42696,-0.0818888,0.292759,-0.456334,0.840268,0.321393,-0.780681,-0.535951
0.749059,0.718935,0.885585,0.900555,0.429219,0.0690788,0.292759,-0.716203,0.633518,0.321393,-0.550295,-0.770638
0.749059,0.719398,0.997787,0.900555,0.379708,0.211714,0.292759,-0.889687,0.350357,0.321393,-0.253534,-0.912374
0.749059,0.681458,1.10338,0.900555,0.284398,0.328814,0.292759,-0.955861,0.024937,0.321393,0.0738061,-0.944065
0.749059,0.609691,1.18963,0.900555,0.154786,0.406254,0.292759,-0.906745,-0.303491,0.321393,0.392244,-0.861888
0.749059,0.512752,1.24613,0.900555,0.00650382,0.434694,0.292759,-0.748261,-0.595313,0.321393,0.663372,-0.675754
0.749059,0.402334,1.26607,0.900555,-0.142562,0.410703,0.292759,-0.499527,-0.815332,0.321393,0.854488,-0.408115
0.749059,0.291756,1.24705,0.900555,-0.274434,0.337175,0.292759,-0.190542,-0.937009,0.321393,0.942539,-0.0912504
0.749059,0.194354,1.19135,0.900555,-0.373204,0.222979,0.292759,0.141425,-0.94567,0.321393,0.916907,0.23662
0.749059,0.121876,1.10569,0.900555,-0.42696,0.0818888,0.292759,0.456334,-0.840268,0.321393,0.780681,0.535951
0.654934,0.21732,1.04681,0.707258,-0.668241,0.23074,0.558827,0.328539,-0.761429,0.433011,0.66747,0.605793
0.654934,0.192892,0.977729,0.707258,-0.706858,-0.0117274,0.558827,0.56915,-0.603142,0.433011,0.420023,0.797548
0.654934,0.193564,0.904457,0.707258,-0.660219,-0.25278,0.558827,0.741113,-0.372107,0.433011,0.121916,0.893106
0.654934,0.219257,0.835834,0.707258,-0.533947,-0.463344,0.558827,0.823686,-0.0961911,0.433011,-0.190897,0.880943
0.654934,0.26687,0.780137,0.707258,-0.343273,-0.618021,0.558827,0.806911,0.191327,0.433011,-0.480685,0.762525
0.654934,0.330661,0.744084,0.707258,-0.111195,-0.698156,0.558827,0.692811,0.455769,0.433011,-0.712495,0.552135
0.654934,0.402937,0.732023,0.707258,0.134294,-0.694083,0.558827,0.495147,0.665238,0.433011,-0.858367,0.27515
0.654934,0.474978,0.745409,0.707258,0.363585,-0.606294,0.558827,0.237761,0.794469,0.433011,-0.900708,-0.0350229
0.654934,0.538097,0.782627,0.707258,0.549023,-0.445376,0.558827,-0.0483019,0.827876,0.433011,-0.83441,-0.340971
0.654934,0.58468,0.839188,0.707258,0.668241,-0.23074,0.558827,-0.328539,0.761429,0.433011,-0.66747,-0.605793
0.654934,0.609108,0.908271,0.707258,0.706858,0.0117274,0.558827,-0.56915,0.603142,0.433011,-0.420023,-0.797548
0.654934,0.608436,0.981543,0.707258,0.660219,0.25278,0.558827,-0.741113,0.372107,0.433011,-0.121916,-0.893106
0.654934,0.582743,1.05017,0.707258,0.533947,0.463344,0.558827,-0.823686,0.0961911,0.433011,0.190897,-0.880943
0.654934,0.53513,1.10586,0.707258,0.343273,0.618021,0.558827,-0.806911,-0.191327,0.433011,0.480685,-0.762525
0.654934,0.471339,1.14192,0.707258,0.111195,0.698156,0.558827,-0.692811,-0.455769,0.433011,0.712495,-0.552135
0.654934,0.399063,1.15398,0.707258,-0.134294,0.694083,0.558827,-0.495147,-0.665238,0.433011,0.858367,-0.27515
0.654934,0.327022,1.14059,0.707258,-0.363585,0.606294,0.558827,-0.237761,-0.794469,0.433011,0.900708,0.0350229
