0.658953,0.226615,0.856284,0.308961,0.140757,0.940601,0.951075,-0.045722,-0.305559,-3.49349e-06,0.988988,-0.147997
0.907818,0.134493,0.558213,0.92986,0.253685,-0.266468,-0.179072,0.944753,0.274545,0.321394,-0.207572,0.923915
0.907818,0.243943,0.469068,0.92986,0.329523,-0.163633,-0.179072,0.793877,0.581113,0.321394,-0.511051,0.797203
0.907818,0.377281,0.422733,0.92986,0.365616,-0.0410609,-0.179072,0.547248,0.817589,0.321394,-0.75289,0.574336
0.907818,0.518425,0.424798,0.92986,0.357611,0.0864636,-0.179072,0.234613,0.955453,0.321394,-0.90392,0.282196
0.907818,0.650351,0.475011,0.92986,0.306472,0.203559,-0.179072,-0.10632,0.978074,0.321394,-0.945923,-0.0439818
0.907818,0.757147,0.567318,0.92986,0.218368,0.296103,-0.179072,-0.434429,0.882726,0.321394,-0.873835,-0.364854
0.907818,0.825932,0.690585,0.92986,0.103926,0.352932,-0.179072,-0.71014,0.680907,0.321394,-0.696348,-0.64172
0.907818,0.848409,0.829943,0.92986,-0.0230516,0.367192,-0.179072,-0.900197,0.396962,0.321394,-0.434872,-0.841185
0.907818,0.821867,0.968585,0.92986,-0.147248,0.337163,-0.179072,-0.981677,0.0651364,0.321394,-0.120944,-0.93919
0.907818,0.749507,1.08979,0.92986,-0.253685,0.266468,-0.179072,-0.944753,-0.274545,0.321394,0.207572,-0.923915
0.907818,0.640057,1.17893,0.92986,-0.329523,0.163633,-0.179072,-0.793877,-0.581113,0.321394,0.511051,-0.797203
0.907818,0.506719,1.22527,0.92986,-0.365616,0.0410609,-0.179072,-0.547248,-0.817589,0.321394,0.75289,-0.574336
0.907818,0.365575,1.2232,0.92986,-0.357611,-0.0864636,-0.179072,-0.234613,-0.955453,0.321394,0.90392,-0.282196
0.907818,0.233649,1.17299,0.92986,-0.306472,-0.203559,-0.179072,0.10632,-0.978074,0.321394,0.945923,0.0439818
0.907818,0.126853,1.08068,0.92986,-0.218368,-0.296103,-0.179072,0.434429,-0.882726,0.321394,0.873835,0.364854
0.907818,0.058068,0.957415,0.92986,-0.103926,-0.352932,-0.179072,0.71014,-0.680907,0.321394,0.696348,0.64172
0.907818,0.0355912,0.818057,0.92986,0.0230516,-0.367192,-0.179072,0.900197,-0.396962,0.321394,0.434872,0.841185
0.907818,0.0621334,0.679415,0.92986,0.147248,-0.337163,-0.179072,0.981677,-0.0651364,0.321394,0.120944,0.93919
0.907818,0.134493,0.558213,0.92986,0.253685,-0.266468,-0.179072,0.944753,0.274545,0.321394,-0.207572,0.923915
0.809114,0.142924,0.614551,0.796489,0.208634,-0.567518,-0.0275851,0.950146,0.310583,0.604023,-0.231721,0.762536
0.809114,0.232596,0.524892,0.796489,0.390154,-0.461935,-0.0275851,0.786619,0.616822,0.604023,-0.47855,0.637296
0.809114,0.347525,0.47131,0.796489,0.524616,-0.300636,-0.0275851,0.528215,0.848663,0.604023,-0.667658,0.435189
0.809114,0.47385,0.460268,0.796489,0.595802,-0.103077,-0.0275851,0.2061,0.978142,0.604023,-0.776236,0.180592
0.809114,0.596333,0.493097,0.796489,0.595125,0.106916,-0.0275851,-0.140874,0.989643,0.604023,-0.79119,-0.0957879
0.809114,0.700201,0.565838,0.796489,0.522667,0.304013,-0.0275851,-0.470856,0.881779,0.604023,-0.710714,-0.360614
0.809114,0.772926,0.669717,0.796489,0.387168,0.464441,-0.0275851,-0.744046,0.667559,0.604023,-0.544515,-0.581945
0.809114,0.805737,0.792205,0.796489,0.20497,0.568851,-0.0275851,-0.927493,0.372821,0.604023,-0.31264,-0.733084
0.809114,0.794675,0.918527,0.796489,-0.00194932,0.604649,-0.0275851,-0.999071,0.0331162,0.604023,-0.043056,-0.795803
0.809114,0.741076,1.03345,0.796489,-0.208634,0.567518,-0.0275851,-0.950146,-0.310583,0.604023,0.231721,-0.762536
0.809114,0.651404,1.12311,0.796489,-0.390154,0.461935,-0.0275851,-0.786619,-0.616822,0.604023,0.47855,-0.637296
0.809114,0.536475,1.17669,0.796489,-0.524616,0.300636,-0.0275851,-0.528215,-0.848663,0.604023,0.667658,-0.435189
0.809114,0.41015,1.18773,0.796489,-0.595802,0.103077,-0.0275851,-0.2061,-0.978142,0.604023,0.776236,-0.180592
0.809114,0.287667,1.1549,0.796489,-0.595125,-0.106916,-0.0275851,0.140874,-0.989643,0.604023,0.79119,0.0957879
0.809114,0.183799,1.08216,0.796489,-0.522667,-0.304013,-0.0275851,0.470856,-0.881779,0.604023,0.710714,0.360614
0.809114,0.111074,0.978283,0.796489,-0.387168,-0.464441,-0.0275851,0.744046,-0.667559,0.604023,0.544515,0.581945
0.809114,0.0782632,0.855795,0.796489,-0.20497,-0.568851,-0.0275851,0.927493,-0.372821,0.604023,0.31264,0.733084
0.809114,0.0893246,0.729473,0.796489,0.00194932,-0.604649,-0.0275851,0.999071,-0.0331162,0.604023,0.043056,0.795803
0.809114,0.142924,0.614551,0.796489,0.208634,-0.567518,-0.0275851,0.950146,0.310583,0.604023,-0.231721,0.762536
0.735846,0.155842,0.700879,0.567051,0.173051,-0.805299,0.127229,0.947546,0.293207,0.813797,-0.268721,0.515289
0.735846,0.21521,0.610432,0.567051,0.438043,-0.697547,0.127229,0.790119,0.599604,0.813797,-0.428754,0.392306
0.735846,0.301931,0.545745,0.567051,0.650201,-0.50566,0.127229,0.537392,0.83368,0.813797,-0.537074,0.222004
0.735846,0.405547,0.51462,0.567051,0.783935,-0.252783,0.127229,0.219848,0.967202,0.813797,-0.580614,0.0249257
0.735846,0.51356,0.52081,0.567051,0.823115,0.0305832,0.127229,-0.124213,0.984065,0.813797,-0.554124,-0.175159
0.735846,0.612942,0.56357,0.567051,0.763015,0.310261,0.127229,-0.453292,0.882235,0.813797,-0.460798,-0.354117
0.735846,0.691705,0.637741,0.567051,0.610884,0.552516,0.127229,-0.727697,0.673995,0.813797,-0.311893,-0.490364
0.735846,0.74035,0.734378,0.567051,0.385072,0.72813,0.127229,-0.914332,0.384461,0.813797,-0.12537,-0.567465
0.735846,0.75301,0.841824,0.567051,0.112814,0.81592,0.127229,-0.990684,0.0485554,0.813797,0.0762756,-0.576122
0.735846,0.728158,0.947121,0.567051,-0.173051,0.805299,0.127229,-0.947546,-0.293207,0.813797,0.268721,-0.515289
0.735846,0.66879,1.03757,0.567051,-0.438043,0.697547,0.127229,-0.790119,-0.599604,0.813797,0.428754,-0.392306
0.735846,0.582069,1.10225,0.567051,-0.650201,0.50566,0.127229,-0.537392,-0.83368,0.813797,0.537074,-0.222004
0.735846,0.478453,1.13338,0.567051,-0.783935,0.252783,0.127229,-0.219848,-0.967202,0.813797,0.580614,-0.0249257
0.735846,0.37044,1.12719,0.567051,-0.823115,-0.0305832,0.127229,0.124213,-0.984065,0.813797,0.554124,0.175159
0.735846,0.271058,1.08443,0.567051,-0.763015,-0.310261,0.127229,0.453292,-0.882235,0.813797,0.460798,0.354117
0.735846,0.192295,1.01026,0.567051,-0.610884,-0.552516,0.127229,0.727697,-0.673995,0.813797,0.311893,0.490364
0.735846,0.14365,0.913622,0.567051,-0.385072,-0.72813,0.127229,0.914332,-0.384461,0.813797,0.12537,0.567465
0.735846,0.13099,0.806176,0.567051,-0.112814,-0.81592,0.127229,0.990684,-0.0485554,0.813797,-0.0762756,0.576122
0.735846,0.155842,0.700879,0.567051,0.173051,-0.805299,0.127229,0.947546,0.293207,0.813797,-0.268721,0.515289
0.696852,0.171691,0.806783,0.269218,0.151228,-0.951132,0.266698,0.937266,0.224512,0.925416,-0.314107,0.211996
0.696852,0.193881,0.71537,0.269218,0.467414,-0.842049,0.266698,0.803954,0.531536,0.925416,-0.367671,0.0917805
0.696852,0.245998,0.63706,0.269218,0.727223,-0.631402,0.266698,0.573674,0.774449,0.925416,-0.376889,-0.0395056
0.696852,0.321755,0.581297,0.269218,0.899318,-0.344599,0.266698,0.2742,0.923952,0.925416,-0.340648,-0.166027
0.696852,0.412017,0.554808,0.269218,0.962943,-0.0162322,0.266698,-0.0583464,0.962012,0.925416,-0.26332,-0.272523
0.696852,0.505894,0.560787,0.269218,0.910422,0.314092,0.266698,-0.383855,0.88404,0.925416,-0.154232,-0.346148
0.696852,0.592065,0.598514,0.269218,0.748091,0.606533,0.266698,-0.663066,0.69944,0.925416,-0.0265406,-0.378023
0.696852,0.660136,0.663437,0.269218,0.495529,0.825817,0.266698,-0.8623,0.430477,0.925416,0.104352,-0.364303
0.696852,0.701896,0.747727,0.269218,0.183199,0.945495,0.266698,-0.957529,0.109592,0.925416,0.222657,-0.306643
0.696852,0.712309,0.841217,0.269218,-0.151228,0.951132,0.266698,-0.937266,-0.224512,0.925416,0.314107,-0.211996
0.696852,0.690119,0.93263,0.269218,-0.467414,0.842049,0.266698,-0.803954,-0.531536,0.925416,0.367671,-0.0917805
0.696852,0.638002,1.01094,0.269218,-0.727223,0.631402,0.266698,-0.573674,-0.774449,0.925416,0.376889,0.0395056
0.696852,0.562245,1.0667,0.269218,-0.899318,0.344599,0.266698,-0.2742,-0.923952,0.925416,0.340648,0.166027
0.696852,0.471983,1.09319,0.269218,-0.962943,0.0162322,0.266698,0.0583464,-0.962012,0.925416,0.26332,0.272523
0.696852,0.378106,1.08721,0.269218,-0.910422,-0.314092,0.266698,0.383855,-0.88404,0.925416,0.154232,0.346148
0.696852,0.291935,1.04949,0.269218,-0.748091,-0.606533,0.266698,0.663066,-0.69944,0.925416,0.0265406,0.378023
0.696852,0.223864,0.984563,0.269218,-0.495529,-0.825817,0.266698,0.8623,-0.430477,0.925416,-0.104352,0.364303
0.696852,0.182104,0.900273,0.269218,-0.183199,-0.945495,0.266698,0.957529,-0.109592,0.925416,-0.222657,0.306643
0.696852,0.171691,0.806783,0.269218,0.151228,-0.951132,0.266698,0.937266,0.224512,0.925416,-0.314107,0.211996
0.696834,0.188557,0.919491,-0.061087,0.145796,-0.987427,0.373999,0.920546,0.112784,0.925415,-0.362407,-0.110761
0.696834,0.171182,0.827049,-0.061087,0.474724,-0.878012,0.373999,0.826456,0.420827,0.925415,-0.302669,-0.228032
0.696834,0.186471,0.73424,-0.061087,0.746392,-0.662697,0.373999,0.632683,0.678113,0.925415,-0.206424,-0.317798
0.696834,0.232581,0.652257,-0.061087,0.928035,-0.36745,0.373999,0.362599,0.853608,0.925415,-0.0852815,-0.369234
0.696834,0.30395,0.590989,-0.061087,0.997743,-0.0278836,0.373999,0.0487809,0.926145,0.925415,0.046147,-0.376134
0.696834,0.39197,0.557825,-0.061087,0.947108,0.315046,0.373999,-0.270921,0.886976,0.925415,0.17201,-0.337668
0.696834,0.486024,0.556766,-0.061087,0.782239,0.619977,0.373999,-0.557946,0.740824,0.925415,0.277125,-0.258473
0.696834,0.574768,0.58794,-0.061087,0.523019,0.850129,0.373999,-0.777675,0.505318,0.925415,0.348816,-0.148103
0.696834,0.647499,0.647585,-0.061087,0.200716,0.977743,0.373999,-0.903604,0.208863,0.925415,0.378434,-0.0198691
0.696834,0.695443,0.728509,-0.061087,-0.145796,0.987427,0.373999,-0.920546,-0.112784,0.925415,0.362407,0.110761
0.696834,0.712818,0.820951,-0.061087,-0.474724,0.878012,0.373999,-0.826456,-0.420827,0.925415,0.302669,0.228032
0.696834,0.697529,0.91376,-0.061087,-0.746392,0.662697,0.373999,-0.632683,-0.678113,0.925415,0.206424,0.317798
0.696834,0.651419,0.995743,-0.061087,-0.928035,0.36745,0.373999,-0.362599,-0.853608,0.925415,0.0852815,0.369234
0.696834,0.58005,1.05701,-0.061087,-0.997743,0.0278836,0.373999,-0.0487809,-0.926145,0.925415,-0.046147,0.376134
0.696834,0.49203,1.09017,-0.061087,-0.947108,-0.315046,0.373999,0.270921,-0.886976,0.925415,-0.17201,0.337668
0.696834,0.397976,1.09123,-0.061087,-0.782239,-0.619977,0.373999,0.557946,-0.740824,0.925415,-0.277125,0.258473
0.696834,0.309232,1.06006,-0.061087,-0.523019,-0.850129,0.373999,0.777675,-0.505318,0.925415,-0.348816,0.148103
0.696834,0.236501,1.00041,-0.061087,-0.200716,-0.977743,0.373999,0.903604,-0.208863,0.925415,-0.378434,0.0198691
0.696834,0.188557,0.919491,-0.061087,0.145796,-0.987427,0.373999,0.920546,0.112784,0.925415,-0.362407,-0.110761
0.735794,0.204407,1.02541,-0.384024,0.157412,-0.909806,0.43619,0.899403,-0.0285012,0.813796,-0.407793,-0.414054
0.735794,0.14985,0.931999,-0.384024,0.459091,-0.8011,0.43619,0.854911,0.280832,0.813796,-0.241586,-0.528557
0.735794,0.130531,0.825565,-0.384024,0.705397,-0.59577,0.43619,0.707303,0.556292,0.813796,-0.0462392,-0.579308
0.735794,0.148779,0.718942,-0.384024,0.866621,-0.31858,0.43619,0.474384,0.764655,0.813796,0.154684,-0.560186
0.735794,0.202395,0.62499,-0.384024,0.923318,-0.00296574,0.43619,0.184248,0.88079,0.813796,0.336951,-0.473498
0.735794,0.28491,0.555042,-0.384024,0.86865,0.313007,0.43619,-0.128112,0.890688,0.813796,0.478576,-0.329698
0.735794,0.386373,0.517535,-0.384024,0.709209,0.591226,0.43619,-0.425019,0.793157,0.813796,0.562478,-0.146133
0.735794,0.494545,0.516991,-0.384024,0.464228,0.798134,0.43619,-0.670663,0.599958,0.813796,0.578536,0.055059
0.735794,0.596379,0.553477,-0.384024,0.163253,0.908776,0.43619,-0.835415,0.334396,0.813796,0.524815,0.24961
0.735794,0.679593,0.622593,-0.384024,-0.157412,0.909806,0.43619,-0.899403,0.0285012,0.813796,0.407793,0.414054
0.735794,0.73415,0.716001,-0.384024,-0.459091,0.8011,0.43619,-0.854911,-0.280832,0.813796,0.241586,0.528557
0.735794,0.753469,0.822435,-0.384024,-0.705397,0.59577,0.43619,-0.707303,-0.556292,0.813796,0.0462392,0.579308
0.735794,0.735221,0.929058,-0.384024,-0.866621,0.31858,0.43619,-0.474384,-0.764655,0.813796,-0.154684,0.560186
0.735794,0.681605,1.02301,-0.384024,-0.923318,0.00296574,0.43619,-0.184248,-0.88079,0.813796,-0.336951,0.473498
0.735794,0.59909,1.09296,-0.384024,-0.86865,-0.313007,0.43619,0.128112,-0.890688,0.813796,-0.478576,0.329698
0.735794,0.497627,1.13047,-0.384024,-0.709209,-0.591226,0.43619,0.425019,-0.793157,0.813796,-0.562478,0.146133
0.735794,0.389455,1.13101,-0.384024,-0.464228,-0.798134,0.43619,0.670663,-0.599958,0.813796,-0.578536,-0.055059
0.735794,0.287621,1.09452,-0.384024,-0.163253,-0.908776,0.43619,0.835415,-0.334396,0.813796,-0.524815,-0.24961
0.735794,0.204407,1.02541,-0.384024,0.157412,-0.909806,0.43619,0.899403,-0.0285012,0.813796,-0.407793,-0.414054
0.809034,0.217329,1.11176,-0.660642,0.184674,-0.727632,0.44577,0.876387,-0.182302,0.604021,-0.444793,-0.6613
0.809034,0.132459,1.01756,-0.660642,0.422401,-0.620588,0.44577,0.885886,0.128434,0.604021,-0.191791,-0.773547
0.809034,0.0849246,0.90002,-0.660642,0.609181,-0.438693,0.44577,0.788533,0.42368,0.604021,0.0843444,-0.792493
0.809034,0.0804587,0.773308,-0.660642,0.722484,-0.203884,0.44577,0.596072,0.667823,0.604021,0.350306,-0.715852
0.809034,0.1196,0.652711,-0.660642,0.748646,0.055516,0.44577,0.331716,0.831417,0.604021,0.574016,-0.552869
0.809034,0.197627,0.552773,-0.660642,0.684509,0.30822,0.44577,0.0273493,0.89473,0.604021,0.728491,-0.323202
0.809034,0.30513,0.48555,-0.660642,0.537811,0.523748,0.44577,-0.280316,0.850125,0.604021,0.795099,-0.0545519
0.809034,0.429141,0.459149,-0.660642,0.326245,0.676104,0.44577,-0.55417,0.702982,0.604021,0.765807,0.220678
0.809034,0.554703,0.476754,-0.660642,0.0753284,0.746912,0.44577,-0.761184,0.47105,0.604021,0.644146,0.469291
0.809034,0.666671,0.536242,-0.660642,-0.184674,0.727632,0.44577,-0.876387,0.182302,0.604021,0.444793,0.6613
0.809034,0.751541,0.630438,-0.660642,-0.422401,0.620588,0.44577,-0.885886,-0.128434,0.604021,0.191791,0.773547
0.809034,0.799075,0.74798,-0.660642,-0.609181,0.438693,0.44577,-0.788533,-0.42368,0.604021,-0.0843444,0.792493
0.809034,0.803541,0.874692,-0.660642,-0.722484,0.203884,0.44577,-0.596072,-0.667823,0.604021,-0.350306,0.715852
0.809034,0.7644,0.995289,-0.660642,-0.748646,-0.055516,0.44577,-0.331716,-0.831417,0.604021,-0.574016,0.552869
0.809034,0.686373,1.09523,-0.660642,-0.684509,-0.30822,0.44577,-0.0273493,-0.89473,0.604021,-0.728491,0.323202
0.809034,0.57887,1.16245,-0.660642,-0.537811,-0.523748,0.44577,0.280316,-0.850125,0.604021,-0.795099,0.0545519
0.809034,0.454859,1.18885,-0.660642,-0.326245,-0.676104,0.44577,0.55417,-0.702982,0.604021,-0.765807,-0.220678
0.809034,0.329297,1.17125,-0.660642,-0.0753284,-0.746912,0.44577,0.761184,-0.47105,0.604021,-0.644146,-0.469291
0.809034,0.217329,1.11176,-0.660642,0.184674,-0.727632,0.44577,0.876387,-0.182302,0.604021,-0.444793,-0.6613
0.90772,0.225764,1.16813,-0.857576,0.224293,-0.462877,0.401584,0.854275,-0.330068,0.321392,-0.468942,-0.822679
0.90772,0.121106,1.07342,-0.857576,0.36908,-0.358249,0.401584,0.915646,-0.0179832,0.321392,-0.159289,-0.933453
0.90772,0.0551531,0.948623,-0.857576,0.46935,-0.210412,0.401584,0.866576,0.296271,0.321392,0.169577,-0.931639
0.90772,0.0358592,0.808798,-0.857576,0.51301,-0.0371951,0.401584,0.712985,0.57479,0.321392,0.477989,-0.817455
0.90772,0.0655518,0.670806,-0.857576,0.494793,0.140508,0.401584,0.473397,0.783981,0.321392,0.728749,-0.604675
0.90772,0.14065,0.551292,-0.857576,0.416897,0.301263,0.401584,0.17671,0.898612,0.321392,0.891611,-0.318962
0.90772,0.252095,0.464671,-0.857576,0.288717,0.425682,0.401584,-0.14129,0.904858,0.321392,0.946932,0.00522314
0.90772,0.386445,0.42139,-0.857576,0.125713,0.498757,0.401584,-0.442249,0.801964,0.321392,0.888038,0.328778
0.90772,0.527497,0.426669,-0.857576,-0.0524532,0.511675,0.401584,-0.689866,0.602342,0.321392,0.722034,0.612677
0.90772,0.658236,0.479873,-0.857576,-0.224293,0.462877,0.401584,-0.854275,0.330068,0.321392,0.468942,0.822679
0.90772,0.762894,0.574583,-0.857576,-0.36908,0.358249,0.401584,-0.915646,0.0179832,0.321392,0.159289,0.933453
0.90772,0.828847,0.699377,-0.857576,-0.46935,0.210412,0.401584,-0.866576,-0.296271,0.321392,-0.169577,0.931639
0.90772,0.848141,0.839202,-0.857576,-0.51301,0.0371951,0.401584,-0.712985,-0.57479,0.321392,-0.477989,0.817455
0.90772,0.818448,0.977194,-0.857576,-0.494793,-0.140508,0.401584,-0.473397,-0.783981,0.321392,-0.728749,0.604675
0.90772,0.74335,1.09671,-0.857576,-0.416897,-0.301263,0.401584,-0.17671,-0.898612,0.321392,-0.891611,0.318962
0.90772,0.631905,1.18333,-0.857576,-0.288717,-0.425682,0.401584,0.14129,-0.904858,0.321392,-0.946932,-0.00522314
0.90772,0.497555,1.22661,-0.857576,-0.125713,-0.498757,0.401584,0.442249,-0.801964,0.321392,-0.888038,-0.328778
0.90772,0.356503,1.22133,-0.857576,0.0524532,-0.511675,0.401584,0.689866,-0.602342,0.321392,-0.722034,-0.612677
0.90772,0.225764,1.16813,-0.857576,0.224293,-0.462877,0.401584,0.854275,-0.330068,0.321392,-0.468942,-0.822679
0.883612,0.251438,0.473468,0.961642,0.213549,-0.172168,-0.0812368,0.8212,0.564828,0.262003,-0.529176,0.807048
0.883612,0.38282,0.429431,0.961642,0.259555,-0.0887473,-0.0812368,0.578493,0.811632,0.262003,-0.77329,0.577389
0.883612,0.521339,0.432986,0.961642,0.274255,0.00537788,-0.0812368,0.266011,0.960541,0.262003,-0.924133,0.278087
0.883612,0.650289,0.483703,0.961642,0.255876,0.0988544,-0.0812368,-0.0785556,0.993594,0.262003,-0.963512,-0.0547557
0.883612,0.754116,0.575464,0.961642,0.206635,0.180408,-0.0812368,-0.413647,0.906806,0.262003,-0.886678,-0.380994
0.883612,0.820298,0.697203,0.961642,0.13247,0.240201,-0.0812368,-0.698847,0.710643,0.262003,-0.702897,-0.661279
0.883612,0.840851,0.834235,0.961642,0.0423278,0.271023,-0.0812368,-0.899756,0.428766,0.262003,-0.434336,-0.861804
0.883612,0.813296,0.970033,0.961642,-0.0529201,0.269155,-0.0812368,-0.99214,0.0951737,0.262003,-0.113388,-0.958383
0.883612,0.740958,1.08822,0.961642,-0.141785,0.234823,-0.0812368,-0.964858,-0.249898,0.262003,0.221236,-0.939366
0.883612,0.632562,1.17453,0.961642,-0.213549,0.172168,-0.0812368,-0.8212,-0.564828,0.262003,0.529176,-0.807048
0.883612,0.50118,1.21857,0.961642,-0.259555,0.0887473,-0.0812368,-0.578493,-0.811632,0.262003,0.77329,-0.577389
0.883612,0.362661,1.21501,0.961642,-0.274255,-0.00537788,-0.0812368,-0.266011,-0.960541,0.262003,0.924133,-0.278087
0.883612,0.233711,1.1643,0.961642,-0.255876,-0.0988544,-0.0812368,0.0785556,-0.993594,0.262003,0.963512,0.0547557
0.883612,0.129884,1.07254,0.961642,-0.206635,-0.180408,-0.0812368,0.413647,-0.906806,0.262003,0.886678,0.380994
0.883612,0.0637024,0.950797,0.961642,-0.13247,-0.240201,-0.0812368,0.698847,-0.710643,0.262003,0.702897,0.661279
0.883612,0.0431493,0.813765,0.961642,-0.0423278,-0.271023,-0.0812368,0.899756,-0.428766,0.262003,0.434336,0.861804
0.883612,0.0707036,0.677967,0.961642,0.0529201,-0.269155,-0.0812368,0.99214,-0.0951737,0.262003,0.113388,0.958383
0.883612,0.143042,0.559783,0.961642,0.141785,-0.234823,-0.0812368,0.964858,0.249898,0.262003,-0.221236,0.939366
0.883612,0.251438,0.473468,0.961642,0.213549,-0.172168,-0.0812368,0.8212,0.564828,0.262003,-0.529176,0.807048
0.763622,0.261688,0.54196,0.856221,0.16611,-0.489177,0.156285,0.819242,0.551741,0.492403,-0.548863,0.675491
0.763622,0.369026,0.497299,0.856221,0.3234,-0.402863,0.156285,0.581129,0.798664,0.492403,-0.746794,0.447032
0.763622,0.485165,0.492043,0.856221,0.441684,-0.267958,0.156285,0.272923,0.949256,0.492403,-0.854651,0.164654
0.763622,0.596098,0.526825,0.856221,0.506694,-0.100733,0.156285,-0.0682008,0.985355,0.492403,-0.859424,-0.137584
0.763622,0.688444,0.597452,0.856221,0.51059,0.0786414,0.156285,-0.401099,0.902604,0.492403,-0.760538,-0.423227
0.763622,0.751066,0.695403,0.856221,0.4529,0.248531,0.156285,-0.685619,0.710987,0.492403,-0.56992,-0.657822
0.763622,0.77641,0.808865,0.856221,0.340585,0.388443,0.156285,-0.887442,0.433614,0.492403,-0.310561,-0.813075
0.763622,0.761419,0.924153,0.856221,0.187189,0.481504,0.156285,-0.982228,0.10394,0.492403,-0.0137438,-0.870259
0.763622,0.707901,1.02736,0.856221,0.0112163,0.516488,0.156285,-0.958542,-0.23827,0.492403,0.284731,-0.822476
0.763622,0.622312,1.10604,0.856221,-0.16611,0.489177,0.156285,-0.819242,-0.551741,0.492403,0.548863,-0.675491
0.763622,0.514974,1.1507,0.856221,-0.3234,0.402863,0.156285,-0.581129,-0.798664,0.492403,0.746794,-0.447032
0.763622,0.398835,1.15596,0.856221,-0.441684,0.267958,0.156285,-0.272923,-0.949256,0.492403,0.854651,-0.164654
0.763622,0.287902,1.12117,0.856221,-0.506694,0.100733,0.156285,0.0682008,-0.985355,0.492403,0.859424,0.137584
0.763622,0.195556,1.05055,0.856221,-0.51059,-0.0786414,0.156285,0.401099,-0.902604,0.492403,0.760538,0.423227
0.763622,0.132934,0.952597,0.856221,-0.4529,-0.248531,0.156285,0.685619,-0.710987,0.492403,0.56992,0.657822
0.763622,0.10759,0.839135,0.856221,-0.340585,-0.388443,0.156285,0.887442,-0.433614,0.492403,0.310561,0.813075
0.763622,0.122581,0.723847,0.856221,-0.187189,-0.481504,0.156285,0.982228,-0.10394,0.492403,0.0137438,0.870259
0.763622,0.176099,0.62064,0.856221,-0.0112163,-0.516488,0.156285,0.958542,0.23827,0.492403,-0.284731,0.822476
0.763622,0.261688,0.54196,0.856221,0.16611,-0.489177,0.156285,0.819242,0.551741,0.492403,-0.548863,0.675491
0.674556,0.277393,0.646909,0.647527,0.126868,-0.751408,0.374957,0.805378,0.4591,0.663413,-0.579025,0.473934
0.674556,0.347889,0.60129,0.647527,0.376213,-0.662701,0.374957,0.599787,0.706868,0.663413,-0.706201,0.247314
0.674556,0.429736,0.582533,0.647527,0.580182,-0.494063,0.374957,0.321852,0.869378,0.663413,-0.748198,-0.00913588
0.674556,0.513062,0.592901,0.647527,0.714172,-0.265833,0.374957,0.00509689,0.927028,0.663413,-0.699952,-0.264484
0.674556,0.587817,0.631142,0.647527,0.762023,-0.00554031,0.374957,-0.312273,0.872865,0.663413,-0.567281,-0.487931
0.674556,0.644984,0.692646,0.647527,0.717962,0.255421,0.374957,-0.591978,0.713421,0.663413,-0.366187,-0.652526
0.674556,0.677669,0.769992,0.647527,0.587304,0.485575,0.374957,-0.800281,0.467928,0.663413,-0.120926,-0.738418
0.674556,0.681928,0.853852,0.647527,0.385809,0.657161,0.374957,-0.912059,0.165996,0.663413,0.13892,-0.735245
0.674556,0.657248,0.934112,0.647527,0.13778,0.749484,0.374957,-0.913829,-0.155957,0.663413,0.382011,-0.643391
0.674556,0.606607,1.00109,0.647527,-0.126868,0.751408,0.374957,-0.805378,-0.4591,0.663413,0.579025,-0.473934
0.674556,0.536111,1.04671,0.647527,-0.376213,0.662701,0.374957,-0.599787,-0.706868,0.663413,0.706201,-0.247314
0.674556,0.454264,1.06547,0.647527,-0.580182,0.494063,0.374957,-0.321852,-0.869378,0.663413,0.748198,0.00913588
0.674556,0.370938,1.0551,0.647527,-0.714172,0.265833,0.374957,-0.00509689,-0.927028,0.663413,0.699952,0.264484
0.674556,0.296183,1.01686,0.647527,-0.762023,0.00554031,0.374957,0.312273,-0.872865,0.663413,0.567281,0.487931
0.674556,0.239016,0.955354,0.647527,-0.717962,-0.255421,0.374957,0.591978,-0.713421,0.663413,0.366187,0.652526
0.674556,0.206331,0.878008,0.647527,-0.587304,-0.485575,0.374957,0.800281,-0.467928,0.663413,0.120926,0.738418
0.674556,0.202072,0.794148,0.647527,-0.385809,-0.657161,0.374957,0.912059,-0.165996,0.663413,-0.13892,0.735245
0.674556,0.226752,0.713888,0.647527,-0.13778,-0.749484,0.374957,0.913829,0.155957,0.663413,-0.382011,0.643391
0.674556,0.277393,0.646909,0.647527,0.126868,-0.751408,0.374957,0.805378,0.4591,0.663413,-0.579025,0.473934
0.627155,0.29666,0.775656,0.360731,0.100556,-0.927233,0.548404,0.781282,0.298079,0.754404,-0.616025,0.226688
0.627155,0.32196,0.728862,0.360731,0.411624,-0.836922,0.548404,0.632216,0.547317,0.754404,-0.656406,0.00232378
0.627155,0.361738,0.693543,0.360731,0.673044,-0.645666,0.548404,0.406895,0.730541,0.754404,-0.617614,-0.22232
0.627155,0.411197,0.673959,0.360731,0.853286,-0.376532,0.548404,0.132497,0.82565,0.754404,-0.50433,-0.420149
0.627155,0.464372,0.672473,0.360731,0.930608,-0.0619839,0.548404,-0.157883,0.821174,0.754404,-0.330215,-0.567302
0.627155,0.514848,0.689263,0.360731,0.895685,0.260041,0.548404,-0.429219,0.717652,0.754404,-0.116272,-0.64603
0.627155,0.556538,0.722304,0.360731,0.752729,0.550701,0.548404,-0.648785,0.52757,0.754404,0.111695,-0.646837
0.627155,0.584412,0.767611,0.360731,0.518984,0.774938,0.548404,-0.790099,0.273856,0.754404,0.32619,-0.569626
0.627155,0.59511,0.819719,0.360731,0.222641,0.905706,0.548404,-0.836114,-0.0128888,0.754404,0.501342,-0.42371
0.627155,0.58734,0.872344,0.360731,-0.100556,0.927233,0.548404,-0.781282,-0.298079,0.754404,0.616025,-0.226688
0.627155,0.56204,0.919138,0.360731,-0.411624,0.836922,0.548404,-0.632216,-0.547317,0.754404,0.656406,-0.00232378
0.627155,0.522262,0.954457,0.360731,-0.673044,0.645666,0.548404,-0.406895,-0.730541,0.754404,0.617614,0.22232
0.627155,0.472803,0.974041,0.360731,-0.853286,0.376532,0.548404,-0.132497,-0.82565,0.754404,0.50433,0.420149
0.627155,0.419628,0.975527,0.360731,-0.930608,0.0619839,0.548404,0.157883,-0.821174,0.754404,0.330215,0.567302
0.627155,0.369152,0.958737,0.360731,-0.895685,-0.260041,0.548404,0.429219,-0.717652,0.754404,0.116272,0.64603
0.627155,0.327462,0.925696,0.360731,-0.752729,-0.550701,0.548404,0.648785,-0.52757,0.754404,-0.111695,0.646837
0.627155,0.299588,0.880389,0.360731,-0.518984,-0.774938,0.548404,0.790099,-0.273856,0.754404,-0.32619,0.569626
0.627155,0.28889,0.828281,0.360731,-0.222641,-0.905706,0.548404,0.836114,0.0128888,0.754404,-0.501342,0.42371
0.627155,0.29666,0.775656,0.360731,0.100556,-0.927233,0.548404,0.781282,0.298079,0.754404,-0.616025,0.226688
0.627137,0.317164,0.912672,0.0304265,0.0903485,-0.995445,0.655705,0.74986,0.0881008,0.754404,-0.655399,-0.0364263
0.627137,0.294365,0.864628,0.0304265,0.425362,-0.904512,0.655705,0.674505,0.339255,0.754404,-0.603415,-0.258389
0.627137,0.289373,0.811683,0.0304265,0.709071,-0.70448,0.655705,0.517796,0.54949,0.754404,-0.47865,-0.449186
0.627137,0.30279,0.760224,0.0304265,0.907255,-0.419479,0.655705,0.298632,0.693448,0.754404,-0.296153,-0.585805
0.627137,0.332998,0.716458,0.0304265,0.996011,-0.0838814,0.655705,0.0434495,0.753766,0.754404,-0.0779359,-0.651767
0.627137,0.376353,0.685663,0.0304265,0.964633,0.261833,0.655705,-0.216974,0.723169,0.754404,0.149682,-0.639116
0.627137,0.427626,0.671553,0.0304265,0.816907,0.575967,0.655705,-0.451227,0.605347,0.754404,0.359245,-0.549379
0.627137,0.480633,0.67583,0.0304265,0.570649,0.82063,0.655705,-0.631056,0.414511,0.754404,0.525479,-0.393378
0.627137,0.52898,0.697979,0.0304265,0.255563,0.966314,0.655705,-0.73477,0.173679,0.754404,0.628332,-0.18993
0.627137,0.566836,0.735328,0.0304265,-0.0903485,0.995445,0.655705,-0.74986,-0.0881008,0.754404,0.655399,0.0364263
0.627137,0.589635,0.783372,0.0304265,-0.425362,0.904512,0.655705,-0.674505,-0.339255,0.754404,0.603415,0.258389
0.627137,0.594627,0.836317,0.0304265,-0.709071,0.70448,0.655705,-0.517796,-0.54949,0.754404,0.47865,0.449186
0.627137,0.58121,0.887776,0.0304265,-0.907255,0.419479,0.655705,-0.298632,-0.693448,0.754404,0.296153,0.585805
0.627137,0.551002,0.931542,0.0304265,-0.996011,0.0838814,0.655705,-0.0434495,-0.753766,0.754404,0.0779359,0.651767
0.627137,0.507647,0.962337,0.0304265,-0.964633,-0.261833,0.655705,0.216974,-0.723169,0.754404,-0.149682,0.639116
0.627137,0.456374,0.976447,0.0304265,-0.816907,-0.575967,0.655705,0.451227,-0.605347,0.754404,-0.359245,0.549379
0.627137,0.403367,0.97217,0.0304265,-0.570649,-0.82063,0.655705,0.631056,-0.414511,0.754404,-0.525479,0.393378
0.627137,0.35502,0.950021,0.0304265,-0.255563,-0.966314,0.655705,0.73477,-0.173679,0.754404,-0.628332,0.18993
0.627137,0.317164,0.912672,0.0304265,0.0903485,-0.995445,0.655705,0.74986,0.0881008,0.754404,-0.655399,-0.0364263
0.674504,0.336432,1.04143,-0.303548,0.0974759,-0.947817,0.683918,0.714901,-0.14551,0.663411,-0.692398,-0.283672
0.674504,0.268433,0.992212,-0.303548,0.41577,-0.857318,0.683918,0.721554,0.107776,0.663411,-0.55362,-0.503379
0.674504,0.221368,0.922704,-0.303548,0.683916,-0.663414,0.683918,0.641178,0.348063,0.663411,-0.348067,-0.662371
0.674504,0.200916,0.841291,-0.303548,0.869571,-0.389492,0.683918,0.483465,0.546367,0.663411,-0.100532,-0.741471
0.674504,0.209541,0.757792,-0.303548,0.950344,-0.0685917,0.683918,0.26744,0.678772,0.663411,0.159129,-0.731138
0.674504,0.246204,0.682279,-0.303548,0.916491,0.260582,0.683918,0.0191578,0.729307,0.663411,0.399596,-0.63262
0.674504,0.306484,0.62386,-0.303548,0.772096,0.558325,0.683918,-0.231435,0.691877,0.663411,0.591867,-0.457798
0.674504,0.383108,0.589581,-0.303548,0.534574,0.788726,0.683918,-0.454114,0.570996,0.663411,0.712749,-0.227759
0.674504,0.466836,0.583576,-0.303548,0.232575,0.923995,0.683918,-0.62202,0.381245,0.663411,0.747663,0.0297507
0.674504,0.547568,0.606569,-0.303548,-0.0974759,0.947817,0.683918,-0.714901,0.14551,0.663411,0.692398,0.283672
0.674504,0.615567,0.655788,-0.303548,-0.41577,0.857318,0.683918,-0.721554,-0.107776,0.663411,0.55362,0.503379
0.674504,0.662632,0.725296,-0.303548,-0.683916,0.663414,0.683918,-0.641178,-0.348063,0.663411,0.348067,0.662371
0.674504,0.683084,0.806709,-0.303548,-0.869571,0.389492,0.683918,-0.483465,-0.546367,0.663411,0.100532,0.741471
0.674504,0.674459,0.890208,-0.303548,-0.950344,0.0685917,0.683918,-0.26744,-0.678772,0.663411,-0.159129,0.731138
0.674504,0.637796,0.965721,-0.303548,-0.916491,-0.260582,0.683918,-0.0191578,-0.729307,0.663411,-0.399596,0.63262
0.674504,0.577516,1.02414,-0.303548,-0.772096,-0.558325,0.683918,0.231435,-0.691877,0.663411,-0.591867,0.457798
0.674504,0.500892,1.05842,-0.303548,-0.534574,-0.788726,0.683918,0.454114,-0.570996,0.663411,-0.712749,0.227759
0.674504,0.417164,1.06442,-0.303548,-0.232575,-0.923995,0.683918,0.62202,-0.381245,0.663411,-0.747663,-0.0297507
0.674504,0.336432,1.04143,-0.303548,0.0974759,-0.947817,0.683918,0.714901,-0.14551,0.663411,-0.692398,-0.283672
0.763543,0.352141,1.1464,-0.60091,0.121079,-0.790093,0.629641,0.680622,-0.374575,0.492402,-0.72256,-0.485229
0.763543,0.247292,1.09623,-0.60091,0.384004,-0.701033,0.629641,0.767688,-0.119199,0.492402,-0.513027,-0.703096
0.763543,0.165927,1.01321,-0.60091,0.600613,-0.527418,0.629641,0.762159,0.150555,0.492402,-0.241614,-0.83616
0.763543,0.117862,0.907381,-0.60091,0.74478,-0.290189,0.629641,0.664702,0.402149,0.492402,0.0589405,-0.86837
0.763543,0.108892,0.79149,-0.60091,0.799115,-0.0179589,0.629641,0.487073,0.605238,0.492402,0.352386,-0.795842
0.763543,0.1401,0.679521,-0.60091,0.757064,0.256437,0.629641,0.250695,0.735326,0.492402,0.603329,-0.627324
0.763543,0.207721,0.584978,-0.60091,0.623701,0.499904,0.629641,-0.0159198,0.776723,0.492402,0.781501,-0.383141
0.763543,0.3036,0.519265,-0.60091,0.41511,0.683074,0.629641,-0.280615,0.724436,0.492402,0.865413,-0.0927459
0.763543,0.416172,0.490307,-0.60091,0.156451,0.783856,0.629641,-0.511463,0.584772,0.492402,0.844943,0.208836
0.763543,0.531859,0.501598,-0.60091,-0.121079,0.790093,0.629641,-0.680622,0.374575,0.492402,0.72256,0.485229
0.763543,0.636708,0.551775,-0.60091,-0.384004,0.701033,0.629641,-0.767688,0.119199,0.492402,0.513027,0.703096
0.763543,0.718073,0.634786,-0.60091,-0.600613,0.527418,0.629641,-0.762159,-0.150555,0.492402,0.241614,0.83616
0.763543,0.766138,0.740619,-0.60091,-0.74478,0.290189,0.629641,-0.664702,-0.402149,0.492402,-0.0589405,0.86837
0.763543,0.775108,0.85651,-0.60091,-0.799115,0.0179589,0.629641,-0.487073,-0.605238,0.492402,-0.352386,0.795842
0.763543,0.7439,0.968479,-0.60091,-0.757064,-0.256437,0.629641,-0.250695,-0.735326,0.492402,-0.603329,0.627324
0.763543,0.676279,1.06302,-0.60091,-0.623701,-0.499904,0.629641,0.0159198,-0.776723,0.492402,-0.781501,0.383141
0.763543,0.5804,1.12874,-0.60091,-0.41511,-0.683074,0.629641,0.280615,-0.724436,0.492402,-0.865413,0.0927459
0.763543,0.467828,1.15769,-0.60091,-0.156451,-0.783856,0.629641,0.511463,-0.584772,0.492402,-0.844943,-0.208836
0.763543,0.352141,1.1464,-0.60091,0.121079,-0.790093,0.629641,0.680622,-0.374575,0.492402,-0.72256,-0.485229
0.883514,0.362395,1.21493,-0.825794,0.15831,-0.541297,0.499419,0.651158,-0.571466,0.262001,-0.742247,-0.616786
0.883514,0.233491,1.16412,-0.825794,0.333897,-0.454507,0.499419,0.807341,-0.314293,0.262001,-0.486531,-0.833452
0.883514,0.129737,1.0723,-0.825794,0.469211,-0.312897,0.499419,0.866147,-0.0192121,0.262001,-0.172132,-0.949593
0.883514,0.0636457,0.950523,-0.825794,0.547932,-0.133548,0.499419,0.820483,0.278186,0.262001,0.163028,-0.951198
0.883514,0.04319,0.813488,-0.825794,0.560563,0.0619098,0.499419,0.675857,0.542031,0.262001,0.478525,-0.838075
0.883514,0.0708366,0.677721,-0.825794,0.505583,0.2499,0.499419,0.449712,0.7405,0.262001,0.736305,-0.623867
0.883514,0.143251,0.559597,-0.825794,0.389622,0.407749,0.499419,0.169325,0.849653,0.262001,0.905276,-0.334412
0.883514,0.251699,0.473364,-0.825794,0.226666,0.516417,0.499419,-0.131485,0.856325,0.262001,0.965057,-0.00462218
0.883514,0.3831,0.429423,-0.825794,0.0363715,0.562798,0.499419,-0.416436,0.759712,0.262001,0.908437,0.325725
0.883514,0.521605,0.433074,-0.825794,-0.15831,0.541297,0.499419,-0.651158,0.571466,0.262001,0.742247,0.616786
0.883514,0.650509,0.483877,-0.825794,-0.333897,0.454507,0.499419,-0.807341,0.314293,0.262001,0.486531,0.833452
0.883514,0.754263,0.575703,-0.825794,-0.469211,0.312897,0.499419,-0.866147,0.0192121,0.262001,0.172132,0.949593
0.883514,0.820354,0.697477,-0.825794,-0.547932,0.133548,0.499419,-0.820483,-0.278186,0.262001,-0.163028,0.951198
0.883514,0.84081,0.834512,-0.825794,-0.560563,-0.0619098,0.499419,-0.675857,-0.542031,0.262001,-0.478525,0.838075
0.883514,0.813163,0.970279,-0.825794,-0.505583,-0.2499,0.499419,-0.449712,-0.7405,0.262001,-0.736305,0.623867
0.883514,0.740749,1.0884,-0.825794,-0.389622,-0.407749,0.499419,-0.169325,-0.849653,0.262001,-0.905276,0.334412
0.883514,0.632301,1.17464,-0.825794,-0.226666,-0.516417,0.499419,0.131485,-0.856325,0.262001,-0.965057,0.00462218
0.883514,0.5009,1.21858,-0.825794,-0.0363715,-0.562798,0.499419,0.416436,-0.759712,0.262001,-0.908437,-0.325725
0.883514,0.362395,1.21493,-0.825794,0.15831,-0.541297,0.499419,0.651158,-0.571466,0.262001,-0.742247,-0.616786
0.875863,0.391368,0.431,0.985232,0.141849,-0.0959048,-0.00862081,0.600485,0.79959,0.17101,-0.786954,0.592839
0.875863,0.528836,0.437383,0.985232,0.166096,-0.0416059,-0.00862081,0.290795,0.956746,0.17101,-0.942258,0.287933
0.875863,0.655829,0.490399,0.985232,0.170309,0.0177112,-0.00862081,-0.0539683,0.998505,0.17101,-0.983912,-0.0517031
0.875863,0.757032,0.583651,0.985232,0.15398,0.0748922,-0.00862081,-0.392223,0.91983,0.17101,-0.906891,-0.385103
0.875863,0.820238,0.705894,0.985232,0.11908,0.12304,-0.00862081,-0.683169,0.730209,0.17101,-0.720486,-0.672053
0.875863,0.837822,0.842381,0.985232,0.069816,0.156347,-0.00862081,-0.891715,0.452515,0.17101,-0.44718,-0.877944
0.875863,0.807664,0.976652,0.985232,0.0121316,0.170797,-0.00862081,-0.992707,0.12024,0.17101,-0.119937,-0.977942
0.875863,0.733402,1.09251,0.985232,-0.047016,0.164646,-0.00862081,-0.973964,-0.226537,0.17101,0.221772,-0.959986
0.875863,0.623992,1.17598,0.985232,-0.100493,0.138636,-0.00862081,-0.837747,-0.545991,0.17101,0.536732,-0.826241
0.875863,0.492632,1.217,0.985232,-0.141849,0.0959048,-0.00862081,-0.600485,-0.79959,0.17101,0.786954,-0.592839
0.875863,0.355164,1.21062,0.985232,-0.166096,0.0416059,-0.00862081,-0.290795,-0.956746,0.17101,0.942258,-0.287933
0.875863,0.228171,1.1576,0.985232,-0.170309,-0.0177112,-0.00862081,0.0539683,-0.998505,0.17101,0.983912,0.0517031
0.875863,0.126968,1.06435,0.985232,-0.15398,-0.0748922,-0.00862081,0.392223,-0.91983,0.17101,0.906891,0.385103
0.875863,0.0637625,0.942106,0.985232,-0.11908,-0.12304,-0.00862081,0.683169,-0.730209,0.17101,0.720486,0.672053
0.875863,0.0461782,0.805619,0.985232,-0.069816,-0.156347,-0.00862081,0.891715,-0.452515,0.17101,0.44718,0.877944
0.875863,0.0763359,0.671348,0.985232,-0.0121316,-0.170797,-0.00862081,0.992707,-0.12024,0.17101,0.119937,0.977942
0.875863,0.150598,0.55549,0.985232,0.047016,-0.164646,-0.00862081,0.973964,0.226537,0.17101,-0.221772,0.959986
0.875863,0.260008,0.472018,0.985232,0.100493,-0.138636,-0.00862081,0.837747,0.545991,0.17101,-0.536732,0.826241
0.875863,0.391368,0.431,0.985232,0.141849,-0.0959048,-0.00862081,0.600485,0.79959,0.17101,-0.786954,0.592839
0.749059,0.4022,0.503383,0.900555,0.0926371,-0.424758,0.292759,0.59307,0.75004,0.321393,-0.799804,0.506972
0.749059,0.514258,0.509107,0.900555,0.232326,-0.367458,0.292759,0.300775,0.907649,0.321393,-0.924964,0.202848
0.749059,0.6176,0.55281,0.900555,0.343993,-0.265838,0.292759,-0.0277987,0.955782,0.321393,-0.938561,-0.125741
0.749059,0.699762,0.629224,0.900555,0.41417,-0.132153,0.292759,-0.353019,0.888634,0.321393,-0.838952,-0.439165
0.749059,0.750835,0.72913,0.900555,0.434391,0.0174712,0.292759,-0.63566,0.714303,0.321393,-0.638154,-0.699618
0.749059,0.764657,0.840479,0.900555,0.402219,0.164988,0.292759,-0.841631,0.453817,0.321393,-0.360385,-0.875688
0.749059,0.739562,0.949841,0.900555,0.321533,0.292605,0.292759,-0.946089,0.138593,0.321393,-0.0391483,-0.946136
0.749059,0.678577,1.04402,0.900555,0.202065,0.384929,0.292759,-0.936434,-0.193346,0.321393,0.28681,-0.902467
0.749059,0.589057,1.11167,0.900555,0.0582254,0.430826,0.292759,-0.813832,-0.501965,0.321393,0.578175,-0.749947
0.749059,0.4818,1.14462,0.900555,-0.0926371,0.424758,0.292759,-0.59307,-0.75004,0.321393,0.799804,-0.506972
0.749059,0.369742,1.13889,0.900555,-0.232326,0.367458,0.292759,-0.300775,-0.907649,0.321393,0.924964,-0.202848
0.749059,0.2664,1.09519,0.900555,-0.343993,0.265838,0.292759,0.0277987,-0.955782,0.321393,0.938561,0.125741
0.749059,0.184238,1.01878,0.900555,-0.41417,0.132153,0.292759,0.353019,-0.888634,0.321393,0.838952,0.439165
0.749059,0.133165,0.91887,0.900555,-0.434391,-0.0174712,0.292759,0.63566,-0.714303,0.321393,0.638154,0.699618
0.749059,0.119343,0.807521,0.900555,-0.402219,-0.164988,0.292759,0.841631,-0.453817,0.321393,0.360385,0.875688
0.749059,0.144438,0.698159,0.900555,-0.321533,-0.292605,0.292759,0.946089,-0.138593,0.321393,0.0391483,0.946136
0.749059,0.205423,0.603976,0.900555,-0.202065,-0.384929,0.292759,0.936434,0.193346,0.321393,-0.28681,0.902467
0.749059,0.294943,0.536331,0.900555,-0.0582254,-0.430826,0.292759,0.813832,0.501965,0.321393,-0.578175,0.749947
0.749059,0.4022,0.503383,0.900555,0.0926371,-0.424758,0.292759,0.59307,0.75004,0.321393,-0.799804,0.506972
0.654934,0.418797,0.614294,0.707258,0.0506795,-0.705137,0.558827,0.570847,0.601536,0.433011,-0.819491,0.375415
0.654934,0.49192,0.619005,0.707258,0.288794,-0.645278,0.558827,0.330683,0.7605,0.433011,-0.898469,0.0724921
0.654934,0.559022,0.648441,0.707258,0.492076,-0.50759,0.558827,0.050634,0.827737,0.433011,-0.869079,-0.239174
0.654934,0.61201,0.699053,0.707258,0.636006,-0.308679,0.558827,-0.235522,0.795136,0.433011,-0.734864,-0.521993
0.654934,0.644491,0.764735,0.707258,0.703225,-0.0725362,0.558827,-0.493271,0.66663,0.433011,-0.512015,-0.741851
0.654934,0.65255,0.837565,0.707258,0.685624,0.172355,0.558827,-0.691524,0.457719,0.433011,-0.227408,-0.872231
0.654934,0.635212,0.908759,0.707258,0.585327,0.396458,0.558827,-0.806369,0.1936,0.433011,0.0846267,-0.897407
0.654934,0.594571,0.96973,0.707258,0.41443,0.572742,0.558827,-0.823954,-0.0938702,0.433011,0.386454,-0.814343
0.654934,0.535527,1.01312,0.707258,0.193548,0.679945,0.558827,-0.742158,-0.370018,0.433011,0.64167,-0.633057
0.654934,0.465203,1.03371,0.707258,-0.0506795,0.705137,0.558827,-0.570847,-0.601536,0.433011,0.819491,-0.375415
0.654934,0.39208,1.029,0.707258,-0.288794,0.645278,0.558827,-0.330683,-0.7605,0.433011,0.898469,-0.0724921
0.654934,0.324978,0.999559,0.707258,-0.492076,0.50759,0.558827,-0.050634,-0.827737,0.433011,0.869079,0.239174
0.654934,0.27199,0.948947,0.707258,-0.636006,0.308679,0.558827,0.235522,-0.795136,0.433011,0.734864,0.521993
0.654934,0.239509,0.883265,0.707258,-0.703225,0.0725362,0.558827,0.493271,-0.66663,0.433011,0.512015,0.741851
0.654934,0.23145,0.810435,0.707258,-0.685624,-0.172355,0.558827,0.691524,-0.457719,0.433011,0.227408,0.872231
0.654934,0.248788,0.739241,0.707258,-0.585327,-0.396458,0.558827,0.806369,-0.1936,0.433011,-0.0846267,0.897407
0.654934,0.289429,0.67827,0.707258,-0.41443,-0.572742,0.558827,0.823954,0.0938702,0.433011,-0.386454,0.814343
