0.658953,0.564393,1.05004,0.308961,0.712152,-0.630383,0.951075,-0.231348,0.20478,-3.49349e-06,-0.66281,-0.748787
0.907818,0.364598,1.28966,0.92986,-0.36165,-0.0676059,-0.179072,-0.284357,-0.941846,0.321394,0.887891,-0.329173
0.907818,0.230222,1.24643,0.92986,-0.316717,-0.18722,-0.179072,0.0549224,-0.982302,0.321394,0.946929,-0.00564518
0.907818,0.118736,1.15984,0.92986,-0.233584,-0.284253,-0.179072,0.387577,-0.904277,0.321394,0.891753,0.318564
0.907818,0.0435865,1.04035,0.92986,-0.122277,-0.347001,-0.179072,0.673484,-0.717183,0.321394,0.729018,0.604349
0.907818,0.0138382,0.902361,0.92986,0.00377896,-0.367895,-0.179072,0.878159,-0.443587,0.321394,0.478353,0.817242
0.907818,0.033079,0.762519,0.92986,0.129379,-0.344416,-0.179072,0.976916,-0.116487,0.321394,0.169992,0.931562
0.907818,0.0989882,0.637691,0.92986,0.239373,-0.279395,-0.179072,0.957841,0.224663,0.321394,-0.158873,0.933523
0.907818,0.203616,0.542934,0.92986,0.320496,-0.180675,-0.179072,0.823237,0.538715,0.321394,-0.468575,0.822887
0.907818,0.334343,0.489676,0.92986,0.362962,-0.0601628,-0.179072,0.589338,0.78779,0.321394,-0.721761,0.612998
0.907818,0.475402,0.484341,0.92986,0.36165,0.0676059,-0.179072,0.284357,0.941846,0.321394,-0.887891,0.329173
0.907818,0.609778,0.527573,0.92986,0.316717,0.18722,-0.179072,-0.0549224,0.982302,0.321394,-0.946929,0.00564518
0.907818,0.721264,0.614157,0.92986,0.233584,0.284253,-0.179072,-0.387577,0.904277,0.321394,-0.891753,-0.318564
0.907818,0.796414,0.73365,0.92986,0.122277,0.347001,-0.179072,-0.673484,0.717183,0.321394,-0.729018,-0.604349
0.907818,0.826162,0.871639,0.92986,-0.00377896,0.367895,-0.179072,-0.878159,0.443587,0.321394,-0.478353,-0.817242
0.907818,0.806921,1.01148,0.92986,-0.129379,0.344416,-0.179072,-0.976916,0.116487,0.321394,-0.169992,-0.931562
0.907818,0.741012,1.13631,0.92986,-0.239373,0.279395,-0.179072,-0.957841,-0.224663,0.321394,0.158873,-0.933523
0.907818,0.636384,1.23107,0.92986,-0.320496,0.180675,-0.179072,-0.823237,-0.538715,0.321394,0.468575,-0.822887
0.907818,0.505657,1.28432,0.92986,-0.362962,0.0601628,-0.179072,-0.589338,-0.78779,0.321394,0.721761,-0.612998
0.907818,0.364598,1.28966,0.92986,-0.36165,-0.0676059,-0.179072,-0.284357,-0.941846,0.321394,0.887891,-0.329173
0.809114,0.407253,1.2519,0.796489,-0.589582,0.134155,-0.0275851,-0.257072,-0.965999,0.604023,0.765707,-0.221018
0.809114,0.283219,1.22554,0.796489,-0.59991,-0.0755844,-0.0275851,0.0888227,-0.995665,0.604023,0.795122,0.0541978
0.809114,0.175682,1.15834,0.796489,-0.537879,-0.276207,-0.0275851,0.424004,-0.90524,0.604023,0.728634,0.322877
0.809114,0.097613,1.05841,0.796489,-0.410973,-0.443515,-0.0275851,0.708043,-0.70563,0.604023,0.574261,0.552612
0.809114,0.058429,0.937812,0.796489,-0.234497,-0.557329,-0.0275851,0.906683,-0.42091,0.604023,0.350624,0.715695
0.809114,0.0628558,0.811083,0.796489,-0.0297371,-0.603921,-0.0275851,0.995963,-0.0854222,0.604023,0.0846971,0.792454
0.809114,0.11036,0.693511,0.796489,0.178609,-0.577671,-0.0275851,0.965115,0.260369,0.604023,-0.191446,0.773631
0.809114,0.19521,0.599276,0.796489,0.365413,-0.481745,-0.0275851,0.81786,0.574755,0.604023,-0.444498,0.661497
0.809114,0.307174,0.539745,0.796489,0.508142,-0.327713,-0.0275851,0.571959,0.819818,0.604023,-0.643936,0.469577
0.809114,0.432747,0.522099,0.796489,0.589582,-0.134155,-0.0275851,0.257072,0.965999,0.604023,-0.765707,0.221018
0.809114,0.556781,0.548465,0.796489,0.59991,0.0755844,-0.0275851,-0.0888227,0.995665,0.604023,-0.795122,-0.0541978
0.809114,0.664318,0.615663,0.796489,0.537879,0.276207,-0.0275851,-0.424004,0.90524,0.604023,-0.728634,-0.322877
0.809114,0.742387,0.715588,0.796489,0.410973,0.443515,-0.0275851,-0.708043,0.70563,0.604023,-0.574261,-0.552612
0.809114,0.781571,0.836188,0.796489,0.234497,0.557329,-0.0275851,-0.906683,0.42091,0.604023,-0.350624,-0.715695
0.809114,0.777144,0.962917,0.796489,0.0297371,0.603921,-0.0275851,-0.995963,0.0854222,0.604023,-0.0846971,-0.792454
0.809114,0.72964,1.08049,0.796489,-0.178609,0.577671,-0.0275851,-0.965115,-0.260369,0.604023,0.191446,-0.773631
0.809114,0.64479,1.17472,0.796489,-0.365413,0.481745,-0.0275851,-0.81786,-0.574755,0.604023,0.444498,-0.661497
0.809114,0.532826,1.23425,0.796489,-0.508142,0.327713,-0.0275851,-0.571959,-0.819818,0.604023,0.643936,-0.469577
0.809114,0.407253,1.2519,0.796489,-0.589582,0.134155,-0.0275851,-0.257072,-0.965999,0.604023,0.765707,-0.221018
0.735846,0.472614,1.19405,0.567051,-0.769612,0.293514,0.127229,-0.270228,-0.954353,0.813797,0.57851,-0.0553157
0.735846,0.364426,1.19352,0.567051,-0.823586,0.0125902,0.127229,0.0724769,-0.989222,0.813797,0.562541,0.145882
0.735846,0.26294,1.15603,0.567051,-0.778224,-0.269852,0.127229,0.40644,-0.904776,0.813797,0.478721,0.329485
0.735846,0.180398,1.08609,0.567051,-0.638997,-0.519747,0.127229,0.69138,-0.711201,0.813797,0.33716,0.473347
0.735846,0.126756,0.992133,0.567051,-0.422697,-0.706952,0.127229,0.89293,-0.431844,0.813797,0.154933,0.560116
0.735846,0.108483,0.885497,0.567051,-0.155413,-0.808888,0.127229,0.986779,-0.100401,0.813797,-0.0459819,0.579327
0.735846,0.127784,0.779043,0.567051,0.130615,-0.813261,0.127229,0.961608,0.243152,0.813797,-0.24135,0.528663
0.735846,0.18233,0.685609,0.567051,0.40089,-0.719542,0.127229,0.820453,0.557378,0.813797,-0.407608,0.414234
0.735846,0.265543,0.616467,0.567051,0.622811,-0.539036,0.127229,0.580339,0.804375,0.813797,-0.524703,0.249842
0.735846,0.367386,0.579955,0.567051,0.769612,-0.293514,0.127229,0.270228,0.954353,0.813797,-0.57851,0.0553157
0.735846,0.475574,0.580477,0.567051,0.823586,-0.0125902,0.127229,-0.0724769,0.989222,0.813797,-0.562541,-0.145882
0.735846,0.57706,0.61797,0.567051,0.778224,0.269852,0.127229,-0.40644,0.904776,0.813797,-0.478721,-0.329485
0.735846,0.659602,0.687912,0.567051,0.638997,0.519747,0.127229,-0.69138,0.711201,0.813797,-0.33716,-0.473347
0.735846,0.713244,0.781867,0.567051,0.422697,0.706952,0.127229,-0.89293,0.431844,0.813797,-0.154933,-0.560116
0.735846,0.731517,0.888503,0.567051,0.155413,0.808888,0.127229,-0.986779,0.100401,0.813797,0.0459819,-0.579327
0.735846,0.712216,0.994957,0.567051,-0.130615,0.813261,0.127229,-0.961608,-0.243152,0.813797,0.24135,-0.528663
0.735846,0.65767,1.08839,0.567051,-0.40089,0.719542,0.127229,-0.820453,-0.557378,0.813797,0.407608,-0.414234
0.735846,0.574457,1.15753,0.567051,-0.622811,0.539036,0.127229,-0.580339,-0.804375,0.813797,0.524703,-0.249842
0.735846,0.472614,1.19405,0.567051,-0.769612,0.293514,0.127229,-0.270228,-0.954353,0.813797,0.57851,-0.0553157
0.696852,0.552797,1.12307,0.269218,-0.880026,0.39125,0.266698,-0.322238,-0.908314,0.925416,0.34888,0.147949
0.696852,0.464048,1.15425,0.269218,-0.960769,0.0666683,0.266698,0.00785662,-0.963748,0.925416,0.277238,0.25835
0.696852,0.369986,1.1532,0.269218,-0.925629,-0.265955,0.266698,0.337004,-0.90294,0.925416,0.172158,0.337591
0.696852,0.281957,1.12004,0.269218,-0.778845,-0.5665,0.266698,0.625504,-0.733224,0.925416,0.0463127,0.376113
0.696852,0.210577,1.05877,0.269218,-0.538121,-0.798716,0.266698,0.838559,-0.47507,0.925416,-0.0851186,0.369271
0.696852,0.164457,0.976787,0.269218,-0.232491,-0.934596,0.266698,0.950471,-0.159616,0.925416,-0.206283,0.317889
0.696852,0.14916,0.883971,0.269218,0.10118,-0.95775,0.266698,0.947742,0.17509,0.925416,-0.302567,0.228165
0.696852,0.166529,0.791521,0.269218,0.422648,-0.865385,0.266698,0.830702,0.488678,0.925416,-0.362357,0.11092
0.696852,0.214471,0.710587,0.269218,0.693138,-0.668641,0.266698,0.613467,0.743324,0.925416,-0.378441,-0.0197023
0.696852,0.287203,0.650931,0.269218,0.880026,-0.39125,0.266698,0.322238,0.908314,0.925416,-0.34888,-0.147949
0.696852,0.375952,0.619748,0.269218,0.960769,-0.0666683,0.266698,-0.00785662,0.963748,0.925416,-0.277238,-0.25835
0.696852,0.470014,0.6208,0.269218,0.925629,0.265955,0.266698,-0.337004,0.90294,0.925416,-0.172158,-0.337591
0.696852,0.558043,0.65396,0.269218,0.778845,0.5665,0.266698,-0.625504,0.733224,0.925416,-0.0463127,-0.376113
0.696852,0.629423,0.715228,0.269218,0.538121,0.798716,0.266698,-0.838559,0.47507,0.925416,0.0851186,-0.369271
0.696852,0.675543,0.797213,0.269218,0.232491,0.934596,0.266698,-0.950471,0.159616,0.925416,0.206283,-0.317889
0.696852,0.69084,0.890029,0.269218,-0.10118,0.95775,0.266698,-0.947742,-0.17509,0.925416,0.302567,-0.228165
0.696852,0.673471,0.982479,0.269218,-0.422648,0.865385,0.266698,-0.830702,-0.488678,0.925416,0.362357,-0.11092
0.696852,0.625529,1.06341,0.269218,-0.693138,0.668641,0.266698,-0.613467,-0.743324,0.925416,0.378441,0.0197023
0.696852,0.552797,1.12307,0.269218,-0.880026,0.39125,0.266698,-0.322238,-0.908314,0.925416,0.34888,0.147949
0.696834,0.638131,1.04753,-0.061087,-0.907505,0.415575,0.373999,-0.40683,-0.833435,0.925415,0.104512,0.364258
0.696834,0.57007,1.11246,-0.061087,-0.994911,0.0801272,0.373999,-0.097244,-0.922317,0.925415,-0.0263741,0.378036
0.696834,0.483909,1.15019,-0.061087,-0.962316,-0.264985,0.373999,0.224071,-0.899954,0.925415,-0.154079,0.346217
0.696834,0.390039,1.15617,-0.061087,-0.813651,-0.578135,0.373999,0.518361,-0.769043,0.925415,-0.263201,0.272639
0.696834,0.299784,1.12969,-0.061087,-0.566848,-0.821555,0.373999,0.750128,-0.545374,0.925415,-0.340576,0.166177
0.696834,0.224028,1.07394,-0.061087,-0.251674,-0.965882,0.373999,0.891419,-0.255925,0.925415,-0.376872,0.0396718
0.696834,0.171909,0.99564,-0.061087,0.0938546,-0.99371,0.373999,0.925191,0.064392,0.925415,-0.367713,-0.0916187
0.696834,0.149713,0.904236,-0.061087,0.428063,-0.901682,0.373999,0.847372,0.376943,0.925415,-0.314202,-0.211859
0.696834,0.160119,0.810753,-0.061087,0.710641,-0.700898,0.373999,0.667347,0.644029,0.925415,-0.222793,-0.306545
0.696834,0.201869,0.726467,-0.061087,0.907505,-0.415575,0.373999,0.40683,0.833435,0.925415,-0.104512,-0.364258
0.696834,0.26993,0.661543,-0.061087,0.994911,-0.0801272,0.373999,0.097244,0.922317,0.925415,0.0263741,-0.378036
0.696834,0.356091,0.623813,-0.061087,0.962316,0.264985,0.373999,-0.224071,0.899954,0.925415,0.154079,-0.346217
0.696834,0.449961,0.617827,-0.061087,0.813651,0.578135,0.373999,-0.518361,0.769043,0.925415,0.263201,-0.272639
0.696834,0.540216,0.644307,-0.061087,0.566848,0.821555,0.373999,-0.750128,0.545374,0.925415,0.340576,-0.166177
0.696834,0.615972,0.700059,-0.061087,0.251674,0.965882,0.373999,-0.891419,0.255925,0.925415,0.376872,-0.0396718
0.696834,0.668091,0.77836,-0.061087,-0.0938546,0.99371,0.373999,-0.925191,-0.064392,0.925415,0.367713,0.0916187
0.696834,0.690287,0.869764,-0.061087,-0.428063,0.901682,0.373999,-0.847372,-0.376943,0.925415,0.314202,0.211859
0.696834,0.679881,0.963247,-0.061087,-0.710641,0.700898,0.373999,-0.667347,-0.644029,0.925415,0.222793,0.306545
0.696834,0.638131,1.04753,-0.061087,-0.907505,0.415575,0.373999,-0.40683,-0.833435,0.925415,0.104512,0.364258
0.735794,0.718323,0.976549,-0.384024,-0.848737,0.363554,0.43619,-0.513801,-0.738747,0.813796,-0.125118,0.567522
0.735794,0.669704,1.07318,-0.384024,-0.921895,0.0513437,0.43619,-0.230148,-0.869925,0.813796,-0.311676,0.490504
0.735794,0.590968,1.14736,-0.384024,-0.883858,-0.267059,0.43619,0.0812633,-0.896178,0.813796,-0.460642,0.354323
0.735794,0.49161,1.19013,-0.384024,-0.739215,-0.553251,0.43619,0.382873,-0.814338,0.813796,-0.554048,0.175406
0.735794,0.383615,1.19634,-0.384024,-0.505412,-0.772712,0.43619,0.638303,-0.634277,0.813796,-0.580627,-0.024668
0.735794,0.280008,1.16524,-0.384024,-0.210649,-0.898973,0.43619,0.816744,-0.377713,0.813796,-0.537174,-0.221766
0.735794,0.193287,1.10058,-0.384024,0.109522,-0.916805,0.43619,0.896674,-0.075591,0.813796,-0.42893,-0.392116
0.735794,0.133911,1.01016,-0.384024,0.416482,-0.824056,0.43619,0.868452,0.235648,0.813796,-0.26895,-0.515172
0.735794,0.109041,0.904884,-0.384024,0.673209,-0.631914,0.43619,0.735481,0.518465,0.813796,-0.0765316,-0.576089
0.735794,0.121677,0.797451,-0.384024,0.848737,-0.363554,0.43619,0.513801,0.738747,0.813796,0.125118,-0.567522
0.735794,0.170296,0.700819,-0.384024,0.921895,-0.0513437,0.43619,0.230148,0.869925,0.813796,0.311676,-0.490504
0.735794,0.249032,0.626643,-0.384024,0.883858,0.267059,0.43619,-0.0812633,0.896178,0.813796,0.460642,-0.354323
0.735794,0.34839,0.58387,-0.384024,0.739215,0.553251,0.43619,-0.382873,0.814338,0.813796,0.554048,-0.175406
0.735794,0.456385,0.577659,-0.384024,0.505412,0.772712,0.43619,-0.638303,0.634277,0.813796,0.580627,0.024668
0.735794,0.559992,0.608759,-0.384024,0.210649,0.898973,0.43619,-0.816744,0.377713,0.813796,0.537174,0.221766
0.735794,0.646713,0.673419,-0.384024,-0.109522,0.916805,0.43619,-0.896674,0.075591,0.813796,0.42893,0.392116
0.735794,0.706089,0.76384,-0.384024,-0.416482,0.824056,0.43619,-0.868452,-0.235648,0.813796,0.26895,0.515172
0.735794,0.730959,0.869116,-0.384024,-0.673209,0.631914,0.43619,-0.735481,-0.518465,0.813796,0.0765316,0.576089
0.735794,0.718323,0.976549,-0.384024,-0.848737,0.363554,0.43619,-0.513801,-0.738747,0.813796,-0.125118,0.567522
0.809034,0.783701,0.918677,-0.660642,-0.710808,0.241462,0.44577,-0.630247,-0.635671,0.604021,-0.312314,0.733225
0.809034,0.750933,1.04116,-0.660642,-0.750526,-0.0162105,0.44577,-0.374826,-0.812893,0.604021,-0.544257,0.582188
0.809034,0.678249,1.14505,-0.660642,-0.69972,-0.271928,0.44577,-0.0741957,-0.892067,0.604021,-0.710554,0.360931
0.809034,0.574417,1.21781,-0.660642,-0.564517,-0.494847,0.44577,0.235384,-0.863645,0.604021,-0.791148,0.0961402
0.809034,0.45196,1.25068,-0.660642,-0.361224,-0.65808,0.44577,0.516573,-0.731055,0.604021,-0.776318,-0.180246
0.809034,0.325648,1.23967,-0.660642,-0.114363,-0.741939,0.44577,0.735455,-0.510289,0.604021,-0.667852,-0.434893
0.809034,0.210716,1.18614,-0.660642,0.146292,-0.736309,0.44577,0.865631,-0.227974,0.604021,-0.478834,-0.637084
0.809034,0.121027,1.09652,-0.660642,0.389302,-0.64187,0.44577,0.891399,0.0818373,0.604021,-0.232061,-0.762434
0.809034,0.0673987,0.981626,-0.660642,0.585356,-0.470011,0.44577,0.809651,0.381778,0.604021,0.0427018,-0.795823
0.809034,0.0562991,0.855323,-0.660642,0.710808,-0.241462,0.44577,0.630247,0.635671,0.604021,0.312314,-0.733225
0.809034,0.0890673,0.73284,-0.660642,0.750526,0.0162105,0.44577,0.374826,0.812893,0.604021,0.544257,-0.582188
0.809034,0.161751,0.628951,-0.660642,0.69972,0.271928,0.44577,0.0741957,0.892067,0.604021,0.710554,-0.360931
0.809034,0.265583,0.556187,-0.660642,0.564517,0.494847,0.44577,-0.235384,0.863645,0.604021,0.791148,-0.0961402
0.809034,0.38804,0.523324,-0.660642,0.361224,0.65808,0.44577,-0.516573,0.731055,0.604021,0.776318,0.180246
0.809034,0.514352,0.534325,-0.660642,0.114363,0.741939,0.44577,-0.735455,0.510289,0.604021,0.667852,0.434893
0.809034,0.629284,0.587865,-0.660642,-0.146292,0.736309,0.44577,-0.865631,0.227974,0.604021,0.478834,0.637084
0.809034,0.718973,0.677484,-0.660642,-0.389302,0.64187,0.44577,-0.891399,-0.0818373,0.604021,0.232061,0.762434
0.809034,0.772601,0.792374,-0.660642,-0.585356,0.470011,0.44577,-0.809651,-0.381778,0.604021,-0.0427018,0.795823
0.809034,0.783701,0.918677,-0.660642,-0.710808,0.241462,0.44577,-0.630247,-0.635671,0.604021,-0.312314,0.733225
0.90772,0.826379,0.880899,-0.857576,-0.510356,0.0640258,0.401584,-0.742124,-0.53664,0.321392,-0.434498,0.841379
0.90772,0.803958,1.02026,-0.857576,-0.501476,-0.114388,0.401584,-0.513827,-0.758098,0.321392,-0.696063,0.642031
0.90772,0.735226,1.14354,-0.857576,-0.43211,-0.279004,0.401584,-0.223555,-0.888118,0.321392,-0.873673,0.365244
0.90772,0.628473,1.23588,-0.857576,-0.310626,-0.409968,0.401584,0.0936814,-0.911018,0.321392,-0.945904,0.0444034
0.90772,0.496575,1.28615,-0.857576,-0.151675,-0.491485,0.401584,0.399618,-0.824036,0.321392,-0.904046,-0.281793
0.90772,0.355441,1.28827,-0.857576,0.0255693,-0.513721,0.401584,0.657355,-0.637663,0.321392,-0.753147,-0.574001
0.90772,0.222094,1.24199,-0.857576,0.19973,-0.473994,0.401584,0.835806,-0.374379,0.321392,-0.511407,-0.796976
0.90772,0.112617,1.15289,-0.857576,0.3498,-0.377097,0.401584,0.913445,-0.0659385,0.321392,-0.207983,-0.923824
0.90772,0.0402148,1.03172,-0.857576,0.45768,-0.234717,0.401584,0.88091,0.250455,0.321392,0.120526,-0.939245
0.90772,0.0136206,0.893101,-0.857576,0.510356,-0.0640258,0.401584,0.742124,0.53664,0.321392,0.434498,-0.841379
0.90772,0.0360417,0.753743,-0.857576,0.501476,0.114388,0.401584,0.513827,0.758098,0.321392,0.696063,-0.642031
0.90772,0.104774,0.630458,-0.857576,0.43211,0.279004,0.401584,0.223555,0.888118,0.321392,0.873673,-0.365244
0.90772,0.211527,0.538115,-0.857576,0.310626,0.409968,0.401584,-0.0936814,0.911018,0.321392,0.945904,-0.0444034
0.90772,0.343425,0.487854,-0.857576,0.151675,0.491485,0.401584,-0.399618,0.824036,0.321392,0.904046,0.281793
0.90772,0.484559,0.485735,-0.857576,-0.0255693,0.513721,0.401584,-0.657355,0.637663,0.321392,0.753147,0.574001
0.90772,0.617906,0.532015,-0.857576,-0.19973,0.473994,0.401584,-0.835806,0.374379,0.321392,0.511407,0.796976
0.90772,0.727383,0.621111,-0.857576,-0.3498,0.377097,0.401584,-0.913445,0.0659385,0.321392,0.207983,0.923824
0.90772,0.799785,0.742277,-0.857576,-0.45768,0.234717,0.401584,-0.88091,-0.250455,0.321392,-0.120526,0.939245
0.90772,0.826379,0.880899,-0.857576,-0.510356,0.0640258,0.401584,-0.742124,-0.53664,0.321392,-0.434498,0.841379
0.883612,0.229829,1.23774,0.961642,-0.260705,-0.0853106,-0.0812368,0.0263831,-0.996346,0.262003,0.965058,0.00419228
0.883612,0.121336,1.15155,0.961642,-0.215805,-0.169332,-0.0812368,0.365562,-0.927235,0.262003,0.905424,0.334009
0.883612,0.0488663,1.03345,0.961642,-0.144875,-0.23293,-0.0812368,0.660649,-0.746286,0.262003,0.736583,0.623539
0.883612,0.021161,0.897679,0.961642,-0.0564713,-0.268432,-0.0812368,0.876052,-0.475324,0.262003,0.478898,0.837861
0.883612,0.0415615,0.760624,0.961642,0.0387437,-0.271558,-0.0812368,0.98579,-0.147031,0.262003,0.163452,0.951125
0.883612,0.107607,0.638812,0.961642,0.129286,-0.24193,-0.0812368,0.976627,0.198996,0.262003,-0.171709,0.949669
0.883612,0.211332,0.546935,0.961642,0.204234,-0.183122,-0.0812368,0.849669,0.521021,0.262003,-0.48616,0.833669
0.883612,0.340226,0.496075,0.961642,0.254548,-0.102226,-0.0812368,0.620228,0.780204,0.262003,-0.741972,0.617116
0.883612,0.478741,0.492366,0.961642,0.27416,-0.00900054,-0.0812368,0.315978,0.945282,0.262003,-0.908292,0.32613
0.883612,0.610171,0.536256,0.961642,0.260705,0.0853106,-0.0812368,-0.0263831,0.996346,0.262003,-0.965058,-0.00419228
0.883612,0.718664,0.622451,0.961642,0.215805,0.169332,-0.0812368,-0.365562,0.927235,0.262003,-0.905424,-0.334009
0.883612,0.791134,0.740554,0.961642,0.144875,0.23293,-0.0812368,-0.660649,0.746286,0.262003,-0.736583,-0.623539
0.883612,0.818839,0.876321,0.961642,0.0564713,0.268432,-0.0812368,-0.876052,0.475324,0.262003,-0.478898,-0.837861
0.883612,0.798438,1.01338,0.961642,-0.0387437,0.271558,-0.0812368,-0.98579,0.147031,0.262003,-0.163452,-0.951125
0.883612,0.732393,1.13519,0.961642,-0.129286,0.24193,-0.0812368,-0.976627,-0.198996,0.262003,0.171709,-0.949669
0.883612,0.628668,1.22707,0.961642,-0.204234,0.183122,-0.0812368,-0.849669,-0.521021,0.262003,0.48616,-0.833669
0.883612,0.499774,1.27793,0.961642,-0.254548,0.102226,-0.0812368,-0.620228,-0.780204,0.262003,0.741972,-0.617116
0.883612,0.361259,1.28163,0.961642,-0.27416,0.00900054,-0.0812368,-0.315978,-0.945282,0.262003,0.908292,-0.32613
0.883612,0.229829,1.23774,0.961642,-0.260705,-0.0853106,-0.0812368,0.0263831,-0.996346,0.262003,0.965058,0.00419228
0.763622,0.281686,1.19184,0.856221,-0.50072,0.127146,0.156285,0.0164743,-0.987575,0.492403,0.865453,0.0923609
0.763622,0.185766,1.12615,0.856221,-0.514009,-0.0517784,0.156285,0.353251,-0.922382,0.492403,0.78167,0.382793
0.763622,0.118097,1.03162,0.856221,-0.465301,-0.224457,0.156285,0.647421,-0.745936,0.492403,0.603607,0.627055
0.763622,0.0868429,0.919637,0.856221,-0.360471,-0.370063,0.156285,0.863502,-0.47952,0.492403,0.35274,0.795684
0.763622,0.0957722,0.803722,0.856221,-0.212163,-0.471034,0.156285,0.975432,-0.155266,0.492403,0.0593266,0.868343
0.763622,0.143808,0.697852,0.856221,-0.038265,-0.515191,0.156285,0.96971,0.187715,0.492403,-0.241242,0.836266
0.763622,0.225157,0.614796,0.856221,0.140248,-0.497209,0.156285,0.847027,0.508054,0.492403,-0.512713,0.703324
0.763622,0.330007,0.564572,0.856221,0.301846,-0.419256,0.156285,0.622181,0.767115,0.492403,-0.722344,0.48555
0.763622,0.445711,0.553237,0.856221,0.427036,-0.290734,0.156285,0.32229,0.933651,0.492403,-0.844849,0.209211
0.763622,0.558314,0.582159,0.856221,0.50072,-0.127146,0.156285,-0.0164743,0.987575,0.492403,-0.865453,-0.0923609
0.763622,0.654234,0.647849,0.856221,0.514009,0.0517784,0.156285,-0.353251,0.922382,0.492403,-0.78167,-0.382793
0.763622,0.721903,0.742385,0.856221,0.465301,0.224457,0.156285,-0.647421,0.745936,0.492403,-0.603607,-0.627055
0.763622,0.753157,0.854363,0.856221,0.360471,0.370063,0.156285,-0.863502,0.47952,0.492403,-0.35274,-0.795684
0.763622,0.744228,0.970278,0.856221,0.212163,0.471034,0.156285,-0.975432,0.155266,0.492403,-0.0593266,-0.868343
0.763622,0.696192,1.07615,0.856221,0.038265,0.515191,0.156285,-0.96971,-0.187715,0.492403,0.241242,-0.836266
0.763622,0.614843,1.1592,0.856221,-0.140248,0.497209,0.156285,-0.847027,-0.508054,0.492403,0.512713,-0.703324
0.763622,0.509993,1.20943,0.856221,-0.301846,0.419256,0.156285,-0.622181,-0.767115,0.492403,0.722344,-0.48555
0.763622,0.394289,1.22076,0.856221,-0.427036,0.290734,0.156285,-0.32229,-0.933651,0.492403,0.844849,-0.209211
0.763622,0.281686,1.19184,0.856221,-0.50072,0.127146,0.156285,0.0164743,-0.987575,0.492403,0.865453,0.0923609
0.674556,0.361145,1.12151,0.647527,-0.699261,0.302891,0.374957,-0.0536663,-0.925487,0.663413,0.712849,0.227443
0.674556,0.284489,1.08723,0.647527,-0.760685,0.0454628,0.374957,0.266105,-0.888029,0.663413,0.592069,0.457535
0.674556,0.224178,1.02881,0.647527,-0.73036,-0.217449,0.374957,0.553781,-0.743461,0.663413,0.399877,0.632442
0.674556,0.187485,0.953283,0.647527,-0.611942,-0.454133,0.374957,0.774662,-0.50922,0.663413,0.159453,0.731067
0.674556,0.178837,0.869761,0.647527,-0.419715,-0.636042,0.374957,0.902108,-0.21356,0.663413,-0.100202,0.741514
0.674556,0.199277,0.788318,0.647527,-0.176864,-0.741234,0.374957,0.920746,0.107858,0.663413,-0.347772,0.662524
0.674556,0.24634,0.718778,0.647527,0.0873195,-0.757023,0.374957,0.828329,0.416267,0.663413,-0.553396,0.503624
0.674556,0.314348,0.669527,0.647527,0.340971,-0.681504,0.374957,0.636003,0.674468,0.663413,-0.692271,0.283979
0.674556,0.3951,0.646508,0.647527,0.553496,-0.523786,0.374957,0.366965,0.851319,0.663413,-0.747649,0.0300824
0.674556,0.478855,0.652495,0.647527,0.699261,-0.302891,0.374957,0.0536663,0.925487,0.663413,-0.712849,-0.227443
0.674556,0.555511,0.686767,0.647527,0.760685,-0.0454628,0.374957,-0.266105,0.888029,0.663413,-0.592069,-0.457535
0.674556,0.615822,0.74519,0.647527,0.73036,0.217449,0.374957,-0.553781,0.743461,0.663413,-0.399877,-0.632442
0.674556,0.652515,0.820717,0.647527,0.611942,0.454133,0.374957,-0.774662,0.50922,0.663413,-0.159453,-0.731067
0.674556,0.661163,0.904239,0.647527,0.419715,0.636042,0.374957,-0.902108,0.21356,0.663413,0.100202,-0.741514
0.674556,0.640723,0.985682,0.647527,0.176864,0.741234,0.374957,-0.920746,-0.107858,0.663413,0.347772,-0.662524
0.674556,0.59366,1.05522,0.647527,-0.0873195,0.757023,0.374957,-0.828329,-0.416267,0.663413,0.553396,-0.503624
0.674556,0.525652,1.10447,0.647527,-0.340971,0.681504,0.374957,-0.636003,-0.674468,0.663413,0.692271,-0.283979
0.674556,0.4449,1.12749,0.647527,-0.553496,0.523786,0.374957,-0.366965,-0.851319,0.663413,0.747649,-0.0300824
0.674556,0.361145,1.12151,0.647527,-0.699261,0.302891,0.374957,-0.0536663,-0.925487,0.663413,0.712849,0.227443
0.627155,0.458623,1.03522,0.360731,-0.832383,0.420727,0.548404,-0.175579,-0.817573,0.754404,0.525653,0.393145
0.627155,0.405599,1.03949,0.360731,-0.926081,0.110663,0.548404,0.114636,-0.828319,0.754404,0.359488,0.549219
0.627155,0.354312,1.02537,0.360731,-0.908081,-0.21275,0.548404,0.391024,-0.739157,0.754404,0.149964,0.63905
0.627155,0.310949,0.994558,0.360731,-0.780552,-0.510501,0.548404,0.620249,-0.560842,0.754404,-0.0776474,0.651801
0.627155,0.280738,0.950774,0.360731,-0.558877,-0.746679,0.548404,0.774663,-0.314881,0.754404,-0.295894,0.585936
0.627155,0.267325,0.899298,0.360731,-0.269794,-0.892796,0.548404,0.835641,-0.0309414,0.754404,-0.478451,0.449398
0.627155,0.272326,0.846338,0.360731,0.0518308,-0.931228,0.548404,0.795828,0.256731,0.754404,-0.6033,0.258656
0.627155,0.295139,0.798283,0.360731,0.367204,-0.857341,0.548404,0.660027,0.513437,0.754404,-0.655382,0.0367164
0.627155,0.333012,0.760928,0.360731,0.638287,-0.680046,0.548404,0.444617,0.708216,0.754404,-0.628416,-0.189652
0.627155,0.381377,0.73878,0.360731,0.832383,-0.420727,0.548404,0.175579,0.817573,0.754404,-0.525653,-0.393145
0.627155,0.434401,0.734509,0.360731,0.926081,-0.110663,0.548404,-0.114636,0.828319,0.754404,-0.359488,-0.549219
0.627155,0.485688,0.748631,0.360731,0.908081,0.21275,0.548404,-0.391024,0.739157,0.754404,-0.149964,-0.63905
0.627155,0.529051,0.779442,0.360731,0.780552,0.510501,0.548404,-0.620249,0.560842,0.754404,0.0776474,-0.651801
0.627155,0.559262,0.823226,0.360731,0.558877,0.746679,0.548404,-0.774663,0.314881,0.754404,0.295894,-0.585936
0.627155,0.572675,0.874702,0.360731,0.269794,0.892796,0.548404,-0.835641,0.0309414,0.754404,0.478451,-0.449398
0.627155,0.567674,0.927662,0.360731,-0.0518308,0.931228,0.548404,-0.795828,-0.256731,0.754404,0.6033,-0.258656
0.627155,0.544861,0.975717,0.360731,-0.367204,0.857341,0.548404,-0.660027,-0.513437,0.754404,0.655382,-0.0367164
0.627155,0.506988,1.01307,0.360731,-0.638287,0.680046,0.548404,-0.444617,-0.708216,0.754404,0.628416,0.189652
0.627155,0.458623,1.03522,0.360731,-0.832383,0.420727,0.548404,-0.175579,-0.817573,0.754404,0.525653,0.393145
0.627137,0.562361,0.943393,0.0304265,-0.884028,0.466443,0.655705,-0.334559,-0.676847,0.754404,0.326443,0.569482
0.627137,0.534488,0.988683,0.0304265,-0.990247,0.135957,0.655705,-0.0828873,-0.750454,0.754404,0.111982,0.646788
0.627137,0.492806,1.02171,0.0304265,-0.977028,-0.210926,0.655705,0.178782,-0.733545,0.754404,-0.115986,0.646082
0.627137,0.442342,1.03848,0.0304265,-0.845965,-0.532369,0.655705,0.418887,-0.62816,0.754404,-0.329964,0.567449
0.627137,0.389184,1.03699,0.0304265,-0.612866,-0.789601,0.655705,0.608468,-0.447009,0.754404,-0.504144,0.420373
0.627137,0.339743,1.01741,0.0304265,-0.305846,-0.951595,0.655705,0.72466,-0.211943,0.754404,-0.617516,0.222594
0.627137,0.299982,0.982091,0.0304265,0.0380628,-0.998812,0.655705,0.753446,0.0486869,0.754404,-0.656407,-0.00203322
0.627137,0.274696,0.935308,0.0304265,0.377381,-0.925558,0.655705,0.691356,0.303444,0.754404,-0.616126,-0.226415
0.627137,0.266937,0.882698,0.0304265,0.671182,-0.740668,0.655705,0.545878,0.521602,0.754404,-0.50153,-0.423488
0.627137,0.277639,0.830607,0.0304265,0.884028,-0.466443,0.655705,0.334559,0.676847,0.754404,-0.326443,-0.569482
0.627137,0.305512,0.785317,0.0304265,0.990247,-0.135957,0.655705,0.0828873,0.750454,0.754404,-0.111982,-0.646788
0.627137,0.347194,0.752292,0.0304265,0.977028,0.210926,0.655705,-0.178782,0.733545,0.754404,0.115986,-0.646082
0.627137,0.397658,0.735515,0.0304265,0.845965,0.532369,0.655705,-0.418887,0.62816,0.754404,0.329964,-0.567449
0.627137,0.450816,0.737009,0.0304265,0.612866,0.789601,0.655705,-0.608468,0.447009,0.754404,0.504144,-0.420373
0.627137,0.500257,0.756595,0.0304265,0.305846,0.951595,0.655705,-0.72466,0.211943,0.754404,0.617516,-0.222594
0.627137,0.540018,0.791909,0.0304265,-0.0380628,0.998812,0.655705,-0.753446,-0.0486869,0.754404,0.656407,0.00203322
0.627137,0.565304,0.838692,0.0304265,-0.377381,0.925558,0.655705,-0.691356,-0.303444,0.754404,0.616126,0.226415
0.627137,0.573063,0.891302,0.0304265,-0.671182,0.740668,0.655705,-0.545878,-0.521602,0.754404,0.50153,0.423488
0.627137,0.562361,0.943393,0.0304265,-0.884028,0.466443,0.655705,-0.334559,-0.676847,0.754404,0.326443,0.569482
0.674504,0.659847,0.8571,-0.303548,-0.847967,0.434523,0.683918,-0.511431,-0.520283,0.663411,0.139247,0.735184
0.674504,0.655609,0.940936,-0.303548,-0.945444,0.118296,0.683918,-0.302641,-0.663826,0.663411,-0.120599,0.738472
0.674504,0.622953,1.01827,-0.303548,-0.928886,-0.212199,0.683918,-0.0573473,-0.727302,0.663411,-0.365898,0.65269
0.674504,0.565818,1.07976,-0.303548,-0.800291,-0.5171,0.683918,0.194863,-0.703054,0.663411,-0.567065,0.488183
0.674504,0.491095,1.11801,-0.303548,-0.575169,-0.759631,0.683918,0.42357,-0.594007,0.663411,-0.699835,0.264795
0.674504,0.407796,1.1284,-0.303548,-0.280673,-0.910539,0.683918,0.601188,-0.413315,0.663411,-0.748195,0.0094679
0.674504,0.32597,1.10966,-0.303548,0.0476762,-0.951623,0.683918,0.706294,-0.182771,0.663411,-0.706311,-0.247001
0.674504,0.255486,1.06408,-0.303548,0.370275,-0.877926,0.683918,0.72621,0.0698185,0.663411,-0.579236,-0.473678
0.674504,0.204844,0.997129,-0.303548,0.648213,-0.69834,0.683918,0.658535,0.313987,0.663411,-0.382297,-0.643222
0.674504,0.180153,0.9169,-0.303548,0.847967,-0.434523,0.683918,0.511431,0.520283,0.663411,-0.139247,-0.735184
0.674504,0.184391,0.833064,-0.303548,0.945444,-0.118296,0.683918,0.302641,0.663826,0.663411,0.120599,-0.738472
0.674504,0.217047,0.755734,-0.303548,0.928886,0.212199,0.683918,0.0573473,0.727302,0.663411,0.365898,-0.65269
0.674504,0.274182,0.694236,-0.303548,0.800291,0.5171,0.683918,-0.194863,0.703054,0.663411,0.567065,-0.488183
0.674504,0.348905,0.655989,-0.303548,0.575169,0.759631,0.683918,-0.42357,0.594007,0.663411,0.699835,-0.264795
0.674504,0.432204,0.645605,-0.303548,0.280673,0.910539,0.683918,-0.601188,0.413315,0.663411,0.748195,-0.0094679
0.674504,0.51403,0.664336,-0.303548,-0.0476762,0.951623,0.683918,-0.706294,0.182771,0.663411,0.706311,0.247001
0.674504,0.584514,0.709925,-0.303548,-0.370275,0.877926,0.683918,-0.72621,-0.0698185,0.663411,0.579236,0.473678
0.674504,0.635156,0.776871,-0.303548,-0.648213,0.69834,0.683918,-0.658535,-0.313987,0.663411,0.382297,0.643222
0.674504,0.659847,0.8571,-0.303548,-0.847967,0.434523,0.683918,-0.511431,-0.520283,0.663411,0.139247,0.735184
0.763543,0.739324,0.786749,-0.60091,-0.728551,0.328817,0.629641,-0.684862,-0.366766,0.492402,-0.0133567,0.870266
0.763543,0.754354,0.90201,-0.60091,-0.797076,0.059808,0.629641,-0.518118,-0.578883,0.492402,-0.3102,0.813214
0.763543,0.729056,1.01546,-0.60091,-0.769462,-0.216415,0.629641,-0.288882,-0.721179,0.492402,-0.569628,0.658077
0.763543,0.666482,1.11342,-0.60091,-0.649039,-0.466535,0.629641,-0.0248026,-0.776491,0.492402,-0.760351,0.423566
0.763543,0.574178,1.18406,-0.60091,-0.450333,-0.660384,0.629641,0.242269,-0.738145,0.492402,-0.859364,0.137966
0.763543,0.463278,1.21888,-0.60091,-0.19731,-0.774581,0.629641,0.480119,-0.610769,0.492402,-0.854725,-0.164274
0.763543,0.347158,1.21367,-0.60091,0.0795113,-0.795352,0.629641,0.660059,-0.409725,0.492402,-0.746994,-0.4467
0.763543,0.239824,1.16905,-0.60091,0.346743,-0.720192,0.629641,0.760387,-0.159262,0.492402,-0.549164,-0.675248
0.763543,0.154222,1.09042,-0.60091,0.572152,-0.558166,0.629641,0.769001,0.11041,0.492402,-0.285097,-0.82235
0.763543,0.100676,0.987251,-0.60091,0.728551,-0.328817,0.629641,0.684862,0.366766,0.492402,0.0133567,-0.870266
0.763543,0.0856459,0.87199,-0.60091,0.797076,-0.059808,0.629641,0.518118,0.578883,0.492402,0.3102,-0.813214
0.763543,0.110944,0.758539,-0.60091,0.769462,0.216415,0.629641,0.288882,0.721179,0.492402,0.569628,-0.658077
0.763543,0.173518,0.660583,-0.60091,0.649039,0.466535,0.629641,0.0248026,0.776491,0.492402,0.760351,-0.423566
0.763543,0.265822,0.589936,-0.60091,0.450333,0.660384,0.629641,-0.242269,0.738145,0.492402,0.859364,-0.137966
0.763543,0.376722,0.555119,-0.60091,0.19731,0.774581,0.629641,-0.480119,0.610769,0.492402,0.854725,0.164274
0.763543,0.492842,0.560332,-0.60091,-0.0795113,0.795352,0.629641,-0.660059,0.409725,0.492402,0.746994,0.4467
0.763543,0.600176,0.604946,-0.60091,-0.346743,0.720192,0.629641,-0.760387,0.159262,0.492402,0.549164,0.675248
0.763543,0.685778,0.68358,-0.60091,-0.572152,0.558166,0.629641,-0.769001,-0.11041,0.492402,0.285097,0.82235
0.763543,0.739324,0.786749,-0.60091,-0.728551,0.328817,0.629641,-0.684862,-0.366766,0.492402,-0.0133567,0.870266
0.883514,0.791205,0.740825,-0.825794,-0.540181,0.162076,0.499419,-0.833933,-0.234811,0.262001,-0.112961,0.958434
0.883514,0.818813,0.8766,-0.825794,-0.563037,-0.0324511,0.499419,-0.703331,-0.505872,0.262001,-0.433953,0.861998
0.883514,0.798319,1.01363,-0.825794,-0.517983,-0.223064,0.499419,-0.487896,-0.715917,0.262001,-0.702603,0.661593
0.883514,0.732193,1.13539,-0.825794,-0.410452,-0.386772,0.499419,-0.213614,-0.839613,0.262001,-0.886509,0.381389
0.883514,0.628413,1.22718,-0.825794,-0.253415,-0.50383,0.499419,0.0864325,-0.862038,0.262001,-0.963489,0.055185
0.883514,0.499495,1.27795,-0.825794,-0.0658123,-0.560119,0.499419,0.376054,-0.780489,0.262001,-0.924257,-0.277676
0.883514,0.360989,1.28156,-0.825794,0.129729,-0.548848,0.499419,0.620319,-0.604802,0.262001,-0.773547,-0.577044
0.883514,0.2296,1.23758,-0.825794,0.309622,-0.471379,0.499419,0.789763,-0.356166,0.262001,-0.529536,-0.806813
0.883514,0.121176,1.15132,-0.825794,0.452171,-0.337054,0.499419,0.863951,-0.064572,0.262001,-0.221655,-0.939268
0.883514,0.0487954,1.03317,-0.825794,0.540181,-0.162076,0.499419,0.833933,0.234811,0.262001,0.112961,-0.958434
0.883514,0.021187,0.8974,-0.825794,0.563037,0.0324511,0.499419,0.703331,0.505872,0.262001,0.433953,-0.861998
0.883514,0.0416814,0.760371,-0.825794,0.517983,0.223064,0.499419,0.487896,0.715917,0.262001,0.702603,-0.661593
0.883514,0.107807,0.638615,-0.825794,0.410452,0.386772,0.499419,0.213614,0.839613,0.262001,0.886509,-0.381389
0.883514,0.211587,0.546818,-0.825794,0.253415,0.50383,0.499419,-0.0864325,0.862038,0.262001,0.963489,-0.055185
0.883514,0.340505,0.496052,-0.825794,0.0658123,0.560119,0.499419,-0.376054,0.780489,0.262001,0.924257,0.277676
0.883514,0.479011,0.49244,-0.825794,-0.129729,0.548848,0.499419,-0.620319,0.604802,0.262001,0.773547,0.577044
0.883514,0.6104,0.536418,-0.825794,-0.309622,0.471379,0.499419,-0.789763,0.356166,0.262001,0.529536,0.806813
0.883514,0.718824,0.622681,-0.825794,-0.452171,0.337054,0.499419,-0.863951,0.064572,0.262001,0.221655,0.939268
0.883514,0.791205,0.740825,-0.825794,-0.540181,0.162076,0.499419,-0.833933,-0.234811,0.262001,-0.112961,0.958434
0.875863,0.117995,1.14353,0.985232,-0.157693,-0.0667207,-0.00862081,0.343485,-0.939119,0.17101,0.925825,0.337052
0.875863,0.0484709,1.02476,0.985232,-0.125363,-0.116631,-0.00862081,0.643967,-0.765004,0.17101,0.754712,0.633376
0.875863,0.0237588,0.889385,0.985232,-0.0779127,-0.152474,-0.00862081,0.866778,-0.498619,0.17101,0.49257,0.853306
0.875863,0.0468393,0.753719,0.985232,-0.0210648,-0.169927,-0.00862081,0.985043,-0.172093,0.17101,0.171016,0.970314
0.875863,0.114928,0.634128,0.985232,0.0383239,-0.166883,-0.00862081,0.984497,0.17519,0.17101,-0.171164,0.970288
0.875863,0.219814,0.545038,0.985232,0.0930902,-0.143711,-0.00862081,0.865206,0.501342,0.17101,-0.4927,0.853231
0.875863,0.348844,0.497193,0.985232,0.136628,-0.103206,-0.00862081,0.641558,0.767026,0.17101,-0.754808,0.633261
0.875863,0.486458,0.496364,0.985232,0.163687,-0.0502522,-0.00862081,0.34053,0.940194,0.17101,-0.925876,0.336912
0.875863,0.616055,0.542652,0.985232,0.171003,0.0087627,-0.00862081,-0.00157231,0.999962,0.17101,-0.985269,-7.49077e-05
0.875863,0.722005,0.630474,0.985232,0.157693,0.0667207,-0.00862081,-0.343485,0.939119,0.17101,-0.925825,-0.337052
0.875863,0.791529,0.749236,0.985232,0.125363,0.116631,-0.00862081,-0.643967,0.765004,0.17101,-0.754712,-0.633376
0.875863,0.816241,0.884615,0.985232,0.0779127,0.152474,-0.00862081,-0.866778,0.498619,0.17101,-0.49257,-0.853306
0.875863,0.793161,1.02028,0.985232,0.0210648,0.169927,-0.00862081,-0.985043,0.172093,0.17101,-0.171016,-0.970314
0.875863,0.725072,1.13987,0.985232,-0.0383239,0.166883,-0.00862081,-0.984497,-0.17519,0.17101,0.171164,-0.970288
0.875863,0.620186,1.22896,0.985232,-0.0930902,0.143711,-0.00862081,-0.865206,-0.501342,0.17101,0.4927,-0.853231
0.875863,0.491156,1.27681,0.985232,-0.136628,0.103206,-0.00862081,-0.641558,-0.767026,0.17101,0.754808,-0.633261
0.875863,0.353542,1.27764,0.985232,-0.163687,0.0502522,-0.00862081,-0.34053,-0.940194,0.17101,0.925876,-0.336912
0.875863,0.223945,1.23135,0.985232,-0.171003,-0.0087627,-0.00862081,0.00157231,-0.999962,0.17101,0.985269,7.49077e-05
0.875863,0.117995,1.14353,0.985232,-0.157693,-0.0667207,-0.00862081,0.343485,-0.939119,0.17101,0.925825,0.337052
0.749059,0.172798,1.09502,0.900555,-0.406676,0.153674,0.292759,0.305969,-0.905911,0.321393,0.860812,0.3946
0.749059,0.116561,0.997922,0.900555,-0.43471,0.00531494,0.292759,0.597357,-0.74663,0.321393,0.673938,0.665218
0.749059,0.0969228,0.887451,0.900555,-0.410312,-0.143685,0.292759,0.816695,-0.497295,0.321393,0.405776,0.855601
0.749059,0.116253,0.776925,0.900555,-0.336424,-0.275355,0.292759,0.937527,-0.187978,0.321393,0.0886723,0.942785
0.749059,0.172219,0.679675,0.900555,-0.221958,-0.373812,0.292759,0.945279,0.144011,0.321393,-0.239127,0.916256
0.749059,0.258071,0.607432,0.900555,-0.0807208,-0.427183,0.292759,0.839017,0.458631,0.321393,-0.538084,0.779213
0.749059,0.363454,0.568909,0.900555,0.0702524,-0.429029,0.292759,0.631557,0.717933,0.321393,-0.77214,0.548185
0.749059,0.475658,0.568753,0.900555,0.212752,-0.379127,0.292759,0.347922,0.890642,0.321393,-0.913064,0.251038
0.749059,0.581148,0.606982,0.900555,0.329591,-0.283498,0.292759,0.0223227,0.955926,0.321393,-0.94386,-0.0763878
0.749059,0.667202,0.678985,0.900555,0.406676,-0.153674,0.292759,-0.305969,0.905911,0.321393,-0.860812,-0.3946
0.749059,0.723439,0.776078,0.900555,0.43471,-0.00531494,0.292759,-0.597357,0.74663,0.321393,-0.673938,-0.665218
0.749059,0.743077,0.886549,0.900555,0.410312,0.143685,0.292759,-0.816695,0.497295,0.321393,-0.405776,-0.855601
0.749059,0.723747,0.997075,0.900555,0.336424,0.275355,0.292759,-0.937527,0.187978,0.321393,-0.0886723,-0.942785
0.749059,0.667781,1.09432,0.900555,0.221958,0.373812,0.292759,-0.945279,-0.144011,0.321393,0.239127,-0.916256
0.749059,0.581929,1.16657,0.900555,0.0807208,0.427183,0.292759,-0.839017,-0.458631,0.321393,0.538084,-0.779213
0.749059,0.476546,1.20509,0.900555,-0.0702524,0.429029,0.292759,-0.631557,-0.717933,0.321393,0.77214,-0.548185
0.749059,0.364342,1.20525,0.900555,-0.212752,0.379127,0.292759,-0.347922,-0.890642,0.321393,0.913064,-0.251038
0.749059,0.258852,1.16702,0.900555,-0.329591,0.283498,0.292759,-0.0223227,-0.955926,0.321393,0.94386,0.0763878
0.749059,0.172798,1.09502,0.900555,-0.406676,0.153674,0.292759,0.305969,-0.905911,0.321393,0.860812,0.3946
0.654934,0.256771,1.02068,0.707258,-0.618958,0.341581,0.558827,0.193533,-0.806385,0.433011,0.761207,0.482768
0.654934,0.220892,0.956794,0.707258,-0.698458,0.109286,0.558827,0.457662,-0.691562,0.433011,0.550184,0.714002
0.654934,0.209029,0.884486,0.707258,-0.693713,-0.136192,0.558827,0.666589,-0.493326,0.433011,0.272801,0.859117
0.654934,0.222612,0.812482,0.707258,-0.605297,-0.365242,0.558827,0.795117,-0.235588,0.433011,-0.0374861,0.900609
0.654934,0.260002,0.749465,0.707258,-0.443873,-0.550239,0.558827,0.827741,0.0505659,0.433011,-0.343252,0.833475
0.654934,0.316691,0.703037,0.707258,-0.228911,-0.668869,0.558827,0.760527,0.33062,0.433011,-0.607616,0.665811
0.654934,0.385841,0.678798,0.707258,0.0136606,-0.706824,0.558827,0.601583,0.570797,0.433011,-0.798693,0.417841
0.654934,0.45911,0.67967,0.707258,0.254585,-0.659525,0.558827,0.370079,0.742128,0.433011,-0.893436,0.119473
0.654934,0.527662,0.70555,0.707258,0.464802,-0.532677,0.558827,0.093938,0.823946,0.433011,-0.880417,-0.193306
0.654934,0.583229,0.753316,0.707258,0.618958,-0.341581,0.558827,-0.193533,0.806385,0.433011,-0.761207,-0.482768
0.654934,0.619108,0.817206,0.707258,0.698458,-0.109286,0.558827,-0.457662,0.691562,0.433011,-0.550184,-0.714002
0.654934,0.630971,0.889514,0.707258,0.693713,0.136192,0.558827,-0.666589,0.493326,0.433011,-0.272801,-0.859117
0.654934,0.617388,0.961518,0.707258,0.605297,0.365242,0.558827,-0.795117,0.235588,0.433011,0.0374861,-0.900609
0.654934,0.579998,1.02454,0.707258,0.443873,0.550239,0.558827,-0.827741,-0.0505659,0.433011,0.343252,-0.833475
0.654934,0.523309,1.07096,0.707258,0.228911,0.668869,0.558827,-0.760527,-0.33062,0.433011,0.607616,-0.665811
0.654934,0.454159,1.0952,0.707258,-0.0136606,0.706824,0.558827,-0.601583,-0.570797,0.433011,0.798693,-0.417841
