0.658953,0.167377,0.937343,0.308961,-0.134103,0.941573,0.951075,0.0435675,-0.305873,-3.49349e-06,0.990009,0.141002
0.907818,0.164341,0.625375,0.92986,0.319292,-0.182794,-0.179072,0.826788,0.533249,0.321394,-0.463114,0.825973
0.907818,0.294713,0.571252,0.92986,0.362556,-0.0625661,-0.179072,0.594545,0.783869,0.321394,-0.717684,0.617767
0.907818,0.435733,0.564983,0.92986,0.36209,0.0652085,-0.179072,0.29059,0.939942,0.321394,-0.885691,0.335048
0.907818,0.570393,0.607324,0.92986,0.317951,0.185118,-0.179072,-0.0484134,0.982644,0.321394,-0.94687,0.0119185
0.907818,0.68245,0.693167,0.92986,0.235462,0.2827,-0.179072,-0.381578,0.906825,0.321394,-0.893843,-0.312649
0.907818,0.758389,0.81216,0.92986,0.124573,0.346183,-0.179072,-0.668718,0.721629,0.321394,-0.733006,-0.599506
0.907818,0.789051,0.949949,0.92986,-0.00134157,0.367912,-0.179072,-0.875201,0.449395,0.321394,-0.483757,-0.814055
0.907818,0.770737,1.08991,0.92986,-0.127094,0.345266,-0.179072,-0.976122,0.122956,0.321394,-0.17616,-0.930416
0.907818,0.705656,1.21518,0.92986,-0.237517,0.280975,-0.179072,-0.959309,-0.218312,0.321394,0.152685,-0.934555
0.907818,0.601659,1.31062,0.92986,-0.319292,0.182794,-0.179072,-0.826788,-0.533249,0.321394,0.463114,-0.825973
0.907818,0.471287,1.36475,0.92986,-0.362556,0.0625661,-0.179072,-0.594545,-0.783869,0.321394,0.717684,-0.617767
0.907818,0.330267,1.37102,0.92986,-0.36209,-0.0652085,-0.179072,-0.29059,-0.939942,0.321394,0.885691,-0.335048
0.907818,0.195607,1.32868,0.92986,-0.317951,-0.185118,-0.179072,0.0484134,-0.982644,0.321394,0.94687,-0.0119185
0.907818,0.08355,1.24283,0.92986,-0.235462,-0.2827,-0.179072,0.381578,-0.906825,0.321394,0.893843,0.312649
0.907818,0.00761068,1.12384,0.92986,-0.124573,-0.346183,-0.179072,0.668718,-0.721629,0.321394,0.733006,0.599506
0.907818,-0.0230512,0.986051,0.92986,0.00134157,-0.367912,-0.179072,0.875201,-0.449395,0.321394,0.483757,0.814055
0.907818,-0.00473723,0.846085,0.92986,0.127094,-0.345266,-0.179072,0.976122,-0.122956,0.321394,0.17616,0.930416
0.907818,0.0603435,0.720824,0.92986,0.237517,-0.280975,-0.179072,0.959309,0.218312,0.321394,-0.152685,0.934555
0.907818,0.164341,0.625375,0.92986,0.319292,-0.182794,-0.179072,0.826788,0.533249,0.321394,-0.463114,0.825973
0.809114,0.156309,0.681772,0.796489,0.362213,-0.484155,-0.0275851,0.82165,0.569324,0.604023,-0.440105,0.664427
0.809114,0.267876,0.621501,0.796489,0.50596,-0.331073,-0.0275851,0.577378,0.816011,0.604023,-0.640811,0.473832
0.809114,0.393329,0.603022,0.796489,0.58868,-0.138058,-0.0275851,0.263466,0.964274,0.604023,-0.764226,0.226086
0.809114,0.517536,0.628566,0.796489,0.600397,0.0716084,-0.0275851,-0.0822244,0.996232,0.604023,-0.795464,-0.0489289
0.809114,0.625515,0.69505,0.796489,0.539697,0.272638,-0.0275851,-0.417997,0.908029,0.604023,-0.730757,-0.318043
0.809114,0.704244,0.794456,0.796489,0.413902,0.440783,-0.0275851,-0.703353,0.710305,0.604023,-0.57791,-0.548796
0.809114,0.744226,0.914794,0.796489,0.238184,0.555763,-0.0275851,-0.903874,0.426908,0.604023,-0.355358,-0.713356
0.809114,0.740639,1.04155,0.796489,0.0337374,0.60371,-0.0275851,-0.995375,0.0920186,0.604023,-0.0899452,-0.791875
0.809114,0.693916,1.15943,0.796489,-0.174778,0.578841,-0.0275851,-0.966819,-0.253969,0.604023,0.186316,-0.774882
0.809114,0.609691,1.25423,0.796489,-0.362213,0.484155,-0.0275851,-0.82165,-0.569324,0.604023,0.440105,-0.664427
0.809114,0.498124,1.3145,0.796489,-0.50596,0.331073,-0.0275851,-0.577378,-0.816011,0.604023,0.640811,-0.473832
0.809114,0.372671,1.33298,0.796489,-0.58868,0.138058,-0.0275851,-0.263466,-0.964274,0.604023,0.764226,-0.226086
0.809114,0.248464,1.30743,0.796489,-0.600397,-0.0716084,-0.0275851,0.0822244,-0.996232,0.604023,0.795464,0.0489289
0.809114,0.140485,1.24095,0.796489,-0.539697,-0.272638,-0.0275851,0.417997,-0.908029,0.604023,0.730757,0.318043
0.809114,0.0617557,1.14154,0.796489,-0.413902,-0.440783,-0.0275851,0.703353,-0.710305,0.604023,0.57791,0.548796
0.809114,0.0217736,1.02121,0.796489,-0.238184,-0.555763,-0.0275851,0.903874,-0.426908,0.604023,0.355358,0.713356
0.809114,0.0253607,0.89445,0.796489,-0.0337374,-0.60371,-0.0275851,0.995375,-0.0920186,0.604023,0.0899452,0.791875
0.809114,0.0720845,0.776566,0.796489,0.174778,-0.578841,-0.0275851,0.966819,0.253969,0.604023,-0.186316,0.774882
0.809114,0.156309,0.681772,0.796489,0.362213,-0.484155,-0.0275851,0.82165,0.569324,0.604023,-0.440105,0.664427
0.735846,0.144001,0.768188,0.567051,0.396114,-0.722182,0.127229,0.824127,0.55193,0.813797,-0.404855,0.416925
0.735846,0.226754,0.698496,0.567051,0.619226,-0.54315,0.127229,0.585655,0.800513,0.813797,-0.523036,0.253313
0.735846,0.328353,0.66131,0.567051,0.767651,-0.298606,0.127229,0.276544,0.952542,0.813797,-0.578131,0.0591472
0.735846,0.436543,0.661115,0.567051,0.823485,-0.0180462,0.127229,-0.0659217,0.98968,0.813797,-0.563495,-0.142152
0.735846,0.538274,0.697935,0.567051,0.779995,0.264691,0.127229,-0.400437,0.907449,0.813797,-0.480893,-0.326306
0.735846,0.621278,0.767329,0.567051,0.642426,0.515502,0.127229,-0.686653,0.715765,0.813797,-0.340289,-0.471103
0.735846,0.675541,0.860927,0.567051,0.427371,0.704136,0.127229,-0.890049,0.43775,0.813797,-0.15864,-0.559077
0.735846,0.69452,0.967439,0.567051,0.160769,0.807841,0.127229,-0.986092,0.106936,0.813797,0.0421428,-0.579619
0.735846,0.675925,1.07402,0.567051,-0.125225,0.814108,0.127229,-0.963198,-0.236776,0.813797,0.237843,-0.53025
0.735846,0.621999,1.16781,0.567051,-0.396114,0.722182,0.127229,-0.824127,-0.55193,0.813797,0.404855,-0.416925
0.735846,0.539246,1.2375,0.567051,-0.619226,0.54315,0.127229,-0.585655,-0.800513,0.813797,0.523036,-0.253313
0.735846,0.437647,1.27469,0.567051,-0.767651,0.298606,0.127229,-0.276544,-0.952542,0.813797,0.578131,-0.0591472
0.735846,0.329457,1.27488,0.567051,-0.823485,0.0180462,0.127229,0.0659217,-0.98968,0.813797,0.563495,0.142152
0.735846,0.227726,1.23806,0.567051,-0.779995,-0.264691,0.127229,0.400437,-0.907449,0.813797,0.480893,0.326306
0.735846,0.144722,1.16867,0.567051,-0.642426,-0.515502,0.127229,0.686653,-0.715765,0.813797,0.340289,0.471103
0.735846,0.0904588,1.07507,0.567051,-0.427371,-0.704136,0.127229,0.890049,-0.43775,0.813797,0.15864,0.559077
0.735846,0.07148,0.968561,0.567051,-0.160769,-0.807841,0.127229,0.986092,-0.106936,0.813797,-0.0421428,0.579619
0.735846,0.0900751,0.861981,0.567051,0.125225,-0.814108,0.127229,0.963198,0.236776,0.813797,-0.237843,0.53025
0.735846,0.144001,0.768188,0.567051,0.396114,-0.722182,0.127229,0.824127,0.55193,0.813797,-0.404855,0.416925
0.696852,0.128902,0.874202,0.269218,0.416906,-0.868166,0.266698,0.833921,0.483164,0.925416,-0.361614,0.113319
0.696852,0.176307,0.792952,0.269218,0.688693,-0.673219,0.266698,0.618378,0.739244,0.925416,-0.378563,-0.0171947
0.696852,0.248642,0.732816,0.269218,0.877414,-0.397072,0.266698,0.328249,0.906159,0.925416,-0.349852,-0.145634
0.696852,0.337182,0.701046,0.269218,0.960306,-0.0730319,0.266698,-0.00147162,0.963779,0.925416,-0.278944,-0.256508
0.696852,0.431249,0.701475,0.269218,0.927371,0.259817,0.266698,-0.331015,0.905153,0.925416,-0.174391,-0.336443
0.696852,0.519496,0.734051,0.269218,0.782581,0.561327,0.266698,-0.620633,0.737352,0.925416,-0.0488034,-0.375798
0.696852,0.59128,0.794844,0.269218,0.543401,0.795134,0.266698,-0.835393,0.480615,0.925416,0.0826703,-0.369826
0.696852,0.637942,0.876522,0.269218,0.238678,0.933035,0.266698,-0.949393,0.165909,0.925416,0.204173,-0.319248
0.696852,0.653854,0.969235,0.269218,-0.0948331,0.958399,0.266698,-0.948882,-0.168808,0.925416,0.301049,-0.230164
0.696852,0.637098,1.0618,0.269218,-0.416906,0.868166,0.266698,-0.833921,-0.483164,0.925416,0.361614,-0.113319
0.696852,0.589693,1.14305,0.269218,-0.688693,0.673219,0.266698,-0.618378,-0.739244,0.925416,0.378563,0.0171947
0.696852,0.517358,1.20318,0.269218,-0.877414,0.397072,0.266698,-0.328249,-0.906159,0.925416,0.349852,0.145634
0.696852,0.428818,1.23495,0.269218,-0.960306,0.0730319,0.266698,0.00147162,-0.963779,0.925416,0.278944,0.256508
0.696852,0.334751,1.23453,0.269218,-0.927371,-0.259817,0.266698,0.331015,-0.905153,0.925416,0.174391,0.336443
0.696852,0.246504,1.20195,0.269218,-0.782581,-0.561327,0.266698,0.620633,-0.737352,0.925416,0.0488034,0.375798
0.696852,0.17472,1.14116,0.269218,-0.543401,-0.795134,0.266698,0.835393,-0.480615,0.925416,-0.0826703,0.369826
0.696852,0.128058,1.05948,0.269218,-0.238678,-0.933035,0.266698,0.949393,-0.165909,0.925416,-0.204173,0.319248
0.696852,0.112146,0.966765,0.269218,0.0948331,-0.958399,0.266698,0.948882,0.168808,0.925416,-0.301049,0.230164
0.696852,0.128902,0.874202,0.269218,0.416906,-0.868166,0.266698,0.833921,0.483164,0.925416,-0.361614,0.113319
0.696834,0.112834,0.987026,-0.061087,0.42208,-0.904498,0.373999,0.849851,0.371321,0.925415,-0.315598,-0.209772
0.696834,0.122619,0.893477,-0.061087,0.705982,-0.70559,0.373999,0.671599,0.639593,0.925415,-0.224819,-0.305062
0.696834,0.163811,0.808915,-0.061087,0.904732,-0.421578,0.373999,0.412343,0.830721,0.925415,-0.106923,-0.363558
0.696834,0.231439,0.743542,-0.061087,0.994358,-0.0867167,0.373999,0.103352,0.921652,0.925415,0.0238691,-0.378202
0.696834,0.317349,0.705242,-0.061087,0.96405,0.258604,0.373999,-0.218104,0.901419,0.925415,0.151782,-0.34723
0.696834,0.411177,0.698634,-0.061087,0.817463,0.572732,0.373999,-0.513254,0.77246,0.925415,0.261388,-0.274377
0.696834,0.501606,0.724516,-0.061087,0.572278,0.817781,0.373999,-0.746498,0.550332,0.925415,0.339467,-0.16843
0.696834,0.57773,0.779765,-0.061087,0.258068,0.964194,0.373999,-0.889704,0.261825,0.925415,0.376601,-0.0421677
0.696834,0.630366,0.857719,-0.061087,-0.0872692,0.99431,0.373999,-0.925597,-0.0582612,0.925415,0.368312,0.0891806
0.696834,0.653166,0.948974,-0.061087,-0.42208,0.904498,0.373999,-0.849851,-0.371321,0.925415,0.315598,0.209772
0.696834,0.643381,1.04252,-0.061087,-0.705982,0.70559,0.373999,-0.671599,-0.639593,0.925415,0.224819,0.305062
0.696834,0.602189,1.12708,-0.061087,-0.904732,0.421578,0.373999,-0.412343,-0.830721,0.925415,0.106923,0.363558
0.696834,0.534561,1.19246,-0.061087,-0.994358,0.0867167,0.373999,-0.103352,-0.921652,0.925415,-0.0238691,0.378202
0.696834,0.448651,1.23076,-0.061087,-0.96405,-0.258604,0.373999,0.218104,-0.901419,0.925415,-0.151782,0.34723
0.696834,0.354823,1.23737,-0.061087,-0.817463,-0.572732,0.373999,0.513254,-0.77246,0.925415,-0.261388,0.274377
0.696834,0.264394,1.21148,-0.061087,-0.572278,-0.817781,0.373999,0.746498,-0.550332,0.925415,-0.339467,0.16843
0.696834,0.18827,1.15623,-0.061087,-0.258068,-0.964194,0.373999,0.889704,-0.261825,0.925415,-0.376601,0.0421677
0.696834,0.135634,1.07828,-0.061087,0.0872692,-0.99431,0.373999,0.925597,0.0582612,0.925415,-0.368312,-0.0891806
0.696834,0.112834,0.987026,-0.061087,0.42208,-0.904498,0.373999,0.849851,0.371321,0.925415,-0.315598,-0.209772
0.735794,0.0977328,1.09305,-0.384024,0.411014,-0.826797,0.43619,0.869994,0.22989,0.813796,-0.272357,-0.513378
0.735794,0.0721661,0.987944,-0.384024,0.669008,-0.63636,0.43619,0.7389,0.513581,0.813796,-0.0803465,-0.57557
0.735794,0.0840905,0.88043,-0.384024,0.84631,-0.369169,0.43619,0.518684,0.735327,0.813796,0.121355,-0.568339
0.735794,0.132068,0.783478,-0.384024,0.921534,-0.0574501,0.43619,0.235907,0.868382,0.813796,0.30842,-0.492558
0.735794,0.210311,0.708782,-0.384024,0.885608,0.261198,0.43619,-0.0753243,0.896697,0.813796,0.458285,-0.357367
0.735794,0.309384,0.665352,-0.384024,0.742864,0.548341,0.43619,-0.37747,0.816857,0.813796,0.552873,-0.179072
0.735794,0.417335,0.658425,-0.384024,0.51052,0.769347,0.43619,-0.634087,0.638492,0.813796,0.580777,0.0208208
0.735794,0.521145,0.688838,-0.384024,0.2166,0.897558,0.43619,-0.814224,0.383115,0.813796,0.538631,0.218203
0.735794,0.608293,0.752922,-0.384024,-0.103445,0.91751,0.43619,-0.896154,0.0815298,0.813796,0.431518,0.389266
0.735794,0.668267,0.842948,-0.384024,-0.411014,0.826797,0.43619,-0.869994,-0.22989,0.813796,0.272357,0.513378
0.735794,0.693834,0.948056,-0.384024,-0.669008,0.63636,0.43619,-0.7389,-0.513581,0.813796,0.0803465,0.57557
0.735794,0.681909,1.05557,-0.384024,-0.84631,0.369169,0.43619,-0.518684,-0.735327,0.813796,-0.121355,0.568339
0.735794,0.633932,1.15252,-0.384024,-0.921534,0.0574501,0.43619,-0.235907,-0.868382,0.813796,-0.30842,0.492558
0.735794,0.555689,1.22722,-0.384024,-0.885608,-0.261198,0.43619,0.0753243,-0.896697,0.813796,-0.458285,0.357367
0.735794,0.456616,1.27065,-0.384024,-0.742864,-0.548341,0.43619,0.37747,-0.816857,0.813796,-0.552873,0.179072
0.735794,0.348665,1.27757,-0.384024,-0.51052,-0.769347,0.43619,0.634087,-0.638492,0.813796,-0.580777,-0.0208208
0.735794,0.244855,1.24716,-0.384024,-0.2166,-0.897558,0.43619,0.814224,-0.383115,0.813796,-0.538631,-0.218203
0.735794,0.157707,1.18308,-0.384024,0.103445,-0.91751,0.43619,0.896154,-0.0815298,0.813796,-0.431518,-0.389266
0.735794,0.0977328,1.09305,-0.384024,0.411014,-0.826797,0.43619,0.869994,0.22989,0.813796,-0.272357,-0.513378
0.809034,0.0854217,1.17949,-0.660642,0.385041,-0.644435,0.44577,0.891921,0.07593,0.604021,-0.237107,-0.76088
0.809034,0.0310333,1.06496,-0.660642,0.58223,-0.473879,0.44577,0.812162,0.376406,0.604021,0.0374285,-0.796089
0.809034,0.0190972,0.938733,-0.660642,0.709193,-0.246166,0.44577,0.634445,0.631482,0.604021,0.30745,-0.735278
0.809034,0.0510532,0.816036,-0.660642,0.750617,0.0112379,0.44577,0.380203,0.810392,0.604021,0.540388,-0.585781
0.809034,0.123047,0.711668,-0.660642,0.701506,0.267286,0.44577,0.0801041,0.891556,0.604021,0.708147,-0.36563
0.809034,0.226395,0.638217,-0.660642,0.567783,0.491096,0.44577,-0.229657,0.865186,0.604021,0.790494,-0.101379
0.809034,0.348632,0.604544,-0.660642,0.365576,0.655673,0.44577,-0.511718,0.734462,0.604021,0.777495,0.175099
0.809034,0.475014,0.614708,-0.660642,0.119276,0.741165,0.44577,-0.732058,0.51515,0.604021,0.670719,0.430459
0.809034,0.590298,0.667485,-0.660642,-0.141411,0.737262,0.44577,-0.864101,0.233704,0.604021,0.483044,0.633898
0.809034,0.680578,0.756508,-0.660642,-0.385041,0.644435,0.44577,-0.891921,-0.07593,0.604021,0.237107,0.76088
0.809034,0.734967,0.87104,-0.660642,-0.58223,0.473879,0.44577,-0.812162,-0.376406,0.604021,-0.0374285,0.796089
0.809034,0.746903,0.997267,-0.660642,-0.709193,0.246166,0.44577,-0.634445,-0.631482,0.604021,-0.30745,0.735278
0.809034,0.714947,1.11996,-0.660642,-0.750617,-0.0112379,0.44577,-0.380203,-0.810392,0.604021,-0.540388,0.585781
0.809034,0.642953,1.22433,-0.660642,-0.701506,-0.267286,0.44577,-0.0801041,-0.891556,0.604021,-0.708147,0.36563
0.809034,0.539605,1.29778,-0.660642,-0.567783,-0.491096,0.44577,0.229657,-0.865186,0.604021,-0.790494,0.101379
0.809034,0.417368,1.33146,-0.660642,-0.365576,-0.655673,0.44577,0.511718,-0.734462,0.604021,-0.777495,-0.175099
0.809034,0.290986,1.32129,-0.660642,-0.119276,-0.741165,0.44577,0.732058,-0.51515,0.604021,-0.670719,-0.430459
0.809034,0.175702,1.26852,-0.660642,0.141411,-0.737262,0.44577,0.864101,-0.233704,0.604021,-0.483044,-0.633898
0.809034,0.0854217,1.17949,-0.660642,0.385041,-0.644435,0.44577,0.891921,0.07593,0.604021,-0.237107,-0.76088
0.90772,0.0773851,1.23592,-0.857576,0.347294,-0.379406,0.401584,0.912989,-0.0719886,0.321392,-0.214099,-0.922425
0.90772,0.00418196,1.11524,-0.857576,0.456115,-0.237744,0.401584,0.88255,0.244613,0.321392,0.114301,-0.940023
0.90772,-0.0233301,0.976793,-0.857576,0.509921,-0.0674055,0.401584,0.745663,0.531711,0.321392,0.428914,-0.844239
0.90772,-0.00183275,0.83729,-0.857576,0.502223,0.111063,0.401584,0.518838,0.754677,0.321392,0.691794,-0.646628
0.90772,0.0660811,0.713552,-0.857576,0.433949,0.276135,0.401584,0.229434,0.886617,0.321392,0.871234,-0.371024
0.90772,0.17222,0.620504,-0.857576,0.313335,0.407902,0.401584,-0.0876438,0.911619,0.321392,0.94559,-0.0506691
0.90772,0.303782,0.56937,-0.857576,0.154928,0.490469,0.401584,-0.39415,0.826666,0.321392,0.905893,0.275797
0.90772,0.444899,0.566316,-0.857576,-0.0221654,0.513879,0.401584,-0.653116,0.642004,0.321392,0.756933,0.568998
0.90772,0.57855,0.611711,-0.857576,-0.196585,0.475307,0.401584,-0.833307,0.379908,0.321392,0.516675,0.79357
0.90772,0.688615,0.70008,-0.857576,-0.347294,0.379406,0.401584,-0.912989,0.0719886,0.321392,0.214099,0.922425
0.90772,0.761818,0.820764,-0.857576,-0.456115,0.237744,0.401584,-0.88255,-0.244613,0.321392,-0.114301,0.940023
0.90772,0.78933,0.959207,-0.857576,-0.509921,0.0674055,0.401584,-0.745663,-0.531711,0.321392,-0.428914,0.844239
0.90772,0.767833,1.09871,-0.857576,-0.502223,-0.111063,0.401584,-0.518838,-0.754677,0.321392,-0.691794,0.646628
0.90772,0.699919,1.22245,-0.857576,-0.433949,-0.276135,0.401584,-0.229434,-0.886617,0.321392,-0.871234,0.371024
0.90772,0.59378,1.3155,-0.857576,-0.313335,-0.407902,0.401584,0.0876438,-0.911619,0.321392,-0.94559,0.0506691
0.90772,0.462218,1.36663,-0.857576,-0.154928,-0.490469,0.401584,0.39415,-0.826666,0.321392,-0.905893,-0.275797
0.90772,0.321101,1.36968,-0.857576,0.0221654,-0.513879,0.401584,0.653116,-0.642004,0.321392,-0.756933,-0.568998
0.90772,0.18745,1.32429,-0.857576,0.196585,-0.475307,0.401584,0.833307,-0.379908,0.321392,-0.516675,-0.79357
0.90772,0.0773851,1.23592,-0.857576,0.347294,-0.379406,0.401584,0.912989,-0.0719886,0.321392,-0.214099,-0.922425
0.883612,0.300638,0.577612,0.961642,0.253865,-0.10391,-0.0812368,0.625383,0.776078,0.262003,-0.737867,0.622018
0.883612,0.439125,0.572985,0.961642,0.274095,-0.0108167,-0.0812368,0.322234,0.943168,0.262003,-0.906111,0.33214
0.883612,0.570843,0.616004,0.961642,0.261264,0.0835816,-0.0812368,-0.0197817,0.996499,0.262003,-0.965065,0.00220132
0.883612,0.679905,0.701478,0.961642,0.216922,0.167899,-0.0812368,-0.359411,0.929637,0.262003,-0.907617,-0.328003
0.883612,0.753155,0.819099,0.961642,0.146415,0.231965,-0.0812368,-0.655691,0.750647,0.262003,-0.740697,-0.618645
0.883612,0.78176,0.954679,0.961642,0.0582484,0.268052,-0.0812368,-0.872884,0.481118,0.262003,-0.484439,-0.83467
0.883612,0.762267,1.09187,0.961642,-0.0369437,0.271809,-0.0812368,-0.984795,0.153559,0.262003,-0.16975,-0.950021
0.883612,0.69703,1.21411,0.961642,-0.12768,0.242781,-0.0812368,-0.977924,-0.192521,0.262003,0.165414,-0.950785
0.883612,0.593916,1.30668,0.961642,-0.203016,0.184471,-0.0812368,-0.853102,-0.515381,0.262003,0.480626,-0.836871
0.883612,0.465362,1.35839,0.961642,-0.253865,0.10391,-0.0812368,-0.625383,-0.776078,0.262003,0.737867,-0.622018
0.883612,0.326875,1.36301,0.961642,-0.274095,0.0108167,-0.0812368,-0.322234,-0.943168,0.262003,0.906111,-0.33214
0.883612,0.195157,1.32,0.961642,-0.261264,-0.0835816,-0.0812368,0.0197817,-0.996499,0.262003,0.965065,-0.00220132
0.883612,0.086095,1.23452,0.961642,-0.216922,-0.167899,-0.0812368,0.359411,-0.929637,0.262003,0.907617,0.328003
0.883612,0.0128446,1.1169,0.961642,-0.146415,-0.231965,-0.0812368,0.655691,-0.750647,0.262003,0.740697,0.618645
0.883612,-0.0157595,0.981321,0.961642,-0.0582484,-0.268052,-0.0812368,0.872884,-0.481118,0.262003,0.484439,0.83467
0.883612,0.00373258,0.844134,0.961642,0.0369437,-0.271809,-0.0812368,0.984795,-0.153559,0.262003,0.16975,0.950021
0.883612,0.0689699,0.721887,0.961642,0.12768,-0.242781,-0.0812368,0.977924,0.192521,0.262003,-0.165414,0.950785
0.883612,0.172084,0.629325,0.961642,0.203016,-0.184471,-0.0812368,0.853102,0.515381,0.262003,-0.480626,0.836871
0.883612,0.300638,0.577612,0.961642,0.253865,-0.10391,-0.0812368,0.625383,0.776078,0.262003,-0.737867,0.622018
0.763622,0.290872,0.646175,0.856221,0.299062,-0.421246,0.156285,0.627249,0.762977,0.492403,-0.719111,0.490325
0.763622,0.406499,0.634074,0.856221,0.425101,-0.293557,0.156285,0.328468,0.931495,0.492403,-0.843444,0.214804
0.763622,0.519291,0.662249,0.856221,0.499866,-0.13046,0.156285,-0.0099313,0.987662,0.492403,-0.866046,-0.0866252
0.763622,0.615645,0.727303,0.856221,0.514341,0.0483719,0.156285,-0.347133,0.924702,0.492403,-0.784189,-0.377606
0.763622,0.683938,0.821388,0.856221,0.466778,0.22137,0.156285,-0.642465,0.750209,0.492403,-0.607748,-0.623042
0.763622,0.715934,0.933156,0.856221,0.362915,0.367667,0.156285,-0.860306,0.48523,0.492403,-0.358003,-0.79333
0.763622,0.707772,1.04913,0.856221,0.215279,0.469618,0.156285,-0.974382,0.161725,0.492403,-0.0650781,-0.867931
0.763622,0.660439,1.15531,0.856221,0.0416773,0.514926,0.156285,-0.970933,-0.181286,0.492403,0.235696,-0.837846
0.763622,0.579642,1.23891,0.856221,-0.136951,0.498127,0.156285,-0.850375,-0.502432,0.492403,0.508042,-0.706705
0.763622,0.475128,1.28983,0.856221,-0.299062,0.421246,0.156285,-0.627249,-0.762977,0.492403,0.719111,-0.490325
0.763622,0.359501,1.30193,0.856221,-0.425101,0.293557,0.156285,-0.328468,-0.931495,0.492403,0.843444,-0.214804
0.763622,0.246709,1.27375,0.856221,-0.499866,0.13046,0.156285,0.0099313,-0.987662,0.492403,0.866046,0.0866252
0.763622,0.150355,1.2087,0.856221,-0.514341,-0.0483719,0.156285,0.347133,-0.924702,0.492403,0.784189,0.377606
0.763622,0.082062,1.11461,0.856221,-0.466778,-0.22137,0.156285,0.642465,-0.750209,0.492403,0.607748,0.623042
0.763622,0.0500664,1.00284,0.856221,-0.362915,-0.367667,0.156285,0.860306,-0.48523,0.492403,0.358003,0.79333
0.763622,0.0582276,0.886872,0.856221,-0.215279,-0.469618,0.156285,0.974382,-0.161725,0.492403,0.0650781,0.867931
0.763622,0.105561,0.780686,0.856221,-0.0416773,-0.514926,0.156285,0.970933,0.181286,0.492403,-0.235696,0.837846
0.763622,0.186358,0.697093,0.856221,0.136951,-0.498127,0.156285,0.850375,0.502432,0.492403,-0.508042,0.706705
0.763622,0.290872,0.646175,0.856221,0.299062,-0.421246,0.156285,0.627249,0.762977,0.492403,-0.719111,0.490325
0.674556,0.27591,0.751232,0.647527,0.336448,-0.683748,0.374957,0.640457,0.67024,0.663413,-0.690375,0.288559
0.674556,0.356507,0.727678,0.647527,0.550014,-0.527441,0.374957,0.372597,0.848869,0.663413,-0.747433,0.0350349
0.674556,0.4403,0.73311,0.647527,0.697239,-0.307517,0.374957,0.0597965,0.925112,0.663413,-0.71434,-0.222715
0.674556,0.517181,0.766873,0.647527,0.760368,-0.0505014,0.374957,-0.260216,0.889772,0.663413,-0.595087,-0.453602
0.674556,0.577879,0.824895,0.647527,0.731784,0.212605,0.374957,-0.548843,0.747113,0.663413,-0.404058,-0.629779
0.674556,0.615071,0.900178,0.647527,0.614937,0.450069,0.374957,-0.771272,0.514341,0.663413,-0.164293,-0.729994
0.674556,0.624272,0.983641,0.647527,0.423919,0.633247,0.374957,-0.900673,0.219532,0.663413,0.0952878,-0.742162
0.674556,0.604372,1.06522,0.647527,0.181771,0.740046,0.374957,-0.921441,-0.101756,0.663413,0.343375,-0.664814
0.674556,0.557771,1.13507,0.647527,-0.0823023,0.757585,0.374957,-0.831068,-0.41077,0.663413,0.550047,-0.507279
0.674556,0.49009,1.18477,0.647527,-0.336448,0.683748,0.374957,-0.640457,-0.67024,0.663413,0.690375,-0.288559
0.674556,0.409493,1.20832,0.647527,-0.550014,0.527441,0.374957,-0.372597,-0.848869,0.663413,0.747433,-0.0350349
0.674556,0.3257,1.20289,0.647527,-0.697239,0.307517,0.374957,-0.0597965,-0.925112,0.663413,0.71434,0.222715
0.674556,0.248819,1.16913,0.647527,-0.760368,0.0505014,0.374957,0.260216,-0.889772,0.663413,0.595087,0.453602
0.674556,0.188121,1.1111,0.647527,-0.731784,-0.212605,0.374957,0.548843,-0.747113,0.663413,0.404058,0.629779
0.674556,0.150929,1.03582,0.647527,-0.614937,-0.450069,0.374957,0.771272,-0.514341,0.663413,0.164293,0.729994
0.674556,0.141728,0.952359,0.647527,-0.423919,-0.633247,0.374957,0.900673,-0.219532,0.663413,-0.0952878,0.742162
0.674556,0.161628,0.870782,0.647527,-0.181771,-0.740046,0.374957,0.921441,0.101756,0.663413,-0.343375,0.664814
0.674556,0.208229,0.800932,0.647527,0.0823023,-0.757585,0.374957,0.831068,0.41077,0.663413,-0.550047,0.507279
0.674556,0.27591,0.751232,0.647527,0.336448,-0.683748,0.374957,0.640457,0.67024,0.663413,-0.690375,0.288559
0.627155,0.257554,0.880112,0.360731,0.361516,-0.859755,0.548404,0.663414,0.509053,0.754404,-0.655125,0.0410575
0.627155,0.295179,0.842507,0.360731,0.633768,-0.68426,0.548404,0.449299,0.705254,0.754404,-0.629658,-0.185484
0.627155,0.343396,0.820039,0.360731,0.829577,-0.426233,0.548404,0.180991,0.816392,0.754404,-0.528246,-0.389654
0.627155,0.39639,0.815417,0.360731,0.925328,-0.116796,0.548404,-0.109146,0.82906,0.754404,-0.363119,-0.546826
0.627155,0.447769,0.829198,0.360731,0.90947,0.206729,0.548404,-0.386119,0.741731,0.754404,-0.154195,-0.638042
0.627155,0.491336,0.859722,0.360731,0.783917,0.505319,0.548404,-0.61652,0.564939,0.754404,0.0733275,-0.652301
0.627155,0.521836,0.903305,0.360731,0.563812,0.74296,0.548404,-0.77256,0.320007,0.754404,0.292005,-0.587883
0.627155,0.53559,0.954691,0.360731,0.275703,0.890989,0.548404,-0.835418,0.0364769,0.754404,0.475463,-0.452558
0.627155,0.53094,1.00768,0.360731,-0.0456603,0.931551,0.548404,-0.797512,-0.251453,0.754404,0.601573,-0.262647
0.627155,0.508446,1.05589,0.360731,-0.361516,0.859755,0.548404,-0.663414,-0.509053,0.754404,0.655125,-0.0410575
0.627155,0.470821,1.09349,0.360731,-0.633768,0.68426,0.548404,-0.449299,-0.705254,0.754404,0.629658,0.185484
0.627155,0.422604,1.11596,0.360731,-0.829577,0.426233,0.548404,-0.180991,-0.816392,0.754404,0.528246,0.389654
0.627155,0.36961,1.12058,0.360731,-0.925328,0.116796,0.548404,0.109146,-0.82906,0.754404,0.363119,0.546826
0.627155,0.318231,1.1068,0.360731,-0.90947,-0.206729,0.548404,0.386119,-0.741731,0.754404,0.154195,0.638042
0.627155,0.274664,1.07628,0.360731,-0.783917,-0.505319,0.548404,0.61652,-0.564939,0.754404,-0.0733275,0.652301
0.627155,0.244164,1.0327,0.360731,-0.563812,-0.74296,0.548404,0.77256,-0.320007,0.754404,-0.292005,0.587883
0.627155,0.23041,0.981309,0.360731,-0.275703,-0.890989,0.548404,0.835418,-0.0364769,0.754404,-0.475463,0.452558
0.627155,0.23506,0.928317,0.360731,0.0456603,-0.931551,0.548404,0.797512,0.251453,0.754404,-0.601573,0.262647
0.627155,0.257554,0.880112,0.360731,0.361516,-0.859755,0.548404,0.663414,0.509053,0.754404,-0.655125,0.0410575
0.627137,0.23802,1.01727,0.0304265,0.371241,-0.928038,0.655705,0.693351,0.298858,0.754404,-0.617612,-0.222328
0.627137,0.229912,0.964712,0.0304265,0.66626,-0.745098,0.655705,0.549321,0.517974,0.754404,-0.504325,-0.420156
0.627137,0.240269,0.912551,0.0304265,0.880918,-0.472289,0.655705,0.339036,0.674616,0.754404,-0.330208,-0.567307
0.627137,0.267841,0.867078,0.0304265,0.989325,-0.142515,0.655705,0.0878572,0.749888,0.754404,-0.116264,-0.646032
0.627137,0.309304,0.833778,0.0304265,0.978404,0.204449,0.655705,-0.173918,0.734713,0.754404,0.111703,-0.646836
0.627137,0.359655,0.816667,0.0304265,0.849474,0.526753,0.655705,-0.414716,0.630921,0.754404,0.326198,-0.569622
0.627137,0.412822,0.817809,0.0304265,0.618084,0.785523,0.655705,-0.605494,0.451031,0.754404,0.501348,-0.423704
0.627137,0.462392,0.837066,0.0304265,0.312144,0.949547,0.655705,-0.72324,0.216739,0.754404,0.616028,-0.22668
0.627137,0.502386,0.872116,0.0304265,-0.0314449,0.999042,0.655705,-0.753752,-0.0436943,0.754404,0.656406,-0.00231552
0.627137,0.52798,0.918731,0.0304265,-0.371241,0.928038,0.655705,-0.693351,-0.298858,0.754404,0.617612,0.222328
0.627137,0.536088,0.971288,0.0304265,-0.66626,0.745098,0.655705,-0.549321,-0.517974,0.754404,0.504325,0.420156
0.627137,0.525731,1.02345,0.0304265,-0.880918,0.472289,0.655705,-0.339036,-0.674616,0.754404,0.330208,0.567307
0.627137,0.498159,1.06892,0.0304265,-0.989325,0.142515,0.655705,-0.0878572,-0.749888,0.754404,0.116264,0.646032
0.627137,0.456696,1.10222,0.0304265,-0.978404,-0.204449,0.655705,0.173918,-0.734713,0.754404,-0.111703,0.646836
0.627137,0.406345,1.11933,0.0304265,-0.849474,-0.526753,0.655705,0.414716,-0.630921,0.754404,-0.326198,0.569622
0.627137,0.353178,1.11819,0.0304265,-0.618084,-0.785523,0.655705,0.605494,-0.451031,0.754404,-0.501348,0.423704
0.627137,0.303608,1.09893,0.0304265,-0.312144,-0.949547,0.655705,0.72324,-0.216739,0.754404,-0.616028,0.22668
0.627137,0.263614,1.06388,0.0304265,0.0314449,-0.999042,0.655705,0.753752,0.0436943,0.754404,-0.656406,0.00231552
0.627137,0.23802,1.01727,0.0304265,0.371241,-0.928038,0.655705,0.693351,0.298858,0.754404,-0.617612,-0.222328
0.674504,0.219662,1.14616,-0.303548,0.364451,-0.88036,0.683918,0.726657,0.0650059,0.663411,-0.582362,-0.46983
0.674504,0.168578,1.07955,-0.303548,0.643573,-0.702619,0.683918,0.660601,0.309617,0.663411,-0.38655,-0.640675
0.674504,0.143356,0.999488,-0.303548,0.84507,-0.440131,0.683918,0.514867,0.516884,0.663411,-0.144114,-0.734245
0.674504,0.147039,0.915626,-0.303548,0.94464,-0.124557,0.683918,0.307032,0.661806,0.663411,0.115704,-0.739255
0.674504,0.179182,0.838081,-0.303548,0.930272,0.206041,0.683918,0.0621644,0.726906,0.663411,0.361566,-0.655099
0.674504,0.235909,0.776206,-0.303548,0.803699,0.511787,0.683918,-0.190201,0.704329,0.663411,0.563818,-0.491929
0.674504,0.310377,0.737465,-0.303548,0.580189,0.755804,0.683918,-0.419625,0.596801,0.663411,0.698065,-0.269425
0.674504,0.393604,0.726529,-0.303548,0.286699,0.908659,0.683918,-0.598437,0.417289,0.663411,0.748116,-0.0144245
0.674504,0.475552,0.744718,-0.303548,-0.0413706,0.951918,0.683918,-0.705068,0.187446,0.663411,0.707932,0.242316
0.674504,0.546338,0.789839,-0.303548,-0.364451,0.88036,0.683918,-0.726657,-0.0650059,0.663411,0.582362,0.46983
0.674504,0.597422,0.856448,-0.303548,-0.643573,0.702619,0.683918,-0.660601,-0.309617,0.663411,0.38655,0.640675
0.674504,0.622644,0.936512,-0.303548,-0.84507,0.440131,0.683918,-0.514867,-0.516884,0.663411,0.144114,0.734245
0.674504,0.618961,1.02037,-0.303548,-0.94464,0.124557,0.683918,-0.307032,-0.661806,0.663411,-0.115704,0.739255
0.674504,0.586818,1.09792,-0.303548,-0.930272,-0.206041,0.683918,-0.0621644,-0.726906,0.663411,-0.361566,0.655099
0.674504,0.530091,1.15979,-0.303548,-0.803699,-0.511787,0.683918,0.190201,-0.704329,0.663411,-0.563818,0.491929
0.674504,0.455623,1.19854,-0.303548,-0.580189,-0.755804,0.683918,0.419625,-0.596801,0.663411,-0.698065,0.269425
0.674504,0.372396,1.20947,-0.303548,-0.286699,-0.908659,0.683918,0.598437,-0.417289,0.663411,-0.748116,0.0144245
0.674504,0.290448,1.19128,-0.303548,0.0413706,-0.951918,0.683918,0.705068,-0.187446,0.663411,-0.707932,-0.242316
0.674504,0.219662,1.14616,-0.303548,0.364451,-0.88036,0.683918,0.726657,0.0650059,0.663411,-0.582362,-0.46983
0.763543,0.204696,1.25124,-0.60091,0.341964,-0.722473,0.629641,0.759315,-0.164296,0.492402,-0.553626,-0.671595
0.763543,0.118575,1.17318,-0.60091,0.568441,-0.561944,0.629641,0.769715,0.105313,0.492402,-0.290539,-0.820444
0.763543,0.0643473,1.07036,-0.60091,0.726356,-0.333637,0.629641,0.687277,0.36222,0.492402,0.00759093,-0.870335
0.763543,0.0485537,0.955205,-0.60091,0.796662,-0.0650873,0.629641,0.521942,0.575438,0.492402,0.304805,-0.815251
0.763543,0.0730994,0.84159,-0.60091,0.770879,0.211312,0.629641,0.293654,0.71925,0.492402,0.565256,-0.661836
0.763543,0.135024,0.743221,-0.60091,0.652116,0.462225,0.629641,0.0299463,0.776309,0.492402,0.757528,-0.428594
0.763543,0.226857,0.671964,-0.60091,0.454698,0.657386,0.629641,-0.237373,0.739734,0.492402,0.858431,-0.143656
0.763543,0.337524,0.636413,-0.60091,0.202437,0.773257,0.629641,-0.476062,0.613936,0.492402,0.855795,0.158608
0.763543,0.453676,0.640857,-0.60091,-0.0742404,0.795861,0.629641,-0.65733,0.414089,0.492402,0.749937,0.441741
0.763543,0.561304,0.684758,-0.60091,-0.341964,0.722473,0.629641,-0.759315,0.164296,0.492402,0.553626,0.671595
0.763543,0.647425,0.762823,-0.60091,-0.568441,0.561944,0.629641,-0.769715,-0.105313,0.492402,0.290539,0.820444
0.763543,0.701653,0.865636,-0.60091,-0.726356,0.333637,0.629641,-0.687277,-0.36222,0.492402,-0.00759093,0.870335
0.763543,0.717446,0.980795,-0.60091,-0.796662,0.0650873,0.629641,-0.521942,-0.575438,0.492402,-0.304805,0.815251
0.763543,0.692901,1.09441,-0.60091,-0.770879,-0.211312,0.629641,-0.293654,-0.71925,0.492402,-0.565256,0.661836
0.763543,0.630976,1.19278,-0.60091,-0.652116,-0.462225,0.629641,-0.0299463,-0.776309,0.492402,-0.757528,0.428594
0.763543,0.539143,1.26404,-0.60091,-0.454698,-0.657386,0.629641,0.237373,-0.739734,0.492402,-0.858431,0.143656
0.763543,0.428476,1.29959,-0.60091,-0.202437,-0.773257,0.629641,0.476062,-0.613936,0.492402,-0.855795,-0.158608
0.763543,0.312324,1.29514,-0.60091,0.0742404,-0.795861,0.629641,0.65733,-0.414089,0.492402,-0.749937,-0.441741
0.763543,0.204696,1.25124,-0.60091,0.341964,-0.722473,0.629641,0.759315,-0.164296,0.492402,-0.553626,-0.671595
0.883514,0.194927,1.31984,-0.825794,0.306492,-0.47342,0.499419,0.787386,-0.361391,0.262001,-0.534869,-0.803287
0.883514,0.0859341,1.23429,-0.825794,0.449928,-0.340043,0.499419,0.863504,-0.0702942,0.262001,-0.227872,-0.937779
0.883514,0.0127719,1.11663,-0.825794,0.539095,-0.165651,0.499419,0.83547,0.229281,0.262001,0.106609,-0.959161
0.883514,-0.0157353,0.981042,-0.825794,0.56324,0.0287203,0.499419,0.706667,0.501201,0.262001,0.428232,-0.864854
0.883514,0.0038508,0.84388,-0.825794,0.519449,0.219628,0.499419,0.492629,0.712669,0.262001,0.698204,-0.666233
0.883514,0.0691679,0.721688,-0.825794,0.413006,0.384045,0.499419,0.219172,0.838179,0.262001,0.883963,-0.387254
0.883514,0.172338,0.629206,-0.825794,0.256747,0.50214,0.499419,-0.0807196,0.862592,0.262001,0.963102,-0.0615669
0.883514,0.300917,0.577587,-0.825794,0.0695216,0.55967,0.499419,-0.370875,0.782963,0.262001,0.926077,0.271546
0.883514,0.439396,0.573058,-0.825794,-0.12609,0.549696,0.499419,-0.616298,0.608898,0.262001,0.777353,0.571907
0.883514,0.571073,0.616164,-0.825794,-0.306492,0.47342,0.499419,-0.787386,0.361391,0.262001,0.534869,0.803287
0.883514,0.680066,0.701707,-0.825794,-0.449928,0.340043,0.499419,-0.863504,0.0702942,0.262001,0.227872,0.937779
0.883514,0.753228,0.819369,-0.825794,-0.539095,0.165651,0.499419,-0.83547,-0.229281,0.262001,-0.106609,0.959161
0.883514,0.781735,0.954958,-0.825794,-0.56324,-0.0287203,0.499419,-0.706667,-0.501201,0.262001,-0.428232,0.864854
0.883514,0.762149,1.09212,-0.825794,-0.519449,-0.219628,0.499419,-0.492629,-0.712669,0.262001,-0.698204,0.666233
0.883514,0.696832,1.21431,-0.825794,-0.413006,-0.384045,0.499419,-0.219172,-0.838179,0.262001,-0.883963,0.387254
0.883514,0.593662,1.30679,-0.825794,-0.256747,-0.50214,0.499419,0.0807196,-0.862592,0.262001,-0.963102,0.0615669
0.883514,0.465083,1.35841,-0.825794,-0.0695216,-0.55967,0.499419,0.370875,-0.782963,0.262001,-0.926077,-0.271546
0.883514,0.326604,1.36294,-0.825794,0.12609,-0.549696,0.499419,0.616298,-0.608898,0.262001,-0.777353,-0.571907
0.883514,0.194927,1.31984,-0.825794,0.306492,-0.47342,0.499419,0.787386,-0.361391,0.262001,-0.534869,-0.803287
0.875863,0.446868,0.576933,0.985232,0.163351,-0.0513355,-0.00862081,0.346751,0.937918,0.17101,-0.923624,0.343038
0.875863,0.576769,0.622361,0.985232,0.171057,0.00762961,-0.00862081,0.00505247,0.99995,0.17101,-0.985248,0.0064525
0.875863,0.683299,0.709479,0.985232,0.158132,0.0656745,-0.00862081,-0.337255,0.941374,0.17101,-0.928037,-0.330911
0.875863,0.753608,0.827778,0.985232,0.126133,0.115798,-0.00862081,-0.638885,0.769254,0.17101,-0.758891,-0.628362
0.875863,0.779217,0.96299,0.985232,0.0789212,0.151955,-0.00862081,-0.863456,0.504351,0.17101,-0.498212,-0.850024
0.875863,0.757036,1.09881,0.985232,0.0221901,0.169783,-0.00862081,-0.983881,0.178615,0.17101,-0.177441,-0.96916
0.875863,0.68974,1.21885,0.985232,-0.0372175,0.167134,-0.00862081,-0.985636,-0.168664,0.17101,0.164732,-0.9714
0.875863,0.585447,1.30863,0.985232,-0.092136,0.144325,-0.00862081,-0.868508,-0.495599,0.17101,0.487036,-0.856476
0.875863,0.456736,1.35733,0.985232,-0.135942,0.104109,-0.00862081,-0.646626,-0.762759,0.17101,0.750596,-0.638248
0.875863,0.319132,1.35907,0.985232,-0.163351,0.0513355,-0.00862081,-0.346751,-0.937918,0.17101,0.923624,-0.343038
0.875863,0.189231,1.31364,0.985232,-0.171057,-0.00762961,-0.00862081,-0.00505247,-0.99995,0.17101,0.985248,-0.0064525
0.875863,0.082701,1.22652,0.985232,-0.158132,-0.0656745,-0.00862081,0.337255,-0.941374,0.17101,0.928037,0.330911
0.875863,0.0123917,1.10822,0.985232,-0.126133,-0.115798,-0.00862081,0.638885,-0.769254,0.17101,0.758891,0.628362
0.875863,-0.0132167,0.97301,0.985232,-0.0789212,-0.151955,-0.00862081,0.863456,-0.504351,0.17101,0.498212,0.850024
0.875863,0.0089645,0.837194,0.985232,-0.0221901,-0.169783,-0.00862081,0.983881,-0.178615,0.17101,0.177441,0.96916
0.875863,0.0762599,0.717155,0.985232,0.0372175,-0.167134,-0.00862081,0.985636,0.168664,0.17101,-0.164732,0.9714
0.875863,0.180553,0.627371,0.985232,0.092136,-0.144325,-0.00862081,0.868508,0.495599,0.17101,-0.487036,0.856476
0.875863,0.309264,0.578673,0.985232,0.135942,-0.104109,-0.00862081,0.646626,0.762759,0.17101,-0.750596,0.638248
0.875863,0.446868,0.576933,0.985232,0.163351,-0.0513355,-0.00862081,0.346751,0.937918,0.17101,-0.923624,0.343038
0.749059,0.436548,0.649391,0.900555,0.210236,-0.380529,0.292759,0.353815,0.888317,0.321393,-0.911381,0.257082
0.749059,0.54229,0.68692,0.900555,0.327705,-0.285675,0.292759,0.0286552,0.955757,0.321393,-0.944345,-0.0701331
0.749059,0.628818,0.758352,0.900555,0.405649,-0.156365,0.292759,-0.299961,0.907918,0.321393,-0.863407,-0.388889
0.749059,0.685698,0.85507,0.900555,0.434665,-0.00819478,0.292759,-0.592398,0.750571,0.321393,-0.67833,-0.660739
0.749059,0.706067,0.965409,0.900555,0.411254,0.140964,0.292759,-0.813382,0.502695,0.321393,-0.411436,-0.852894
0.749059,0.68747,1.07606,0.900555,0.33824,0.27312,0.292759,-0.936261,0.194185,0.321393,-0.0949163,-0.942177
0.749059,0.632149,1.17368,0.900555,0.224429,0.372334,0.292759,-0.946213,-0.137746,0.321393,0.233051,-0.91782
0.749059,0.546777,1.24649,0.900555,0.0835491,0.426639,0.292759,-0.842037,-0.453062,0.321393,0.53291,-0.78276
0.749059,0.441652,1.28571,0.900555,-0.0674085,0.429485,0.292759,-0.6363,-0.713733,0.321393,0.768491,-0.553288
0.749059,0.329452,1.28661,0.900555,-0.210236,0.380529,0.292759,-0.353815,-0.888317,0.321393,0.911381,-0.257082
0.749059,0.22371,1.24908,0.900555,-0.327705,0.285675,0.292759,-0.0286552,-0.955757,0.321393,0.944345,0.0701331
0.749059,0.137182,1.17765,0.900555,-0.405649,0.156365,0.292759,0.299961,-0.907918,0.321393,0.863407,0.388889
0.749059,0.0803024,1.08093,0.900555,-0.434665,0.00819478,0.292759,0.592398,-0.750571,0.321393,0.67833,0.660739
0.749059,0.0599329,0.970591,0.900555,-0.411254,-0.140964,0.292759,0.813382,-0.502695,0.321393,0.411436,0.852894
0.749059,0.07853,0.859939,0.900555,-0.33824,-0.27312,0.292759,0.936261,-0.194185,0.321393,0.0949163,0.942177
0.749059,0.133851,0.762321,0.900555,-0.224429,-0.372334,0.292759,0.946213,0.137746,0.321393,-0.233051,0.91782
0.749059,0.219223,0.689511,0.900555,-0.0835491,-0.426639,0.292759,0.842037,0.453062,0.321393,-0.53291,0.78276
0.749059,0.324348,0.650291,0.900555,0.0674085,-0.429485,0.292759,0.6363,0.713733,0.321393,-0.768491,0.553288
0.749059,0.436548,0.649391,0.900555,0.210236,-0.380529,0.292759,0.353815,0.888317,0.321393,-0.911381,0.257082
0.654934,0.420736,0.760416,0.707258,0.25021,-0.661197,0.558827,0.374988,0.73966,0.433011,-0.892625,0.125389
0.654934,0.489458,0.785841,0.707258,0.461263,-0.535745,0.558827,0.0993946,0.823306,0.433011,-0.881679,-0.187469
0.654934,0.54534,0.833237,0.707258,0.616681,-0.345675,0.558827,-0.188187,0.807649,0.433011,-0.764389,-0.477715
0.654934,0.581641,0.896888,0.707258,0.697718,-0.11391,0.558827,-0.45307,0.694579,0.433011,-0.554902,-0.710341
0.654934,0.593983,0.969116,0.707258,0.6946,0.131593,0.558827,-0.663307,0.497731,0.433011,-0.278487,-0.85729
0.654934,0.580878,1.04121,0.707258,0.607703,0.361224,0.558827,-0.793538,0.24085,0.433011,0.0315188,-0.900838
0.654934,0.543905,1.10447,0.707258,0.447508,0.547286,0.558827,-0.828058,-0.045081,0.433011,0.337723,-0.83573
0.654934,0.487525,1.15127,0.707258,0.233337,0.667338,0.558827,-0.762701,-0.325575,0.433011,0.603192,-0.669822
0.654934,0.418538,1.17597,0.707258,-0.00897755,0.706899,0.558827,-0.605352,-0.566799,0.433011,0.795908,-0.423123
0.654934,0.345264,1.17558,0.707258,-0.25021,0.661197,0.558827,-0.374988,-0.73966,0.433011,0.892625,-0.125389
0.654934,0.276542,1.15016,0.707258,-0.461263,0.535745,0.558827,-0.0993946,-0.823306,0.433011,0.881679,0.187469
0.654934,0.22066,1.10276,0.707258,-0.616681,0.345675,0.558827,0.188187,-0.807649,0.433011,0.764389,0.477715
0.654934,0.184359,1.03911,0.707258,-0.697718,0.11391,0.558827,0.45307,-0.694579,0.433011,0.554902,0.710341
0.654934,0.172017,0.966884,0.707258,-0.6946,-0.131593,0.558827,0.663307,-0.497731,0.433011,0.278487,0.85729
0.654934,0.185122,0.894791,0.707258,-0.607703,-0.361224,0.558827,0.793538,-0.24085,0.433011,-0.0315188,0.900838
0.654934,0.222095,0.831528,0.707258,-0.447508,-0.547286,0.558827,0.828058,0.045081,0.433011,-0.337723,0.83573
0.654934,0.278475,0.784725,0.707258,-0.233337,-0.667338,0.558827,0.762701,0.325575,0.433011,-0.603192,0.669822
