0.658953,0.371528,1.03423,0.308961,0.913615,0.264292,0.951075,-0.296791,-0.08586,-3.49349e-06,0.277889,-0.960613
0.907818,0.0621944,0.993663,0.92986,-0.136409,-0.341693,-0.179072,0.643495,-0.744209,0.321394,0.753197,0.573933
0.907818,0.0268103,0.857011,0.92986,-0.0113169,-0.367741,-0.179072,0.859222,-0.479239,0.321394,0.511477,0.79693
0.907818,0.040298,0.716497,0.92986,0.11514,-0.349434,-0.179072,0.971314,-0.156466,0.321394,0.208065,0.923804
0.907818,0.101031,0.589071,0.92986,0.22771,-0.28898,-0.179072,0.966251,0.185179,0.321394,-0.120442,0.939255
0.907818,0.201683,0.490101,0.92986,0.312814,-0.193671,-0.179072,0.844644,0.504489,0.321394,-0.434423,0.841417
0.907818,0.330115,0.431525,0.92986,0.360189,-0.0750024,-0.179072,0.621161,0.76295,0.321394,-0.696005,0.642092
0.907818,0.470836,0.420407,0.92986,0.364119,0.0527126,-0.179072,0.322756,0.929388,0.321394,-0.873639,0.365321
0.907818,0.606873,0.45809,0.92986,0.324131,0.17407,-0.179072,-0.0145779,0.983728,0.321394,-0.9459,0.0444875
0.907818,0.721817,0.540028,0.92986,0.245048,0.274431,-0.179072,-0.350154,0.919416,0.321394,-0.904071,-0.281712
0.907818,0.801806,0.656337,0.92986,0.136409,0.341693,-0.179072,-0.643495,0.744209,0.321394,-0.753197,-0.573933
0.907818,0.83719,0.792989,0.92986,0.0113169,0.367741,-0.179072,-0.859222,0.479239,0.321394,-0.511477,-0.79693
0.907818,0.823702,0.933503,0.92986,-0.11514,0.349434,-0.179072,-0.971314,0.156466,0.321394,-0.208065,-0.923804
0.907818,0.762969,1.06093,0.92986,-0.22771,0.28898,-0.179072,-0.966251,-0.185179,0.321394,0.120442,-0.939255
0.907818,0.662317,1.1599,0.92986,-0.312814,0.193671,-0.179072,-0.844644,-0.504489,0.321394,0.434423,-0.841417
0.907818,0.533885,1.21848,0.92986,-0.360189,0.0750024,-0.179072,-0.621161,-0.76295,0.321394,0.696005,-0.642092
0.907818,0.393164,1.22959,0.92986,-0.364119,-0.0527126,-0.179072,-0.322756,-0.929388,0.321394,0.873639,-0.365321
0.907818,0.257127,1.19191,0.92986,-0.324131,-0.17407,-0.179072,0.0145779,-0.983728,0.321394,0.9459,-0.0444875
0.907818,0.142183,1.10997,0.92986,-0.245048,-0.274431,-0.179072,0.350154,-0.919416,0.321394,0.904071,0.281712
0.907818,0.0621944,0.993663,0.92986,-0.136409,-0.341693,-0.179072,0.643495,-0.744209,0.321394,0.753197,0.573933
0.809114,0.116916,1.00949,0.796489,-0.428822,-0.426282,-0.0275851,0.678499,-0.734083,0.604023,0.596448,0.528589
0.809114,0.0728179,0.890602,0.796489,-0.257163,-0.54724,-0.0275851,0.888652,-0.457752,0.604023,0.37969,0.700708
0.809114,0.0720421,0.763798,0.796489,-0.0544875,-0.602192,-0.0275851,0.99162,-0.126209,0.604023,0.117136,0.788312
0.809114,0.114682,0.644376,0.796489,0.15476,-0.584512,-0.0275851,0.974984,0.220556,0.604023,-0.159547,0.780834
0.809114,0.195596,0.54674,0.796489,0.345342,-0.49633,-0.0275851,0.840751,0.540719,0.604023,-0.416986,0.679175
0.809114,0.305023,0.482666,0.796489,0.49427,-0.348284,-0.0275851,0.60511,0.795664,0.604023,-0.62413,0.495598
0.809114,0.429766,0.459883,0.796489,0.583582,-0.158229,-0.0275851,0.296485,0.954639,0.604023,-0.755995,0.252245
0.809114,0.554778,0.481138,0.796489,0.602505,0.0509099,-0.0275851,-0.0479015,0.998471,0.604023,-0.796676,-0.0215329
0.809114,0.664981,0.543868,0.796489,0.548758,0.253909,-0.0275851,-0.38651,0.921873,0.604023,-0.741266,-0.292714
0.809114,0.747084,0.640507,0.796489,0.428822,0.426282,-0.0275851,-0.678499,0.734083,0.604023,-0.596448,-0.528589
0.809114,0.791182,0.759398,0.796489,0.257163,0.54724,-0.0275851,-0.888652,0.457752,0.604023,-0.37969,-0.700708
0.809114,0.791958,0.886202,0.796489,0.0544875,0.602192,-0.0275851,-0.99162,0.126209,0.604023,-0.117136,-0.788312
0.809114,0.749318,1.00562,0.796489,-0.15476,0.584512,-0.0275851,-0.974984,-0.220556,0.604023,0.159547,-0.780834
0.809114,0.668404,1.10326,0.796489,-0.345342,0.49633,-0.0275851,-0.840751,-0.540719,0.604023,0.416986,-0.679175
0.809114,0.558977,1.16733,0.796489,-0.49427,0.348284,-0.0275851,-0.60511,-0.795664,0.604023,0.62413,-0.495598
0.809114,0.434234,1.19012,0.796489,-0.583582,0.158229,-0.0275851,-0.296485,-0.954639,0.604023,0.755995,-0.252245
0.809114,0.309222,1.16886,0.796489,-0.602505,-0.0509099,-0.0275851,0.0479015,-0.998471,0.604023,0.796676,0.0215329
0.809114,0.199019,1.10613,0.796489,-0.548758,-0.253909,-0.0275851,0.38651,-0.921873,0.604023,0.741266,0.292714
0.809114,0.116916,1.00949,0.796489,-0.428822,-0.426282,-0.0275851,0.678499,-0.734083,0.604023,0.596448,0.528589
0.735846,0.200767,1.03375,0.567051,-0.659781,-0.493095,0.127229,0.661622,-0.738965,0.813797,0.356295,0.459117
0.735846,0.143316,0.942074,0.567051,-0.451343,-0.689016,0.127229,0.874462,-0.468112,0.813797,0.177781,0.553289
0.735846,0.120684,0.836278,0.567051,-0.188466,-0.801831,0.127229,0.981829,-0.140798,0.813797,-0.0221767,0.580726
0.735846,0.135601,0.729121,0.567051,0.097142,-0.817934,0.127229,0.970773,0.203498,0.813797,-0.219459,0.538119
0.735846,0.186269,0.633529,0.567051,0.371034,-0.735382,0.127229,0.842628,0.52325,0.813797,-0.390272,0.430607
0.735846,0.266575,0.561031,0.567051,0.600173,-0.564132,0.127229,0.612849,0.77989,0.813797,-0.514012,0.271157
0.735846,0.366834,0.520372,0.567051,0.756923,-0.32484,0.127229,0.309152,0.942464,0.813797,-0.575754,0.0790021
0.735846,0.474953,0.516455,0.567051,0.822377,-0.0463666,0.127229,-0.0318338,0.991362,0.813797,-0.568052,-0.122682
0.735846,0.577891,0.549753,0.567051,0.78864,0.237699,0.127229,-0.36898,0.920688,0.813797,-0.491835,-0.309568
0.735846,0.663233,0.61625,0.567051,0.659781,0.493095,0.127229,-0.661622,0.738965,0.813797,-0.356295,-0.459117
0.735846,0.720684,0.707926,0.567051,0.451343,0.689016,0.127229,-0.874462,0.468112,0.813797,-0.177781,-0.553289
0.735846,0.743316,0.813722,0.567051,0.188466,0.801831,0.127229,-0.981829,0.140798,0.813797,0.0221767,-0.580726
0.735846,0.728399,0.920879,0.567051,-0.097142,0.817934,0.127229,-0.970773,-0.203498,0.813797,0.219459,-0.538119
0.735846,0.677731,1.01647,0.567051,-0.371034,0.735382,0.127229,-0.842628,-0.52325,0.813797,0.390272,-0.430607
0.735846,0.597425,1.08897,0.567051,-0.600173,0.564132,0.127229,-0.612849,-0.77989,0.813797,0.514012,-0.271157
0.735846,0.497166,1.12963,0.567051,-0.756923,0.32484,0.127229,-0.309152,-0.942464,0.813797,0.575754,-0.0790021
0.735846,0.389047,1.13355,0.567051,-0.822377,0.0463666,0.127229,0.0318338,-0.991362,0.813797,0.568052,0.122682
0.735846,0.286109,1.10025,0.567051,-0.78864,-0.237699,0.127229,0.36898,-0.920688,0.813797,0.491835,0.309568
0.735846,0.200767,1.03375,0.567051,-0.659781,-0.493095,0.127229,0.661622,-0.738965,0.813797,0.356295,0.459117
0.696852,0.303633,1.06351,0.269218,-0.80143,-0.534071,0.266698,0.594897,-0.758267,0.925416,0.0617034,0.373897
0.696852,0.229801,1.00522,0.269218,-0.570435,-0.775968,0.266698,0.818363,-0.509071,0.925416,-0.0698979,0.372452
0.696852,0.180356,0.925194,0.269218,-0.270637,-0.924271,0.266698,0.943123,-0.198474,0.925416,-0.193069,0.326084
0.696852,0.161264,0.833085,0.269218,0.0618042,-0.961094,0.266698,0.954127,0.136063,0.925416,-0.292952,0.240385
0.696852,0.174826,0.74,0.269218,0.386791,-0.881995,0.266698,0.85005,0.454188,0.925416,-0.357502,0.125692
0.696852,0.219407,0.657167,0.269218,0.665124,-0.696514,0.266698,0.643445,0.717531,0.925416,-0.378931,-0.00416044
0.696852,0.28963,0.594578,0.269218,0.863234,-0.427023,0.266698,0.35923,0.89433,0.925416,-0.354656,-0.133512
0.696852,0.377025,0.559781,0.269218,0.957225,-0.106027,0.266698,0.031687,0.963259,0.925416,-0.287604,-0.246759
0.696852,0.471051,0.556973,0.269218,0.935761,0.227758,0.266698,-0.299678,0.916005,0.925416,-0.185862,-0.330244
0.696852,0.560367,0.586493,0.269218,0.80143,0.534071,0.266698,-0.594897,0.758267,0.925416,-0.0617034,-0.373897
0.696852,0.634199,0.644781,0.269218,0.570435,0.775968,0.266698,-0.818363,0.509071,0.925416,0.0698979,-0.372452
0.696852,0.683644,0.724806,0.269218,0.270637,0.924271,0.266698,-0.943123,0.198474,0.925416,0.193069,-0.326084
0.696852,0.702736,0.816915,0.269218,-0.0618042,0.961094,0.266698,-0.954127,-0.136063,0.925416,0.292952,-0.240385
0.696852,0.689174,0.91,0.269218,-0.386791,0.881995,0.266698,-0.85005,-0.454188,0.925416,0.357502,-0.125692
0.696852,0.644593,0.992833,0.269218,-0.665124,0.696514,0.266698,-0.643445,-0.717531,0.925416,0.378931,0.00416044
0.696852,0.57437,1.05542,0.269218,-0.863234,0.427023,0.266698,-0.35923,-0.89433,0.925416,0.354656,0.133512
0.696852,0.486975,1.09022,0.269218,-0.957225,0.106027,0.266698,-0.031687,-0.963259,0.925416,0.287604,0.246759
0.696852,0.392949,1.09303,0.269218,-0.935761,-0.227758,0.266698,0.299678,-0.916005,0.925416,0.185862,0.330244
0.696852,0.303633,1.06351,0.269218,-0.80143,-0.534071,0.266698,0.594897,-0.758267,0.925416,0.0617034,0.373897
0.696834,0.413107,1.09518,-0.061087,-0.836683,-0.544269,0.373999,0.486375,-0.789661,0.925415,-0.251794,0.283207
0.696834,0.321841,1.07242,-0.061087,-0.600074,-0.797609,0.373999,0.727123,-0.575689,0.925415,-0.333472,0.180009
0.696834,0.243862,1.01982,-0.061087,-0.291087,-0.954744,0.373999,0.880169,-0.29228,0.925415,-0.374928,0.0550993
0.696834,0.188574,0.943726,-0.061087,0.0530094,-0.996724,0.373999,0.927054,0.0263825,0.925415,-0.371162,-0.0764564
0.696834,0.162648,0.85331,-0.061087,0.390712,-0.918484,0.373999,0.862122,0.341863,0.925415,-0.322628,-0.19879
0.696834,0.169209,0.759479,-0.061087,0.681289,-0.729461,0.373999,0.693206,0.616109,0.925415,-0.235181,-0.297147
0.696834,0.207467,0.673551,-0.061087,0.889693,-0.452454,0.373999,0.440679,0.816043,0.925415,-0.119368,-0.359664
0.696834,0.272807,0.605889,-0.061087,0.990786,-0.120875,0.373999,0.135,0.917551,0.925415,0.0108433,-0.3788
0.696834,0.357348,0.564656,-0.061087,0.972376,0.225283,0.373999,-0.186963,0.908389,0.925415,0.139746,-0.352247
0.696834,0.450893,0.554824,-0.061087,0.836683,0.544269,0.373999,-0.486375,0.789661,0.925415,0.251794,-0.283207
0.696834,0.542159,0.577579,-0.061087,0.600074,0.797609,0.373999,-0.727123,0.575689,0.925415,0.333472,-0.180009
0.696834,0.620138,0.630177,-0.061087,0.291087,0.954744,0.373999,-0.880169,0.29228,0.925415,0.374928,-0.0550993
0.696834,0.675426,0.706274,-0.061087,-0.0530094,0.996724,0.373999,-0.927054,-0.0263825,0.925415,0.371162,0.0764564
0.696834,0.701352,0.79669,-0.061087,-0.390712,0.918484,0.373999,-0.862122,-0.341863,0.925415,0.322628,0.19879
0.696834,0.694791,0.890521,-0.061087,-0.681289,0.729461,0.373999,-0.693206,-0.616109,0.925415,0.235181,0.297147
0.696834,0.656533,0.976449,-0.061087,-0.889693,0.452454,0.373999,-0.440679,-0.816043,0.925415,0.119368,0.359664
0.696834,0.591193,1.04411,-0.061087,-0.990786,0.120875,0.373999,-0.135,-0.917551,0.925415,-0.0108433,0.3788
0.696834,0.506652,1.08534,-0.061087,-0.972376,-0.225283,0.373999,0.186963,-0.908389,0.925415,-0.139746,0.352247
0.696834,0.413107,1.09518,-0.061087,-0.836683,-0.544269,0.373999,0.486375,-0.789661,0.925415,-0.251794,0.283207
0.735794,0.515985,1.12494,-0.384024,-0.76129,-0.522459,0.43619,0.349143,-0.82936,0.813796,-0.546385,0.197987
0.735794,0.408336,1.13557,-0.384024,-0.536687,-0.751328,0.43619,0.611745,-0.659929,0.813796,-0.58115,-0.00082743
0.735794,0.303541,1.10875,-0.384024,-0.247351,-0.889575,0.43619,0.800561,-0.410901,0.813796,-0.545819,-0.199543
0.735794,0.21424,1.0477,-0.384024,0.0718182,-0.920526,0.43619,0.892818,-0.112313,0.813796,-0.444655,-0.37419
0.735794,0.151204,0.959793,-0.384024,0.382325,-0.840448,0.43619,0.877388,0.199822,0.813796,-0.289858,-0.503704
0.735794,0.122036,0.855626,-0.384024,0.646719,-0.659,0.43619,0.756132,0.487856,0.813796,-0.100101,-0.572465
0.735794,0.130255,0.747765,-0.384024,0.833108,-0.398067,0.43619,0.543675,0.717047,0.813796,0.10173,-0.572177
0.735794,0.174868,0.64922,-0.384024,0.919012,-0.0891205,0.43619,0.265643,0.859751,0.813796,0.291292,-0.502877
0.735794,0.250495,0.571876,-0.384024,0.89407,0.230575,0.43619,-0.0444298,0.898757,0.813796,0.445719,-0.372922
0.735794,0.348015,0.525063,-0.384024,0.76129,0.522459,0.43619,-0.349143,0.82936,0.813796,0.546385,-0.197987
0.735794,0.455664,0.514427,-0.384024,0.536687,0.751328,0.43619,-0.611745,0.659929,0.813796,0.58115,0.00082743
0.735794,0.560459,0.541251,-0.384024,0.247351,0.889575,0.43619,-0.800561,0.410901,0.813796,0.545819,0.199543
0.735794,0.64976,0.602298,-0.384024,-0.0718182,0.920526,0.43619,-0.892818,0.112313,0.813796,0.444655,0.37419
0.735794,0.712796,0.690207,-0.384024,-0.382325,0.840448,0.43619,-0.877388,-0.199822,0.813796,0.289858,0.503704
0.735794,0.741964,0.794374,-0.384024,-0.646719,0.659,0.43619,-0.756132,-0.487856,0.813796,0.100101,0.572465
0.735794,0.733745,0.902235,-0.384024,-0.833108,0.398067,0.43619,-0.543675,-0.717047,0.813796,-0.10173,0.572177
0.735794,0.689132,1.00078,-0.384024,-0.919012,0.0891205,0.43619,-0.265643,-0.859751,0.813796,-0.291292,0.502877
0.735794,0.613505,1.07812,-0.384024,-0.89407,-0.230575,0.43619,0.0444298,-0.898757,0.813796,-0.445719,0.372922
0.735794,0.515985,1.12494,-0.384024,-0.76129,-0.522459,0.43619,0.349143,-0.82936,0.813796,-0.546385,0.197987
0.809034,0.599858,1.1492,-0.660642,-0.584342,-0.471272,0.44577,0.199755,-0.872575,0.604021,-0.786538,0.128516
0.809034,0.478852,1.18706,-0.660642,-0.387918,-0.642707,0.44577,0.486147,-0.751632,0.604021,-0.783059,-0.148247
0.809034,0.352195,1.18125,-0.660642,-0.144704,-0.736623,0.44577,0.713902,-0.540031,0.604021,-0.685131,-0.407128
0.809034,0.235164,1.13247,-0.660642,0.115962,-0.741691,0.44577,0.85555,-0.263294,0.604021,-0.504567,-0.616904
0.809034,0.141874,1.0466,-0.660642,0.362642,-0.6573,0.44577,0.894006,0.0451995,0.604021,-0.263144,-0.752272
0.809034,0.0835774,0.934012,-0.660642,0.565582,-0.493629,0.44577,0.824631,0.348242,0.604021,0.0100178,-0.796905
0.809034,0.0673058,0.80827,-0.660642,0.700304,-0.270419,0.44577,0.655794,0.609281,0.604021,0.281971,-0.74542
0.809034,0.0950216,0.684546,-0.660642,0.750559,-0.0145929,0.44577,0.407859,0.796831,0.604021,0.519915,-0.604026
0.809034,0.163382,0.577763,-0.660642,0.710286,0.242994,0.44577,0.11073,0.888272,0.604021,0.695149,-0.389777
0.809034,0.264142,0.5008,-0.660642,0.584342,0.471272,0.44577,-0.199755,0.872575,0.604021,0.786538,-0.128516
0.809034,0.385148,0.462941,-0.660642,0.387918,0.642707,0.44577,-0.486147,0.751632,0.604021,0.783059,0.148247
0.809034,0.511805,0.468751,-0.660642,0.144704,0.736623,0.44577,-0.713902,0.540031,0.604021,0.685131,0.407128
0.809034,0.628836,0.517531,-0.660642,-0.115962,0.741691,0.44577,-0.85555,0.263294,0.604021,0.504567,0.616904
0.809034,0.722126,0.603395,-0.660642,-0.362642,0.6573,0.44577,-0.894006,-0.0451995,0.604021,0.263144,0.752272
0.809034,0.780423,0.715988,-0.660642,-0.565582,0.493629,0.44577,-0.824631,-0.348242,0.604021,-0.0100178,0.796905
0.809034,0.796694,0.84173,-0.660642,-0.700304,0.270419,0.44577,-0.655794,-0.609281,0.604021,-0.281971,0.74542
0.809034,0.768978,0.965454,-0.660642,-0.750559,0.0145929,0.44577,-0.407859,-0.796831,0.604021,-0.519915,0.604026
0.809034,0.700618,1.07224,-0.660642,-0.710286,-0.242994,0.44577,-0.11073,-0.888272,0.604021,-0.695149,0.389777
0.809034,0.599858,1.1492,-0.660642,-0.584342,-0.471272,0.44577,0.199755,-0.872575,0.604021,-0.786538,0.128516
0.90772,0.65461,1.16504,-0.857576,-0.327183,-0.39688,0.401584,0.0562287,-0.914095,0.321392,-0.943287,0.0831711
0.90772,0.524885,1.22067,-0.857576,-0.171711,-0.484849,0.401584,0.365476,-0.839737,0.321392,-0.914846,-0.244468
0.90772,0.383957,1.22858,-0.857576,0.00447279,-0.514337,0.401584,0.630642,-0.664094,0.321392,-0.776061,-0.54262
0.90772,0.248823,1.18781,-0.857576,0.180117,-0.481789,0.401584,0.819743,-0.408352,0.321392,-0.543672,-0.775325
0.90772,0.135783,1.10328,-0.857576,0.334036,-0.39113,0.401584,0.909971,-0.103356,0.321392,-0.245708,-0.914513
0.90772,0.0584717,0.985181,-0.857576,0.447665,-0.253295,0.401584,0.890443,0.214105,0.321392,0.0818925,-0.943398
0.90772,0.026213,0.847767,-0.857576,0.5073,-0.0849088,0.401584,0.763515,0.505743,0.321392,0.399615,-0.858496
0.90772,0.0428981,0.707607,-0.857576,0.505746,0.0937185,0.401584,0.544495,0.73638,0.321392,0.669138,-0.670046
0.90772,0.106515,0.581606,-0.857576,0.443193,0.261042,0.401584,0.259801,0.878199,0.321392,0.857953,-0.400778
0.90772,0.20939,0.484962,-0.857576,0.327183,0.39688,0.401584,-0.0562287,0.914095,0.321392,0.943287,-0.0831711
0.90772,0.339115,0.429331,-0.857576,0.171711,0.484849,0.401584,-0.365476,0.839737,0.321392,0.914846,0.244468
0.90772,0.480043,0.421424,-0.857576,-0.00447279,0.514337,0.401584,-0.630642,0.664094,0.321392,0.776061,0.54262
0.90772,0.615177,0.462195,-0.857576,-0.180117,0.481789,0.401584,-0.819743,0.408352,0.321392,0.543672,0.775325
0.90772,0.728217,0.546725,-0.857576,-0.334036,0.39113,0.401584,-0.909971,0.103356,0.321392,0.245708,0.914513
0.90772,0.805528,0.664819,-0.857576,-0.447665,0.253295,0.401584,-0.890443,-0.214105,0.321392,-0.0818925,0.943398
0.90772,0.837787,0.802233,-0.857576,-0.5073,0.0849088,0.401584,-0.763515,-0.505743,0.321392,-0.399615,0.858496
0.90772,0.821102,0.942393,-0.857576,-0.505746,-0.0937185,0.401584,-0.544495,-0.73638,0.321392,-0.669138,0.670046
0.90772,0.757485,1.06839,-0.857576,-0.443193,-0.261042,0.401584,-0.259801,-0.878199,0.321392,-0.857953,0.400778
0.90772,0.65461,1.16504,-0.857576,-0.327183,-0.39688,0.401584,0.0562287,-0.914095,0.321392,-0.943287,0.0831711
0.883612,0.0339348,0.852032,0.961642,-0.067436,-0.26589,-0.0812368,0.855815,-0.510864,0.262003,0.512868,0.817509
0.883612,0.0486956,0.714255,0.961642,0.0275706,-0.272919,-0.0812368,0.978928,-0.187349,0.262003,0.202334,0.943618
0.883612,0.109689,0.589836,0.961642,0.119252,-0.24703,-0.0812368,0.983969,0.158763,0.262003,-0.132605,0.955913
0.883612,0.209557,0.493781,0.961642,0.196549,-0.191346,-0.0812368,0.870328,0.485726,0.262003,-0.45155,0.852911
0.883612,0.336255,0.437676,0.961642,0.25014,-0.112583,-0.0812368,0.651713,0.754103,0.262003,-0.716031,0.647035
0.883612,0.474502,0.428288,0.961642,0.27356,-0.0202402,-0.0812368,0.354492,0.931524,0.262003,-0.894148,0.363117
0.883612,0.607622,0.466749,0.961642,0.263985,0.0745436,-0.0812368,0.0145134,0.996589,0.262003,-0.964418,0.035402
0.883612,0.71956,0.548421,0.961642,0.22257,0.160336,-0.0812368,-0.327215,0.941451,0.262003,-0.918364,-0.296583
0.883612,0.796813,0.663452,0.961642,0.154309,0.22679,-0.0812368,-0.629477,0.772761,0.262003,-0.761543,-0.592796
0.883612,0.830065,0.797968,0.961642,0.067436,0.26589,-0.0812368,-0.855815,0.510864,0.262003,-0.512868,-0.817509
0.883612,0.815304,0.935745,0.961642,-0.0275706,0.272919,-0.0812368,-0.978928,0.187349,0.262003,-0.202334,-0.943618
0.883612,0.754311,1.06016,0.961642,-0.119252,0.24703,-0.0812368,-0.983969,-0.158763,0.262003,0.132605,-0.955913
0.883612,0.654443,1.15622,0.961642,-0.196549,0.191346,-0.0812368,-0.870328,-0.485726,0.262003,0.45155,-0.852911
0.883612,0.527745,1.21232,0.961642,-0.25014,0.112583,-0.0812368,-0.651713,-0.754103,0.262003,0.716031,-0.647035
0.883612,0.389498,1.22171,0.961642,-0.27356,0.0202402,-0.0812368,-0.354492,-0.931524,0.262003,0.894148,-0.363117
0.883612,0.256378,1.18325,0.961642,-0.263985,-0.0745436,-0.0812368,-0.0145134,-0.996589,0.262003,0.964418,-0.035402
0.883612,0.14444,1.10158,0.961642,-0.22257,-0.160336,-0.0812368,0.327215,-0.941451,0.262003,0.918364,0.296583
0.883612,0.0671866,0.986548,0.961642,-0.154309,-0.22679,-0.0812368,0.629477,-0.772761,0.262003,0.761543,0.592796
0.883612,0.0339348,0.852032,0.961642,-0.067436,-0.26589,-0.0812368,0.855815,-0.510864,0.262003,0.512868,0.817509
0.763622,0.100462,0.871277,0.856221,-0.375349,-0.354963,0.156285,0.843103,-0.514541,0.492403,0.385085,0.780544
0.763622,0.104629,0.755094,0.856221,-0.231308,-0.461934,0.156285,0.968241,-0.195152,0.492403,0.0948998,0.865178
0.763622,0.148281,0.647342,0.856221,-0.0593681,-0.513188,0.156285,0.976595,0.147775,0.492403,-0.206732,0.845459
0.763622,0.226154,0.561018,0.856221,0.119733,-0.502544,0.156285,0.867157,0.472878,0.492403,-0.483428,0.723765
0.763622,0.328855,0.506535,0.856221,0.284392,-0.431286,0.156285,0.653127,0.740945,0.492403,-0.701816,0.514775
0.763622,0.443997,0.490463,0.856221,0.41475,-0.308008,0.156285,0.360321,0.919643,0.492403,-0.835555,0.243695
0.763622,0.557692,0.514741,0.856221,0.495082,-0.14758,0.156285,0.024054,0.987419,0.492403,-0.868513,-0.0567786
0.763622,0.656226,0.576441,0.856221,0.5157,0.0306479,0.156285,-0.315114,0.936097,0.492403,-0.796716,-0.350403
0.763622,0.727716,0.668121,0.856221,0.474118,0.20518,0.156285,-0.616274,0.771868,0.492403,-0.628823,-0.601764
0.763622,0.763538,0.778723,0.856221,0.375349,0.354963,0.156285,-0.843103,0.514541,0.492403,-0.385085,-0.780544
0.763622,0.759371,0.894906,0.856221,0.231308,0.461934,0.156285,-0.968241,0.195152,0.492403,-0.0948998,-0.865178
0.763622,0.715719,1.00266,0.856221,0.0593681,0.513188,0.156285,-0.976595,-0.147775,0.492403,0.206732,-0.845459
0.763622,0.637846,1.08898,0.856221,-0.119733,0.502544,0.156285,-0.867157,-0.472878,0.492403,0.483428,-0.723765
0.763622,0.535145,1.14346,0.856221,-0.284392,0.431286,0.156285,-0.653127,-0.740945,0.492403,0.701816,-0.514775
0.763622,0.420003,1.15954,0.856221,-0.41475,0.308008,0.156285,-0.360321,-0.919643,0.492403,0.835555,-0.243695
0.763622,0.306308,1.13526,0.856221,-0.495082,0.14758,0.156285,-0.024054,-0.987419,0.492403,0.868513,0.0567786
0.763622,0.207774,1.07356,0.856221,-0.5157,-0.0306479,0.156285,0.315114,-0.936097,0.492403,0.796716,0.350403
0.763622,0.136284,0.981879,0.856221,-0.474118,-0.20518,0.156285,0.616274,-0.771868,0.492403,0.628823,0.601764
0.763622,0.100462,0.871277,0.856221,-0.375349,-0.354963,0.156285,0.843103,-0.514541,0.492403,0.385085,0.780544
0.674556,0.2024,0.900766,0.647527,-0.630057,-0.428646,0.374957,0.75312,-0.540571,0.663413,0.18931,0.72391
0.674556,0.190333,0.817669,0.647527,-0.445454,-0.618288,0.374957,0.892588,-0.250389,0.663413,-0.0696981,0.745001
0.674556,0.207415,0.735456,0.647527,-0.207123,-0.733355,0.374957,0.924396,0.0699945,0.663413,-0.3203,0.676233
0.674556,0.251585,0.664044,0.647527,0.0561897,-0.759968,0.374957,0.844708,0.381935,0.663413,-0.532269,0.525903
0.674556,0.317516,0.612045,0.647527,0.312726,-0.694919,0.374957,0.663137,0.647809,0.663413,-0.680039,0.31214
0.674556,0.397255,0.585732,0.647527,0.531542,-0.546052,0.374957,0.401581,0.835548,0.663413,-0.745785,0.0607288
0.674556,0.481185,0.588278,0.647527,0.686247,-0.331323,0.374957,0.0915886,0.922507,0.663413,-0.721579,-0.198007
0.674556,0.559182,0.619376,0.647527,0.75818,-0.0766311,0.374957,-0.229451,0.898198,0.663413,-0.61034,-0.432861
0.674556,0.62184,0.675276,0.647527,0.738666,0.187303,0.374957,-0.522815,0.765553,0.663413,-0.425485,-0.615505
0.674556,0.6616,0.749234,0.647527,0.630057,0.428646,0.374957,-0.75312,0.540571,0.663413,-0.18931,-0.72391
0.674556,0.673667,0.832331,0.647527,0.445454,0.618288,0.374957,-0.892588,0.250389,0.663413,0.0696981,-0.745001
0.674556,0.656585,0.914544,0.647527,0.207123,0.733355,0.374957,-0.924396,-0.0699945,0.663413,0.3203,-0.676233
0.674556,0.612415,0.985956,0.647527,-0.0561897,0.759968,0.374957,-0.844708,-0.381935,0.663413,0.532269,-0.525903
0.674556,0.546484,1.03796,0.647527,-0.312726,0.694919,0.374957,-0.663137,-0.647809,0.663413,0.680039,-0.31214
0.674556,0.466745,1.06427,0.647527,-0.531542,0.546052,0.374957,-0.401581,-0.835548,0.663413,0.745785,-0.0607288
0.674556,0.382815,1.06172,0.647527,-0.686247,0.331323,0.374957,-0.0915886,-0.922507,0.663413,0.721579,0.198007
0.674556,0.304818,1.03062,0.647527,-0.75818,0.0766311,0.374957,0.229451,-0.898198,0.663413,0.61034,0.432861
0.674556,0.24216,0.974724,0.647527,-0.738666,-0.187303,0.374957,0.522815,-0.765553,0.663413,0.425485,0.615505
0.674556,0.2024,0.900766,0.647527,-0.630057,-0.428646,0.374957,0.75312,-0.540571,0.663413,0.18931,0.72391
0.627155,0.327453,0.936941,0.360731,-0.800838,-0.47805,0.548404,0.596719,-0.585815,0.754404,-0.0508423,0.654438
0.627155,0.295472,0.894433,0.360731,-0.589039,-0.723122,0.548404,0.761093,-0.346396,0.754404,-0.271607,0.597581
0.627155,0.279958,0.843551,0.360731,-0.306193,-0.880976,0.548404,0.833668,-0.0651969,0.754404,-0.459612,0.468648
0.627155,0.282782,0.79043,0.360731,0.0135842,-0.932571,0.548404,0.80569,0.223866,0.754404,-0.592181,0.283188
0.627155,0.303605,0.74148,0.360731,0.331723,-0.871684,0.548404,0.680535,0.485928,0.754404,-0.653324,0.063572
0.627155,0.339914,0.702603,0.360731,0.609851,-0.705659,0.548404,0.473296,0.689379,0.754404,-0.635667,-0.163712
0.627155,0.387329,0.678489,0.360731,0.814422,-0.454521,0.548404,0.208971,0.809682,0.754404,-0.541339,-0.37125
0.627155,0.440133,0.672046,0.360731,0.920762,-0.148561,0.548404,-0.0805585,0.832324,0.754404,-0.381717,-0.534009
0.627155,0.491956,0.684052,0.360731,0.916044,0.175317,0.548404,-0.360372,0.754576,0.754404,-0.176055,-0.63236
0.627155,0.536547,0.713059,0.360731,0.800838,0.47805,0.548404,-0.596719,0.585815,0.754404,0.0508423,-0.654438
0.627155,0.568528,0.755567,0.360731,0.589039,0.723122,0.548404,-0.761093,0.346396,0.754404,0.271607,-0.597581
0.627155,0.584042,0.806449,0.360731,0.306193,0.880976,0.548404,-0.833668,0.0651969,0.754404,0.459612,-0.468648
0.627155,0.581218,0.85957,0.360731,-0.0135842,0.932571,0.548404,-0.80569,-0.223866,0.754404,0.592181,-0.283188
0.627155,0.560395,0.90852,0.360731,-0.331723,0.871684,0.548404,-0.680535,-0.485928,0.754404,0.653324,-0.063572
0.627155,0.524086,0.947397,0.360731,-0.609851,0.705659,0.548404,-0.473296,-0.689379,0.754404,0.635667,0.163712
0.627155,0.476671,0.971511,0.360731,-0.814422,0.454521,0.548404,-0.208971,-0.809682,0.754404,0.541339,0.37125
0.627155,0.423867,0.977954,0.360731,-0.920762,0.148561,0.548404,0.0805585,-0.832324,0.754404,0.381717,0.534009
0.627155,0.372044,0.965948,0.360731,-0.916044,-0.175317,0.548404,0.360372,-0.754576,0.754404,0.176055,0.63236
0.627155,0.327453,0.936941,0.360731,-0.800838,-0.47805,0.548404,0.596719,-0.585815,0.754404,-0.0508423,0.654438
0.627137,0.460538,0.975441,0.0304265,-0.867093,-0.497216,0.655705,0.392765,-0.644816,0.754404,-0.306407,0.580507
0.627137,0.407363,0.976128,0.0304265,-0.644743,-0.763794,0.655705,0.589618,-0.471595,0.754404,-0.486474,0.440701
0.627137,0.35716,0.958588,0.0304265,-0.344627,-0.938246,0.655705,0.715355,-0.241493,0.754404,-0.607865,0.24774
0.627137,0.315984,0.924935,0.0304265,-0.00294474,-0.999533,0.655705,0.754809,0.0177364,0.754404,-0.655938,0.0248971
0.627137,0.288801,0.879228,0.0304265,0.339093,-0.940261,0.655705,0.703222,0.274827,0.754404,-0.624895,-0.200948
0.627137,0.278889,0.826981,0.0304265,0.640231,-0.767579,0.655705,0.566817,0.498769,0.754404,-0.518481,-0.402556
0.627137,0.287446,0.774494,0.0304265,0.864148,-0.502317,0.655705,0.362044,0.662552,0.754404,-0.34953,-0.55561
0.627137,0.313437,0.7281,0.0304265,0.983836,-0.176467,0.655705,0.113604,0.746422,0.754404,-0.138421,-0.641649
0.627137,0.353729,0.693393,0.0304265,0.984859,0.170667,0.655705,-0.148538,0.740262,0.754404,0.0893836,-0.650296
0.627137,0.403462,0.674559,0.0304265,0.867093,0.497216,0.655705,-0.392765,0.644816,0.754404,0.306407,-0.580507
0.627137,0.456637,0.673872,0.0304265,0.644743,0.763794,0.655705,-0.589618,0.471595,0.754404,0.486474,-0.440701
0.627137,0.50684,0.691412,0.0304265,0.344627,0.938246,0.655705,-0.715355,0.241493,0.754404,0.607865,-0.24774
0.627137,0.548016,0.725065,0.0304265,0.00294474,0.999533,0.655705,-0.754809,-0.0177364,0.754404,0.655938,-0.0248971
0.627137,0.575199,0.770772,0.0304265,-0.339093,0.940261,0.655705,-0.703222,-0.274827,0.754404,0.624895,0.200948
0.627137,0.585111,0.823019,0.0304265,-0.640231,0.767579,0.655705,-0.566817,-0.498769,0.754404,0.518481,0.402556
0.627137,0.576554,0.875506,0.0304265,-0.864148,0.502317,0.655705,-0.362044,-0.662552,0.754404,0.34953,0.55561
0.627137,0.550563,0.9219,0.0304265,-0.983836,0.176467,0.655705,-0.113604,-0.746422,0.754404,0.138421,0.641649
0.627137,0.510271,0.956607,0.0304265,-0.984859,-0.170667,0.655705,0.148538,-0.740262,0.754404,-0.0893836,0.650296
0.627137,0.460538,0.975441,0.0304265,-0.867093,-0.497216,0.655705,0.392765,-0.644816,0.754404,-0.306407,0.580507
0.674504,0.585603,1.01162,-0.303548,-0.820831,-0.483833,0.683918,0.165857,-0.710456,0.663411,-0.54656,0.511036
0.674504,0.512512,1.0529,-0.303548,-0.605848,-0.735395,0.683918,0.398845,-0.610884,0.663411,-0.688383,0.293282
0.674504,0.42971,1.06669,-0.303548,-0.317791,-0.898258,0.683918,0.583726,-0.43763,0.663411,-0.747177,0.0401541
0.674504,0.347184,1.05133,-0.303548,0.00859642,-0.952777,0.683918,0.698201,-0.211592,0.663411,-0.71585,-0.217817
0.674504,0.274888,1.00868,-0.303548,0.333947,-0.892378,0.683918,0.728463,0.0399675,0.663411,-0.598181,-0.449516
0.674504,0.221543,0.943863,-0.303548,0.619019,-0.724344,0.683918,0.670862,0.286706,0.663411,-0.408363,-0.626997
0.674504,0.193581,0.864714,-0.303548,0.829428,-0.468944,0.683918,0.532345,0.498864,0.663411,-0.16929,-0.728853
0.674504,0.194377,0.780775,-0.303548,0.939795,-0.156982,0.683918,0.329619,0.650852,0.663411,0.0902018,-0.742798
0.674504,0.223833,0.70217,-0.303548,0.93681,0.173914,0.683918,0.087136,0.724337,0.663411,0.338814,-0.667151
0.674504,0.278397,0.63838,-0.303548,0.820831,0.483833,0.683918,-0.165857,0.710456,0.663411,0.54656,-0.511036
0.674504,0.351488,0.5971,-0.303548,0.605848,0.735395,0.683918,-0.398845,0.610884,0.663411,0.688383,-0.293282
0.674504,0.43429,0.583307,-0.303548,0.317791,0.898258,0.683918,-0.583726,0.43763,0.663411,0.747177,-0.0401541
0.674504,0.516816,0.598666,-0.303548,-0.00859642,0.952777,0.683918,-0.698201,0.211592,0.663411,0.71585,0.217817
0.674504,0.589112,0.641325,-0.303548,-0.333947,0.892378,0.683918,-0.728463,-0.0399675,0.663411,0.598181,0.449516
0.674504,0.642457,0.706137,-0.303548,-0.619019,0.724344,0.683918,-0.670862,-0.286706,0.663411,0.408363,0.626997
0.674504,0.670419,0.785286,-0.303548,-0.829428,0.468944,0.683918,-0.532345,-0.498864,0.663411,0.16929,0.728853
0.674504,0.669623,0.869225,-0.303548,-0.939795,0.156982,0.683918,-0.329619,-0.650852,0.663411,-0.0902018,0.742798
0.674504,0.640167,0.94783,-0.303548,-0.93681,-0.173914,0.683918,-0.087136,-0.724337,0.663411,-0.338814,0.667151
0.674504,0.585603,1.01162,-0.303548,-0.820831,-0.483833,0.683918,0.165857,-0.710456,0.663411,-0.54656,0.511036
0.763543,0.687563,1.04111,-0.60091,-0.667632,-0.439516,0.629641,-0.0566366,-0.774819,0.492402,-0.742334,0.454402
0.763543,0.598235,1.11549,-0.60091,-0.477046,-0.641353,0.629641,0.211783,-0.747463,0.492402,-0.85298,0.173105
0.763543,0.488857,1.15483,-0.60091,-0.228921,-0.765834,0.629641,0.454658,-0.629951,0.492402,-0.860745,-0.129071
0.763543,0.372621,1.15438,-0.60091,0.0468157,-0.797944,0.629641,0.642695,-0.436458,0.492402,-0.76469,-0.415679
0.763543,0.263547,1.11421,-0.60091,0.316905,-0.73381,0.629641,0.753213,-0.190322,0.492402,-0.576403,-0.65215
0.763543,0.17479,1.03915,-0.60091,0.548772,-0.581168,0.629641,0.772883,0.0787698,0.492402,-0.318593,-0.809962
0.763543,0.117058,0.938267,-0.60091,0.714448,-0.358429,0.629641,0.699332,0.338361,0.492402,-0.0223565,-0.870081
0.763543,0.0973115,0.823719,-0.60091,0.793951,-0.0924571,0.629641,0.54143,0.557141,0.492402,0.276577,-0.825255
0.763543,0.117934,0.709326,-0.60091,0.777692,0.184666,0.629641,0.318225,0.708721,0.492402,0.542151,-0.680891
0.763543,0.176437,0.608885,-0.60091,0.667632,0.439516,0.629641,0.0566366,0.774819,0.492402,0.742334,-0.454402
0.763543,0.265765,0.534511,-0.60091,0.477046,0.641353,0.629641,-0.211783,0.747463,0.492402,0.85298,-0.173105
0.763543,0.375143,0.495174,-0.60091,0.228921,0.765834,0.629641,-0.454658,0.629951,0.492402,0.860745,0.129071
0.763543,0.491379,0.495619,-0.60091,-0.0468157,0.797944,0.629641,-0.642695,0.436458,0.492402,0.76469,0.415679
0.763543,0.600453,0.535792,-0.60091,-0.316905,0.73381,0.629641,-0.753213,0.190322,0.492402,0.576403,0.65215
0.763543,0.68921,0.610848,-0.60091,-0.548772,0.581168,0.629641,-0.772883,-0.0787698,0.492402,0.318593,0.809962
0.763543,0.746942,0.711733,-0.60091,-0.714448,0.358429,0.629641,-0.699332,-0.338361,0.492402,0.0223565,0.870081
0.763543,0.766688,0.826281,-0.60091,-0.793951,0.0924571,0.629641,-0.54143,-0.557141,0.492402,-0.276577,0.825255
0.763543,0.746066,0.940674,-0.60091,-0.777692,-0.184666,0.629641,-0.318225,-0.708721,0.492402,-0.542151,0.680891
0.763543,0.687563,1.04111,-0.60091,-0.667632,-0.439516,0.629641,-0.0566366,-0.774819,0.492402,-0.742334,0.454402
0.883514,0.75412,1.06037,-0.825794,-0.425974,-0.369608,0.499419,-0.247879,-0.830142,0.262001,-0.870116,0.417437
0.883514,0.654193,1.15635,-0.825794,-0.273871,-0.49301,0.499419,0.0509952,-0.864858,0.262001,-0.960414,0.0946649
0.883514,0.527466,1.21236,-0.825794,-0.0887353,-0.556947,0.499419,0.343719,-0.79526,0.262001,-0.934871,-0.239525
0.883514,0.389225,1.22165,-0.825794,0.107103,-0.553708,0.499419,0.594985,-0.629741,0.262001,-0.796569,-0.544824
0.883514,0.256143,1.1831,-0.825794,0.290024,-0.483684,0.499419,0.774487,-0.388266,0.262001,-0.562189,-0.78441
0.883514,0.144271,1.10136,-0.825794,0.437963,-0.355321,0.499419,0.860574,-0.0999606,0.262001,-0.260001,-0.929384
0.883514,0.0671046,0.98628,-0.825794,0.533077,-0.1841,0.499419,0.842864,0.200402,0.262001,0.0735473,-0.962261
0.883514,0.0339494,0.851752,-0.825794,0.563895,0.00932563,0.499419,0.723492,0.476592,0.262001,0.398225,-0.879075
0.883514,0.048805,0.713997,-0.825794,0.526698,0.201627,0.499419,0.516856,0.695299,0.262001,0.67487,-0.689859
0.883514,0.10988,0.589631,-0.825794,0.425974,0.369608,0.499419,0.247879,0.830142,0.262001,0.870116,-0.417437
0.883514,0.209807,0.493654,-0.825794,0.273871,0.49301,0.499419,-0.0509952,0.864858,0.262001,0.960414,-0.0946649
0.883514,0.336534,0.437642,-0.825794,0.0887353,0.556947,0.499419,-0.343719,0.79526,0.262001,0.934871,0.239525
0.883514,0.474775,0.428351,-0.825794,-0.107103,0.553708,0.499419,-0.594985,0.629741,0.262001,0.796569,0.544824
0.883514,0.607857,0.466902,-0.825794,-0.290024,0.483684,0.499419,-0.774487,0.388266,0.262001,0.562189,0.78441
0.883514,0.719729,0.548645,-0.825794,-0.437963,0.355321,0.499419,-0.860574,0.0999606,0.262001,0.260001,0.929384
0.883514,0.796895,0.66372,-0.825794,-0.533077,0.1841,0.499419,-0.842864,-0.200402,0.262001,-0.0735473,0.962261
0.883514,0.830051,0.798248,-0.825794,-0.563895,-0.00932563,0.499419,-0.723492,-0.476592,0.262001,-0.398225,0.879075
0.883514,0.815195,0.936003,-0.825794,-0.526698,-0.201627,0.499419,-0.516856,-0.695299,0.262001,-0.67487,0.689859
0.883514,0.75412,1.06037,-0.825794,-0.425974,-0.369608,0.499419,-0.247879,-0.830142,0.262001,-0.870116,0.417437
0.875863,0.0536857,0.70714,0.985232,-0.0280181,-0.168919,-0.00862081,0.977154,-0.212359,0.17101,0.210679,0.962481
0.875863,0.116811,0.584856,0.985232,0.0314454,-0.168315,-0.00862081,0.990855,0.134654,0.17101,-0.131215,0.976493
0.875863,0.217954,0.491538,0.985232,0.0871161,-0.147409,-0.00862081,0.885045,0.465426,0.17101,-0.457282,0.872725
0.875863,0.344913,0.43844,0.985232,0.132279,-0.108724,-0.00862081,0.672485,0.740061,0.17101,-0.728194,0.663694
0.875863,0.482376,0.431967,0.985232,0.161488,-0.056925,-0.00862081,0.378814,0.925433,0.17101,-0.911275,0.374611
0.875863,0.613763,0.472899,0.985232,0.171218,0.00174006,-0.00862081,0.0394517,0.999184,0.17101,-0.984443,0.0403451
0.875863,0.723227,0.5563,0.985232,0.160298,0.0601953,-0.00862081,-0.304669,0.952419,0.17101,-0.938873,-0.298787
0.875863,0.797565,0.67211,0.985232,0.130042,0.11139,-0.00862081,-0.612042,0.790779,0.17101,-0.78006,-0.601882
0.875863,0.82781,0.806361,0.985232,0.0841023,0.14915,-0.00862081,-0.845593,0.533758,0.17101,-0.527161,-0.83238
0.875863,0.810314,0.94286,0.985232,0.0280181,0.168919,-0.00862081,-0.977154,0.212359,0.17101,-0.210679,-0.962481
0.875863,0.747189,1.06514,0.985232,-0.0314454,0.168315,-0.00862081,-0.990855,-0.134654,0.17101,0.131215,-0.976493
0.875863,0.646046,1.15846,0.985232,-0.0871161,0.147409,-0.00862081,-0.885045,-0.465426,0.17101,0.457282,-0.872725
0.875863,0.519087,1.21156,0.985232,-0.132279,0.108724,-0.00862081,-0.672485,-0.740061,0.17101,0.728194,-0.663694
0.875863,0.381624,1.21803,0.985232,-0.161488,0.056925,-0.00862081,-0.378814,-0.925433,0.17101,0.911275,-0.374611
0.875863,0.250237,1.1771,0.985232,-0.171218,-0.00174006,-0.00862081,-0.0394517,-0.999184,0.17101,0.984443,-0.0403451
0.875863,0.140773,1.0937,0.985232,-0.160298,-0.0601953,-0.00862081,0.304669,-0.952419,0.17101,0.938873,0.298787
0.875863,0.0664353,0.97789,0.985232,-0.130042,-0.11139,-0.00862081,0.612042,-0.790779,0.17101,0.78006,0.601882
0.875863,0.0361903,0.843639,0.985232,-0.0841023,-0.14915,-0.00862081,0.845593,-0.533758,0.17101,0.527161,0.83238
0.875863,0.0536857,0.70714,0.985232,-0.0280181,-0.168919,-0.00862081,0.977154,-0.212359,0.17101,0.210679,0.962481
0.749059,0.123993,0.727478,0.900555,-0.347437,-0.261321,0.292759,0.929026,-0.226281,0.321393,0.127275,0.938354
0.749059,0.175922,0.628015,0.900555,-0.237106,-0.364392,0.292759,0.950392,0.105111,0.321393,-0.201337,0.925295
0.749059,0.258738,0.552311,0.900555,-0.0981777,-0.423512,0.292759,0.857126,0.423825,0.321393,-0.505664,0.800631
0.749059,0.362453,0.509497,0.900555,0.0525927,-0.43155,0.292759,0.660478,0.691419,0.321393,-0.749001,0.5794
0.749059,0.474555,0.504737,0.900555,0.19702,-0.387536,0.292759,0.384167,0.875618,0.321393,-0.901997,0.288285
0.749059,0.581525,0.538606,0.900555,0.317683,-0.29678,0.292759,0.06152,0.954205,0.321393,-0.946199,-0.0376024
0.749059,0.67046,0.607019,0.900555,0.400029,-0.170228,0.292759,-0.268547,0.917701,0.321393,-0.876276,-0.358954
0.749059,0.730633,0.701723,0.900555,0.434126,-0.0231441,0.292759,-0.566224,0.770508,0.321393,-0.70066,-0.63701
0.749059,0.754787,0.811296,0.900555,0.415861,0.126731,0.292759,-0.795606,0.530381,0.321393,-0.440535,-0.838234
0.749059,0.740007,0.922522,0.900555,0.347437,0.261321,0.292759,-0.929026,0.226281,0.321393,-0.127275,-0.938354
0.749059,0.688078,1.02199,0.900555,0.237106,0.364392,0.292759,-0.950392,-0.105111,0.321393,0.201337,-0.925295
0.749059,0.605262,1.09769,0.900555,0.0981777,0.423512,0.292759,-0.857126,-0.423825,0.321393,0.505664,-0.800631
0.749059,0.501547,1.1405,0.900555,-0.0525927,0.43155,0.292759,-0.660478,-0.691419,0.321393,0.749001,-0.5794
0.749059,0.389445,1.14526,0.900555,-0.19702,0.387536,0.292759,-0.384167,-0.875618,0.321393,0.901997,-0.288285
0.749059,0.282475,1.11139,0.900555,-0.317683,0.29678,0.292759,-0.06152,-0.954205,0.321393,0.946199,0.0376024
0.749059,0.19354,1.04298,0.900555,-0.400029,0.170228,0.292759,0.268547,-0.917701,0.321393,0.876276,0.358954
0.749059,0.133367,0.948277,0.900555,-0.434126,0.0231441,0.292759,0.566224,-0.770508,0.321393,0.70066,0.63701
0.749059,0.109213,0.838704,0.900555,-0.415861,-0.126731,0.292759,0.795606,-0.530381,0.321393,0.440535,0.838234
0.749059,0.123993,0.727478,0.900555,-0.347437,-0.261321,0.292759,0.929026,-0.226281,0.321393,0.127275,0.938354
0.654934,0.231721,0.758642,0.707258,-0.619771,-0.340103,0.558827,0.784782,-0.268008,0.433011,-0.000507742,0.901389
0.654934,0.266495,0.694144,0.707258,-0.466072,-0.531566,0.558827,0.829119,0.0165659,0.433011,-0.30877,0.846855
0.654934,0.321231,0.64543,0.707258,-0.256158,-0.658915,0.558827,0.773451,0.299142,0.433011,-0.57979,0.690177
0.654934,0.389328,0.618374,0.707258,-0.0153479,-0.706789,0.558827,0.624493,0.545637,0.433011,-0.780879,0.450255
0.654934,0.462572,0.616241,0.707258,0.227314,-0.669414,0.558827,0.400213,0.726321,0.433011,-0.887783,0.156024
0.654934,0.532128,0.639286,0.707258,0.442558,-0.551297,0.558827,0.127661,0.819399,0.433011,-0.887606,-0.157025
0.654934,0.589607,0.684732,0.707258,0.604423,-0.366686,0.558827,-0.160289,0.813646,0.433011,-0.780372,-0.451134
0.654934,0.628077,0.747096,0.707258,0.693386,-0.137847,0.558827,-0.428906,0.709755,0.433011,-0.579013,-0.69083
0.654934,0.642897,0.818856,0.707258,0.698716,0.107618,0.558827,-0.64579,0.520257,0.433011,-0.307816,-0.847202
0.654934,0.632279,0.891358,0.707258,0.619771,0.340103,0.558827,-0.784782,0.268008,0.433011,0.000507742,-0.901389
0.654934,0.597505,0.955856,0.707258,0.466072,0.531566,0.558827,-0.829119,-0.0165659,0.433011,0.30877,-0.846855
0.654934,0.542769,1.00457,0.707258,0.256158,0.658915,0.558827,-0.773451,-0.299142,0.433011,0.57979,-0.690177
0.654934,0.474672,1.03163,0.707258,0.0153479,0.706789,0.558827,-0.624493,-0.545637,0.433011,0.780879,-0.450255
0.654934,0.401428,1.03376,0.707258,-0.227314,0.669414,0.558827,-0.400213,-0.726321,0.433011,0.887783,-0.156024
0.654934,0.331872,1.01071,0.707258,-0.442558,0.551297,0.558827,-0.127661,-0.819399,0.433011,0.887606,0.157025
0.654934,0.274393,0.965268,0.707258,-0.604423,0.366686,0.558827,0.160289,-0.813646,0.433011,0.780372,0.451134
0.654934,0.235923,0.902904,0.707258,-0.693386,0.137847,0.558827,0.428906,-0.709755,0.433011,0.579013,0.69083
