0.658953,0.560895,1.06599,0.308961,0.746823,-0.588896,0.951075,-0.242611,0.191302,-3.49349e-06,-0.619189,-0.785242
0.907818,0.347807,1.29386,0.92986,-0.357224,-0.0880475,-0.179072,-0.230377,-0.956483,0.321394,0.905162,-0.278187
0.907818,0.216104,1.24306,0.92986,-0.305567,-0.204915,-0.179072,0.110653,-0.977593,0.321394,0.945719,0.0481734
0.907818,0.109718,1.15028,0.92986,-0.217054,-0.297067,-0.179072,0.438337,-0.880792,0.321394,0.872209,0.368723
0.907818,0.0414805,1.02671,0.92986,-0.102361,-0.353389,-0.179072,0.71315,-0.677754,0.321394,0.693498,0.6448
0.907818,0.0196216,0.887256,0.92986,0.0246786,-0.367086,-0.179072,0.901947,-0.392968,0.321394,0.43114,0.843104
0.907818,0.0467778,0.748733,0.92986,0.148741,-0.336508,-0.179072,0.981956,-0.0607852,0.321394,0.116781,0.939717
0.907818,0.119674,0.627853,0.92986,0.254863,-0.265341,-0.179072,0.943527,0.278729,0.321394,-0.211664,0.922986
0.907818,0.229517,0.539194,0.92986,0.330245,-0.162171,-0.179072,0.791294,0.584625,0.321394,-0.514579,0.79493
0.907818,0.36306,0.493451,0.92986,0.365795,-0.0394402,-0.179072,0.54362,0.820007,0.321394,-0.755428,0.570994
0.907818,0.504193,0.49614,0.92986,0.357224,0.0880475,-0.179072,0.230377,0.956483,0.321394,-0.905162,0.278187
0.907818,0.635896,0.546938,0.92986,0.305567,0.204915,-0.179072,-0.110653,0.977593,0.321394,-0.945719,-0.0481734
0.907818,0.742282,0.639717,0.92986,0.217054,0.297067,-0.179072,-0.438337,0.880792,0.321394,-0.872209,-0.368723
0.907818,0.810519,0.763287,0.92986,0.102361,0.353389,-0.179072,-0.71315,0.677754,0.321394,-0.693498,-0.6448
0.907818,0.832378,0.902744,0.92986,-0.0246786,0.367086,-0.179072,-0.901947,0.392968,0.321394,-0.43114,-0.843104
0.907818,0.805222,1.04127,0.92986,-0.148741,0.336508,-0.179072,-0.981956,0.0607852,0.321394,-0.116781,-0.939717
0.907818,0.732326,1.16215,0.92986,-0.254863,0.265341,-0.179072,-0.943527,-0.278729,0.321394,0.211664,-0.922986
0.907818,0.622483,1.25081,0.92986,-0.330245,0.162171,-0.179072,-0.791294,-0.584625,0.321394,0.514579,-0.79493
0.907818,0.48894,1.29655,0.92986,-0.365795,0.0394402,-0.179072,-0.54362,-0.820007,0.321394,0.755428,-0.570994
0.907818,0.347807,1.29386,0.92986,-0.357224,-0.0880475,-0.179072,-0.230377,-0.956483,0.321394,0.905162,-0.278187
0.809114,0.392538,1.25859,0.796489,-0.596253,0.100435,-0.0275851,-0.201763,-0.979046,0.604023,0.777029,-0.17715
0.809114,0.270202,1.22522,0.796489,-0.594645,-0.109552,-0.0275851,0.145258,-0.989009,0.604023,0.790757,0.0992932
0.809114,0.166658,1.15202,0.796489,-0.521315,-0.306326,-0.0275851,0.474759,-0.879683,0.604023,0.709109,0.36376
0.809114,0.0943934,1.04782,0.796489,-0.385106,-0.466152,-0.0275851,0.746997,-0.664255,0.604023,0.541931,0.584352
0.809114,0.0621259,0.925183,0.796489,-0.202448,-0.569754,-0.0275851,0.929136,-0.368707,0.604023,0.309388,0.734463
0.809114,0.073747,0.798911,0.796489,0.00462891,-0.604635,-0.0275851,0.999208,-0.0286883,0.604023,0.0395289,0.795986
0.809114,0.127855,0.684228,0.796489,0.211147,-0.566588,-0.0275851,0.94876,0.314791,0.604023,-0.235098,0.761502
0.809114,0.217924,0.594967,0.796489,0.392198,-0.460202,-0.0275851,0.783878,0.620302,0.604023,-0.481369,0.635169
0.809114,0.333089,0.541895,0.796489,0.525943,-0.298309,-0.0275851,0.524449,0.850995,0.604023,-0.66958,0.432226
0.809114,0.459462,0.531413,0.796489,0.596253,-0.100435,-0.0275851,0.201763,0.979046,0.604023,-0.777029,0.17715
0.809114,0.581798,0.564784,0.796489,0.594645,0.109552,-0.0275851,-0.145258,0.989009,0.604023,-0.790757,-0.0992932
0.809114,0.685342,0.637985,0.796489,0.521315,0.306326,-0.0275851,-0.474759,0.879683,0.604023,-0.709109,-0.36376
0.809114,0.757607,0.742185,0.796489,0.385106,0.466152,-0.0275851,-0.746997,0.664255,0.604023,-0.541931,-0.584352
0.809114,0.789874,0.864817,0.796489,0.202448,0.569754,-0.0275851,-0.929136,0.368707,0.604023,-0.309388,-0.734463
0.809114,0.778253,0.991089,0.796489,-0.00462891,0.604635,-0.0275851,-0.999208,0.0286883,0.604023,-0.0395289,-0.795986
0.809114,0.724145,1.10577,0.796489,-0.211147,0.566588,-0.0275851,-0.94876,-0.314791,0.604023,0.235098,-0.761502
0.809114,0.634076,1.19503,0.796489,-0.392198,0.460202,-0.0275851,-0.783878,-0.620302,0.604023,0.481369,-0.635169
0.809114,0.518911,1.2481,0.796489,-0.525943,0.298309,-0.0275851,-0.524449,-0.850995,0.604023,0.66958,-0.432226
0.809114,0.392538,1.25859,0.796489,-0.596253,0.100435,-0.0275851,-0.201763,-0.979046,0.604023,0.777029,-0.17715
0.735846,0.461081,1.20454,0.567051,-0.785047,0.249306,0.127229,-0.21556,-0.968167,0.813797,0.580719,-0.0223524
0.735846,0.353097,1.19787,0.567051,-0.822971,-0.0342307,0.127229,0.128573,-0.983505,0.813797,0.553342,0.177613
0.735846,0.253906,1.15467,0.567051,-0.761632,-0.313639,0.127229,0.457197,-0.880218,0.813797,0.459224,0.356156
0.735846,0.175472,1.08015,0.567051,-0.608429,-0.555218,0.127229,0.730677,-0.670764,0.813797,0.309717,0.491741
0.735846,0.127255,0.983299,0.567051,-0.381841,-0.729829,0.127229,0.916026,-0.380405,0.813797,0.122854,0.568015
0.735846,0.115072,0.875797,0.567051,-0.109197,-0.816412,0.127229,0.99089,-0.0441645,0.813797,-0.078828,0.575778
0.735846,0.140391,0.770612,0.567051,0.176618,-0.804524,0.127229,0.946237,0.297403,0.813797,-0.271002,0.514094
0.735846,0.200158,0.680429,0.567051,0.44113,-0.695599,0.127229,0.787454,0.6031,0.813797,-0.430489,0.390402
0.735846,0.287166,0.616127,0.567051,0.652436,-0.502773,0.127229,0.533692,0.836053,0.813797,-0.538052,0.219622
0.735846,0.390919,0.585461,0.567051,0.785047,-0.249306,0.127229,0.21556,0.968167,0.813797,-0.580719,0.0223524
0.735846,0.498903,0.59213,0.567051,0.822971,0.0342307,0.127229,-0.128573,0.983505,0.813797,-0.553342,-0.177613
0.735846,0.598094,0.63533,0.567051,0.761632,0.313639,0.127229,-0.457197,0.880218,0.813797,-0.459224,-0.356156
0.735846,0.676528,0.709849,0.567051,0.608429,0.555218,0.127229,-0.730677,0.670764,0.813797,-0.309717,-0.491741
0.735846,0.724745,0.806701,0.567051,0.381841,0.729829,0.127229,-0.916026,0.380405,0.813797,-0.122854,-0.568015
0.735846,0.736928,0.914203,0.567051,0.109197,0.816412,0.127229,-0.99089,0.0441645,0.813797,0.078828,-0.575778
0.735846,0.711609,1.01939,0.567051,-0.176618,0.804524,0.127229,-0.946237,-0.297403,0.813797,0.271002,-0.514094
0.735846,0.651842,1.10957,0.567051,-0.44113,0.695599,0.127229,-0.787454,-0.6031,0.813797,0.430489,-0.390402
0.735846,0.564834,1.17387,0.567051,-0.652436,0.502773,0.127229,-0.533692,-0.836053,0.813797,0.538052,-0.219622
0.735846,0.461081,1.20454,0.567051,-0.785047,0.249306,0.127229,-0.21556,-0.968167,0.813797,0.580719,-0.0223524
0.696852,0.545168,1.13823,0.269218,-0.900837,0.34061,0.266698,-0.270103,-0.925158,0.925416,0.339909,0.167535
0.696852,0.45479,1.16432,0.269218,-0.963005,0.0119646,0.266698,0.0626092,-0.961744,0.925416,0.26211,0.273687
0.696852,0.36094,1.15793,0.269218,-0.909021,-0.318124,0.266698,0.387769,-0.882331,0.925416,0.152696,0.346828
0.696852,0.274937,1.11982,0.269218,-0.745395,-0.609842,0.266698,0.666159,-0.696495,0.925416,0.0248651,0.378137
0.696852,0.207155,1.05459,0.269218,-0.491864,-0.828005,0.266698,0.8642,-0.426651,0.925416,-0.105965,0.363837
0.696852,0.165768,0.97012,0.269218,-0.179007,-0.946297,0.266698,0.958005,-0.105347,0.925416,-0.224014,0.305653
0.696852,0.15577,0.876585,0.269218,0.155441,-0.950452,0.266698,0.936261,0.228663,0.925416,-0.315044,0.210602
0.696852,0.178365,0.785272,0.269218,0.471141,-0.839969,0.266698,0.801591,0.535093,0.925416,-0.368075,0.0901502
0.696852,0.230828,0.707193,0.269218,0.730014,-0.628173,0.266698,0.570236,0.776983,0.925416,-0.37671,-0.0411755
0.696852,0.306832,0.651766,0.269218,0.900837,-0.34061,0.266698,0.270103,0.925158,0.925416,-0.339909,-0.167535
0.696852,0.39721,0.625677,0.269218,0.963005,-0.0119646,0.266698,-0.0626092,0.961744,0.925416,-0.26211,-0.273687
0.696852,0.49106,0.632073,0.269218,0.909021,0.318124,0.266698,-0.387769,0.882331,0.925416,-0.152696,-0.346828
0.696852,0.577063,0.670181,0.269218,0.745395,0.609842,0.266698,-0.666159,0.696495,0.925416,-0.0248651,-0.378137
0.696852,0.644845,0.735406,0.269218,0.491864,0.828005,0.266698,-0.8642,0.426651,0.925416,0.105965,-0.363837
0.696852,0.686232,0.81988,0.269218,0.179007,0.946297,0.266698,-0.958005,0.105347,0.925416,0.224014,-0.305653
0.696852,0.69623,0.913415,0.269218,-0.155441,0.950452,0.266698,-0.936261,-0.228663,0.925416,0.315044,-0.210602
0.696852,0.673635,1.00473,0.269218,-0.471141,0.839969,0.266698,-0.801591,-0.535093,0.925416,0.368075,-0.0901502
0.696852,0.621172,1.08281,0.269218,-0.730014,0.628173,0.266698,-0.570236,-0.776983,0.925416,0.37671,0.0411755
0.696852,0.545168,1.13823,0.269218,-0.900837,0.34061,0.266698,-0.270103,-0.925158,0.925416,0.339909,0.167535
0.696834,0.634656,1.06767,-0.061087,-0.929654,0.363334,0.373999,-0.358813,-0.855207,0.925415,0.0836444,0.369608
0.696834,0.563016,1.12862,-0.061087,-0.997857,0.0234617,0.373999,-0.044676,-0.926353,0.925415,-0.0478135,0.375926
0.696834,0.47485,1.16139,-0.061087,-0.945703,-0.31924,0.373999,0.27485,-0.885767,0.925415,-0.173504,0.336902
0.696834,0.380792,1.16204,-0.061087,-0.779483,-0.623437,0.373999,0.561224,-0.738344,0.925415,-0.278268,0.257242
0.696834,0.292187,1.13047,-0.061087,-0.519247,-0.852438,0.373999,0.779907,-0.501867,0.925415,-0.349468,0.146555
0.696834,0.219721,1.0705,-0.061087,-0.196381,-0.978623,0.373999,0.904521,-0.204857,0.925415,-0.378518,0.0181918
0.696834,0.172136,0.989367,-0.061087,0.150171,-0.986771,0.373999,0.920037,0.116862,0.925415,-0.361912,-0.112366
0.696834,0.155171,0.896849,-0.061087,0.47861,-0.8759,0.373999,0.824583,0.424486,0.925415,-0.301655,-0.229371
0.696834,0.170871,0.804109,-0.061087,0.749322,-0.659383,0.373999,0.629672,0.68091,0.925415,-0.205013,-0.31871
0.696834,0.217344,0.722331,-0.061087,0.929654,-0.363334,0.373999,0.358813,0.855207,0.925415,-0.0836444,-0.369608
0.696834,0.288984,0.66138,-0.061087,0.997857,-0.0234617,0.373999,0.044676,0.926353,0.925415,0.0478135,-0.375926
0.696834,0.37715,0.628606,-0.061087,0.945703,0.31924,0.373999,-0.27485,0.885767,0.925415,0.173504,-0.336902
0.696834,0.471208,0.627964,-0.061087,0.779483,0.623437,0.373999,-0.561224,0.738344,0.925415,0.278268,-0.257242
0.696834,0.559813,0.65953,-0.061087,0.519247,0.852438,0.373999,-0.779907,0.501867,0.925415,0.349468,-0.146555
0.696834,0.632279,0.719498,-0.061087,0.196381,0.978623,0.373999,-0.904521,0.204857,0.925415,0.378518,-0.0181918
0.696834,0.679864,0.800633,-0.061087,-0.150171,0.986771,0.373999,-0.920037,-0.116862,0.925415,0.361912,0.112366
0.696834,0.696829,0.893151,-0.061087,-0.47861,0.8759,0.373999,-0.824583,-0.424486,0.925415,0.301655,0.229371
0.696834,0.681129,0.985891,-0.061087,-0.749322,0.659383,0.373999,-0.629672,-0.68091,0.925415,0.205013,0.31871
0.696834,0.634656,1.06767,-0.061087,-0.929654,0.363334,0.373999,-0.358813,-0.855207,0.925415,0.0836444,0.369608
0.735794,0.718752,1.00136,-0.384024,-0.868024,0.314737,0.43619,-0.470991,-0.76675,0.813796,-0.157165,0.559495
0.735794,0.664721,1.09507,-0.384024,-0.923322,-0.00112614,0.43619,-0.180343,-0.881598,0.813796,-0.339046,0.472
0.735794,0.581897,1.16465,-0.384024,-0.867254,-0.316853,0.43619,0.132057,-0.890112,0.813796,-0.480032,0.327574
0.735794,0.480269,1.20171,-0.384024,-0.706582,-0.594363,0.43619,0.42853,-0.791265,0.813796,-0.56312,0.143638
0.735794,0.372095,1.20177,-0.384024,-0.460686,-0.800184,0.43619,0.673315,-0.59698,0.813796,-0.578287,-0.0576224
0.735794,0.270424,1.16484,-0.384024,-0.159224,-0.909491,0.43619,0.836888,-0.330691,0.813796,-0.523704,-0.251933
0.735794,0.187517,1.09535,-0.384024,0.161442,-0.9091,0.43619,0.899521,-0.0245151,0.813796,-0.405954,-0.415857
0.735794,0.133374,1.0017,-0.384024,0.462637,-0.799058,0.43619,0.853658,0.284618,0.813796,-0.239241,-0.529622
0.735794,0.114527,0.895185,-0.384024,0.70803,-0.592638,0.43619,0.704831,0.559421,0.813796,-0.0436715,-0.579507
0.735794,0.133248,0.788644,-0.384024,0.868024,-0.314737,0.43619,0.470991,0.76675,0.813796,0.157165,-0.559495
0.735794,0.187279,0.694931,-0.384024,0.923322,0.00112614,0.43619,0.180343,0.881598,0.813796,0.339046,-0.472
0.735794,0.270103,0.625349,-0.384024,0.867254,0.316853,0.43619,-0.132057,0.890112,0.813796,0.480032,-0.327574
0.735794,0.371731,0.588291,-0.384024,0.706582,0.594363,0.43619,-0.42853,0.791265,0.813796,0.56312,-0.143638
0.735794,0.479905,0.588227,-0.384024,0.460686,0.800184,0.43619,-0.673315,0.59698,0.813796,0.578287,0.0576224
0.735794,0.581576,0.625164,-0.384024,0.159224,0.909491,0.43619,-0.836888,0.330691,0.813796,0.523704,0.251933
0.735794,0.664483,0.694647,-0.384024,-0.161442,0.9091,0.43619,-0.899521,0.0245151,0.813796,0.405954,0.415857
0.735794,0.718626,0.788296,-0.384024,-0.462637,0.799058,0.43619,-0.853658,-0.284618,0.813796,0.239241,0.529622
0.735794,0.737473,0.894815,-0.384024,-0.70803,0.592638,0.43619,-0.704831,-0.559421,0.813796,0.0436715,0.579507
0.735794,0.718752,1.00136,-0.384024,-0.868024,0.314737,0.43619,-0.470991,-0.76675,0.813796,-0.157165,0.559495
0.809034,0.787313,0.947294,-0.660642,-0.723381,0.20068,0.44577,-0.593106,-0.670458,0.604021,-0.353475,0.714292
0.809034,0.747638,1.06772,-0.660642,-0.748392,-0.0588332,0.44577,-0.328028,-0.832879,0.604021,-0.57646,0.55032
0.809034,0.669168,1.16731,-0.660642,-0.683137,-0.31125,0.44577,-0.0233839,-0.894842,0.604021,-0.729916,0.31997
0.809034,0.561369,1.23405,-0.660642,-0.535485,-0.526126,0.44577,0.28408,-0.848874,0.604021,-0.795333,0.0510277
0.809034,0.437242,1.2599,-0.660642,-0.323245,-0.677543,0.44577,0.55728,-0.70052,0.604021,-0.764821,-0.22407
0.809034,0.311759,1.24174,-0.660642,-0.0720176,-0.747239,0.44577,0.763264,-0.467672,0.604021,-0.64206,-0.472141
0.809034,0.200056,1.18176,-0.660642,0.187896,-0.726806,0.44577,0.877187,-0.178416,0.604021,-0.441858,-0.663265
0.809034,0.115604,1.08719,-0.660642,0.425147,-0.61871,0.44577,0.885308,0.132359,0.604021,-0.188361,-0.774389
0.809034,0.0685913,0.969436,-0.660642,0.611119,-0.435989,0.44577,0.786648,0.42717,0.604021,0.0878557,-0.792111
0.809034,0.0646869,0.842706,-0.660642,0.723381,-0.20068,0.44577,0.593106,0.670458,0.604021,0.353475,-0.714292
0.809034,0.104362,0.722284,-0.660642,0.748392,0.0588332,0.44577,0.328028,0.832879,0.604021,0.57646,-0.55032
0.809034,0.182832,0.622693,-0.660642,0.683137,0.31125,0.44577,0.0233839,0.894842,0.604021,0.729916,-0.31997
0.809034,0.290631,0.555947,-0.660642,0.535485,0.526126,0.44577,-0.28408,0.848874,0.604021,0.795333,-0.0510277
0.809034,0.414758,0.530095,-0.660642,0.323245,0.677543,0.44577,-0.55728,0.70052,0.604021,0.764821,0.22407
0.809034,0.540241,0.548257,-0.660642,0.0720176,0.747239,0.44577,-0.763264,0.467672,0.604021,0.64206,0.472141
0.809034,0.651944,0.60824,-0.660642,-0.187896,0.726806,0.44577,-0.877187,0.178416,0.604021,0.441858,0.663265
0.809034,0.736396,0.702812,-0.660642,-0.425147,0.61871,0.44577,-0.885308,-0.132359,0.604021,0.188361,0.774389
0.809034,0.783409,0.820564,-0.660642,-0.611119,0.435989,0.44577,-0.786648,-0.42717,0.604021,-0.0878557,0.792111
0.809034,0.787313,0.947294,-0.660642,-0.723381,0.20068,0.44577,-0.593106,-0.670458,0.604021,-0.353475,0.714292
0.90772,0.832069,0.912002,-0.857576,-0.51317,0.0349212,0.401584,-0.71043,-0.577944,0.321392,-0.481607,0.815329
0.90772,0.801766,1.04986,-0.857576,-0.494166,-0.142699,0.401584,-0.469918,-0.786071,0.321392,-0.731422,0.601439
0.90772,0.726139,1.16904,-0.857576,-0.415558,-0.303108,0.401584,-0.172726,-0.899387,0.321392,-0.893016,0.315007
0.90772,0.614311,1.25517,-0.857576,-0.286827,-0.426957,0.401584,0.145299,-0.904223,0.321392,-0.946899,-0.00941959
0.90772,0.47977,1.29785,-0.857576,-0.123502,-0.499309,0.401584,0.445799,-0.799996,0.321392,-0.886573,-0.33271
0.90772,0.338743,1.29195,-0.857576,0.0547203,-0.511437,0.401584,0.692529,-0.599278,0.321392,-0.719312,-0.615871
0.90772,0.208241,1.23817,-0.857576,0.226342,-0.461879,0.401584,0.855729,-0.326279,0.321392,-0.465292,-0.824749
0.90772,0.104004,1.14299,-0.857576,0.370664,-0.35661,0.401584,0.915716,-0.0139252,0.321392,-0.155151,-0.934149
0.90772,0.0386046,1.01791,-0.857576,0.470278,-0.20833,0.401584,0.865255,0.300108,0.321392,0.173704,-0.930878
0.90772,0.0199305,0.877998,-0.857576,0.51317,-0.0349212,0.401584,0.71043,0.577944,0.321392,0.481607,-0.815329
0.90772,0.0502344,0.74014,-0.857576,0.494166,0.142699,0.401584,0.469918,0.786071,0.321392,0.731422,-0.601439
0.90772,0.125861,0.62096,-0.857576,0.415558,0.303108,0.401584,0.172726,0.899387,0.321392,0.893016,-0.315007
0.90772,0.237689,0.534833,-0.857576,0.286827,0.426957,0.401584,-0.145299,0.904223,0.321392,0.946899,0.00941959
0.90772,0.37223,0.492147,-0.857576,0.123502,0.499309,0.401584,-0.445799,0.799996,0.321392,0.886573,0.33271
0.90772,0.513257,0.498052,-0.857576,-0.0547203,0.511437,0.401584,-0.692529,0.599278,0.321392,0.719312,0.615871
0.90772,0.643759,0.551834,-0.857576,-0.226342,0.461879,0.401584,-0.855729,0.326279,0.321392,0.465292,0.824749
0.90772,0.747996,0.647008,-0.857576,-0.370664,0.35661,0.401584,-0.915716,0.0139252,0.321392,0.155151,0.934149
0.90772,0.813395,0.772092,-0.857576,-0.470278,0.20833,0.401584,-0.865255,-0.300108,0.321392,-0.173704,0.930878
0.90772,0.832069,0.912002,-0.857576,-0.51317,0.0349212,0.401584,-0.71043,-0.577944,0.321392,-0.481607,0.815329
0.883612,0.216205,1.23437,0.961642,-0.255436,-0.0999874,-0.0812368,0.0829581,-0.993236,0.262003,0.96326,0.0590252
0.883612,0.112785,1.14215,0.961642,-0.205833,-0.181322,-0.0812368,0.417662,-0.904964,0.262003,0.884981,0.38492
0.883612,0.0471442,1.02012,0.961642,-0.131405,-0.240786,-0.0812368,0.70199,-0.707539,0.262003,0.69996,0.664388
0.883612,0.0271986,0.882997,0.961642,-0.0411263,-0.271208,-0.0812368,0.901647,-0.424774,0.262003,0.430513,0.863721
0.883612,0.0553544,0.747323,0.961642,0.0541124,-0.268918,-0.0812368,0.992552,-0.0907759,0.262003,0.10914,0.958876
0.883612,0.128215,0.629461,0.961642,0.142824,-0.234193,-0.0812368,0.963741,0.254171,0.262003,-0.225397,0.938377
0.883612,0.236994,0.543627,0.961642,0.21431,-0.17122,-0.0812368,0.818689,0.568462,0.262003,-0.532747,0.804695
0.883612,0.368569,0.500173,0.961642,0.259946,-0.0875962,-0.0812368,0.57489,0.814188,0.262003,-0.775841,0.573956
0.883612,0.507071,0.504342,0.961642,0.274229,0.00659324,-0.0812368,0.261752,0.96171,0.262003,-0.925356,0.273989
0.883612,0.635795,0.555629,0.961642,0.255436,0.0999874,-0.0812368,-0.0829581,0.993236,0.262003,-0.96326,-0.0590252
0.883612,0.739215,0.64785,0.961642,0.205833,0.181322,-0.0812368,-0.417662,0.904964,0.262003,-0.884981,-0.38492
0.883612,0.804856,0.769881,0.961642,0.131405,0.240786,-0.0812368,-0.70199,0.707539,0.262003,-0.69996,-0.664388
0.883612,0.824801,0.907003,0.961642,0.0411263,0.271208,-0.0812368,-0.901647,0.424774,0.262003,-0.430513,-0.863721
0.883612,0.796646,1.04268,0.961642,-0.0541124,0.268918,-0.0812368,-0.992552,0.0907759,0.262003,-0.10914,-0.958876
0.883612,0.723785,1.16054,0.961642,-0.142824,0.234193,-0.0812368,-0.963741,-0.254171,0.262003,0.225397,-0.938377
0.883612,0.615006,1.24637,0.961642,-0.21431,0.17122,-0.0812368,-0.818689,-0.568462,0.262003,0.532747,-0.804695
0.883612,0.483431,1.28983,0.961642,-0.259946,0.0875962,-0.0812368,-0.57489,-0.814188,0.262003,0.775841,-0.573956
0.883612,0.344929,1.28566,0.961642,-0.274229,-0.00659324,-0.0812368,-0.261752,-0.96171,0.262003,0.925356,-0.273989
0.883612,0.216205,1.23437,0.961642,-0.255436,-0.0999874,-0.0812368,0.0829581,-0.993236,0.262003,0.96326,0.0590252
0.763622,0.270587,1.19149,0.856221,-0.507136,0.0984867,0.156285,0.0725669,-0.985043,0.492403,0.858806,0.141391
0.763622,0.178554,1.12045,0.856221,-0.510236,-0.0809034,0.156285,0.405095,-0.900818,0.492403,0.758655,0.426593
0.763622,0.116367,1.02223,0.856221,-0.451794,-0.250535,0.156285,0.688763,-0.707941,0.492403,0.566999,0.660342
0.763622,0.0915266,0.908653,0.856221,-0.33886,-0.389949,0.156285,0.889355,-0.429677,0.492403,0.306955,0.814443
0.763622,0.107028,0.793433,0.856221,-0.185054,-0.482329,0.156285,0.982679,-0.0995864,0.492403,0.00988693,0.870311
0.763622,0.161003,0.690463,0.856221,-0.00892727,-0.516533,0.156285,0.957476,0.242515,0.492403,-0.288373,0.821206
0.763622,0.24694,0.612164,0.856221,0.168276,-0.488436,0.156285,0.816788,0.555366,0.492403,-0.551851,0.673052
0.763622,0.354474,0.567979,0.856221,0.325182,-0.401426,0.156285,0.577584,0.801232,0.492403,-0.748768,0.443718
0.763622,0.470635,0.563237,0.856221,0.442867,-0.265998,0.156285,0.268714,0.950457,0.492403,-0.855372,0.160865
0.763622,0.581413,0.598511,0.856221,0.507136,-0.0984867,0.156285,-0.0725669,0.985043,0.492403,-0.858806,-0.141391
0.763622,0.673446,0.669546,0.856221,0.510236,0.0809034,0.156285,-0.405095,0.900818,0.492403,-0.758655,-0.426593
0.763622,0.735633,0.767774,0.856221,0.451794,0.250535,0.156285,-0.688763,0.707941,0.492403,-0.566999,-0.660342
0.763622,0.760473,0.881347,0.856221,0.33886,0.389949,0.156285,-0.889355,0.429677,0.492403,-0.306955,-0.814443
0.763622,0.744972,0.996567,0.856221,0.185054,0.482329,0.156285,-0.982679,0.0995864,0.492403,-0.00988693,-0.870311
0.763622,0.690997,1.09954,0.856221,0.00892727,0.516533,0.156285,-0.957476,-0.242515,0.492403,0.288373,-0.821206
0.763622,0.60506,1.17784,0.856221,-0.168276,0.488436,0.156285,-0.816788,-0.555366,0.492403,0.551851,-0.673052
0.763622,0.497526,1.22202,0.856221,-0.325182,0.401426,0.156285,-0.577584,-0.801232,0.492403,0.748768,-0.443718
0.763622,0.381365,1.22676,0.856221,-0.442867,0.265998,0.156285,-0.268714,-0.950457,0.492403,0.855372,-0.160865
0.763622,0.270587,1.19149,0.856221,-0.507136,0.0984867,0.156285,0.0725669,-0.985043,0.492403,0.858806,0.141391
0.674556,0.353915,1.12578,0.647527,-0.715343,0.262666,0.374957,-0.000988547,-0.927042,0.663413,0.698773,0.267583
0.674556,0.27933,1.08721,0.647527,-0.76204,0.00216321,0.374957,0.316138,-0.871472,0.663413,0.565113,0.49044
0.674556,0.222436,1.02545,0.647527,-0.716823,-0.2586,0.374957,0.595134,-0.71079,0.663413,0.363292,0.654143
0.674556,0.190094,0.947963,0.647527,-0.585147,-0.488173,0.374957,0.802347,-0.464377,0.663413,0.117653,0.738946
0.674556,0.186207,0.864085,0.647527,-0.382893,-0.658864,0.374957,0.912786,-0.161953,0.663413,-0.142177,0.734622
0.674556,0.211242,0.783935,0.647527,-0.134457,-0.750087,0.374957,0.913129,0.160006,0.663413,-0.384858,0.641691
0.674556,0.26218,0.717181,0.647527,0.130196,-0.750838,0.374957,0.803336,0.462665,0.663413,-0.58112,0.471363
0.674556,0.332877,0.671875,0.647527,0.379146,-0.661027,0.374957,0.596648,0.70952,0.663413,-0.70729,0.244182
0.674556,0.414806,0.653481,0.647527,0.582366,-0.491487,0.374957,0.317996,0.870796,0.663413,-0.74815,-0.0124516
0.674556,0.498085,0.664218,0.647527,0.715343,-0.262666,0.374957,0.000988547,0.927042,0.663413,-0.698773,-0.267583
0.674556,0.57267,0.702791,0.647527,0.76204,-0.00216321,0.374957,-0.316138,0.871472,0.663413,-0.565113,-0.49044
0.674556,0.629564,0.764546,0.647527,0.716823,0.2586,0.374957,-0.595134,0.71079,0.663413,-0.363292,-0.654143
0.674556,0.661906,0.842037,0.647527,0.585147,0.488173,0.374957,-0.802347,0.464377,0.663413,-0.117653,-0.738946
0.674556,0.665793,0.925915,0.647527,0.382893,0.658864,0.374957,-0.912786,0.161953,0.663413,0.142177,-0.734622
0.674556,0.640758,1.00607,0.647527,0.134457,0.750087,0.374957,-0.913129,-0.160006,0.663413,0.384858,-0.641691
0.674556,0.58982,1.07282,0.647527,-0.130196,0.750838,0.374957,-0.803336,-0.462665,0.663413,0.58112,-0.471363
0.674556,0.519123,1.11812,0.647527,-0.379146,0.661027,0.374957,-0.596648,-0.70952,0.663413,0.70729,-0.244182
0.674556,0.437194,1.13652,0.647527,-0.582366,0.491487,0.374957,-0.317996,-0.870796,0.663413,0.74815,0.0124516
0.674556,0.353915,1.12578,0.647527,-0.715343,0.262666,0.374957,-0.000988547,-0.927042,0.663413,0.698773,0.267583
0.627155,0.456138,1.04518,0.360731,-0.854946,0.372747,0.548404,-0.128836,-0.826229,0.754404,0.502463,0.42238
0.627155,0.402957,1.04643,0.360731,-0.930873,0.0578591,0.548404,0.16152,-0.820466,0.754404,0.327698,0.56876
0.627155,0.352556,1.02941,0.360731,-0.894524,-0.264008,0.548404,0.432395,-0.715743,0.754404,0.113408,0.646539
0.627155,0.311013,0.996188,0.360731,-0.750281,-0.554031,0.548404,0.651117,-0.52469,0.754404,-0.114561,0.646336
0.627155,0.283339,0.950757,0.360731,-0.515544,-0.77723,0.548404,0.791305,-0.270352,0.754404,-0.328712,0.568175
0.627155,0.272873,0.898602,0.360731,-0.218625,-0.906684,0.548404,0.836049,0.0165941,0.754404,-0.503215,0.421484
0.627155,0.280875,0.846012,0.360731,0.104664,-0.926778,0.548404,0.779954,0.301539,0.754404,-0.617023,0.223955
0.627155,0.306382,0.799331,0.360731,0.415329,-0.83509,0.548404,0.629784,0.550114,0.754404,-0.65641,-0.000585223
0.627155,0.346317,0.764189,0.360731,0.675899,-0.642677,0.548404,0.403654,0.732337,0.754404,-0.616623,-0.225055
0.627155,0.395862,0.744824,0.360731,0.854946,-0.372747,0.548404,0.128836,0.826229,0.754404,-0.502463,-0.42238
0.627155,0.449043,0.743574,0.360731,0.930873,-0.0578591,0.548404,-0.16152,0.820466,0.754404,-0.327698,-0.56876
0.627155,0.499444,0.760587,0.360731,0.894524,0.264008,0.548404,-0.432395,0.715743,0.754404,-0.113408,-0.646539
0.627155,0.540987,0.793812,0.360731,0.750281,0.554031,0.548404,-0.651117,0.52469,0.754404,0.114561,-0.646336
0.627155,0.568661,0.839243,0.360731,0.515544,0.77723,0.548404,-0.791305,0.270352,0.754404,0.328712,-0.568175
0.627155,0.579127,0.891398,0.360731,0.218625,0.906684,0.548404,-0.836049,-0.0165941,0.754404,0.503215,-0.421484
0.627155,0.571125,0.943988,0.360731,-0.104664,0.926778,0.548404,-0.779954,-0.301539,0.754404,0.617023,-0.223955
0.627155,0.545618,0.990669,0.360731,-0.415329,0.83509,0.548404,-0.629784,-0.550114,0.754404,0.65641,0.000585223
0.627155,0.505683,1.02581,0.360731,-0.675899,0.642677,0.548404,-0.403654,-0.732337,0.754404,0.616623,0.225055
0.627155,0.456138,1.04518,0.360731,-0.854946,0.372747,0.548404,-0.128836,-0.826229,0.754404,0.502463,0.42238
0.627137,0.564926,0.959392,0.0304265,-0.909105,0.415454,0.655705,-0.295556,-0.694765,0.754404,0.293554,0.587112
0.627137,0.534524,1.00302,0.0304265,-0.996373,0.0794666,0.655705,-0.0401086,-0.753951,0.754404,0.0750467,0.652106
0.627137,0.491033,1.03363,0.0304265,-0.963464,-0.266106,0.655705,0.220177,-0.7222,0.754404,-0.152513,0.638447
0.627137,0.439698,1.04751,0.0304265,-0.814346,-0.579581,0.655705,0.453906,-0.603342,0.754404,-0.361677,0.547781
0.627137,0.386711,1.043,0.0304265,-0.567007,-0.823151,0.655705,0.632887,-0.411711,0.754404,-0.527217,0.391045
0.627137,0.338462,1.02063,0.0304265,-0.251278,-0.967437,0.655705,0.735532,-0.170422,0.754404,-0.629167,0.187144
0.627137,0.300772,0.983118,0.0304265,0.0947591,-0.995035,0.655705,0.749462,0.091423,0.754404,-0.655231,-0.0393304
0.627137,0.278186,0.934973,0.0304265,0.429366,-0.902618,0.655705,0.672995,0.342241,0.754404,-0.602264,-0.261061
0.627137,0.273429,0.882007,0.0304265,0.712186,-0.701331,0.655705,0.515356,0.551779,0.754404,-0.476655,-0.451303
0.627137,0.287074,0.830608,0.0304265,0.909105,-0.415454,0.655705,0.295556,0.694765,0.754404,-0.293554,-0.587112
0.627137,0.317476,0.786976,0.0304265,0.996373,-0.0794666,0.655705,0.0401086,0.753951,0.754404,-0.0750467,-0.652106
0.627137,0.360967,0.756373,0.0304265,0.963464,0.266106,0.655705,-0.220177,0.7222,0.754404,0.152513,-0.638447
0.627137,0.412302,0.742491,0.0304265,0.814346,0.579581,0.655705,-0.453906,0.603342,0.754404,0.361677,-0.547781
0.627137,0.465289,0.747003,0.0304265,0.567007,0.823151,0.655705,-0.632887,0.411711,0.754404,0.527217,-0.391045
0.627137,0.513538,0.769366,0.0304265,0.251278,0.967437,0.655705,-0.735532,0.170422,0.754404,0.629167,-0.187144
0.627137,0.551228,0.806882,0.0304265,-0.0947591,0.995035,0.655705,-0.749462,-0.091423,0.754404,0.655231,0.0393304
0.627137,0.573814,0.855027,0.0304265,-0.429366,0.902618,0.655705,-0.672995,-0.342241,0.754404,0.602264,0.261061
0.627137,0.578571,0.907993,0.0304265,-0.712186,0.701331,0.655705,-0.515356,-0.551779,0.754404,0.476655,0.451303
0.627137,0.564926,0.959392,0.0304265,-0.909105,0.415454,0.655705,-0.295556,-0.694765,0.754404,0.293554,0.587112
0.674504,0.667159,0.878778,-0.303548,-0.871289,0.385634,0.683918,-0.481039,-0.548505,0.663411,0.0972447,0.741909
0.674504,0.658163,0.962237,-0.303548,-0.950639,0.0643794,0.683918,-0.264429,-0.679951,0.663411,-0.162368,0.730426
0.674504,0.621166,1.03759,-0.303548,-0.915327,-0.264641,0.683918,-0.0159255,-0.729385,0.663411,-0.402396,0.630843
0.674504,0.560628,1.09574,-0.303548,-0.769614,-0.561741,0.683918,0.234499,-0.690845,0.663411,-0.59389,0.455171
0.674504,0.483852,1.12968,-0.303548,-0.531074,-0.791087,0.683918,0.45664,-0.568978,0.663411,-0.713751,0.224598
0.674504,0.400099,1.13531,-0.303548,-0.228478,-0.925017,0.683918,0.623703,-0.378484,0.663411,-0.747524,-0.0330638
0.674504,0.319469,1.11196,-0.303548,0.101675,-0.947376,0.683918,0.715539,-0.14234,0.663411,-0.691134,-0.286738
0.674504,0.251689,1.06244,-0.303548,0.419565,-0.855467,0.683918,0.72107,0.110973,0.663411,-0.551384,-0.505827
0.674504,0.204933,0.992725,-0.303548,0.686849,-0.660376,0.683918,0.639629,0.350901,0.663411,-0.345128,-0.663907
0.674504,0.184841,0.911222,-0.303548,0.871289,-0.385634,0.683918,0.481039,0.548505,0.663411,-0.0972447,-0.741909
0.674504,0.193837,0.827763,-0.303548,0.950639,-0.0643794,0.683918,0.264429,0.679951,0.663411,0.162368,-0.730426
0.674504,0.230834,0.752413,-0.303548,0.915327,0.264641,0.683918,0.0159255,0.729385,0.663411,0.402396,-0.630843
0.674504,0.291372,0.694261,-0.303548,0.769614,0.561741,0.683918,-0.234499,0.690845,0.663411,0.59389,-0.455171
0.674504,0.368148,0.660322,-0.303548,0.531074,0.791087,0.683918,-0.45664,0.568978,0.663411,0.713751,-0.224598
0.674504,0.451901,0.654688,-0.303548,0.228478,0.925017,0.683918,-0.623703,0.378484,0.663411,0.747524,0.0330638
0.674504,0.532531,0.678039,-0.303548,-0.101675,0.947376,0.683918,-0.715539,0.14234,0.663411,0.691134,0.286738
0.674504,0.600311,0.727559,-0.303548,-0.419565,0.855467,0.683918,-0.72107,-0.110973,0.663411,0.551384,0.505827
0.674504,0.647067,0.797275,-0.303548,-0.686849,0.660376,0.683918,-0.639629,-0.350901,0.663411,0.345128,0.663907
0.674504,0.667159,0.878778,-0.303548,-0.871289,0.385634,0.683918,-0.481039,-0.548505,0.663411,0.0972447,0.741909
0.763543,0.750505,0.813057,-0.60091,-0.746058,0.286886,0.629641,-0.662914,-0.40509,0.492402,-0.0627882,0.8681
0.763543,0.758961,0.928986,-0.60091,-0.799186,0.0144174,0.629641,-0.484386,-0.60739,0.492402,-0.355909,0.794273
0.763543,0.727257,1.04082,-0.60091,-0.75592,-0.25979,0.629641,-0.247434,-0.73643,0.492402,-0.606103,0.624644
0.763543,0.659217,1.13506,-0.60091,-0.62148,-0.502663,0.629641,0.0193618,-0.776645,0.492402,-0.783191,0.379674
0.763543,0.563048,1.20035,-0.60091,-0.412079,-0.684907,0.629641,0.283822,-0.723186,0.492402,-0.865815,0.0889097
0.763543,0.450349,1.2288,-0.60091,-0.152976,-0.784541,0.629641,0.51405,-0.582499,0.492402,-0.844009,-0.212578
0.763543,0.334713,1.217,-0.60091,0.124579,-0.789548,0.629641,0.682275,-0.371555,0.492402,-0.720403,-0.488426
0.763543,0.230087,1.16636,-0.60091,0.387107,-0.699324,0.629641,0.768208,-0.115795,0.492402,-0.509906,-0.705363
0.763543,0.149092,1.08299,-0.60091,0.602945,-0.524751,0.629641,0.761484,0.153931,0.492402,-0.237906,-0.837222
0.763543,0.101495,0.976943,-0.60091,0.746058,-0.286886,0.629641,0.662914,0.40509,0.492402,0.0627882,-0.8681
0.763543,0.0930391,0.861014,-0.60091,0.799186,-0.0144174,0.629641,0.484386,0.60739,0.492402,0.355909,-0.794273
0.763543,0.124743,0.749185,-0.60091,0.75592,0.25979,0.629641,0.247434,0.73643,0.492402,0.606103,-0.624644
0.763543,0.192783,0.654942,-0.60091,0.62148,0.502663,0.629641,-0.0193618,0.776645,0.492402,0.783191,-0.379674
0.763543,0.288952,0.589655,-0.60091,0.412079,0.684907,0.629641,-0.283822,0.723186,0.492402,0.865815,-0.0889097
0.763543,0.401651,0.561196,-0.60091,0.152976,0.784541,0.629641,-0.51405,0.582499,0.492402,0.844009,0.212578
0.763543,0.517287,0.572999,-0.60091,-0.124579,0.789548,0.629641,-0.682275,0.371555,0.492402,0.720403,0.488426
0.763543,0.621913,0.62364,-0.60091,-0.387107,0.699324,0.629641,-0.768208,0.115795,0.492402,0.509906,0.705363
0.763543,0.702908,0.707011,-0.60091,-0.602945,0.524751,0.629641,-0.761484,-0.153931,0.492402,0.237906,0.837222
0.763543,0.750505,0.813057,-0.60091,-0.746058,0.286886,0.629641,-0.662914,-0.40509,0.492402,-0.0627882,0.8681
0.883514,0.804911,0.770155,-0.825794,-0.548518,0.131118,0.499419,-0.819242,-0.28182,0.262001,-0.167242,0.950466
0.883514,0.82476,0.90728,-0.825794,-0.560283,-0.0643934,0.499419,-0.673448,-0.545021,0.262001,-0.482235,0.835946
0.883514,0.796512,1.04292,-0.825794,-0.50447,-0.252138,0.499419,-0.446426,-0.742485,0.262001,-0.739063,0.620598
0.883514,0.723574,1.16072,-0.825794,-0.387811,-0.409471,0.499419,-0.165558,-0.850395,0.262001,-0.906749,0.330397
0.883514,0.614745,1.24648,-0.825794,-0.224375,-0.517416,0.499419,0.135278,-0.855734,0.262001,-0.965068,0.000345309
0.883514,0.483151,1.28983,-0.825794,-0.033877,-0.562953,0.499419,0.419798,-0.757859,0.262001,-0.906985,-0.329748
0.883514,0.344663,1.28557,-0.825794,0.160707,-0.54059,0.499419,0.653684,-0.568575,0.262001,-0.739507,-0.620069
0.883514,0.215986,1.2342,-0.825794,0.335908,-0.453023,0.499419,0.808726,-0.310712,0.262001,-0.482833,-0.8356
0.883514,0.112639,1.14191,-0.825794,0.470593,-0.310815,0.499419,0.866224,-0.0153734,0.262001,-0.167922,-0.950346
0.883514,0.0470887,1.01984,-0.825794,0.548518,-0.131118,0.499419,0.819242,0.28182,0.262001,0.167242,-0.950466
0.883514,0.0272405,0.88272,-0.825794,0.560283,0.0643934,0.499419,0.673448,0.545021,0.262001,0.482235,-0.835946
0.883514,0.0554885,0.747077,-0.825794,0.50447,0.252138,0.499419,0.446426,0.742485,0.262001,0.739063,-0.620598
0.883514,0.128426,0.629276,-0.825794,0.387811,0.409471,0.499419,0.165558,0.850395,0.262001,0.906749,-0.330397
0.883514,0.237255,0.543524,-0.825794,0.224375,0.517416,0.499419,-0.135278,0.855734,0.262001,0.965068,-0.000345309
0.883514,0.368849,0.500166,-0.825794,0.033877,0.562953,0.499419,-0.419798,0.757859,0.262001,0.906985,0.329748
0.883514,0.507337,0.504431,-0.825794,-0.160707,0.54059,0.499419,-0.653684,0.568575,0.262001,0.739507,0.620069
0.883514,0.636014,0.555804,-0.825794,-0.335908,0.453023,0.499419,-0.808726,0.310712,0.262001,0.482833,0.8356
0.883514,0.739361,0.648089,-0.825794,-0.470593,0.310815,0.499419,-0.866224,0.0153734,0.262001,0.167922,0.950346
0.883514,0.804911,0.770155,-0.825794,-0.548518,0.131118,0.499419,-0.819242,-0.28182,0.262001,-0.167242,0.950466
0.875863,0.109906,1.13395,0.985232,-0.153647,-0.0755738,-0.00862081,0.396295,-0.918083,0.17101,0.905176,0.389118
0.875863,0.0472428,1.01143,0.985232,-0.118533,-0.123566,-0.00862081,0.686398,-0.727175,0.17101,0.717501,0.67524
0.875863,0.0302636,0.874865,0.985232,-0.0691224,-0.156655,-0.00862081,0.893712,-0.448559,0.17101,0.443285,0.879917
0.875863,0.061016,0.740729,0.985232,-0.0113746,-0.170849,-0.00862081,0.993231,-0.11584,0.17101,0.115602,0.978464
0.875863,0.135791,0.625201,0.985232,0.0477452,-0.164436,-0.00862081,0.972951,0.230851,0.17101,-0.226024,0.958994
0.875863,0.245569,0.542215,0.985232,0.101106,-0.138189,-0.00862081,0.835319,0.549698,0.17101,-0.540388,0.823854
0.875863,0.37711,0.501779,0.985232,0.142272,-0.0952752,-0.00862081,0.596935,0.802243,0.17101,-0.789574,0.589346
0.875863,0.514548,0.508772,0.985232,0.166278,-0.0408694,-0.00862081,0.286552,0.958026,0.17101,-0.943525,0.283754
0.875863,0.641306,0.56235,0.985232,0.170229,0.0184658,-0.00862081,-0.0583928,0.998256,0.17101,-0.983673,-0.056063
0.875863,0.742094,0.65605,0.985232,0.153647,0.0755738,-0.00862081,-0.396295,0.918083,0.17101,-0.905176,-0.389118
0.875863,0.804757,0.778571,0.985232,0.118533,0.123566,-0.00862081,-0.686398,0.727175,0.17101,-0.717501,-0.67524
0.875863,0.821736,0.915135,0.985232,0.0691224,0.156655,-0.00862081,-0.893712,0.448559,0.17101,-0.443285,-0.879917
0.875863,0.790984,1.04927,0.985232,0.0113746,0.170849,-0.00862081,-0.993231,0.11584,0.17101,-0.115602,-0.978464
0.875863,0.716209,1.1648,0.985232,-0.0477452,0.164436,-0.00862081,-0.972951,-0.230851,0.17101,0.226024,-0.958994
0.875863,0.606431,1.24779,0.985232,-0.101106,0.138189,-0.00862081,-0.835319,-0.549698,0.17101,0.540388,-0.823854
0.875863,0.47489,1.28822,0.985232,-0.142272,0.0952752,-0.00862081,-0.596935,-0.802243,0.17101,0.789574,-0.589346
0.875863,0.337452,1.28123,0.985232,-0.166278,0.0408694,-0.00862081,-0.286552,-0.958026,0.17101,0.943525,-0.283754
0.875863,0.210694,1.22765,0.985232,-0.170229,-0.0184658,-0.00862081,0.0583928,-0.998256,0.17101,0.983673,0.056063
0.875863,0.109906,1.13395,0.985232,-0.153647,-0.0755738,-0.00862081,0.396295,-0.918083,0.17101,0.905176,0.389118
0.749059,0.167377,1.08863,0.900555,-0.414751,0.130316,0.292759,0.356954,-0.887061,0.321393,0.836998,0.442878
0.749059,0.116748,0.9885,0.900555,-0.43431,-0.0193962,0.292759,0.638819,-0.711479,0.321393,0.635047,0.70244
0.749059,0.103419,0.877091,0.900555,-0.401484,-0.166769,0.292759,0.843634,-0.450082,0.321393,0.356501,0.877276
0.749059,0.128998,0.767842,0.900555,-0.320233,-0.294027,0.292759,0.946694,-0.134399,0.321393,0.034955,0.946301
0.749059,0.1904,0.67393,0.900555,-0.200357,-0.385821,0.292759,0.935568,0.197494,0.321393,-0.290807,0.901187
0.749059,0.280219,0.606682,0.900555,-0.0563156,-0.43108,0.292759,0.8116,0.505567,0.321393,-0.581493,0.747377
0.749059,0.387621,0.57421,0.900555,0.0945185,-0.424343,0.292759,0.58974,0.752661,0.321393,-0.802043,0.503422
0.749059,0.499652,0.58043,0.900555,0.233952,-0.366425,0.292759,0.296749,0.908973,0.321393,-0.925854,0.198747
0.749059,0.6028,0.624591,0.900555,0.345168,-0.26431,0.292759,-0.0320341,0.95565,0.321393,-0.937994,-0.129899
0.749059,0.684623,0.701368,0.900555,0.414751,-0.130316,0.292759,-0.356954,0.887061,0.321393,-0.836998,-0.442878
0.749059,0.735252,0.8015,0.900555,0.43431,0.0193962,0.292759,-0.638819,0.711479,0.321393,-0.635047,-0.70244
0.749059,0.748581,0.912909,0.900555,0.401484,0.166769,0.292759,-0.843634,0.450082,0.321393,-0.356501,-0.877276
0.749059,0.723002,1.02216,0.900555,0.320233,0.294027,0.292759,-0.946694,0.134399,0.321393,-0.034955,-0.946301
0.749059,0.6616,1.11607,0.900555,0.200357,0.385821,0.292759,-0.935568,-0.197494,0.321393,0.290807,-0.901187
0.749059,0.571781,1.18332,0.900555,0.0563156,0.43108,0.292759,-0.8116,-0.505567,0.321393,0.581493,-0.747377
0.749059,0.464379,1.21579,0.900555,-0.0945185,0.424343,0.292759,-0.58974,-0.752661,0.321393,0.802043,-0.503422
0.749059,0.352348,1.20957,0.900555,-0.233952,0.366425,0.292759,-0.296749,-0.908973,0.321393,0.925854,-0.198747
0.749059,0.2492,1.16541,0.900555,-0.345168,0.26431,0.292759,0.0320341,-0.95565,0.321393,0.937994,0.129899
0.749059,0.167377,1.08863,0.900555,-0.414751,0.130316,0.292759,0.356954,-0.887061,0.321393,0.836998,0.442878
0.654934,0.255438,1.01919,0.707258,-0.637368,0.305857,0.558827,0.239044,-0.794084,0.433011,0.732544,0.525244
0.654934,0.223248,0.953367,0.707258,-0.703539,0.069419,0.558827,0.49622,-0.664438,0.433011,0.508722,0.744113
0.654934,0.215513,0.880502,0.707258,-0.684853,-0.175392,0.558827,0.693546,-0.45465,0.433011,0.223541,0.87323
0.654934,0.233165,0.809385,0.707258,-0.583564,-0.399048,0.558827,0.807219,-0.190024,0.433011,-0.0886029,0.897024
0.654934,0.274076,0.748595,0.707258,-0.411888,-0.574573,0.558827,0.82353,0.0975208,0.433011,-0.39006,0.812622
0.654934,0.333312,0.705464,0.707258,-0.190533,-0.680796,0.558827,0.740511,0.373303,0.433011,-0.644469,0.630207
0.654934,0.403727,0.685193,0.707258,0.0538039,-0.704905,0.558827,0.568175,0.60406,0.433011,-0.821147,0.371779
0.654934,0.476828,0.690228,0.707258,0.291651,-0.643992,0.558827,0.32731,0.761958,0.433011,-0.898782,0.0685097
0.654934,0.543799,0.719962,0.707258,0.494321,-0.505404,0.558827,0.0469653,0.827953,0.433011,-0.86801,-0.243023
0.654934,0.596562,0.770807,0.707258,0.637368,-0.305857,0.558827,-0.239044,0.794084,0.433011,-0.732544,-0.525244
0.654934,0.628752,0.836633,0.707258,0.703539,-0.069419,0.558827,-0.49622,0.664438,0.433011,-0.508722,-0.744113
0.654934,0.636487,0.909498,0.707258,0.684853,0.175392,0.558827,-0.693546,0.45465,0.433011,-0.223541,-0.87323
0.654934,0.618835,0.980615,0.707258,0.583564,0.399048,0.558827,-0.807219,0.190024,0.433011,0.0886029,-0.897024
0.654934,0.577924,1.0414,0.707258,0.411888,0.574573,0.558827,-0.82353,-0.0975208,0.433011,0.39006,-0.812622
0.654934,0.518688,1.08454,0.707258,0.190533,0.680796,0.558827,-0.740511,-0.373303,0.433011,0.644469,-0.630207
0.654934,0.448273,1.10481,0.707258,-0.0538039,0.704905,0.558827,-0.568175,-0.60406,0.433011,0.821147,-0.371779
0.654934,0.375172,1.09977,0.707258,-0.291651,0.643992,0.558827,-0.32731,-0.761958,0.433011,0.898782,-0.0685097
