0.658953,0.616342,0.955582,0.308961,0.614084,-0.726254,0.951075,-0.19949,0.235924,-3.49349e-06,-0.763613,-0.645674
0.907818,0.453086,1.22144,0.92986,-0.367613,-0.014889,-0.179072,-0.416861,-0.891157,0.321394,0.831317,-0.453451
0.907818,0.313889,1.19798,0.92986,-0.340351,-0.139722,-0.179072,-0.0869275,-0.979988,0.321394,0.936272,-0.141778
0.907818,0.191109,1.12834,0.92986,-0.272038,-0.247703,-0.179072,0.253491,-0.950619,0.321394,0.928298,0.186996
0.907818,0.0995554,1.02089,0.92986,-0.170912,-0.325807,-0.179072,0.563334,-0.80659,0.321394,0.808359,0.493216
0.907818,0.0502702,0.888617,0.92986,-0.0491726,-0.364614,-0.179072,0.805231,-0.565275,0.321394,0.590919,0.739946
0.907818,0.0491983,0.747462,0.92986,0.0784982,-0.359443,-0.179072,0.950005,-0.25578,0.321394,0.302206,0.897428
0.907818,0.096469,0.614453,0.92986,0.196701,-0.310918,-0.179072,0.980195,0.0845663,0.321394,-0.022958,0.946667
0.907818,0.186381,0.505632,0.92986,0.291179,-0.224892,-0.179072,0.892158,0.414713,0.321394,-0.345353,0.881724
0.907818,0.308089,0.434126,0.92986,0.350536,-0.11174,-0.179072,0.696515,0.694839,0.321394,-0.626093,0.710432
0.907818,0.446914,0.40856,0.92986,0.367613,0.014889,-0.179072,0.416861,0.891157,0.321394,-0.831317,0.453451
0.907818,0.586111,0.432015,0.92986,0.340351,0.139722,-0.179072,0.0869275,0.979988,0.321394,-0.936272,0.141778
0.907818,0.708891,0.501665,0.92986,0.272038,0.247703,-0.179072,-0.253491,0.950619,0.321394,-0.928298,-0.186996
0.907818,0.800445,0.609107,0.92986,0.170912,0.325807,-0.179072,-0.563334,0.80659,0.321394,-0.808359,-0.493216
0.907818,0.84973,0.741383,0.92986,0.0491726,0.364614,-0.179072,-0.805231,0.565275,0.321394,-0.590919,-0.739946
0.907818,0.850802,0.882538,0.92986,-0.0784982,0.359443,-0.179072,-0.950005,0.25578,0.321394,-0.302206,-0.897428
0.907818,0.803531,1.01555,0.92986,-0.196701,0.310918,-0.179072,-0.980195,-0.0845663,0.321394,0.022958,-0.946667
0.907818,0.713619,1.12437,0.92986,-0.291179,0.224892,-0.179072,-0.892158,-0.414713,0.321394,0.345353,-0.881724
0.907818,0.591911,1.19587,0.92986,-0.350536,0.11174,-0.179072,-0.696515,-0.694839,0.321394,0.626093,-0.710432
0.907818,0.453086,1.22144,0.92986,-0.367613,-0.014889,-0.179072,-0.416861,-0.891157,0.321394,0.831317,-0.453451
0.809114,0.489868,1.17794,0.796489,-0.564158,0.217556,-0.0275851,-0.393333,-0.918982,0.604023,0.725958,-0.328848
0.809114,0.36333,1.16969,0.796489,-0.604543,0.011483,-0.0275851,-0.0553016,-0.998089,0.604023,0.79465,-0.0607235
0.809114,0.247247,1.11866,0.796489,-0.572012,-0.195976,-0.0275851,0.2894,-0.956811,0.604023,0.767496,0.214725
0.809114,0.155618,1.031,0.796489,-0.470488,-0.379797,-0.0275851,0.599195,-0.800127,0.604023,0.64777,0.464274
0.809114,0.0994961,0.917286,0.796489,-0.312216,-0.517808,-0.0275851,0.836719,-0.546937,0.604023,0.449913,0.657826
0.809114,0.0856502,0.791238,0.796489,-0.116286,-0.593365,-0.0275851,0.973322,-0.227778,0.604023,0.197791,0.772033
0.809114,0.11575,0.668056,0.796489,0.0936693,-0.597353,-0.0275851,0.992528,0.118855,0.604023,-0.0781886,0.793122
0.809114,0.186166,0.562598,0.796489,0.292327,-0.529291,-0.0275851,0.892021,0.451152,0.604023,-0.344737,0.718549
0.809114,0.288404,0.487583,0.796489,0.455726,-0.397389,-0.0275851,0.683922,0.729033,0.604023,-0.569705,0.557308
0.809114,0.410132,0.452059,0.796489,0.564158,-0.217556,-0.0275851,0.393333,0.918982,0.604023,-0.725958,0.328848
0.809114,0.53667,0.460312,0.796489,0.604543,-0.011483,-0.0275851,0.0553016,0.998089,0.604023,-0.79465,0.0607235
0.809114,0.652753,0.511345,0.796489,0.572012,0.195976,-0.0275851,-0.2894,0.956811,0.604023,-0.767496,-0.214725
0.809114,0.744382,0.599003,0.796489,0.470488,0.379797,-0.0275851,-0.599195,0.800127,0.604023,-0.64777,-0.464274
0.809114,0.800504,0.712714,0.796489,0.312216,0.517808,-0.0275851,-0.836719,0.546937,0.604023,-0.449913,-0.657826
0.809114,0.81435,0.838762,0.796489,0.116286,0.593365,-0.0275851,-0.973322,0.227778,0.604023,-0.197791,-0.772033
0.809114,0.78425,0.961944,0.796489,-0.0936693,0.597353,-0.0275851,-0.992528,-0.118855,0.604023,0.0781886,-0.793122
0.809114,0.713834,1.0674,0.796489,-0.292327,0.529291,-0.0275851,-0.892021,-0.451152,0.604023,0.344737,-0.718549
0.809114,0.611596,1.14242,0.796489,-0.455726,0.397389,-0.0275851,-0.683922,-0.729033,0.604023,0.569705,-0.557308
0.809114,0.489868,1.17794,0.796489,-0.564158,0.217556,-0.0275851,-0.393333,-0.918982,0.604023,0.725958,-0.328848
0.735846,0.546228,1.11129,0.567051,-0.719396,0.401151,0.127229,-0.404677,-0.905566,0.813797,0.56454,-0.137944
0.735846,0.439089,1.12633,0.567051,-0.813213,0.130911,0.127229,-0.0705507,-0.989361,0.813797,0.577674,0.0634587
0.735846,0.333266,1.10382,0.567051,-0.808945,-0.155119,0.127229,0.272085,-0.953825,0.813797,0.521132,0.257208
0.735846,0.241523,1.04648,0.567051,-0.707105,-0.42244,0.127229,0.581904,-0.803244,0.813797,0.401733,0.419934
0.735846,0.174925,0.961215,0.567051,-0.519979,-0.638808,0.127229,0.821536,-0.555779,0.813797,0.23388,0.53201
0.735846,0.141506,0.858316,0.567051,-0.270135,-0.778126,0.127229,0.962079,-0.24128,0.813797,0.0378174,0.579917
0.735846,0.145295,0.750193,0.567051,0.0122908,-0.823591,0.127229,0.986581,0.102322,0.813797,-0.162807,0.557878
0.735846,0.185836,0.649886,0.567051,0.293234,-0.769719,0.127229,0.892087,0.433582,0.813797,-0.343794,0.468551
0.735846,0.25824,0.569494,0.567051,0.538809,-0.623007,0.127229,0.689994,0.712545,0.813797,-0.483314,0.322709
0.735846,0.353772,0.518714,0.567051,0.719396,-0.401151,0.127229,0.404677,0.905566,0.813797,-0.56454,0.137944
0.735846,0.460911,0.503671,0.567051,0.813213,-0.130911,0.127229,0.0705507,0.989361,0.813797,-0.577674,-0.0634587
0.735846,0.566734,0.526178,0.567051,0.808945,0.155119,0.127229,-0.272085,0.953825,0.813797,-0.521132,-0.257208
0.735846,0.658477,0.583521,0.567051,0.707105,0.42244,0.127229,-0.581904,0.803244,0.813797,-0.401733,-0.419934
0.735846,0.725075,0.668785,0.567051,0.519979,0.638808,0.127229,-0.821536,0.555779,0.813797,-0.23388,-0.53201
0.735846,0.758494,0.771684,0.567051,0.270135,0.778126,0.127229,-0.962079,0.24128,0.813797,-0.0378174,-0.579917
0.735846,0.754705,0.879807,0.567051,-0.0122908,0.823591,0.127229,-0.986581,-0.102322,0.813797,0.162807,-0.557878
0.735846,0.714164,0.980114,0.567051,-0.293234,0.769719,0.127229,-0.892087,-0.433582,0.813797,0.343794,-0.468551
0.735846,0.64176,1.06051,0.567051,-0.538809,0.623007,0.127229,-0.689994,-0.712545,0.813797,0.483314,-0.322709
0.735846,0.546228,1.11129,0.567051,-0.719396,0.401151,0.127229,-0.404677,-0.905566,0.813797,0.56454,-0.137944
0.696852,0.615369,1.02952,0.269218,-0.814605,0.513751,0.266698,-0.449526,-0.852525,0.925416,0.366531,0.0962331
0.696852,0.532027,1.07314,0.269218,-0.941192,0.204157,0.266698,-0.130835,-0.954858,0.925416,0.311513,0.215791
0.696852,0.438792,1.08563,0.269218,-0.954257,-0.130062,0.266698,0.203636,-0.942022,0.925416,0.218922,0.309321
0.696852,0.346909,1.06547,0.269218,-0.852224,-0.448593,0.266698,0.513545,-0.815563,0.925416,0.0999253,0.365542
0.696852,0.26746,1.01511,0.269218,-0.647401,-0.713017,0.266698,0.761514,-0.590736,0.925416,-0.0311236,0.377674
0.696852,0.210028,0.940606,0.269218,-0.364492,-0.891441,0.266698,0.917633,-0.294657,0.925416,-0.158419,0.344252
0.696852,0.18154,0.850956,0.269218,-0.0376192,-0.962344,0.266698,0.963071,0.0369617,0.925416,-0.266606,0.269309
0.696852,0.185432,0.756969,0.269218,0.293791,-0.917174,0.266698,0.892349,0.364122,0.925416,-0.342637,0.161883
0.696852,0.221236,0.669981,0.269218,0.589765,-0.76138,0.266698,0.713997,0.647365,0.925416,-0.37734,0.0349316
0.696852,0.284631,0.600485,0.269218,0.814605,-0.513751,0.266698,0.449526,0.852525,0.925416,-0.366531,-0.0962331
0.696852,0.367973,0.556862,0.269218,0.941192,-0.204157,0.266698,0.130835,0.954858,0.925416,-0.311513,-0.215791
0.696852,0.461208,0.544375,0.269218,0.954257,0.130062,0.266698,-0.203636,0.942022,0.925416,-0.218922,-0.309321
0.696852,0.553091,0.564529,0.269218,0.852224,0.448593,0.266698,-0.513545,0.815563,0.925416,-0.0999253,-0.365542
0.696852,0.63254,0.614893,0.269218,0.647401,0.713017,0.266698,-0.761514,0.590736,0.925416,0.0311236,-0.377674
0.696852,0.689972,0.689394,0.269218,0.364492,0.891441,0.266698,-0.917633,0.294657,0.925416,0.158419,-0.344252
0.696852,0.71846,0.779044,0.269218,0.0376192,0.962344,0.266698,-0.963071,-0.0369617,0.925416,0.266606,-0.269309
0.696852,0.714568,0.873031,0.269218,-0.293791,0.917174,0.266698,-0.892349,-0.364122,0.925416,0.342637,-0.161883
0.696852,0.678764,0.960019,0.269218,-0.589765,0.76138,0.266698,-0.713997,-0.647365,0.925416,0.37734,-0.0349316
0.696852,0.615369,1.02952,0.269218,-0.814605,0.513751,0.266698,-0.449526,-0.852525,0.925416,0.366531,0.0962331
0.696834,0.688951,0.942492,-0.061087,-0.838301,0.541775,0.373999,-0.522469,-0.766258,0.925415,0.155815,0.345439
0.696834,0.630936,1.01653,-0.061087,-0.973043,0.222386,0.373999,-0.228885,-0.898742,0.925415,0.0282708,0.377899
0.696834,0.551097,1.06626,-0.061087,-0.990422,-0.123825,0.373999,0.0923067,-0.922824,0.925415,-0.102683,0.364778
0.696834,0.459065,1.08568,-0.061087,-0.888341,-0.455102,0.373999,0.402364,-0.8356,0.925415,-0.221252,0.307659
0.696834,0.365939,1.07246,-0.061087,-0.679114,-0.731487,0.373999,0.663891,-0.647591,0.925415,-0.313135,0.213433
0.696834,0.282952,1.02818,-0.061087,-0.387975,-0.919643,0.373999,0.845342,-0.381472,0.925415,-0.367248,0.0934627
0.696834,0.220113,0.958192,-0.061087,-0.0500408,-0.996877,0.373999,0.924833,-0.0693424,0.925415,-0.377067,-0.0377801
0.696834,0.185002,0.870931,-0.061087,0.293929,-0.953873,0.373999,0.892775,0.251151,0.925415,-0.341405,-0.164466
0.696834,0.181854,0.776923,-0.061087,0.602447,-0.795818,0.373999,0.753036,0.541352,0.925415,-0.264565,-0.271315
0.696834,0.211049,0.687508,-0.061087,0.838301,-0.541775,0.373999,0.522469,0.766258,0.925415,-0.155815,-0.345439
0.696834,0.269064,0.613471,-0.061087,0.973043,-0.222386,0.373999,0.228885,0.898742,0.925415,-0.0282708,-0.377899
0.696834,0.348903,0.563741,-0.061087,0.990422,0.123825,0.373999,-0.0923067,0.922824,0.925415,0.102683,-0.364778
0.696834,0.440935,0.544316,-0.061087,0.888341,0.455102,0.373999,-0.402364,0.8356,0.925415,0.221252,-0.307659
0.696834,0.534061,0.55754,-0.061087,0.679114,0.731487,0.373999,-0.663891,0.647591,0.925415,0.313135,-0.213433
0.696834,0.617048,0.601817,-0.061087,0.387975,0.919643,0.373999,-0.845342,0.381472,0.925415,0.367248,-0.0934627
0.696834,0.679887,0.671808,-0.061087,0.0500408,0.996877,0.373999,-0.924833,0.0693424,0.925415,0.377067,0.0377801
0.696834,0.714998,0.759069,-0.061087,-0.293929,0.953873,0.373999,-0.892775,-0.251151,0.925415,0.341405,0.164466
0.696834,0.718146,0.853077,-0.061087,-0.602447,0.795818,0.373999,-0.753036,-0.541352,0.925415,0.264565,0.271315
0.696834,0.688951,0.942492,-0.061087,-0.838301,0.541775,0.373999,-0.522469,-0.766258,0.925415,0.155815,0.345439
0.735794,0.7581,0.860712,-0.384024,-0.787625,0.481843,0.43619,-0.614709,-0.657169,0.813796,-0.0421937,0.579617
0.735794,0.723885,0.963332,-0.384024,-0.904925,0.183401,0.43619,-0.352872,-0.82778,0.813796,-0.23789,0.530231
0.735794,0.656636,1.04806,-0.384024,-0.913078,-0.137162,0.43619,-0.0484737,-0.898548,0.813796,-0.404893,0.416891
0.735794,0.564463,1.10468,-0.384024,-0.811101,-0.441182,0.43619,0.261771,-0.860938,0.813796,-0.52306,0.253268
0.735794,0.458484,1.12636,-0.384024,-0.611292,-0.691988,0.43619,0.540443,-0.719486,0.813796,-0.578138,0.0590967
0.735794,0.351482,1.11048,-0.384024,-0.337753,-0.85933,0.43619,0.753929,-0.491254,0.813796,-0.563484,-0.142202
0.735794,0.256362,1.05897,-0.384024,-0.0234758,-0.923025,0.43619,0.87648,-0.203769,0.813796,-0.480866,-0.326349
0.735794,0.184598,0.978026,-0.384024,0.293633,-0.875389,0.43619,0.893315,0.108294,0.813796,-0.340248,-0.471134
0.735794,0.144846,0.877422,-0.384024,0.575325,-0.722168,0.43619,0.802402,0.407295,0.813796,-0.158591,-0.559093
0.735794,0.1419,0.769288,-0.384024,0.787625,-0.481843,0.43619,0.614709,0.657169,0.813796,0.0421937,-0.579617
0.735794,0.176115,0.666668,-0.384024,0.904925,-0.183401,0.43619,0.352872,0.82778,0.813796,0.23789,-0.530231
0.735794,0.243364,0.58194,-0.384024,0.913078,0.137162,0.43619,0.0484737,0.898548,0.813796,0.404893,-0.416891
0.735794,0.335537,0.525321,-0.384024,0.811101,0.441182,0.43619,-0.261771,0.860938,0.813796,0.52306,-0.253268
0.735794,0.441516,0.503642,-0.384024,0.611292,0.691988,0.43619,-0.540443,0.719486,0.813796,0.578138,-0.0590967
0.735794,0.548518,0.519518,-0.384024,0.337753,0.85933,0.43619,-0.753929,0.491254,0.813796,0.563484,0.142202
0.735794,0.643638,0.571033,-0.384024,0.0234758,0.923025,0.43619,-0.87648,0.203769,0.813796,0.480866,0.326349
0.735794,0.715402,0.651974,-0.384024,-0.293633,0.875389,0.43619,-0.893315,-0.108294,0.813796,0.340248,0.471134
0.735794,0.755154,0.752578,-0.384024,-0.575325,0.722168,0.43619,-0.802402,-0.407295,0.813796,0.158591,0.559093
0.735794,0.7581,0.860712,-0.384024,-0.787625,0.481843,0.43619,-0.614709,-0.657169,0.813796,-0.0421937,0.579617
0.809034,0.814476,0.794039,-0.660642,-0.66869,0.341183,0.44577,-0.715119,-0.538417,0.604021,-0.203612,0.77052
0.809034,0.799664,0.919961,-0.660642,-0.745055,0.0919019,0.44577,-0.487843,-0.750532,0.604021,-0.454866,0.654412
0.809034,0.742678,1.03322,-0.660642,-0.731555,-0.168464,0.44577,-0.201725,-0.872122,0.604021,-0.651256,0.459373
0.809034,0.65039,1.12016,-0.660642,-0.629818,-0.408511,0.44577,0.108723,-0.88852,0.604021,-0.769096,0.208927
0.809034,0.533933,1.1703,-0.660642,-0.452117,-0.599285,0.44577,0.406058,-0.79775,0.604021,-0.794171,-0.066719
0.809034,0.407352,1.17758,-0.660642,-0.219883,-0.717777,0.44577,0.654417,-0.61076,0.604021,-0.723457,-0.334318
0.809034,0.285915,1.14113,-0.660642,0.0388717,-0.749694,0.44577,0.823843,-0.350103,0.604021,-0.565484,-0.561593
0.809034,0.184269,1.06534,-0.660642,0.292938,-0.691187,0.44577,0.893901,-0.0472183,0.604021,-0.339305,-0.721131
0.809034,0.114674,0.959355,-0.660642,0.511672,-0.549313,0.44577,0.856142,0.261362,0.604021,-0.0722009,-0.793691
0.809034,0.0855245,0.835961,-0.660642,0.66869,-0.341183,0.44577,0.715119,0.538417,0.604021,0.203612,-0.77052
0.809034,0.100336,0.710039,-0.660642,0.745055,-0.0919019,0.44577,0.487843,0.750532,0.604021,0.454866,-0.654412
0.809034,0.157322,0.596777,-0.660642,0.731555,0.168464,0.44577,0.201725,0.872122,0.604021,0.651256,-0.459373
0.809034,0.24961,0.509835,-0.660642,0.629818,0.408511,0.44577,-0.108723,0.88852,0.604021,0.769096,-0.208927
0.809034,0.366067,0.459701,-0.660642,0.452117,0.599285,0.44577,-0.406058,0.79775,0.604021,0.794171,0.066719
0.809034,0.492648,0.452422,-0.660642,0.219883,0.717777,0.44577,-0.654417,0.61076,0.604021,0.723457,0.334318
0.809034,0.614085,0.488874,-0.660642,-0.0388717,0.749694,0.44577,-0.823843,0.350103,0.604021,0.565484,0.561593
0.809034,0.715731,0.564663,-0.660642,-0.292938,0.691187,0.44577,-0.893901,0.0472183,0.604021,0.339305,0.721131
0.809034,0.785326,0.670645,-0.660642,-0.511672,0.549313,0.44577,-0.856142,-0.261362,0.604021,0.0722009,0.793691
0.809034,0.814476,0.794039,-0.660642,-0.66869,0.341183,0.44577,-0.715119,-0.538417,0.604021,-0.203612,0.77052
0.90772,0.851277,0.750515,-0.857576,-0.495842,0.136762,0.401584,-0.81159,-0.424325,0.321392,-0.30897,0.895123
0.90772,0.849132,0.891649,-0.857576,-0.512714,-0.0410738,0.401584,-0.617518,-0.676315,0.321392,-0.596487,0.735466
0.90772,0.798846,1.02354,-0.857576,-0.467745,-0.213955,0.401584,-0.348964,-0.846732,0.321392,-0.812058,0.487102
0.90772,0.706484,1.13027,-0.857576,-0.36636,-0.361031,0.401584,-0.0383191,-0.91502,0.321392,-0.929684,0.179986
0.90772,0.583186,1.19898,-0.857576,-0.220786,-0.46456,0.401584,0.276947,-0.872944,0.321392,-0.935176,-0.148839
0.90772,0.443824,1.22138,-0.857576,-0.048582,-0.512057,0.401584,0.55881,-0.725577,0.321392,-0.827872,-0.459712
0.90772,0.305207,1.19476,-0.857576,0.129482,-0.497792,0.401584,0.773271,-0.490695,0.321392,-0.620714,-0.715137
0.90772,0.184054,1.12233,-0.857576,0.291928,-0.423486,0.401584,0.894465,-0.196629,0.321392,-0.338689,-0.884306
0.90772,0.094978,1.01284,-0.857576,0.419163,-0.298102,0.401584,0.907773,0.121155,0.321392,-0.0158135,-0.946814
0.90772,0.048723,0.879485,-0.857576,0.495842,-0.136762,0.401584,0.81159,0.424325,0.321392,0.30897,-0.895123
0.90772,0.050868,0.738351,-0.857576,0.512714,0.0410738,0.401584,0.617518,0.676315,0.321392,0.596487,-0.735466
0.90772,0.101154,0.606462,-0.857576,0.467745,0.213955,0.401584,0.348964,0.846732,0.321392,0.812058,-0.487102
0.90772,0.193516,0.499726,-0.857576,0.36636,0.361031,0.401584,0.0383191,0.91502,0.321392,0.929684,-0.179986
0.90772,0.316814,0.431017,-0.857576,0.220786,0.46456,0.401584,-0.276947,0.872944,0.321392,0.935176,0.148839
0.90772,0.456176,0.408622,-0.857576,0.048582,0.512057,0.401584,-0.55881,0.725577,0.321392,0.827872,0.459712
0.90772,0.594793,0.435242,-0.857576,-0.129482,0.497792,0.401584,-0.773271,0.490695,0.321392,0.620714,0.715137
0.90772,0.715946,0.507666,-0.857576,-0.291928,0.423486,0.401584,-0.894465,0.196629,0.321392,0.338689,0.884306
0.90772,0.805022,0.61716,-0.857576,-0.419163,0.298102,0.401584,-0.907773,-0.121155,0.321392,0.0158135,0.946814
0.90772,0.851277,0.750515,-0.857576,-0.495842,0.136762,0.401584,-0.81159,-0.424325,0.321392,-0.30897,0.895123
0.883612,0.312251,1.18945,0.961642,-0.270264,-0.046928,-0.0812368,-0.11719,-0.989781,0.262003,0.955627,-0.13465
0.883612,0.19249,1.11975,0.961642,-0.237915,-0.136534,-0.0812368,0.228403,-0.970172,0.262003,0.944049,0.200314
0.883612,0.103787,1.0133,0.961642,-0.17687,-0.209671,-0.0812368,0.546447,-0.833545,0.262003,0.818604,0.511118
0.883612,0.0568435,0.882931,0.961642,-0.0944912,-0.25752,-0.0812368,0.798581,-0.59638,0.262003,0.594424,0.760273
0.883612,0.0573201,0.744366,0.961642,-0.000715811,-0.274307,-0.0812368,0.954395,-0.287283,0.262003,0.298547,0.917728
0.883612,0.10516,0.614322,0.961642,0.0931459,-0.258009,-0.0812368,0.995094,0.0564643,0.262003,-0.0333386,0.964491
0.883612,0.194592,0.508482,0.961642,0.175773,-0.210592,-0.0812368,0.915771,0.393401,0.262003,-0.361203,0.894923
0.883612,0.314831,0.439612,0.961642,0.237199,-0.137774,-0.0812368,0.725992,0.682888,0.262003,-0.645502,0.717413
0.883612,0.451372,0.41602,0.961642,0.270016,-0.0483379,-0.0812368,0.448648,0.890009,0.262003,-0.851943,0.453373
0.883612,0.587749,0.440551,0.961642,0.270264,0.046928,-0.0812368,0.11719,0.989781,0.262003,-0.955627,0.13465
0.883612,0.70751,0.510246,0.961642,0.237915,0.136534,-0.0812368,-0.228403,0.970172,0.262003,-0.944049,-0.200314
0.883612,0.796213,0.616699,0.961642,0.17687,0.209671,-0.0812368,-0.546447,0.833545,0.262003,-0.818604,-0.511118
0.883612,0.843157,0.747069,0.961642,0.0944912,0.25752,-0.0812368,-0.798581,0.59638,0.262003,-0.594424,-0.760273
0.883612,0.84268,0.885634,0.961642,0.000715811,0.274307,-0.0812368,-0.954395,0.287283,0.262003,-0.298547,-0.917728
0.883612,0.79484,1.01568,0.961642,-0.0931459,0.258009,-0.0812368,-0.995094,-0.0564643,0.262003,0.0333386,-0.964491
0.883612,0.705408,1.12152,0.961642,-0.175773,0.210592,-0.0812368,-0.915771,-0.393401,0.262003,0.361203,-0.894923
0.883612,0.585169,1.19039,0.961642,-0.237199,0.137774,-0.0812368,-0.725992,-0.682888,0.262003,0.645502,-0.717413
0.883612,0.448628,1.21398,0.961642,-0.270016,0.0483379,-0.0812368,-0.448648,-0.890009,0.262003,0.851943,-0.453373
0.883612,0.312251,1.18945,0.961642,-0.270264,-0.046928,-0.0812368,-0.11719,-0.989781,0.262003,0.955627,-0.13465
0.763622,0.356968,1.13656,0.856221,-0.477227,0.197839,0.156285,-0.125734,-0.979676,0.492403,0.869739,-0.0330725
0.763622,0.252597,1.08535,0.856221,-0.516112,0.0226869,0.156285,0.216918,-0.963598,0.492403,0.828598,0.26639
0.763622,0.172035,1.00153,0.856221,-0.492746,-0.155202,0.156285,0.533406,-0.831296,0.492403,0.687517,0.533722
0.763622,0.125001,0.895214,0.856221,-0.409947,-0.314371,0.156285,0.785558,-0.598727,0.492403,0.463511,0.736679
0.763622,0.117166,0.77922,0.856221,-0.277703,-0.435623,0.156285,0.942959,-0.293943,0.492403,0.183599,0.850782
0.763622,0.149476,0.667542,0.856221,-0.111964,-0.504331,0.156285,0.986626,0.0462951,0.492403,-0.118458,0.862268
0.763622,0.218033,0.573649,0.856221,0.0672797,-0.512211,0.156285,0.911292,0.380949,0.492403,-0.406228,0.769752
0.763622,0.314569,0.508867,0.856221,0.238409,-0.458309,0.156285,0.726042,0.669655,0.492403,-0.645,0.584392
0.763622,0.42744,0.481009,0.856221,0.380782,-0.349129,0.156285,0.45322,0.877591,0.492403,-0.805975,0.328546
0.763622,0.543032,0.493435,0.856221,0.477227,-0.197839,0.156285,0.125734,0.979676,0.492403,-0.869739,0.0330725
0.763622,0.647403,0.544647,0.856221,0.516112,-0.0226869,0.156285,-0.216918,0.963598,0.492403,-0.828598,-0.26639
0.763622,0.727965,0.628467,0.856221,0.492746,0.155202,0.156285,-0.533406,0.831296,0.492403,-0.687517,-0.533722
0.763622,0.774999,0.734786,0.856221,0.409947,0.314371,0.156285,-0.785558,0.598727,0.492403,-0.463511,-0.736679
0.763622,0.782834,0.85078,0.856221,0.277703,0.435623,0.156285,-0.942959,0.293943,0.492403,-0.183599,-0.850782
0.763622,0.750524,0.962458,0.856221,0.111964,0.504331,0.156285,-0.986626,-0.0462951,0.492403,0.118458,-0.862268
0.763622,0.681967,1.05635,0.856221,-0.0672797,0.512211,0.156285,-0.911292,-0.380949,0.492403,0.406228,-0.769752
0.763622,0.585431,1.12113,0.856221,-0.238409,0.458309,0.156285,-0.726042,-0.669655,0.492403,0.645,-0.584392
0.763622,0.47256,1.14899,0.856221,-0.380782,0.349129,0.156285,-0.45322,-0.877591,0.492403,0.805975,-0.328546
0.763622,0.356968,1.13656,0.856221,-0.477227,0.197839,0.156285,-0.125734,-0.979676,0.492403,0.869739,-0.0330725
0.674556,0.425485,1.05553,0.647527,-0.648428,0.400312,0.374957,-0.186216,-0.908147,0.663413,0.738149,0.122553
0.674556,0.344696,1.03264,0.647527,-0.746238,0.154395,0.374957,0.135619,-0.917068,0.663413,0.651718,0.367624
0.674556,0.276609,0.9835,0.647527,-0.754041,-0.110144,0.374957,0.441096,-0.815378,0.663413,0.48668,0.568354
0.674556,0.229436,0.914035,0.647527,-0.670895,-0.361399,0.374957,0.69337,-0.615341,0.663413,0.262941,0.700533
0.674556,0.208865,0.832625,0.647527,-0.506829,-0.569064,0.374957,0.862014,-0.341085,0.663413,0.00748699,0.748216
0.674556,0.217379,0.749089,0.647527,-0.281632,-0.708091,0.374957,0.926686,-0.0256888,0.663413,-0.24887,0.705654
0.674556,0.253951,0.673503,0.647527,-0.0224667,-0.761712,0.374957,0.879586,0.292806,0.663413,-0.475209,0.57798
0.674556,0.314169,0.614984,0.647527,0.239409,-0.723459,0.374957,0.726395,0.575984,0.663413,-0.644231,0.380592
0.674556,0.39077,0.580589,0.647527,0.472408,-0.597946,0.374957,0.48559,0.789689,0.663413,-0.735549,0.1373
0.674556,0.474515,0.574468,0.647527,0.648428,-0.400312,0.374957,0.186216,0.908147,0.663413,-0.738149,-0.122553
0.674556,0.555304,0.597359,0.647527,0.746238,-0.154395,0.374957,-0.135619,0.917068,0.663413,-0.651718,-0.367624
0.674556,0.623391,0.6465,0.647527,0.754041,0.110144,0.374957,-0.441096,0.815378,0.663413,-0.48668,-0.568354
0.674556,0.670564,0.715965,0.647527,0.670895,0.361399,0.374957,-0.69337,0.615341,0.663413,-0.262941,-0.700533
0.674556,0.691135,0.797375,0.647527,0.506829,0.569064,0.374957,-0.862014,0.341085,0.663413,-0.00748699,-0.748216
0.674556,0.682621,0.880911,0.647527,0.281632,0.708091,0.374957,-0.926686,0.0256888,0.663413,0.24887,-0.705654
0.674556,0.646049,0.956497,0.647527,0.0224667,0.761712,0.374957,-0.879586,-0.292806,0.663413,0.475209,-0.57798
0.674556,0.585831,1.01502,0.647527,-0.239409,0.723459,0.374957,-0.726395,-0.575984,0.663413,0.644231,-0.380592
0.674556,0.50923,1.04941,0.647527,-0.472408,0.597946,0.374957,-0.48559,-0.789689,0.663413,0.735549,-0.1373
0.674556,0.425485,1.05553,0.647527,-0.648428,0.400312,0.374957,-0.186216,-0.908147,0.663413,0.738149,0.122553
0.627155,0.509539,0.956124,0.360731,-0.763218,0.53607,0.548404,-0.29134,-0.78382,0.754404,0.576731,0.313456
0.627155,0.457681,0.967977,0.360731,-0.900537,0.242705,0.548404,-0.00568796,-0.836194,0.754404,0.434742,0.491806
0.627155,0.404896,0.961378,0.360731,-0.929238,-0.0799336,0.548404,0.28065,-0.787711,0.754404,0.240316,0.610837
0.627155,0.357552,0.937124,0.360731,-0.845859,-0.392931,0.548404,0.533138,-0.644218,0.754404,0.0169047,0.656192
0.627155,0.321358,0.89814,0.360731,-0.660457,-0.658535,0.548404,0.721322,-0.423023,0.754404,-0.208546,0.622401
0.627155,0.300681,0.849128,0.360731,-0.395395,-0.844711,0.548404,0.822503,-0.150805,0.754404,-0.408842,0.513538
0.627155,0.298013,0.796,0.360731,-0.0826413,-0.929001,0.548404,0.824478,0.139602,0.754404,-0.559827,0.342736
0.627155,0.313678,0.745163,0.360731,0.24008,-0.901241,0.548404,0.727009,0.413171,0.754404,-0.643288,0.130594
0.627155,0.345785,0.70275,0.360731,0.533844,-0.764777,0.548404,0.541853,0.636906,0.754404,-0.649159,-0.0972987
0.627155,0.390461,0.673876,0.360731,0.763218,-0.53607,0.548404,0.29134,0.78382,0.754404,-0.576731,-0.313456
0.627155,0.442319,0.662023,0.360731,0.900537,-0.242705,0.548404,0.00568796,0.836194,0.754404,-0.434742,-0.491806
0.627155,0.495104,0.668622,0.360731,0.929238,0.0799336,0.548404,-0.28065,0.787711,0.754404,-0.240316,-0.610837
0.627155,0.542448,0.692876,0.360731,0.845859,0.392931,0.548404,-0.533138,0.644218,0.754404,-0.0169047,-0.656192
0.627155,0.578642,0.73186,0.360731,0.660457,0.658535,0.548404,-0.721322,0.423023,0.754404,0.208546,-0.622401
0.627155,0.599319,0.780872,0.360731,0.395395,0.844711,0.548404,-0.822503,0.150805,0.754404,0.408842,-0.513538
0.627155,0.601987,0.834,0.360731,0.0826413,0.929001,0.548404,-0.824478,-0.139602,0.754404,0.559827,-0.342736
0.627155,0.586322,0.884837,0.360731,-0.24008,0.901241,0.548404,-0.727009,-0.413171,0.754404,0.643288,-0.130594
0.627155,0.554215,0.92725,0.360731,-0.533844,0.764777,0.548404,-0.541853,-0.636906,0.754404,0.649159,0.0972987
0.627155,0.509539,0.956124,0.360731,-0.763218,0.53607,0.548404,-0.29134,-0.78382,0.754404,0.576731,0.313456
0.627137,0.598991,0.850332,0.0304265,-0.807751,0.588738,0.655705,-0.428428,-0.621692,0.754404,0.404954,0.516611
0.627137,0.577922,0.899159,0.0304265,-0.960398,0.276965,0.655705,-0.189959,-0.73073,0.754404,0.203841,0.623958
0.627137,0.541423,0.937836,0.0304265,-0.997207,-0.0682131,0.655705,0.0714215,-0.751632,0.754404,-0.0218581,0.656046
0.627137,0.493897,0.961696,0.0304265,-0.913738,-0.405164,0.655705,0.324187,-0.681875,0.754404,-0.244921,0.609006
0.627137,0.441077,0.967863,0.0304265,-0.720058,-0.693246,0.655705,0.537852,-0.529874,0.754404,-0.438443,0.48851
0.627137,0.389333,0.955592,0.0304265,-0.439529,-0.897713,0.655705,0.686643,-0.313963,0.754404,-0.579082,0.309093
0.627137,0.344906,0.926364,0.0304265,-0.105986,-0.993902,0.655705,0.752615,-0.060183,0.754404,-0.649875,0.0923952
0.627137,0.313155,0.883704,0.0304265,0.24034,-0.970212,0.655705,0.727811,0.200856,0.754404,-0.642284,-0.135447
0.627137,0.29791,0.832757,0.0304265,0.557678,-0.8295,0.655705,0.615221,0.437669,0.754404,-0.557224,-0.346953
0.627137,0.301009,0.779668,0.0304265,0.807751,-0.588738,0.655705,0.428428,0.621692,0.754404,-0.404954,-0.516611
0.627137,0.322078,0.730841,0.0304265,0.960398,-0.276965,0.655705,0.189959,0.73073,0.754404,-0.203841,-0.623958
0.627137,0.358577,0.692164,0.0304265,0.997207,0.0682131,0.655705,-0.0714215,0.751632,0.754404,0.0218581,-0.656046
0.627137,0.406103,0.668304,0.0304265,0.913738,0.405164,0.655705,-0.324187,0.681875,0.754404,0.244921,-0.609006
0.627137,0.458923,0.662137,0.0304265,0.720058,0.693246,0.655705,-0.537852,0.529874,0.754404,0.438443,-0.48851
0.627137,0.510667,0.674408,0.0304265,0.439529,0.897713,0.655705,-0.686643,0.313963,0.754404,0.579082,-0.309093
0.627137,0.555094,0.703636,0.0304265,0.105986,0.993902,0.655705,-0.752615,0.060183,0.754404,0.649875,-0.0923952
0.627137,0.586845,0.746296,0.0304265,-0.24034,0.970212,0.655705,-0.727811,-0.200856,0.754404,0.642284,0.135447
0.627137,0.60209,0.797243,0.0304265,-0.557678,0.8295,0.655705,-0.615221,-0.437669,0.754404,0.557224,0.346953
0.627137,0.598991,0.850332,0.0304265,-0.807751,0.588738,0.655705,-0.428428,-0.621692,0.754404,0.404954,0.516611
0.674504,0.683053,0.750915,-0.303548,-0.776656,0.551963,0.683918,-0.580943,-0.441318,0.663411,0.243536,0.707513
0.674504,0.690917,0.834489,-0.303548,-0.918601,0.253044,0.683918,-0.394968,-0.613397,0.663411,-0.0131346,0.74814
0.674504,0.669722,0.915712,-0.303548,-0.949748,-0.0763968,0.683918,-0.161355,-0.711492,0.663411,-0.268221,0.698529
0.674504,0.622026,0.984788,-0.303548,-0.866342,-0.396623,0.683918,0.0917208,-0.72377,0.663411,-0.490956,0.564665
0.674504,0.55358,1.03338,-0.303548,-0.678443,-0.66901,0.683918,0.333733,-0.648751,0.663411,-0.654475,0.362695
0.674504,0.472642,1.05564,-0.303548,-0.408713,-0.860705,0.683918,0.535493,-0.495483,0.663411,-0.739054,0.116978
0.674504,0.388972,1.04887,-0.303548,-0.0896859,-0.948586,0.683918,0.672664,-0.282453,0.663411,-0.734493,-0.142848
0.674504,0.312664,1.0139,-0.303548,0.240158,-0.922053,0.683918,0.728702,-0.035354,0.663411,-0.641341,-0.385445
0.674504,0.25292,0.954929,-0.303548,0.541036,-0.784308,0.683918,0.696847,0.216009,0.663411,-0.470833,-0.581551
0.674504,0.216947,0.879085,-0.303548,0.776656,-0.551963,0.683918,0.580943,0.441318,0.663411,-0.243536,-0.707513
0.674504,0.209083,0.795511,-0.303548,0.918601,-0.253044,0.683918,0.394968,0.613397,0.663411,0.0131346,-0.74814
0.674504,0.230278,0.714288,-0.303548,0.949748,0.0763968,0.683918,0.161355,0.711492,0.663411,0.268221,-0.698529
0.674504,0.277974,0.645212,-0.303548,0.866342,0.396623,0.683918,-0.0917208,0.72377,0.663411,0.490956,-0.564665
0.674504,0.34642,0.596616,-0.303548,0.678443,0.66901,0.683918,-0.333733,0.648751,0.663411,0.654475,-0.362695
0.674504,0.427358,0.574359,-0.303548,0.408713,0.860705,0.683918,-0.535493,0.495483,0.663411,0.739054,-0.116978
0.674504,0.511028,0.581128,-0.303548,0.0896859,0.948586,0.683918,-0.672664,0.282453,0.663411,0.734493,0.142848
0.674504,0.587336,0.616104,-0.303548,-0.240158,0.922053,0.683918,-0.728702,0.035354,0.663411,0.641341,0.385445
0.674504,0.64708,0.675071,-0.303548,-0.541036,0.784308,0.683918,-0.696847,-0.216009,0.663411,0.470833,0.581551
0.674504,0.683053,0.750915,-0.303548,-0.776656,0.551963,0.683918,-0.580943,-0.441318,0.663411,0.243536,0.707513
0.763543,0.751585,0.669865,-0.60091,-0.673684,0.430182,0.629641,-0.730491,-0.264453,0.492402,0.111947,0.863139
0.763543,0.783037,0.781766,-0.60091,-0.780187,0.173825,0.629641,-0.595989,-0.498347,0.492402,-0.190015,0.849373
0.763543,0.774319,0.897675,-0.60091,-0.792587,-0.103498,0.629641,-0.389602,-0.672133,0.492402,-0.469058,0.733161
0.763543,0.726483,1.00361,-0.60091,-0.70939,-0.368337,0.629641,-0.136223,-0.76485,0.492402,-0.691526,0.528519
0.763543,0.6453,1.0868,-0.60091,-0.54063,-0.588749,0.629641,0.133587,-0.765315,0.492402,-0.830586,0.260129
0.763543,0.54056,1.13721,-0.60091,-0.306662,-0.73815,0.629641,0.387284,-0.673472,0.492402,-0.869465,-0.0396358
0.763543,0.424898,1.14875,-0.60091,-0.0357062,-0.798518,0.629641,0.594268,-0.500398,0.492402,-0.803474,-0.33462
0.763543,0.312263,1.12004,-0.60091,0.239557,-0.762574,0.629641,0.729576,-0.266968,0.492402,-0.640572,-0.589244
0.763543,0.216242,1.05453,-0.60091,0.485925,-0.634652,0.629641,0.776885,-0.00133845,0.492402,-0.400407,-0.772797
0.763543,0.148415,0.960135,-0.60091,0.673684,-0.430182,0.629641,0.730491,0.264453,0.492402,-0.111947,-0.863139
0.763543,0.116963,0.848234,-0.60091,0.780187,-0.173825,0.629641,0.595989,0.498347,0.492402,0.190015,-0.849373
0.763543,0.125681,0.732325,-0.60091,0.792587,0.103498,0.629641,0.389602,0.672133,0.492402,0.469058,-0.733161
0.763543,0.173517,0.626387,-0.60091,0.70939,0.368337,0.629641,0.136223,0.76485,0.492402,0.691526,-0.528519
0.763543,0.2547,0.543199,-0.60091,0.54063,0.588749,0.629641,-0.133587,0.765315,0.492402,0.830586,-0.260129
0.763543,0.35944,0.492794,-0.60091,0.306662,0.73815,0.629641,-0.387284,0.673472,0.492402,0.869465,0.0396358
0.763543,0.475102,0.481252,-0.60091,0.0357062,0.798518,0.629641,-0.594268,0.500398,0.492402,0.803474,0.33462
0.763543,0.587737,0.509965,-0.60091,-0.239557,0.762574,0.629641,-0.729576,0.266968,0.492402,0.640572,0.589244
0.763543,0.683758,0.575469,-0.60091,-0.485925,0.634652,0.629641,-0.776885,0.00133845,0.492402,0.400407,0.772797
0.763543,0.751585,0.669865,-0.60091,-0.673684,0.430182,0.629641,-0.730491,-0.264453,0.492402,0.111947,0.863139
0.883514,0.796322,0.616957,-0.825794,-0.511254,0.238082,0.499419,-0.859034,-0.11243,0.262001,0.026059,0.964716
0.883514,0.843171,0.747349,-0.825794,-0.561851,0.0488647,0.499419,-0.768775,-0.399456,0.262001,-0.305465,0.915449
0.883514,0.842598,0.885901,-0.825794,-0.54468,-0.146247,0.499419,-0.58579,-0.638303,0.262001,-0.600145,0.755766
0.883514,0.794671,1.0159,-0.825794,-0.461812,-0.323718,0.499419,-0.33215,-0.80016,0.262001,-0.822439,0.504926
0.883514,0.705173,1.12167,-0.825794,-0.323243,-0.462145,0.499419,-0.0384481,-0.865507,0.262001,-0.945534,0.193184
0.883514,0.584896,1.19045,-0.825794,-0.145687,-0.54483,0.499419,0.259891,-0.82646,0.262001,-0.954585,-0.141858
0.883514,0.44835,1.21395,-0.825794,0.0494421,-0.5618,0.499419,0.526884,-0.687731,0.262001,-0.848498,-0.45979
0.883514,0.312002,1.18932,-0.825794,0.238607,-0.511009,0.499419,0.730327,-0.46605,0.262001,-0.64007,-0.722265
0.883514,0.192299,1.11955,-0.825794,0.398993,-0.398583,0.499419,0.845681,-0.188158,0.262001,-0.35444,-0.897624
0.883514,0.103678,1.01304,-0.825794,0.511254,-0.238082,0.499419,0.859034,0.11243,0.262001,-0.026059,-0.964716
0.883514,0.0568291,0.882651,-0.825794,0.561851,-0.0488647,0.499419,0.768775,0.399456,0.262001,0.305465,-0.915449
0.883514,0.0574023,0.744099,-0.825794,0.54468,0.146247,0.499419,0.58579,0.638303,0.262001,0.600145,-0.755766
0.883514,0.105329,0.614098,-0.825794,0.461812,0.323718,0.499419,0.33215,0.80016,0.262001,0.822439,-0.504926
0.883514,0.194827,0.508329,-0.825794,0.323243,0.462145,0.499419,0.0384481,0.865507,0.262001,0.945534,-0.193184
0.883514,0.315104,0.43955,-0.825794,0.145687,0.54483,0.499419,-0.259891,0.82646,0.262001,0.954585,0.141858
0.883514,0.45165,0.416055,-0.825794,-0.0494421,0.5618,0.499419,-0.526884,0.687731,0.262001,0.848498,0.45979
0.883514,0.587998,0.440679,-0.825794,-0.238607,0.511009,0.499419,-0.730327,0.46605,0.262001,0.64007,0.722265
0.883514,0.707701,0.510451,-0.825794,-0.398993,0.398583,0.499419,-0.845681,0.188158,0.262001,0.35444,0.897624
0.883514,0.796322,0.616957,-0.825794,-0.511254,0.238082,0.499419,-0.859034,-0.11243,0.262001,0.026059,0.964716
0.875863,0.188029,1.11229,0.985232,-0.16565,-0.0433469,-0.00862081,0.204845,-0.978756,0.17101,0.964675,0.200392
0.875863,0.102147,1.00477,0.985232,-0.140834,-0.0973883,-0.00862081,0.527246,-0.849669,0.17101,0.83796,0.518245
0.875863,0.0582215,0.87435,0.985232,-0.0990322,-0.139683,-0.00862081,0.786053,-0.618099,0.17101,0.610175,0.773591
0.875863,0.0615499,0.736774,0.985232,-0.0452853,-0.16513,-0.00862081,0.950051,-0.311977,0.17101,0.308793,0.935629
0.875863,0.111731,0.608634,0.985232,0.0139236,-0.17066,-0.00862081,0.999458,0.031774,0.17101,-0.0298335,0.984817
0.875863,0.202713,0.505385,0.985232,0.0714531,-0.155606,-0.00862081,0.928316,0.371693,0.17101,-0.364862,0.915222
0.875863,0.323521,0.439479,0.985232,0.120364,-0.121783,-0.00862081,0.745205,0.666779,0.17101,-0.655882,0.735237
0.875863,0.459584,0.418868,0.985232,0.154758,-0.0732719,-0.00862081,0.472212,0.881443,0.17101,-0.867794,0.466572
0.875863,0.594491,0.446035,0.985232,0.170485,-0.0159228,-0.00862081,0.142263,0.989791,0.17101,-0.975036,0.141631
0.875863,0.711971,0.517705,0.985232,0.16565,0.0433469,-0.00862081,-0.204845,0.978756,0.17101,-0.964675,-0.200392
0.875863,0.797853,0.625234,0.985232,0.140834,0.0973883,-0.00862081,-0.527246,0.849669,0.17101,-0.83796,-0.518245
0.875863,0.841778,0.75565,0.985232,0.0990322,0.139683,-0.00862081,-0.786053,0.618099,0.17101,-0.610175,-0.773591
0.875863,0.83845,0.893226,0.985232,0.0452853,0.16513,-0.00862081,-0.950051,0.311977,0.17101,-0.308793,-0.935629
0.875863,0.788269,1.02137,0.985232,-0.0139236,0.17066,-0.00862081,-0.999458,-0.031774,0.17101,0.0298335,-0.984817
0.875863,0.697287,1.12462,0.985232,-0.0714531,0.155606,-0.00862081,-0.928316,-0.371693,0.17101,0.364862,-0.915222
0.875863,0.576479,1.19052,0.985232,-0.120364,0.121783,-0.00862081,-0.745205,-0.666779,0.17101,0.655882,-0.735237
0.875863,0.440416,1.21113,0.985232,-0.154758,0.0732719,-0.00862081,-0.472212,-0.881443,0.17101,0.867794,-0.466572
0.875863,0.305509,1.18396,0.985232,-0.170485,0.0159228,-0.00862081,-0.142263,-0.989791,0.17101,0.975036,-0.141631
0.875863,0.188029,1.11229,0.985232,-0.16565,-0.0433469,-0.00862081,0.204845,-0.978756,0.17101,0.964675,0.200392
0.749059,0.235286,1.05641,0.900555,-0.380346,0.210566,0.292759,0.172496,-0.940498,0.321393,0.908615,0.266692
0.749059,0.165669,0.968411,0.900555,-0.429426,0.0677815,0.292759,0.483763,-0.824782,0.321393,0.762605,0.561373
0.749059,0.130347,0.861912,0.900555,-0.426711,-0.0831785,0.292759,0.736681,-0.609585,0.321393,0.524614,0.788345
0.749059,0.133579,0.749755,0.900555,-0.372529,-0.224106,0.292759,0.900744,-0.320863,0.321393,0.223346,0.92023
0.749059,0.174977,0.645468,0.900555,-0.273414,-0.338003,0.292759,0.956164,0.00655988,0.321393,-0.104861,0.941122
0.749059,0.249546,0.561628,0.900555,-0.141321,-0.411132,0.292759,0.896256,0.333192,0.321393,-0.42042,0.848501
0.749059,0.348293,0.508349,0.900555,0.00781728,-0.434672,0.292759,0.728247,0.619635,0.321393,-0.68527,0.653538
0.749059,0.459308,0.492057,0.900555,0.156012,-0.405785,0.292759,0.472401,0.831342,0.321393,-0.867466,0.379749
0.749059,0.569199,0.514716,0.900555,0.28539,-0.327953,0.292759,0.159576,0.942777,0.321393,-0.945033,0.0601563
0.749059,0.664714,0.573594,0.900555,0.380346,-0.210566,0.292759,-0.172496,0.940498,0.321393,-0.908615,-0.266692
0.749059,0.734331,0.661589,0.900555,0.429426,-0.0677815,0.292759,-0.483763,0.824782,0.321393,-0.762605,-0.561373
0.749059,0.769653,0.768088,0.900555,0.426711,0.0831785,0.292759,-0.736681,0.609585,0.321393,-0.524614,-0.788345
0.749059,0.766421,0.880245,0.900555,0.372529,0.224106,0.292759,-0.900744,0.320863,0.321393,-0.223346,-0.92023
0.749059,0.725023,0.984532,0.900555,0.273414,0.338003,0.292759,-0.956164,-0.00655988,0.321393,0.104861,-0.941122
0.749059,0.650454,1.06837,0.900555,0.141321,0.411132,0.292759,-0.896256,-0.333192,0.321393,0.42042,-0.848501
0.749059,0.551707,1.12165,0.900555,-0.00781728,0.434672,0.292759,-0.728247,-0.619635,0.321393,0.68527,-0.653538
0.749059,0.440692,1.13794,0.900555,-0.156012,0.405785,0.292759,-0.472401,-0.831342,0.321393,0.867466,-0.379749
0.749059,0.330801,1.11528,0.900555,-0.28539,0.327953,0.292759,-0.159576,-0.942777,0.321393,0.945033,-0.0601563
0.749059,0.235286,1.05641,0.900555,-0.380346,0.210566,0.292759,0.172496,-0.940498,0.321393,0.908615,0.266692
0.654934,0.307695,0.970771,0.707258,-0.563395,0.427051,0.558827,0.0755435,-0.825836,0.433011,0.822727,0.368269
0.654934,0.263001,0.912705,0.707258,-0.675478,0.208605,0.558827,0.35344,-0.750195,0.433011,0.647155,0.627449
0.654934,0.240861,0.842855,0.707258,-0.706089,-0.0350029,0.558827,0.588707,-0.584069,0.433011,0.393527,0.810949
0.654934,0.243946,0.769646,0.707258,-0.651535,-0.274389,0.558827,0.752967,-0.347495,0.433011,0.092433,0.896637
0.654934,0.271885,0.701906,0.707258,-0.518396,-0.480679,0.558827,0.826408,-0.069009,0.433011,-0.219809,0.874177
0.654934,0.321307,0.647808,0.707258,-0.322731,-0.628992,0.558827,0.800172,0.217801,0.433011,-0.505539,0.746279
0.654934,0.386251,0.613875,0.707258,-0.0881398,-0.70144,0.558827,0.677423,0.478341,0.433011,-0.730294,0.528368
0.654934,0.458884,0.604201,0.707258,0.157082,-0.689283,0.558827,0.472967,0.681186,0.433011,-0.866964,0.246728
0.654934,0.530446,0.619952,0.707258,0.383358,-0.593989,0.558827,0.211465,0.801869,0.433011,-0.899066,-0.0646706
0.654934,0.592305,0.659229,0.707258,0.563395,-0.427051,0.558827,-0.0755435,0.825836,0.433011,-0.822727,-0.368269
0.654934,0.636999,0.717295,0.707258,0.675478,-0.208605,0.558827,-0.35344,0.750195,0.433011,-0.647155,-0.627449
0.654934,0.659139,0.787145,0.707258,0.706089,0.0350029,0.558827,-0.588707,0.584069,0.433011,-0.393527,-0.810949
0.654934,0.656054,0.860354,0.707258,0.651535,0.274389,0.558827,-0.752967,0.347495,0.433011,-0.092433,-0.896637
0.654934,0.628115,0.928094,0.707258,0.518396,0.480679,0.558827,-0.826408,0.069009,0.433011,0.219809,-0.874177
0.654934,0.578693,0.982192,0.707258,0.322731,0.628992,0.558827,-0.800172,-0.217801,0.433011,0.505539,-0.746279
0.654934,0.513749,1.01612,0.707258,0.0881398,0.70144,0.558827,-0.677423,-0.478341,0.433011,0.730294,-0.528368
0.654934,0.441116,1.0258,0.707258,-0.157082,0.689283,0.558827,-0.472967,-0.681186,0.433011,0.866964,-0.246728
