0.658953,0.562702,1.05808,0.308961,0.729777,-0.609892,0.951075,-0.237074,0.198123,-3.49349e-06,-0.641265,-0.767319
0.907818,0.356179,1.29192,0.92986,-0.359583,-0.0778551,-0.179072,-0.257479,-0.949546,0.321394,0.896886,-0.30381
0.907818,0.223085,1.24489,0.92986,-0.311269,-0.196144,-0.179072,0.082813,-0.980344,0.321394,0.946707,0.0212647
0.907818,0.114104,1.15517,0.92986,-0.225412,-0.290776,-0.179072,0.413116,-0.892899,0.321394,0.88234,0.343775
0.907818,0.0423809,1.03359,0.92986,-0.112367,-0.350335,-0.179072,0.693592,-0.697756,0.321394,0.711551,0.624821
0.907818,0.0165657,0.894813,0.92986,0.0142314,-0.367639,-0.179072,0.89041,-0.418454,0.321394,0.454938,0.830504
0.907818,0.0397724,0.755575,0.92986,0.139113,-0.340601,-0.179072,0.979831,-0.0886802,0.321394,0.143452,0.936017
0.907818,0.109202,0.63267,0.92986,0.247216,-0.27248,-0.179072,0.95107,0.25179,0.321394,-0.185336,0.928631
0.907818,0.21648,0.540924,0.92986,0.325501,-0.171495,-0.179072,0.807597,0.56189,0.321394,-0.491769,0.80924
0.907818,0.348668,0.491403,0.92986,0.364525,-0.0498247,-0.179072,0.566715,0.804219,0.321394,-0.738888,0.592242
0.907818,0.489821,0.490078,0.92986,0.359583,0.0778551,-0.179072,0.257479,0.949546,0.321394,-0.896886,0.30381
0.907818,0.622915,0.537111,0.92986,0.311269,0.196144,-0.179072,-0.082813,0.980344,0.321394,-0.946707,-0.0212647
0.907818,0.731896,0.626828,0.92986,0.225412,0.290776,-0.179072,-0.413116,0.892899,0.321394,-0.88234,-0.343775
0.907818,0.803619,0.748408,0.92986,0.112367,0.350335,-0.179072,-0.693592,0.697756,0.321394,-0.711551,-0.624821
0.907818,0.829434,0.887187,0.92986,-0.0142314,0.367639,-0.179072,-0.89041,0.418454,0.321394,-0.454938,-0.830504
0.907818,0.806228,1.02643,0.92986,-0.139113,0.340601,-0.179072,-0.979831,0.0886802,0.321394,-0.143452,-0.936017
0.907818,0.736798,1.14933,0.92986,-0.247216,0.27248,-0.179072,-0.95107,-0.25179,0.321394,0.185336,-0.928631
0.907818,0.62952,1.24108,0.92986,-0.325501,0.171495,-0.179072,-0.807597,-0.56189,0.321394,0.491769,-0.80924
0.907818,0.497332,1.2906,0.92986,-0.364525,0.0498247,-0.179072,-0.566715,-0.804219,0.321394,0.738888,-0.592242
0.907818,0.356179,1.29192,0.92986,-0.359583,-0.0778551,-0.179072,-0.257479,-0.949546,0.321394,0.896886,-0.30381
0.809114,0.39989,1.25539,0.796489,-0.593156,0.117348,-0.0275851,-0.229518,-0.972913,0.604023,0.771678,-0.199171
0.809114,0.276654,1.22551,0.796489,-0.59752,-0.0926007,-0.0275851,0.117079,-0.992739,0.604023,0.793261,0.0767698
0.809114,0.17107,1.15529,0.796489,-0.529813,-0.29138,-0.0275851,0.449555,-0.892826,0.604023,0.719165,0.343451
0.809114,0.0958724,1.05318,0.796489,-0.398204,-0.455014,-0.0275851,0.727809,-0.685225,0.604023,0.558326,0.568707
0.809114,0.0601312,0.931517,0.796489,-0.218565,-0.563768,-0.0275851,0.918277,-0.394976,0.604023,0.330146,0.725369
0.809114,0.0681573,0.804965,0.796489,-0.0125643,-0.604522,-0.0275851,0.997988,-0.0570868,0.604023,0.0621448,0.79454
0.809114,0.118983,0.68879,0.796489,0.194952,-0.572362,-0.0275851,0.957327,0.287688,0.604023,-0.213352,0.767878
0.809114,0.206477,0.597005,0.796489,0.378954,-0.471167,-0.0275851,0.801198,0.597763,0.604023,-0.463115,0.648599
0.809114,0.320087,0.54068,0.796489,0.517249,-0.313142,-0.0275851,0.548433,0.83574,0.604023,-0.65702,0.451089
0.809114,0.44611,0.526608,0.796489,0.593156,-0.117348,-0.0275851,0.229518,0.972913,0.604023,-0.771678,0.199171
0.809114,0.569346,0.556488,0.796489,0.59752,0.0926007,-0.0275851,-0.117079,0.992739,0.604023,-0.793261,-0.0767698
0.809114,0.67493,0.626715,0.796489,0.529813,0.29138,-0.0275851,-0.449555,0.892826,0.604023,-0.719165,-0.343451
0.809114,0.750128,0.728818,0.796489,0.398204,0.455014,-0.0275851,-0.727809,0.685225,0.604023,-0.558326,-0.568707
0.809114,0.785869,0.850483,0.796489,0.218565,0.563768,-0.0275851,-0.918277,0.394976,0.604023,-0.330146,-0.725369
0.809114,0.777843,0.977035,0.796489,0.0125643,0.604522,-0.0275851,-0.997988,0.0570868,0.604023,-0.0621448,-0.79454
0.809114,0.727017,1.09321,0.796489,-0.194952,0.572362,-0.0275851,-0.957327,-0.287688,0.604023,0.213352,-0.767878
0.809114,0.639523,1.185,0.796489,-0.378954,0.471167,-0.0275851,-0.801198,-0.597763,0.604023,0.463115,-0.648599
0.809114,0.525913,1.24132,0.796489,-0.517249,0.313142,-0.0275851,-0.548433,-0.83574,0.604023,0.65702,-0.451089
0.809114,0.39989,1.25539,0.796489,-0.593156,0.117348,-0.0275851,-0.229518,-0.972913,0.604023,0.771678,-0.199171
0.735846,0.466868,1.19942,0.567051,-0.777642,0.271526,0.127229,-0.243,-0.961646,0.813797,0.579849,-0.0388546
0.735846,0.358738,1.19582,0.567051,-0.823612,-0.0108177,0.127229,0.100557,-0.986763,0.813797,0.558169,0.161808
0.735846,0.258359,1.15546,0.567051,-0.770242,-0.291857,0.127229,0.431986,-0.892861,0.813797,0.469165,0.342955
0.735846,0.177838,1.0832,0.567051,-0.62397,-0.537694,0.127229,0.71131,-0.691267,0.813797,0.323573,0.482736
0.735846,0.126887,0.987758,0.567051,-0.402437,-0.718677,0.127229,0.90484,-0.406296,0.813797,0.138954,0.564292
0.735846,0.111652,0.880646,0.567051,-0.132365,-0.812978,0.127229,0.989233,-0.0723202,0.813797,-0.0624253,0.577786
0.735846,0.13397,0.774783,0.567051,0.153672,-0.809221,0.127229,0.95431,0.270379,0.813797,-0.256275,0.521591
0.735846,0.191149,0.682937,0.567051,0.421174,-0.70786,0.127229,0.804283,0.580466,0.813797,-0.419215,0.402484
0.735846,0.276293,0.616187,0.567051,0.637877,-0.521121,0.127229,0.557248,0.820541,0.813797,-0.53159,0.234831
0.735846,0.379132,0.582584,0.567051,0.777642,-0.271526,0.127229,0.243,0.961646,0.813797,-0.579849,0.0388546
0.735846,0.487262,0.58618,0.567051,0.823612,0.0108177,0.127229,-0.100557,0.986763,0.813797,-0.558169,-0.161808
0.735846,0.587641,0.626542,0.567051,0.770242,0.291857,0.127229,-0.431986,0.892861,0.813797,-0.469165,-0.342955
0.735846,0.668162,0.698801,0.567051,0.62397,0.537694,0.127229,-0.71131,0.691267,0.813797,-0.323573,-0.482736
0.735846,0.719113,0.794242,0.567051,0.402437,0.718677,0.127229,-0.90484,0.406296,0.813797,-0.138954,-0.564292
0.735846,0.734348,0.901354,0.567051,0.132365,0.812978,0.127229,-0.989233,0.0723202,0.813797,0.0624253,-0.577786
0.735846,0.71203,1.00722,0.567051,-0.153672,0.809221,0.127229,-0.95431,-0.270379,0.813797,0.256275,-0.521591
0.735846,0.654851,1.09906,0.567051,-0.421174,0.70786,0.127229,-0.804283,-0.580466,0.813797,0.419215,-0.402484
0.735846,0.569707,1.16581,0.567051,-0.637877,0.521121,0.127229,-0.557248,-0.820541,0.813797,0.53159,-0.234831
0.735846,0.466868,1.19942,0.567051,-0.777642,0.271526,0.127229,-0.243,-0.961646,0.813797,0.579849,-0.0388546
0.696852,0.549035,1.13075,0.269218,-0.890788,0.366085,0.266698,-0.296298,-0.917104,0.925416,0.344535,0.157803
0.696852,0.459436,1.1594,0.269218,-0.962275,0.0393404,0.266698,0.035239,-0.963136,0.925416,0.269785,0.266124
0.696852,0.365442,1.15567,0.269218,-0.917698,-0.29215,0.266698,0.362526,-0.892999,0.925416,0.162496,0.342347
0.696852,0.278391,1.12002,0.269218,-0.762433,-0.588402,0.266698,0.646086,-0.715154,0.925416,0.0356064,0.377277
0.696852,0.208781,1.05675,0.269218,-0.515208,-0.813685,0.266698,0.85172,-0.45105,0.925416,-0.0955773,0.366703
0.696852,0.165009,0.973489,0.269218,-0.20584,-0.940825,0.266698,0.954623,-0.132543,0.925416,-0.215233,0.311899
0.696852,0.152355,0.880276,0.269218,0.128355,-0.954488,0.266698,0.942384,0.20195,0.925416,-0.308928,0.219475
0.696852,0.172345,0.788357,0.269218,0.447068,-0.853025,0.266698,0.816481,0.512086,0.925416,-0.365363,0.100579
0.696852,0.222567,0.708818,0.269218,0.711858,-0.648675,0.266698,0.592097,0.760456,0.925416,-0.377729,-0.030448
0.696852,0.296965,0.651253,0.269218,0.890788,-0.366085,0.266698,0.296298,0.917104,0.925416,-0.344535,-0.157803
0.696852,0.386564,0.622605,0.269218,0.962275,-0.0393404,0.266698,-0.035239,0.963136,0.925416,-0.269785,-0.266124
0.696852,0.480558,0.626329,0.269218,0.917698,0.29215,0.266698,-0.362526,0.892999,0.925416,-0.162496,-0.342347
0.696852,0.567609,0.661977,0.269218,0.762433,0.588402,0.266698,-0.646086,0.715154,0.925416,-0.0356064,-0.377277
0.696852,0.637219,0.725248,0.269218,0.515208,0.813685,0.266698,-0.85172,0.45105,0.925416,0.0955773,-0.366703
0.696852,0.680991,0.808511,0.269218,0.20584,0.940825,0.266698,-0.954623,0.132543,0.925416,0.215233,-0.311899
0.696852,0.693645,0.901724,0.269218,-0.128355,0.954488,0.266698,-0.942384,-0.20195,0.925416,0.308928,-0.219475
0.696852,0.673655,0.993643,0.269218,-0.447068,0.853025,0.266698,-0.816481,-0.512086,0.925416,0.365363,-0.100579
0.696852,0.623433,1.07318,0.269218,-0.711858,0.648675,0.266698,-0.592097,-0.760456,0.925416,0.377729,0.030448
0.696852,0.549035,1.13075,0.269218,-0.890788,0.366085,0.266698,-0.296298,-0.917104,0.925416,0.344535,0.157803
0.696834,0.636481,1.05767,-0.061087,-0.918948,0.389619,0.373999,-0.382984,-0.844659,0.925415,0.0941195,0.367081
0.696834,0.566603,1.12063,-0.061087,-0.996786,0.0518238,0.373999,-0.0709965,-0.924708,0.925415,-0.0371056,0.377134
0.696834,0.479405,1.1559,-0.061087,-0.954397,-0.292223,0.373999,0.249554,-0.893223,0.925415,-0.163855,0.341699
0.696834,0.385403,1.15921,-0.061087,-0.796894,-0.601022,0.373999,0.540004,-0.754003,0.925415,-0.270841,0.26505
0.696834,0.295936,1.13018,-0.061087,-0.543274,-0.83733,0.373999,0.765322,-0.523839,0.925415,-0.34516,0.156432
0.696834,0.221795,1.0723,-0.061087,-0.224127,-0.972644,0.373999,0.898331,-0.230492,0.925415,-0.377848,0.0289467
0.696834,0.171922,0.992547,-0.061087,0.122054,-0.990642,0.373999,0.922988,0.0906559,0.925415,-0.364961,-0.10203
0.696834,0.152333,0.900549,-0.061087,0.453512,-0.889154,0.373999,0.836319,0.400869,0.925415,-0.308055,-0.220701
0.696834,0.16539,0.807399,-0.061087,0.730271,-0.680421,0.373999,0.648777,0.662732,0.925415,-0.213992,-0.312752
0.696834,0.209519,0.724333,-0.061087,0.918948,-0.389619,0.373999,0.382984,0.844659,0.925415,-0.0941195,-0.367081
0.696834,0.279397,0.66137,-0.061087,0.996786,-0.0518238,0.373999,0.0709965,0.924708,0.925415,0.0371056,-0.377134
0.696834,0.366595,0.626103,-0.061087,0.954397,0.292223,0.373999,-0.249554,0.893223,0.925415,0.163855,-0.341699
0.696834,0.460597,0.622787,-0.061087,0.796894,0.601022,0.373999,-0.540004,0.754003,0.925415,0.270841,-0.26505
0.696834,0.550064,0.651821,-0.061087,0.543274,0.83733,0.373999,-0.765322,0.523839,0.925415,0.34516,-0.156432
0.696834,0.624205,0.709704,-0.061087,0.224127,0.972644,0.373999,-0.898331,0.230492,0.925415,0.377848,-0.0289467
0.696834,0.674078,0.789453,-0.061087,-0.122054,0.990642,0.373999,-0.922988,-0.0906559,0.925415,0.364961,0.10203
0.696834,0.693667,0.881451,-0.061087,-0.453512,0.889154,0.373999,-0.836319,-0.400869,0.925415,0.308055,0.220701
0.696834,0.68061,0.974601,-0.061087,-0.730271,0.680421,0.373999,-0.648777,-0.662732,0.925415,0.213992,0.312752
0.696834,0.636481,1.05767,-0.061087,-0.918948,0.389619,0.373999,-0.382984,-0.844659,0.925415,0.0941195,0.367081
0.735794,0.718658,0.98899,-0.384024,-0.858725,0.33929,0.43619,-0.492601,-0.753049,0.813796,-0.141194,0.563738
0.735794,0.667313,1.0842,-0.384024,-0.922981,0.0251267,0.43619,-0.205336,-0.876114,0.813796,-0.325489,0.481449
0.735794,0.5865,1.15611,-0.384024,-0.875912,-0.292067,0.43619,0.106696,-0.893507,0.813796,-0.470524,0.34109
0.735794,0.485967,1.19604,-0.384024,-0.723196,-0.574033,0.43619,0.405859,-0.80313,0.813796,-0.558808,0.159591
0.735794,0.377839,1.19918,-0.384024,-0.483251,-0.786762,0.43619,0.656069,-0.615883,0.813796,-0.579691,-0.0411569
0.735794,0.275159,1.16515,-0.384024,-0.185019,-0.904596,0.43619,0.827148,-0.354352,0.813796,-0.530655,-0.236941
0.735794,0.19031,1.09805,-0.384024,0.135529,-0.913322,0.43619,0.89846,-0.0500808,0.813796,-0.417614,-0.404146
0.735794,0.133526,1.00598,-0.384024,0.43973,-0.811889,0.43619,0.861405,0.260231,0.813796,-0.254203,-0.522606
0.735794,0.111658,0.900041,-0.384024,0.690893,-0.612529,0.43619,0.720452,0.539155,0.813796,-0.0601307,-0.578031
0.735794,0.127342,0.79301,-0.384024,0.858725,-0.33929,0.43619,0.492601,0.753049,0.813796,0.141194,-0.563738
0.735794,0.178687,0.697799,-0.384024,0.922981,-0.0251267,0.43619,0.205336,0.876114,0.813796,0.325489,-0.481449
0.735794,0.2595,0.62589,-0.384024,0.875912,0.292067,0.43619,-0.106696,0.893507,0.813796,0.470524,-0.34109
0.735794,0.360033,0.585958,-0.384024,0.723196,0.574033,0.43619,-0.405859,0.80313,0.813796,0.558808,-0.159591
0.735794,0.468161,0.582818,-0.384024,0.483251,0.786762,0.43619,-0.656069,0.615883,0.813796,0.579691,0.0411569
0.735794,0.570841,0.61685,-0.384024,0.185019,0.904596,0.43619,-0.827148,0.354352,0.813796,0.530655,0.236941
0.735794,0.65569,0.683948,-0.384024,-0.135529,0.913322,0.43619,-0.89846,0.0500808,0.813796,0.417614,0.404146
0.735794,0.712474,0.776019,-0.384024,-0.43973,0.811889,0.43619,-0.861405,-0.260231,0.813796,0.254203,0.522606
0.735794,0.734342,0.881959,-0.384024,-0.690893,0.612529,0.43619,-0.720452,-0.539155,0.813796,0.0601307,0.578031
0.735794,0.718658,0.98899,-0.384024,-0.858725,0.33929,0.43619,-0.492601,-0.753049,0.813796,-0.141194,0.563738
0.809034,0.785654,0.932999,-0.660642,-0.717383,0.221167,0.44577,-0.611929,-0.653323,0.604021,-0.333023,0.724054
0.809034,0.749419,1.0545,-0.660642,-0.749763,-0.0375307,0.44577,-0.351576,-0.823215,0.604021,-0.56058,0.566487
0.809034,0.673812,1.15628,-0.660642,-0.69171,-0.291701,0.44577,-0.0488171,-0.893815,0.604021,-0.720523,0.340594
0.809034,0.567954,1.22607,-0.660642,-0.550227,-0.510688,0.44577,0.25983,-0.856608,0.604021,-0.793561,0.0736204
0.809034,0.444613,1.25544,-0.660642,-0.342379,-0.668079,0.44577,0.537137,-0.716081,0.604021,-0.770883,-0.202233
0.809034,0.318664,1.24085,-0.660642,-0.0932344,-0.744889,0.44577,0.749658,-0.489185,0.604021,-0.655225,-0.453694
0.809034,0.2053,1.18407,-0.660642,0.167155,-0.731855,0.44577,0.871759,-0.203285,0.604021,-0.460537,-0.650433
0.809034,0.118194,1.09194,-0.660642,0.407384,-0.630548,0.44577,0.888713,0.107134,0.604021,-0.210302,-0.768721
0.809034,0.0678522,0.975568,-0.660642,0.598476,-0.453188,0.44577,0.798475,0.404631,0.604021,0.0652984,-0.794289
0.809034,0.0603461,0.849001,-0.660642,0.717383,-0.221167,0.44577,0.611929,0.653323,0.604021,0.333023,-0.724054
0.809034,0.0965815,0.727498,-0.660642,0.749763,0.0375307,0.44577,0.351576,0.823215,0.604021,0.56058,-0.566487
0.809034,0.172188,0.625717,-0.660642,0.69171,0.291701,0.44577,0.0488171,0.893815,0.604021,0.720523,-0.340594
0.809034,0.278046,0.555933,-0.660642,0.550227,0.510688,0.44577,-0.25983,0.856608,0.604021,0.793561,-0.0736204
0.809034,0.401387,0.526563,-0.660642,0.342379,0.668079,0.44577,-0.537137,0.716081,0.604021,0.770883,0.202233
0.809034,0.527336,0.541149,-0.660642,0.0932344,0.744889,0.44577,-0.749658,0.489185,0.604021,0.655225,0.453694
0.809034,0.6407,0.597932,-0.660642,-0.167155,0.731855,0.44577,-0.871759,0.203285,0.604021,0.460537,0.650433
0.809034,0.727806,0.690064,-0.660642,-0.407384,0.630548,0.44577,-0.888713,-0.107134,0.604021,0.210302,0.768721
0.809034,0.778148,0.806432,-0.660642,-0.598476,0.453188,0.44577,-0.798475,-0.404631,0.604021,-0.0652984,0.794289
0.809034,0.785654,0.932999,-0.660642,-0.717383,0.221167,0.44577,-0.611929,-0.653323,0.604021,-0.333023,0.724054
0.90772,0.829389,0.896449,-0.857576,-0.511969,0.0494978,0.401584,-0.726576,-0.557511,0.321392,-0.458231,0.828693
0.90772,0.803017,1.03511,-0.857576,-0.498023,-0.128591,0.401584,-0.492078,-0.772392,0.321392,-0.714026,0.621992
0.90772,0.730809,1.1564,-0.857576,-0.424008,-0.29117,0.401584,-0.198228,-0.894112,0.321392,-0.883698,0.34027
0.90772,0.621475,1.24567,-0.857576,-0.298851,-0.41863,0.401584,0.119531,-0.907988,0.321392,-0.946784,0.017507
0.90772,0.488202,1.29216,-0.857576,-0.137648,-0.495596,0.401584,0.422872,-0.812348,0.321392,-0.895674,-0.307368
0.90772,0.347065,1.29027,-0.857576,0.0401567,-0.512787,0.401584,0.67521,-0.618727,0.321392,-0.736532,-0.59517
0.90772,0.215086,1.24022,-0.857576,0.213118,-0.468127,0.401584,0.846106,-0.350477,0.321392,-0.488554,-0.811186
0.90772,0.108186,1.14805,-0.857576,0.360375,-0.367005,0.401584,0.91495,-0.0399557,0.321392,-0.181648,-0.92936
0.90772,0.0392558,1.02487,-0.857576,0.464165,-0.221617,0.401584,0.873438,0.275385,0.321392,0.147166,-0.935441
0.90772,0.0166113,0.885551,-0.857576,0.511969,-0.0494978,0.401584,0.726576,0.557511,0.321392,0.458231,-0.828693
0.90772,0.0429833,0.746886,-0.857576,0.498023,0.128591,0.401584,0.492078,0.772392,0.321392,0.714026,-0.621992
0.90772,0.115191,0.625604,-0.857576,0.424008,0.29117,0.401584,0.198228,0.894112,0.321392,0.883698,-0.34027
0.90772,0.224525,0.536332,-0.857576,0.298851,0.41863,0.401584,-0.119531,0.907988,0.321392,0.946784,-0.017507
0.90772,0.357798,0.489839,-0.857576,0.137648,0.495596,0.401584,-0.422872,0.812348,0.321392,0.895674,0.307368
0.90772,0.498935,0.491732,-0.857576,-0.0401567,0.512787,0.401584,-0.67521,0.618727,0.321392,0.736532,0.59517
0.90772,0.630914,0.541782,-0.857576,-0.213118,0.468127,0.401584,-0.846106,0.350477,0.321392,0.488554,0.811186
0.90772,0.737814,0.633953,-0.857576,-0.360375,0.367005,0.401584,-0.91495,0.0399557,0.321392,0.181648,0.92936
0.90772,0.806744,0.757127,-0.857576,-0.464165,0.221617,0.401584,-0.873438,-0.275385,0.321392,-0.147166,0.935441
0.90772,0.829389,0.896449,-0.857576,-0.511969,0.0494978,0.401584,-0.726576,-0.557511,0.321392,-0.458231,0.828693
0.883612,0.222939,1.2362,0.961642,-0.258175,-0.0926843,-0.0812368,0.0546843,-0.995194,0.262003,0.964549,0.0316134
0.883612,0.116939,1.14696,0.961642,-0.210906,-0.175396,-0.0812368,0.391763,-0.916473,0.262003,0.895567,0.359602
0.883612,0.0478548,1.02684,0.961642,-0.138198,-0.236952,-0.0812368,0.681589,-0.727212,0.262003,0.718567,0.644218
0.883612,0.0240186,0.890341,0.961642,-0.0488208,-0.269929,-0.0812368,0.889205,-0.450239,0.262003,0.454897,0.851131
0.883612,0.0483054,0.753921,0.961642,0.0464445,-0.270348,-0.0812368,0.98957,-0.11896,0.262003,0.136359,0.955385
0.883612,0.117786,0.634035,0.961642,0.136108,-0.238159,-0.0812368,0.970578,0.226667,0.262003,-0.198625,0.944406
0.883612,0.22408,0.545143,0.961642,0.209355,-0.177244,-0.0812368,0.834521,0.544955,0.262003,-0.509653,0.819517
0.883612,0.354366,0.497966,0.961642,0.25735,-0.0949517,-0.0812368,0.597807,0.797513,0.262003,-0.759208,0.595783
0.883612,0.492931,0.498194,0.961642,0.274305,-0.00120645,-0.0812368,0.28899,0.953879,0.262003,-0.917192,0.300188
0.883612,0.623061,0.545801,0.961642,0.258175,0.0926843,-0.0812368,-0.0546843,0.995194,0.262003,-0.964549,-0.0316134
0.883612,0.729061,0.635044,0.961642,0.210906,0.175396,-0.0812368,-0.391763,0.916473,0.262003,-0.895567,-0.359602
0.883612,0.798145,0.755159,0.961642,0.138198,0.236952,-0.0812368,-0.681589,0.727212,0.262003,-0.718567,-0.644218
0.883612,0.821981,0.891659,0.961642,0.0488208,0.269929,-0.0812368,-0.889205,0.450239,0.262003,-0.454897,-0.851131
0.883612,0.797695,1.02808,0.961642,-0.0464445,0.270348,-0.0812368,-0.98957,0.11896,0.262003,-0.136359,-0.955385
0.883612,0.728214,1.14796,0.961642,-0.136108,0.238159,-0.0812368,-0.970578,-0.226667,0.262003,0.198625,-0.944406
0.883612,0.62192,1.23686,0.961642,-0.209355,0.177244,-0.0812368,-0.834521,-0.544955,0.262003,0.509653,-0.819517
0.883612,0.491634,1.28403,0.961642,-0.25735,0.0949517,-0.0812368,-0.597807,-0.797513,0.262003,0.759208,-0.595783
0.883612,0.353069,1.28381,0.961642,-0.274305,0.00120645,-0.0812368,-0.28899,-0.953879,0.262003,0.917192,-0.300188
0.883612,0.222939,1.2362,0.961642,-0.258175,-0.0926843,-0.0812368,0.0546843,-0.995194,0.262003,0.964549,0.0316134
0.763622,0.27608,1.19179,0.856221,-0.50413,0.112866,0.156285,0.0445303,-0.986708,0.492403,0.862479,0.116916
0.763622,0.182065,1.1234,0.856221,-0.51233,-0.0663634,0.156285,0.379319,-0.911972,0.492403,0.770477,0.40485
0.763622,0.11711,1.02698,0.856221,-0.458735,-0.237588,0.156285,0.668356,-0.727238,0.492403,0.585545,0.643954
0.763622,0.08905,0.914157,0.856221,-0.34981,-0.380157,0.156285,0.876779,-0.454789,0.492403,0.329987,0.805387
0.763622,0.101269,0.798543,0.856221,-0.198693,-0.476873,0.156285,0.97945,-0.127486,0.492403,0.0346281,0.869678
0.763622,0.152294,0.69408,0.856221,-0.02361,-0.51607,0.156285,0.963985,0.215194,0.492403,-0.264908,0.829074
0.763622,0.23597,0.613369,0.856221,0.15432,-0.493023,0.156285,0.832249,0.531918,0.492403,-0.532492,0.688471
0.763622,0.342205,0.566145,0.856221,0.313637,-0.410509,0.156285,0.600131,0.784485,0.492403,-0.735849,0.464828
0.763622,0.458185,0.558102,0.856221,0.435125,-0.278482,0.156285,0.295629,0.942432,0.492403,-0.850453,0.18512
0.763622,0.56992,0.590212,0.856221,0.50413,-0.112866,0.156285,-0.0445303,0.986708,0.492403,-0.862479,-0.116916
0.763622,0.663935,0.658602,0.856221,0.51233,0.0663634,0.156285,-0.379319,0.911972,0.492403,-0.770477,-0.40485
0.763622,0.72889,0.755022,0.856221,0.458735,0.237588,0.156285,-0.668356,0.727238,0.492403,-0.585545,-0.643954
0.763622,0.75695,0.867843,0.856221,0.34981,0.380157,0.156285,-0.876779,0.454789,0.492403,-0.329987,-0.805387
0.763622,0.744731,0.983457,0.856221,0.198693,0.476873,0.156285,-0.97945,0.127486,0.492403,-0.0346281,-0.869678
0.763622,0.693706,1.08792,0.856221,0.02361,0.51607,0.156285,-0.963985,-0.215194,0.492403,0.264908,-0.829074
0.763622,0.61003,1.16863,0.856221,-0.15432,0.493023,0.156285,-0.832249,-0.531918,0.492403,0.532492,-0.688471
0.763622,0.503795,1.21586,0.856221,-0.313637,0.410509,0.156285,-0.600131,-0.784485,0.492403,0.735849,-0.464828
0.763622,0.387815,1.2239,0.856221,-0.435125,0.278482,0.156285,-0.295629,-0.942432,0.492403,0.850453,-0.18512
0.763622,0.27608,1.19179,0.856221,-0.50413,0.112866,0.156285,0.0445303,-0.986708,0.492403,0.862479,0.116916
0.674556,0.357505,1.12374,0.647527,-0.707586,0.282899,0.374957,-0.0273463,-0.926639,0.663413,0.706098,0.247607
0.674556,0.281854,1.0873,0.647527,-0.76167,0.0238291,0.374957,0.291232,-0.880108,0.663413,0.578829,0.474174
0.674556,0.223227,1.02719,0.647527,-0.723886,-0.238115,0.374957,0.574683,-0.727424,0.663413,0.381744,0.643549
0.674556,0.188696,0.950649,0.647527,-0.59879,-0.471338,0.374957,0.788819,-0.487002,0.663413,0.138615,0.735302
0.674556,0.182425,0.866915,0.647527,-0.401472,-0.647711,0.374957,0.907812,-0.18784,0.663413,-0.121233,0.738367
0.674556,0.205171,0.786086,0.647527,-0.15573,-0.745961,0.374957,0.91731,0.133978,0.663413,-0.366458,0.652374
0.674556,0.25419,0.717911,0.647527,0.108796,-0.754237,0.374957,0.816166,0.439637,0.663413,-0.567483,0.487695
0.674556,0.323571,0.670613,0.647527,0.360199,-0.67154,0.374957,0.61658,0.692269,0.663413,-0.700061,0.264193
0.674556,0.404944,0.649897,0.647527,0.568156,-0.507846,0.374957,0.342626,0.861403,0.663413,-0.748202,0.00882527
0.674556,0.488495,0.658262,0.647527,0.707586,-0.282899,0.374957,0.0273463,0.926639,0.663413,-0.706098,-0.247607
0.674556,0.564146,0.694698,0.647527,0.76167,-0.0238291,0.374957,-0.291232,0.880108,0.663413,-0.578829,-0.474174
0.674556,0.622773,0.754811,0.647527,0.723886,0.238115,0.374957,-0.574683,0.727424,0.663413,-0.381744,-0.643549
0.674556,0.657304,0.831351,0.647527,0.59879,0.471338,0.374957,-0.788819,0.487002,0.663413,-0.138615,-0.735302
0.674556,0.663575,0.915085,0.647527,0.401472,0.647711,0.374957,-0.907812,0.18784,0.663413,0.121233,-0.738367
0.674556,0.640829,0.995914,0.647527,0.15573,0.745961,0.374957,-0.91731,-0.133978,0.663413,0.366458,-0.652374
0.674556,0.59181,1.06409,0.647527,-0.108796,0.754237,0.374957,-0.816166,-0.439637,0.663413,0.567483,-0.487695
0.674556,0.522429,1.11139,0.647527,-0.360199,0.67154,0.374957,-0.61658,-0.692269,0.663413,0.700061,-0.264193
0.674556,0.441056,1.1321,0.647527,-0.568156,0.507846,0.374957,-0.342626,-0.861403,0.663413,0.748202,-0.00882527
0.674556,0.357505,1.12374,0.647527,-0.707586,0.282899,0.374957,-0.0273463,-0.926639,0.663413,0.706098,0.247607
0.627155,0.457395,1.04026,0.360731,-0.844002,0.396905,0.548404,-0.152276,-0.822232,0.754404,0.514269,0.407923
0.627155,0.404272,1.04302,0.360731,-0.928852,0.0843028,0.548404,0.138127,-0.824727,0.754404,0.343737,0.559213
0.627155,0.353407,1.02745,0.360731,-0.901669,-0.238467,0.548404,0.41187,-0.727747,0.754404,0.131745,0.643053
0.627155,0.310936,0.995416,0.360731,-0.765731,-0.532475,0.548404,0.635936,-0.542991,0.754404,-0.0961374,0.649332
0.627155,0.281982,0.950791,0.360731,-0.537434,-0.762258,0.548404,0.783298,-0.292742,0.754404,-0.312424,0.577291
0.627155,0.270037,0.898954,0.360731,-0.244316,-0.900102,0.548404,0.836183,-0.0071836,0.754404,-0.491028,0.435621
0.627155,0.276541,0.846158,0.360731,0.0782714,-0.92938,0.548404,0.788212,0.279241,0.754404,-0.610406,0.241408
0.627155,0.300711,0.798771,0.360731,0.391418,-0.846561,0.548404,0.645171,0.531985,0.754404,-0.656161,0.0180784
0.627155,0.33963,0.762507,0.360731,0.657353,-0.661634,0.548404,0.424313,0.720564,0.754404,-0.622773,-0.207432
0.627155,0.388605,0.741742,0.360731,0.844002,-0.396905,0.548404,0.152276,0.822232,0.754404,-0.514269,-0.407923
0.627155,0.441728,0.73898,0.360731,0.928852,-0.0843028,0.548404,-0.138127,0.824727,0.754404,-0.343737,-0.559213
0.627155,0.492593,0.754553,0.360731,0.901669,0.238467,0.548404,-0.41187,0.727747,0.754404,-0.131745,-0.643053
0.627155,0.535064,0.786584,0.360731,0.765731,0.532475,0.548404,-0.635936,0.542991,0.754404,0.0961374,-0.649332
0.627155,0.564018,0.831209,0.360731,0.537434,0.762258,0.548404,-0.783298,0.292742,0.754404,0.312424,-0.577291
0.627155,0.575963,0.883046,0.360731,0.244316,0.900102,0.548404,-0.836183,0.0071836,0.754404,0.491028,-0.435621
0.627155,0.569459,0.935842,0.360731,-0.0782714,0.92938,0.548404,-0.788212,-0.279241,0.754404,0.610406,-0.241408
0.627155,0.545289,0.983229,0.360731,-0.391418,0.846561,0.548404,-0.645171,-0.531985,0.754404,0.656161,-0.0180784
0.627155,0.50637,1.01949,0.360731,-0.657353,0.661634,0.548404,-0.424313,-0.720564,0.754404,0.622773,0.207432
0.627155,0.457395,1.04026,0.360731,-0.844002,0.396905,0.548404,-0.152276,-0.822232,0.754404,0.514269,0.407923
0.627137,0.563701,0.951416,0.0304265,-0.896925,0.441134,0.655705,-0.315191,-0.68608,0.754404,0.310129,0.578528
0.627137,0.534552,0.995895,0.0304265,-0.993711,0.107764,0.655705,-0.0615291,-0.752506,0.754404,0.0935574,0.649709
0.627137,0.491948,1.02772,0.0304265,-0.97064,-0.238604,0.655705,0.199554,-0.728169,0.754404,-0.134298,0.642525
0.627137,0.441029,1.04306,0.0304265,-0.830496,-0.556193,0.655705,0.436568,-0.616003,0.754404,-0.345956,0.557843
0.627137,0.387934,1.04005,0.0304265,-0.590182,-0.806697,0.655705,0.620925,-0.429539,0.754404,-0.515886,0.405877
0.627137,0.33907,1.01907,0.0304265,-0.278683,-0.959901,0.655705,0.730389,-0.191266,0.754404,-0.623592,0.204957
0.627137,0.300328,0.982642,0.0304265,0.0664294,-0.997327,0.655705,0.751758,0.070077,0.754404,-0.656084,-0.0206847
0.627137,0.276382,0.935159,0.0304265,0.403529,-0.914461,0.655705,0.682454,0.322967,0.754404,-0.609443,-0.243831
0.627137,0.270121,0.88235,0.0304265,0.691957,-0.721297,0.655705,0.530836,0.536903,0.754404,-0.489294,-0.437568
0.627137,0.282299,0.830584,0.0304265,0.896925,-0.441134,0.655705,0.315191,0.68608,0.754404,-0.310129,-0.578528
0.627137,0.311448,0.786105,0.0304265,0.993711,-0.107764,0.655705,0.0615291,0.752506,0.754404,-0.0935574,-0.649709
0.627137,0.354052,0.754278,0.0304265,0.97064,0.238604,0.655705,-0.199554,0.728169,0.754404,0.134298,-0.642525
0.627137,0.404971,0.738942,0.0304265,0.830496,0.556193,0.655705,-0.436568,0.616003,0.754404,0.345956,-0.557843
0.627137,0.458066,0.741946,0.0304265,0.590182,0.806697,0.655705,-0.620925,0.429539,0.754404,0.515886,-0.405877
0.627137,0.50693,0.762928,0.0304265,0.278683,0.959901,0.655705,-0.730389,0.191266,0.754404,0.623592,-0.204957
0.627137,0.545672,0.799358,0.0304265,-0.0664294,0.997327,0.655705,-0.751758,-0.070077,0.754404,0.656084,0.0206847
0.627137,0.569618,0.846841,0.0304265,-0.403529,0.914461,0.655705,-0.682454,-0.322967,0.754404,0.609443,0.243831
0.627137,0.575879,0.89965,0.0304265,-0.691957,0.721297,0.655705,-0.530836,-0.536903,0.754404,0.489294,0.437568
0.627137,0.563701,0.951416,0.0304265,-0.896925,0.441134,0.655705,-0.315191,-0.68608,0.754404,0.310129,0.578528
0.674504,0.6636,0.867928,-0.303548,-0.859972,0.410251,0.683918,-0.49644,-0.534606,0.663411,0.1183,0.738844
0.674504,0.656981,0.951609,-0.303548,-0.948424,0.0913824,0.683918,-0.283655,-0.672158,0.663411,-0.141534,0.734747
0.674504,0.622141,1.02798,-0.303548,-0.922482,-0.238509,0.683918,-0.0366574,-0.728637,0.663411,-0.384297,0.642029
0.674504,0.563281,1.08783,-0.303548,-0.785274,-0.539632,0.683918,0.214762,-0.697233,0.663411,-0.580708,0.471873
0.674504,0.487501,1.12394,-0.303548,-0.553351,-0.775668,0.683918,0.440278,-0.581732,0.663411,-0.707077,0.244801
0.674504,0.403942,1.13195,-0.303548,-0.254686,-0.918147,0.683918,0.61269,-0.396065,0.663411,-0.748162,-0.0117964
0.674504,0.322681,1.1109,-0.303548,0.0746979,-0.949884,0.683918,0.711202,-0.162627,0.663411,-0.699008,-0.266971
0.674504,0.25352,1.06333,-0.303548,0.395072,-0.86705,0.683918,0.723933,0.0904261,0.663411,-0.565543,-0.489946
0.674504,0.204801,0.994971,-0.303548,0.667795,-0.679638,0.683918,0.649347,0.332573,0.663411,-0.363865,-0.653825
0.674504,0.1824,0.914072,-0.303548,0.859972,-0.410251,0.683918,0.49644,0.534606,0.663411,-0.1183,-0.738844
0.674504,0.189019,0.830391,-0.303548,0.948424,-0.0913824,0.683918,0.283655,0.672158,0.663411,0.141534,-0.734747
0.674504,0.223859,0.75402,-0.303548,0.922482,0.238509,0.683918,0.0366574,0.728637,0.663411,0.384297,-0.642029
0.674504,0.282719,0.69417,-0.303548,0.785274,0.539632,0.683918,-0.214762,0.697233,0.663411,0.580708,-0.471873
0.674504,0.358499,0.658062,-0.303548,0.553351,0.775668,0.683918,-0.440278,0.581732,0.663411,0.707077,-0.244801
0.674504,0.442058,0.650049,-0.303548,0.254686,0.918147,0.683918,-0.61269,0.396065,0.663411,0.748162,0.0117964
0.674504,0.523319,0.671098,-0.303548,-0.0746979,0.949884,0.683918,-0.711202,0.162627,0.663411,0.699008,0.266971
0.674504,0.59248,0.718671,-0.303548,-0.395072,0.86705,0.683918,-0.723933,-0.0904261,0.663411,0.565543,0.489946
0.674504,0.641199,0.787029,-0.303548,-0.667795,0.679638,0.683918,-0.649347,-0.332573,0.663411,0.363865,0.653825
0.674504,0.6636,0.867928,-0.303548,-0.859972,0.410251,0.683918,-0.49644,-0.534606,0.663411,0.1183,0.738844
0.763543,0.745044,0.799863,-0.60091,-0.7376,0.307982,0.629641,-0.674163,-0.386078,0.492402,-0.0380805,0.869535
0.763543,0.756793,0.915505,-0.60091,-0.798453,0.0371344,0.629641,-0.50146,-0.593372,0.492402,-0.333182,0.804071
0.763543,0.728281,1.02819,-0.60091,-0.763001,-0.238192,0.629641,-0.268273,-0.729097,0.492402,-0.588098,0.641625
0.763543,0.662948,1.12433,-0.60091,-0.63552,-0.484789,0.629641,-0.00272801,-0.776882,0.492402,-0.772079,0.401789
0.763543,0.568674,1.19233,-0.60091,-0.431386,-0.672914,0.629641,0.263146,-0.730963,0.492402,-0.862937,0.113491
0.763543,0.45683,1.22398,-0.60091,-0.17522,-0.779875,0.629641,0.49728,-0.596879,0.492402,-0.849712,-0.188495
0.763543,0.340905,1.21547,-0.60091,0.10208,-0.792771,0.629641,0.671435,-0.390803,0.492402,-0.733999,-0.467746
0.763543,0.234882,1.16782,-0.60091,0.367067,-0.710048,0.629641,0.764605,-0.137591,0.492402,-0.529755,-0.69058
0.763543,0.151549,1.08679,-0.60091,0.587781,-0.541682,0.629641,0.765553,0.132218,0.492402,-0.261614,-0.83012
0.763543,0.100956,0.982137,-0.60091,0.7376,-0.307982,0.629641,0.674163,0.386078,0.492402,0.0380805,-0.869535
0.763543,0.0892074,0.866495,-0.60091,0.798453,-0.0371344,0.629641,0.50146,0.593372,0.492402,0.333182,-0.804071
0.763543,0.117719,0.753809,-0.60091,0.763001,0.238192,0.629641,0.268273,0.729097,0.492402,0.588098,-0.641625
0.763543,0.183052,0.65767,-0.60091,0.63552,0.484789,0.629641,0.00272801,0.776882,0.492402,0.772079,-0.401789
0.763543,0.277326,0.589675,-0.60091,0.431386,0.672914,0.629641,-0.263146,0.730963,0.492402,0.862937,-0.113491
0.763543,0.38917,0.558023,-0.60091,0.17522,0.779875,0.629641,-0.49728,0.596879,0.492402,0.849712,0.188495
0.763543,0.505095,0.566534,-0.60091,-0.10208,0.792771,0.629641,-0.671435,0.390803,0.492402,0.733999,0.467746
0.763543,0.611118,0.61418,-0.60091,-0.367067,0.710048,0.629641,-0.764605,0.137591,0.492402,0.529755,0.69058
0.763543,0.694451,0.695214,-0.60091,-0.587781,0.541682,0.629641,-0.765553,-0.132218,0.492402,0.261614,0.83012
0.763543,0.745044,0.799863,-0.60091,-0.7376,0.307982,0.629641,-0.674163,-0.386078,0.492402,-0.0380805,0.869535
0.883514,0.798208,0.755432,-0.825794,-0.544568,0.146661,0.499419,-0.826924,-0.258413,0.262001,-0.14015,0.954837
0.883514,0.821947,0.891937,-0.825794,-0.561888,-0.0484371,0.499419,-0.688672,-0.525653,0.262001,-0.458272,0.849319
0.883514,0.797568,1.02833,-0.825794,-0.511435,-0.237693,0.499419,-0.467356,-0.729492,0.262001,-0.721119,0.641361
0.883514,0.728009,1.14816,-0.825794,-0.399296,-0.398279,0.499419,-0.18967,-0.845344,0.262001,-0.896988,0.356045
0.883514,0.621662,1.23697,-0.825794,-0.238996,-0.510828,0.499419,0.110893,-0.859234,0.262001,-0.964668,0.0277845
0.883514,0.491354,1.28405,-0.825794,-0.0498695,-0.561762,0.499419,0.398081,-0.769488,0.262001,-0.915994,-0.303827
0.883514,0.352801,1.28372,-0.825794,0.145272,-0.54494,0.499419,0.637254,-0.586931,0.262001,-0.756838,-0.598792
0.883514,0.222715,1.23603,-0.825794,0.322892,-0.462391,0.499419,0.799565,-0.333581,0.262001,-0.506396,-0.821534
0.883514,0.116786,1.14672,-0.825794,0.461566,-0.32407,0.499419,0.865437,-0.0399961,0.262001,-0.194875,-0.945187
0.883514,0.0477916,1.02657,-0.825794,0.544568,-0.146661,0.499419,0.826924,0.258413,0.262001,0.14015,-0.954837
0.883514,0.0240525,0.890063,-0.825794,0.561888,0.0484371,0.499419,0.688672,0.525653,0.262001,0.458272,-0.849319
0.883514,0.0484324,0.753672,-0.825794,0.511435,0.237693,0.499419,0.467356,0.729492,0.262001,0.721119,-0.641361
0.883514,0.117991,0.633844,-0.825794,0.399296,0.398279,0.499419,0.18967,0.845344,0.262001,0.896988,-0.356045
0.883514,0.224338,0.545033,-0.825794,0.238996,0.510828,0.499419,-0.110893,0.859234,0.262001,0.964668,-0.0277845
0.883514,0.354646,0.497951,-0.825794,0.0498695,0.561762,0.499419,-0.398081,0.769488,0.262001,0.915994,0.303827
0.883514,0.493199,0.498276,-0.825794,-0.145272,0.54494,0.499419,-0.637254,0.586931,0.262001,0.756838,0.598792
0.883514,0.623285,0.54597,-0.825794,-0.322892,0.462391,0.499419,-0.799565,0.333581,0.262001,0.506396,0.821534
0.883514,0.729214,0.635279,-0.825794,-0.461566,0.32407,0.499419,-0.865437,0.0399961,0.262001,0.194875,0.945187
0.883514,0.798208,0.755432,-0.825794,-0.544568,0.146661,0.499419,-0.826924,-0.258413,0.262001,-0.14015,0.954837
0.875863,0.113827,1.13884,0.985232,-0.155734,-0.0711747,-0.00862081,0.370032,-0.928979,0.17101,0.915873,0.363224
0.875863,0.0477063,1.01815,0.985232,-0.121998,-0.120146,-0.00862081,0.665445,-0.746397,0.17101,0.736409,0.654566
0.875863,0.0268511,0.882125,0.985232,-0.0735486,-0.154627,-0.00862081,0.880597,-0.473788,0.17101,0.468124,0.866958
0.875863,0.0537773,0.747169,0.985232,-0.0162277,-0.170457,-0.00862081,0.989535,-0.144033,0.17101,0.143375,0.974782
0.875863,0.125237,0.629562,0.985232,0.0430505,-0.165727,-0.00862081,0.979121,0.203094,0.17101,-0.198666,0.965032
0.875863,0.232612,0.543487,0.985232,0.0971362,-0.141008,-0.00862081,0.850611,0.525725,0.17101,-0.516746,0.838886
0.875863,0.36295,0.499328,0.985232,0.139506,-0.0992819,-0.00862081,0.619504,0.784946,0.17101,-0.772498,0.611557
0.875863,0.500531,0.502411,0.985232,0.165049,-0.0455806,-0.00862081,0.313676,0.949491,0.17101,-0.935076,0.310466
0.875863,0.628761,0.552363,0.985232,0.170685,0.0136183,-0.00862081,-0.0299863,0.999513,0.17101,-0.984869,-0.028072
0.875863,0.732173,0.643159,0.985232,0.155734,0.0711747,-0.00862081,-0.370032,0.928979,0.17101,-0.915873,-0.363224
0.875863,0.798294,0.763849,0.985232,0.121998,0.120146,-0.00862081,-0.665445,0.746397,0.17101,-0.736409,-0.654566
0.875863,0.819149,0.899875,0.985232,0.0735486,0.154627,-0.00862081,-0.880597,0.473788,0.17101,-0.468124,-0.866958
0.875863,0.792223,1.03483,0.985232,0.0162277,0.170457,-0.00862081,-0.989535,0.144033,0.17101,-0.143375,-0.974782
0.875863,0.720763,1.15244,0.985232,-0.0430505,0.165727,-0.00862081,-0.979121,-0.203094,0.17101,0.198666,-0.965032
0.875863,0.613388,1.23851,0.985232,-0.0971362,0.141008,-0.00862081,-0.850611,-0.525725,0.17101,0.516746,-0.838886
0.875863,0.48305,1.28267,0.985232,-0.139506,0.0992819,-0.00862081,-0.619504,-0.784946,0.17101,0.772498,-0.611557
0.875863,0.345469,1.27959,0.985232,-0.165049,0.0455806,-0.00862081,-0.313676,-0.949491,0.17101,0.935076,-0.310466
0.875863,0.217239,1.22964,0.985232,-0.170685,-0.0136183,-0.00862081,0.0299863,-0.999513,0.17101,0.984869,0.028072
0.875863,0.113827,1.13884,0.985232,-0.155734,-0.0711747,-0.00862081,0.370032,-0.928979,0.17101,0.915873,0.363224
0.749059,0.169987,1.09191,0.900555,-0.410878,0.142056,0.292759,0.331588,-0.896851,0.321393,0.849252,0.418901
0.749059,0.116531,0.993255,0.900555,-0.434685,-0.00703979,0.292759,0.618332,-0.729355,0.321393,0.654763,0.6841
0.749059,0.10004,0.88227,0.900555,-0.406063,-0.155286,0.292759,0.830496,-0.473887,0.321393,0.3813,0.866786
0.749059,0.122503,0.772338,0.900555,-0.328463,-0.284803,0.292759,0.94249,-0.161262,0.321393,0.0618465,0.944924
0.749059,0.18121,0.676718,0.900555,-0.211246,-0.379969,0.292759,0.940805,0.170814,0.321393,-0.265066,0.909091
0.749059,0.269081,0.606944,0.900555,-0.0685495,-0.429304,0.292759,0.825646,0.482287,0.321393,-0.560008,0.763608
0.749059,0.375516,0.571431,0.900555,0.0824152,-0.426859,0.292759,0.610902,0.735589,0.321393,-0.787405,0.526023
0.749059,0.487679,0.574463,0.900555,0.223439,-0.372929,0.292759,0.322474,0.900168,0.321393,-0.919829,0.224991
0.749059,0.59204,0.615674,0.900555,0.337513,-0.274018,0.292759,-0.00484963,0.956174,0.321393,-0.941308,-0.103177
0.749059,0.676013,0.690093,0.900555,0.410878,-0.142056,0.292759,-0.331588,0.896851,0.321393,-0.849252,-0.418901
0.749059,0.729469,0.788745,0.900555,0.434685,0.00703979,0.292759,-0.618332,0.729355,0.321393,-0.654763,-0.6841
0.749059,0.74596,0.89973,0.900555,0.406063,0.155286,0.292759,-0.830496,0.473887,0.321393,-0.3813,-0.866786
0.749059,0.723497,1.00966,0.900555,0.328463,0.284803,0.292759,-0.94249,0.161262,0.321393,-0.0618465,-0.944924
0.749059,0.66479,1.10528,0.900555,0.211246,0.379969,0.292759,-0.940805,-0.170814,0.321393,0.265066,-0.909091
0.749059,0.576919,1.17506,0.900555,0.0685495,0.429304,0.292759,-0.825646,-0.482287,0.321393,0.560008,-0.763608
0.749059,0.470484,1.21057,0.900555,-0.0824152,0.426859,0.292759,-0.610902,-0.735589,0.321393,0.787405,-0.526023
0.749059,0.358321,1.20754,0.900555,-0.223439,0.372929,0.292759,-0.322474,-0.900168,0.321393,0.919829,-0.224991
0.749059,0.25396,1.16633,0.900555,-0.337513,0.274018,0.292759,0.00484963,-0.956174,0.321393,0.941308,0.103177
0.749059,0.169987,1.09191,0.900555,-0.410878,0.142056,0.292759,0.331588,-0.896851,0.321393,0.849252,0.418901
0.654934,0.256038,1.01999,0.707258,-0.628414,0.323855,0.558827,0.216369,-0.80056,0.433011,0.747182,0.504204
0.654934,0.221989,0.955108,0.707258,-0.701281,0.0893943,0.558827,0.477128,-0.678278,0.433011,0.529673,0.729348
0.654934,0.212185,0.882493,0.707258,-0.689563,-0.155849,0.558827,0.680338,-0.474185,0.433011,0.248278,0.866522
0.654934,0.227809,0.810903,0.707258,-0.594674,-0.382295,0.558827,0.80149,-0.212899,0.433011,-0.0630624,0.89918
0.654934,0.266975,0.748974,0.707258,-0.428058,-0.56263,0.558827,0.82597,0.0740663,0.433011,-0.366797,0.823384
0.654934,0.32496,0.704176,0.707258,-0.209812,-0.675104,0.558827,0.750826,0.352098,0.433011,-0.62629,0.648276
0.654934,0.394771,0.681911,0.707258,0.0337399,-0.70615,0.558827,0.585121,0.587661,0.433011,-0.810244,0.394976
0.654934,0.467986,0.684866,0.707258,0.273223,-0.652024,0.558827,0.348842,0.752344,0.433011,-0.89647,0.0940366
0.654934,0.535775,0.712683,0.707258,0.479751,-0.519255,0.558827,0.0704871,0.826283,0.433011,-0.874569,-0.218245
0.654934,0.589962,0.762008,0.707258,0.628414,-0.323855,0.558827,-0.216369,0.80056,0.433011,-0.747182,-0.504204
0.654934,0.624011,0.826892,0.707258,0.701281,-0.0893943,0.558827,-0.477128,0.678278,0.433011,-0.529673,-0.729348
0.654934,0.633815,0.899507,0.707258,0.689563,0.155849,0.558827,-0.680338,0.474185,0.433011,-0.248278,-0.866522
0.654934,0.618191,0.971097,0.707258,0.594674,0.382295,0.558827,-0.80149,0.212899,0.433011,0.0630624,-0.89918
0.654934,0.579025,1.03303,0.707258,0.428058,0.56263,0.558827,-0.82597,-0.0740663,0.433011,0.366797,-0.823384
0.654934,0.52104,1.07782,0.707258,0.209812,0.675104,0.558827,-0.750826,-0.352098,0.433011,0.62629,-0.648276
0.654934,0.451229,1.10009,0.707258,-0.0337399,0.70615,0.558827,-0.585121,-0.587661,0.433011,0.810244,-0.394976
0.654934,0.378014,1.09713,0.707258,-0.273223,0.652024,0.558827,-0.348842,-0.752344,0.433011,0.89647,-0.0940366
