0.658953,0.195251,0.917697,0.308961,-0.0190177,0.950885,0.951075,0.00618165,-0.308899,-3.49349e-06,0.9998,0.0199971
0.907818,0.154435,0.608396,0.92986,0.294789,-0.220138,-0.179072,0.885313,0.429132,0.321394,-0.359612,0.876005
0.907818,0.277287,0.538874,0.92986,0.352303,-0.106038,-0.179072,0.68515,0.706047,0.321394,-0.637536,0.700181
0.907818,0.416508,0.515563,0.92986,0.367323,0.020851,-0.179072,0.402348,0.897802,0.321394,-0.838564,0.439905
0.907818,0.555306,0.541274,0.92986,0.33804,0.145226,-0.179072,0.0710171,0.981269,0.321394,-0.938449,0.126569
0.907818,0.67694,0.612906,0.92986,0.267983,0.252084,-0.179072,-0.26888,0.946381,0.321394,-0.925143,-0.202032
0.907818,0.766739,0.721819,0.92986,0.165604,0.328537,-0.179072,-0.576346,0.797345,0.321394,-0.800251,-0.506265
0.907818,0.813872,0.854878,0.92986,0.0432508,0.365364,-0.179072,-0.814296,0.552137,0.321394,-0.578837,-0.749436
0.907818,0.812653,0.996032,0.92986,-0.0843193,0.358122,-0.179072,-0.95403,0.240334,0.321394,-0.287606,-0.902213
0.907818,0.763231,1.12826,0.92986,-0.201719,0.307686,-0.179072,-0.978694,-0.100457,0.321394,0.0383133,-0.94617
0.907818,0.671565,1.2356,0.92986,-0.294789,0.220138,-0.179072,-0.885313,-0.429132,0.321394,0.359612,-0.876005
0.907818,0.548713,1.30513,0.92986,-0.352303,0.106038,-0.179072,-0.68515,-0.706047,0.321394,0.637536,-0.700181
0.907818,0.409492,1.32844,0.92986,-0.367323,-0.020851,-0.179072,-0.402348,-0.897802,0.321394,0.838564,-0.439905
0.907818,0.270694,1.30273,0.92986,-0.33804,-0.145226,-0.179072,-0.0710171,-0.981269,0.321394,0.938449,-0.126569
0.907818,0.14906,1.23109,0.92986,-0.267983,-0.252084,-0.179072,0.26888,-0.946381,0.321394,0.925143,0.202032
0.907818,0.0592612,1.12218,0.92986,-0.165604,-0.328537,-0.179072,0.576346,-0.797345,0.321394,0.800251,0.506265
0.907818,0.0121285,0.989122,0.92986,-0.0432508,-0.365364,-0.179072,0.814296,-0.552137,0.321394,0.578837,0.749436
0.907818,0.0133468,0.847968,0.92986,0.0843193,-0.358122,-0.179072,0.95403,-0.240334,0.321394,0.287606,0.902213
0.907818,0.0627691,0.715744,0.92986,0.201719,-0.307686,-0.179072,0.978694,0.100457,0.321394,-0.0383133,0.94617
0.907818,0.154435,0.608396,0.92986,0.294789,-0.220138,-0.179072,0.885313,0.429132,0.321394,-0.359612,0.876005
0.809114,0.153295,0.665351,0.796489,0.300876,-0.524479,-0.0275851,0.884584,0.465564,0.604023,-0.356349,0.712862
0.809114,0.256737,0.592004,0.796489,0.462113,-0.389944,-0.0275851,0.672005,0.740033,0.604023,-0.578672,0.547992
0.809114,0.379026,0.55846,0.796489,0.567613,-0.208375,-0.0275851,0.378372,0.925243,0.604023,-0.731198,0.317027
0.809114,0.505413,0.568765,0.796489,0.60465,-0.00167362,-0.0275851,0.0391018,0.998854,0.604023,-0.795531,0.0478235
0.809114,0.620653,0.621674,0.796489,0.568758,0.20523,-0.0275851,-0.304885,0.95199,0.604023,-0.763911,-0.227148
0.809114,0.710848,0.710808,0.796489,0.464265,0.38738,-0.0275851,-0.612098,0.790301,0.604023,-0.640152,-0.474722
0.809114,0.765117,0.825414,0.796489,0.303774,0.522806,-0.0275851,-0.845482,0.53329,0.604023,-0.439182,-0.665038
0.809114,0.776916,0.95167,0.796489,0.106645,0.595174,-0.0275851,-0.97689,0.211957,0.604023,-0.185239,-0.77514
0.809114,0.744822,1.07435,0.796489,-0.103348,0.595755,-0.0275851,-0.99047,-0.134941,0.604023,0.0910455,-0.791749
0.809114,0.672705,1.17865,0.796489,-0.300876,0.524479,-0.0275851,-0.884584,-0.465564,0.604023,0.356349,-0.712862
0.809114,0.569263,1.252,0.796489,-0.462113,0.389944,-0.0275851,-0.672005,-0.740033,0.604023,0.578672,-0.547992
0.809114,0.446974,1.28554,0.796489,-0.567613,0.208375,-0.0275851,-0.378372,-0.925243,0.604023,0.731198,-0.317027
0.809114,0.320587,1.27524,0.796489,-0.60465,0.00167362,-0.0275851,-0.0391018,-0.998854,0.604023,0.795531,-0.0478235
0.809114,0.205347,1.22233,0.796489,-0.568758,-0.20523,-0.0275851,0.304885,-0.95199,0.604023,0.763911,0.227148
0.809114,0.115152,1.13319,0.796489,-0.464265,-0.38738,-0.0275851,0.612098,-0.790301,0.604023,0.640152,0.474722
0.809114,0.0608828,1.01859,0.796489,-0.303774,-0.522806,-0.0275851,0.845482,-0.53329,0.604023,0.439182,0.665038
0.809114,0.0490837,0.89233,0.796489,-0.106645,-0.595174,-0.0275851,0.97689,-0.211957,0.604023,0.185239,0.77514
0.809114,0.0811783,0.769653,0.796489,0.103348,-0.595755,-0.0275851,0.99047,0.134941,0.604023,-0.0910455,0.791749
0.809114,0.153295,0.665351,0.796489,0.300876,-0.524479,-0.0275851,0.884584,0.465564,0.604023,-0.356349,0.712862
0.735846,0.15155,0.752622,0.567051,0.305683,-0.76486,0.127229,0.884936,0.447998,0.813797,-0.35135,0.462912
0.735846,0.225248,0.673416,0.567051,0.548846,-0.614184,0.127229,0.678343,0.723646,0.813797,-0.488486,0.314826
0.735846,0.321592,0.624192,0.567051,0.72581,-0.389427,0.127229,0.389933,0.912012,0.813797,-0.566704,0.128767
0.735846,0.428961,0.610889,0.567051,0.81523,-0.117701,0.127229,0.0544905,0.990375,0.813797,-0.576568,-0.0728222
0.735846,0.534404,0.63511,0.567051,0.806321,0.168223,0.127229,-0.287524,0.949285,0.813797,-0.51689,-0.265628
0.735846,0.625205,0.693934,0.567051,0.700159,0.433856,0.127229,-0.594859,0.793697,0.813797,-0.394868,-0.426396
0.735846,0.690411,0.780267,0.567051,0.509547,0.64716,0.127229,-0.830445,0.542378,0.813797,-0.225218,-0.535734
0.735846,0.722156,0.883694,0.567051,0.257476,0.782406,0.127229,-0.965867,0.22564,0.813797,-0.0284041,-0.580454
0.735846,0.716613,0.991742,0.567051,-0.0256508,0.823283,0.127229,-0.984792,-0.118314,0.813797,0.171836,-0.555163
0.735846,0.67445,1.09138,0.567051,-0.305683,0.76486,0.127229,-0.884936,-0.447998,0.813797,0.35135,-0.462912
0.735846,0.600752,1.17058,0.567051,-0.548846,0.614184,0.127229,-0.678343,-0.723646,0.813797,0.488486,-0.314826
0.735846,0.504408,1.21981,0.567051,-0.72581,0.389427,0.127229,-0.389933,-0.912012,0.813797,0.566704,-0.128767
0.735846,0.397039,1.23311,0.567051,-0.81523,0.117701,0.127229,-0.0544905,-0.990375,0.813797,0.576568,0.0728222
0.735846,0.291596,1.20889,0.567051,-0.806321,-0.168223,0.127229,0.287524,-0.949285,0.813797,0.51689,0.265628
0.735846,0.200795,1.15007,0.567051,-0.700159,-0.433856,0.127229,0.594859,-0.793697,0.813797,0.394868,0.426396
0.735846,0.135589,1.06373,0.567051,-0.509547,-0.64716,0.127229,0.830445,-0.542378,0.813797,0.225218,0.535734
0.735846,0.103844,0.960306,0.567051,-0.257476,-0.782406,0.127229,0.965867,-0.22564,0.813797,0.0284041,0.580454
0.735846,0.109387,0.852258,0.567051,0.0256508,-0.823283,0.127229,0.984792,0.118314,0.813797,-0.171836,0.555163
0.735846,0.15155,0.752622,0.567051,0.305683,-0.76486,0.127229,0.884936,0.447998,0.813797,-0.35135,0.462912
0.696852,0.149409,0.859684,0.269218,0.308632,-0.912287,0.266698,0.886324,0.378552,0.925416,-0.345218,0.156303
0.696852,0.186618,0.773289,0.269218,0.60204,-0.751711,0.266698,0.7034,0.658863,0.925416,-0.377857,0.0288052
0.696852,0.251133,0.70483,0.269218,0.822833,-0.500468,0.266698,0.435636,0.859706,0.925416,-0.364922,-0.102167
0.696852,0.335171,0.662565,0.269218,0.94438,-0.188861,0.266698,0.115327,0.956855,0.925416,-0.307971,-0.220816
0.696852,0.428597,0.651592,0.269218,0.952021,0.145526,0.266698,-0.218892,0.938594,0.925416,-0.213875,-0.312832
0.696852,0.520141,0.673234,0.269218,0.844834,0.46236,0.266698,-0.526709,0.807124,0.925416,-0.0939818,-0.367115
0.696852,0.598763,0.724881,0.269218,0.635748,0.723427,0.266698,-0.770997,0.578304,0.925416,0.0372467,-0.377119
0.696852,0.654978,0.800303,0.269218,0.349981,0.897237,0.266698,-0.922292,0.279731,0.925416,0.163983,-0.341637
0.696852,0.682008,0.890404,0.269218,0.0220016,0.962828,0.266698,-0.962345,-0.0525812,0.925416,0.27094,-0.264948
0.696852,0.676591,0.984316,0.269218,-0.308632,0.912287,0.266698,-0.886324,-0.378552,0.925416,0.345218,-0.156303
0.696852,0.639382,1.07071,0.269218,-0.60204,0.751711,0.266698,-0.7034,-0.658863,0.925416,0.377857,-0.0288052
0.696852,0.574867,1.13917,0.269218,-0.822833,0.500468,0.266698,-0.435636,-0.859706,0.925416,0.364922,0.102167
0.696852,0.490829,1.18143,0.269218,-0.94438,0.188861,0.266698,-0.115327,-0.956855,0.925416,0.307971,0.220816
0.696852,0.397403,1.19241,0.269218,-0.952021,-0.145526,0.266698,0.218892,-0.938594,0.925416,0.213875,0.312832
0.696852,0.305859,1.17077,0.269218,-0.844834,-0.46236,0.266698,0.526709,-0.807124,0.925416,0.0939818,0.367115
0.696852,0.227237,1.11912,0.269218,-0.635748,-0.723427,0.266698,0.770997,-0.578304,0.925416,-0.0372467,0.377119
0.696852,0.171022,1.0437,0.269218,-0.349981,-0.897237,0.266698,0.922292,-0.279731,0.925416,-0.163983,0.341637
0.696852,0.143992,0.953596,0.269218,-0.0220016,-0.962828,0.266698,0.962345,0.0525812,0.925416,-0.27094,0.264948
0.696852,0.149409,0.859684,0.269218,0.308632,-0.912287,0.266698,0.886324,0.378552,0.925416,-0.345218,0.156303
0.696834,0.14713,0.973624,-0.061087,0.309366,-0.948979,0.373999,0.888583,0.265602,0.925415,-0.338692,-0.169983
0.696834,0.145507,0.879578,-0.061087,0.615279,-0.785939,0.373999,0.744154,0.553498,0.925415,-0.260129,-0.275572
0.696834,0.176148,0.790648,-0.061087,0.84698,-0.528104,0.373999,0.509969,0.774633,0.925415,-0.15019,-0.347922
0.696834,0.235357,0.717562,-0.061087,0.976523,-0.206571,0.373999,0.214274,0.902337,0.925415,-0.0221362,-0.378308
0.696834,0.315992,0.669134,-0.061087,0.988283,0.139877,0.373999,-0.107266,0.921205,0.925415,0.108588,-0.363064
0.696834,0.408328,0.651205,-0.061087,0.880841,0.469454,0.373999,-0.415868,0.828963,0.925415,0.226214,-0.304029
0.696834,0.501227,0.665938,-0.061087,0.667157,0.742408,0.373999,-0.67431,0.636735,0.925415,0.316556,-0.208324
0.696834,0.583485,0.711556,-0.061087,0.373004,0.925817,0.373999,-0.85142,0.367707,0.925415,0.368716,-0.0874924
0.696834,0.64518,0.782556,-0.061087,0.0338613,0.997558,0.373999,-0.925837,0.0543292,0.925415,0.376404,0.0438925
0.696834,0.67887,0.870376,-0.061087,-0.309366,0.948979,0.373999,-0.888583,-0.265602,0.925415,0.338692,0.169983
0.696834,0.680493,0.964422,-0.061087,-0.615279,0.785939,0.373999,-0.744154,-0.553498,0.925415,0.260129,0.275572
0.696834,0.649852,1.05335,-0.061087,-0.84698,0.528104,0.373999,-0.509969,-0.774633,0.925415,0.15019,0.347922
0.696834,0.590643,1.12644,-0.061087,-0.976523,0.206571,0.373999,-0.214274,-0.902337,0.925415,0.0221362,0.378308
0.696834,0.510008,1.17487,-0.061087,-0.988283,-0.139877,0.373999,0.107266,-0.921205,0.925415,-0.108588,0.363064
0.696834,0.417672,1.1928,-0.061087,-0.880841,-0.469454,0.373999,0.415868,-0.828963,0.925415,-0.226214,0.304029
0.696834,0.324773,1.17806,-0.061087,-0.667157,-0.742408,0.373999,0.67431,-0.636735,0.925415,-0.316556,0.208324
0.696834,0.242515,1.13244,-0.061087,-0.373004,-0.925817,0.373999,0.85142,-0.367707,0.925415,-0.368716,0.0874924
0.696834,0.18082,1.06144,-0.061087,-0.0338613,-0.997558,0.373999,0.925837,-0.0543292,0.925415,-0.376404,-0.0438925
0.696834,0.14713,0.973624,-0.061087,0.309366,-0.948979,0.373999,0.888583,0.265602,0.925415,-0.338692,-0.169983
0.735794,0.144988,1.0807,-0.384024,0.307796,-0.87051,0.43619,0.89144,0.122772,0.813796,-0.33256,-0.476592
0.735794,0.106873,0.979463,-0.384024,0.586966,-0.712739,0.43619,0.795689,0.420259,0.813796,-0.1495,-0.561592
0.735794,0.105682,0.871296,-0.384024,0.795338,-0.469001,0.43619,0.603966,0.667056,0.813796,0.0515916,-0.578856
0.735794,0.141557,0.769245,-0.384024,0.907782,-0.168695,0.43619,0.339396,0.833396,0.813796,0.246461,-0.526301
0.735794,0.210173,0.685618,-0.384024,0.910733,0.151958,0.43619,0.0338897,0.899216,0.813796,0.411603,-0.410267
0.735794,0.303252,0.630502,-0.384024,0.803836,0.454283,0.43619,-0.275704,0.856578,0.813796,0.5271,-0.244748
0.735794,0.409569,0.610546,-0.384024,0.599985,0.701814,0.43619,-0.552044,0.710623,0.813796,0.579021,-0.0497095
0.735794,0.516299,0.628155,-0.384024,0.323767,0.864697,0.43619,-0.761799,0.478957,0.813796,0.561103,0.151325
0.735794,0.61057,0.681207,-0.384024,0.00849796,0.923284,0.43619,-0.87967,0.189522,0.813796,0.475508,0.334108
0.735794,0.681012,0.763301,-0.384024,-0.307796,0.87051,0.43619,-0.89144,-0.122772,0.813796,0.33256,0.476592
0.735794,0.719127,0.864537,-0.384024,-0.586966,0.712739,0.43619,-0.795689,-0.420259,0.813796,0.1495,0.561592
0.735794,0.720318,0.972704,-0.384024,-0.795338,0.469001,0.43619,-0.603966,-0.667056,0.813796,-0.0515916,0.578856
0.735794,0.684443,1.07476,-0.384024,-0.907782,0.168695,0.43619,-0.339396,-0.833396,0.813796,-0.246461,0.526301
0.735794,0.615827,1.15838,-0.384024,-0.910733,-0.151958,0.43619,-0.0338897,-0.899216,0.813796,-0.411603,0.410267
0.735794,0.522748,1.2135,-0.384024,-0.803836,-0.454283,0.43619,0.275704,-0.856578,0.813796,-0.5271,0.244748
0.735794,0.416431,1.23345,-0.384024,-0.599985,-0.701814,0.43619,0.552044,-0.710623,0.813796,-0.579021,0.0497095
0.735794,0.309701,1.21584,-0.384024,-0.323767,-0.864697,0.43619,0.761799,-0.478957,0.813796,-0.561103,-0.151325
0.735794,0.21543,1.16279,-0.384024,-0.00849796,-0.923284,0.43619,0.87967,-0.189522,0.813796,-0.475508,-0.334108
0.735794,0.144988,1.0807,-0.384024,0.307796,-0.87051,0.43619,0.89144,0.122772,0.813796,-0.33256,-0.476592
0.809034,0.143243,1.16799,-0.660642,0.304113,-0.686344,0.44577,0.89455,-0.0327098,0.604021,-0.327561,-0.726541
0.809034,0.0753763,1.0609,-0.660642,0.520516,-0.540939,0.44577,0.851789,0.275217,0.604021,-0.0593149,-0.794758
0.809034,0.0482324,0.937045,-0.660642,0.674137,-0.33029,0.44577,0.70629,0.549948,0.604021,0.216085,-0.767115
0.809034,0.0650848,0.81138,-0.660642,0.746448,-0.0798024,0.44577,0.475602,0.758348,0.604021,0.465423,-0.646947
0.809034,0.123901,0.699057,-0.660642,0.728725,0.18031,0.44577,0.18755,0.875279,0.604021,0.658623,-0.448747
0.809034,0.217587,0.613624,-0.660642,0.623108,0.418675,0.44577,-0.123124,0.886639,0.604021,0.772384,-0.196422
0.809034,0.334842,0.565387,-0.660642,0.442335,0.606541,0.44577,-0.418947,0.791058,0.604021,0.792984,0.0795945
0.809034,0.461525,0.560161,-0.660642,0.208209,0.72125,0.44577,-0.664239,0.600063,0.604021,0.717938,0.346011
0.809034,0.582354,0.598579,-0.660642,-0.0510293,0.748965,0.44577,-0.829414,0.336691,0.604021,0.556298,0.570693
0.809034,0.682757,0.676007,-0.660642,-0.304113,0.686344,0.44577,-0.89455,0.0327098,0.604021,0.327561,0.726541
0.809034,0.750624,0.783104,-0.660642,-0.520516,0.540939,0.44577,-0.851789,-0.275217,0.604021,0.0593149,0.794758
0.809034,0.777768,0.906955,-0.660642,-0.674137,0.33029,0.44577,-0.70629,-0.549948,0.604021,-0.216085,0.767115
0.809034,0.760915,1.03262,-0.660642,-0.746448,0.0798024,0.44577,-0.475602,-0.758348,0.604021,-0.465423,0.646947
0.809034,0.702099,1.14494,-0.660642,-0.728725,-0.18031,0.44577,-0.18755,-0.875279,0.604021,-0.658623,0.448747
0.809034,0.608413,1.23038,-0.660642,-0.623108,-0.418675,0.44577,0.123124,-0.886639,0.604021,-0.772384,0.196422
0.809034,0.491158,1.27861,-0.660642,-0.442335,-0.606541,0.44577,0.418947,-0.791058,0.604021,-0.792984,-0.0795945
0.809034,0.364475,1.28384,-0.660642,-0.208209,-0.72125,0.44577,0.664239,-0.600063,0.604021,-0.717938,-0.346011
0.809034,0.243646,1.24542,-0.660642,0.0510293,-0.748965,0.44577,0.829414,-0.336691,0.604021,-0.556298,-0.570693
0.809034,0.143243,1.16799,-0.660642,0.304113,-0.686344,0.44577,0.89455,-0.0327098,0.604021,-0.327561,-0.726541
0.90772,0.142103,1.22498,-0.857576,0.29876,-0.418694,0.401584,0.897537,-0.182091,0.321392,-0.324298,-0.889684
0.90772,0.0548151,1.11405,-0.857576,0.423944,-0.291262,0.401584,0.905688,0.135866,0.321392,-0.00045071,-0.946946
0.90772,0.0107297,0.979966,-0.857576,0.497995,-0.128699,0.401584,0.804599,0.437436,0.321392,0.323451,-0.889992
0.90772,0.015164,0.838886,-0.857576,0.51198,0.0493865,0.401584,0.606464,0.686244,0.321392,0.60834,-0.725692
0.90772,0.0675833,0.70783,-0.857576,0.464213,0.221516,0.401584,0.335181,0.852282,0.321392,0.819854,-0.473863
0.90772,0.161665,0.602607,-0.857576,0.360454,0.366927,0.401584,0.0234692,0.915522,0.321392,0.932482,-0.164879
0.90772,0.286061,0.535907,-0.857576,0.21322,0.468081,0.401584,-0.291073,0.868336,0.321392,0.932638,0.163992
0.90772,0.425768,0.515775,-0.857576,0.0402682,0.512778,0.401584,-0.570507,0.716416,0.321392,0.820305,0.473083
0.90772,0.563935,0.544641,-0.857576,-0.137541,0.495626,0.401584,-0.78113,0.478086,0.321392,0.60903,0.725113
0.90772,0.683897,0.619021,-0.857576,-0.29876,0.418694,0.401584,-0.897537,0.182091,0.321392,0.324298,0.889684
0.90772,0.771185,0.729945,-0.857576,-0.423944,0.291262,0.401584,-0.905688,-0.135866,0.321392,0.00045071,0.946946
0.90772,0.81527,0.864034,-0.857576,-0.497995,0.128699,0.401584,-0.804599,-0.437436,0.321392,-0.323451,0.889992
0.90772,0.810836,1.00511,-0.857576,-0.51198,-0.0493865,0.401584,-0.606464,-0.686244,0.321392,-0.60834,0.725692
0.90772,0.758417,1.13617,-0.857576,-0.464213,-0.221516,0.401584,-0.335181,-0.852282,0.321392,-0.819854,0.473863
0.90772,0.664335,1.24139,-0.857576,-0.360454,-0.366927,0.401584,-0.0234692,-0.915522,0.321392,-0.932482,0.164879
0.90772,0.539939,1.30809,-0.857576,-0.21322,-0.468081,0.401584,0.291073,-0.868336,0.321392,-0.932638,-0.163992
0.90772,0.400232,1.32822,-0.857576,-0.0402682,-0.512778,0.401584,0.570507,-0.716416,0.321392,-0.820305,-0.473083
0.90772,0.262065,1.29936,-0.857576,0.137541,-0.495626,0.401584,0.78113,-0.478086,0.321392,-0.60903,-0.725113
0.90772,0.142103,1.22498,-0.857576,0.29876,-0.418694,0.401584,0.897537,-0.182091,0.321392,-0.324298,-0.889684
0.883612,0.283938,0.544469,0.961642,0.239403,-0.133907,-0.0812368,0.714817,0.694577,0.262003,-0.657056,0.706847
0.883612,0.420845,0.523095,0.961642,0.270764,-0.0439509,-0.0812368,0.434149,0.89717,0.262003,-0.859186,0.439492
0.883612,0.556805,0.549835,0.961642,0.269467,0.0513065,-0.0812368,0.101117,0.991552,0.262003,-0.957686,0.119129
0.883612,0.675421,0.621464,0.961642,0.235669,0.140376,-0.0812368,-0.244112,0.966338,0.262003,-0.940675,-0.215604
0.883612,0.762384,0.729342,0.961642,0.173445,0.212513,-0.0812368,-0.559898,0.82457,0.262003,-0.810205,-0.524331
0.883612,0.807207,0.860457,0.961642,0.0903009,0.259019,-0.0812368,-0.808151,0.583346,0.262003,-0.582012,-0.769816
0.883612,0.804482,0.998995,0.961642,-0.00373452,0.274283,-0.0812368,-0.95893,0.271762,0.262003,-0.283619,-0.92245
0.883612,0.754539,1.12825,0.961642,-0.0973195,0.256464,-0.0812368,-0.994047,-0.0726008,0.262003,0.0489816,-0.963823
0.883612,0.663401,1.23262,0.961642,-0.179166,0.207712,-0.0812368,-0.909268,-0.408207,0.262003,0.375675,-0.888945
0.883612,0.542062,1.29953,0.961642,-0.239403,0.133907,-0.0812368,-0.714817,-0.694577,0.262003,0.657056,-0.706847
0.883612,0.405155,1.3209,0.961642,-0.270764,0.0439509,-0.0812368,-0.434149,-0.89717,0.262003,0.859186,-0.439492
0.883612,0.269195,1.29416,0.961642,-0.269467,-0.0513065,-0.0812368,-0.101117,-0.991552,0.262003,0.957686,-0.119129
0.883612,0.150579,1.22254,0.961642,-0.235669,-0.140376,-0.0812368,0.244112,-0.966338,0.262003,0.940675,0.215604
0.883612,0.0636158,1.11466,0.961642,-0.173445,-0.212513,-0.0812368,0.559898,-0.82457,0.262003,0.810205,0.524331
0.883612,0.0187931,0.983543,0.961642,-0.0903009,-0.259019,-0.0812368,0.808151,-0.583346,0.262003,0.582012,0.769816
0.883612,0.0215177,0.845005,0.961642,0.00373452,-0.274283,-0.0812368,0.95893,-0.271762,0.262003,0.283619,0.92245
0.883612,0.0714608,0.715754,0.961642,0.0973195,-0.256464,-0.0812368,0.994047,0.0726008,0.262003,-0.0489816,0.963823
0.883612,0.162599,0.611378,0.961642,0.179166,-0.207712,-0.0812368,0.909268,0.408207,0.262003,-0.375675,0.888945
0.883612,0.283938,0.544469,0.961642,0.239403,-0.133907,-0.0812368,0.714817,0.694577,0.262003,-0.657056,0.706847
0.763622,0.282554,0.61371,0.856221,0.245813,-0.454381,0.156285,0.715082,0.681346,0.492403,-0.654396,0.573851
0.763622,0.395862,0.587687,0.856221,0.386396,-0.342906,0.156285,0.438923,0.884828,0.492403,-0.8112,0.315427
0.763622,0.511237,0.601987,0.856221,0.480374,-0.190071,0.156285,0.109824,0.981587,0.492403,-0.870161,0.0189579
0.763622,0.614764,0.654885,0.856221,0.516412,-0.0143107,0.156285,-0.232522,0.959952,0.492403,-0.824168,-0.279798
0.763622,0.693954,0.740001,0.856221,0.490163,0.163176,0.156285,-0.546822,0.822533,0.492403,-0.678768,-0.544806
0.763622,0.739258,0.847069,0.856221,0.404793,0.320981,0.156285,-0.795168,0.585904,0.492403,-0.451498,-0.744102
0.763622,0.74521,0.963175,0.856221,0.270599,0.440071,0.156285,-0.947604,0.278606,0.492403,-0.169772,-0.853649
0.763622,0.711093,1.07431,0.856221,0.103767,0.506082,0.156285,-0.985745,-0.0622956,0.492403,0.132432,-0.860233
0.763622,0.641021,1.16708,0.856221,-0.0755807,0.511052,0.156285,-0.904991,-0.395684,0.492403,0.418662,-0.76306
0.763622,0.543446,1.23029,0.856221,-0.245813,0.454381,0.156285,-0.715082,-0.681346,0.492403,0.654396,-0.573851
0.763622,0.430138,1.25631,0.856221,-0.386396,0.342906,0.156285,-0.438923,-0.884828,0.492403,0.8112,-0.315427
0.763622,0.314763,1.24201,0.856221,-0.480374,0.190071,0.156285,-0.109824,-0.981587,0.492403,0.870161,-0.0189579
0.763622,0.211236,1.18911,0.856221,-0.516412,0.0143107,0.156285,0.232522,-0.959952,0.492403,0.824168,0.279798
0.763622,0.132046,1.104,0.856221,-0.490163,-0.163176,0.156285,0.546822,-0.822533,0.492403,0.678768,0.544806
0.763622,0.0867421,0.996931,0.856221,-0.404793,-0.320981,0.156285,0.795168,-0.585904,0.492403,0.451498,0.744102
0.763622,0.08079,0.880825,0.856221,-0.270599,-0.440071,0.156285,0.947604,-0.278606,0.492403,0.169772,0.853649
0.763622,0.114907,0.769686,0.856221,-0.103767,-0.506082,0.156285,0.985745,0.0622956,0.492403,-0.132432,0.860233
0.763622,0.184979,0.676918,0.856221,0.0755807,-0.511052,0.156285,0.904991,0.395684,0.492403,-0.418662,0.76306
0.763622,0.282554,0.61371,0.856221,0.245813,-0.454381,0.156285,0.715082,0.681346,0.492403,-0.654396,0.573851
0.674556,0.280432,0.719806,0.647527,0.251114,-0.719479,0.374957,0.716955,0.587692,0.663413,-0.650321,0.37009
0.674556,0.357581,0.686659,0.647527,0.482047,-0.590203,0.374957,0.472715,0.797463,0.663413,-0.73768,0.125348
0.674556,0.441414,0.681897,0.647527,0.654837,-0.38974,0.374957,0.171458,0.911048,0.663413,-0.736064,-0.134512
0.674556,0.521821,0.706096,0.647527,0.748645,-0.142268,0.374957,-0.150479,0.914748,0.663413,-0.645668,-0.378149
0.674556,0.589102,0.756335,0.647527,0.752155,0.122363,0.374957,-0.454266,0.808115,0.663413,-0.477395,-0.576175
0.674556,0.635142,0.826556,0.647527,0.664943,0.372236,0.374957,-0.703262,0.604011,0.663413,-0.251541,-0.704706
0.674556,0.654389,0.908289,0.647527,0.49753,0.577211,0.374957,-0.867434,0.327055,0.663413,0.00465272,-0.748239
0.674556,0.644521,0.991676,0.647527,0.270108,0.712567,0.374957,-0.926981,0.0106513,0.663413,0.260285,-0.701524
0.674556,0.606728,1.06666,0.647527,0.010106,0.761976,0.374957,-0.87472,-0.307037,0.663413,0.484523,-0.570194
0.674556,0.545568,1.12419,0.647527,-0.251114,0.719479,0.374957,-0.716955,-0.587692,0.663413,0.650321,-0.37009
0.674556,0.468419,1.15734,0.647527,-0.482047,0.590203,0.374957,-0.472715,-0.797463,0.663413,0.73768,-0.125348
0.674556,0.384586,1.1621,0.647527,-0.654837,0.38974,0.374957,-0.171458,-0.911048,0.663413,0.736064,0.134512
0.674556,0.304179,1.1379,0.647527,-0.748645,0.142268,0.374957,0.150479,-0.914748,0.663413,0.645668,0.378149
0.674556,0.236898,1.08766,0.647527,-0.752155,-0.122363,0.374957,0.454266,-0.808115,0.663413,0.477395,0.576175
0.674556,0.190858,1.01744,0.647527,-0.664943,-0.372236,0.374957,0.703262,-0.604011,0.663413,0.251541,0.704706
0.674556,0.171611,0.935711,0.647527,-0.49753,-0.577211,0.374957,0.867434,-0.327055,0.663413,-0.00465272,0.748239
0.674556,0.181479,0.852324,0.647527,-0.270108,-0.712567,0.374957,0.926981,-0.0106513,0.663413,-0.260285,0.701524
0.674556,0.219272,0.777341,0.647527,-0.010106,-0.761976,0.374957,0.87472,0.307037,0.663413,-0.484523,0.570194
0.674556,0.280432,0.719806,0.647527,0.251114,-0.719479,0.374957,0.716955,0.587692,0.663413,-0.650321,0.37009
0.627155,0.277829,0.849961,0.360731,0.254669,-0.897227,0.548404,0.720211,0.424912,0.754404,-0.645322,0.120141
0.627155,0.310619,0.808074,0.360731,0.546181,-0.756016,0.548404,0.531448,0.645613,0.754404,-0.647495,-0.107818
0.627155,0.355759,0.779928,0.360731,0.771815,-0.523617,0.548404,0.278586,0.788444,0.754404,-0.57157,-0.322772
0.627155,0.407802,0.768918,0.360731,0.904356,-0.228063,0.548404,-0.00787883,0.836177,0.754404,-0.426706,-0.498795
0.627155,0.460473,0.776373,0.360731,0.927819,0.0949986,0.548404,-0.293393,0.783054,0.754404,-0.230375,-0.614656
0.627155,0.507417,0.801392,0.360731,0.839373,0.406602,0.548404,-0.543519,0.635484,0.754404,-0.00625674,-0.65638
0.627155,0.542974,0.840958,0.360731,0.649687,0.669164,0.548404,-0.72809,0.411265,0.754404,0.218616,-0.618935
0.627155,0.562853,0.890299,0.360731,0.381638,0.851014,0.548404,-0.824841,0.137441,0.754404,0.41712,-0.506838
0.627155,0.564658,0.943463,0.360731,0.0675587,0.93022,0.548404,-0.822105,-0.15296,0.754404,0.565313,-0.333609
0.627155,0.548171,0.994039,0.360731,-0.254669,0.897227,0.548404,-0.720211,-0.424912,0.754404,0.645322,-0.120141
0.627155,0.515381,1.03593,0.360731,-0.546181,0.756016,0.548404,-0.531448,-0.645613,0.754404,0.647495,0.107818
0.627155,0.470241,1.06407,0.360731,-0.771815,0.523617,0.548404,-0.278586,-0.788444,0.754404,0.57157,0.322772
0.627155,0.418198,1.07508,0.360731,-0.904356,0.228063,0.548404,0.00787883,-0.836177,0.754404,0.426706,0.498795
0.627155,0.365527,1.06763,0.360731,-0.927819,-0.0949986,0.548404,0.293393,-0.783054,0.754404,0.230375,0.614656
0.627155,0.318583,1.04261,0.360731,-0.839373,-0.406602,0.548404,0.543519,-0.635484,0.754404,0.00625674,0.65638
0.627155,0.283026,1.00304,0.360731,-0.649687,-0.669164,0.548404,0.72809,-0.411265,0.754404,-0.218616,0.618935
0.627155,0.263147,0.953701,0.360731,-0.381638,-0.851014,0.548404,0.824841,-0.137441,0.754404,-0.41712,0.506838
0.627155,0.261342,0.900537,0.360731,-0.0675587,-0.93022,0.548404,0.822105,0.15296,0.754404,-0.565313,0.333609
0.627155,0.277829,0.849961,0.360731,0.254669,-0.897227,0.548404,0.720211,0.424912,0.754404,-0.645322,0.120141
0.627137,0.275058,0.988475,0.0304265,0.256049,-0.966185,0.655705,0.724456,0.212637,0.754404,-0.640002,-0.14585
0.627137,0.260642,0.937287,0.0304265,0.571062,-0.820343,0.655705,0.60804,0.447592,0.754404,-0.551522,-0.355947
0.627137,0.264601,0.884255,0.0304265,0.817196,-0.575556,0.655705,0.418285,0.628561,0.754404,-0.39652,-0.523113
0.627137,0.28646,0.835776,0.0304265,0.964765,-0.261348,0.655705,0.178079,0.733716,0.754404,-0.193691,-0.627183
0.627137,0.323582,0.797697,0.0304265,0.995969,0.0843824,0.655705,-0.0836062,0.750374,0.754404,0.0324987,-0.655605
0.627137,0.371489,0.774611,0.0304265,0.907044,0.419935,0.655705,-0.335207,0.676526,0.754404,0.254769,-0.604952
0.627137,0.424402,0.769302,0.0304265,0.708716,0.704837,0.655705,-0.546377,0.521079,0.754404,0.44631,-0.481333
0.627137,0.47594,0.78241,0.0304265,0.424907,0.904725,0.655705,-0.691646,0.302782,0.754404,0.58402,-0.299658
0.627137,0.519887,0.812355,0.0304265,0.0898477,0.995491,0.655705,-0.753492,0.047965,0.754404,0.651289,-0.0818397
0.627137,0.550942,0.855525,0.0304265,-0.256049,0.966185,0.655705,-0.724456,-0.212637,0.754404,0.640002,0.14585
0.627137,0.565358,0.906713,0.0304265,-0.571062,0.820343,0.655705,-0.60804,-0.447592,0.754404,0.551522,0.355947
0.627137,0.561399,0.959745,0.0304265,-0.817196,0.575556,0.655705,-0.418285,-0.628561,0.754404,0.39652,0.523113
0.627137,0.53954,1.00822,0.0304265,-0.964765,0.261348,0.655705,-0.178079,-0.733716,0.754404,0.193691,0.627183
0.627137,0.502418,1.0463,0.0304265,-0.995969,-0.0843824,0.655705,0.0836062,-0.750374,0.754404,-0.0324987,0.655605
0.627137,0.454511,1.06939,0.0304265,-0.907044,-0.419935,0.655705,0.335207,-0.676526,0.754404,-0.254769,0.604952
0.627137,0.401598,1.0747,0.0304265,-0.708716,-0.704837,0.655705,0.546377,-0.521079,0.754404,-0.44631,0.481333
0.627137,0.35006,1.06159,0.0304265,-0.424907,-0.904725,0.655705,0.691646,-0.302782,0.754404,-0.58402,0.299658
0.627137,0.306113,1.03164,0.0304265,-0.0898477,-0.995491,0.655705,0.753492,-0.047965,0.754404,-0.651289,0.0818397
0.627137,0.275058,0.988475,0.0304265,0.256049,-0.966185,0.655705,0.724456,0.212637,0.754404,-0.640002,-0.14585
0.674504,0.272455,1.11864,-0.303548,0.255086,-0.918036,0.683918,0.729179,-0.0235272,0.663411,-0.635003,-0.395799
0.674504,0.213676,1.05871,-0.303548,0.553689,-0.775427,0.683918,0.693251,0.227286,0.663411,-0.461336,-0.589113
0.674504,0.178938,0.982295,-0.303548,0.785509,-0.53929,0.683918,0.573707,0.450685,0.663411,-0.232026,-0.711371
0.674504,0.172431,0.898605,-0.303548,0.922585,-0.238107,0.683918,0.384965,0.619724,0.663411,0.0252703,-0.747828
0.674504,0.194941,0.817737,-0.303548,0.948384,0.091795,0.683918,0.14979,0.714016,0.663411,0.279519,-0.694085
0.674504,0.243752,0.749444,-0.303548,0.859794,0.410626,0.683918,-0.103451,0.722187,0.663411,0.500053,-0.556626
0.674504,0.312976,0.701964,-0.303548,0.6675,0.679929,0.683918,-0.344215,0.643252,0.663411,0.660273,-0.352029
0.674504,0.394265,0.681023,-0.303548,0.394695,0.867222,0.683918,-0.543461,0.48673,0.663411,0.740855,-0.104973
0.674504,0.477814,0.689148,-0.303548,0.0742847,0.949916,0.683918,-0.677158,0.271502,0.663411,0.732079,0.154745
0.674504,0.553545,0.725359,-0.303548,-0.255086,0.918036,0.683918,-0.729179,0.0235272,0.663411,0.635003,0.395799
0.674504,0.612324,0.785287,-0.303548,-0.553689,0.775427,0.683918,-0.693251,-0.227286,0.663411,0.461336,0.589113
0.674504,0.647062,0.861705,-0.303548,-0.785509,0.53929,0.683918,-0.573707,-0.450685,0.663411,0.232026,0.711371
0.674504,0.653569,0.945395,-0.303548,-0.922585,0.238107,0.683918,-0.384965,-0.619724,0.663411,-0.0252703,0.747828
0.674504,0.631059,1.02626,-0.303548,-0.948384,-0.091795,0.683918,-0.14979,-0.714016,0.663411,-0.279519,0.694085
0.674504,0.582248,1.09456,-0.303548,-0.859794,-0.410626,0.683918,0.103451,-0.722187,0.663411,-0.500053,0.556626
0.674504,0.513024,1.14204,-0.303548,-0.6675,-0.679929,0.683918,0.344215,-0.643252,0.663411,-0.660273,0.352029
0.674504,0.431735,1.16298,-0.303548,-0.394695,-0.867222,0.683918,0.543461,-0.48673,0.663411,-0.740855,0.104973
0.674504,0.348186,1.15485,-0.303548,-0.0742847,-0.949916,0.683918,0.677158,-0.271502,0.663411,-0.732079,-0.154745
0.674504,0.272455,1.11864,-0.303548,0.255086,-0.918036,0.683918,0.729179,-0.0235272,0.663411,-0.635003,-0.395799
0.763543,0.270333,1.22476,-0.60091,0.251897,-0.758587,0.629641,0.733811,-0.255097,0.492402,-0.630928,-0.599559
0.763543,0.175386,1.15771,-0.60091,0.496158,-0.626685,0.629641,0.776805,0.0112656,0.492402,-0.387817,-0.779191
0.763543,0.1091,1.06222,-0.60091,0.680575,-0.419196,0.629641,0.726105,0.276269,0.492402,-0.0979295,-0.864841
0.763543,0.0794679,0.949827,-0.60091,0.782904,-0.161145,0.629641,0.587826,0.50795,0.492402,0.20377,-0.846179
0.763543,0.090065,0.834074,-0.60091,0.790804,0.116342,0.629641,0.378646,0.678366,0.492402,0.480891,-0.725455
0.763543,0.139613,0.728926,-0.60091,0.703321,0.379797,0.629641,0.123796,0.76696,0.492402,0.70001,-0.51723
0.763543,0.222135,0.647066,-0.60091,0.531008,0.597443,0.629641,-0.145985,0.763047,0.492402,0.834697,-0.24662
0.763543,0.327679,0.598367,-0.60091,0.294646,0.743028,0.629641,-0.398159,0.6671,0.492402,0.868708,0.0537364
0.763543,0.443513,0.588703,-0.60091,0.0227467,0.798993,0.629641,-0.602308,0.490691,0.492402,0.797939,0.347611
0.763543,0.555667,0.619239,-0.60091,-0.251897,0.758587,0.629641,-0.733811,0.255097,0.492402,0.630928,0.599559
0.763543,0.650614,0.686293,-0.60091,-0.496158,0.626685,0.629641,-0.776805,-0.0112656,0.492402,0.387817,0.779191
0.763543,0.7169,0.781777,-0.60091,-0.680575,0.419196,0.629641,-0.726105,-0.276269,0.492402,0.0979295,0.864841
0.763543,0.746532,0.894173,-0.60091,-0.782904,0.161145,0.629641,-0.587826,-0.50795,0.492402,-0.20377,0.846179
0.763543,0.735935,1.00993,-0.60091,-0.790804,-0.116342,0.629641,-0.378646,-0.678366,0.492402,-0.480891,0.725455
0.763543,0.686387,1.11507,-0.60091,-0.703321,-0.379797,0.629641,-0.123796,-0.76696,0.492402,-0.70001,0.51723
0.763543,0.603865,1.19693,-0.60091,-0.531008,-0.597443,0.629641,0.145985,-0.763047,0.492402,-0.834697,0.24662
0.763543,0.498321,1.24563,-0.60091,-0.294646,-0.743028,0.629641,0.398159,-0.6671,0.492402,-0.868708,-0.0537364
0.763543,0.382487,1.2553,-0.60091,-0.0227467,-0.798993,0.629641,0.602308,-0.490691,0.492402,-0.797939,-0.347611
0.763543,0.270333,1.22476,-0.60091,0.251897,-0.758587,0.629641,0.733811,-0.255097,0.492402,-0.630928,-0.599559
0.883514,0.268947,1.29403,-0.825794,0.246866,-0.507071,0.499419,0.737792,-0.454141,0.262001,-0.628268,-0.732554
0.883514,0.150392,1.22233,-0.825794,0.405407,-0.392058,0.499419,0.848623,-0.174413,0.262001,-0.33983,-0.903256
0.883514,0.0635108,1.1144,-0.825794,0.51505,-0.229756,0.499419,0.857097,0.126351,0.262001,-0.0104045,-0.965012
0.883514,0.0187833,0.983263,-0.825794,0.56257,-0.039743,0.499419,0.762193,0.411876,0.262001,0.320276,-0.910373
0.883514,0.0216043,0.844739,-0.825794,0.542235,0.155064,0.499419,0.575357,0.647722,0.262001,0.612327,-0.74593
0.883514,0.0716333,0.715533,-0.825794,0.4565,0.331168,0.499419,0.319125,0.805444,0.262001,0.830522,-0.491516
0.883514,0.162836,0.61123,-0.825794,0.315703,0.467328,0.499419,0.0244015,0.866017,0.262001,0.948544,-0.177819
0.883514,0.284213,0.544411,-0.825794,0.136828,0.547122,0.499419,-0.273265,0.822135,0.262001,0.952158,0.157326
0.883514,0.421123,0.523134,-0.825794,-0.05855,0.560924,0.499419,-0.537972,0.679092,0.262001,0.840927,0.473495
0.883514,0.557053,0.549967,-0.825794,-0.246866,0.507071,0.499419,-0.737792,0.454141,0.262001,0.628268,0.732554
0.883514,0.675608,0.621672,-0.825794,-0.405407,0.392058,0.499419,-0.848623,0.174413,0.262001,0.33983,0.903256
0.883514,0.762489,0.729601,-0.825794,-0.51505,0.229756,0.499419,-0.857097,-0.126351,0.262001,0.0104045,0.965012
0.883514,0.807217,0.860737,-0.825794,-0.56257,0.039743,0.499419,-0.762193,-0.411876,0.262001,-0.320276,0.910373
0.883514,0.804396,0.999261,-0.825794,-0.542235,-0.155064,0.499419,-0.575357,-0.647722,0.262001,-0.612327,0.74593
0.883514,0.754367,1.12847,-0.825794,-0.4565,-0.331168,0.499419,-0.319125,-0.805444,0.262001,-0.830522,0.491516
0.883514,0.663164,1.23277,-0.825794,-0.315703,-0.467328,0.499419,-0.0244015,-0.866017,0.262001,-0.948544,0.177819
0.883514,0.541787,1.29959,-0.825794,-0.136828,-0.547122,0.499419,0.273265,-0.822135,0.262001,-0.952158,-0.157326
0.883514,0.404877,1.32087,-0.825794,0.05855,-0.560924,0.499419,0.537972,-0.679092,0.262001,-0.840927,-0.473495
0.883514,0.268947,1.29403,-0.825794,0.246866,-0.507071,0.499419,0.737792,-0.454141,0.262001,-0.628268,-0.732554
0.875863,0.429009,0.526075,0.985232,0.155926,-0.0707516,-0.00862081,0.45785,0.888988,0.17101,-0.875249,0.452432
0.875863,0.563458,0.555428,0.985232,0.170721,-0.0131548,-0.00862081,0.126186,0.991969,0.17101,-0.977206,0.125794
0.875863,0.679759,0.628994,0.985232,0.164925,0.0460286,-0.00862081,-0.220697,0.975304,0.17101,-0.961297,-0.216016
0.875863,0.763886,0.737902,0.985232,0.139236,0.0996603,-0.00862081,-0.540961,0.841003,0.17101,-0.829442,-0.531772
0.875863,0.80569,0.869014,0.985232,0.096753,0.141271,-0.00862081,-0.795977,0.605265,0.17101,-0.597544,-0.783388
0.875863,0.80013,1.00652,0.985232,0.0426004,0.165843,-0.00862081,-0.954987,0.296523,0.17101,-0.293573,-0.940516
0.875863,0.747876,1.13383,0.985232,-0.0166905,0.170412,-0.00862081,-0.998811,-0.0479846,0.17101,0.0458068,-0.984204
0.875863,0.655232,1.23559,0.985232,-0.0739682,0.154426,-0.00862081,-0.922164,-0.386704,0.17101,0.379662,-0.909182
0.875863,0.533371,1.29952,0.985232,-0.122324,0.119815,-0.00862081,-0.73429,-0.678782,0.17101,0.667724,-0.7245
0.875863,0.396991,1.31792,0.985232,-0.155926,0.0707516,-0.00862081,-0.45785,-0.888988,0.17101,0.875249,-0.452432
0.875863,0.262542,1.28857,0.985232,-0.170721,0.0131548,-0.00862081,-0.126186,-0.991969,0.17101,0.977206,-0.125794
0.875863,0.146241,1.21501,0.985232,-0.164925,-0.0460286,-0.00862081,0.220697,-0.975304,0.17101,0.961297,0.216016
0.875863,0.0621145,1.1061,0.985232,-0.139236,-0.0996603,-0.00862081,0.540961,-0.841003,0.17101,0.829442,0.531772
0.875863,0.0203102,0.974986,0.985232,-0.096753,-0.141271,-0.00862081,0.795977,-0.605265,0.17101,0.597544,0.783388
0.875863,0.0258701,0.837482,0.985232,-0.0426004,-0.165843,-0.00862081,0.954987,-0.296523,0.17101,0.293573,0.940516
0.875863,0.0781236,0.710173,0.985232,0.0166905,-0.170412,-0.00862081,0.998811,0.0479846,0.17101,-0.0458068,0.984204
0.875863,0.170768,0.608414,0.985232,0.0739682,-0.154426,-0.00862081,0.922164,0.386704,0.17101,-0.379662,0.909182
0.875863,0.292629,0.544477,0.985232,0.122324,-0.119815,-0.00862081,0.73429,0.678782,0.17101,-0.667724,0.7245
0.875863,0.429009,0.526075,0.985232,0.155926,-0.0707516,-0.00862081,0.45785,0.888988,0.17101,-0.875249,0.452432
0.749059,0.427546,0.59925,0.900555,0.162575,-0.4032,0.292759,0.458851,0.838897,0.321393,-0.873513,0.365626
0.749059,0.537055,0.623689,0.900555,0.290673,-0.32328,0.292759,0.14426,0.945241,0.321393,-0.945885,0.0448166
0.749059,0.631602,0.684109,0.900555,0.383712,-0.204368,0.292759,-0.187732,0.937576,0.321393,-0.904169,-0.281398
0.749059,0.699782,0.773222,0.900555,0.430469,-0.0608058,0.292759,-0.49708,0.816825,0.321393,-0.753397,-0.573672
0.749059,0.733372,0.88028,0.900555,0.425305,0.0900904,0.292759,-0.746473,0.597553,0.321393,-0.511755,-0.796752
0.749059,0.728321,0.99237,0.900555,0.368844,0.23012,0.292759,-0.905831,0.306208,0.321393,-0.208387,-0.923732
0.749059,0.685237,1.09597,0.900555,0.267894,0.342394,0.292759,-0.955932,-0.0220714,0.321393,0.120115,-0.939297
0.749059,0.609317,1.17859,0.900555,0.134632,0.413371,0.292759,-0.890733,-0.347688,0.321393,0.43413,-0.841569
0.749059,0.509719,1.23026,0.900555,-0.0148682,0.434488,0.292759,-0.718099,-0.631369,0.321393,0.695782,-0.642335
0.749059,0.398454,1.24475,0.900555,-0.162575,0.4032,0.292759,-0.458851,-0.838897,0.321393,0.873513,-0.365626
0.749059,0.288945,1.22031,0.900555,-0.290673,0.32328,0.292759,-0.14426,-0.945241,0.321393,0.945885,-0.0448166
0.749059,0.194398,1.15989,0.900555,-0.383712,0.204368,0.292759,0.187732,-0.937576,0.321393,0.904169,0.281398
0.749059,0.126218,1.07078,0.900555,-0.430469,0.0608058,0.292759,0.49708,-0.816825,0.321393,0.753397,0.573672
0.749059,0.0926276,0.96372,0.900555,-0.425305,-0.0900904,0.292759,0.746473,-0.597553,0.321393,0.511755,0.796752
0.749059,0.0976792,0.85163,0.900555,-0.368844,-0.23012,0.292759,0.905831,-0.306208,0.321393,0.208387,0.923732
0.749059,0.140763,0.748028,0.900555,-0.267894,-0.342394,0.292759,0.955932,0.0220714,0.321393,-0.120115,0.939297
0.749059,0.216683,0.665409,0.900555,-0.134632,-0.413371,0.292759,0.890733,0.347688,0.321393,-0.43413,0.841569
0.749059,0.316281,0.613739,0.900555,0.0148682,-0.434488,0.292759,0.718099,0.631369,0.321393,-0.695782,0.642335
0.749059,0.427546,0.59925,0.900555,0.162575,-0.4032,0.292759,0.458851,0.838897,0.321393,-0.873513,0.365626
0.654934,0.425303,0.711373,0.707258,0.168244,-0.686644,0.558827,0.461854,0.688769,0.433011,-0.870853,0.23263
0.654934,0.4966,0.728283,0.707258,0.392944,-0.587692,0.558827,0.198428,0.805195,0.433011,-0.897898,-0.0792481
0.654934,0.557813,0.768559,0.707258,0.570249,-0.417855,0.558827,-0.0889316,0.824502,0.433011,-0.816644,-0.381568
0.654934,0.60156,0.827341,0.707258,0.678773,-0.197618,0.558827,-0.365565,0.744362,0.433011,-0.63689,-0.637866
0.654934,0.622564,0.897541,0.707258,0.705428,0.0464536,0.558827,-0.598105,0.574441,0.433011,-0.380318,-0.817227
0.654934,0.618291,0.970691,0.707258,0.646997,0.284923,0.558827,-0.758505,0.335234,0.433011,-0.0778742,-0.898019
0.654934,0.589257,1.03797,0.707258,0.510529,0.489026,0.558827,-0.827419,0.0555927,0.433011,0.233963,-0.870496
0.654934,0.538964,1.09126,0.707258,0.312484,0.634145,0.558827,-0.796533,-0.230754,0.433011,0.51758,-0.737979
0.654934,0.473477,1.12413,0.707258,0.0767484,0.702777,0.558827,-0.669574,-0.489268,0.433011,0.73877,-0.51645
0.654934,0.400697,1.13263,0.707258,-0.168244,0.686644,0.558827,-0.461854,-0.688769,0.433011,0.870853,-0.23263
0.654934,0.3294,1.11572,0.707258,-0.392944,0.587692,0.558827,-0.198428,-0.805195,0.433011,0.897898,0.0792481
0.654934,0.268187,1.07544,0.707258,-0.570249,0.417855,0.558827,0.0889316,-0.824502,0.433011,0.816644,0.381568
0.654934,0.22444,1.01666,0.707258,-0.678773,0.197618,0.558827,0.365565,-0.744362,0.433011,0.63689,0.637866
0.654934,0.203436,0.946459,0.707258,-0.705428,-0.0464536,0.558827,0.598105,-0.574441,0.433011,0.380318,0.817227
0.654934,0.207709,0.873309,0.707258,-0.646997,-0.284923,0.558827,0.758505,-0.335234,0.433011,0.0778742,0.898019
0.654934,0.236743,0.806032,0.707258,-0.510529,-0.489026,0.558827,0.827419,-0.0555927,0.433011,-0.233963,0.870496
0.654934,0.287036,0.752742,0.707258,-0.312484,-0.634145,0.558827,0.796533,0.230754,0.433011,-0.51758,0.737979
