0.658953,0.249385,0.833552,0.308961,0.27294,0.911069,0.951075,-0.0886623,-0.295966,-3.49349e-06,0.957937,-0.28698
0.907818,0.115857,0.551589,0.92986,0.213261,-0.299801,-0.179072,0.974171,0.137561,0.321394,-0.0742266,0.944032
0.907818,0.211534,0.447801,0.92986,0.302938,-0.208781,-0.179072,0.868373,0.462452,0.321394,-0.392628,0.861713
0.907818,0.336938,0.382996,0.92986,0.356076,-0.0925795,-0.179072,0.657836,0.731563,0.321394,-0.663673,0.675458
0.907818,0.476944,0.36499,0.92986,0.366266,0.034789,-0.179072,0.367954,0.912438,0.321394,-0.854669,0.407734
0.907818,0.614665,0.395954,0.92986,0.332279,0.157961,-0.179072,0.0336917,0.983259,0.321394,-0.942579,0.0908305
0.907818,0.733491,0.472155,0.92986,0.258214,0.262081,-0.179072,-0.304635,0.935484,0.321394,-0.916801,-0.237028
0.907818,0.819087,0.584401,0.92986,0.153005,0.33459,-0.179072,-0.606217,0.774877,0.321394,-0.780442,-0.536298
0.907818,0.861132,0.719153,0.92986,0.029341,0.366743,-0.179072,-0.834681,0.520807,0.321394,-0.549951,-0.770882
0.907818,0.854553,0.860159,0.92986,-0.097862,0.354661,-0.179072,-0.96247,0.203921,0.321394,-0.253128,-0.912487
0.907818,0.800143,0.990411,0.92986,-0.213261,0.299801,-0.179072,-0.974171,-0.137561,0.321394,0.0742266,-0.944032
0.907818,0.704466,1.0942,0.92986,-0.302938,0.208781,-0.179072,-0.868373,-0.462452,0.321394,0.392628,-0.861713
0.907818,0.579062,1.159,0.92986,-0.356076,0.0925795,-0.179072,-0.657836,-0.731563,0.321394,0.663673,-0.675458
0.907818,0.439056,1.17701,0.92986,-0.366266,-0.034789,-0.179072,-0.367954,-0.912438,0.321394,0.854669,-0.407734
0.907818,0.301335,1.14605,0.92986,-0.332279,-0.157961,-0.179072,-0.0336917,-0.983259,0.321394,0.942579,-0.0908305
0.907818,0.182509,1.06985,0.92986,-0.258214,-0.262081,-0.179072,0.304635,-0.935484,0.321394,0.916801,0.237028
0.907818,0.0969125,0.957599,0.92986,-0.153005,-0.33459,-0.179072,0.606217,-0.774877,0.321394,0.780442,0.536298
0.907818,0.0548681,0.822847,0.92986,-0.029341,-0.366743,-0.179072,0.834681,-0.520807,0.321394,0.549951,0.770882
0.907818,0.0614473,0.681841,0.92986,0.097862,-0.354661,-0.179072,0.96247,-0.203921,0.321394,0.253128,0.912487
0.907818,0.115857,0.551589,0.92986,0.213261,-0.299801,-0.179072,0.974171,0.137561,0.321394,-0.0742266,0.944032
0.809114,0.132205,0.606158,0.796489,0.125904,-0.591399,-0.0275851,0.984629,0.172468,0.604023,-0.121055,0.78772
0.809114,0.208232,0.504671,0.796489,0.320581,-0.512672,-0.0275851,0.866261,0.49883,0.604023,-0.38317,0.698811
0.809114,0.314385,0.435307,0.796489,0.476592,-0.372109,-0.0275851,0.643409,0.765025,0.604023,-0.59907,0.525616
0.809114,0.43786,0.406432,0.796489,0.575118,-0.186664,-0.0275851,0.342953,0.938947,0.604023,-0.742713,0.289023
0.809114,0.563764,0.42153,0.796489,0.604277,0.0212956,-0.0275851,0.00113141,0.999619,0.604023,-0.796773,0.0175702
0.809114,0.676911,0.478779,0.796489,0.560551,0.226686,-0.0275851,-0.340827,0.939721,0.604023,-0.754731,-0.256002
0.809114,0.763655,0.571274,0.796489,0.449215,0.404735,-0.0275851,-0.641676,0.76648,0.604023,-0.621658,-0.498696
0.809114,0.813532,0.687859,0.796489,0.283696,0.533967,-0.0275851,-0.86513,0.500789,0.604023,-0.413603,-0.681241
0.809114,0.820527,0.814472,0.796489,0.0839595,0.598795,-0.0275851,-0.984236,0.174696,0.604023,-0.155661,-0.781617
0.809114,0.783795,0.935842,0.796489,-0.125904,0.591399,-0.0275851,-0.984629,-0.172468,0.604023,0.121055,-0.78772
0.809114,0.707768,1.03733,0.796489,-0.320581,0.512672,-0.0275851,-0.866261,-0.49883,0.604023,0.38317,-0.698811
0.809114,0.601615,1.10669,0.796489,-0.476592,0.372109,-0.0275851,-0.643409,-0.765025,0.604023,0.59907,-0.525616
0.809114,0.47814,1.13557,0.796489,-0.575118,0.186664,-0.0275851,-0.342953,-0.938947,0.604023,0.742713,-0.289023
0.809114,0.352236,1.12047,0.796489,-0.604277,-0.0212956,-0.0275851,-0.00113141,-0.999619,0.604023,0.796773,-0.0175702
0.809114,0.239089,1.06322,0.796489,-0.560551,-0.226686,-0.0275851,0.340827,-0.939721,0.604023,0.754731,0.256002
0.809114,0.152345,0.970726,0.796489,-0.449215,-0.404735,-0.0275851,0.641676,-0.76648,0.604023,0.621658,0.498696
0.809114,0.102468,0.854141,0.796489,-0.283696,-0.533967,-0.0275851,0.86513,-0.500789,0.604023,0.413603,0.681241
0.809114,0.0954734,0.727528,0.796489,-0.0839595,-0.598795,-0.0275851,0.984236,-0.174696,0.604023,0.155661,0.781617
0.809114,0.132205,0.606158,0.796489,0.125904,-0.591399,-0.0275851,0.984629,0.172468,0.604023,-0.121055,0.78772
0.735846,0.157255,0.689775,0.567051,0.0569052,-0.821715,0.127229,0.979587,0.155637,0.813797,-0.1928,0.548236
0.735846,0.203173,0.591813,0.567051,0.334516,-0.752696,0.127229,0.867279,0.481289,0.813797,-0.368681,0.449231
0.735846,0.279826,0.515463,0.567051,0.57178,-0.592892,0.127229,0.650365,0.748891,0.813797,-0.500093,0.296043
0.735846,0.37797,0.469935,0.567051,0.740078,-0.361576,0.127229,0.355008,0.926165,0.813797,-0.571186,0.107148
0.735846,0.485767,0.460719,0.567051,0.819112,-0.0866485,0.127229,0.016831,0.991731,0.813797,-0.573386,-0.094671
0.735846,0.590215,0.488929,0.567051,0.799349,0.19873,0.127229,-0.323376,0.937678,0.813797,-0.506427,-0.285071
0.735846,0.678715,0.55116,0.567051,0.683173,0.460139,0.127229,-0.624579,0.770528,0.813797,-0.378386,-0.441088
0.735846,0.740594,0.639907,0.567051,0.484596,0.666048,0.127229,-0.850448,0.510441,0.813797,-0.204705,-0.543902
0.735846,0.768388,0.744465,0.567051,0.22757,0.791622,0.127229,-0.973741,0.188788,0.813797,-0.00633468,-0.581114
0.735846,0.758745,0.852225,0.567051,-0.0569052,0.821715,0.127229,-0.979587,-0.155637,0.813797,0.1928,-0.548236
0.735846,0.712827,0.950187,0.567051,-0.334516,0.752696,0.127229,-0.867279,-0.481289,0.813797,0.368681,-0.449231
0.735846,0.636174,1.02654,0.567051,-0.57178,0.592892,0.127229,-0.650365,-0.748891,0.813797,0.500093,-0.296043
0.735846,0.53803,1.07207,0.567051,-0.740078,0.361576,0.127229,-0.355008,-0.926165,0.813797,0.571186,-0.107148
0.735846,0.430233,1.08128,0.567051,-0.819112,0.0866485,0.127229,-0.016831,-0.991731,0.813797,0.573386,0.094671
0.735846,0.325785,1.05307,0.567051,-0.799349,-0.19873,0.127229,0.323376,-0.937678,0.813797,0.506427,0.285071
0.735846,0.237285,0.99084,0.567051,-0.683173,-0.460139,0.127229,0.624579,-0.770528,0.813797,0.378386,0.441088
0.735846,0.175406,0.902093,0.567051,-0.484596,-0.666048,0.127229,0.850448,-0.510441,0.813797,0.204705,0.543902
0.735846,0.147612,0.797535,0.567051,-0.22757,-0.791622,0.127229,0.973741,-0.188788,0.813797,0.00633468,0.581114
0.735846,0.157255,0.689775,0.567051,0.0569052,-0.821715,0.127229,0.979587,0.155637,0.813797,-0.1928,0.548236
0.696852,0.187986,0.792355,0.269218,0.014588,-0.962969,0.266698,0.959653,0.0890986,0.925416,-0.280809,0.254465
0.696852,0.196966,0.698717,0.269218,0.343063,-0.899905,0.266698,0.871305,0.411946,0.925416,-0.350906,0.143077
0.696852,0.237431,0.613797,0.269218,0.630159,-0.7283,0.266698,0.677865,0.685106,0.925416,-0.378679,0.0144312
0.696852,0.304499,0.547838,0.269218,0.841249,-0.468851,0.266698,0.402665,0.875633,0.925416,-0.360778,-0.115955
0.696852,0.390082,0.508796,0.269218,0.950872,-0.152851,0.266698,0.078897,0.960545,0.925416,-0.299361,-0.232355
0.696852,0.483857,0.50138,0.269218,0.945806,0.181584,0.266698,-0.254387,0.929602,0.925416,-0.201837,-0.32073
0.696852,0.574513,0.526484,0.269218,0.826661,0.494118,0.266698,-0.556988,0.786534,0.925416,-0.0799689,-0.37042
0.696852,0.651116,0.58108,0.269218,0.607809,0.747054,0.266698,-0.792408,0.548599,0.925416,0.0515449,-0.375432
0.696852,0.704426,0.658583,0.269218,0.315647,0.909884,0.266698,-0.932252,0.244495,0.925416,0.176842,-0.335161
0.696852,0.728014,0.749645,0.269218,-0.014588,0.962969,0.266698,-0.959653,-0.0890986,0.925416,0.280809,-0.254465
0.696852,0.719034,0.843283,0.269218,-0.343063,0.899905,0.266698,-0.871305,-0.411946,0.925416,0.350906,-0.143077
0.696852,0.678569,0.928203,0.269218,-0.630159,0.7283,0.266698,-0.677865,-0.685106,0.925416,0.378679,-0.0144312
0.696852,0.611501,0.994162,0.269218,-0.841249,0.468851,0.266698,-0.402665,-0.875633,0.925416,0.360778,0.115955
0.696852,0.525918,1.0332,0.269218,-0.950872,0.152851,0.266698,-0.078897,-0.960545,0.925416,0.299361,0.232355
0.696852,0.432143,1.04062,0.269218,-0.945806,-0.181584,0.266698,0.254387,-0.929602,0.925416,0.201837,0.32073
0.696852,0.341487,1.01552,0.269218,-0.826661,-0.494118,0.266698,0.556988,-0.786534,0.925416,0.0799689,0.37042
0.696852,0.264884,0.96092,0.269218,-0.607809,-0.747054,0.266698,0.792408,-0.548599,0.925416,-0.0515449,0.375432
0.696852,0.211574,0.883417,0.269218,-0.315647,-0.909884,0.266698,0.932252,-0.244495,0.925416,-0.176842,0.335161
0.696852,0.187986,0.792355,0.269218,0.014588,-0.962969,0.266698,0.959653,0.0890986,0.925416,-0.280809,0.254465
0.696834,0.220691,0.901524,-0.061087,0.00405604,-0.998124,0.373999,0.927232,-0.0191215,0.925415,-0.374465,-0.0581588
0.696834,0.190361,0.812488,-0.061087,0.34519,-0.936543,0.373999,0.877853,0.299164,0.925415,-0.331991,-0.182726
0.696834,0.192312,0.718448,-0.061087,0.644689,-0.762,0.373999,0.722592,0.581365,0.925415,-0.249473,-0.285254
0.696834,0.226309,0.630746,-0.061087,0.866429,-0.495549,0.373999,0.480176,0.793446,0.925415,-0.136866,-0.353376
0.696834,0.288251,0.559961,-0.061087,0.983665,-0.169328,0.373999,0.179843,0.909825,0.925415,-0.00774997,-0.378875
0.696834,0.370668,0.514631,-0.061087,0.982256,0.177317,0.373999,-0.142181,0.916466,0.925415,0.1223,-0.358677
0.696834,0.463618,0.500223,-0.061087,0.862373,0.502575,0.373999,-0.447056,0.812567,0.925415,0.2376,-0.295217
0.696834,0.55589,0.518474,-0.061087,0.638475,0.767215,0.373999,-0.69801,0.610661,0.925415,0.324241,-0.196149
0.696834,0.636356,0.567184,-0.061087,0.337567,0.939317,0.373999,-0.864773,0.3351,0.925415,0.371774,-0.0734233
0.696834,0.695309,0.640476,-0.061087,-0.00405604,0.998124,0.373999,-0.927232,0.0191215,0.925415,0.374465,0.0581588
0.696834,0.725639,0.729512,-0.061087,-0.34519,0.936543,0.373999,-0.877853,-0.299164,0.925415,0.331991,0.182726
0.696834,0.723688,0.823552,-0.061087,-0.644689,0.762,0.373999,-0.722592,-0.581365,0.925415,0.249473,0.285254
0.696834,0.689691,0.911254,-0.061087,-0.866429,0.495549,0.373999,-0.480176,-0.793446,0.925415,0.136866,0.353376
0.696834,0.627749,0.982039,-0.061087,-0.983665,0.169328,0.373999,-0.179843,-0.909825,0.925415,0.00774997,0.378875
0.696834,0.545332,1.02737,-0.061087,-0.982256,-0.177317,0.373999,0.142181,-0.916466,0.925415,-0.1223,0.358677
0.696834,0.452382,1.04178,-0.061087,-0.862373,-0.502575,0.373999,0.447056,-0.812567,0.925415,-0.2376,0.295217
0.696834,0.36011,1.02353,-0.061087,-0.638475,-0.767215,0.373999,0.69801,-0.610661,0.925415,-0.324241,0.196149
0.696834,0.279644,0.974816,-0.061087,-0.337567,-0.939317,0.373999,0.864773,-0.3351,0.925415,-0.371774,0.0734233
0.696834,0.220691,0.901524,-0.061087,0.00405604,-0.998124,0.373999,0.927232,-0.0191215,0.925415,-0.374465,-0.0581588
0.735794,0.251426,1.00411,-0.384024,0.0265798,-0.922941,0.43619,0.886235,-0.15597,0.813796,-0.462474,-0.351929
0.735794,0.184154,0.919404,-0.384024,0.340641,-0.85819,0.43619,0.886133,0.156546,0.813796,-0.314216,-0.48888
0.735794,0.149912,0.816793,-0.384024,0.613616,-0.689928,0.43619,0.779151,0.45018,0.813796,-0.12806,-0.566866
0.735794,0.15283,0.708659,-0.384024,0.81258,-0.438452,0.43619,0.578192,0.689516,0.813796,0.0735426,-0.576478
0.735794,0.192556,0.608044,-0.384024,0.913535,-0.134091,0.43619,0.307494,0.845687,0.813796,0.266275,-0.51656
0.735794,0.264298,0.527084,-0.384024,0.904303,0.186443,0.43619,-0.000292117,0.899855,0.813796,0.42689,-0.394336
0.735794,0.359404,0.475544,-0.384024,0.786,0.484489,0.43619,-0.308043,0.845487,0.813796,0.536016,-0.224549
0.735794,0.466402,0.45964,-0.384024,0.572893,0.724099,0.43619,-0.578639,0.689141,0.813796,0.580491,-0.0276791
0.735794,0.572387,0.481291,-0.384024,0.290687,0.876371,0.43619,-0.779443,0.449674,0.813796,0.55495,0.17253
0.735794,0.664574,0.537885,-0.384024,-0.0265798,0.922941,0.43619,-0.886235,0.15597,0.813796,0.462474,0.351929
0.735794,0.731846,0.622596,-0.384024,-0.340641,0.85819,0.43619,-0.886133,-0.156546,0.813796,0.314216,0.48888
0.735794,0.766088,0.725207,-0.384024,-0.613616,0.689928,0.43619,-0.779151,-0.45018,0.813796,0.12806,0.566866
0.735794,0.76317,0.833341,-0.384024,-0.81258,0.438452,0.43619,-0.578192,-0.689516,0.813796,-0.0735426,0.576478
0.735794,0.723444,0.933956,-0.384024,-0.913535,0.134091,0.43619,-0.307494,-0.845687,0.813796,-0.266275,0.51656
0.735794,0.651702,1.01492,-0.384024,-0.904303,-0.186443,0.43619,0.000292117,-0.899855,0.813796,-0.42689,0.394336
0.735794,0.556596,1.06646,-0.384024,-0.786,-0.484489,0.43619,0.308043,-0.845487,0.813796,-0.536016,0.224549
0.735794,0.449598,1.08236,-0.384024,-0.572893,-0.724099,0.43619,0.578639,-0.689141,0.813796,-0.580491,0.0276791
0.735794,0.343613,1.06071,-0.384024,-0.290687,-0.876371,0.43619,0.779443,-0.449674,0.813796,-0.55495,-0.17253
0.735794,0.251426,1.00411,-0.384024,0.0265798,-0.922941,0.43619,0.886235,-0.15597,0.813796,-0.462474,-0.351929
0.809034,0.276482,1.08775,-0.660642,0.0794424,-0.746486,0.44577,0.841605,-0.304942,0.604021,-0.534219,-0.591413
0.809034,0.179093,1.00657,-0.660642,0.329965,-0.674297,0.44577,0.895147,0.00129388,0.604021,-0.299726,-0.73846
0.809034,0.115344,0.896971,-0.660642,0.540688,-0.520777,0.44577,0.84072,0.307374,0.604021,-0.0290827,-0.796437
0.809034,0.0929241,0.772178,-0.660642,0.686197,-0.304444,0.44577,0.68489,0.57638,0.604021,0.245069,-0.758353
0.809034,0.114538,0.647244,-0.660642,0.74894,-0.0513904,0.44577,0.446453,0.775867,0.604021,0.489662,-0.6288
0.809034,0.177578,0.537236,-0.660642,0.72135,0.207861,0.44577,0.154166,0.881772,0.604021,0.675194,-0.423405
0.809034,0.274442,0.455424,-0.660642,0.606755,0.442042,0.44577,-0.156715,0.881323,0.604021,0.779288,-0.166941
0.809034,0.393445,0.411675,-0.660642,0.418976,0.622906,0.44577,-0.448694,0.774573,0.604021,0.789388,0.109659
0.809034,0.520234,0.411266,-0.660642,0.180662,0.728638,0.44577,-0.686554,0.574398,0.604021,0.704276,0.373032
0.809034,0.639518,0.454246,-0.660642,-0.0794424,0.746486,0.44577,-0.841605,0.304942,0.604021,0.534219,0.591413
0.809034,0.736907,0.535431,-0.660642,-0.329965,0.674297,0.44577,-0.895147,-0.00129388,0.604021,0.299726,0.73846
0.809034,0.800656,0.645029,-0.660642,-0.540688,0.520777,0.44577,-0.84072,-0.307374,0.604021,0.0290827,0.796437
0.809034,0.823076,0.769822,-0.660642,-0.686197,0.304444,0.44577,-0.68489,-0.57638,0.604021,-0.245069,0.758353
0.809034,0.801462,0.894756,-0.660642,-0.74894,0.0513904,0.44577,-0.446453,-0.775867,0.604021,-0.489662,0.6288
0.809034,0.738422,1.00476,-0.660642,-0.72135,-0.207861,0.44577,-0.154166,-0.881772,0.604021,-0.675194,0.423405
0.809034,0.641558,1.08658,-0.660642,-0.606755,-0.442042,0.44577,0.156715,-0.881323,0.604021,-0.779288,0.166941
0.809034,0.522555,1.13032,-0.660642,-0.418976,-0.622906,0.44577,0.448694,-0.774573,0.604021,-0.789388,-0.109659
0.809034,0.395766,1.13073,-0.660642,-0.180662,-0.728638,0.44577,0.686554,-0.574398,0.604021,-0.704276,-0.373032
0.809034,0.276482,1.08775,-0.660642,0.0794424,-0.746486,0.44577,0.841605,-0.304942,0.604021,-0.534219,-0.591413
0.90772,0.29284,1.14235,-0.857576,0.156268,-0.490044,0.401584,0.798727,-0.448069,0.321392,-0.581047,-0.747724
0.90772,0.175789,1.06347,-0.857576,0.314449,-0.407044,0.401584,0.903806,-0.147866,0.321392,-0.290269,-0.901361
0.90772,0.0927782,0.94931,-0.857576,0.434702,-0.274948,0.401584,0.899873,0.170171,0.321392,0.03552,-0.94628
0.90772,0.0538181,0.813644,-0.857576,0.502524,-0.10969,0.401584,0.787402,0.467683,0.321392,0.357025,-0.877064
0.90772,0.0636083,0.672834,-0.857576,0.509735,0.0687988,0.401584,0.579959,0.708786,0.321392,0.635467,-0.70206
0.90772,0.120968,0.543864,-0.857576,0.455463,0.238989,0.401584,0.302564,0.864399,0.321392,0.837262,-0.442379
0.90772,0.218979,0.44229,-0.857576,0.346256,0.380354,0.401584,-0.0113244,0.915752,0.321392,0.938072,-0.129339
0.90772,0.345819,0.380364,-0.857576,0.195286,0.475842,0.401584,-0.323847,0.856652,0.321392,0.925736,0.1993
0.90772,0.48619,0.365554,-0.857576,0.0207609,0.513937,0.401584,-0.597309,0.694228,0.321392,0.801742,0.503901
0.90772,0.62316,0.399646,-0.857576,-0.156268,0.490044,0.401584,-0.798727,0.448069,0.321392,0.581047,0.747724
0.90772,0.740211,0.47853,-0.857576,-0.314449,0.407044,0.401584,-0.903806,0.147866,0.321392,0.290269,0.901361
0.90772,0.823222,0.59269,-0.857576,-0.434702,0.274948,0.401584,-0.899873,-0.170171,0.321392,-0.03552,0.94628
0.90772,0.862182,0.728356,-0.857576,-0.502524,0.10969,0.401584,-0.787402,-0.467683,0.321392,-0.357025,0.877064
0.90772,0.852392,0.869166,-0.857576,-0.509735,-0.0687988,0.401584,-0.579959,-0.708786,0.321392,-0.635467,0.70206
0.90772,0.795032,0.998136,-0.857576,-0.455463,-0.238989,0.401584,-0.302564,-0.864399,0.321392,-0.837262,0.442379
0.90772,0.697021,1.09971,-0.857576,-0.346256,-0.380354,0.401584,0.0113244,-0.915752,0.321392,-0.938072,0.129339
0.90772,0.570181,1.16164,-0.857576,-0.195286,-0.475842,0.401584,0.323847,-0.856652,0.321392,-0.925736,-0.1993
0.90772,0.42981,1.17645,-0.857576,-0.0207609,-0.513937,0.401584,0.597309,-0.694228,0.321392,-0.801742,-0.503901
0.90772,0.29284,1.14235,-0.857576,0.156268,-0.490044,0.401584,0.798727,-0.448069,0.321392,-0.581047,-0.747724
0.883612,0.219578,0.451091,0.961642,0.186927,-0.200757,-0.0812368,0.893106,0.442451,0.262003,-0.409171,0.874033
0.883612,0.343372,0.388839,0.961642,0.244317,-0.124717,-0.0812368,0.687918,0.721228,0.262003,-0.683432,0.681378
0.883612,0.480992,0.372681,0.961642,0.272238,-0.033634,-0.0812368,0.399756,0.913014,0.262003,-0.875261,0.406538
0.883612,0.615839,0.404566,0.961642,0.267324,0.0615053,-0.0812368,0.0633789,0.994678,0.262003,-0.96152,0.0826643
0.883612,0.731647,0.480649,0.961642,0.230166,0.149226,-0.0812368,-0.280643,0.956368,0.262003,-0.931806,-0.25118
0.883612,0.81445,0.591752,0.961642,0.165247,0.218948,-0.0812368,-0.590815,0.802706,0.262003,-0.789703,-0.554729
0.883612,0.85426,0.724475,0.961642,0.0803967,0.262262,-0.0812368,-0.829727,0.552227,0.262003,-0.552349,-0.791369
0.883612,0.846275,0.86281,0.961642,-0.0141506,0.273943,-0.0812368,-0.968561,0.23514,0.262003,-0.248375,-0.932558
0.883612,0.791458,0.990071,0.961642,-0.106991,0.252582,-0.0812368,-0.990572,-0.110308,0.262003,0.0855578,-0.961267
0.883612,0.696422,1.09091,0.961642,-0.186927,0.200757,-0.0812368,-0.893106,-0.442451,0.262003,0.409171,-0.874033
0.883612,0.572628,1.15316,0.961642,-0.244317,0.124717,-0.0812368,-0.687918,-0.721228,0.262003,0.683432,-0.681378
0.883612,0.435008,1.16932,0.961642,-0.272238,0.033634,-0.0812368,-0.399756,-0.913014,0.262003,0.875261,-0.406538
0.883612,0.300161,1.13743,0.961642,-0.267324,-0.0615053,-0.0812368,-0.0633789,-0.994678,0.262003,0.96152,-0.0826643
0.883612,0.184353,1.06135,0.961642,-0.230166,-0.149226,-0.0812368,0.280643,-0.956368,0.262003,0.931806,0.25118
0.883612,0.10155,0.950248,0.961642,-0.165247,-0.218948,-0.0812368,0.590815,-0.802706,0.262003,0.789703,0.554729
0.883612,0.0617399,0.817525,0.961642,-0.0803967,-0.262262,-0.0812368,0.829727,-0.552227,0.262003,0.552349,0.791369
0.883612,0.0697249,0.67919,0.961642,0.0141506,-0.273943,-0.0812368,0.968561,-0.23514,0.262003,0.248375,0.932558
0.883612,0.124542,0.551929,0.961642,0.106991,-0.252582,-0.0812368,0.990572,0.110308,0.262003,-0.0855578,0.961267
0.883612,0.219578,0.451091,0.961642,0.186927,-0.200757,-0.0812368,0.893106,0.442451,0.262003,-0.409171,0.874033
0.763622,0.239453,0.517433,0.856221,0.0949388,-0.507812,0.156285,0.889308,0.429775,0.492403,-0.447346,0.746606
0.763622,0.339358,0.457978,0.856221,0.262895,-0.444716,0.156285,0.688685,0.708017,0.492403,-0.675722,0.548579
0.763622,0.453573,0.436277,0.856221,0.399142,-0.327981,0.156285,0.404996,0.900863,0.492403,-0.822596,0.284385
0.763622,0.568322,0.45495,0.856221,0.487247,-0.171686,0.156285,0.0724582,0.985051,0.492403,-0.870253,-0.0141095
0.763622,0.669765,0.511742,0.856221,0.516583,0.00531584,0.156285,-0.268819,0.950427,0.492403,-0.812944,-0.310903
0.763622,0.745665,0.599805,0.856221,0.483611,0.181677,0.156285,-0.577672,0.801168,0.492403,-0.657583,-0.570196
0.763622,0.786869,0.708517,0.856221,0.392309,0.336125,0.156285,-0.81685,0.555276,0.492403,-0.422907,-0.760716
0.763622,0.788406,0.824765,0.856221,0.253688,0.450032,0.156285,-0.957503,0.24241,0.492403,-0.137223,-0.859482
0.763622,0.750092,0.934528,0.856221,0.0844686,0.509658,0.156285,-0.982668,-0.0996948,0.492403,0.165013,-0.854582
0.763622,0.676547,1.02457,0.856221,-0.0949388,0.507812,0.156285,-0.889308,-0.429775,0.492403,0.447346,-0.746606
0.763622,0.576642,1.08402,0.856221,-0.262895,0.444716,0.156285,-0.688685,-0.708017,0.492403,0.675722,-0.548579
0.763622,0.462427,1.10572,0.856221,-0.399142,0.327981,0.156285,-0.404996,-0.900863,0.492403,0.822596,-0.284385
0.763622,0.347678,1.08705,0.856221,-0.487247,0.171686,0.156285,-0.0724582,-0.985051,0.492403,0.870253,0.0141095
0.763622,0.246235,1.03026,0.856221,-0.516583,-0.00531584,0.156285,0.268819,-0.950427,0.492403,0.812944,0.310903
0.763622,0.170335,0.942195,0.856221,-0.483611,-0.181677,0.156285,0.577672,-0.801168,0.492403,0.657583,0.570196
0.763622,0.129131,0.833483,0.856221,-0.392309,-0.336125,0.156285,0.81685,-0.555276,0.492403,0.422907,0.760716
0.763622,0.127594,0.717235,0.856221,-0.253688,-0.450032,0.156285,0.957503,-0.24241,0.492403,0.137223,0.859482
0.763622,0.165908,0.607472,0.856221,-0.0844686,-0.509658,0.156285,0.982668,0.0996948,0.492403,-0.165013,0.854582
0.763622,0.239453,0.517433,0.856221,0.0949388,-0.507812,0.156285,0.889308,0.429775,0.492403,-0.447346,0.746606
0.674556,0.269907,0.619087,0.647527,0.0188454,-0.76181,0.374957,0.862426,0.340042,0.663413,-0.505833,0.551377
0.674556,0.333208,0.563917,0.647527,0.278263,-0.709421,0.374957,0.694114,0.614502,0.663413,-0.663909,0.34512
0.674556,0.41156,0.533724,0.647527,0.504118,-0.571467,0.374957,0.442081,0.814844,0.663413,-0.741909,0.0972366
0.674556,0.495514,0.53215,0.647527,0.669169,-0.364584,0.374957,0.136727,0.916904,0.663413,-0.730423,-0.162375
0.674556,0.574943,0.559385,0.647527,0.753509,-0.113728,0.374957,-0.185118,0.908371,0.663413,-0.630838,-0.402402
0.674556,0.640267,0.612144,0.647527,0.746964,0.150846,0.374957,-0.484635,0.790276,0.663413,-0.455164,-0.593894
0.674556,0.683607,0.684063,0.647527,0.650324,0.397225,0.374957,-0.725698,0.576861,0.663413,-0.224591,-0.713753
0.674556,0.699736,0.766468,0.647527,0.475245,0.595694,0.374957,-0.879232,0.293869,0.663413,0.0330717,-0.747523
0.674556,0.686707,0.84942,0.647527,0.242845,0.722313,0.374957,-0.926716,-0.0245684,0.663413,0.286745,-0.69113
0.674556,0.646093,0.922913,0.647527,-0.0188454,0.76181,0.374957,-0.862426,-0.340042,0.663413,0.505833,-0.551377
0.674556,0.582792,0.978083,0.647527,-0.278263,0.709421,0.374957,-0.694114,-0.614502,0.663413,0.663909,-0.34512
0.674556,0.50444,1.00828,0.647527,-0.504118,0.571467,0.374957,-0.442081,-0.814844,0.663413,0.741909,-0.0972366
0.674556,0.420486,1.00985,0.647527,-0.669169,0.364584,0.374957,-0.136727,-0.916904,0.663413,0.730423,0.162375
0.674556,0.341057,0.982615,0.647527,-0.753509,0.113728,0.374957,0.185118,-0.908371,0.663413,0.630838,0.402402
0.674556,0.275733,0.929856,0.647527,-0.746964,-0.150846,0.374957,0.484635,-0.790276,0.663413,0.455164,0.593894
0.674556,0.232393,0.857937,0.647527,-0.650324,-0.397225,0.374957,0.725698,-0.576861,0.663413,0.224591,0.713753
0.674556,0.216264,0.775532,0.647527,-0.475245,-0.595694,0.374957,0.879232,-0.293869,0.663413,-0.0330717,0.747523
0.674556,0.229293,0.69258,0.647527,-0.242845,-0.722313,0.374957,0.926716,0.0245684,0.663413,-0.286745,0.69113
0.674556,0.269907,0.619087,0.647527,0.0188454,-0.76181,0.374957,0.862426,0.340042,0.663413,-0.505833,0.551377
0.627155,0.307266,0.743791,0.360731,-0.0321749,-0.932115,0.548404,0.815701,0.184077,0.754404,-0.577578,0.311894
0.627155,0.325663,0.693878,0.360731,0.288567,-0.886906,0.548404,0.70355,0.451963,0.754404,-0.64942,0.0955412
0.627155,0.360021,0.653267,0.360731,0.574504,-0.734723,0.548404,0.506541,0.665334,0.754404,-0.642932,-0.132335
0.627155,0.406197,0.626856,0.360731,0.791147,-0.493922,0.548404,0.248435,0.798457,0.754404,-0.558897,-0.34425
0.627155,0.458621,0.617832,0.360731,0.912367,-0.193546,0.548404,-0.0396359,0.835274,0.754404,-0.407451,-0.514643
0.627155,0.51097,0.627281,0.360731,0.923541,0.130174,0.548404,-0.322926,0.771344,0.754404,-0.20686,-0.622963
0.627155,0.55693,0.654065,0.360731,0.823322,0.438193,0.548404,-0.567266,0.614379,0.754404,0.0186808,-0.656144
0.627155,0.590958,0.694953,0.360731,0.623799,0.69336,0.548404,-0.743186,0.383311,0.754404,0.241969,-0.610184
0.627155,0.608949,0.745014,0.360731,0.349037,0.864897,0.548404,-0.829467,0.10601,0.754404,0.436072,-0.490628
0.627155,0.608734,0.798209,0.360731,0.0321749,0.932115,0.548404,-0.815701,-0.184077,0.754404,0.577578,-0.311894
0.627155,0.590337,0.848122,0.360731,-0.288567,0.886906,0.548404,-0.70355,-0.451963,0.754404,0.64942,-0.0955412
0.627155,0.555979,0.888733,0.360731,-0.574504,0.734723,0.548404,-0.506541,-0.665334,0.754404,0.642932,0.132335
0.627155,0.509803,0.915144,0.360731,-0.791147,0.493922,0.548404,-0.248435,-0.798457,0.754404,0.558897,0.34425
0.627155,0.457379,0.924168,0.360731,-0.912367,0.193546,0.548404,0.0396359,-0.835274,0.754404,0.407451,0.514643
0.627155,0.40503,0.914719,0.360731,-0.923541,-0.130174,0.548404,0.322926,-0.771344,0.754404,0.20686,0.622963
0.627155,0.35907,0.887935,0.360731,-0.823322,-0.438193,0.548404,0.567266,-0.614379,0.754404,-0.0186808,0.656144
0.627155,0.325042,0.847047,0.360731,-0.623799,-0.69336,0.548404,0.743186,-0.383311,0.754404,-0.241969,0.610184
0.627155,0.307051,0.796986,0.360731,-0.349037,-0.864897,0.548404,0.829467,-0.10601,0.754404,-0.436072,0.490628
0.627155,0.307266,0.743791,0.360731,-0.0321749,-0.932115,0.548404,0.815701,0.184077,0.754404,-0.577578,0.311894
0.627137,0.347025,0.876505,0.0304265,-0.0519685,-0.998185,0.655705,0.75477,-0.0193085,0.754404,-0.653927,0.057041
0.627137,0.317633,0.832187,0.0304265,0.292565,-0.955761,0.655705,0.715856,0.240003,0.754404,-0.634,-0.170055
0.627137,0.305171,0.780488,0.0304265,0.601811,-0.798059,0.655705,0.590599,0.470366,0.754404,-0.537603,-0.37664
0.627137,0.311142,0.727646,0.0304265,0.838469,-0.544099,0.655705,0.394107,0.643996,0.754404,-0.376363,-0.537797
0.627137,0.334827,0.680032,0.0304265,0.973996,-0.224512,0.655705,0.15008,0.739951,0.754404,-0.169728,-0.634088
0.627137,0.373368,0.64339,0.0304265,0.992045,0.122154,0.655705,-0.112049,0.746657,0.754404,0.0573788,-0.653898
0.627137,0.422117,0.62214,0.0304265,0.890438,0.454087,0.655705,-0.360664,0.663305,0.754404,0.277565,-0.594838
0.627137,0.475194,0.618845,0.0304265,0.681431,0.731249,0.655705,-0.565776,0.499948,0.754404,0.464272,-0.464032
0.627137,0.526197,0.633902,0.0304265,0.390234,0.920213,0.655705,-0.702648,0.276291,0.754404,0.594981,-0.277257
0.627137,0.568975,0.665495,0.0304265,0.0519685,0.998185,0.655705,-0.75477,0.0193085,0.754404,0.653927,-0.057041
0.627137,0.598367,0.709813,0.0304265,-0.292565,0.955761,0.655705,-0.715856,-0.240003,0.754404,0.634,0.170055
0.627137,0.610829,0.761512,0.0304265,-0.601811,0.798059,0.655705,-0.590599,-0.470366,0.754404,0.537603,0.37664
0.627137,0.604858,0.814354,0.0304265,-0.838469,0.544099,0.655705,-0.394107,-0.643996,0.754404,0.376363,0.537797
0.627137,0.581173,0.861968,0.0304265,-0.973996,0.224512,0.655705,-0.15008,-0.739951,0.754404,0.169728,0.634088
0.627137,0.542632,0.89861,0.0304265,-0.992045,-0.122154,0.655705,0.112049,-0.746657,0.754404,-0.0573788,0.653898
0.627137,0.493883,0.91986,0.0304265,-0.890438,-0.454087,0.655705,0.360664,-0.663305,0.754404,-0.277565,0.594838
0.627137,0.440806,0.923155,0.0304265,-0.681431,-0.731249,0.655705,0.565776,-0.499948,0.754404,-0.464272,0.464032
0.627137,0.389803,0.908098,0.0304265,-0.390234,-0.920213,0.655705,0.702648,-0.276291,0.754404,-0.594981,0.277257
0.627137,0.347025,0.876505,0.0304265,-0.0519685,-0.998185,0.655705,0.75477,-0.0193085,0.754404,-0.653927,0.057041
0.674504,0.384388,1.00122,-0.303548,-0.0381479,-0.952052,0.683918,0.686982,-0.245584,0.663411,-0.725672,-0.182442
0.674504,0.310087,0.962161,-0.303548,0.289774,-0.907684,0.683918,0.729547,0.00418812,0.663411,-0.61951,-0.419634
0.674504,0.253626,0.900043,-0.303548,0.582744,-0.753835,0.683918,0.684117,0.253455,0.663411,-0.438626,-0.606212
0.674504,0.221816,0.822361,-0.303548,0.805427,-0.509063,0.683918,0.556173,0.472152,0.663411,-0.204836,-0.719672
0.674504,0.218493,0.738484,-0.303548,0.930964,-0.20289,0.683918,0.361146,0.6339,0.663411,0.0536589,-0.746328
0.674504,0.244059,0.658529,-0.303548,0.944213,0.127754,0.683918,0.12256,0.719191,0.663411,0.305682,-0.682967
0.674504,0.295428,0.592139,-0.303548,0.843575,0.442989,0.683918,-0.130809,0.717736,0.663411,0.520836,-0.537229
0.674504,0.366407,0.547323,-0.303548,0.64119,0.704793,0.683918,-0.3684,0.629712,0.663411,0.673169,-0.326694
0.674504,0.448432,0.529486,-0.303548,0.361468,0.881589,0.683918,-0.561557,0.465735,0.663411,0.744308,-0.0767549
0.674504,0.531612,0.540778,-0.303548,0.0381479,0.952052,0.683918,-0.686982,0.245584,0.663411,0.725672,0.182442
0.674504,0.605913,0.579839,-0.303548,-0.289774,0.907684,0.683918,-0.729547,-0.00418812,0.663411,0.61951,0.419634
0.674504,0.662374,0.641957,-0.303548,-0.582744,0.753835,0.683918,-0.684117,-0.253455,0.663411,0.438626,0.606212
0.674504,0.694184,0.719639,-0.303548,-0.805427,0.509063,0.683918,-0.556173,-0.472152,0.663411,0.204836,0.719672
0.674504,0.697507,0.803516,-0.303548,-0.930964,0.20289,0.683918,-0.361146,-0.6339,0.663411,-0.0536589,0.746328
0.674504,0.671941,0.883471,-0.303548,-0.944213,-0.127754,0.683918,-0.12256,-0.719191,0.663411,-0.305682,0.682967
0.674504,0.620572,0.949861,-0.303548,-0.843575,-0.442989,0.683918,0.130809,-0.717736,0.663411,-0.520836,0.537229
0.674504,0.549593,0.994677,-0.303548,-0.64119,-0.704793,0.683918,0.3684,-0.629712,0.663411,-0.673169,0.326694
0.674504,0.467568,1.01251,-0.303548,-0.361468,-0.881589,0.683918,0.561557,-0.465735,0.663411,-0.744308,0.0767549
0.674504,0.384388,1.00122,-0.303548,-0.0381479,-0.952052,0.683918,0.686982,-0.245584,0.663411,-0.725672,-0.182442
0.763543,0.414848,1.1029,-0.60091,0.00761999,-0.79928,0.629641,0.620513,-0.467457,0.492402,-0.784159,-0.377671
0.763543,0.303935,1.06812,-0.60091,0.28053,-0.748471,0.629641,0.742971,-0.227038,0.492402,-0.607698,-0.623093
0.763543,0.211604,0.997511,-0.60091,0.519605,-0.607386,0.629641,0.775816,0.0407649,0.492402,-0.357939,-0.79336
0.763543,0.148992,0.899578,-0.60091,0.696007,-0.393041,0.629641,0.715086,0.303651,0.492402,-0.0650073,-0.867937
0.763543,0.123652,0.786137,-0.60091,0.78846,-0.131289,0.629641,0.568107,0.529913,0.492402,0.235765,-0.837828
0.763543,0.138638,0.67087,-0.60091,0.785814,0.146298,0.629641,0.352605,0.692259,0.492402,0.508101,-0.706664
0.763543,0.192144,0.567681,-0.60091,0.688387,0.406239,0.629641,0.0945735,0.771109,0.492402,0.719152,-0.490266
0.763543,0.277717,0.489014,-0.60091,0.50793,0.617182,0.629641,-0.174865,0.756951,0.492402,0.843463,-0.214735
0.763543,0.385034,0.44436,-0.60091,0.266209,0.753684,0.629641,-0.423212,0.651494,0.492402,0.86604,0.086696
0.763543,0.501152,0.439103,-0.60091,-0.00761999,0.79928,0.629641,-0.620513,0.467457,0.492402,0.784159,0.377671
0.763543,0.612065,0.473877,-0.60091,-0.28053,0.748471,0.629641,-0.742971,0.227038,0.492402,0.607698,0.623093
0.763543,0.704396,0.544489,-0.60091,-0.519605,0.607386,0.629641,-0.775816,-0.0407649,0.492402,0.357939,0.79336
0.763543,0.767008,0.642422,-0.60091,-0.696007,0.393041,0.629641,-0.715086,-0.303651,0.492402,0.0650073,0.867937
0.763543,0.792348,0.755863,-0.60091,-0.78846,0.131289,0.629641,-0.568107,-0.529913,0.492402,-0.235765,0.837828
0.763543,0.777362,0.87113,-0.60091,-0.785814,-0.146298,0.629641,-0.352605,-0.692259,0.492402,-0.508101,0.706664
0.763543,0.723856,0.974319,-0.60091,-0.688387,-0.406239,0.629641,-0.0945735,-0.771109,0.492402,-0.719152,0.490266
0.763543,0.638283,1.05299,-0.60091,-0.50793,-0.617182,0.629641,0.174865,-0.756951,0.492402,-0.843463,0.214735
0.763543,0.530966,1.09764,-0.60091,-0.266209,-0.753684,0.629641,0.423212,-0.651494,0.492402,-0.86604,-0.086696
0.763543,0.414848,1.1029,-0.60091,0.00761999,-0.79928,0.629641,0.620513,-0.467457,0.492402,-0.784159,-0.377671
0.883514,0.434732,1.16927,-0.825794,0.0798148,-0.558295,0.499419,0.56338,-0.658167,0.262001,-0.822334,-0.505097
0.883514,0.299919,1.13729,-0.825794,0.26595,-0.497328,0.499419,0.75451,-0.425787,0.262001,-0.599988,-0.75589
0.883514,0.184173,1.06114,-0.825794,0.420007,-0.376375,0.499419,0.854635,-0.142052,0.262001,-0.305274,-0.915513
0.883514,0.101455,0.949984,-0.825794,0.523405,-0.210026,0.499419,0.851679,0.158818,0.262001,0.0262597,-0.96471
0.883514,0.0617407,0.817244,-0.825794,0.563673,-0.0183447,0.499419,0.745998,0.440531,0.262001,0.354626,-0.89755
0.883514,0.0698216,0.678927,-0.825794,0.535954,0.175549,0.499419,0.550338,0.66911,0.262001,0.64022,-0.722132
0.883514,0.124722,0.551715,-0.825794,0.443591,0.348269,0.499419,0.288299,0.816985,0.262001,0.848593,-0.459614
0.883514,0.219822,0.450952,-0.825794,0.297724,0.478983,0.499419,-0.00851237,0.866319,0.262001,0.954614,-0.141659
0.883514,0.343648,0.388791,-0.825794,0.115947,0.551924,0.499419,-0.304297,0.811162,0.262001,0.945494,0.193381
0.883514,0.481268,0.372731,-0.825794,-0.0798148,0.558295,0.499419,-0.56338,0.658167,0.262001,0.822334,0.505097
0.883514,0.616081,0.404707,-0.825794,-0.26595,0.497328,0.499419,-0.75451,0.425787,0.262001,0.599988,0.75589
0.883514,0.731827,0.480864,-0.825794,-0.420007,0.376375,0.499419,-0.854635,0.142052,0.262001,0.305274,0.915513
0.883514,0.814545,0.592016,-0.825794,-0.523405,0.210026,0.499419,-0.851679,-0.158818,0.262001,-0.0262597,0.96471
0.883514,0.854259,0.724756,-0.825794,-0.563673,0.0183447,0.499419,-0.745998,-0.440531,0.262001,-0.354626,0.89755
0.883514,0.846178,0.863073,-0.825794,-0.535954,-0.175549,0.499419,-0.550338,-0.66911,0.262001,-0.64022,0.722132
0.883514,0.791278,0.990285,-0.825794,-0.443591,-0.348269,0.499419,-0.288299,-0.816985,0.262001,-0.848593,0.459614
0.883514,0.696178,1.09105,-0.825794,-0.297724,-0.478983,0.499419,0.00851237,-0.866319,0.262001,-0.954614,0.141659
0.883514,0.572352,1.15321,-0.825794,-0.115947,-0.551924,0.499419,0.304297,-0.811162,0.262001,-0.945494,-0.193381
0.883514,0.434732,1.16927,-0.825794,0.0798148,-0.558295,0.499419,0.56338,-0.658167,0.262001,-0.822334,-0.505097
0.875863,0.352057,0.389177,0.985232,0.126787,-0.115082,-0.00862081,0.707976,0.706184,0.17101,-0.694763,0.698613
0.875863,0.489037,0.375969,0.985232,0.158501,-0.0647775,-0.00862081,0.42375,0.905738,0.17101,-0.891803,0.418859
0.875863,0.622274,0.410408,0.985232,0.171098,-0.00666034,-0.00862081,0.0884144,0.996046,0.17101,-0.981279,0.0885837
0.875863,0.735697,0.488339,0.985232,0.163057,0.0522602,-0.00862081,-0.257586,0.966217,0.17101,-0.952398,-0.252376
0.875863,0.815625,0.600363,0.985232,0.13535,0.104877,-0.00862081,-0.572517,0.819848,0.17101,-0.808644,-0.562895
0.875863,0.852419,0.732969,0.985232,0.0913169,0.144845,-0.00862081,-0.818394,0.574592,0.17101,-0.567355,-0.805521
0.875863,0.84164,0.870162,0.985232,0.03627,0.167342,-0.00862081,-0.965561,0.260033,0.17101,-0.257635,-0.950989
0.875863,0.784588,0.995394,0.985232,-0.0231516,0.169655,-0.00862081,-0.996267,-0.0858905,0.17101,0.0831594,-0.981754
0.875863,0.688145,1.09356,0.985232,-0.0797808,0.151505,-0.00862081,-0.906809,-0.421454,0.17101,0.413924,-0.894104
0.875863,0.563943,1.15282,0.985232,-0.126787,0.115082,-0.00862081,-0.707976,-0.706184,0.17101,0.694763,-0.698613
0.875863,0.426963,1.16603,0.985232,-0.158501,0.0647775,-0.00862081,-0.42375,-0.905738,0.17101,0.891803,-0.418859
0.875863,0.293726,1.13159,0.985232,-0.171098,0.00666034,-0.00862081,-0.0884144,-0.996046,0.17101,0.981279,-0.0885837
0.875863,0.180303,1.05366,0.985232,-0.163057,-0.0522602,-0.00862081,0.257586,-0.966217,0.17101,0.952398,0.252376
0.875863,0.100375,0.941637,0.985232,-0.13535,-0.104877,-0.00862081,0.572517,-0.819848,0.17101,0.808644,0.562895
0.875863,0.0635809,0.809031,0.985232,-0.0913169,-0.144845,-0.00862081,0.818394,-0.574592,0.17101,0.567355,0.805521
0.875863,0.07436,0.671838,0.985232,-0.03627,-0.167342,-0.00862081,0.965561,-0.260033,0.17101,0.257635,0.950989
0.875863,0.131412,0.546606,0.985232,0.0231516,-0.169655,-0.00862081,0.996267,0.0858905,0.17101,-0.0831594,0.981754
0.875863,0.227855,0.448438,0.985232,0.0797808,-0.151505,-0.00862081,0.906809,0.421454,0.17101,-0.413924,0.894104
0.875863,0.352057,0.389177,0.985232,0.126787,-0.115082,-0.00862081,0.707976,0.706184,0.17101,-0.694763,0.698613
0.749059,0.373061,0.459288,0.900555,0.0313618,-0.43361,0.292759,0.693598,0.65819,0.321393,-0.71968,0.615441
0.749059,0.484795,0.449036,0.900555,0.177774,-0.396734,0.292759,0.426654,0.855721,0.321393,-0.886771,0.332181
0.749059,0.593297,0.477617,0.900555,0.302744,-0.312005,0.292759,0.10825,0.950039,0.321393,-0.946905,0.00885418
0.749059,0.685481,0.541584,0.900555,0.391198,-0.189645,0.292759,-0.223211,0.929768,0.321393,-0.892828,-0.31554
0.749059,0.750227,0.633223,0.900555,0.432468,-0.0444102,0.292759,-0.527749,0.797354,0.321393,-0.731062,-0.601876
0.749059,0.779726,0.741479,0.900555,0.421576,0.106181,0.292759,-0.768633,0.568767,0.321393,-0.48112,-0.815616
0.749059,0.77042,0.853296,0.900555,0.359836,0.243965,0.292759,-0.916808,0.271578,0.321393,-0.173148,-0.930981
0.749059,0.723432,0.955187,0.900555,0.254694,0.352323,0.292759,-0.954403,-0.0583672,0.321393,0.155709,-0.934057
0.749059,0.644429,1.03486,0.900555,0.118833,0.418186,0.292759,-0.876883,-0.381272,0.321393,0.465784,-0.824471
0.749059,0.542939,1.08271,0.900555,-0.0313618,0.43361,0.292759,-0.693598,-0.65819,0.321393,0.71968,-0.615441
0.749059,0.431205,1.09296,0.900555,-0.177774,0.396734,0.292759,-0.426654,-0.855721,0.321393,0.886771,-0.332181
0.749059,0.322703,1.06438,0.900555,-0.302744,0.312005,0.292759,-0.10825,-0.950039,0.321393,0.946905,-0.00885418
0.749059,0.230519,1.00042,0.900555,-0.391198,0.189645,0.292759,0.223211,-0.929768,0.321393,0.892828,0.31554
0.749059,0.165773,0.908777,0.900555,-0.432468,0.0444102,0.292759,0.527749,-0.797354,0.321393,0.731062,0.601876
0.749059,0.136274,0.800521,0.900555,-0.421576,-0.106181,0.292759,0.768633,-0.568767,0.321393,0.48112,0.815616
0.749059,0.14558,0.688704,0.900555,-0.359836,-0.243965,0.292759,0.916808,-0.271578,0.321393,0.173148,0.930981
0.749059,0.192568,0.586813,0.900555,-0.254694,-0.352323,0.292759,0.954403,0.0583672,0.321393,-0.155709,0.934057
0.749059,0.271571,0.507137,0.900555,-0.118833,-0.418186,0.292759,0.876883,0.381272,0.321393,-0.465784,0.824471
0.749059,0.373061,0.459288,0.900555,0.0313618,-0.43361,0.292759,0.693598,0.65819,0.321393,-0.71968,0.615441
0.654934,0.405244,0.566716,0.707258,-0.0499975,-0.705185,0.558827,0.650505,0.514349,0.433011,-0.757854,0.488015
0.654934,0.478295,0.560992,0.707258,0.194205,-0.679758,0.558827,0.435357,0.705816,0.433011,-0.879061,0.199383
0.654934,0.548898,0.580599,0.707258,0.414984,-0.572341,0.558827,0.167699,0.812151,0.433011,-0.89424,-0.113298
0.654934,0.608537,0.62317,0.707258,0.58571,-0.395892,0.558827,-0.120187,0.820529,0.433011,-0.801561,-0.412314
0.654934,0.65002,0.683572,0.707258,0.68579,-0.171692,0.558827,-0.393576,0.729938,0.433011,-0.612201,-0.661598
0.654934,0.668341,0.754519,0.707258,0.703154,0.0732162,0.558827,-0.619494,0.551307,0.433011,-0.349001,-0.831084
0.654934,0.661293,0.827454,0.707258,0.635707,0.309294,0.558827,-0.770692,0.30618,0.433011,-0.0437062,-0.900329
0.654934,0.629724,0.89358,0.707258,0.491585,0.508066,0.558827,-0.828933,0.0241225,0.433011,0.26686,-0.860981
0.654934,0.577443,0.944921,0.707258,0.28817,0.645557,0.558827,-0.787193,-0.260844,0.433011,0.545239,-0.717785
0.654934,0.510756,0.975284,0.707258,0.0499975,0.705185,0.558827,-0.650505,-0.514349,0.433011,0.757854,-0.488015
0.654934,0.437705,0.981008,0.707258,-0.194205,0.679758,0.558827,-0.435357,-0.705816,0.433011,0.879061,-0.199383
0.654934,0.367102,0.961401,0.707258,-0.414984,0.572341,0.558827,-0.167699,-0.812151,0.433011,0.89424,0.113298
0.654934,0.307463,0.91883,0.707258,-0.58571,0.395892,0.558827,0.120187,-0.820529,0.433011,0.801561,0.412314
0.654934,0.26598,0.858428,0.707258,-0.68579,0.171692,0.558827,0.393576,-0.729938,0.433011,0.612201,0.661598
0.654934,0.247659,0.787481,0.707258,-0.703154,-0.0732162,0.558827,0.619494,-0.551307,0.433011,0.349001,0.831084
0.654934,0.254707,0.714546,0.707258,-0.635707,-0.309294,0.558827,0.770692,-0.30618,0.433011,0.0437062,0.900329
