0.658953,0.147274,0.931978,0.308961,-0.240498,0.920165,0.951075,0.0781303,-0.298919,-3.49349e-06,0.9675,0.252871
0.907818,0.179798,0.621695,0.92986,0.338038,-0.145229,-0.179072,0.760655,0.623969,0.321394,-0.554197,0.767836
0.907818,0.315487,0.582777,0.92986,0.367323,-0.0208549,-0.179072,0.501372,0.846498,0.321394,-0.78339,0.531983
0.907818,0.456303,0.592614,0.92986,0.352304,0.106035,-0.179072,0.181616,0.966927,0.321394,-0.918095,0.231965
0.907818,0.585262,0.65002,0.92986,0.294791,0.220135,-0.179072,-0.160045,0.970731,0.321394,-0.942064,-0.0960306
0.907818,0.686811,0.748071,0.92986,0.201722,0.307684,-0.179072,-0.482403,0.85745,0.321394,-0.852406,-0.412444
0.907818,0.748699,0.87494,0.92986,0.084323,0.358121,-0.179072,-0.746576,0.640748,0.321394,-0.659935,-0.679111
0.907818,0.763464,1.01533,0.92986,-0.043247,0.365364,-0.179072,-0.9207,0.346762,0.321394,-0.387867,-0.863866
0.907818,0.729324,1.15229,0.92986,-0.165601,0.328539,-0.179072,-0.983775,0.0109519,0.321394,-0.0690159,-0.944427
0.907818,0.650396,1.26933,0.92986,-0.267981,0.252087,-0.179072,-0.928192,-0.326179,0.321394,0.258159,-0.911076
0.907818,0.536202,1.3523,0.92986,-0.338038,0.145229,-0.179072,-0.760655,-0.623969,0.321394,0.554197,-0.767836
0.907818,0.400513,1.39122,0.92986,-0.367323,0.0208549,-0.179072,-0.501372,-0.846498,0.321394,0.78339,-0.531983
0.907818,0.259697,1.38139,0.92986,-0.352304,-0.106035,-0.179072,-0.181616,-0.966927,0.321394,0.918095,-0.231965
0.907818,0.130738,1.32398,0.92986,-0.294791,-0.220135,-0.179072,0.160045,-0.970731,0.321394,0.942064,0.0960306
0.907818,0.0291895,1.22593,0.92986,-0.201722,-0.307684,-0.179072,0.482403,-0.85745,0.321394,0.852406,0.412444
0.907818,-0.0326993,1.09906,0.92986,-0.084323,-0.358121,-0.179072,0.746576,-0.640748,0.321394,0.659935,0.679111
0.907818,-0.047464,0.958675,0.92986,0.043247,-0.365364,-0.179072,0.9207,-0.346762,0.321394,0.387867,0.863866
0.907818,-0.0133238,0.821706,0.92986,0.165601,-0.328539,-0.179072,0.983775,-0.0109519,0.321394,0.0690159,0.944427
0.907818,0.0656036,0.704674,0.92986,0.267981,-0.252087,-0.179072,0.928192,0.326179,0.321394,-0.258159,0.911076
0.907818,0.179798,0.621695,0.92986,0.338038,-0.145229,-0.179072,0.760655,0.623969,0.321394,-0.554197,0.767836
0.809114,0.165393,0.67681,0.796489,0.415012,-0.439738,-0.0275851,0.751441,0.659224,0.604023,-0.512935,0.609963
0.809114,0.2831,0.629641,0.796489,0.540383,-0.271276,-0.0275851,0.480656,0.876476,0.604023,-0.69062,0.397744
0.809114,0.409841,0.625575,0.796489,0.600576,-0.0700943,-0.0275851,0.151896,0.988011,0.604023,-0.785007,0.137551
0.809114,0.530329,0.665103,0.796489,0.58833,0.139542,-0.0275851,-0.195184,0.980379,0.604023,-0.78471,-0.139233
0.809114,0.630032,0.743456,0.796489,0.505124,0.332347,-0.0275851,-0.518722,0.854498,0.604023,-0.689766,-0.399223
0.809114,0.696924,0.851184,0.796489,0.360991,0.485067,-0.0275851,-0.779695,0.625552,0.604023,-0.511626,-0.611061
0.809114,0.722936,0.975293,0.796489,0.173318,0.57928,-0.0275851,-0.946625,0.321155,0.604023,-0.271776,-0.749196
0.809114,0.704932,1.10081,0.796489,-0.0352595,0.603624,-0.0275851,-0.999378,-0.0219779,0.604023,0.00085414,-0.796967
0.809114,0.645082,1.21261,0.796489,-0.239584,0.555161,-0.0275851,-0.931591,-0.36246,0.604023,0.273381,-0.748611
0.809114,0.550607,1.29719,0.796489,-0.415012,0.439738,-0.0275851,-0.751441,-0.659224,0.604023,0.512935,-0.609963
0.809114,0.4329,1.34436,0.796489,-0.540383,0.271276,-0.0275851,-0.480656,-0.876476,0.604023,0.69062,-0.397744
0.809114,0.306159,1.34842,0.796489,-0.600576,0.0700943,-0.0275851,-0.151896,-0.988011,0.604023,0.785007,-0.137551
0.809114,0.185671,1.3089,0.796489,-0.58833,-0.139542,-0.0275851,0.195184,-0.980379,0.604023,0.78471,0.139233
0.809114,0.0859679,1.23054,0.796489,-0.505124,-0.332347,-0.0275851,0.518722,-0.854498,0.604023,0.689766,0.399223
0.809114,0.0190763,1.12282,0.796489,-0.360991,-0.485067,-0.0275851,0.779695,-0.625552,0.604023,0.511626,0.611061
0.809114,-0.00693607,0.998707,0.796489,-0.173318,-0.57928,-0.0275851,0.946625,-0.321155,0.604023,0.271776,0.749196
0.809114,0.0110682,0.873185,0.796489,0.0352595,-0.603624,-0.0275851,0.999378,0.0219779,0.604023,-0.00085414,0.796967
0.809114,0.0709176,0.761392,0.796489,0.239584,-0.555161,-0.0275851,0.931591,0.36246,0.604023,-0.273381,0.748611
0.809114,0.165393,0.67681,0.796489,0.415012,-0.439738,-0.0275851,0.751441,0.659224,0.604023,-0.512935,0.609963
0.735846,0.143321,0.761262,0.567051,0.475809,-0.672353,0.127229,0.755884,0.642225,0.813797,-0.449717,0.368088
0.735846,0.233475,0.701451,0.567051,0.677073,-0.469069,0.127229,0.490644,0.862021,0.813797,-0.548489,0.192077
0.735846,0.338648,0.676081,0.567051,0.796671,-0.209208,0.127229,0.166226,0.977845,0.813797,-0.581106,-0.00710109
0.735846,0.446156,0.688213,0.567051,0.82018,0.0758863,0.127229,-0.178241,0.975727,0.813797,-0.543632,-0.205423
0.735846,0.54303,0.736383,0.567051,0.744762,0.351828,0.127229,-0.50121,0.855921,0.813797,-0.440588,-0.378967
0.735846,0.617588,0.814781,0.567051,0.579515,0.585333,0.127229,-0.763726,0.632879,0.813797,-0.284403,-0.506803
0.735846,0.660835,0.913952,0.567051,0.34437,0.748239,0.127229,-0.934125,0.333502,0.813797,-0.0939147,-0.57351
0.735846,0.667556,1.02193,0.567051,0.0676893,0.820897,0.127229,-0.991855,-0.00610007,0.813797,0.107901,-0.571044
0.735846,0.63694,1.1257,0.567051,-0.217156,0.794542,0.127229,-0.929952,-0.344966,0.813797,0.296703,-0.499702
0.735846,0.572679,1.21274,0.567051,-0.475809,0.672353,0.127229,-0.755884,-0.642225,0.813797,0.449717,-0.368088
0.735846,0.482525,1.27255,0.567051,-0.677073,0.469069,0.127229,-0.490644,-0.862021,0.813797,0.548489,-0.192077
0.735846,0.377352,1.29792,0.567051,-0.796671,0.209208,0.127229,-0.166226,-0.977845,0.813797,0.581106,0.00710109
0.735846,0.269844,1.28579,0.567051,-0.82018,-0.0758863,0.127229,0.178241,-0.975727,0.813797,0.543632,0.205423
0.735846,0.17297,1.23762,0.567051,-0.744762,-0.351828,0.127229,0.50121,-0.855921,0.813797,0.440588,0.378967
0.735846,0.0984124,1.15922,0.567051,-0.579515,-0.585333,0.127229,0.763726,-0.632879,0.813797,0.284403,0.506803
0.735846,0.0551652,1.06005,0.567051,-0.34437,-0.748239,0.127229,0.934125,-0.333502,0.813797,0.0939147,0.57351
0.735846,0.0484443,0.952068,0.567051,-0.0676893,-0.820897,0.127229,0.991855,0.00610007,0.813797,-0.107901,0.571044
0.735846,0.0790604,0.8483,0.567051,0.217156,-0.794542,0.127229,0.929952,0.344966,0.813797,-0.296703,0.499702
0.735846,0.143321,0.761262,0.567051,0.475809,-0.672353,0.127229,0.755884,0.642225,0.813797,-0.449717,0.368088
0.696852,0.116243,0.864865,0.269218,0.513096,-0.815018,0.266698,0.773448,0.575022,0.925416,-0.37217,0.0713842
0.696852,0.172595,0.789545,0.269218,0.760905,-0.590377,0.266698,0.530134,0.804879,0.925416,-0.37414,-0.0602103
0.696852,0.25131,0.738041,0.269218,0.916938,-0.294528,0.266698,0.222878,0.937655,0.925416,-0.330983,-0.184543
0.696852,0.342893,0.716564,0.269218,0.962374,0.0368458,0.266698,-0.11126,0.957337,0.925416,-0.247905,-0.286616
0.696852,0.436299,0.727707,0.269218,0.891734,0.363775,0.266698,-0.431978,0.861549,0.925416,-0.134926,-0.35412
0.696852,0.52026,0.770124,0.269218,0.713537,0.646828,0.266698,-0.700594,0.661846,0.925416,-0.00567314,-0.378911
0.696852,0.584651,0.838699,0.269218,0.449278,0.851863,0.266698,-0.884708,0.382314,0.925416,0.124264,-0.358
0.696852,0.621704,0.925162,0.269218,0.130829,0.954152,0.266698,-0.962113,0.0566702,0.925416,0.239214,-0.29391
0.696852,0.62695,1.01908,0.269218,-0.203401,0.941355,0.266698,-0.923473,-0.275809,0.925416,0.32531,-0.194369
0.696852,0.599757,1.10913,0.269218,-0.513096,0.815018,0.266698,-0.773448,-0.575022,0.925416,0.37217,-0.0713842
0.696852,0.543405,1.18446,0.269218,-0.760905,0.590377,0.266698,-0.530134,-0.804879,0.925416,0.37414,0.0602103
0.696852,0.46469,1.23596,0.269218,-0.916938,0.294528,0.266698,-0.222878,-0.937655,0.925416,0.330983,0.184543
0.696852,0.373107,1.25744,0.269218,-0.962374,-0.0368458,0.266698,0.11126,-0.957337,0.925416,0.247905,0.286616
0.696852,0.279701,1.24629,0.269218,-0.891734,-0.363775,0.266698,0.431978,-0.861549,0.925416,0.134926,0.35412
0.696852,0.19574,1.20388,0.269218,-0.713537,-0.646828,0.266698,0.700594,-0.661846,0.925416,0.00567314,0.378911
0.696852,0.131349,1.1353,0.269218,-0.449278,-0.851863,0.266698,0.884708,-0.382314,0.925416,-0.124264,0.358
0.696852,0.0942962,1.04884,0.269218,-0.130829,-0.954152,0.266698,0.962113,-0.0566702,0.925416,-0.239214,0.29391
0.696852,0.0890497,0.954917,0.269218,0.203401,-0.941355,0.266698,0.923473,0.275809,0.925416,-0.32531,0.194369
0.696852,0.116243,0.864865,0.269218,0.513096,-0.815018,0.266698,0.773448,0.575022,0.925416,-0.37217,0.0713842
0.696834,0.0874249,0.975124,-0.061087,0.522377,-0.850524,0.373999,0.802015,0.465722,0.925415,-0.289645,-0.244361
0.696834,0.107804,0.883298,-0.061087,0.78177,-0.620568,0.373999,0.594362,0.711941,0.925415,-0.188601,-0.328689
0.696834,0.158361,0.80398,-0.061087,0.94687,-0.315762,0.373999,0.315019,0.872289,0.925415,-0.0648091,-0.373372
0.696834,0.232997,0.746737,-0.061087,0.997764,0.0271294,0.373999,-0.0023192,0.927426,0.925415,0.0668001,-0.373021
0.696834,0.322711,0.718473,-0.061087,0.928312,0.366749,0.373999,-0.319378,0.870702,0.925415,0.190352,-0.327678
0.696834,0.41668,0.722598,-0.061087,0.746893,0.662132,0.373999,-0.597915,0.708959,0.925415,0.290945,-0.242812
0.696834,0.503572,0.758613,-0.061087,0.475387,0.877653,0.373999,-0.804334,0.461705,0.925415,0.356445,-0.12866
0.696834,0.572906,0.822175,-0.061087,0.146543,0.987316,0.373999,-0.913739,0.158762,0.925415,0.378953,0.00101086
0.696834,0.616319,0.905618,-0.061087,-0.199977,0.977894,0.373999,-0.912934,-0.16333,0.925415,0.355754,0.13056
0.696834,0.628575,0.998876,-0.061087,-0.522377,0.850524,0.373999,-0.802015,-0.465722,0.925415,0.289645,0.244361
0.696834,0.608196,1.0907,-0.061087,-0.78177,0.620568,0.373999,-0.594362,-0.711941,0.925415,0.188601,0.328689
0.696834,0.557639,1.17002,-0.061087,-0.94687,0.315762,0.373999,-0.315019,-0.872289,0.925415,0.0648091,0.373372
0.696834,0.483003,1.22726,-0.061087,-0.997764,-0.0271294,0.373999,0.0023192,-0.927426,0.925415,-0.0668001,0.373021
0.696834,0.393289,1.25553,-0.061087,-0.928312,-0.366749,0.373999,0.319378,-0.870702,0.925415,-0.190352,0.327678
0.696834,0.29932,1.2514,-0.061087,-0.746893,-0.662132,0.373999,0.597915,-0.708959,0.925415,-0.290945,0.242812
0.696834,0.212428,1.21539,-0.061087,-0.475387,-0.877653,0.373999,0.804334,-0.461705,0.925415,-0.356445,0.12866
0.696834,0.143094,1.15182,-0.061087,-0.146543,-0.987316,0.373999,0.913739,-0.158762,0.925415,-0.378953,-0.00101086
0.696834,0.0996807,1.06838,-0.061087,0.199977,-0.977894,0.373999,0.912934,0.16333,0.925415,-0.355754,-0.13056
0.696834,0.0874249,0.975124,-0.061087,0.522377,-0.850524,0.373999,0.802015,0.465722,0.925415,-0.289645,-0.244361
0.735794,0.0603436,1.07874,-0.384024,0.50253,-0.77459,0.43619,0.83814,0.327506,0.813796,-0.212098,-0.541064
0.735794,0.0469177,0.971402,-0.384024,0.737149,-0.556001,0.43619,0.67558,0.594416,0.813796,-0.014252,-0.580976
0.735794,0.071013,0.865947,-0.384024,0.882857,-0.27035,0.43619,0.431535,0.78963,0.813796,0.185313,-0.550813
0.735794,0.129723,0.775092,-0.384024,0.922079,0.047909,0.43619,0.135441,0.889603,0.813796,0.362526,-0.454214
0.735794,0.215967,0.709796,-0.384024,0.850085,0.360389,0.43619,-0.176989,0.882277,0.813796,0.496014,-0.30283
0.735794,0.319342,0.677935,-0.384024,0.675558,0.629402,0.43619,-0.468072,0.768535,0.813796,0.569675,-0.114921
0.735794,0.42738,0.683352,-0.384024,0.419549,0.822499,0.43619,-0.702699,0.562097,0.813796,0.574624,0.0868499
0.735794,0.527049,0.725394,-0.384024,0.112936,0.91639,0.43619,-0.852569,0.287861,0.813796,0.510266,0.278145
0.735794,0.606329,0.798989,-0.384024,-0.207299,0.899752,0.43619,-0.899607,-0.0210947,0.813796,0.384362,0.435892
0.735794,0.655656,0.895261,-0.384024,-0.50253,0.77459,0.43619,-0.83814,-0.327506,0.813796,0.212098,0.541064
0.735794,0.669082,1.0026,-0.384024,-0.737149,0.556001,0.43619,-0.67558,-0.594416,0.813796,0.014252,0.580976
0.735794,0.644987,1.10805,-0.384024,-0.882857,0.27035,0.43619,-0.431535,-0.78963,0.813796,-0.185313,0.550813
0.735794,0.586277,1.19891,-0.384024,-0.922079,-0.047909,0.43619,-0.135441,-0.889603,0.813796,-0.362526,0.454214
0.735794,0.500033,1.2642,-0.384024,-0.850085,-0.360389,0.43619,0.176989,-0.882277,0.813796,-0.496014,0.30283
0.735794,0.396658,1.29606,-0.384024,-0.675558,-0.629402,0.43619,0.468072,-0.768535,0.813796,-0.569675,0.114921
0.735794,0.28862,1.29065,-0.384024,-0.419549,-0.822499,0.43619,0.702699,-0.562097,0.813796,-0.574624,-0.0868499
0.735794,0.188951,1.24861,-0.384024,-0.112936,-0.91639,0.43619,0.852569,-0.287861,0.813796,-0.510266,-0.278145
0.735794,0.109671,1.17501,-0.384024,0.207299,-0.899752,0.43619,0.899607,0.0210947,0.813796,-0.384362,-0.435892
0.735794,0.0603436,1.07874,-0.384024,0.50253,-0.77459,0.43619,0.83814,0.327506,0.813796,-0.212098,-0.541064
0.809034,0.038265,1.16321,-0.660642,0.455951,-0.596373,0.44577,0.877464,0.177047,0.604021,-0.148881,-0.782939
0.809034,-0.00272129,1.04323,-0.660642,0.632425,-0.404463,0.44577,0.763993,0.46648,0.604021,0.127879,-0.786642
0.809034,-0.000199299,0.916466,-0.660642,0.73262,-0.163769,0.44577,0.558373,0.699649,0.604021,0.389214,-0.695465
0.809034,0.0455268,0.798208,-0.660642,0.74445,0.0966783,0.44577,0.285405,0.84843,0.604021,0.603604,-0.520404
0.809034,0.128942,0.702722,-0.660642,0.666488,0.345465,0.44577,-0.0219873,0.894877,0.604021,0.745191,-0.282575
0.809034,0.239985,0.641523,-0.660642,0.508138,0.552583,0.44577,-0.326727,0.83339,0.604021,0.796897,-0.010663
0.809034,0.365262,0.621994,-0.660642,0.288499,0.693052,0.44577,-0.592059,0.671383,0.604021,0.752485,0.262535
0.809034,0.489663,0.646491,-0.660642,0.0340629,0.749928,0.44577,-0.78598,0.428397,0.604021,0.617313,0.504067
0.809034,0.598184,0.712057,-0.660642,-0.224482,0.716352,0.44577,-0.8851,0.133741,0.604021,0.407683,0.684802
0.809034,0.677735,0.810786,-0.660642,-0.455951,0.596373,0.44577,-0.877464,-0.177047,0.604021,0.148881,0.782939
0.809034,0.718721,0.930769,-0.660642,-0.632425,0.404463,0.44577,-0.763993,-0.46648,0.604021,-0.127879,0.786642
0.809034,0.716199,1.05753,-0.660642,-0.73262,0.163769,0.44577,-0.558373,-0.699649,0.604021,-0.389214,0.695465
0.809034,0.670473,1.17579,-0.660642,-0.74445,-0.0966783,0.44577,-0.285405,-0.84843,0.604021,-0.603604,0.520404
0.809034,0.587058,1.27128,-0.660642,-0.666488,-0.345465,0.44577,0.0219873,-0.894877,0.604021,-0.745191,0.282575
0.809034,0.476015,1.33248,-0.660642,-0.508138,-0.552583,0.44577,0.326727,-0.83339,0.604021,-0.796897,0.010663
0.809034,0.350738,1.35201,-0.660642,-0.288499,-0.693052,0.44577,0.592059,-0.671383,0.604021,-0.752485,-0.262535
0.809034,0.226337,1.32751,-0.660642,-0.0340629,-0.749928,0.44577,0.78598,-0.428397,0.604021,-0.617313,-0.504067
0.809034,0.117816,1.26194,-0.660642,0.224482,-0.716352,0.44577,0.8851,-0.133741,0.604021,-0.407683,-0.684802
0.809034,0.038265,1.16321,-0.660642,0.455951,-0.596373,0.44577,0.877464,0.177047,0.604021,-0.148881,-0.782939
0.90772,0.0238522,1.21836,-0.857576,0.388257,-0.337371,0.401584,0.915246,0.0324916,0.321392,-0.107619,-0.940811
0.90772,-0.0351254,1.09012,-0.857576,0.48023,-0.184233,0.401584,0.848937,0.343565,0.321392,0.220648,-0.920881
0.90772,-0.0466864,0.949445,-0.857576,0.51428,-0.0088743,0.401584,0.680234,0.613199,0.321392,0.522301,-0.789879
0.90772,-0.00943618,0.813299,-0.857576,0.4863,0.167555,0.401584,0.429484,0.808872,0.321392,0.760957,-0.563606
0.90772,0.0721323,0.698104,-0.857576,0.399666,0.323775,0.401584,0.126933,0.906983,0.321392,0.90783,-0.269354
0.90772,0.188181,0.617754,-0.857576,0.264825,0.440942,0.401584,-0.190929,0.895699,0.321392,0.945206,0.0573864
0.90772,0.324712,0.58194,-0.857576,0.0980432,0.504926,0.401584,-0.485761,0.77638,0.321392,0.868575,0.377205
0.90772,0.465258,0.594983,-0.857576,-0.0805643,0.508008,0.401584,-0.722004,0.563419,0.321392,0.687182,0.651527
0.90772,0.592867,0.655309,-0.857576,-0.249455,0.449817,0.401584,-0.871162,0.2825,0.321392,0.422905,0.847265
0.90772,0.692148,0.755642,-0.857576,-0.388257,0.337371,0.401584,-0.915246,-0.0324916,0.321392,0.107619,0.940811
0.90772,0.751125,0.883879,-0.857576,-0.48023,0.184233,0.401584,-0.848937,-0.343565,0.321392,-0.220648,0.920881
0.90772,0.762686,1.02456,-0.857576,-0.51428,0.0088743,0.401584,-0.680234,-0.613199,0.321392,-0.522301,0.789879
0.90772,0.725436,1.1607,-0.857576,-0.4863,-0.167555,0.401584,-0.429484,-0.808872,0.321392,-0.760957,0.563606
0.90772,0.643868,1.2759,-0.857576,-0.399666,-0.323775,0.401584,-0.126933,-0.906983,0.321392,-0.90783,0.269354
0.90772,0.527819,1.35625,-0.857576,-0.264825,-0.440942,0.401584,0.190929,-0.895699,0.321392,-0.945206,-0.0573864
0.90772,0.391288,1.39206,-0.857576,-0.0980432,-0.504926,0.401584,0.485761,-0.77638,0.321392,-0.868575,-0.377205
0.90772,0.250742,1.37902,-0.857576,0.0805643,-0.508008,0.401584,0.722004,-0.563419,0.321392,-0.687182,-0.651527
0.90772,0.123133,1.31869,-0.857576,0.249455,-0.449817,0.401584,0.871162,-0.2825,0.321392,-0.422905,-0.847265
0.90772,0.0238522,1.21836,-0.857576,0.388257,-0.337371,0.401584,0.915246,0.0324916,0.321392,-0.107619,-0.940811
0.883612,0.320648,0.58977,0.961642,0.26405,-0.0743123,-0.0812368,0.532898,0.842271,0.262003,-0.803926,0.533907
0.883612,0.458762,0.600951,0.961642,0.273543,0.0204798,-0.0812368,0.212686,0.973738,0.262003,-0.938051,0.22675
0.883612,0.584721,0.658695,0.961642,0.250041,0.112802,-0.0812368,-0.133178,0.987757,0.262003,-0.959032,-0.107757
0.883612,0.683335,0.756038,0.961642,0.196382,0.191518,-0.0812368,-0.46298,0.882638,0.262003,-0.86434,-0.429267
0.883612,0.742709,0.881238,0.961642,0.119035,0.247135,-0.0812368,-0.736939,0.67106,0.262003,-0.665396,-0.699001
0.883612,0.755681,1.01919,0.961642,0.0273315,0.272943,-0.0812368,-0.922012,0.378543,0.262003,-0.386196,-0.884425
0.883612,0.720687,1.15327,0.961642,-0.0676688,0.265831,-0.0812368,-0.995877,0.0403672,0.262003,-0.060414,-0.963174
0.883612,0.641947,1.26729,0.961642,-0.154507,0.226655,-0.0812368,-0.949625,-0.302677,0.262003,0.272654,-0.925751
0.883612,0.52896,1.3475,0.961642,-0.22271,0.160141,-0.0812368,-0.788834,-0.609214,0.262003,0.572837,-0.776668
0.883612,0.395352,1.38423,0.961642,-0.26405,0.0743123,-0.0812368,-0.532898,-0.842271,0.262003,0.803926,-0.533907
0.883612,0.257238,1.37305,0.961642,-0.273543,-0.0204798,-0.0812368,-0.212686,-0.973738,0.262003,0.938051,-0.22675
0.883612,0.131279,1.3153,0.961642,-0.250041,-0.112802,-0.0812368,0.133178,-0.987757,0.262003,0.959032,0.107757
0.883612,0.0326647,1.21796,0.961642,-0.196382,-0.191518,-0.0812368,0.46298,-0.882638,0.262003,0.86434,0.429267
0.883612,-0.0267089,1.09276,0.961642,-0.119035,-0.247135,-0.0812368,0.736939,-0.67106,0.262003,0.665396,0.699001
0.883612,-0.039681,0.954806,0.961642,-0.0273315,-0.272943,-0.0812368,0.922012,-0.378543,0.262003,0.386196,0.884425
0.883612,-0.00468682,0.820732,0.961642,0.0676688,-0.265831,-0.0812368,0.995877,-0.0403672,0.262003,0.060414,0.963174
0.883612,0.0740527,0.706713,0.961642,0.154507,-0.226655,-0.0812368,0.949625,0.302677,0.262003,-0.272654,0.925751
0.883612,0.18704,0.626501,0.961642,0.22271,-0.160141,-0.0812368,0.788834,0.609214,0.262003,-0.572837,0.776668
0.883612,0.320648,0.58977,0.961642,0.26405,-0.0743123,-0.0812368,0.532898,0.842271,0.262003,-0.803926,0.533907
0.763622,0.303136,0.656775,0.856221,0.345105,-0.384433,0.156285,0.536244,0.829468,0.492403,-0.770289,0.405208
0.763622,0.419388,0.657925,0.856221,0.455776,-0.243216,0.156285,0.220209,0.962851,0.492403,-0.862424,0.117317
0.763622,0.528236,0.698767,0.856221,0.511474,-0.0726639,0.156285,-0.122385,0.9801,0.492403,-0.850538,-0.184725
0.763622,0.616552,0.774374,0.856221,0.505481,0.106653,0.156285,-0.450219,0.879135,0.492403,-0.736065,-0.464486
0.763622,0.673681,0.875626,0.856221,0.43852,0.273106,0.156285,-0.723749,0.672133,0.492403,-0.532811,-0.688223
0.763622,0.692736,0.990313,0.856221,0.318666,0.406618,0.156285,-0.909984,0.384061,0.492403,-0.265293,-0.82895
0.763622,0.671416,1.1046,0.856221,0.160377,0.491086,0.156285,-0.986462,0.0496666,0.492403,0.034224,-0.869694
0.763622,0.612293,1.2047,0.856221,-0.0172567,0.516322,0.156285,-0.943958,-0.290719,0.492403,0.329613,-0.80554
0.763622,0.522499,1.27855,0.856221,-0.192808,0.479282,0.156285,-0.787599,-0.596039,0.492403,0.585246,-0.644226
0.763622,0.412864,1.31723,0.856221,-0.345105,0.384433,0.156285,-0.536244,-0.829468,0.492403,0.770289,-0.405208
0.763622,0.296612,1.31607,0.856221,-0.455776,0.243216,0.156285,-0.220209,-0.962851,0.492403,0.862424,-0.117317
0.763622,0.187764,1.27523,0.856221,-0.511474,0.0726639,0.156285,0.122385,-0.9801,0.492403,0.850538,0.184725
0.763622,0.0994485,1.19963,0.856221,-0.505481,-0.106653,0.156285,0.450219,-0.879135,0.492403,0.736065,0.464486
0.763622,0.0423185,1.09837,0.856221,-0.43852,-0.273106,0.156285,0.723749,-0.672133,0.492403,0.532811,0.688223
0.763622,0.0232645,0.983687,0.856221,-0.318666,-0.406618,0.156285,0.909984,-0.384061,0.492403,0.265293,0.82895
0.763622,0.0445844,0.869401,0.856221,-0.160377,-0.491086,0.156285,0.986462,-0.0496666,0.492403,-0.034224,0.869694
0.763622,0.103707,0.769299,0.856221,0.0172567,-0.516322,0.156285,0.943958,0.290719,0.492403,-0.329613,0.80554
0.763622,0.193501,0.695454,0.856221,0.192808,-0.479282,0.156285,0.787599,0.596039,0.492403,-0.585246,0.644226
0.763622,0.303136,0.656775,0.856221,0.345105,-0.384433,0.156285,0.536244,0.829468,0.492403,-0.770289,0.405208
0.674556,0.276302,0.759443,0.647527,0.412153,-0.640967,0.374957,0.559931,0.73884,0.663413,-0.718754,0.20803
0.674556,0.359058,0.745224,0.647527,0.606521,-0.461347,0.374957,0.273465,0.88579,0.663413,-0.746558,-0.050344
0.674556,0.441686,0.760167,0.647527,0.727734,-0.226082,0.374957,-0.0459855,0.925901,0.663413,-0.684317,-0.302646
0.674556,0.514221,0.802469,0.647527,0.76117,0.0364517,0.374957,-0.359889,0.854334,0.663413,-0.539536,-0.518444
0.674556,0.567913,0.867028,0.647527,0.702799,0.294589,0.374957,-0.630384,0.679722,0.663413,-0.32968,-0.67171
0.674556,0.596286,0.946058,0.647527,0.55966,0.517195,0.374957,-0.824846,0.423126,0.663413,-0.0800594,-0.743959
0.674556,0.595919,1.03003,0.647527,0.349017,0.677419,0.374957,-0.91982,0.115494,0.663413,0.179218,-0.726474
0.674556,0.566855,1.1088,0.647527,0.0962779,0.755936,0.374957,-0.903849,-0.206068,0.663413,0.416878,-0.621366
0.674556,0.5126,1.17289,0.647527,-0.168074,0.743277,0.374957,-0.778861,-0.502775,0.663413,0.604257,-0.441313
0.674556,0.439698,1.21456,0.647527,-0.412153,0.640967,0.374957,-0.559931,-0.73884,0.663413,0.718754,-0.20803
0.674556,0.356942,1.22878,0.647527,-0.606521,0.461347,0.374957,-0.273465,-0.88579,0.663413,0.746558,0.050344
0.674556,0.274314,1.21383,0.647527,-0.727734,0.226082,0.374957,0.0459855,-0.925901,0.663413,0.684317,0.302646
0.674556,0.201779,1.17153,0.647527,-0.76117,-0.0364517,0.374957,0.359889,-0.854334,0.663413,0.539536,0.518444
0.674556,0.148087,1.10697,0.647527,-0.702799,-0.294589,0.374957,0.630384,-0.679722,0.663413,0.32968,0.67171
0.674556,0.119714,1.02794,0.647527,-0.55966,-0.517195,0.374957,0.824846,-0.423126,0.663413,0.0800594,0.743959
0.674556,0.120081,0.943974,0.647527,-0.349017,-0.677419,0.374957,0.91982,-0.115494,0.663413,-0.179218,0.726474
0.674556,0.149145,0.865196,0.647527,-0.0962779,-0.755936,0.374957,0.903849,0.206068,0.663413,-0.416878,0.621366
0.674556,0.2034,0.801109,0.647527,0.168074,-0.743277,0.374957,0.778861,0.502775,0.663413,-0.604257,0.441313
0.674556,0.276302,0.759443,0.647527,0.412153,-0.640967,0.374957,0.559931,0.73884,0.663413,-0.718754,0.20803
0.627155,0.243383,0.885393,0.360731,0.457109,-0.812972,0.548404,0.601101,0.581318,0.754404,-0.655537,-0.0338444
0.627155,0.285047,0.852319,0.360731,0.707595,-0.607604,0.548404,0.366028,0.751849,0.754404,-0.604428,-0.25601
0.627155,0.335511,0.83549,0.360731,0.872735,-0.328949,0.548404,0.0868063,0.831696,0.754404,-0.480416,-0.447297
0.627155,0.388686,0.836936,0.360731,0.932609,-0.0106179,0.548404,-0.202885,0.811228,0.754404,-0.298458,-0.584634
0.627155,0.438161,0.856481,0.360731,0.879998,0.308994,0.548404,-0.468106,0.692914,0.754404,-0.0805025,-0.651455
0.627155,0.477966,0.891769,0.360731,0.721245,0.591336,0.548404,-0.676867,0.491024,0.754404,0.147163,-0.639701
0.627155,0.503303,0.938543,0.360731,0.4755,0.802354,0.548404,-0.803987,0.22991,0.754404,0.357078,-0.550789
0.627155,0.511113,0.991162,0.360731,0.172403,0.916597,0.548404,-0.834134,-0.058935,0.754404,0.523925,-0.395445
0.627155,0.500456,1.04328,0.360731,-0.151489,0.920285,0.548404,-0.763673,-0.340671,0.754404,0.627579,-0.192403
0.627155,0.472617,1.08861,0.360731,-0.457109,0.812972,0.548404,-0.601101,-0.581318,0.754404,0.655537,0.0338444
0.627155,0.430953,1.12168,0.360731,-0.707595,0.607604,0.548404,-0.366028,-0.751849,0.754404,0.604428,0.25601
0.627155,0.380489,1.13851,0.360731,-0.872735,0.328949,0.548404,-0.0868063,-0.831696,0.754404,0.480416,0.447297
0.627155,0.327314,1.13706,0.360731,-0.932609,0.0106179,0.548404,0.202885,-0.811228,0.754404,0.298458,0.584634
0.627155,0.277839,1.11752,0.360731,-0.879998,-0.308994,0.548404,0.468106,-0.692914,0.754404,0.0805025,0.651455
0.627155,0.238034,1.08223,0.360731,-0.721245,-0.591336,0.548404,0.676867,-0.491024,0.754404,-0.147163,0.639701
0.627155,0.212697,1.03546,0.360731,-0.4755,-0.802354,0.548404,0.803987,-0.22991,0.754404,-0.357078,0.550789
0.627155,0.204887,0.982838,0.360731,-0.172403,-0.916597,0.548404,0.834134,0.058935,0.754404,-0.523925,0.395445
0.627155,0.215544,0.930722,0.360731,0.151489,-0.920285,0.548404,0.763673,0.340671,0.754404,-0.627579,0.192403
0.627155,0.243383,0.885393,0.360731,0.457109,-0.812972,0.548404,0.601101,0.581318,0.754404,-0.655537,-0.0338444
0.627137,0.208351,1.01943,0.0304265,0.47455,-0.879702,0.655705,0.65479,0.375901,0.754404,-0.588262,-0.291242
0.627137,0.206283,0.966293,0.0304265,0.746807,-0.664344,0.655705,0.486735,0.577183,0.754404,-0.453175,-0.474875
0.627137,0.222515,0.915651,0.0304265,0.928988,-0.368856,0.655705,0.259973,0.708848,0.754404,-0.263429,-0.601232
0.627137,0.255088,0.873616,0.0304265,0.99912,-0.0288788,0.655705,0.00185473,0.755015,0.754404,-0.0419084,-0.655071
0.627137,0.300075,0.845256,0.0304265,0.948743,0.314582,0.655705,-0.256488,0.710117,0.754404,0.184666,-0.629899
0.627137,0.352047,0.833992,0.0304265,0.783933,0.620099,0.655705,-0.483894,0.579567,0.754404,0.388968,-0.528752
0.627137,0.404738,0.841184,0.0304265,0.52457,0.850824,0.655705,-0.652935,0.379114,0.754404,0.546354,-0.363829
0.627137,0.451791,0.865963,0.0304265,0.201935,0.978926,0.655705,-0.743223,0.132934,0.754404,0.637842,-0.155024
0.627137,0.487532,0.905341,0.0304265,-0.145055,0.988956,0.655705,-0.743867,-0.12928,0.754404,0.652396,0.0724801
0.627137,0.507649,0.954568,0.0304265,-0.47455,0.879702,0.655705,-0.65479,-0.375901,0.754404,0.588262,0.291242
0.627137,0.509717,1.00771,0.0304265,-0.746807,0.664344,0.655705,-0.486735,-0.577183,0.754404,0.453175,0.474875
0.627137,0.493485,1.05835,0.0304265,-0.928988,0.368856,0.655705,-0.259973,-0.708848,0.754404,0.263429,0.601232
0.627137,0.460912,1.10038,0.0304265,-0.99912,0.0288788,0.655705,-0.00185473,-0.755015,0.754404,0.0419084,0.655071
0.627137,0.415925,1.12874,0.0304265,-0.948743,-0.314582,0.655705,0.256488,-0.710117,0.754404,-0.184666,0.629899
0.627137,0.363953,1.14001,0.0304265,-0.783933,-0.620099,0.655705,0.483894,-0.579567,0.754404,-0.388968,0.528752
0.627137,0.311262,1.13282,0.0304265,-0.52457,-0.850824,0.655705,0.652935,-0.379114,0.754404,-0.546354,0.363829
0.627137,0.264209,1.10804,0.0304265,-0.201935,-0.978926,0.655705,0.743223,-0.132934,0.754404,-0.637842,0.155024
0.627137,0.228468,1.06866,0.0304265,0.145055,-0.988956,0.655705,0.743867,0.12928,0.754404,-0.652396,-0.0724801
0.627137,0.208351,1.01943,0.0304265,0.47455,-0.879702,0.655705,0.65479,0.375901,0.754404,-0.588262,-0.291242
0.674504,0.175429,1.14539,-0.303548,0.462372,-0.833109,0.683918,0.71452,0.147366,0.663411,-0.525045,-0.533116
0.674504,0.132265,1.0734,-0.303548,0.719428,-0.624726,0.683918,0.621027,0.38286,0.663411,-0.311045,-0.680541
0.674504,0.116329,0.990982,-0.303548,0.88971,-0.340991,0.683918,0.452629,0.572174,0.663411,-0.0595276,-0.745883
0.674504,0.129542,0.908085,-0.303548,0.95268,-0.0161283,0.683918,0.229637,0.692476,0.663411,0.199169,-0.721261
0.674504,0.17031,0.834707,-0.303548,0.900742,0.31068,0.683918,-0.0210525,0.729255,0.663411,0.433844,-0.609643
0.674504,0.233716,0.779698,-0.303548,0.740162,0.600016,0.683918,-0.269203,0.678075,0.663411,0.61619,-0.424494
0.674504,0.312113,0.749692,-0.303548,0.490307,0.816981,0.683918,-0.484883,0.54511,0.663411,0.724215,-0.188145
0.674504,0.396044,0.748309,-0.303548,0.181314,0.935406,0.683918,-0.64208,0.346396,0.663411,0.744888,0.070898
0.674504,0.475387,0.775716,-0.303548,-0.149548,0.941007,0.683918,-0.721832,0.105901,0.663411,0.675718,0.321389
0.674504,0.540571,0.828607,-0.303548,-0.462372,0.833109,0.683918,-0.71452,-0.147366,0.663411,0.525045,0.533116
0.674504,0.583735,0.900602,-0.303548,-0.719428,0.624726,0.683918,-0.621027,-0.38286,0.663411,0.311045,0.680541
0.674504,0.599671,0.983018,-0.303548,-0.88971,0.340991,0.683918,-0.452629,-0.572174,0.663411,0.0595276,0.745883
0.674504,0.586458,1.06591,-0.303548,-0.95268,0.0161283,0.683918,-0.229637,-0.692476,0.663411,-0.199169,0.721261
0.674504,0.54569,1.13929,-0.303548,-0.900742,-0.31068,0.683918,0.0210525,-0.729255,0.663411,-0.433844,0.609643
0.674504,0.482284,1.1943,-0.303548,-0.740162,-0.600016,0.683918,0.269203,-0.678075,0.663411,-0.61619,0.424494
0.674504,0.403887,1.22431,-0.303548,-0.490307,-0.816981,0.683918,0.484883,-0.54511,0.663411,-0.724215,0.188145
0.674504,0.319956,1.22569,-0.303548,-0.181314,-0.935406,0.683918,0.64208,-0.346396,0.663411,-0.744888,-0.070898
0.674504,0.240613,1.19828,-0.303548,0.149548,-0.941007,0.683918,0.721832,-0.105901,0.663411,-0.675718,-0.321389
0.674504,0.175429,1.14539,-0.303548,0.462372,-0.833109,0.683918,0.71452,0.147366,0.663411,-0.525045,-0.533116
0.763543,0.148589,1.24808,-0.60091,0.422045,-0.678811,0.629641,0.773089,-0.0767219,0.492402,-0.47351,-0.730294
0.763543,0.071922,1.16072,-0.60091,0.628759,-0.493526,0.629641,0.752706,0.192317,0.492402,-0.195179,-0.848202
0.763543,0.0297601,1.0524,-0.60091,0.759636,-0.248715,0.629641,0.641536,0.43816,0.492402,0.106694,-0.863804
0.763543,0.0271888,0.936187,-0.60091,0.79889,0.0260955,0.629641,0.452988,0.631154,0.492402,0.395698,-0.775219
0.763543,0.0645182,0.826107,-0.60091,0.741786,0.297758,0.629641,0.209802,0.748021,0.492402,0.636975,-0.593131
0.763543,0.137246,0.735434,-0.60091,0.595212,0.533507,0.629641,-0.0586892,0.774667,0.492402,0.801423,-0.339502
0.763543,0.2366,0.675103,-0.60091,0.376846,0.704907,0.629641,-0.320101,0.707876,0.492402,0.869208,-0.0449251
0.763543,0.350596,0.652391,-0.60091,0.113027,0.791285,0.629641,-0.542905,0.555704,0.492402,0.832154,0.255071
0.763543,0.465486,0.670038,-0.60091,-0.164425,0.782222,0.629641,-0.700226,0.336507,0.492402,0.694729,0.524301
0.763543,0.567411,0.725916,-0.60091,-0.422045,0.678811,0.629641,-0.773089,0.0767219,0.492402,0.47351,0.730294
0.763543,0.644078,0.813284,-0.60091,-0.628759,0.493526,0.629641,-0.752706,-0.192317,0.492402,0.195179,0.848202
0.763543,0.68624,0.921604,-0.60091,-0.759636,0.248715,0.629641,-0.641536,-0.43816,0.492402,-0.106694,0.863804
0.763543,0.688811,1.03781,-0.60091,-0.79889,-0.0260955,0.629641,-0.452988,-0.631154,0.492402,-0.395698,0.775219
0.763543,0.651482,1.14789,-0.60091,-0.741786,-0.297758,0.629641,-0.209802,-0.748021,0.492402,-0.636975,0.593131
0.763543,0.578754,1.23857,-0.60091,-0.595212,-0.533507,0.629641,0.0586892,-0.774667,0.492402,-0.801423,0.339502
0.763543,0.4794,1.2989,-0.60091,-0.376846,-0.704907,0.629641,0.320101,-0.707876,0.492402,-0.869208,0.0449251
0.763543,0.365404,1.32161,-0.60091,-0.113027,-0.791285,0.629641,0.542905,-0.555704,0.492402,-0.832154,-0.255071
0.763543,0.250514,1.30396,-0.60091,0.164425,-0.782222,0.629641,0.700226,-0.336507,0.492402,-0.694729,-0.524301
0.763543,0.148589,1.24808,-0.60091,0.422045,-0.678811,0.629641,0.773089,-0.0767219,0.492402,-0.47351,-0.730294
0.883514,0.131069,1.31512,-0.825794,0.358431,-0.435421,0.499419,0.823431,-0.269335,0.262001,-0.439873,-0.858992
0.883514,0.032531,1.21772,-0.825794,0.485738,-0.286571,0.499419,0.86589,0.0285375,0.262001,-0.119553,-0.957634
0.883514,-0.0267504,1.09249,-0.825794,0.554457,-0.103157,0.499419,0.80391,0.322968,0.262001,0.215187,-0.940771
0.883514,-0.0396251,0.954531,-0.825794,0.556301,0.0927,0.499419,0.644967,0.578445,0.262001,0.523972,-0.810437
0.883514,-0.00454042,0.820494,-0.825794,0.491047,0.277376,0.499419,0.408231,0.764152,0.262001,0.769559,-0.582353
0.883514,0.074272,0.706539,-0.825794,0.366565,0.428596,0.499419,0.122256,0.857691,0.262001,0.922325,-0.284028
0.883514,0.187306,0.626412,-0.825794,0.19787,0.528121,0.499419,-0.178464,0.84778,0.262001,0.963845,0.0485546
0.883514,0.320929,0.589778,-0.825794,0.00530897,0.563947,0.499419,-0.457659,0.735614,0.262001,0.889112,0.375281
0.883514,0.459022,0.601054,-0.825794,-0.187892,0.531752,0.499419,-0.681654,0.534723,0.262001,0.707138,0.656743
0.883514,0.584931,0.658881,-0.825794,-0.358431,0.435421,0.499419,-0.823431,0.269335,0.262001,0.439873,0.858992
0.883514,0.683469,0.756284,-0.825794,-0.485738,0.286571,0.499419,-0.86589,-0.0285375,0.262001,0.119553,0.957634
0.883514,0.74275,0.881515,-0.825794,-0.554457,0.103157,0.499419,-0.80391,-0.322968,0.262001,-0.215187,0.940771
0.883514,0.755625,1.01947,-0.825794,-0.556301,-0.0927,0.499419,-0.644967,-0.578445,0.262001,-0.523972,0.810437
0.883514,0.72054,1.15351,-0.825794,-0.491047,-0.277376,0.499419,-0.408231,-0.764152,0.262001,-0.769559,0.582353
0.883514,0.641728,1.26746,-0.825794,-0.366565,-0.428596,0.499419,-0.122256,-0.857691,0.262001,-0.922325,0.284028
0.883514,0.528694,1.34759,-0.825794,-0.19787,-0.528121,0.499419,0.178464,-0.84778,0.262001,-0.963845,-0.0485546
0.883514,0.395071,1.38422,-0.825794,-0.00530897,-0.563947,0.499419,0.457659,-0.735614,0.262001,-0.889112,-0.375281
0.883514,0.256978,1.37295,-0.825794,0.187892,-0.531752,0.499419,0.681654,-0.534723,0.262001,-0.707138,-0.656743
0.883514,0.131069,1.31512,-0.825794,0.358431,-0.435421,0.499419,0.823431,-0.269335,0.262001,-0.439873,-0.858992
0.875863,0.466004,0.605755,0.985232,0.168136,-0.0323917,-0.00862081,0.237642,0.971315,0.17101,-0.956691,0.235582
0.875863,0.589884,0.665686,0.985232,0.169074,0.0270675,-0.00862081,-0.108899,0.994015,0.17101,-0.979569,-0.105833
0.875863,0.685796,0.764373,0.985232,0.14962,0.083262,-0.00862081,-0.442305,0.896823,0.17101,-0.884296,-0.434483
0.875863,0.74217,0.889912,0.985232,0.11212,0.129414,-0.00862081,-0.722362,0.691461,0.17101,-0.682365,-0.710728
0.875863,0.752208,1.02716,0.985232,0.061096,0.159956,-0.00862081,-0.915292,0.402698,0.17101,-0.39813,-0.901248
0.875863,0.714698,1.15957,0.985232,0.00270316,0.171206,-0.00862081,-0.997824,0.0653644,0.17101,-0.065875,-0.983065
0.875863,0.634166,1.27116,0.985232,-0.0560157,0.161805,-0.00862081,-0.960004,-0.279854,0.17101,0.274326,-0.946309
0.875863,0.520323,1.34847,0.985232,-0.107978,0.132889,-0.00862081,-0.806393,-0.591317,0.17101,0.581439,-0.795415
0.875863,0.386903,1.38219,0.985232,-0.146917,0.087944,-0.00862081,-0.555519,-0.831459,0.17101,0.818421,-0.548582
0.875863,0.249996,1.36825,0.985232,-0.168136,0.0323917,-0.00862081,-0.237642,-0.971315,0.17101,0.956691,-0.235582
0.875863,0.126116,1.30831,0.985232,-0.169074,-0.0270675,-0.00862081,0.108899,-0.994015,0.17101,0.979569,0.105833
0.875863,0.0302042,1.20963,0.985232,-0.14962,-0.083262,-0.00862081,0.442305,-0.896823,0.17101,0.884296,0.434483
0.875863,-0.0261701,1.08409,0.985232,-0.11212,-0.129414,-0.00862081,0.722362,-0.691461,0.17101,0.682365,0.710728
0.875863,-0.0362079,0.946839,0.985232,-0.061096,-0.159956,-0.00862081,0.915292,-0.402698,0.17101,0.39813,0.901248
0.875863,0.00130165,0.814434,0.985232,-0.00270316,-0.171206,-0.00862081,0.997824,-0.0653644,0.17101,0.065875,0.983065
0.875863,0.0818343,0.702843,0.985232,0.0560157,-0.161805,-0.00862081,0.960004,0.279854,0.17101,-0.274326,0.946309
0.875863,0.195677,0.625525,0.985232,0.107978,-0.132889,-0.00862081,0.806393,0.591317,0.17101,-0.581439,0.795415
0.875863,0.329097,0.591807,0.985232,0.146917,-0.087944,-0.00862081,0.555519,0.831459,0.17101,-0.818421,0.548582
0.875863,0.466004,0.605755,0.985232,0.168136,-0.0323917,-0.00862081,0.237642,0.971315,0.17101,-0.956691,0.235582
0.749059,0.447497,0.676566,0.900555,0.252218,-0.3541,0.292759,0.250311,0.922842,0.321393,-0.934735,0.151579
0.749059,0.548274,0.725897,0.900555,0.358117,-0.246481,0.292759,-0.0804153,0.952799,0.321393,-0.930207,-0.17726
0.749059,0.626102,0.806721,0.900555,0.420822,-0.109134,0.292759,-0.401442,0.867834,0.321393,-0.813482,-0.48472
0.749059,0.671592,0.90929,0.900555,0.432769,0.0413775,0.292759,-0.674049,0.678196,0.321393,-0.598639,-0.733715
0.749059,0.679259,1.02123,0.900555,0.392518,0.186898,0.292759,-0.865356,0.406758,0.321393,-0.311592,-0.894213
0.749059,0.648177,1.12904,0.900555,0.304923,0.309875,0.292759,-0.952288,0.0862582,0.321393,0.0130385,-0.946856
0.749059,0.582095,1.21972,0.900555,0.18055,0.395478,0.292759,-0.92436,-0.244645,0.321393,0.336096,-0.885294
0.749059,0.488985,1.28233,0.900555,0.0344007,0.433379,0.292759,-0.78494,-0.546041,0.321393,0.618616,-0.716953
0.749059,0.380075,1.30932,0.900555,-0.115898,0.419009,0.292759,-0.550846,-0.781576,0.321393,0.826521,-0.462136
0.749059,0.268503,1.29743,0.900555,-0.252218,0.3541,0.292759,-0.250311,-0.922842,0.321393,0.934735,-0.151579
0.749059,0.167726,1.2481,0.900555,-0.358117,0.246481,0.292759,0.0804153,-0.952799,0.321393,0.930207,0.17726
0.749059,0.0898981,1.16728,0.900555,-0.420822,0.109134,0.292759,0.401442,-0.867834,0.321393,0.813482,0.48472
0.749059,0.0444077,1.06471,0.900555,-0.432769,-0.0413775,0.292759,0.674049,-0.678196,0.321393,0.598639,0.733715
0.749059,0.0367411,0.952769,0.900555,-0.392518,-0.186898,0.292759,0.865356,-0.406758,0.321393,0.311592,0.894213
0.749059,0.067823,0.844956,0.900555,-0.304923,-0.309875,0.292759,0.952288,-0.0862582,0.321393,-0.0130385,0.946856
0.749059,0.133905,0.754276,0.900555,-0.18055,-0.395478,0.292759,0.92436,0.244645,0.321393,-0.336096,0.885294
0.749059,0.227015,0.691666,0.900555,-0.0344007,-0.433379,0.292759,0.78494,0.546041,0.321393,-0.618616,0.716953
0.749059,0.335925,0.664678,0.900555,0.115898,-0.419009,0.292759,0.550846,0.781576,0.321393,-0.826521,0.462136
0.749059,0.447497,0.676566,0.900555,0.252218,-0.3541,0.292759,0.250311,0.922842,0.321393,-0.934735,0.151579
0.654934,0.419139,0.785066,0.707258,0.323907,-0.628387,0.558827,0.288281,0.777564,0.433011,-0.901098,0.0228809
0.654934,0.484517,0.818155,0.707258,0.519294,-0.479708,0.558827,0.00495298,0.829269,0.433011,-0.854581,-0.286693
0.654934,0.534635,0.871609,0.707258,0.652047,-0.273169,0.558827,-0.278972,0.780952,0.433011,-0.704989,-0.561687
0.654934,0.563449,0.938981,0.707258,0.706153,-0.0336819,0.558827,-0.52925,0.638441,0.433011,-0.470365,-0.768934
0.654934,0.567482,1.01214,0.707258,0.675086,0.209868,0.558827,-0.715692,0.418924,0.433011,-0.179007,-0.883435
0.654934,0.546249,1.08228,0.707258,0.562595,0.428104,0.558827,-0.815811,0.148879,0.433011,0.133941,-0.891382
0.654934,0.50231,1.14091,0.707258,0.382246,0.594705,0.558827,-0.817531,-0.139123,0.433011,0.430734,-0.791815
0.654934,0.440965,1.18099,0.707258,0.155792,0.689576,0.558827,-0.720645,-0.410345,0.433011,0.675574,-0.596743
0.654934,0.369614,1.19767,0.707258,-0.089452,0.701274,0.558827,-0.536838,-0.632073,0.433011,0.83893,-0.329695
0.654934,0.296861,1.18893,0.707258,-0.323907,0.628387,0.558827,-0.288281,-0.777564,0.433011,0.901098,-0.0228809
0.654934,0.231483,1.15584,0.707258,-0.519294,0.479708,0.558827,-0.00495298,-0.829269,0.433011,0.854581,0.286693
0.654934,0.181365,1.10239,0.707258,-0.652047,0.273169,0.558827,0.278972,-0.780952,0.433011,0.704989,0.561687
0.654934,0.152551,1.03502,0.707258,-0.706153,0.0336819,0.558827,0.52925,-0.638441,0.433011,0.470365,0.768934
0.654934,0.148518,0.961855,0.707258,-0.675086,-0.209868,0.558827,0.715692,-0.418924,0.433011,0.179007,0.883435
0.654934,0.169751,0.891725,0.707258,-0.562595,-0.428104,0.558827,0.815811,-0.148879,0.433011,-0.133941,0.891382
0.654934,0.21369,0.833085,0.707258,-0.382246,-0.594705,0.558827,0.817531,0.139123,0.433011,-0.430734,0.791815
0.654934,0.275035,0.793011,0.707258,-0.155792,-0.689576,0.558827,0.720645,0.410345,0.433011,-0.675574,0.596743
