0.658953,0.628753,0.911845,0.308961,0.549738,-0.7761,0.951075,-0.178588,0.252117,-3.49349e-06,-0.816024,-0.578018
0.907818,0.488827,1.19069,0.92986,-0.36754,0.0165977,-0.179072,-0.491531,-0.85225,0.321394,0.789501,-0.522871
0.907818,0.348134,1.17922,0.92986,-0.351052,-0.110109,-0.179072,-0.170401,-0.968967,0.321394,0.92072,-0.221313
0.907818,0.219849,1.12032,0.92986,-0.292221,-0.223536,-0.179072,0.171281,-0.968812,0.321394,0.940888,0.106939
0.907818,0.119443,1.0211,0.92986,-0.198144,-0.31,-0.179072,0.492305,-0.851803,0.321394,0.84757,0.422292
0.907818,0.0590286,0.893526,0.92986,-0.0801682,-0.359074,-0.179072,0.753949,-0.632055,0.321394,0.652023,0.686711
0.907818,0.0458914,0.752979,0.92986,0.0474771,-0.364839,-0.179072,0.924656,-0.336072,0.321394,0.377832,0.868302
0.907818,0.0816162,0.616415,0.92986,0.169396,-0.326598,-0.179072,0.983836,0.000446736,0.321394,0.0580692,0.945163
0.907818,0.161894,0.500306,0.92986,0.270883,-0.248965,-0.179072,0.92435,0.336911,0.321394,-0.268698,0.908024
0.907818,0.277043,0.418655,0.92986,0.339698,-0.141303,-0.179072,0.753375,0.63274,0.321394,-0.563056,0.761363
0.907818,0.413173,0.381312,0.92986,0.36754,-0.0165977,-0.179072,0.491531,0.85225,0.321394,-0.789501,0.522871
0.907818,0.553866,0.39278,0.92986,0.351052,0.110109,-0.179072,0.170401,0.968967,0.321394,-0.92072,0.221313
0.907818,0.682151,0.451676,0.92986,0.292221,0.223536,-0.179072,-0.171281,0.968812,0.321394,-0.940888,-0.106939
0.907818,0.782557,0.550897,0.92986,0.198144,0.31,-0.179072,-0.492305,0.851803,0.321394,-0.84757,-0.422292
0.907818,0.842971,0.678474,0.92986,0.0801682,0.359074,-0.179072,-0.753949,0.632055,0.321394,-0.652023,-0.686711
0.907818,0.856109,0.819021,0.92986,-0.0474771,0.364839,-0.179072,-0.924656,0.336072,0.321394,-0.377832,-0.868302
0.907818,0.820384,0.955585,0.92986,-0.169396,0.326598,-0.179072,-0.983836,-0.000446736,0.321394,-0.0580692,-0.945163
0.907818,0.740106,1.07169,0.92986,-0.270883,0.248965,-0.179072,-0.92435,-0.336911,0.321394,0.268698,-0.908024
0.907818,0.624957,1.15334,0.92986,-0.339698,0.141303,-0.179072,-0.753375,-0.63274,0.321394,0.563056,-0.761363
0.907818,0.488827,1.19069,0.92986,-0.36754,0.0165977,-0.179072,-0.491531,-0.85225,0.321394,0.789501,-0.522871
0.809114,0.521754,1.1442,0.796489,-0.54349,0.264997,-0.0275851,-0.470469,-0.881986,0.604023,0.695182,-0.389715
0.809114,0.394975,1.1468,0.796489,-0.601348,0.0631314,-0.0275851,-0.140439,-0.989705,0.604023,0.786548,-0.128446
0.809114,0.274953,1.10588,0.796489,-0.586674,-0.146349,-0.0275851,0.20653,-0.978051,0.604023,0.783045,0.148315
0.809114,0.176164,1.02638,0.796489,-0.501239,-0.338177,-0.0275851,0.528588,-0.84843,0.604023,0.685095,0.407188
0.809114,0.110525,0.917881,0.796489,-0.355347,-0.489217,-0.0275851,0.78689,-0.616476,0.604023,0.504512,0.616947
0.809114,0.0859528,0.793478,0.796489,-0.166595,-0.581249,-0.0275851,0.950282,-0.310166,0.604023,0.263078,0.752294
0.809114,0.10541,0.668174,0.796489,0.0422507,-0.603174,-0.0275851,0.999056,0.0335551,0.604023,-0.0100877,0.796903
0.809114,0.166551,0.557081,0.796489,0.246,-0.552348,-0.0275851,0.927329,0.373229,0.604023,-0.282036,0.745394
0.809114,0.262,0.473599,0.796489,0.420079,-0.4349,-0.0275851,0.743753,0.667886,0.604023,-0.519967,0.603979
0.809114,0.380246,0.427797,0.796489,0.54349,-0.264997,-0.0275851,0.470469,0.881986,0.604023,-0.695182,0.389715
0.809114,0.507025,0.4252,0.796489,0.601348,-0.0631314,-0.0275851,0.140439,0.989705,0.604023,-0.786548,0.128446
0.809114,0.627047,0.466121,0.796489,0.586674,0.146349,-0.0275851,-0.20653,0.978051,0.604023,-0.783045,-0.148315
0.809114,0.725836,0.545624,0.796489,0.501239,0.338177,-0.0275851,-0.528588,0.84843,0.604023,-0.685095,-0.407188
0.809114,0.791475,0.654119,0.796489,0.355347,0.489217,-0.0275851,-0.78689,0.616476,0.604023,-0.504512,-0.616947
0.809114,0.816047,0.778522,0.796489,0.166595,0.581249,-0.0275851,-0.950282,0.310166,0.604023,-0.263078,-0.752294
0.809114,0.79659,0.903826,0.796489,-0.0422507,0.603174,-0.0275851,-0.999056,-0.0335551,0.604023,0.0100877,-0.796903
0.809114,0.735449,1.01492,0.796489,-0.246,0.552348,-0.0275851,-0.927329,-0.373229,0.604023,0.282036,-0.745394
0.809114,0.64,1.0984,0.796489,-0.420079,0.4349,-0.0275851,-0.743753,-0.667886,0.604023,0.519967,-0.603979
0.809114,0.521754,1.1442,0.796489,-0.54349,0.264997,-0.0275851,-0.470469,-0.881986,0.604023,0.695182,-0.389715
0.735846,0.572209,1.07297,0.567051,-0.682462,0.461193,0.127229,-0.480624,-0.867648,0.813797,0.550678,-0.185709
0.735846,0.466748,1.09712,0.567051,-0.799042,0.199964,0.127229,-0.154886,-0.979706,0.813797,0.580984,0.0138332
0.735846,0.359389,1.08375,0.567051,-0.819245,-0.0853837,0.127229,0.189534,-0.973596,0.813797,0.541215,0.211707
0.735846,0.263079,1.03446,0.567051,-0.740636,-0.360433,0.127229,0.511093,-0.850057,0.813797,0.436168,0.384046
0.735846,0.189435,0.9552,0.567051,-0.572695,-0.592008,0.127229,0.771007,-0.623988,0.813797,0.278512,0.510064
0.735846,0.147339,0.855535,0.567051,-0.335678,-0.752179,0.127229,0.937926,-0.322657,0.813797,0.0872638,0.57456
0.735846,0.14187,0.747483,0.567051,-0.0581739,-0.821626,0.127229,0.991717,0.0175912,0.813797,-0.11451,0.569756
0.735846,0.173686,0.644077,0.567051,0.226347,-0.791972,0.127229,0.925893,0.355718,0.813797,-0.302472,0.496231
0.735846,0.238951,0.557789,0.567051,0.483567,-0.666795,0.127229,0.748392,0.650939,0.813797,-0.453952,0.362853
0.735846,0.329791,0.499027,0.567051,0.682462,-0.461193,0.127229,0.480624,0.867648,0.813797,-0.550678,0.185709
0.735846,0.435252,0.474878,0.567051,0.799042,-0.199964,0.127229,0.154886,0.979706,0.813797,-0.580984,-0.0138332
0.735846,0.542611,0.488255,0.567051,0.819245,0.0853837,0.127229,-0.189534,0.973596,0.813797,-0.541215,-0.211707
0.735846,0.638921,0.537544,0.567051,0.740636,0.360433,0.127229,-0.511093,0.850057,0.813797,-0.436168,-0.384046
0.735846,0.712565,0.6168,0.567051,0.572695,0.592008,0.127229,-0.771007,0.623988,0.813797,-0.278512,-0.510064
0.735846,0.754661,0.716465,0.567051,0.335678,0.752179,0.127229,-0.937926,0.322657,0.813797,-0.0872638,-0.57456
0.735846,0.76013,0.824517,0.567051,0.0581739,0.821626,0.127229,-0.991717,-0.0175912,0.813797,0.11451,-0.569756
0.735846,0.728314,0.927923,0.567051,-0.226347,0.791972,0.127229,-0.925893,-0.355718,0.813797,0.302472,-0.496231
0.735846,0.663049,1.01421,0.567051,-0.483567,0.666795,0.127229,-0.748392,-0.650939,0.813797,0.453952,-0.362853
0.735846,0.572209,1.07297,0.567051,-0.682462,0.461193,0.127229,-0.480624,-0.867648,0.813797,0.550678,-0.185709
0.696852,0.634105,0.98559,0.269218,-0.767694,0.581521,0.266698,-0.520773,-0.810967,0.925416,0.373417,0.064541
0.696852,0.554799,1.03618,0.269218,-0.920289,0.283884,0.266698,-0.212,-0.940175,0.925416,0.328823,0.188365
0.696852,0.462973,1.05659,0.269218,-0.961883,-0.0479933,0.266698,0.122344,-0.955983,0.925416,0.244568,0.289469
0.696852,0.369702,1.04437,0.269218,-0.887459,-0.374082,0.266698,0.441931,-0.856486,0.925416,0.130814,0.355659
0.696852,0.286238,1.00098,0.269218,-0.705995,-0.655051,0.266698,0.708215,-0.653685,0.925416,0.00128273,0.378952
0.696852,0.222646,0.931665,0.269218,-0.439378,-0.857012,0.266698,0.889078,-0.372039,0.925416,-0.128404,0.356537
0.696852,0.186597,0.844779,0.269218,-0.119765,-0.955604,0.266698,0.962705,-0.0455195,0.925416,-0.242603,0.291118
0.696852,0.182439,0.750803,0.269218,0.214293,-0.938936,0.266698,0.920215,0.28649,0.925416,-0.32754,0.190587
0.696852,0.210674,0.661072,0.269218,0.522505,-0.809018,0.266698,0.766734,0.583945,0.925416,-0.372972,0.0670675
0.696852,0.267895,0.58641,0.269218,0.767694,-0.581521,0.266698,0.520773,0.810967,0.925416,-0.373417,-0.064541
0.696852,0.347201,0.535821,0.269218,0.920289,-0.283884,0.266698,0.212,0.940175,0.925416,-0.328823,-0.188365
0.696852,0.439027,0.515408,0.269218,0.961883,0.0479933,0.266698,-0.122344,0.955983,0.925416,-0.244568,-0.289469
0.696852,0.532298,0.527631,0.269218,0.887459,0.374082,0.266698,-0.441931,0.856486,0.925416,-0.130814,-0.355659
0.696852,0.615762,0.571018,0.269218,0.705995,0.655051,0.266698,-0.708215,0.653685,0.925416,-0.00128273,-0.378952
0.696852,0.679354,0.640335,0.269218,0.439378,0.857012,0.266698,-0.889078,0.372039,0.925416,0.128404,-0.356537
0.696852,0.715403,0.727221,0.269218,0.119765,0.955604,0.266698,-0.962705,0.0455195,0.925416,0.242603,-0.291118
0.696852,0.719561,0.821197,0.269218,-0.214293,0.938936,0.266698,-0.920215,-0.28649,0.925416,0.32754,-0.190587
0.696852,0.691326,0.910928,0.269218,-0.522505,0.809018,0.266698,-0.766734,-0.583945,0.925416,0.372972,-0.0670675
0.696852,0.634105,0.98559,0.269218,-0.767694,0.581521,0.266698,-0.520773,-0.810967,0.925416,0.373417,0.064541
0.696834,0.699977,0.892594,-0.061087,-0.788907,0.611469,0.373999,-0.586073,-0.718779,0.925415,0.18478,0.330852
0.696834,0.648505,0.971321,-0.061087,-0.950465,0.30477,0.373999,-0.304892,-0.87588,0.925415,0.0604789,0.374098
0.696834,0.573211,1.0277,-0.061087,-0.997382,-0.0386875,0.373999,0.0130641,-0.927337,0.925415,-0.0711174,0.372222
0.696834,0.483176,1.05492,-0.061087,-0.924001,-0.377479,0.373999,0.329444,-0.866944,0.925415,-0.194136,0.32545
0.696834,0.38926,1.0497,-0.061087,-0.739171,-0.670741,0.373999,0.606089,-0.701984,0.925415,-0.293739,0.239425
0.696834,0.302791,1.01268,-0.061087,-0.465187,-0.883102,0.373999,0.80963,-0.452355,0.925415,-0.357912,0.124521
0.696834,0.234198,0.948324,-0.061087,-0.135094,-0.988948,0.373999,0.915517,-0.148165,0.925415,-0.378916,-0.00540131
0.696834,0.191755,0.864384,-0.061087,0.211293,-0.975512,0.373999,0.91098,0.173896,0.925415,-0.354217,-0.134673
0.696834,0.180581,0.77099,-0.061087,0.532196,-0.844415,0.373999,0.796566,0.474982,0.925415,-0.286795,-0.2477
0.696834,0.202023,0.679406,-0.061087,0.788907,-0.611469,0.373999,0.586073,0.718779,0.925415,-0.18478,-0.330852
0.696834,0.253495,0.600679,-0.061087,0.950465,-0.30477,0.373999,0.304892,0.87588,0.925415,-0.0604789,-0.374098
0.696834,0.328789,0.544305,-0.061087,0.997382,0.0386875,0.373999,-0.0130641,0.927337,0.925415,0.0711174,-0.372222
0.696834,0.418824,0.517082,-0.061087,0.924001,0.377479,0.373999,-0.329444,0.866944,0.925415,0.194136,-0.32545
0.696834,0.51274,0.522295,-0.061087,0.739171,0.670741,0.373999,-0.606089,0.701984,0.925415,0.293739,-0.239425
0.696834,0.599209,0.559315,-0.061087,0.465187,0.883102,0.373999,-0.80963,0.452355,0.925415,0.357912,-0.124521
0.696834,0.667802,0.623676,-0.061087,0.135094,0.988948,0.373999,-0.915517,0.148165,0.925415,0.378916,0.00540131
0.696834,0.710245,0.707616,-0.061087,-0.211293,0.975512,0.373999,-0.91098,-0.173896,0.925415,0.354217,0.134673
0.696834,0.721419,0.80101,-0.061087,-0.532196,0.844415,0.373999,-0.796566,-0.474982,0.925415,0.286795,0.2477
0.696834,0.699977,0.892594,-0.061087,-0.788907,0.611469,0.373999,-0.586073,-0.718779,0.925415,0.18478,0.330852
0.735794,0.761881,0.805201,-0.384024,-0.743541,0.547423,0.43619,-0.668648,-0.602203,0.813796,0.00751995,0.581102
0.735794,0.736565,0.91037,-0.384024,-0.88593,0.260103,0.43619,-0.422358,-0.794577,0.813796,-0.191682,0.548629
0.735794,0.676806,1.00054,-0.384024,-0.921462,-0.0585889,0.43619,-0.125125,-0.891113,0.813796,-0.367764,0.449984
0.735794,0.589812,1.06483,-0.384024,-0.845853,-0.370214,0.43619,0.187199,-0.880167,0.813796,-0.499489,0.297063
0.735794,0.486075,1.09549,-0.384024,-0.668221,-0.637186,0.43619,0.476945,-0.763061,0.813796,-0.570968,0.108313
0.735794,0.378107,1.08882,-0.384024,-0.409992,-0.827304,0.43619,0.709164,-0.553918,0.813796,-0.573579,-0.0935016
0.735794,0.278931,1.04563,-0.384024,-0.102311,-0.917637,0.43619,0.855847,-0.277964,0.813796,-0.507009,-0.284038
0.735794,0.20051,0.971122,-0.384024,0.217709,-0.897289,0.43619,0.899303,0.031516,0.813796,-0.379286,-0.440316
0.735794,0.152301,0.874285,-0.384024,0.511471,-0.768715,0.43619,0.834289,0.337195,0.813796,-0.205815,-0.543485
0.735794,0.140119,0.766799,-0.384024,0.743541,-0.547423,0.43619,0.668648,0.602203,0.813796,-0.00751995,-0.581102
0.735794,0.165435,0.66163,-0.384024,0.88593,-0.260103,0.43619,0.422358,0.794577,0.813796,0.191682,-0.548629
0.735794,0.225194,0.571461,-0.384024,0.921462,0.0585889,0.43619,0.125125,0.891113,0.813796,0.367764,-0.449984
0.735794,0.312188,0.507169,-0.384024,0.845853,0.370214,0.43619,-0.187199,0.880167,0.813796,0.499489,-0.297063
0.735794,0.415925,0.476508,-0.384024,0.668221,0.637186,0.43619,-0.476945,0.763061,0.813796,0.570968,-0.108313
0.735794,0.523893,0.483176,-0.384024,0.409992,0.827304,0.43619,-0.709164,0.553918,0.813796,0.573579,0.0935016
0.735794,0.623069,0.52637,-0.384024,0.102311,0.917637,0.43619,-0.855847,0.277964,0.813796,0.507009,0.284038
0.735794,0.70149,0.600878,-0.384024,-0.217709,0.897289,0.43619,-0.899303,-0.031516,0.813796,0.379286,0.440316
0.735794,0.749699,0.697715,-0.384024,-0.511471,0.768715,0.43619,-0.834289,-0.337195,0.813796,0.205815,0.543485
0.735794,0.761881,0.805201,-0.384024,-0.743541,0.547423,0.43619,-0.668648,-0.602203,0.813796,0.00751995,0.581102
0.809034,0.812349,0.733952,-0.660642,-0.637069,0.397109,0.44577,-0.758537,-0.475301,0.604021,-0.136984,0.785108
0.809034,0.808358,0.860679,-0.660642,-0.734468,0.15527,0.44577,-0.550229,-0.706071,0.604021,-0.397245,0.690908
0.809034,0.761265,0.978399,-0.660642,-0.74328,-0.105297,0.44577,-0.275556,-0.85168,0.604021,-0.609593,0.513376
0.809034,0.676749,1.07291,-0.660642,-0.662441,-0.353163,0.44577,0.0323538,-0.894563,0.604021,-0.748415,0.273922
0.809034,0.565005,1.13282,-0.660642,-0.501702,-0.558433,0.44577,0.336361,-0.829548,0.604021,-0.796967,0.00142953
0.809034,0.43951,1.1509,-0.660642,-0.28045,-0.696348,0.44577,0.599798,-0.664478,0.604021,-0.749393,-0.271235
0.809034,0.315401,1.12496,-0.660642,-0.025372,-0.750272,0.44577,0.790891,-0.419262,0.604021,-0.611431,-0.511185
0.809034,0.207647,1.05814,-0.660642,0.232766,-0.713703,0.44577,0.88659,-0.123477,0.604021,-0.399722,-0.689479
0.809034,0.129245,0.958498,-0.660642,0.46283,-0.591051,0.44577,0.875354,0.187201,0.604021,-0.1398,-0.784611
0.809034,0.0896514,0.838048,-0.660642,0.637069,-0.397109,0.44577,0.758537,0.475301,0.604021,0.136984,-0.785108
0.809034,0.0936419,0.711321,-0.660642,0.734468,-0.15527,0.44577,0.550229,0.706071,0.604021,0.397245,-0.690908
0.809034,0.140735,0.593601,-0.660642,0.74328,0.105297,0.44577,0.275556,0.85168,0.604021,0.609593,-0.513376
0.809034,0.225251,0.499087,-0.660642,0.662441,0.353163,0.44577,-0.0323538,0.894563,0.604021,0.748415,-0.273922
0.809034,0.336995,0.439179,-0.660642,0.501702,0.558433,0.44577,-0.336361,0.829548,0.604021,0.796967,-0.00142953
0.809034,0.46249,0.421103,-0.660642,0.28045,0.696348,0.44577,-0.599798,0.664478,0.604021,0.749393,0.271235
0.809034,0.586599,0.447039,-0.660642,0.025372,0.750272,0.44577,-0.790891,0.419262,0.604021,0.611431,0.511185
0.809034,0.694353,0.513859,-0.660642,-0.232766,0.713703,0.44577,-0.88659,0.123477,0.604021,0.399722,0.689479
0.809034,0.772755,0.613502,-0.660642,-0.46283,0.591051,0.44577,-0.875354,-0.187201,0.604021,0.1398,0.784611
0.809034,0.812349,0.733952,-0.660642,-0.637069,0.397109,0.44577,-0.758537,-0.475301,0.604021,-0.136984,0.785108
0.90772,0.845294,0.687441,-0.857576,-0.482332,0.178657,0.401584,-0.844899,-0.353377,0.321392,-0.231302,0.918263
0.90772,0.855224,0.828241,-0.857576,-0.514348,0.0029153,0.401584,-0.673084,-0.621039,0.321392,-0.531417,0.783775
0.90772,0.816399,0.963947,-0.857576,-0.484326,-0.173178,0.401584,-0.420084,-0.813794,0.321392,-0.767436,0.554752
0.90772,0.733501,1.07819,-0.857576,-0.395888,-0.328383,0.401584,-0.116416,-0.908393,0.321392,-0.91089,0.258818
0.90772,0.61653,1.15719,-0.857576,-0.259699,-0.443981,0.401584,0.201293,-0.893427,0.321392,-0.944477,-0.0683336
0.90772,0.479593,1.19142,-0.857576,-0.0921866,-0.506028,0.401584,0.494724,-0.7707,0.321392,-0.864147,-0.387243
0.90772,0.339208,1.17675,-0.857576,0.0864446,-0.50704,0.401584,0.728483,-0.555016,0.321392,-0.679588,-0.659445
0.90772,0.212306,1.11495,-0.857576,0.254649,-0.446896,0.401584,0.874377,-0.272388,0.321392,-0.41306,-0.852108
0.90772,0.114194,1.01347,-0.857576,0.39214,-0.33285,0.401584,0.914808,0.0430933,0.321392,-0.0967113,-0.941995
0.90772,0.0567062,0.884559,-0.857576,0.482332,-0.178657,0.401584,0.844899,0.353377,0.321392,0.231302,-0.918263
0.90772,0.0467759,0.743759,-0.857576,0.514348,-0.0029153,0.401584,0.673084,0.621039,0.321392,0.531417,-0.783775
0.90772,0.085601,0.608053,-0.857576,0.484326,0.173178,0.401584,0.420084,0.813794,0.321392,0.767436,-0.554752
0.90772,0.168499,0.493811,-0.857576,0.395888,0.328383,0.401584,0.116416,0.908393,0.321392,0.91089,-0.258818
0.90772,0.28547,0.414811,-0.857576,0.259699,0.443981,0.401584,-0.201293,0.893427,0.321392,0.944477,0.0683336
0.90772,0.422407,0.380582,-0.857576,0.0921866,0.506028,0.401584,-0.494724,0.7707,0.321392,0.864147,0.387243
0.90772,0.562792,0.395252,-0.857576,-0.0864446,0.50704,0.401584,-0.728483,0.555016,0.321392,0.679588,0.659445
0.90772,0.689694,0.457052,-0.857576,-0.254649,0.446896,0.401584,-0.874377,0.272388,0.321392,0.41306,0.852108
0.90772,0.787806,0.558528,-0.857576,-0.39214,0.33285,0.401584,-0.914808,-0.0430933,0.321392,0.0967113,0.941995
0.90772,0.845294,0.687441,-0.857576,-0.482332,0.178657,0.401584,-0.844899,-0.353377,0.321392,-0.231302,0.918263
0.883612,0.345772,1.17086,0.961642,-0.273287,-0.0236477,-0.0812368,-0.20139,-0.976137,0.262003,0.940615,-0.215866
0.883612,0.22049,1.11166,0.961642,-0.248718,-0.115691,-0.0812368,0.144613,-0.986148,0.262003,0.957719,0.118861
0.883612,0.123011,1.01318,0.961642,-0.194149,-0.193781,-0.0812368,0.473175,-0.877215,0.262003,0.859309,0.439252
0.883612,0.0650915,0.887298,0.961642,-0.116164,-0.248497,-0.0812368,0.744664,-0.662477,0.262003,0.657253,0.706663
0.883612,0.0537187,0.749201,0.961642,-0.0241674,-0.273241,-0.0812368,0.926336,-0.367835,0.262003,0.375923,0.88884
0.883612,0.0902639,0.615542,0.961642,0.0707442,-0.265029,-0.0812368,0.996278,-0.0288264,0.262003,0.0492507,0.96381
0.883612,0.170319,0.502442,0.961642,0.157123,-0.22485,-0.0812368,0.946054,0.313659,0.262003,-0.283362,0.922529
0.883612,0.284229,0.423545,0.961642,0.22455,-0.15755,-0.0812368,0.781722,0.618313,0.262003,-0.581797,0.769979
0.883612,0.418253,0.388364,0.961642,0.264894,-0.0712481,-0.0812368,0.523103,0.848389,0.262003,-0.810058,0.524557
0.883612,0.556228,0.401144,0.961642,0.273287,0.0236477,-0.0812368,0.20139,0.976137,0.262003,-0.940615,0.215866
0.883612,0.68151,0.460344,0.961642,0.248718,0.115691,-0.0812368,-0.144613,0.986148,0.262003,-0.957719,-0.118861
0.883612,0.778989,0.558823,0.961642,0.194149,0.193781,-0.0812368,-0.473175,0.877215,0.262003,-0.859309,-0.439252
0.883612,0.836908,0.684702,0.961642,0.116164,0.248497,-0.0812368,-0.744664,0.662477,0.262003,-0.657253,-0.706663
0.883612,0.848281,0.822799,0.961642,0.0241674,0.273241,-0.0812368,-0.926336,0.367835,0.262003,-0.375923,-0.88884
0.883612,0.811736,0.956458,0.961642,-0.0707442,0.265029,-0.0812368,-0.996278,0.0288264,0.262003,-0.0492507,-0.96381
0.883612,0.731681,1.06956,0.961642,-0.157123,0.22485,-0.0812368,-0.946054,-0.313659,0.262003,0.283362,-0.922529
0.883612,0.617771,1.14846,0.961642,-0.22455,0.15755,-0.0812368,-0.781722,-0.618313,0.262003,0.581797,-0.769979
0.883612,0.483747,1.18364,0.961642,-0.264894,0.0712481,-0.0812368,-0.523103,-0.848389,0.262003,0.810058,-0.524557
0.883612,0.345772,1.17086,0.961642,-0.273287,-0.0236477,-0.0812368,-0.20139,-0.976137,0.262003,0.940615,-0.215866
0.763622,0.385803,1.11434,0.856221,-0.458564,0.237919,0.156285,-0.209039,-0.965338,0.492403,0.863726,-0.107317
0.763622,0.277435,1.07224,0.856221,-0.512282,0.0667331,0.156285,0.133732,-0.978617,0.492403,0.848341,0.194567
0.763622,0.190002,0.995616,0.856221,-0.504212,-0.112502,0.156285,0.460374,-0.87386,0.492403,0.730634,0.472983
0.763622,0.134049,0.893709,0.856221,-0.435326,-0.278168,0.156285,0.731488,-0.663702,0.492403,0.524802,0.69435
0.763622,0.116325,0.778809,0.856221,-0.313934,-0.410283,0.156285,0.914373,-0.373493,0.492403,0.255671,0.831968
0.763622,0.138968,0.664778,0.856221,-0.154676,-0.492911,0.156285,0.986972,-0.0382343,0.492403,-0.0442979,0.869239
0.763622,0.199246,0.565367,0.856221,0.0232376,-0.516087,0.156285,0.940527,0.301636,0.492403,-0.338924,0.801667
0.763622,0.28989,0.492568,0.856221,0.198348,-0.477016,0.156285,0.780641,0.605124,0.492403,-0.59267,0.637402
0.763622,0.399966,0.455161,0.856221,0.349536,-0.380409,0.156285,0.526598,0.835625,0.492403,-0.774932,0.396256
0.763622,0.516197,0.457658,0.856221,0.458564,-0.237919,0.156285,0.209039,0.965338,0.492403,-0.863726,0.107317
0.763622,0.624565,0.499758,0.856221,0.512282,-0.0667331,0.156285,-0.133732,0.978617,0.492403,-0.848341,-0.194567
0.763622,0.711998,0.576384,0.856221,0.504212,0.112502,0.156285,-0.460374,0.87386,0.492403,-0.730634,-0.472983
0.763622,0.767951,0.678291,0.856221,0.435326,0.278168,0.156285,-0.731488,0.663702,0.492403,-0.524802,-0.69435
0.763622,0.785675,0.793191,0.856221,0.313934,0.410283,0.156285,-0.914373,0.373493,0.492403,-0.255671,-0.831968
0.763622,0.763032,0.907222,0.856221,0.154676,0.492911,0.156285,-0.986972,0.0382343,0.492403,0.0442979,-0.869239
0.763622,0.702754,1.00663,0.856221,-0.0232376,0.516087,0.156285,-0.940527,-0.301636,0.492403,0.338924,-0.801667
0.763622,0.61211,1.07943,0.856221,-0.198348,0.477016,0.156285,-0.780641,-0.605124,0.492403,0.59267,-0.637402
0.763622,0.502034,1.11684,0.856221,-0.349536,0.380409,0.156285,-0.526598,-0.835625,0.492403,0.774932,-0.396256
0.763622,0.385803,1.11434,0.856221,-0.458564,0.237919,0.156285,-0.209039,-0.965338,0.492403,0.863726,-0.107317
0.674556,0.447141,1.02775,0.647527,-0.611826,0.454289,0.374957,-0.263184,-0.888899,0.663413,0.745925,0.0589901
0.674556,0.364691,1.01185,0.647527,-0.730304,0.217636,0.374957,0.0567098,-0.925306,0.663413,0.680764,0.310554
0.674556,0.292652,0.968708,0.647527,-0.760697,-0.0452681,0.374957,0.369763,-0.850107,0.663413,0.533493,0.52466
0.674556,0.239711,0.903531,0.647527,-0.699339,-0.302712,0.374957,0.638217,-0.672373,0.663413,0.321875,0.675485
0.674556,0.212255,0.824178,0.647527,-0.55363,-0.523644,0.374957,0.829693,-0.413541,0.663413,0.0714345,0.744836
0.674556,0.213596,0.74022,0.647527,-0.341145,-0.681417,0.374957,0.921096,-0.104829,0.663413,-0.187622,0.724349
0.674556,0.24357,0.661784,0.647527,-0.0875132,-0.757001,0.374957,0.901401,0.216526,0.663413,-0.424049,0.616495
0.674556,0.298564,0.59833,0.647527,0.176674,-0.74128,0.374957,0.772984,0.511765,0.663413,-0.60933,0.434282
0.674556,0.371944,0.557512,0.647527,0.419552,-0.636149,0.374957,0.551333,0.745278,0.663413,-0.721116,0.199689
0.674556,0.454859,0.544253,0.647527,0.611826,-0.454289,0.374957,0.263184,0.888899,0.663413,-0.745925,-0.0589901
0.674556,0.537309,0.560152,0.647527,0.730304,-0.217636,0.374957,-0.0567098,0.925306,0.663413,-0.680764,-0.310554
0.674556,0.609348,0.603292,0.647527,0.760697,0.0452681,0.374957,-0.369763,0.850107,0.663413,-0.533493,-0.52466
0.674556,0.662289,0.668469,0.647527,0.699339,0.302712,0.374957,-0.638217,0.672373,0.663413,-0.321875,-0.675485
0.674556,0.689745,0.747822,0.647527,0.55363,0.523644,0.374957,-0.829693,0.413541,0.663413,-0.0714345,-0.744836
0.674556,0.688404,0.83178,0.647527,0.341145,0.681417,0.374957,-0.921096,0.104829,0.663413,0.187622,-0.724349
0.674556,0.65843,0.910216,0.647527,0.0875132,0.757001,0.374957,-0.901401,-0.216526,0.663413,0.424049,-0.616495
0.674556,0.603436,0.97367,0.647527,-0.176674,0.74128,0.374957,-0.772984,-0.511765,0.663413,0.60933,-0.434282
0.674556,0.530056,1.01449,0.647527,-0.419552,0.636149,0.374957,-0.551333,-0.745278,0.663413,0.721116,-0.199689
0.674556,0.447141,1.02775,0.647527,-0.611826,0.454289,0.374957,-0.263184,-0.888899,0.663413,0.745925,0.0589901
0.627155,0.522387,0.921517,0.360731,-0.714587,0.599365,0.548404,-0.357293,-0.756039,0.754404,0.601421,0.262996
0.627155,0.471733,0.93776,0.360731,-0.876487,0.318815,0.548404,-0.0771645,-0.832646,0.754404,0.475201,0.452833
0.627155,0.418577,0.935699,0.360731,-0.93267,-0.000187921,0.548404,0.212271,-0.808823,0.754404,0.291665,0.588052
0.627155,0.369333,0.915582,0.360731,-0.876359,-0.319168,0.548404,0.476103,-0.687444,0.754404,0.0729494,0.652344
0.627155,0.329938,0.879835,0.360731,-0.714346,-0.599653,0.548404,0.68251,-0.483149,0.754404,-0.154565,0.637953
0.627155,0.305146,0.83277,0.360731,-0.466172,-0.80781,0.548404,0.806596,-0.22058,0.754404,-0.363436,0.546615
0.627155,0.297945,0.780065,0.360731,-0.161771,-0.918533,0.548404,0.833395,0.0685952,0.754404,-0.528471,0.389348
0.627155,0.309206,0.728075,0.360731,0.162141,-0.918468,0.548404,0.759675,0.349496,0.754404,-0.629766,0.185119
0.627155,0.337568,0.683072,0.360731,0.466498,-0.807622,0.548404,0.594326,0.588243,0.754404,-0.655101,-0.0414371
0.627155,0.379613,0.650483,0.360731,0.714587,-0.599365,0.548404,0.357293,0.756039,0.754404,-0.601421,-0.262996
0.627155,0.430267,0.63424,0.360731,0.876487,-0.318815,0.548404,0.0771645,0.832646,0.754404,-0.475201,-0.452833
0.627155,0.483423,0.636301,0.360731,0.93267,0.000187921,0.548404,-0.212271,0.808823,0.754404,-0.291665,-0.588052
0.627155,0.532667,0.656418,0.360731,0.876359,0.319168,0.548404,-0.476103,0.687444,0.754404,-0.0729494,-0.652344
0.627155,0.572062,0.692165,0.360731,0.714346,0.599653,0.548404,-0.68251,0.483149,0.754404,0.154565,-0.637953
0.627155,0.596854,0.73923,0.360731,0.466172,0.80781,0.548404,-0.806596,0.22058,0.754404,0.363436,-0.546615
0.627155,0.604055,0.791935,0.360731,0.161771,0.918533,0.548404,-0.833395,-0.0685952,0.754404,0.528471,-0.389348
0.627155,0.592794,0.843925,0.360731,-0.162141,0.918468,0.548404,-0.759675,-0.349496,0.754404,0.629766,-0.185119
0.627155,0.564432,0.888928,0.360731,-0.466498,0.807622,0.548404,-0.594326,-0.588243,0.754404,0.655101,0.0414371
0.627155,0.522387,0.921517,0.360731,-0.714587,0.599365,0.548404,-0.357293,-0.756039,0.754404,0.601421,0.262996
0.627137,0.602467,0.808464,0.0304265,-0.754454,0.655647,0.655705,-0.480015,-0.582783,0.754404,0.447643,0.480094
0.627137,0.585649,0.858913,0.0304265,-0.933199,0.358068,0.655705,-0.251743,-0.711812,0.754404,0.256445,0.604244
0.627137,0.552591,0.900569,0.0304265,-0.999387,0.0173011,0.655705,0.00689293,-0.754986,0.754404,0.034316,0.655513
0.627137,0.507279,0.928406,0.0304265,-0.945034,-0.325553,0.655705,0.264698,-0.707097,0.754404,-0.191952,0.627717
0.627137,0.45518,0.939066,0.0304265,-0.776696,-0.62914,0.655705,0.490576,-0.573922,0.754404,-0.395068,0.52421
0.627137,0.402576,0.931265,0.0304265,-0.514677,-0.856844,0.655705,0.657283,-0.371524,0.754404,-0.550533,0.357475
0.627137,0.355813,0.905942,0.0304265,-0.19058,-0.9812,0.655705,0.744713,-0.124314,0.754404,-0.639595,0.147623
0.627137,0.32053,0.866153,0.0304265,0.156503,-0.987209,0.655705,0.742319,0.13789,0.754404,-0.651513,-0.0800339
0.627137,0.300985,0.816696,0.0304265,0.48471,-0.874145,0.655705,0.650391,0.383462,0.754404,-0.584849,-0.298038
0.627137,0.299533,0.763536,0.0304265,0.754454,-0.655647,0.655705,0.480015,0.582783,0.754404,-0.447643,-0.480094
0.627137,0.316351,0.713087,0.0304265,0.933199,-0.358068,0.655705,0.251743,0.711812,0.754404,-0.256445,-0.604244
0.627137,0.349409,0.671431,0.0304265,0.999387,-0.0173011,0.655705,-0.00689293,0.754986,0.754404,-0.034316,-0.655513
0.627137,0.394721,0.643594,0.0304265,0.945034,0.325553,0.655705,-0.264698,0.707097,0.754404,0.191952,-0.627717
0.627137,0.44682,0.632934,0.0304265,0.776696,0.62914,0.655705,-0.490576,0.573922,0.754404,0.395068,-0.52421
0.627137,0.499424,0.640735,0.0304265,0.514677,0.856844,0.655705,-0.657283,0.371524,0.754404,0.550533,-0.357475
0.627137,0.546187,0.666058,0.0304265,0.19058,0.9812,0.655705,-0.744713,0.124314,0.754404,0.639595,-0.147623
0.627137,0.58147,0.705847,0.0304265,-0.156503,0.987209,0.655705,-0.742319,-0.13789,0.754404,0.651513,0.0800339
0.627137,0.601015,0.755304,0.0304265,-0.48471,0.874145,0.655705,-0.650391,-0.383462,0.754404,0.584849,0.298038
0.627137,0.602467,0.808464,0.0304265,-0.754454,0.655647,0.655705,-0.480015,-0.582783,0.754404,0.447643,0.480094
0.674504,0.67772,0.702223,-0.303548,-0.726618,0.616348,0.683918,-0.61655,-0.390029,0.663411,0.303139,0.684099
0.674504,0.692701,0.784818,-0.303548,-0.893601,0.33066,0.683918,-0.445969,-0.57738,0.663411,0.0508819,0.746523
0.674504,0.678529,0.867556,-0.303548,-0.952802,0.0050896,0.683918,-0.221599,-0.69509,0.663411,-0.207512,0.718905
0.674504,0.636913,0.940457,-0.303548,-0.897082,-0.321095,0.683918,0.0295002,-0.728962,0.663411,-0.440878,0.604576
0.674504,0.572874,0.994728,-0.303548,-0.733161,-0.608551,0.683918,0.277041,-0.674911,0.663411,-0.621067,0.417326
0.674504,0.494135,1.02382,-0.303548,-0.480809,-0.822606,0.683918,0.491166,-0.539455,0.663411,-0.726346,0.179741
0.674504,0.410193,1.02423,-0.303548,-0.170465,-0.937443,0.683918,0.64605,-0.338933,0.663411,-0.744017,-0.0795234
0.674504,0.331173,0.99591,-0.303548,0.16044,-0.939211,0.683918,0.72301,-0.097531,0.663411,-0.671949,-0.329196
0.674504,0.266606,0.942267,-0.303548,0.471994,-0.827696,0.683918,0.712765,0.155635,0.663411,-0.518833,-0.539163
0.674504,0.22428,0.869777,-0.303548,0.726618,-0.616348,0.683918,0.61655,0.390029,0.663411,-0.303139,-0.684099
0.674504,0.209299,0.787182,-0.303548,0.893601,-0.33066,0.683918,0.445969,0.57738,0.663411,-0.0508819,-0.746523
0.674504,0.223471,0.704444,-0.303548,0.952802,-0.0050896,0.683918,0.221599,0.69509,0.663411,0.207512,-0.718905
0.674504,0.265087,0.631543,-0.303548,0.897082,0.321095,0.683918,-0.0295002,0.728962,0.663411,0.440878,-0.604576
0.674504,0.329126,0.577272,-0.303548,0.733161,0.608551,0.683918,-0.277041,0.674911,0.663411,0.621067,-0.417326
0.674504,0.407865,0.548176,-0.303548,0.480809,0.822606,0.683918,-0.491166,0.539455,0.663411,0.726346,-0.179741
0.674504,0.491807,0.547766,-0.303548,0.170465,0.937443,0.683918,-0.64605,0.338933,0.663411,0.744017,0.0795234
0.674504,0.570827,0.57609,-0.303548,-0.16044,0.939211,0.683918,-0.72301,0.097531,0.663411,0.671949,0.329196
0.674504,0.635394,0.629733,-0.303548,-0.471994,0.827696,0.683918,-0.712765,-0.155635,0.663411,0.518833,0.539163
0.674504,0.67772,0.702223,-0.303548,-0.726618,0.616348,0.683918,-0.61655,-0.390029,0.663411,0.303139,0.684099
0.763543,0.739071,0.61561,-0.60091,-0.634435,0.486209,0.629641,-0.750428,-0.201025,0.492402,0.185339,0.850406
0.763543,0.779976,0.724412,-0.60091,-0.762467,0.239897,0.629641,-0.636417,-0.445563,0.492402,-0.116695,0.86251
0.763543,0.7812,0.840642,-0.60091,-0.798534,-0.0353496,0.629641,-0.445645,-0.63636,0.492402,-0.404653,0.770582
0.763543,0.742598,0.950282,-0.60091,-0.738286,-0.306333,0.629641,-0.201121,-0.750402,0.492402,-0.643804,0.585711
0.763543,0.668825,1.04011,-0.60091,-0.58899,-0.540367,0.629641,0.0676604,-0.773935,0.492402,-0.805303,0.330194
0.763543,0.568779,1.09928,-0.60091,-0.368653,-0.709226,0.629641,0.328281,-0.704119,0.492402,-0.86967,0.0348515
0.763543,0.454527,1.12067,-0.60091,-0.103851,-0.792541,0.629641,0.549306,-0.549377,0.492402,-0.829142,-0.264695
0.763543,0.339849,1.1017,-0.60091,0.173477,-0.780264,0.629641,0.704077,-0.328372,0.492402,-0.688608,-0.532315
0.763543,0.238578,1.04464,-0.60091,0.429881,-0.673876,0.629641,0.773926,-0.0677598,0.492402,-0.465017,-0.735731
0.763543,0.162929,0.95639,-0.60091,0.634435,-0.486209,0.629641,0.750428,0.201025,0.492402,-0.185339,-0.850406
0.763543,0.122024,0.847588,-0.60091,0.762467,-0.239897,0.629641,0.636417,0.445563,0.492402,0.116695,-0.86251
0.763543,0.1208,0.731358,-0.60091,0.798534,0.0353496,0.629641,0.445645,0.63636,0.492402,0.404653,-0.770582
0.763543,0.159402,0.621718,-0.60091,0.738286,0.306333,0.629641,0.201121,0.750402,0.492402,0.643804,-0.585711
0.763543,0.233175,0.531893,-0.60091,0.58899,0.540367,0.629641,-0.0676604,0.773935,0.492402,0.805303,-0.330194
0.763543,0.333221,0.472717,-0.60091,0.368653,0.709226,0.629641,-0.328281,0.704119,0.492402,0.86967,-0.0348515
0.763543,0.447473,0.451328,-0.60091,0.103851,0.792541,0.629641,-0.549306,0.549377,0.492402,0.829142,0.264695
0.763543,0.562151,0.470305,-0.60091,-0.173477,0.780264,0.629641,-0.704077,0.328372,0.492402,0.688608,0.532315
0.763543,0.663422,0.527359,-0.60091,-0.429881,0.673876,0.629641,-0.773926,0.0677598,0.492402,0.465017,0.735731
0.763543,0.739071,0.61561,-0.60091,-0.634435,0.486209,0.629641,-0.750428,-0.201025,0.492402,0.185339,0.850406
0.883514,0.77912,0.55907,-0.825794,-0.489025,0.280924,0.499419,-0.865502,-0.0385677,0.262001,0.10845,0.958955
0.883514,0.836947,0.68498,-0.825794,-0.555615,0.0967258,0.499419,-0.800114,-0.332261,0.262001,-0.226072,0.938215
0.883514,0.848222,0.823073,-0.825794,-0.55519,-0.099139,0.499419,-0.638222,-0.585878,0.262001,-0.533327,0.804312
0.883514,0.811587,0.956696,-0.825794,-0.4878,-0.283046,0.499419,-0.39935,-0.76883,0.262001,-0.776254,0.573398
0.883514,0.73146,1.06973,-0.825794,-0.361575,-0.432814,0.499419,-0.112311,-0.85905,0.262001,-0.925554,0.273323
0.883514,0.617505,1.14854,-0.825794,-0.191738,-0.530378,0.499419,0.188275,-0.845655,0.262001,-0.963218,-0.0597184
0.883514,0.483467,1.18363,-0.825794,0.00122522,-0.56397,0.499419,0.466151,-0.730262,0.262001,-0.884704,-0.385557
0.883514,0.345513,1.17075,-0.825794,0.194041,-0.52954,0.499419,0.687803,-0.526789,0.262001,-0.699482,-0.664892
0.883514,0.220282,1.11147,-0.825794,0.363452,-0.431239,0.499419,0.826496,-0.259777,0.262001,-0.429891,-0.864031
0.883514,0.12288,1.01293,-0.825794,0.489025,-0.280924,0.499419,0.865502,0.0385677,0.262001,-0.10845,-0.958955
0.883514,0.0650533,0.88702,-0.825794,0.555615,-0.0967258,0.499419,0.800114,0.332261,0.262001,0.226072,-0.938215
0.883514,0.0537778,0.748927,-0.825794,0.55519,0.099139,0.499419,0.638222,0.585878,0.262001,0.533327,-0.804312
0.883514,0.090413,0.615304,-0.825794,0.4878,0.283046,0.499419,0.39935,0.76883,0.262001,0.776254,-0.573398
0.883514,0.17054,0.502271,-0.825794,0.361575,0.432814,0.499419,0.112311,0.85905,0.262001,0.925554,-0.273323
0.883514,0.284495,0.423459,-0.825794,0.191738,0.530378,0.499419,-0.188275,0.845655,0.262001,0.963218,0.0597184
0.883514,0.418533,0.388375,-0.825794,-0.00122522,0.56397,0.499419,-0.466151,0.730262,0.262001,0.884704,0.385557
0.883514,0.556487,0.40125,-0.825794,-0.194041,0.52954,0.499419,-0.687803,0.526789,0.262001,0.699482,0.664892
0.883514,0.681718,0.460532,-0.825794,-0.363452,0.431239,0.499419,-0.826496,0.259777,0.262001,0.429891,0.864031
0.883514,0.77912,0.55907,-0.825794,-0.489025,0.280924,0.499419,-0.865502,-0.0385677,0.262001,0.10845,0.958955
0.875863,0.215408,1.10461,0.985232,-0.168749,-0.0290246,-0.00862081,0.120408,-0.992687,0.17101,0.978277,0.117175
0.875863,0.120647,1.00481,0.985232,-0.148646,-0.0849899,-0.00862081,0.452666,-0.891639,0.17101,0.879203,0.444699
0.875863,0.0657308,0.878631,0.985232,-0.110613,-0.130704,-0.00862081,0.730325,-0.683045,0.17101,0.674085,0.718586
0.875863,0.0572839,0.741274,0.985232,-0.0592387,-0.160654,-0.00862081,0.919896,-0.392067,0.17101,0.387662,0.9058
0.875863,0.0963249,0.609313,0.985232,-0.000719405,-0.171226,-0.00862081,0.998515,-0.0537993,0.17101,0.0544809,0.983762
0.875863,0.178145,0.498662,0.985232,0.0578866,-0.161146,-0.00862081,0.956697,0.290957,0.17101,-0.285271,0.943067
0.875863,0.292875,0.422669,0.985232,0.109511,-0.131629,-0.00862081,0.799488,0.60062,0.17101,-0.590615,0.788625
0.875863,0.426678,0.390499,0.985232,0.147926,-0.0862359,-0.00862081,0.545849,0.837839,0.17101,-0.824722,0.539063
0.875863,0.563414,0.406032,0.985232,0.1685,-0.0304415,-0.00862081,0.226372,0.974003,0.17101,-0.959356,0.224482
0.875863,0.686592,0.467395,0.985232,0.168749,0.0290246,-0.00862081,-0.120408,0.992687,0.17101,-0.978277,-0.117175
0.875863,0.781353,0.567186,0.985232,0.148646,0.0849899,-0.00862081,-0.452666,0.891639,0.17101,-0.879203,-0.444699
0.875863,0.836269,0.693369,0.985232,0.110613,0.130704,-0.00862081,-0.730325,0.683045,0.17101,-0.674085,-0.718586
0.875863,0.844716,0.830726,0.985232,0.0592387,0.160654,-0.00862081,-0.919896,0.392067,0.17101,-0.387662,-0.9058
0.875863,0.805675,0.962687,0.985232,0.000719405,0.171226,-0.00862081,-0.998515,0.0537993,0.17101,-0.0544809,-0.983762
0.875863,0.723855,1.07334,0.985232,-0.0578866,0.161146,-0.00862081,-0.956697,-0.290957,0.17101,0.285271,-0.943067
0.875863,0.609125,1.14933,0.985232,-0.109511,0.131629,-0.00862081,-0.799488,-0.60062,0.17101,0.590615,-0.788625
0.875863,0.475322,1.1815,0.985232,-0.147926,0.0862359,-0.00862081,-0.545849,-0.837839,0.17101,0.824722,-0.539063
0.875863,0.338586,1.16597,0.985232,-0.1685,0.0304415,-0.00862081,-0.226372,-0.974003,0.17101,0.959356,-0.224482
0.875863,0.215408,1.10461,0.985232,-0.168749,-0.0290246,-0.00862081,0.120408,-0.992687,0.17101,0.978277,0.117175
0.749059,0.257713,1.04488,0.900555,-0.360949,0.242316,0.292759,0.0914489,-0.951803,0.321393,0.928091,0.188026
0.749059,0.180827,0.963161,0.900555,-0.422058,0.104251,0.292759,0.41147,-0.863125,0.321393,0.807812,0.494112
0.749059,0.136528,0.860072,0.900555,-0.43226,-0.0463887,0.292759,0.681861,-0.670341,0.321393,0.590098,0.740601
0.749059,0.130159,0.748049,0.900555,-0.390326,-0.191433,0.292759,0.87001,-0.396705,0.321393,0.301211,0.897763
0.749059,0.162488,0.640604,0.900555,-0.301313,-0.313387,0.292759,0.953223,-0.0752193,0.321393,-0.0240078,0.946642
0.749059,0.229616,0.550696,0.900555,-0.175956,-0.397543,0.292759,0.921463,0.255338,0.321393,-0.34633,0.881341
0.749059,0.323446,0.489168,0.900555,-0.0293773,-0.433749,0.292759,0.778561,0.555099,0.321393,-0.626881,0.709738
0.749059,0.432661,0.463443,0.900555,0.120745,-0.417638,0.292759,0.541753,0.787906,0.321393,-0.83182,0.452529
0.749059,0.544088,0.476624,0.900555,0.256304,-0.351154,0.292759,0.239602,0.92568,0.321393,-0.936429,0.140739
0.749059,0.644287,0.527119,0.900555,0.360949,-0.242316,0.292759,-0.0914489,0.951803,0.321393,-0.928091,-0.188026
0.749059,0.721173,0.608839,0.900555,0.422058,-0.104251,0.292759,-0.41147,0.863125,0.321393,-0.807812,-0.494112
0.749059,0.765472,0.711928,0.900555,0.43226,0.0463887,0.292759,-0.681861,0.670341,0.321393,-0.590098,-0.740601
0.749059,0.771841,0.823951,0.900555,0.390326,0.191433,0.292759,-0.87001,0.396705,0.321393,-0.301211,-0.897763
0.749059,0.739512,0.931396,0.900555,0.301313,0.313387,0.292759,-0.953223,0.0752193,0.321393,0.0240078,-0.946642
0.749059,0.672384,1.0213,0.900555,0.175956,0.397543,0.292759,-0.921463,-0.255338,0.321393,0.34633,-0.881341
0.749059,0.578554,1.08283,0.900555,0.0293773,0.433749,0.292759,-0.778561,-0.555099,0.321393,0.626881,-0.709738
0.749059,0.469339,1.10856,0.900555,-0.120745,0.417638,0.292759,-0.541753,-0.787906,0.321393,0.83182,-0.452529
0.749059,0.357912,1.09538,0.900555,-0.256304,0.351154,0.292759,-0.239602,-0.92568,0.321393,0.936429,-0.140739
0.749059,0.257713,1.04488,0.900555,-0.360949,0.242316,0.292759,0.0914489,-0.951803,0.321393,0.928091,0.188026
0.654934,0.322535,0.953368,0.707258,-0.524817,0.473659,0.558827,0.00465518,-0.829271,0.433011,0.851202,0.296575
0.654934,0.273039,0.899337,0.707258,-0.655168,0.265596,0.558827,0.288002,-0.777668,0.433011,0.698434,0.569817
0.654934,0.245008,0.831635,0.707258,-0.706496,0.0254982,0.558827,0.536611,-0.632266,0.433011,0.461424,0.774332
0.654934,0.241823,0.75843,0.707258,-0.67261,-0.217675,0.558827,0.720497,-0.410604,0.433011,0.16876,0.88545
0.654934,0.263867,0.68855,0.707258,-0.557597,-0.434594,0.558827,0.817481,-0.139417,0.433011,-0.144259,0.88977
0.654934,0.308483,0.630424,0.707258,-0.37533,-0.599094,0.558827,0.815864,0.148586,0.433011,-0.439879,0.786771
0.654934,0.370288,0.591062,0.707258,-0.147792,-0.691335,0.558827,0.715842,0.418667,0.433011,-0.682442,0.588875
0.654934,0.441828,0.575213,0.707258,0.0975709,-0.70019,0.558827,0.529479,0.638251,0.433011,-0.842693,0.319953
0.654934,0.514474,0.584788,0.707258,0.331166,-0.624592,0.558827,0.279253,0.780852,0.433011,-0.901303,0.0124393
0.654934,0.579465,0.618632,0.707258,0.524817,-0.473659,0.558827,-0.00465518,0.829271,0.433011,-0.851202,-0.296575
0.654934,0.628961,0.672663,0.707258,0.655168,-0.265596,0.558827,-0.288002,0.777668,0.433011,-0.698434,-0.569817
0.654934,0.656992,0.740365,0.707258,0.706496,-0.0254982,0.558827,-0.536611,0.632266,0.433011,-0.461424,-0.774332
0.654934,0.660177,0.81357,0.707258,0.67261,0.217675,0.558827,-0.720497,0.410604,0.433011,-0.16876,-0.88545
0.654934,0.638133,0.88345,0.707258,0.557597,0.434594,0.558827,-0.817481,0.139417,0.433011,0.144259,-0.88977
0.654934,0.593517,0.941576,0.707258,0.37533,0.599094,0.558827,-0.815864,-0.148586,0.433011,0.439879,-0.786771
0.654934,0.531712,0.980938,0.707258,0.147792,0.691335,0.558827,-0.715842,-0.418667,0.433011,0.682442,-0.588875
0.654934,0.460172,0.996787,0.707258,-0.0975709,0.70019,0.558827,-0.529479,-0.638251,0.433011,0.842693,-0.319953
