0.658953,0.600945,0.965948,0.308961,0.589482,-0.746361,0.951075,-0.191499,0.242456,-3.49349e-06,-0.784754,-0.619807
0.907818,0.446661,1.23711,0.92986,-0.367906,-0.00260142,-0.179072,-0.446395,-0.876735,0.321394,0.815706,-0.480966
0.907818,0.306758,1.21832,0.92986,-0.344828,-0.128276,-0.179072,-0.119613,-0.976538,0.321394,0.931013,-0.172973
0.907818,0.18172,1.15281,0.92986,-0.28016,-0.238478,-0.179072,0.221596,-0.958555,0.321394,0.934027,0.155884
0.907818,0.0866284,1.04848,0.92986,-0.1817,-0.319916,-0.179072,0.536077,-0.824957,0.321394,0.824382,0.465939
0.907818,0.0329523,0.917928,0.92986,-0.0613242,-0.362768,-0.179072,0.7859,-0.591857,0.321394,0.615305,0.719795
0.907818,0.027166,0.776887,0.92986,0.066448,-0.361865,-0.179072,0.940931,-0.28737,0.321394,0.332014,0.886833
0.907818,0.0699675,0.642373,0.92986,0.186206,-0.317315,-0.179072,0.982472,0.051778,0.321394,0.00867599,0.946906
0.907818,0.156194,0.530611,0.92986,0.283504,-0.234492,-0.179072,0.905513,0.384681,0.321394,-0.315708,0.892768
0.907818,0.275446,0.455079,0.92986,0.346608,-0.123387,-0.179072,0.719335,0.671185,0.321394,-0.602013,0.730949
0.907818,0.413339,0.424889,0.92986,0.367906,0.00260142,-0.179072,0.446395,0.876735,0.321394,-0.815706,0.480966
0.907818,0.553242,0.443683,0.92986,0.344828,0.128276,-0.179072,0.119613,0.976538,0.321394,-0.931013,0.172973
0.907818,0.67828,0.509192,0.92986,0.28016,0.238478,-0.179072,-0.221596,0.958555,0.321394,-0.934027,-0.155884
0.907818,0.773372,0.613516,0.92986,0.1817,0.319916,-0.179072,-0.536077,0.824957,0.321394,-0.824382,-0.465939
0.907818,0.827048,0.744072,0.92986,0.0613242,0.362768,-0.179072,-0.7859,0.591857,0.321394,-0.615305,-0.719795
0.907818,0.832834,0.885113,0.92986,-0.066448,0.361865,-0.179072,-0.940931,0.28737,0.321394,-0.332014,-0.886833
0.907818,0.790033,1.01963,0.92986,-0.186206,0.317315,-0.179072,-0.982472,-0.051778,0.321394,-0.00867599,-0.946906
0.907818,0.703806,1.13139,0.92986,-0.283504,0.234492,-0.179072,-0.905513,-0.384681,0.321394,0.315708,-0.892768
0.907818,0.584554,1.20692,0.92986,-0.346608,0.123387,-0.179072,-0.719335,-0.671185,0.321394,0.602013,-0.730949
0.907818,0.446661,1.23711,0.92986,-0.367906,-0.00260142,-0.179072,-0.446395,-0.876735,0.321394,0.815706,-0.480966
0.809114,0.481969,1.19241,0.796489,-0.556576,0.236279,-0.0275851,-0.42381,-0.905331,0.604023,0.714569,-0.352913
0.809114,0.355226,1.18839,0.796489,-0.603822,0.0316699,-0.0275851,-0.0886096,-0.995684,0.604023,0.792178,-0.0872331
0.809114,0.237503,1.14126,0.796489,-0.578239,-0.176759,-0.0275851,0.257278,-0.965944,0.604023,0.77424,0.188969
0.809114,0.142997,1.05671,0.796489,-0.482912,-0.363869,-0.0275851,0.572135,-0.819696,0.604023,0.662916,0.442378
0.809114,0.0831083,0.944937,0.796489,-0.329338,-0.507091,-0.0275851,0.817983,-0.57458,0.604023,0.471635,0.64243
0.809114,0.0650598,0.819421,0.796489,-0.136041,-0.58915,-0.0275851,0.965171,-0.260162,0.604023,0.223468,0.764996
0.809114,0.0910285,0.695303,0.796489,0.0736639,-0.600148,-0.0275851,0.995945,0.0856354,0.604023,-0.0516525,0.795291
0.809114,0.157882,0.587551,0.796489,0.274484,-0.538761,-0.0275851,0.906593,0.421104,0.604023,-0.320543,0.729663
0.809114,0.257557,0.509163,0.796489,0.442198,-0.41239,-0.0275851,0.707892,0.705781,0.604023,-0.550772,0.576027
0.809114,0.378031,0.469594,0.796489,0.556576,-0.236279,-0.0275851,0.42381,0.905331,0.604023,-0.714569,0.352913
0.809114,0.504774,0.473615,0.796489,0.603822,-0.0316699,-0.0275851,0.0886096,0.995684,0.604023,-0.792178,0.0872331
0.809114,0.622497,0.520742,0.796489,0.578239,0.176759,-0.0275851,-0.257278,0.965944,0.604023,-0.77424,-0.188969
0.809114,0.717003,0.605291,0.796489,0.482912,0.363869,-0.0275851,-0.572135,0.819696,0.604023,-0.662916,-0.442378
0.809114,0.776892,0.717063,0.796489,0.329338,0.507091,-0.0275851,-0.817983,0.57458,0.604023,-0.471635,-0.64243
0.809114,0.79494,0.842579,0.796489,0.136041,0.58915,-0.0275851,-0.965171,0.260162,0.604023,-0.223468,-0.764996
0.809114,0.768971,0.966697,0.796489,-0.0736639,0.600148,-0.0275851,-0.995945,-0.0856354,0.604023,0.0516525,-0.795291
0.809114,0.702118,1.07445,0.796489,-0.274484,0.538761,-0.0275851,-0.906593,-0.421104,0.604023,0.320543,-0.729663
0.809114,0.602443,1.15284,0.796489,-0.442198,0.41239,-0.0275851,-0.707892,-0.705781,0.604023,0.550772,-0.576027
0.809114,0.481969,1.19241,0.796489,-0.556576,0.236279,-0.0275851,-0.42381,-0.905331,0.604023,0.714569,-0.352913
0.735846,0.536071,1.12391,0.567051,-0.705595,0.424957,0.127229,-0.4347,-0.891543,0.813797,0.559617,-0.156725
0.735846,0.429494,1.14252,0.567051,-0.808387,0.158001,0.127229,-0.103559,-0.986452,0.813797,0.579471,0.0441274
0.735846,0.322978,1.12356,0.567051,-0.813674,-0.128012,0.127229,0.240073,-0.962381,0.813797,0.529432,0.239657
0.735846,0.229371,1.06931,0.567051,-0.720821,-0.398585,0.127229,0.554749,-0.822233,0.813797,0.415536,0.40628
0.735846,0.159963,0.986322,0.567051,-0.541026,-0.621083,0.127229,0.802514,-0.582911,0.813797,0.25152,0.5239
0.735846,0.123125,0.884597,0.567051,-0.295976,-0.768669,0.127229,0.953483,-0.273281,0.813797,0.0571671,0.57833
0.735846,0.1233,0.776407,0.567051,-0.0152262,-0.823542,0.127229,0.989449,0.0693103,0.813797,-0.144081,0.563005
0.735846,0.160469,0.674802,0.567051,0.26736,-0.779084,0.127229,0.906072,0.403542,0.813797,-0.327951,0.479773
0.735846,0.230146,0.592037,0.567051,0.517699,-0.640657,0.127229,0.71341,0.6891,0.813797,-0.472265,0.338673
0.735846,0.323929,0.538094,0.567051,0.705595,-0.424957,0.127229,0.4347,0.891543,0.813797,-0.559617,0.156725
0.735846,0.430506,0.51948,0.567051,0.808387,-0.158001,0.127229,0.103559,0.986452,0.813797,-0.579471,-0.0441274
0.735846,0.537022,0.53844,0.567051,0.813674,0.128012,0.127229,-0.240073,0.962381,0.813797,-0.529432,-0.239657
0.735846,0.630629,0.592687,0.567051,0.720821,0.398585,0.127229,-0.554749,0.822233,0.813797,-0.415536,-0.40628
0.735846,0.700037,0.675678,0.567051,0.541026,0.621083,0.127229,-0.802514,0.582911,0.813797,-0.25152,-0.5239
0.735846,0.736875,0.777403,0.567051,0.295976,0.768669,0.127229,-0.953483,0.273281,0.813797,-0.0571671,-0.57833
0.735846,0.7367,0.885593,0.567051,0.0152262,0.823542,0.127229,-0.989449,-0.0693103,0.813797,0.144081,-0.563005
0.735846,0.699531,0.987198,0.567051,-0.26736,0.779084,0.127229,-0.906072,-0.403542,0.813797,0.327951,-0.479773
0.735846,0.629854,1.06996,0.567051,-0.517699,0.640657,0.127229,-0.71341,-0.6891,0.813797,0.472265,-0.338673
0.735846,0.536071,1.12391,0.567051,-0.705595,0.424957,0.127229,-0.4347,-0.891543,0.813797,0.559617,-0.156725
0.696852,0.602442,1.03987,0.269218,-0.79699,0.540675,0.266698,-0.477752,-0.837034,0.925416,0.369541,0.0839362
0.696852,0.520604,1.08625,0.269218,-0.933847,0.235481,0.266698,-0.162657,-0.949955,0.925416,0.318547,0.205265
0.696852,0.427838,1.10185,0.269218,-0.958069,-0.0981144,0.266698,0.172056,-0.948298,0.925416,0.229132,0.301835
0.696852,0.335333,1.08477,0.269218,-0.866733,-0.419876,0.266698,0.486017,-0.832262,0.925416,0.11208,0.362
0.696852,0.254246,1.03709,0.269218,-0.670856,-0.690995,0.266698,0.741357,-0.615843,0.925416,-0.0184909,0.378502
0.696852,0.194357,0.964552,0.269218,-0.394065,-0.878769,0.266698,0.907278,-0.325144,0.925416,-0.146831,0.349352
0.696852,0.162891,0.875903,0.269218,-0.069743,-0.960551,0.266698,0.963768,0.00477192,0.925416,-0.257462,0.278064
0.696852,0.163642,0.781838,0.269218,0.262991,-0.926476,0.266698,0.904014,0.334112,0.925416,-0.337038,0.173238
0.696852,0.196519,0.693703,0.269218,0.564004,-0.780655,0.266698,0.735222,0.623154,0.925416,-0.375963,0.0475163
0.696852,0.257558,0.622128,0.269218,0.79699,-0.540675,0.266698,0.477752,0.837034,0.925416,-0.369541,-0.0839362
0.696852,0.339396,0.575746,0.269218,0.933847,-0.235481,0.266698,0.162657,0.949955,0.925416,-0.318547,-0.205265
0.696852,0.432162,0.560151,0.269218,0.958069,0.0981144,0.266698,-0.172056,0.948298,0.925416,-0.229132,-0.301835
0.696852,0.524667,0.577225,0.269218,0.866733,0.419876,0.266698,-0.486017,0.832262,0.925416,-0.11208,-0.362
0.696852,0.605754,0.624908,0.269218,0.670856,0.690995,0.266698,-0.741357,0.615843,0.925416,0.0184909,-0.378502
0.696852,0.665643,0.697448,0.269218,0.394065,0.878769,0.266698,-0.907278,0.325144,0.925416,0.146831,-0.349352
0.696852,0.697109,0.786097,0.269218,0.069743,0.960551,0.266698,-0.963768,-0.00477192,0.925416,0.257462,-0.278064
0.696852,0.696358,0.880162,0.269218,-0.262991,0.926476,0.266698,-0.904014,-0.334112,0.925416,0.337038,-0.173238
0.696852,0.663481,0.968297,0.269218,-0.564004,0.780655,0.266698,-0.735222,-0.623154,0.925416,0.375963,-0.0475163
0.696852,0.602442,1.03987,0.269218,-0.79699,0.540675,0.266698,-0.477752,-0.837034,0.925416,0.369541,0.0839362
0.696834,0.673077,0.950439,-0.061087,-0.819736,0.569474,0.373999,-0.547772,-0.748378,0.925415,0.167266,0.340042
0.696834,0.617567,1.02637,-0.061087,-0.965072,0.254765,0.373999,-0.258777,-0.890595,0.925415,0.0408779,0.376744
0.696834,0.539434,1.07874,-0.061087,-0.994005,-0.0906735,0.373999,0.0614304,-0.925392,0.925415,-0.0904413,0.368004
0.696834,0.448101,1.10123,-0.061087,-0.903047,-0.425175,0.373999,0.374229,-0.848574,0.925415,-0.210852,0.314878
0.696834,0.354585,1.09112,-0.061087,-0.703168,-0.708394,0.373999,0.641889,-0.669405,0.925415,-0.305831,0.223773
0.696834,0.270166,1.04964,-0.061087,-0.418477,-0.906171,0.373999,0.832129,-0.409496,0.925415,-0.363922,0.105678
0.696834,0.205024,0.981791,-0.061087,-0.0833112,-0.994649,0.373999,0.922001,-0.100196,0.925415,-0.378118,-0.025164
0.696834,0.167019,0.895751,-0.061087,0.261903,-0.963159,0.373999,0.900666,0.22119,0.925415,-0.346708,-0.152971
0.696834,0.160732,0.801901,-0.061087,0.575528,-0.815497,0.373999,0.770698,0.515897,0.925415,-0.27348,-0.262327
0.696834,0.186923,0.711561,-0.061087,0.819736,-0.569474,0.373999,0.547772,0.748378,0.925415,-0.167266,-0.340042
0.696834,0.242433,0.635627,-0.061087,0.965072,-0.254765,0.373999,0.258777,0.890595,0.925415,-0.0408779,-0.376744
0.696834,0.320566,0.583258,-0.061087,0.994005,0.0906735,0.373999,-0.0614304,0.925392,0.925415,0.0904413,-0.368004
0.696834,0.411899,0.56077,-0.061087,0.903047,0.425175,0.373999,-0.374229,0.848574,0.925415,0.210852,-0.314878
0.696834,0.505415,0.570876,-0.061087,0.703168,0.708394,0.373999,-0.641889,0.669405,0.925415,0.305831,-0.223773
0.696834,0.589834,0.612357,-0.061087,0.418477,0.906171,0.373999,-0.832129,0.409496,0.925415,0.363922,-0.105678
0.696834,0.654976,0.680209,-0.061087,0.0833112,0.994649,0.373999,-0.922001,0.100196,0.925415,0.378118,0.025164
0.696834,0.692981,0.766249,-0.061087,-0.261903,0.963159,0.373999,-0.900666,-0.22119,0.925415,0.346708,0.152971
0.696834,0.699268,0.860099,-0.061087,-0.575528,0.815497,0.373999,-0.770698,-0.515897,0.925415,0.27348,0.262327
0.696834,0.673077,0.950439,-0.061087,-0.819736,0.569474,0.373999,-0.547772,-0.748378,0.925415,0.167266,0.340042
0.735794,0.739455,0.866395,-0.384024,-0.771091,0.507883,0.43619,-0.636317,-0.63627,0.813796,-0.0228094,0.580703
0.735794,0.708687,0.9701,-0.384024,-0.898294,0.213525,0.43619,-0.380325,-0.815531,0.813796,-0.220046,0.537881
0.735794,0.644305,1.05703,-0.384024,-0.91715,-0.106587,0.43619,-0.0784606,-0.896428,0.813796,-0.390742,0.430182
0.735794,0.554075,1.11669,-0.384024,-0.825385,-0.413843,0.43619,0.232867,-0.869201,0.813796,-0.514308,0.270598
0.735794,0.448879,1.1419,-0.384024,-0.634065,-0.671183,0.43619,0.516108,-0.737137,0.813796,-0.575841,0.0783751
0.735794,0.341406,1.12961,-0.384024,-0.366268,-0.847569,0.43619,0.737099,-0.516163,0.813796,-0.56792,-0.123301
0.735794,0.244619,1.0813,-0.384024,-0.0542942,-0.921725,0.43619,0.869184,-0.232932,0.813796,-0.491499,-0.310105
0.735794,0.170192,1.0028,-0.384024,0.264229,-0.884708,0.43619,0.896433,0.0783944,0.813796,-0.355795,-0.459506
0.735794,0.127101,0.90358,-0.384024,0.550882,-0.740982,0.43619,0.815559,0.380265,0.813796,-0.177178,-0.553483
0.735794,0.120545,0.795605,-0.384024,0.771091,-0.507883,0.43619,0.636317,0.63627,0.813796,0.0228094,-0.580703
0.735794,0.151313,0.6919,-0.384024,0.898294,-0.213525,0.43619,0.380325,0.815531,0.813796,0.220046,-0.537881
0.735794,0.215695,0.604972,-0.384024,0.91715,0.106587,0.43619,0.0784606,0.896428,0.813796,0.390742,-0.430182
0.735794,0.305925,0.545306,-0.384024,0.825385,0.413843,0.43619,-0.232867,0.869201,0.813796,0.514308,-0.270598
0.735794,0.411121,0.5201,-0.384024,0.634065,0.671183,0.43619,-0.516108,0.737137,0.813796,0.575841,-0.0783751
0.735794,0.518594,0.532392,-0.384024,0.366268,0.847569,0.43619,-0.737099,0.516163,0.813796,0.56792,0.123301
0.735794,0.615381,0.580701,-0.384024,0.0542942,0.921725,0.43619,-0.869184,0.232932,0.813796,0.491499,0.310105
0.735794,0.689808,0.6592,-0.384024,-0.264229,0.884708,0.43619,-0.896433,-0.0783944,0.813796,0.355795,0.459506
0.735794,0.732899,0.75842,-0.384024,-0.550882,0.740982,0.43619,-0.815559,-0.380265,0.813796,0.177178,0.553483
0.735794,0.739455,0.866395,-0.384024,-0.771091,0.507883,0.43619,-0.636317,-0.63627,0.813796,-0.0228094,0.580703
0.809034,0.793572,0.797876,-0.660642,-0.656921,0.363329,0.44577,-0.732705,-0.51423,0.604021,-0.177761,0.776891
0.809034,0.782975,0.924223,-0.660642,-0.741569,0.116737,0.44577,-0.51264,-0.733818,0.604021,-0.432753,0.669241
0.809034,0.729804,1.03933,-0.660642,-0.736774,-0.143934,0.44577,-0.230744,-0.864897,0.604021,-0.635548,0.480871
0.809034,0.640472,1.1293,-0.660642,-0.643112,-0.387245,0.44577,0.0789838,-0.891656,0.604021,-0.761688,0.2345
0.809034,0.525754,1.1833,-0.660642,-0.471882,-0.583849,0.44577,0.379185,-0.810869,0.604021,-0.795956,-0.0401544
0.809034,0.399487,1.1948,-0.660642,-0.243736,-0.710032,0.44577,0.633651,-0.632278,0.604021,-0.73422,-0.309966
0.809034,0.2769,1.16242,-0.660642,0.0138082,-0.750574,0.44577,0.811689,-0.377426,0.604021,-0.583927,-0.542391
0.809034,0.172779,1.09007,-0.660642,0.269687,-0.700586,0.44577,0.891825,-0.0770506,0.604021,-0.363203,-0.709395
0.809034,0.099683,0.986475,-0.660642,0.493038,-0.566098,0.44577,0.864394,0.232618,0.604021,-0.098672,-0.790836
0.809034,0.066428,0.864124,-0.660642,0.656921,-0.363329,0.44577,0.732705,0.51423,0.604021,0.177761,-0.776891
0.809034,0.0770251,0.737777,-0.660642,0.741569,-0.116737,0.44577,0.51264,0.733818,0.604021,0.432753,-0.669241
0.809034,0.130196,0.622675,-0.660642,0.736774,0.143934,0.44577,0.230744,0.864897,0.604021,0.635548,-0.480871
0.809034,0.219528,0.532699,-0.660642,0.643112,0.387245,0.44577,-0.0789838,0.891656,0.604021,0.761688,-0.2345
0.809034,0.334246,0.478703,-0.660642,0.471882,0.583849,0.44577,-0.379185,0.810869,0.604021,0.795956,0.0401544
0.809034,0.460513,0.4672,-0.660642,0.243736,0.710032,0.44577,-0.633651,0.632278,0.604021,0.73422,0.309966
0.809034,0.5831,0.499576,-0.660642,-0.0138082,0.750574,0.44577,-0.811689,0.377426,0.604021,0.583927,0.542391
0.809034,0.687221,0.571926,-0.660642,-0.269687,0.700586,0.44577,-0.891825,0.0770506,0.604021,0.363203,0.709395
0.809034,0.760317,0.675525,-0.660642,-0.493038,0.566098,0.44577,-0.864394,-0.232618,0.604021,0.098672,0.790836
0.809034,0.793572,0.797876,-0.660642,-0.656921,0.363329,0.44577,-0.732705,-0.51423,0.604021,-0.177761,0.776891
0.90772,0.828899,0.753148,-0.857576,-0.490997,0.153248,0.401584,-0.825311,-0.396979,0.321392,-0.278898,0.904944
0.90772,0.83147,0.894274,-0.857576,-0.5138,-0.0239249,0.401584,-0.639764,-0.655311,0.321392,-0.571587,0.75498
0.90772,0.785617,1.02777,-0.857576,-0.474631,-0.198212,0.401584,-0.377052,-0.834603,0.321392,-0.795335,0.513955
0.90772,0.696872,1.13753,-0.857576,-0.378215,-0.348592,0.401584,-0.0688618,-0.91323,0.321392,-0.923153,0.210939
0.90772,0.575938,1.21032,-0.857576,-0.23618,-0.456926,0.401584,0.247634,-0.881707,0.321392,-0.939626,-0.117519
0.90772,0.437401,1.23736,-0.857576,-0.0656589,-0.510149,0.401584,0.534261,-0.743838,0.321392,-0.842765,-0.431803
0.90772,0.297973,1.21538,-0.857576,0.112782,-0.501839,0.401584,0.756449,-0.516251,0.321392,-0.644255,-0.694004
0.90772,0.174468,1.14705,-0.857576,0.277619,-0.433001,0.401584,0.887398,-0.226396,0.321392,-0.368038,-0.872499
0.90772,0.0817845,1.04059,-0.857576,0.408972,-0.311937,0.401584,0.911313,0.090765,0.321392,-0.0474308,-0.945758
0.90772,0.0311009,0.908852,-0.857576,0.490997,-0.153248,0.401584,0.825311,0.396979,0.321392,0.278898,-0.904944
0.90772,0.0285304,0.767726,-0.857576,0.5138,0.0239249,0.401584,0.639764,0.655311,0.321392,0.571587,-0.75498
0.90772,0.0743831,0.634231,-0.857576,0.474631,0.198212,0.401584,0.377052,0.834603,0.321392,0.795335,-0.513955
0.90772,0.163128,0.524469,-0.857576,0.378215,0.348592,0.401584,0.0688618,0.91323,0.321392,0.923153,-0.210939
0.90772,0.284062,0.45168,-0.857576,0.23618,0.456926,0.401584,-0.247634,0.881707,0.321392,0.939626,0.117519
0.90772,0.422599,0.424642,-0.857576,0.0656589,0.510149,0.401584,-0.534261,0.743838,0.321392,0.842765,0.431803
0.90772,0.562027,0.446617,-0.857576,-0.112782,0.501839,0.401584,-0.756449,0.516251,0.321392,0.644255,0.694004
0.90772,0.685532,0.514954,-0.857576,-0.277619,0.433001,0.401584,-0.887398,0.226396,0.321392,0.368038,0.872499
0.90772,0.778215,0.621411,-0.857576,-0.408972,0.311937,0.401584,-0.911313,-0.090765,0.321392,0.0474308,0.945758
0.90772,0.828899,0.753148,-0.857576,-0.490997,0.153248,0.401584,-0.825311,-0.396979,0.321392,-0.278898,0.904944
0.883612,0.304836,1.20984,0.961642,-0.271681,-0.0378743,-0.0812368,-0.150186,-0.985315,0.262003,0.950597,-0.166495
0.883612,0.182813,1.14419,0.961642,-0.242343,-0.128511,-0.0812368,0.195869,-0.977259,0.262003,0.950213,0.168669
0.883612,0.0906043,1.04076,0.961642,-0.183774,-0.203646,-0.0812368,0.518299,-0.851332,0.262003,0.83522,0.483489
0.883612,0.0393319,0.912025,0.961642,-0.10304,-0.25422,-0.0812368,0.778215,-0.622722,0.262003,0.619488,0.739993
0.883612,0.0351799,0.773522,0.961642,-0.009878,-0.27413,-0.0812368,0.944266,-0.319002,0.262003,0.329035,0.907243
0.883612,0.0786489,0.641952,0.961642,0.0844758,-0.260977,-0.0812368,0.996425,0.023194,0.262003,-0.0011034,0.965066
0.883612,0.164496,0.533184,0.961642,0.168641,-0.216345,-0.0812368,0.9284,0.362593,0.262003,-0.331109,0.906488
0.883612,0.282367,0.460337,0.961642,0.232465,-0.14562,-0.0812368,0.748397,0.658257,0.262003,-0.621178,0.738575
0.883612,0.418045,0.432197,0.961642,0.26825,-0.0573301,-0.0812368,0.478126,0.874526,0.262003,-0.836324,0.481578
0.883612,0.555164,0.452159,0.961642,0.271681,0.0378743,-0.0812368,0.150186,0.985315,0.262003,-0.950597,0.166495
0.883612,0.677187,0.517815,0.961642,0.242343,0.128511,-0.0812368,-0.195869,0.977259,0.262003,-0.950213,-0.168669
0.883612,0.769396,0.621245,0.961642,0.183774,0.203646,-0.0812368,-0.518299,0.851332,0.262003,-0.83522,-0.483489
0.883612,0.820668,0.749975,0.961642,0.10304,0.25422,-0.0812368,-0.778215,0.622722,0.262003,-0.619488,-0.739993
0.883612,0.82482,0.888478,0.961642,0.009878,0.27413,-0.0812368,-0.944266,0.319002,0.262003,-0.329035,-0.907243
0.883612,0.781351,1.02005,0.961642,-0.0844758,0.260977,-0.0812368,-0.996425,-0.023194,0.262003,0.0011034,-0.965066
0.883612,0.695504,1.12882,0.961642,-0.168641,0.216345,-0.0812368,-0.9284,-0.362593,0.262003,0.331109,-0.906488
0.883612,0.577633,1.20166,0.961642,-0.232465,0.14562,-0.0812368,-0.748397,-0.658257,0.262003,0.621178,-0.738575
0.883612,0.441955,1.2298,0.961642,-0.26825,0.0573301,-0.0812368,-0.478126,-0.874526,0.262003,0.836324,-0.481578
0.883612,0.304836,1.20984,0.961642,-0.271681,-0.0378743,-0.0812368,-0.150186,-0.985315,0.262003,0.950597,-0.166495
0.763622,0.347761,1.15549,0.856221,-0.470352,0.21367,0.156285,-0.158388,-0.97493,0.492403,0.868149,-0.0621056
0.763622,0.241737,1.1078,0.856221,-0.515066,0.0399137,0.156285,0.18461,-0.970306,0.492403,0.837034,0.238564
0.763622,0.158421,1.02671,0.856221,-0.497655,-0.138656,0.156285,0.505341,-0.848649,0.492403,0.704961,0.510459
0.763622,0.107861,0.922025,0.856221,-0.42022,-0.300502,0.156285,0.76512,-0.624633,0.492403,0.487859,0.720786
0.763622,0.0961563,0.806358,0.856221,-0.292099,-0.426103,0.156285,0.932615,-0.325276,0.492403,0.211914,0.844175
0.763622,0.124718,0.693662,0.856221,-0.128748,-0.50031,0.156285,0.987622,0.0133133,0.492403,-0.0895903,0.865744
0.763622,0.190101,0.597532,0.856221,0.0501329,-0.514172,0.156285,0.923508,0.350297,0.492403,-0.380289,0.782891
0.763622,0.284419,0.529562,0.856221,0.222967,-0.466017,0.156285,0.748005,0.64503,0.492403,-0.62512,0.605611
0.763622,0.396297,0.497949,0.856221,0.368907,-0.361654,0.156285,0.482281,0.861963,0.492403,-0.794551,0.355284
0.763622,0.512239,0.506507,0.856221,0.470352,-0.21367,0.156285,0.158388,0.97493,0.492403,-0.868149,0.0621056
0.763622,0.618263,0.554204,0.856221,0.515066,-0.0399137,0.156285,-0.18461,0.970306,0.492403,-0.837034,-0.238564
0.763622,0.701579,0.635287,0.856221,0.497655,0.138656,0.156285,-0.505341,0.848649,0.492403,-0.704961,-0.510459
0.763622,0.752139,0.739975,0.856221,0.42022,0.300502,0.156285,-0.76512,0.624633,0.492403,-0.487859,-0.720786
0.763622,0.763844,0.855642,0.856221,0.292099,0.426103,0.156285,-0.932615,0.325276,0.492403,-0.211914,-0.844175
0.763622,0.735282,0.968338,0.856221,0.128748,0.50031,0.156285,-0.987622,-0.0133133,0.492403,0.0895903,-0.865744
0.763622,0.669899,1.06447,0.856221,-0.0501329,0.514172,0.156285,-0.923508,-0.350297,0.492403,0.380289,-0.782891
0.763622,0.575581,1.13244,0.856221,-0.222967,0.466017,0.156285,-0.748005,-0.64503,0.492403,0.62512,-0.605611
0.763622,0.463703,1.16405,0.856221,-0.368907,0.361654,0.156285,-0.482281,-0.861963,0.492403,0.794551,-0.355284
0.763622,0.347761,1.15549,0.856221,-0.470352,0.21367,0.156285,-0.158388,-0.97493,0.492403,0.868149,-0.0621056
0.674556,0.413533,1.07222,0.647527,-0.634695,0.421748,0.374957,-0.216446,-0.90142,0.663413,0.741831,0.0978286
0.674556,0.332025,1.05204,0.647527,-0.740665,0.179235,0.374957,0.104911,-0.921087,0.663413,0.663634,0.34565
0.674556,0.262334,1.0052,0.647527,-0.757299,-0.084896,0.374957,0.413614,-0.829657,0.663413,0.505393,0.551781
0.674556,0.212867,0.937347,0.647527,-0.682592,-0.338788,0.374957,0.672429,-0.638158,0.663413,0.286193,0.691359
0.674556,0.189589,0.85667,0.647527,-0.525555,-0.551817,0.374957,0.85014,-0.369688,0.663413,0.0324752,0.747549
0.674556,0.195308,0.772896,0.647527,-0.305127,-0.698288,0.374957,0.925311,-0.0566283,0.663413,-0.22516,0.713573
0.674556,0.229334,0.696131,0.647527,-0.0478973,-0.760536,0.374957,0.888876,0.263262,0.663413,-0.455638,0.59353
0.674556,0.287564,0.635632,0.647527,0.21511,-0.731052,0.374957,0.745229,0.551399,0.663413,-0.631159,0.401899
0.674556,0.362973,0.598698,0.647527,0.452172,-0.613392,0.374957,0.511697,0.773029,0.663413,-0.730553,0.161792
0.674556,0.446467,0.589783,0.647527,0.634695,-0.421748,0.374957,0.216446,0.90142,0.663413,-0.741831,-0.0978286
0.674556,0.527975,0.609963,0.647527,0.740665,-0.179235,0.374957,-0.104911,0.921087,0.663413,-0.663634,-0.34565
0.674556,0.597666,0.656802,0.647527,0.757299,0.084896,0.374957,-0.413614,0.829657,0.663413,-0.505393,-0.551781
0.674556,0.647133,0.724653,0.647527,0.682592,0.338788,0.374957,-0.672429,0.638158,0.663413,-0.286193,-0.691359
0.674556,0.670411,0.80533,0.647527,0.525555,0.551817,0.374957,-0.85014,0.369688,0.663413,-0.0324752,-0.747549
0.674556,0.664692,0.889104,0.647527,0.305127,0.698288,0.374957,-0.925311,0.0566283,0.663413,0.22516,-0.713573
0.674556,0.630666,0.965869,0.647527,0.0478973,0.760536,0.374957,-0.888876,-0.263262,0.663413,0.455638,-0.59353
0.674556,0.572436,1.02637,0.647527,-0.21511,0.731052,0.374957,-0.745229,-0.551399,0.663413,0.631159,-0.401899
0.674556,0.497027,1.0633,0.647527,-0.452172,0.613392,0.374957,-0.511697,-0.773029,0.663413,0.730553,-0.161792
0.674556,0.413533,1.07222,0.647527,-0.634695,0.421748,0.374957,-0.216446,-0.90142,0.663413,0.741831,0.0978286
0.627155,0.494219,0.970057,0.360731,-0.744886,0.561264,0.548404,-0.317359,-0.773651,0.754404,0.58688,0.294017
0.627155,0.442786,0.983635,0.360731,-0.891928,0.27265,0.548404,-0.0336159,-0.835538,0.754404,0.450927,0.47701
0.627155,0.389811,0.978803,0.360731,-0.93139,-0.04885,0.548404,0.254182,-0.796646,0.754404,0.260586,0.602469
0.627155,0.341683,0.956144,0.360731,-0.858512,-0.364458,0.548404,0.511322,-0.661667,0.754404,0.0388139,0.655261
0.627155,0.304207,0.918391,0.360731,-0.682086,-0.636107,0.548404,0.706789,-0.446881,0.754404,-0.187639,0.629019
0.627155,0.281904,0.870097,0.360731,-0.423389,-0.831032,0.548404,0.817007,-0.178195,0.754404,-0.391461,0.526908
0.627155,0.277463,0.817087,0.360731,-0.113626,-0.925722,0.548404,0.828681,0.111984,0.754404,-0.548066,0.361244
0.627155,0.291421,0.765756,0.360731,0.209842,-0.908757,0.548404,0.740405,0.388657,0.754404,-0.638566,0.152009
0.627155,0.322093,0.722294,0.360731,0.508,-0.782182,0.548404,0.562825,0.618451,0.754404,-0.652046,-0.0755607
0.627155,0.365781,0.691943,0.360731,0.744886,-0.561264,0.548404,0.317359,0.773651,0.754404,-0.58688,-0.294017
0.627155,0.417214,0.678365,0.360731,0.891928,-0.27265,0.548404,0.0336159,0.835538,0.754404,-0.450927,-0.47701
0.627155,0.470189,0.683197,0.360731,0.93139,0.04885,0.548404,-0.254182,0.796646,0.754404,-0.260586,-0.602469
0.627155,0.518317,0.705856,0.360731,0.858512,0.364458,0.548404,-0.511322,0.661667,0.754404,-0.0388139,-0.655261
0.627155,0.555793,0.743609,0.360731,0.682086,0.636107,0.548404,-0.706789,0.446881,0.754404,0.187639,-0.629019
0.627155,0.578096,0.791903,0.360731,0.423389,0.831032,0.548404,-0.817007,0.178195,0.754404,0.391461,-0.526908
0.627155,0.582537,0.844913,0.360731,0.113626,0.925722,0.548404,-0.828681,-0.111984,0.754404,0.548066,-0.361244
0.627155,0.568579,0.896244,0.360731,-0.209842,0.908757,0.548404,-0.740405,-0.388657,0.754404,0.638566,-0.152009
0.627155,0.537907,0.939706,0.360731,-0.508,0.782182,0.548404,-0.562825,-0.618451,0.754404,0.652046,0.0755607
0.627155,0.494219,0.970057,0.360731,-0.744886,0.561264,0.548404,-0.317359,-0.773651,0.754404,0.58688,0.294017
0.627137,0.580088,0.861336,0.0304265,-0.787635,0.61539,0.655705,-0.448955,-0.607035,0.754404,0.421984,0.502796
0.627137,0.560661,0.91084,0.0304265,-0.950611,0.308891,0.655705,-0.214261,-0.723977,0.754404,0.224569,0.616801
0.627137,0.525475,0.950713,0.0304265,-0.998929,-0.0348657,0.655705,0.0462751,-0.753598,0.754404,6.7755e-05,0.65641
0.627137,0.478773,0.976148,0.0304265,-0.926761,-0.374417,0.655705,0.30123,-0.692323,0.754404,-0.224442,0.616847
0.627137,0.426188,0.984076,0.0304265,-0.742813,-0.668808,0.655705,0.519852,-0.547544,0.754404,-0.42188,0.502883
0.627137,0.374063,0.97354,0.0304265,-0.46927,-0.882531,0.655705,0.675773,-0.336724,0.754404,-0.568434,0.328264
0.627137,0.328684,0.945812,0.0304265,-0.139126,-0.989807,0.655705,0.750185,-0.0852888,0.754404,-0.646426,0.114051
0.627137,0.295526,0.904236,0.0304265,0.207798,-0.977698,0.655705,0.734114,0.176433,0.754404,-0.64645,-0.113918
0.627137,0.278588,0.853827,0.0304265,0.529659,-0.847665,0.655705,0.629497,0.416874,0.754404,-0.568502,-0.328146
0.627137,0.279912,0.800664,0.0304265,0.787635,-0.61539,0.655705,0.448955,0.607035,0.754404,-0.421984,-0.502796
0.627137,0.299339,0.75116,0.0304265,0.950611,-0.308891,0.655705,0.214261,0.723977,0.754404,-0.224569,-0.616801
0.627137,0.334525,0.711287,0.0304265,0.998929,0.0348657,0.655705,-0.0462751,0.753598,0.754404,-6.7755e-05,-0.65641
0.627137,0.381227,0.685852,0.0304265,0.926761,0.374417,0.655705,-0.30123,0.692323,0.754404,0.224442,-0.616847
0.627137,0.433812,0.677924,0.0304265,0.742813,0.668808,0.655705,-0.519852,0.547544,0.754404,0.42188,-0.502883
0.627137,0.485937,0.68846,0.0304265,0.46927,0.882531,0.655705,-0.675773,0.336724,0.754404,0.568434,-0.328264
0.627137,0.531316,0.716188,0.0304265,0.139126,0.989807,0.655705,-0.750185,0.0852888,0.754404,0.646426,-0.114051
0.627137,0.564474,0.757764,0.0304265,-0.207798,0.977698,0.655705,-0.734114,-0.176433,0.754404,0.64645,0.113918
0.627137,0.581412,0.808173,0.0304265,-0.529659,0.847665,0.655705,-0.629497,-0.416874,0.754404,0.568502,0.328146
0.627137,0.580088,0.861336,0.0304265,-0.787635,0.61539,0.655705,-0.448955,-0.607035,0.754404,0.421984,0.502796
0.674504,0.660783,0.759166,-0.303548,-0.757786,0.577598,0.683918,-0.59536,-0.421666,0.663411,0.267033,0.698984
0.674504,0.671433,0.842431,-0.303548,-0.909636,0.283586,0.683918,-0.415237,-0.599862,0.663411,0.0118626,0.748161
0.674504,0.652963,0.924316,-0.303548,-0.95177,-0.0446301,0.683918,-0.18503,-0.705705,0.663411,-0.244739,0.707098
0.674504,0.607601,0.994947,-0.303548,-0.879107,-0.367463,0.683918,0.0674938,-0.72643,0.663411,-0.471821,0.58075
0.674504,0.540817,1.0458,-0.303548,-0.700411,-0.645975,0.683918,0.311877,-0.659537,0.663411,-0.641995,0.384354
0.674504,0.460667,1.07075,-0.303548,-0.437234,-0.846572,0.683918,0.518644,-0.513094,0.663411,-0.734735,0.141599
0.674504,0.376818,1.06678,-0.303548,-0.121321,-0.945061,0.683918,0.662854,-0.304764,0.663411,-0.738854,-0.118234
0.674504,0.299384,1.03437,-0.303548,0.209225,-0.929561,0.683918,0.727114,-0.0596749,0.663411,-0.653858,-0.363807
0.674504,0.237704,0.977434,-0.303548,0.514536,-0.801942,0.683918,0.703674,0.192612,0.663411,-0.489996,-0.565499
0.674504,0.199217,0.902834,-0.303548,0.757786,-0.577598,0.683918,0.59536,0.421666,0.663411,-0.267033,-0.698984
0.674504,0.188567,0.819569,-0.303548,0.909636,-0.283586,0.683918,0.415237,0.599862,0.663411,-0.0118626,-0.748161
0.674504,0.207037,0.737684,-0.303548,0.95177,0.0446301,0.683918,0.18503,0.705705,0.663411,0.244739,-0.707098
0.674504,0.252399,0.667053,-0.303548,0.879107,0.367463,0.683918,-0.0674938,0.72643,0.663411,0.471821,-0.58075
0.674504,0.319183,0.616197,-0.303548,0.700411,0.645975,0.683918,-0.311877,0.659537,0.663411,0.641995,-0.384354
0.674504,0.399333,0.59125,-0.303548,0.437234,0.846572,0.683918,-0.518644,0.513094,0.663411,0.734735,-0.141599
0.674504,0.483182,0.59522,-0.303548,0.121321,0.945061,0.683918,-0.662854,0.304764,0.663411,0.738854,0.118234
0.674504,0.560616,0.627628,-0.303548,-0.209225,0.929561,0.683918,-0.727114,0.0596749,0.663411,0.653858,0.363807
0.674504,0.622296,0.684566,-0.303548,-0.514536,0.801942,0.683918,-0.703674,-0.192612,0.663411,0.489996,0.565499
0.674504,0.660783,0.759166,-0.303548,-0.757786,0.577598,0.683918,-0.59536,-0.421666,0.663411,0.267033,0.698984
0.763543,0.726569,0.675872,-0.60091,-0.658939,0.452444,0.629641,-0.738917,-0.239905,0.492402,0.140716,0.858918
0.763543,0.761741,0.78666,-0.60091,-0.773945,0.199788,0.629641,-0.612303,-0.478161,0.492402,-0.161537,0.855246
0.763543,0.7569,0.902796,-0.60091,-0.795602,-0.0769652,0.629641,-0.411835,-0.658744,0.492402,-0.444307,0.74842
0.763543,0.712629,1.01027,-0.60091,-0.721298,-0.344436,0.629641,-0.161695,-0.759873,0.492402,-0.673487,0.551323
0.763543,0.63427,1.09613,-0.60091,-0.559994,-0.570362,0.629641,0.107949,-0.76935,0.492402,-0.821434,0.287728
0.763543,0.531272,1.15,-0.60091,-0.331147,-0.727494,0.629641,0.364572,-0.686032,0.492402,-0.870304,-0.0105712
0.763543,0.41606,1.1654,-0.60091,-0.0623589,-0.79688,0.629641,0.577222,-0.519969,0.492402,-0.814203,-0.307595
0.763543,0.302529,1.14047,-0.60091,0.213951,-0.77015,0.629641,0.720251,-0.291189,0.492402,-0.659896,-0.567519
0.763543,0.204373,1.07821,-0.60091,0.464455,-0.650529,0.629641,0.776407,-0.0272877,0.492402,-0.425997,-0.758991
0.763543,0.133431,0.986128,-0.60091,0.658939,-0.452444,0.629641,0.738917,0.239905,0.492402,-0.140716,-0.858918
0.763543,0.0982592,0.87534,-0.60091,0.773945,-0.199788,0.629641,0.612303,0.478161,0.492402,0.161537,-0.855246
0.763543,0.1031,0.759204,-0.60091,0.795602,0.0769652,0.629641,0.411835,0.658744,0.492402,0.444307,-0.74842
0.763543,0.147371,0.651727,-0.60091,0.721298,0.344436,0.629641,0.161695,0.759873,0.492402,0.673487,-0.551323
0.763543,0.22573,0.565874,-0.60091,0.559994,0.570362,0.629641,-0.107949,0.76935,0.492402,0.821434,-0.287728
0.763543,0.328728,0.511999,-0.60091,0.331147,0.727494,0.629641,-0.364572,0.686032,0.492402,0.870304,0.0105712
0.763543,0.44394,0.4966,-0.60091,0.0623589,0.79688,0.629641,-0.577222,0.519969,0.492402,0.814203,0.307595
0.763543,0.557471,0.521534,-0.60091,-0.213951,0.77015,0.629641,-0.720251,0.291189,0.492402,0.659896,0.567519
0.763543,0.655627,0.583795,-0.60091,-0.464455,0.650529,0.629641,-0.776407,0.0272877,0.492402,0.425997,0.758991
0.763543,0.726569,0.675872,-0.60091,-0.658939,0.452444,0.629641,-0.738917,-0.239905,0.492402,0.140716,0.858918
0.883514,0.769513,0.621499,-0.825794,-0.503016,0.255026,0.499419,-0.86231,-0.0836729,0.262001,0.0582685,0.963307
0.883514,0.820692,0.750254,-0.825794,-0.559905,0.0676047,0.499419,-0.781689,-0.373554,0.262001,-0.274716,0.925141
0.883514,0.824747,0.888748,-0.825794,-0.549261,-0.127971,0.499419,-0.606784,-0.61838,0.262001,-0.574566,0.77539
0.883514,0.78119,1.02028,-0.825794,-0.472368,-0.308112,0.499419,-0.358692,-0.788619,0.262001,-0.805114,0.532116
0.883514,0.695274,1.12898,-0.825794,-0.3385,-0.45109,0.499419,-0.0673369,-0.86374,0.262001,-0.938554,0.22466
0.883514,0.577362,1.20173,-0.825794,-0.163804,-0.539659,0.499419,0.23214,-0.83468,0.262001,-0.95879,-0.109893
0.883514,0.441676,1.22978,-0.825794,0.0306489,-0.563138,0.499419,0.503618,-0.704946,0.262001,-0.863383,-0.431191
0.883514,0.304582,1.20972,-0.825794,0.221405,-0.518694,0.499419,0.714352,-0.490185,0.262001,-0.663838,-0.700482
0.883514,0.182615,1.14399,-0.825794,0.385457,-0.411688,0.499419,0.838925,-0.216301,0.262001,-0.384225,-0.885283
0.883514,0.0904866,1.0405,-0.825794,0.503016,-0.255026,0.499419,0.86231,0.0836729,0.262001,-0.0582685,-0.963307
0.883514,0.0393082,0.911746,-0.825794,0.559905,-0.0676047,0.499419,0.781689,0.373554,0.262001,0.274716,-0.925141
0.883514,0.0352531,0.773252,-0.825794,0.549261,0.127971,0.499419,0.606784,0.61838,0.262001,0.574566,-0.77539
0.883514,0.0788103,0.641723,-0.825794,0.472368,0.308112,0.499419,0.358692,0.788619,0.262001,0.805114,-0.532116
0.883514,0.164726,0.533024,-0.825794,0.3385,0.45109,0.499419,0.0673369,0.86374,0.262001,0.938554,-0.22466
0.883514,0.282638,0.460265,-0.825794,0.163804,0.539659,0.499419,-0.23214,0.83468,0.262001,0.95879,0.109893
0.883514,0.418324,0.432222,-0.825794,-0.0306489,0.563138,0.499419,-0.503618,0.704946,0.262001,0.863383,0.431191
0.883514,0.555418,0.452278,-0.825794,-0.221405,0.518694,0.499419,-0.714352,0.490185,0.262001,0.663838,0.700482
0.883514,0.677385,0.518013,-0.825794,-0.385457,0.411688,0.499419,-0.838925,0.216301,0.262001,0.384225,0.885283
0.883514,0.769513,0.621499,-0.825794,-0.503016,0.255026,0.499419,-0.86231,-0.0836729,0.262001,0.0582685,0.963307
0.875863,0.178106,1.13688,0.985232,-0.167005,-0.0377896,-0.00862081,0.172038,-0.985053,0.17101,0.970831,0.168058
0.875863,0.0886802,1.03228,0.985232,-0.144009,-0.0926297,-0.00862081,0.498571,-0.866806,0.17101,0.854803,0.489966
0.875863,0.0404226,0.903403,0.985232,-0.103643,-0.136297,-0.00862081,0.764968,-0.64401,0.17101,0.635674,0.752777
0.875863,0.0391537,0.765793,0.985232,-0.0507758,-0.163525,-0.00862081,0.9391,-0.343537,0.17101,0.339873,0.924793
0.875863,0.0850267,0.636048,0.985232,0.00821532,-0.17103,-0.00862081,0.999962,-0.00162827,0.17101,0.00307864,0.985264
0.875863,0.172509,0.529817,0.985232,0.0662156,-0.157906,-0.00862081,0.940213,0.340477,0.17101,-0.334087,0.926899
0.875863,0.291048,0.459914,0.985232,0.116229,-0.125736,-0.00862081,0.767062,0.641516,0.17101,-0.630957,0.756735
0.875863,0.426347,0.434768,0.985232,0.152224,-0.0784004,-0.00862081,0.501391,0.865178,0.17101,-0.851725,0.495298
0.875863,0.562086,0.457415,0.985232,0.169858,-0.0216085,-0.00862081,0.175245,0.984487,0.17101,-0.969761,0.174121
0.875863,0.681894,0.525121,0.985232,0.167005,0.0377896,-0.00862081,-0.172038,0.985053,0.17101,-0.970831,-0.168058
0.875863,0.77132,0.62972,0.985232,0.144009,0.0926297,-0.00862081,-0.498571,0.866806,0.17101,-0.854803,-0.489966
0.875863,0.819577,0.758597,0.985232,0.103643,0.136297,-0.00862081,-0.764968,0.64401,0.17101,-0.635674,-0.752777
0.875863,0.820846,0.896207,0.985232,0.0507758,0.163525,-0.00862081,-0.9391,0.343537,0.17101,-0.339873,-0.924793
0.875863,0.774973,1.02595,0.985232,-0.00821532,0.17103,-0.00862081,-0.999962,0.00162827,0.17101,-0.00307864,-0.985264
0.875863,0.687491,1.13218,0.985232,-0.0662156,0.157906,-0.00862081,-0.940213,-0.340477,0.17101,0.334087,-0.926899
0.875863,0.568952,1.20209,0.985232,-0.116229,0.125736,-0.00862081,-0.767062,-0.641516,0.17101,0.630957,-0.756735
0.875863,0.433653,1.22723,0.985232,-0.152224,0.0784004,-0.00862081,-0.501391,-0.865178,0.17101,0.851725,-0.495298
0.875863,0.297914,1.20459,0.985232,-0.169858,0.0216085,-0.00862081,-0.175245,-0.984487,0.17101,0.969761,-0.174121
0.875863,0.178106,1.13688,0.985232,-0.167005,-0.0377896,-0.00862081,0.172038,-0.985053,0.17101,0.970831,0.168058
0.749059,0.223469,1.07944,0.900555,-0.3731,0.223153,0.292759,0.140985,-0.945735,0.321393,0.917017,0.236193
0.749059,0.150952,0.993823,0.900555,-0.426922,0.0820877,0.292759,0.455943,-0.840481,0.321393,0.780931,0.535587
0.749059,0.112092,0.888563,0.900555,-0.429251,-0.0688788,0.292759,0.715908,-0.633852,0.321393,0.550654,0.770381
0.749059,0.111576,0.776361,0.900555,-0.379806,-0.211538,0.292759,0.889523,-0.350771,0.321393,0.253959,0.912256
0.749059,0.149467,0.670749,0.900555,-0.284551,-0.328682,0.292759,0.955849,-0.0253822,0.321393,-0.0733664,0.9441
0.749059,0.221195,0.584465,0.900555,-0.154975,-0.406182,0.292759,0.906886,0.303068,0.321393,-0.391843,0.862071
0.749059,0.318107,0.527917,0.900555,-0.00670629,-0.434691,0.292759,0.748538,0.594964,0.321393,-0.663057,0.676063
0.749059,0.428515,0.507926,0.900555,0.142371,-0.410769,0.292759,0.499906,0.815099,0.321393,-0.854297,0.408513
0.749059,0.539103,0.526902,0.900555,0.274277,-0.337303,0.292759,0.190978,0.93692,0.321393,-0.942497,0.0916894
0.749059,0.636531,0.582556,0.900555,0.3731,-0.223153,0.292759,-0.140985,0.945735,0.321393,-0.917017,-0.236193
0.749059,0.709048,0.668177,0.900555,0.426922,-0.0820877,0.292759,-0.455943,0.840481,0.321393,-0.780931,-0.535587
0.749059,0.747908,0.773437,0.900555,0.429251,0.0688788,0.292759,-0.715908,0.633852,0.321393,-0.550654,-0.770381
0.749059,0.748424,0.885639,0.900555,0.379806,0.211538,0.292759,-0.889523,0.350771,0.321393,-0.253959,-0.912256
0.749059,0.710533,0.991251,0.900555,0.284551,0.328682,0.292759,-0.955849,0.0253822,0.321393,0.0733664,-0.9441
0.749059,0.638805,1.07753,0.900555,0.154975,0.406182,0.292759,-0.906886,-0.303068,0.321393,0.391843,-0.862071
0.749059,0.541893,1.13408,0.900555,0.00670629,0.434691,0.292759,-0.748538,-0.594964,0.321393,0.663057,-0.676063
0.749059,0.431485,1.15407,0.900555,-0.142371,0.410769,0.292759,-0.499906,-0.815099,0.321393,0.854297,-0.408513
0.749059,0.320897,1.1351,0.900555,-0.274277,0.337303,0.292759,-0.190978,-0.93692,0.321393,0.942497,-0.0916894
0.749059,0.223469,1.07944,0.900555,-0.3731,0.223153,0.292759,0.140985,-0.945735,0.321393,0.917017,0.236193
0.654934,0.292978,0.991437,0.707258,-0.548816,0.445632,0.558827,0.0479163,-0.827899,0.433011,0.834569,0.340582
0.654934,0.246368,0.934897,0.707258,-0.668133,0.231051,0.558827,0.328185,-0.761582,0.433011,0.667752,0.605482
0.654934,0.221908,0.865826,0.707258,-0.706864,-0.0113982,0.558827,0.568869,-0.603407,0.433011,0.420395,0.797352
0.654934,0.222546,0.792554,0.707258,-0.660336,-0.252472,0.558827,0.740939,-0.372453,0.433011,0.122332,0.893049
0.654934,0.248207,0.723919,0.707258,-0.534162,-0.463095,0.558827,0.823641,-0.0965748,0.433011,-0.190487,0.881032
0.654934,0.295794,0.6682,0.707258,-0.343561,-0.617861,0.558827,0.807,0.190951,0.433011,-0.48033,0.762749
0.654934,0.359569,0.632117,0.707258,-0.111521,-0.698104,0.558827,0.693023,0.455446,0.433011,-0.712237,0.552467
0.654934,0.431838,0.620022,0.707258,0.133971,-0.694146,0.558827,0.495457,0.665007,0.433011,-0.858239,0.275549
0.654934,0.503886,0.633374,0.707258,0.363303,-0.606463,0.558827,0.238131,0.794358,0.433011,-0.900724,-0.0346033
0.654934,0.567022,0.670563,0.707258,0.548816,-0.445632,0.558827,-0.0479163,0.827899,0.433011,-0.834569,-0.340582
0.654934,0.613632,0.727103,0.707258,0.668133,-0.231051,0.558827,-0.328185,0.761582,0.433011,-0.667752,-0.605482
0.654934,0.638092,0.796174,0.707258,0.706864,0.0113982,0.558827,-0.568869,0.603407,0.433011,-0.420395,-0.797352
0.654934,0.637454,0.869446,0.707258,0.660336,0.252472,0.558827,-0.740939,0.372453,0.433011,-0.122332,-0.893049
0.654934,0.611793,0.938081,0.707258,0.534162,0.463095,0.558827,-0.823641,0.0965748,0.433011,0.190487,-0.881032
0.654934,0.564206,0.9938,0.707258,0.343561,0.617861,0.558827,-0.807,-0.190951,0.433011,0.48033,-0.762749
0.654934,0.500431,1.02988,0.707258,0.111521,0.698104,0.558827,-0.693023,-0.455446,0.433011,0.712237,-0.552467
0.654934,0.428162,1.04198,0.707258,-0.133971,0.694146,0.558827,-0.495457,-0.665007,0.433011,0.858239,-0.275549
