0.658953,0.201212,0.875141,0.308961,0.00475531,0.951063,0.951075,-0.00154111,-0.308957,-3.49349e-06,0.999988,-0.0049988
0.907818,0.152677,0.566957,0.92986,0.289194,-0.227438,-0.179072,0.895762,0.40687,0.321394,-0.337604,0.88472
0.907818,0.273753,0.494386,0.92986,0.349542,-0.114811,-0.179072,0.702583,0.688701,0.321394,-0.619836,0.715897
0.907818,0.412348,0.467602,0.92986,0.36773,0.0116634,-0.179072,0.424663,0.887465,0.321394,-0.827307,0.460727
0.907818,0.551745,0.489836,0.92986,0.341564,0.136731,-0.179072,0.0955215,0.979188,0.321394,-0.934992,0.149986
0.907818,0.675132,0.558405,0.92986,0.2742,0.245307,-0.179072,-0.245141,0.952806,0.321394,-0.929903,-0.178845
0.907818,0.767625,0.66504,0.92986,0.173764,0.324295,-0.179072,-0.556236,0.811501,0.321394,-0.812655,-0.486105
0.907818,0.818069,0.796879,0.92986,0.0523694,0.364169,-0.179072,-0.800241,0.572318,0.321394,-0.597388,-0.734734
0.907818,0.820379,0.938019,0.92986,-0.0753418,0.360118,-0.179072,-0.947725,0.264104,0.321394,-0.310067,-0.894742
0.907818,0.774277,1.07144,0.92986,-0.193966,0.312632,-0.179072,-0.980899,-0.0759639,0.321394,0.0146521,-0.946832
0.907818,0.685323,1.18104,0.92986,-0.289194,0.227438,-0.179072,-0.895762,-0.40687,0.321394,0.337604,-0.88472
0.907818,0.564247,1.25361,0.92986,-0.349542,0.114811,-0.179072,-0.702583,-0.688701,0.321394,0.619836,-0.715897
0.907818,0.425652,1.2804,0.92986,-0.36773,-0.0116634,-0.179072,-0.424663,-0.887465,0.321394,0.827307,-0.460727
0.907818,0.286255,1.25816,0.92986,-0.341564,-0.136731,-0.179072,-0.0955215,-0.979188,0.321394,0.934992,-0.149986
0.907818,0.162868,1.18959,0.92986,-0.2742,-0.245307,-0.179072,0.245141,-0.952806,0.321394,0.929903,0.178845
0.907818,0.0703752,1.08296,0.92986,-0.173764,-0.324295,-0.179072,0.556236,-0.811501,0.321394,0.812655,0.486105
0.907818,0.0199314,0.951121,0.92986,-0.0523694,-0.364169,-0.179072,0.800241,-0.572318,0.321394,0.597388,0.734734
0.907818,0.0176212,0.809981,0.92986,0.0753418,-0.360118,-0.179072,0.947725,-0.264104,0.321394,0.310067,0.894742
0.907818,0.0637232,0.676562,0.92986,0.193966,-0.312632,-0.179072,0.980899,0.0759639,0.321394,-0.0146521,0.946832
0.907818,0.152677,0.566957,0.92986,0.289194,-0.227438,-0.179072,0.895762,0.40687,0.321394,-0.337604,0.88472
0.809114,0.152962,0.623922,0.796489,0.287672,-0.531836,-0.0275851,0.895944,0.443309,0.604023,-0.33842,0.721546
0.809114,0.254537,0.548013,0.796489,0.452222,-0.401372,-0.0275851,0.690292,0.723005,0.604023,-0.564794,0.562285
0.809114,0.37595,0.511423,0.796489,0.562227,-0.222497,-0.0275851,0.40138,0.915496,0.604023,-0.723045,0.335204
0.809114,0.502555,0.518565,0.796489,0.604419,-0.0167861,-0.0275851,0.0640556,0.997565,0.604023,-0.794087,0.0676926
0.809114,0.619082,0.568578,0.796489,0.57371,0.19095,-0.0275851,-0.280995,0.959313,0.604023,-0.76935,-0.207984
0.809114,0.711476,0.655429,0.796489,0.473802,0.375654,-0.0275851,-0.592153,0.805353,0.604023,-0.651818,-0.458574
0.809114,0.768593,0.768643,0.796489,0.316747,0.515049,-0.0275851,-0.831889,0.554256,0.604023,-0.455667,-0.653853
0.809114,0.783544,0.894565,0.796489,0.121487,0.592322,-0.0275851,-0.971287,0.236308,0.604023,-0.204556,-0.770268
0.809114,0.754526,1.01801,0.796489,-0.0884252,0.598152,-0.0275851,-0.993533,-0.110143,0.604023,0.0712276,-0.793778
0.809114,0.685038,1.12408,0.796489,-0.287672,0.531836,-0.0275851,-0.895944,-0.443309,0.604023,0.33842,-0.721546
0.809114,0.583463,1.19999,0.796489,-0.452222,0.401372,-0.0275851,-0.690292,-0.723005,0.604023,0.564794,-0.562285
0.809114,0.46205,1.23658,0.796489,-0.562227,0.222497,-0.0275851,-0.40138,-0.915496,0.604023,0.723045,-0.335204
0.809114,0.335445,1.22943,0.796489,-0.604419,0.0167861,-0.0275851,-0.0640556,-0.997565,0.604023,0.794087,-0.0676926
0.809114,0.218918,1.17942,0.796489,-0.57371,-0.19095,-0.0275851,0.280995,-0.959313,0.604023,0.76935,0.207984
0.809114,0.126524,1.09257,0.796489,-0.473802,-0.375654,-0.0275851,0.592153,-0.805353,0.604023,0.651818,0.458574
0.809114,0.069407,0.979357,0.796489,-0.316747,-0.515049,-0.0275851,0.831889,-0.554256,0.604023,0.455667,0.653853
0.809114,0.0544558,0.853435,0.796489,-0.121487,-0.592322,-0.0275851,0.971287,-0.236308,0.604023,0.204556,0.770268
0.809114,0.083474,0.729994,0.796489,0.0884252,-0.598152,-0.0275851,0.993533,0.110143,0.604023,-0.0712276,0.793778
0.809114,0.152962,0.623922,0.796489,0.287672,-0.531836,-0.0275851,0.895944,0.443309,0.604023,-0.33842,0.721546
0.735846,0.153398,0.71121,0.567051,0.28647,-0.772262,0.127229,0.895857,0.425739,0.813797,-0.33967,0.471549
0.735846,0.225093,0.630186,0.567051,0.533323,-0.62771,0.127229,0.696219,0.706465,0.813797,-0.480465,0.326937
0.735846,0.320177,0.57857,0.567051,0.715849,-0.407447,0.127229,0.412606,0.90198,0.813797,-0.563308,0.142892
0.735846,0.42718,0.562587,0.567051,0.812033,-0.13804,0.127229,0.0792276,0.988704,0.813797,-0.578208,-0.0583883
0.735846,0.533196,0.584165,0.567051,0.810274,0.148016,0.127229,-0.263707,0.956175,0.813797,-0.523368,-0.252626
0.735846,0.625438,0.640701,0.567051,0.710784,0.41622,0.127229,-0.574835,0.808318,0.813797,-0.405402,-0.416393
0.735846,0.692781,0.725377,0.567051,0.525563,0.634221,0.127229,-0.816629,0.562965,0.813797,-0.238538,-0.529937
0.735846,0.727102,0.827979,0.567051,0.276951,0.775726,0.127229,-0.959926,0.249711,0.813797,-0.0429035,-0.579563
0.735846,0.724262,0.936132,0.567051,-0.00506506,0.823667,0.127229,-0.987441,-0.0936627,0.813797,0.157906,-0.559285
0.735846,0.684602,1.03679,0.567051,-0.28647,0.772262,0.127229,-0.895857,-0.425739,0.813797,0.33967,-0.471549
0.735846,0.612907,1.11781,0.567051,-0.533323,0.62771,0.127229,-0.696219,-0.706465,0.813797,0.480465,-0.326937
0.735846,0.517823,1.16943,0.567051,-0.715849,0.407447,0.127229,-0.412606,-0.90198,0.813797,0.563308,-0.142892
0.735846,0.41082,1.18541,0.567051,-0.812033,0.13804,0.127229,-0.0792276,-0.988704,0.813797,0.578208,0.0583883
0.735846,0.304804,1.16384,0.567051,-0.810274,-0.148016,0.127229,0.263707,-0.956175,0.813797,0.523368,0.252626
0.735846,0.212562,1.1073,0.567051,-0.710784,-0.41622,0.127229,0.574835,-0.808318,0.813797,0.405402,0.416393
0.735846,0.145219,1.02262,0.567051,-0.525563,-0.634221,0.127229,0.816629,-0.562965,0.813797,0.238538,0.529937
0.735846,0.110898,0.920021,0.567051,-0.276951,-0.775726,0.127229,0.959926,-0.249711,0.813797,0.0429035,0.579563
0.735846,0.113738,0.811868,0.567051,0.00506506,-0.823667,0.127229,0.987441,0.0936627,0.813797,-0.157906,0.559285
0.735846,0.153398,0.71121,0.567051,0.28647,-0.772262,0.127229,0.895857,0.425739,0.813797,-0.33967,0.471549
0.696852,0.153934,0.818292,0.269218,0.285733,-0.919716,0.266698,0.895509,0.35628,0.925416,-0.341203,0.164883
0.696852,0.188972,0.730994,0.269218,0.583063,-0.766524,0.266698,0.719649,0.641076,0.925416,-0.377019,0.0382406
0.696852,0.251756,0.660944,0.269218,0.810067,-0.520878,0.266698,0.456988,0.848548,0.925416,-0.367361,-0.0930138
0.696852,0.334711,0.616592,0.269218,0.939364,-0.212406,0.266698,0.139207,0.953674,0.925416,-0.313394,-0.213049
0.696852,0.427833,0.603287,0.269218,0.955361,0.121685,0.266698,-0.195364,0.943772,0.925416,-0.221627,-0.307388
0.696852,0.51989,0.622634,0.269218,0.856127,0.441099,0.266698,-0.506371,0.820037,0.925416,-0.103128,-0.364651
0.696852,0.599778,0.6723,0.269218,0.653631,0.70731,0.266698,-0.756302,0.597394,0.925416,0.0278091,-0.377932
0.696852,0.657861,0.746293,0.269218,0.372298,0.888209,0.266698,-0.915012,0.302696,0.925416,0.155392,-0.345629
0.696852,0.687134,0.83569,0.269218,0.0460603,0.961977,0.266698,-0.963358,-0.0285113,0.925416,0.264233,-0.271637
0.696852,0.684066,0.929708,0.269218,-0.285733,0.919716,0.266698,-0.895509,-0.35628,0.925416,0.341203,-0.164883
0.696852,0.649028,1.01701,0.269218,-0.583063,0.766524,0.266698,-0.719649,-0.641076,0.925416,0.377019,-0.0382406
0.696852,0.586244,1.08706,0.269218,-0.810067,0.520878,0.266698,-0.456988,-0.848548,0.925416,0.367361,0.0930138
0.696852,0.503289,1.13141,0.269218,-0.939364,0.212406,0.266698,-0.139207,-0.953674,0.925416,0.313394,0.213049
0.696852,0.410167,1.14471,0.269218,-0.955361,-0.121685,0.266698,0.195364,-0.943772,0.925416,0.221627,0.307388
0.696852,0.31811,1.12537,0.269218,-0.856127,-0.441099,0.266698,0.506371,-0.820037,0.925416,0.103128,0.364651
0.696852,0.238222,1.0757,0.269218,-0.653631,-0.70731,0.266698,0.756302,-0.597394,0.925416,-0.0278091,0.377932
0.696852,0.180139,1.00171,0.269218,-0.372298,-0.888209,0.266698,0.915012,-0.302696,0.925416,-0.155392,0.345629
0.696852,0.150866,0.91231,0.269218,-0.0460603,-0.961977,0.266698,0.963358,0.0285113,0.925416,-0.264233,0.271637
0.696852,0.153934,0.818292,0.269218,0.285733,-0.919716,0.266698,0.895509,0.35628,0.925416,-0.341203,0.164883
0.696834,0.154503,0.932253,-0.061087,0.28555,-0.956415,0.373999,0.894944,0.243309,0.925415,-0.342835,-0.161465
0.696834,0.150531,0.838277,-0.061087,0.595442,-0.801072,0.373999,0.757756,0.534725,0.925415,-0.266935,-0.268984
0.696834,0.178939,0.748609,-0.061087,0.833515,-0.549109,0.373999,0.529171,0.761645,0.925415,-0.158839,-0.344059
0.696834,0.236303,0.674066,-0.061087,0.971055,-0.230914,0.373999,0.23676,0.896699,0.925415,-0.031585,-0.377636
0.696834,0.315702,0.623637,-0.061087,0.99147,0.115132,0.373999,-0.0842073,0.923598,0.925415,0.099479,-0.365665
0.696834,0.407561,0.603406,-0.061087,0.8923,0.447291,0.373999,-0.395018,0.839098,0.925415,0.218544,-0.309589
0.696834,0.500799,0.615813,-0.061087,0.685505,0.725501,0.373999,-0.658184,0.65339,0.925415,0.31125,-0.216171
0.696834,0.584172,0.65936,-0.061087,0.396028,0.916204,0.373999,-0.841963,0.388874,0.925415,0.366414,-0.096681
0.696834,0.647622,0.728797,-0.061087,0.0587844,0.9964,0.373999,-0.924189,0.0774532,0.925415,0.377384,0.0344707
0.696834,0.683497,0.815747,-0.061087,-0.28555,0.956415,0.373999,-0.894944,-0.243309,0.925415,0.342835,0.161465
0.696834,0.687469,0.909723,-0.061087,-0.595442,0.801072,0.373999,-0.757756,-0.534725,0.925415,0.266935,0.268984
0.696834,0.659061,0.999391,-0.061087,-0.833515,0.549109,0.373999,-0.529171,-0.761645,0.925415,0.158839,0.344059
0.696834,0.601697,1.07393,-0.061087,-0.971055,0.230914,0.373999,-0.23676,-0.896699,0.925415,0.031585,0.377636
0.696834,0.522298,1.12436,-0.061087,-0.99147,-0.115132,0.373999,0.0842073,-0.923598,0.925415,-0.099479,0.365665
0.696834,0.430439,1.14459,-0.061087,-0.8923,-0.447291,0.373999,0.395018,-0.839098,0.925415,-0.218544,0.309589
0.696834,0.337201,1.13219,-0.061087,-0.685505,-0.725501,0.373999,0.658184,-0.65339,0.925415,-0.31125,0.216171
0.696834,0.253828,1.08864,-0.061087,-0.396028,-0.916204,0.373999,0.841963,-0.388874,0.925415,-0.366414,0.096681
0.696834,0.190378,1.0192,-0.061087,-0.0587844,-0.9964,0.373999,0.924189,-0.0774532,0.925415,-0.377384,-0.0344707
0.696834,0.154503,0.932253,-0.061087,0.28555,-0.956415,0.373999,0.894944,0.243309,0.925415,-0.342835,-0.161465
0.735794,0.155039,1.03935,-0.384024,0.285942,-0.877931,0.43619,0.89423,0.100453,0.813796,-0.344368,-0.468131
0.735794,0.114405,0.939096,-0.384024,0.568968,-0.727187,0.43619,0.805945,0.40024,0.813796,-0.16349,-0.55768
0.735794,0.11051,0.830993,-0.384024,0.783367,-0.488734,0.43619,0.62045,0.651751,0.813796,0.0371072,-0.579965
0.735794,0.143824,0.728077,-0.384024,0.903282,-0.191332,0.43619,0.36012,0.824652,0.813796,0.233229,-0.532297
0.735794,0.210328,0.642761,-0.384024,0.914247,0.129147,0.43619,0.0563547,0.898088,0.813796,0.40122,-0.420427
0.735794,0.302,0.585337,-0.384024,0.81494,0.434049,0.43619,-0.254208,0.863201,0.813796,0.520818,-0.257847
0.735794,0.407785,0.562729,-0.384024,0.61734,0.686599,0.43619,-0.53411,0.7242,0.813796,0.577597,-0.0641664
0.735794,0.514922,0.577665,-0.384024,0.345279,0.856334,0.43619,-0.74959,0.497849,0.813796,0.56471,0.137253
0.735794,0.61049,0.628344,-0.384024,0.0315725,0.922783,0.43619,-0.874658,0.21145,0.813796,0.483711,0.322118
0.735794,0.682961,0.708652,-0.384024,-0.285942,0.877931,0.43619,-0.89423,-0.100453,0.813796,0.344368,0.468131
0.735794,0.723595,0.808904,-0.384024,-0.568968,0.727187,0.43619,-0.805945,-0.40024,0.813796,0.16349,0.55768
0.735794,0.72749,0.917007,-0.384024,-0.783367,0.488734,0.43619,-0.62045,-0.651751,0.813796,-0.0371072,0.579965
0.735794,0.694176,1.01992,-0.384024,-0.903282,0.191332,0.43619,-0.36012,-0.824652,0.813796,-0.233229,0.532297
0.735794,0.627672,1.10524,-0.384024,-0.914247,-0.129147,0.43619,-0.0563547,-0.898088,0.813796,-0.40122,0.420427
0.735794,0.536,1.16266,-0.384024,-0.81494,-0.434049,0.43619,0.254208,-0.863201,0.813796,-0.520818,0.257847
0.735794,0.430215,1.18527,-0.384024,-0.61734,-0.686599,0.43619,0.53411,-0.7242,0.813796,-0.577597,0.0641664
0.735794,0.323078,1.17033,-0.384024,-0.345279,-0.856334,0.43619,0.74959,-0.497849,0.813796,-0.56471,-0.137253
0.735794,0.22751,1.11966,-0.384024,-0.0315725,-0.922783,0.43619,0.874658,-0.21145,0.813796,-0.483711,-0.322118
0.735794,0.155039,1.03935,-0.384024,0.285942,-0.877931,0.43619,0.89423,0.100453,0.813796,-0.344368,-0.468131
0.809034,0.155475,1.12666,-0.660642,0.286863,-0.693731,0.44577,0.893453,-0.0550586,0.604021,-0.345618,-0.718127
0.809034,0.0849534,1.02129,-0.660642,0.506833,-0.553781,0.44577,0.858402,0.253841,0.604021,-0.0791611,-0.793027
0.809034,0.0547224,0.898158,-0.660642,0.665671,-0.347036,0.44577,0.719815,0.532123,0.604021,0.196844,-0.772276
0.809034,0.0684286,0.77211,-0.660642,0.74422,-0.0984346,0.44577,0.494408,0.746223,0.604021,0.449107,-0.658378
0.809034,0.124419,0.658353,-0.660642,0.733004,0.16204,0.44577,0.209369,0.870318,0.604021,0.647201,-0.465069
0.809034,0.21594,0.570605,-0.660642,0.633378,0.40297,0.44577,-0.100924,0.88944,0.604021,0.767233,-0.215666
0.809034,0.331953,0.519451,-0.660642,0.457357,0.595296,0.44577,-0.399044,0.801282,0.604021,0.794725,0.0597493
0.809034,0.458466,0.511062,-0.660642,0.226172,0.71582,0.44577,-0.649033,0.616478,0.604021,0.726362,0.327958
0.809034,0.580218,0.546448,-0.660642,-0.0322932,0.750006,0.44577,-0.82074,0.357317,0.604021,0.570389,0.55661
0.809034,0.682525,0.621341,-0.660642,-0.286863,0.693731,0.44577,-0.893453,0.0550586,0.604021,0.345618,0.718127
0.809034,0.753047,0.726709,-0.660642,-0.506833,0.553781,0.44577,-0.858402,-0.253841,0.604021,0.0791611,0.793027
0.809034,0.783278,0.849842,-0.660642,-0.665671,0.347036,0.44577,-0.719815,-0.532123,0.604021,-0.196844,0.772276
0.809034,0.769571,0.97589,-0.660642,-0.74422,0.0984346,0.44577,-0.494408,-0.746223,0.604021,-0.449107,0.658378
0.809034,0.713581,1.08965,-0.660642,-0.733004,-0.16204,0.44577,-0.209369,-0.870318,0.604021,-0.647201,0.465069
0.809034,0.62206,1.17739,-0.660642,-0.633378,-0.40297,0.44577,0.100924,-0.88944,0.604021,-0.767233,0.215666
0.809034,0.506047,1.22855,-0.660642,-0.457357,-0.595296,0.44577,0.399044,-0.801282,0.604021,-0.794725,-0.0597493
0.809034,0.379534,1.23694,-0.660642,-0.226172,-0.71582,0.44577,0.649033,-0.616478,0.604021,-0.726362,-0.327958
0.809034,0.257782,1.20155,-0.660642,0.0322932,-0.750006,0.44577,0.82074,-0.357317,0.604021,-0.570389,-0.55661
0.809034,0.155475,1.12666,-0.660642,0.286863,-0.693731,0.44577,0.893453,-0.0550586,0.604021,-0.345618,-0.718127
0.90772,0.15576,1.18366,-0.857576,0.288201,-0.426031,0.401584,0.892706,-0.204468,0.321392,-0.346434,-0.8813
0.90772,0.0657273,1.07495,-0.857576,0.416532,-0.301768,0.401584,0.908801,0.113186,0.321392,-0.0241192,-0.946639
0.90772,0.0183042,0.942002,-0.857576,0.494623,-0.141106,0.401584,0.815282,0.417188,0.321392,0.301105,-0.897799
0.90772,0.0192109,0.800855,-0.857576,0.513055,0.0365743,0.401584,0.623427,0.670872,0.321392,0.590011,-0.740671
0.90772,0.0683381,0.668531,-0.857576,0.469604,0.209844,0.401584,0.356378,0.843638,0.321392,0.807754,-0.494207
0.90772,0.15976,0.560988,-0.857576,0.369513,0.357803,0.401584,0.046345,0.914649,0.321392,0.928069,-0.188135
0.90772,0.282451,0.4912,-0.857576,0.224853,0.462605,0.401584,-0.269278,0.87534,0.321392,0.936446,0.140629
0.90772,0.421611,0.467583,-0.857576,0.0530724,0.511611,0.401584,-0.552423,0.730452,0.321392,0.831873,0.452432
0.90772,0.560456,0.492986,-0.857576,-0.12511,0.498909,0.401584,-0.768937,0.49746,0.321392,0.626964,0.709664
0.90772,0.68224,0.564345,-0.857576,-0.288201,0.426031,0.401584,-0.892706,0.204468,0.321392,0.346434,0.8813
0.90772,0.772273,0.673053,-0.857576,-0.416532,0.301768,0.401584,-0.908801,-0.113186,0.321392,0.0241192,0.946639
0.90772,0.819696,0.805998,-0.857576,-0.494623,0.141106,0.401584,-0.815282,-0.417188,0.321392,-0.301105,0.897799
0.90772,0.818789,0.947145,-0.857576,-0.513055,-0.0365743,0.401584,-0.623427,-0.670872,0.321392,-0.590011,0.740671
0.90772,0.769662,1.07947,-0.857576,-0.469604,-0.209844,0.401584,-0.356378,-0.843638,0.321392,-0.807754,0.494207
0.90772,0.67824,1.18701,-0.857576,-0.369513,-0.357803,0.401584,-0.046345,-0.914649,0.321392,-0.928069,0.188135
0.90772,0.555549,1.2568,-0.857576,-0.224853,-0.462605,0.401584,0.269278,-0.87534,0.321392,-0.936446,-0.140629
0.90772,0.416389,1.28042,-0.857576,-0.0530724,-0.511611,0.401584,0.552423,-0.730452,0.321392,-0.831873,-0.452432
0.90772,0.277544,1.25501,-0.857576,0.12511,-0.498909,0.401584,0.768937,-0.49746,0.321392,-0.626964,-0.709664
0.90772,0.15576,1.18366,-0.857576,0.288201,-0.426031,0.401584,0.892706,-0.204468,0.321392,-0.346434,-0.8813
0.883612,0.280542,0.499813,0.961642,0.235981,-0.139849,-0.0812368,0.731955,0.676493,0.262003,-0.639183,0.723049
0.883612,0.416872,0.475024,0.961642,0.269581,-0.0507048,-0.0812368,0.456438,0.886039,0.262003,-0.847933,0.46083
0.883612,0.553458,0.498357,0.961642,0.270665,0.0445552,-0.0812368,0.125869,0.988715,0.262003,-0.954409,0.143028
0.883612,0.673827,0.566999,0.961642,0.239104,0.134441,-0.0812368,-0.219883,0.972138,0.262003,-0.94577,-0.192024
0.883612,0.76346,0.672669,0.961642,0.178702,0.208112,-0.0812368,-0.539113,0.838307,0.262003,-0.823057,-0.503916
0.883612,0.811545,0.802623,0.961642,0.0967468,0.256681,-0.0812368,-0.793318,0.603363,0.262003,-0.601071,-0.755029
0.883612,0.812284,0.941186,0.961642,0.00312226,0.27429,-0.0812368,-0.951838,0.295645,0.262003,-0.306587,-0.915073
0.883612,0.765588,1.07165,0.961642,-0.0908789,0.258816,-0.0812368,-0.995551,-0.0477322,0.262003,0.0248759,-0.964746
0.883612,0.677087,1.17827,0.961642,-0.173919,0.212126,-0.0812368,-0.919187,-0.385352,0.262003,0.353338,-0.898057
0.883612,0.557458,1.24819,0.961642,-0.235981,0.139849,-0.0812368,-0.731955,-0.676493,0.262003,0.639183,-0.723049
0.883612,0.421128,1.27298,0.961642,-0.269581,0.0507048,-0.0812368,-0.456438,-0.886039,0.262003,0.847933,-0.46083
0.883612,0.284542,1.24964,0.961642,-0.270665,-0.0445552,-0.0812368,-0.125869,-0.988715,0.262003,0.954409,-0.143028
0.883612,0.164173,1.181,0.961642,-0.239104,-0.134441,-0.0812368,0.219883,-0.972138,0.262003,0.94577,0.192024
0.883612,0.0745403,1.07533,0.961642,-0.178702,-0.208112,-0.0812368,0.539113,-0.838307,0.262003,0.823057,0.503916
0.883612,0.0264546,0.945377,0.961642,-0.0967468,-0.256681,-0.0812368,0.793318,-0.603363,0.262003,0.601071,0.755029
0.883612,0.0257155,0.806814,0.961642,-0.00312226,-0.27429,-0.0812368,0.951838,-0.295645,0.262003,0.306587,0.915073
0.883612,0.0724124,0.676355,0.961642,0.0908789,-0.258816,-0.0812368,0.995551,0.0477322,0.262003,-0.0248759,0.964746
0.883612,0.160913,0.569734,0.961642,0.173919,-0.212126,-0.0812368,0.919187,0.385352,0.262003,-0.353338,0.898057
0.883612,0.280542,0.499813,0.961642,0.235981,-0.139849,-0.0812368,0.731955,0.676493,0.262003,-0.639183,0.723049
0.763622,0.280889,0.569067,0.856221,0.234379,-0.460383,0.156285,0.731889,0.66326,0.492403,-0.639848,0.590028
0.763622,0.393511,0.54022,0.856221,0.377704,-0.352457,0.156285,0.460902,0.873581,0.492403,-0.803062,0.335604
0.763622,0.509208,0.551632,0.856221,0.475473,-0.202018,0.156285,0.134324,0.978536,0.492403,-0.869415,0.0407014
0.763622,0.614024,0.601926,0.856221,0.515893,-0.0272138,0.156285,-0.208456,0.965464,0.492403,-0.830904,-0.259111
0.763622,0.695318,0.685036,0.856221,0.494088,0.150873,0.156285,-0.526093,0.835943,0.492403,-0.692173,-0.52767
0.763622,0.743283,0.790938,0.856221,0.41269,0.310763,0.156285,-0.780275,0.605596,0.492403,-0.469956,-0.732585
0.763622,0.752135,0.906859,0.856221,0.281514,0.43317,0.156285,-0.940344,0.302204,0.492403,-0.191055,-0.849139
0.763622,0.720807,1.01882,0.856221,0.116384,0.50333,0.156285,-0.986995,-0.0376377,0.492403,0.110889,-0.863274
0.763622,0.653075,1.11331,0.856221,-0.0627835,0.512781,0.156285,-0.914599,-0.37294,0.492403,0.399459,-0.773286
0.763622,0.557111,1.17893,0.856221,-0.234379,0.460383,0.156285,-0.731889,-0.66326,0.492403,0.639848,-0.590028
0.763622,0.444489,1.20778,0.856221,-0.377704,0.352457,0.156285,-0.460902,-0.873581,0.492403,0.803062,-0.335604
0.763622,0.328792,1.19637,0.856221,-0.475473,0.202018,0.156285,-0.134324,-0.978536,0.492403,0.869415,-0.0407014
0.763622,0.223976,1.14607,0.856221,-0.515893,0.0272138,0.156285,0.208456,-0.965464,0.492403,0.830904,0.259111
0.763622,0.142682,1.06296,0.856221,-0.494088,-0.150873,0.156285,0.526093,-0.835943,0.492403,0.692173,0.52767
0.763622,0.0947169,0.957062,0.856221,-0.41269,-0.310763,0.156285,0.780275,-0.605596,0.492403,0.469956,0.732585
0.763622,0.0858647,0.841141,0.856221,-0.281514,-0.43317,0.156285,0.940344,-0.302204,0.492403,0.191055,0.849139
0.763622,0.117193,0.729184,0.856221,-0.116384,-0.50333,0.156285,0.986995,0.0376377,0.492403,-0.110889,0.863274
0.763622,0.184925,0.634694,0.856221,0.0627835,-0.512781,0.156285,0.914599,0.37294,0.492403,-0.399459,0.773286
0.763622,0.280889,0.569067,0.856221,0.234379,-0.460383,0.156285,0.731889,0.66326,0.492403,-0.639848,0.590028
0.674556,0.281419,0.675183,0.647527,0.233053,-0.725531,0.374957,0.73142,0.569589,0.663413,-0.640867,0.386229
0.674556,0.357716,0.640118,0.647527,0.467144,-0.602068,0.374957,0.492499,0.785399,0.663413,-0.734316,0.143747
0.674556,0.441404,0.633262,0.647527,0.644891,-0.405986,0.374957,0.194176,0.906478,0.663413,-0.739196,-0.116073
0.674556,0.52239,0.655443,0.647527,0.744855,-0.160936,0.374957,-0.127568,0.918223,0.663413,-0.654918,-0.361893
0.674556,0.590906,0.703985,0.647527,0.754978,0.103525,0.374957,-0.433926,0.819216,0.663413,-0.491647,-0.564063
0.674556,0.638687,0.773034,0.647527,0.67404,0.355499,0.374957,-0.687945,0.6214,0.663413,-0.269076,-0.698199
0.674556,0.659971,0.85426,0.647527,0.511802,0.564595,0.374957,-0.858988,0.348634,0.663413,-0.0140507,-0.748122
0.674556,0.65219,0.937867,0.647527,0.287834,0.705593,0.374957,-0.926425,0.0338176,0.663413,0.242669,-0.70781
0.674556,0.616283,1.01377,0.647527,0.0291482,0.761485,0.374957,-0.882121,-0.285078,0.663413,0.47012,-0.582126
0.674556,0.556581,1.07282,0.647527,-0.233053,0.725531,0.374957,-0.73142,-0.569589,0.663413,0.640867,-0.386229
0.674556,0.480284,1.10788,0.647527,-0.467144,0.602068,0.374957,-0.492499,-0.785399,0.663413,0.734316,-0.143747
0.674556,0.396596,1.11474,0.647527,-0.644891,0.405986,0.374957,-0.194176,-0.906478,0.663413,0.739196,0.116073
0.674556,0.31561,1.09256,0.647527,-0.744855,0.160936,0.374957,0.127568,-0.918223,0.663413,0.654918,0.361893
0.674556,0.247094,1.04401,0.647527,-0.754978,-0.103525,0.374957,0.433926,-0.819216,0.663413,0.491647,0.564063
0.674556,0.199313,0.974966,0.647527,-0.67404,-0.355499,0.374957,0.687945,-0.6214,0.663413,0.269076,0.698199
0.674556,0.178029,0.89374,0.647527,-0.511802,-0.564595,0.374957,0.858988,-0.348634,0.663413,0.0140507,0.748122
0.674556,0.18581,0.810133,0.647527,-0.287834,-0.705593,0.374957,0.926425,-0.0338176,0.663413,-0.242669,0.70781
0.674556,0.221717,0.734229,0.647527,-0.0291482,-0.761485,0.374957,0.882121,0.285078,0.663413,-0.47012,0.582126
0.674556,0.281419,0.675183,0.647527,0.233053,-0.725531,0.374957,0.73142,0.569589,0.663413,-0.640867,0.386229
0.627155,0.28207,0.805362,0.360731,0.232164,-0.903312,0.548404,0.730606,0.406777,0.754404,-0.642117,0.136233
0.627155,0.313804,0.762668,0.360731,0.527114,-0.769431,0.548404,0.547419,0.632128,0.754404,-0.649987,-0.0915999
0.627155,0.358226,0.733403,0.360731,0.758486,-0.542745,0.548404,0.298205,0.781234,0.754404,-0.579459,-0.308384
0.627155,0.409978,0.721096,0.360731,0.898373,-0.250596,0.548404,0.0130236,0.836112,0.754404,-0.43904,-0.487973
0.627155,0.462818,0.727232,0.360731,0.929904,0.0717784,0.548404,-0.273729,0.790143,0.754404,-0.245666,-0.608705
0.627155,0.510373,0.751069,0.360731,0.849274,0.385495,0.548404,-0.527466,0.648871,0.754404,-0.0226608,-0.656019
0.627155,0.546907,0.789734,0.360731,0.666209,0.652716,0.548404,-0.717583,0.429335,0.754404,0.203077,-0.624206
0.627155,0.568014,0.838563,0.360731,0.40279,0.841209,0.548404,-0.821148,0.158015,0.754404,0.404321,-0.517105
0.627155,0.571148,0.891666,0.360731,0.0907882,0.92824,0.548404,-0.825671,-0.132364,0.754404,0.556798,-0.347634
0.627155,0.55593,0.942638,0.360731,-0.232164,0.903312,0.548404,-0.730606,-0.406777,0.754404,0.642117,-0.136233
0.627155,0.524196,0.985332,0.360731,-0.527114,0.769431,0.548404,-0.547419,-0.632128,0.754404,0.649987,0.0915999
0.627155,0.479774,1.0146,0.360731,-0.758486,0.542745,0.548404,-0.298205,-0.781234,0.754404,0.579459,0.308384
0.627155,0.428022,1.0269,0.360731,-0.898373,0.250596,0.548404,-0.0130236,-0.836112,0.754404,0.43904,0.487973
0.627155,0.375182,1.02077,0.360731,-0.929904,-0.0717784,0.548404,0.273729,-0.790143,0.754404,0.245666,0.608705
0.627155,0.327627,0.996931,0.360731,-0.849274,-0.385495,0.548404,0.527466,-0.648871,0.754404,0.0226608,0.656019
0.627155,0.291093,0.958266,0.360731,-0.666209,-0.652716,0.548404,0.717583,-0.429335,0.754404,-0.203077,0.624206
0.627155,0.269986,0.909437,0.360731,-0.40279,-0.841209,0.548404,0.821148,-0.158015,0.754404,-0.404321,0.517105
0.627155,0.266852,0.856334,0.360731,-0.0907882,-0.92824,0.548404,0.825671,0.132364,0.754404,-0.556798,0.347634
0.627155,0.28207,0.805362,0.360731,0.232164,-0.903312,0.548404,0.730606,0.406777,0.754404,-0.642117,0.136233
0.627137,0.282763,0.943902,0.0304265,0.231819,-0.972283,0.655705,0.729545,0.194463,0.754404,-0.643447,-0.129807
0.627137,0.267071,0.89309,0.0304265,0.550379,-0.83436,0.655705,0.619037,0.432255,0.754404,-0.560246,-0.342051
0.627137,0.269704,0.839976,0.0304265,0.802555,-0.595801,0.655705,0.433865,0.61791,0.754404,-0.409471,-0.513038
0.627137,0.290345,0.790966,0.0304265,0.957931,-0.28538,0.655705,0.196362,0.729036,0.754404,-0.209307,-0.622145
0.627137,0.326503,0.751971,0.0304265,0.997767,0.0594621,0.655705,-0.0648247,0.752229,0.754404,0.0161018,-0.656213
0.627137,0.373818,0.727694,0.0304265,0.917257,0.397132,0.655705,-0.318193,0.684693,0.754404,0.239569,-0.611131
0.627137,0.426582,0.721064,0.0304265,0.726112,0.686903,0.655705,-0.533182,0.534573,0.754404,0.43414,-0.492338
0.627137,0.478432,0.732881,0.0304265,0.447388,0.893822,0.655705,-0.683862,0.319975,0.754404,0.576348,-0.314162
0.627137,0.523113,0.761718,0.0304265,0.114702,0.992934,0.655705,-0.752058,0.0667834,0.754404,0.649039,-0.0980929
0.627137,0.555237,0.804098,0.0304265,-0.231819,0.972283,0.655705,-0.729545,-0.194463,0.754404,0.643447,0.129807
0.627137,0.570929,0.85491,0.0304265,-0.550379,0.83436,0.655705,-0.619037,-0.432255,0.754404,0.560246,0.342051
0.627137,0.568296,0.908024,0.0304265,-0.802555,0.595801,0.655705,-0.433865,-0.61791,0.754404,0.409471,0.513038
0.627137,0.547655,0.957034,0.0304265,-0.957931,0.28538,0.655705,-0.196362,-0.729036,0.754404,0.209307,0.622145
0.627137,0.511497,0.996029,0.0304265,-0.997767,-0.0594621,0.655705,0.0648247,-0.752229,0.754404,-0.0161018,0.656213
0.627137,0.464182,1.02031,0.0304265,-0.917257,-0.397132,0.655705,0.318193,-0.684693,0.754404,-0.239569,0.611131
0.627137,0.411418,1.02694,0.0304265,-0.726112,-0.686903,0.655705,0.533182,-0.534573,0.754404,-0.43414,0.492338
0.627137,0.359568,1.01512,0.0304265,-0.447388,-0.893822,0.655705,0.683862,-0.319975,0.754404,-0.576348,0.314162
0.627137,0.314887,0.986282,0.0304265,-0.114702,-0.992934,0.655705,0.752058,-0.0667834,0.754404,-0.649039,0.0980929
0.627137,0.282763,0.943902,0.0304265,0.231819,-0.972283,0.655705,0.729545,0.194463,0.754404,-0.643447,-0.129807
0.674504,0.283414,1.07409,-0.303548,0.23206,-0.924125,0.683918,0.728364,-0.0417455,0.663411,-0.644697,-0.379803
0.674504,0.223155,1.01565,-0.303548,0.534134,-0.789024,0.683918,0.698716,0.209887,0.663411,-0.475917,-0.577398
0.674504,0.186518,0.940127,-0.303548,0.771784,-0.558755,0.683918,0.584792,0.436204,0.663411,-0.249734,-0.70535
0.674504,0.177922,0.856625,-0.303548,0.916346,-0.261093,0.683918,0.400334,0.609909,0.663411,0.00657071,-0.748226
0.674504,0.198403,0.775219,-0.303548,0.950382,0.0680618,0.683918,0.16759,0.710049,0.663411,0.262083,-0.700855
0.674504,0.245491,0.705728,-0.303548,0.869789,0.389007,0.683918,-0.0853677,0.724547,0.663411,0.485984,-0.568951
0.674504,0.313508,0.656533,-0.303548,0.684286,0.663032,0.683918,-0.328029,0.651654,0.663411,0.651268,-0.368423
0.674504,0.394248,0.633567,-0.303548,0.416248,0.857086,0.683918,-0.531125,0.500162,0.663411,0.738,-0.123457
0.674504,0.477974,0.639601,-0.303548,0.0980043,0.947762,0.683918,-0.67016,0.288343,0.663411,0.735718,0.136399
0.674504,0.554586,0.673907,-0.303548,-0.23206,0.924125,0.683918,-0.728364,0.0417455,0.663411,0.644697,0.379803
0.674504,0.614845,0.732348,-0.303548,-0.534134,0.789024,0.683918,-0.698716,-0.209887,0.663411,0.475917,0.577398
0.674504,0.651482,0.807873,-0.303548,-0.771784,0.558755,0.683918,-0.584792,-0.436204,0.663411,0.249734,0.70535
0.674504,0.660078,0.891375,-0.303548,-0.916346,0.261093,0.683918,-0.400334,-0.609909,0.663411,-0.00657071,0.748226
0.674504,0.639597,0.972781,-0.303548,-0.950382,-0.0680618,0.683918,-0.16759,-0.710049,0.663411,-0.262083,0.700855
0.674504,0.592509,1.04227,-0.303548,-0.869789,-0.389007,0.683918,0.0853677,-0.724547,0.663411,-0.485984,0.568951
0.674504,0.524492,1.09147,-0.303548,-0.684286,-0.663032,0.683918,0.328029,-0.651654,0.663411,-0.651268,0.368423
0.674504,0.443752,1.11443,-0.303548,-0.416248,-0.857086,0.683918,0.531125,-0.500162,0.663411,-0.738,0.123457
0.674504,0.360026,1.1084,-0.303548,-0.0980043,-0.947762,0.683918,0.67016,-0.288343,0.663411,-0.735718,-0.136399
0.674504,0.283414,1.07409,-0.303548,0.23206,-0.924125,0.683918,0.728364,-0.0417455,0.663411,-0.644697,-0.379803
0.763543,0.283945,1.18023,-0.60091,0.232857,-0.764646,0.629641,0.727206,-0.273358,0.492402,-0.645716,-0.583602
0.763543,0.187352,1.11557,-0.60091,0.480339,-0.638891,0.629641,0.776844,-0.00815395,0.492402,-0.407171,-0.769254
0.763543,0.118699,1.02178,-0.60091,0.669884,-0.436075,0.629641,0.732783,0.258034,0.492402,-0.119515,-0.862123
0.763543,0.0862676,0.910155,-0.60091,0.778632,-0.180663,0.629641,0.600338,0.493099,0.492402,0.182556,-0.851008
0.763543,0.0939682,0.794173,-0.60091,0.793465,0.0965402,0.629641,0.395483,0.668689,0.492402,0.462608,-0.737248
0.763543,0.140872,0.68782,-0.60091,0.712594,0.362099,0.629641,0.142928,0.763626,0.492402,0.686863,-0.534565
0.763543,0.221323,0.603923,-0.60091,0.545775,0.583984,0.629641,-0.126867,0.766458,0.492402,0.828272,-0.267406
0.763543,0.325616,0.552601,-0.60091,0.313126,0.735431,0.629641,-0.38136,0.676843,0.492402,0.869779,0.0320065
0.763543,0.441173,0.540044,-0.60091,0.0427102,0.798174,0.629641,-0.589856,0.505592,0.492402,0.806378,0.327558
0.763543,0.554055,0.567768,-0.60091,-0.232857,0.764646,0.629641,-0.727206,0.273358,0.492402,0.645716,0.583602
0.763543,0.650648,0.632428,-0.60091,-0.480339,0.638891,0.629641,-0.776844,0.00815395,0.492402,0.407171,0.769254
0.763543,0.719301,0.726225,-0.60091,-0.669884,0.436075,0.629641,-0.732783,-0.258034,0.492402,0.119515,0.862123
0.763543,0.751732,0.837845,-0.60091,-0.778632,0.180663,0.629641,-0.600338,-0.493099,0.492402,-0.182556,0.851008
0.763543,0.744032,0.953827,-0.60091,-0.793465,-0.0965402,0.629641,-0.395483,-0.668689,0.492402,-0.462608,0.737248
0.763543,0.697128,1.06018,-0.60091,-0.712594,-0.362099,0.629641,-0.142928,-0.763626,0.492402,-0.686863,0.534565
0.763543,0.616677,1.14408,-0.60091,-0.545775,-0.583984,0.629641,0.126867,-0.766458,0.492402,-0.828272,0.267406
0.763543,0.512384,1.1954,-0.60091,-0.313126,-0.735431,0.629641,0.38136,-0.676843,0.492402,-0.869779,-0.0320065
0.763543,0.396827,1.20796,-0.60091,-0.0427102,-0.798174,0.629641,0.589856,-0.505592,0.492402,-0.806378,-0.327558
0.763543,0.283945,1.18023,-0.60091,0.232857,-0.764646,0.629641,0.727206,-0.273358,0.492402,-0.645716,-0.583602
0.883514,0.284291,1.24952,-0.825794,0.234115,-0.513083,0.499419,0.72621,-0.47244,0.262001,-0.646381,-0.716622
0.883514,0.16398,1.1808,-0.825794,0.395481,-0.402068,0.499419,0.843998,-0.19557,0.262001,-0.362301,-0.89448
0.883514,0.0744289,1.07507,-0.825794,0.509146,-0.242558,0.499419,0.859988,0.104889,0.262001,-0.0345214,-0.96445
0.883514,0.0264378,0.945097,-0.825794,0.5614,-0.0537919,0.499419,0.77225,0.392697,0.262001,0.297422,-0.918094
0.883514,0.0257954,0.806545,-0.825794,0.545942,0.141462,0.499419,0.591367,0.633139,0.262001,0.593492,-0.761001
0.883514,0.0725794,0.67613,-0.825794,0.464634,0.319654,0.499419,0.339157,0.797216,0.262001,0.817978,-0.512121
0.883514,0.161147,0.56958,-0.825794,0.327285,0.459291,0.499419,0.0460397,0.865136,0.262001,0.943803,-0.201472
0.883514,0.280815,0.499748,-0.825794,0.150461,0.543531,0.499419,-0.252631,0.828709,0.262001,0.955792,0.133478
0.883514,0.41715,0.475056,-0.825794,-0.0445115,0.562212,0.499419,-0.52083,0.692327,0.262001,0.852499,0.452329
0.883514,0.553709,0.498482,-0.825794,-0.234115,0.513083,0.499419,-0.72621,0.47244,0.262001,0.646381,0.716622
0.883514,0.67402,0.567202,-0.825794,-0.395481,0.402068,0.499419,-0.843998,0.19557,0.262001,0.362301,0.89448
0.883514,0.763571,0.672926,-0.825794,-0.509146,0.242558,0.499419,-0.859988,-0.104889,0.262001,0.0345214,0.96445
0.883514,0.811562,0.802903,-0.825794,-0.5614,0.0537919,0.499419,-0.77225,-0.392697,0.262001,-0.297422,0.918094
0.883514,0.812205,0.941455,-0.825794,-0.545942,-0.141462,0.499419,-0.591367,-0.633139,0.262001,-0.593492,0.761001
0.883514,0.765421,1.07187,-0.825794,-0.464634,-0.319654,0.499419,-0.339157,-0.797216,0.262001,-0.817978,0.512121
0.883514,0.676853,1.17842,-0.825794,-0.327285,-0.459291,0.499419,-0.0460397,-0.865136,0.262001,-0.943803,0.201472
0.883514,0.557185,1.24825,-0.825794,-0.150461,-0.543531,0.499419,0.252631,-0.828709,0.262001,-0.955792,-0.133478
0.883514,0.42085,1.27294,-0.825794,0.0445115,-0.562212,0.499419,0.52083,-0.692327,0.262001,-0.852499,-0.452329
0.883514,0.284291,1.24952,-0.825794,0.234115,-0.513083,0.499419,0.72621,-0.47244,0.262001,-0.646381,-0.716622
0.875863,0.425108,0.477799,0.985232,0.154109,-0.0746268,-0.00862081,0.479927,0.877266,0.17101,-0.863667,0.474167
0.875863,0.560249,0.503782,0.985232,0.170339,-0.0174178,-0.00862081,0.150941,0.988505,0.17101,-0.973756,0.15018
0.875863,0.678352,0.574418,0.985232,0.166024,0.041892,-0.00862081,-0.196251,0.980516,0.17101,-0.966396,-0.191921
0.875863,0.765174,0.681189,0.985232,0.141683,0.096149,-0.00862081,-0.519772,0.854262,0.17101,-0.842474,-0.510874
0.875863,0.810243,0.811216,0.985232,0.100254,0.138809,-0.00862081,-0.7806,0.624971,0.17101,-0.616938,-0.768208
0.875863,0.808121,0.948815,0.985232,0.0467323,0.164727,-0.00862081,-0.947277,0.3203,0.17101,-0.316989,-0.932884
0.875863,0.759066,1.07739,0.985232,-0.0124259,0.170776,-0.00862081,-0.999698,-0.0230046,0.17101,0.0211927,-0.985041
0.875863,0.668994,1.18143,0.985232,-0.0700853,0.156227,-0.00862081,-0.931541,-0.363534,0.17101,0.356819,-0.918388
0.875863,0.548769,1.2484,0.985232,-0.119291,0.122835,-0.00862081,-0.751026,-0.660216,0.17101,0.649407,-0.740963
0.875863,0.412892,1.2702,0.985232,-0.154109,0.0746268,-0.00862081,-0.479927,-0.877266,0.17101,0.863667,-0.474167
0.875863,0.277751,1.24422,0.985232,-0.170339,0.0174178,-0.00862081,-0.150941,-0.988505,0.17101,0.973756,-0.15018
0.875863,0.159648,1.17358,0.985232,-0.166024,-0.041892,-0.00862081,0.196251,-0.980516,0.17101,0.966396,0.191921
0.875863,0.0728256,1.06681,0.985232,-0.141683,-0.096149,-0.00862081,0.519772,-0.854262,0.17101,0.842474,0.510874
0.875863,0.0277573,0.936784,0.985232,-0.100254,-0.138809,-0.00862081,0.7806,-0.624971,0.17101,0.616938,0.768208
0.875863,0.0298786,0.799185,0.985232,-0.0467323,-0.164727,-0.00862081,0.947277,-0.3203,0.17101,0.316989,0.932884
0.875863,0.0789337,0.67061,0.985232,0.0124259,-0.170776,-0.00862081,0.999698,0.0230046,0.17101,-0.0211927,0.985041
0.875863,0.169006,0.566566,0.985232,0.0700853,-0.156227,-0.00862081,0.931541,0.363534,0.17101,-0.356819,0.918388
0.875863,0.289231,0.499603,0.985232,0.119291,-0.122835,-0.00862081,0.751026,0.660216,0.17101,-0.649407,0.740963
0.875863,0.425108,0.477799,0.985232,0.154109,-0.0746268,-0.00862081,0.479927,0.877266,0.17101,-0.863667,0.474167
0.749059,0.425474,0.550987,0.900555,0.152447,-0.407138,0.292759,0.479676,0.827166,0.321393,-0.864101,0.387344
0.749059,0.53556,0.572682,0.900555,0.282502,-0.330444,0.292759,0.167841,0.94134,0.321393,-0.944469,0.0684447
0.749059,0.631588,0.630719,0.900555,0.378484,-0.213895,0.292759,-0.164239,0.941976,0.321393,-0.91092,-0.258711
0.749059,0.701974,0.7181,0.900555,0.428815,-0.0715462,0.292759,-0.476509,0.828994,0.321393,-0.767501,-0.554661
0.749059,0.73823,0.824285,0.900555,0.427424,0.0794318,0.292759,-0.731304,0.616024,0.321393,-0.531509,-0.783712
0.749059,0.735981,0.936466,0.900555,0.37448,0.220829,0.292759,-0.897894,0.328753,0.321393,-0.23141,-0.918235
0.749059,0.6955,1.04111,0.900555,0.276368,0.335591,0.292759,-0.956185,0.00182872,0.321393,0.0966005,-0.942006
0.749059,0.621669,1.1256,0.900555,0.144922,0.409876,0.292759,-0.899145,-0.325316,0.321393,0.41296,-0.852157
0.749059,0.523393,1.17975,0.900555,-0.00400363,0.434724,0.292759,-0.733655,-0.613223,0.321393,0.67951,-0.659525
0.749059,0.412526,1.19701,0.900555,-0.152447,0.407138,0.292759,-0.479676,-0.827166,0.321393,0.864101,-0.387344
0.749059,0.30244,1.17532,0.900555,-0.282502,0.330444,0.292759,-0.167841,-0.94134,0.321393,0.944469,-0.0684447
0.749059,0.206412,1.11728,0.900555,-0.378484,0.213895,0.292759,0.164239,-0.941976,0.321393,0.91092,0.258711
0.749059,0.136026,1.0299,0.900555,-0.428815,0.0715462,0.292759,0.476509,-0.828994,0.321393,0.767501,0.554661
0.749059,0.0997704,0.923715,0.900555,-0.427424,-0.0794318,0.292759,0.731304,-0.616024,0.321393,0.531509,0.783712
0.749059,0.102019,0.811534,0.900555,-0.37448,-0.220829,0.292759,0.897894,-0.328753,0.321393,0.23141,0.918235
0.749059,0.1425,0.706887,0.900555,-0.276368,-0.335591,0.292759,0.956185,-0.00182872,0.321393,-0.0966005,0.942006
0.749059,0.216331,0.622397,0.900555,-0.144922,-0.409876,0.292759,0.899145,0.325316,0.321393,-0.41296,0.852157
0.749059,0.314607,0.568253,0.900555,0.00400363,-0.434724,0.292759,0.733655,0.613223,0.321393,-0.67951,0.659525
0.749059,0.425474,0.550987,0.900555,0.152447,-0.407138,0.292759,0.479676,0.827166,0.321393,-0.864101,0.387344
0.654934,0.426035,0.663131,0.707258,0.151029,-0.690635,0.558827,0.478925,0.67701,0.433011,-0.864766,0.254324
0.654934,0.497732,0.678254,0.707258,0.378132,-0.597329,0.558827,0.218491,0.799983,0.433011,-0.899599,-0.0567807
0.654934,0.559933,0.716987,0.707258,0.559627,-0.431977,0.558827,-0.0682956,0.826467,0.433011,-0.825926,-0.361037
0.654934,0.605135,0.774658,0.707258,0.673622,-0.214522,0.558827,-0.346845,0.753266,0.433011,-0.652635,-0.621747
0.654934,0.627887,0.844311,0.707258,0.706368,0.0288071,0.558827,-0.58356,0.589211,0.433011,-0.400626,-0.807466
0.654934,0.625444,0.917545,0.707258,0.653917,0.268662,0.558827,-0.749889,0.354088,0.433011,-0.100296,-0.895792
0.654934,0.5981,0.985527,0.707258,0.522593,0.476112,0.558827,-0.82577,0.0762564,0.433011,0.212132,-0.876072
0.654934,0.549155,1.04006,0.707258,0.328237,0.626137,0.558827,-0.802052,-0.210773,0.433011,0.498973,-0.750685
0.654934,0.484511,1.07456,0.707258,0.0942901,0.700639,0.558827,-0.681594,-0.472379,0.433011,0.72563,-0.534754
0.654934,0.411965,1.08487,0.707258,-0.151029,0.690635,0.558827,-0.478925,-0.67701,0.433011,0.864766,-0.254324
0.654934,0.340268,1.06975,0.707258,-0.378132,0.597329,0.558827,-0.218491,-0.799983,0.433011,0.899599,0.0567807
0.654934,0.278067,1.03101,0.707258,-0.559627,0.431977,0.558827,0.0682956,-0.826467,0.433011,0.825926,0.361037
0.654934,0.232865,0.973342,0.707258,-0.673622,0.214522,0.558827,0.346845,-0.753266,0.433011,0.652635,0.621747
0.654934,0.210113,0.903689,0.707258,-0.706368,-0.0288071,0.558827,0.58356,-0.589211,0.433011,0.400626,0.807466
0.654934,0.212556,0.830455,0.707258,-0.653917,-0.268662,0.558827,0.749889,-0.354088,0.433011,0.100296,0.895792
0.654934,0.2399,0.762473,0.707258,-0.522593,-0.476112,0.558827,0.82577,-0.0762564,0.433011,-0.212132,0.876072
0.654934,0.288845,0.707943,0.707258,-0.328237,-0.626137,0.558827,0.802052,0.210773,0.433011,-0.498973,0.750685
