0.658953,0.448183,1.18026,0.308961,0.835308,-0.454757,0.951075,-0.271355,0.147727,-3.49349e-06,-0.47815,-0.878278
0.907818,0.199772,1.369,0.92986,-0.337301,-0.146932,-0.179072,-0.0660578,-0.981616,0.321394,0.939076,-0.121826
0.907818,0.0785016,1.29676,0.92986,-0.266706,-0.253435,-0.179072,0.273658,-0.94501,0.321394,0.92411,0.206704
0.907818,-0.0107458,1.18739,0.92986,-0.163942,-0.32937,-0.179072,0.580367,-0.794422,0.321394,0.797682,0.510303
0.907818,-0.0572056,1.0541,0.92986,-0.041404,-0.365578,-0.179072,0.817075,-0.548016,0.321394,0.575042,0.752351
0.907818,-0.055274,0.91295,0.92986,0.0861278,-0.357692,-0.179072,0.955232,-0.23551,0.321394,0.283044,0.903655
0.907818,-0.00518418,0.780976,0.92986,0.203271,-0.306663,-0.179072,0.978174,0.105402,0.321394,-0.0430938,0.945964
0.907818,0.0870225,0.674094,0.92986,0.295897,-0.218646,-0.179072,0.883133,0.4336,0.321394,-0.364034,0.874177
0.907818,0.210224,0.605193,0.92986,0.352834,-0.104257,-0.179072,0.681574,0.7095,0.321394,-0.641066,0.696951
0.907818,0.349562,0.582586,0.92986,0.367213,0.0227069,-0.179072,0.397806,0.899824,0.321394,-0.840776,0.435662
0.907818,0.488228,0.608998,0.92986,0.337301,0.146932,-0.179072,0.0660578,0.981616,0.321394,-0.939076,0.121826
0.907818,0.609498,0.681244,0.92986,0.266706,0.253435,-0.179072,-0.273658,0.94501,0.321394,-0.92411,-0.206704
0.907818,0.698746,0.790609,0.92986,0.163942,0.32937,-0.179072,-0.580367,0.794422,0.321394,-0.797682,-0.510303
0.907818,0.745206,0.923904,0.92986,0.041404,0.365578,-0.179072,-0.817075,0.548016,0.321394,-0.575042,-0.752351
0.907818,0.743274,1.06505,0.92986,-0.0861278,0.357692,-0.179072,-0.955232,0.23551,0.321394,-0.283044,-0.903655
0.907818,0.693184,1.19702,0.92986,-0.203271,0.306663,-0.179072,-0.978174,-0.105402,0.321394,0.0430938,-0.945964
0.907818,0.600978,1.30391,0.92986,-0.295897,0.218646,-0.179072,-0.883133,-0.4336,0.321394,0.364034,-0.874177
0.907818,0.477776,1.37281,0.92986,-0.352834,0.104257,-0.179072,-0.681574,-0.7095,0.321394,0.641066,-0.696951
0.907818,0.338438,1.39541,0.92986,-0.367213,-0.0227069,-0.179072,-0.397806,-0.899824,0.321394,0.840776,-0.435662
0.907818,0.199772,1.369,0.92986,-0.337301,-0.146932,-0.179072,-0.0660578,-0.981616,0.321394,0.939076,-0.121826
0.809114,0.249804,1.34176,0.796489,-0.604651,-0.00138173,-0.0275851,-0.0340541,-0.999039,0.604023,0.795762,-0.043803
0.809114,0.134832,1.28827,0.796489,-0.567713,-0.208101,-0.0275851,0.309691,-0.950437,0.604023,0.762753,0.231005
0.809114,0.0450891,1.19868,0.796489,-0.462301,-0.389721,-0.0275851,0.616083,-0.787198,0.604023,0.637745,0.477951
0.809114,-0.00860075,1.08381,0.796489,-0.301129,-0.524334,-0.0275851,0.848166,-0.529011,0.604023,0.435816,0.667249
0.809114,-0.0197617,0.957492,0.796489,-0.103636,-0.595705,-0.0275851,0.977948,-0.207018,0.604023,0.18132,0.776067
0.809114,0.0129523,0.834978,0.796489,0.106357,-0.595225,-0.0275851,0.989775,0.139945,0.604023,-0.0950451,0.791279
0.809114,0.0855956,0.731042,0.796489,0.303522,-0.522952,-0.0275851,0.88222,0.470028,0.604023,-0.359947,0.711052
0.809114,0.189406,0.658219,0.796489,0.464078,-0.387604,-0.0275851,0.668257,0.743419,0.604023,-0.581433,0.545061
0.809114,0.311863,0.625293,0.796489,0.568659,-0.205504,-0.0275851,0.373692,0.927143,0.604023,-0.73279,0.313328
0.809114,0.438196,0.636236,0.796489,0.604651,0.00138173,-0.0275851,0.0340541,0.999039,0.604023,-0.795762,0.043803
0.809114,0.553168,0.689727,0.796489,0.567713,0.208101,-0.0275851,-0.309691,0.950437,0.604023,-0.762753,-0.231005
0.809114,0.642911,0.779315,0.796489,0.462301,0.389721,-0.0275851,-0.616083,0.787198,0.604023,-0.637745,-0.477951
0.809114,0.696601,0.894194,0.796489,0.301129,0.524334,-0.0275851,-0.848166,0.529011,0.604023,-0.435816,-0.667249
0.809114,0.707762,1.02051,0.796489,0.103636,0.595705,-0.0275851,-0.977948,0.207018,0.604023,-0.18132,-0.776067
0.809114,0.675048,1.14302,0.796489,-0.106357,0.595225,-0.0275851,-0.989775,-0.139945,0.604023,0.0950451,-0.791279
0.809114,0.602404,1.24696,0.796489,-0.303522,0.522952,-0.0275851,-0.88222,-0.470028,0.604023,0.359947,-0.711052
0.809114,0.498594,1.31978,0.796489,-0.464078,0.387604,-0.0275851,-0.668257,-0.743419,0.604023,0.581433,-0.545061
0.809114,0.376137,1.35271,0.796489,-0.568659,0.205504,-0.0275851,-0.373692,-0.927143,0.604023,0.73279,-0.313328
0.809114,0.249804,1.34176,0.796489,-0.604651,-0.00138173,-0.0275851,-0.0340541,-0.999039,0.604023,0.795762,-0.043803
0.735846,0.326467,1.30003,0.567051,-0.815814,0.11358,0.127229,-0.0494854,-0.990638,0.813797,0.576193,0.0757347
0.735846,0.221147,1.27527,0.567051,-0.805461,-0.172295,0.127229,0.292317,-0.94782,0.813797,0.515541,0.268237
0.735846,0.130645,1.21599,0.567051,-0.697958,-0.437388,0.127229,0.598862,-0.790681,0.813797,0.392708,0.428386
0.735846,0.0658767,1.12933,0.567051,-0.50627,-0.649726,0.127229,0.833175,-0.538175,0.813797,0.222508,0.536865
0.735846,0.034654,1.02574,0.567051,-0.253519,-0.783697,0.127229,0.966995,-0.220756,0.813797,0.0254707,0.580591
0.735846,0.0407429,0.917725,0.567051,0.0298105,-0.823143,0.127229,0.984181,0.123289,0.813797,-0.174639,0.554288
0.735846,0.0834092,0.818303,0.567051,0.309544,-0.763306,0.127229,0.88266,0.452463,0.813797,-0.353685,0.46113
0.735846,0.157507,0.73947,0.567051,0.551942,-0.611402,0.127229,0.674678,0.727064,0.813797,-0.490071,0.312354
0.735846,0.254098,0.690734,0.567051,0.727768,-0.385755,0.127229,0.385319,0.91397,0.813797,-0.567347,0.125902
0.735846,0.361533,0.677973,0.567051,0.815814,-0.11358,0.127229,0.0494854,0.990638,0.813797,-0.576193,-0.0757347
0.735846,0.466853,0.702727,0.567051,0.805461,0.172295,0.127229,-0.292317,0.94782,0.813797,-0.515541,-0.268237
0.735846,0.557355,0.762009,0.567051,0.697958,0.437388,0.127229,-0.598862,0.790681,0.813797,-0.392708,-0.428386
0.735846,0.622123,0.84867,0.567051,0.50627,0.649726,0.127229,-0.833175,0.538175,0.813797,-0.222508,-0.536865
0.735846,0.653346,0.952257,0.567051,0.253519,0.783697,0.127229,-0.966995,0.220756,0.813797,-0.0254707,-0.580591
0.735846,0.647257,1.06028,0.567051,-0.0298105,0.823143,0.127229,-0.984181,-0.123289,0.813797,0.174639,-0.554288
0.735846,0.604591,1.1597,0.567051,-0.309544,0.763306,0.127229,-0.88266,-0.452463,0.813797,0.353685,-0.46113
0.735846,0.530493,1.23853,0.567051,-0.551942,0.611402,0.127229,-0.674678,-0.727064,0.813797,0.490071,-0.312354
0.735846,0.433902,1.28727,0.567051,-0.727768,0.385755,0.127229,-0.385319,-0.91397,0.813797,0.567347,-0.125902
0.735846,0.326467,1.30003,0.567051,-0.815814,0.11358,0.127229,-0.0494854,-0.990638,0.813797,0.576193,0.0757347
0.696852,0.420517,1.24882,0.269218,-0.945322,0.184086,0.266698,-0.110491,-0.957426,0.925416,0.306851,0.222369
0.696852,0.327037,1.25933,0.269218,-0.951273,-0.150335,0.266698,0.223632,-0.937476,0.925416,0.212291,0.313908
0.696852,0.235603,1.23722,0.269218,-0.842487,-0.466623,0.266698,0.530781,-0.804453,0.925416,0.0921256,0.367585
0.696852,0.157244,1.18518,0.269218,-0.632084,-0.72663,0.266698,0.77391,-0.5744,0.925416,-0.0391518,0.376926
0.696852,0.10141,1.10947,0.269218,-0.345443,-0.898994,0.266698,0.923694,-0.275067,0.925416,-0.165707,0.340804
0.696852,0.0748358,1.01924,0.269218,-0.0171361,-0.962927,0.266698,0.962067,0.0574433,0.925416,-0.272275,0.263576
0.696852,0.080727,0.925353,0.269218,0.313238,-0.910716,0.266698,0.8844,0.383025,0.925416,-0.346003,0.154556
0.696852,0.118373,0.839147,0.269218,0.60583,-0.74866,0.266698,0.700062,0.662409,0.925416,-0.377998,0.0268955
0.696852,0.183233,0.771015,0.269218,0.825351,-0.496304,0.266698,0.431286,0.861896,0.925416,-0.364401,-0.104009
0.696852,0.267483,0.729175,0.269218,0.945322,-0.184086,0.266698,0.110491,0.957426,0.925416,-0.306851,-0.222369
0.696852,0.360963,0.718675,0.269218,0.951273,0.150335,0.266698,-0.223632,0.937476,0.925416,-0.212291,-0.313908
0.696852,0.452397,0.740779,0.269218,0.842487,0.466623,0.266698,-0.530781,0.804453,0.925416,-0.0921256,-0.367585
0.696852,0.530756,0.792822,0.269218,0.632084,0.72663,0.266698,-0.77391,0.5744,0.925416,0.0391518,-0.376926
0.696852,0.58659,0.868528,0.269218,0.345443,0.898994,0.266698,-0.923694,0.275067,0.925416,0.165707,-0.340804
0.696852,0.613164,0.958764,0.269218,0.0171361,0.962927,0.266698,-0.962067,-0.0574433,0.925416,0.272275,-0.263576
0.696852,0.607273,1.05265,0.269218,-0.313238,0.910716,0.266698,-0.8844,-0.383025,0.925416,0.346003,-0.154556
0.696852,0.569627,1.13885,0.269218,-0.60583,0.74866,0.266698,-0.700062,-0.662409,0.925416,0.377998,-0.0268955
0.696852,0.504767,1.20698,0.269218,-0.825351,0.496304,0.266698,-0.431286,-0.861896,0.925416,0.364401,0.104009
0.696852,0.420517,1.24882,0.269218,-0.945322,0.184086,0.266698,-0.110491,-0.957426,0.925416,0.306851,0.222369
0.696834,0.520608,1.19433,-0.061087,-0.977554,0.201634,0.373999,-0.209711,-0.903408,0.925415,0.0202243,0.378415
0.696834,0.439729,1.24235,-0.061087,-0.987563,-0.144869,0.373999,0.11192,-0.920651,0.925415,-0.110421,0.362511
0.696834,0.347304,1.25982,-0.061087,-0.878458,-0.473899,0.373999,0.420051,-0.826851,0.925415,-0.227748,0.302882
0.696834,0.25448,1.24461,-0.061087,-0.663397,-0.74577,0.373999,0.677519,-0.633319,0.925415,-0.317605,0.206722
0.696834,0.172454,1.19858,-0.061087,-0.368321,-0.92769,0.373999,0.853267,-0.363401,0.925415,-0.369154,0.0856281
0.696834,0.111119,1.12727,-0.061087,-0.0288202,-0.997716,0.373999,0.926099,-0.0496502,0.925415,-0.376178,-0.0457939
0.696834,0.0778725,1.03928,-0.061087,0.314157,-0.947404,0.373999,0.88723,0.270089,0.925415,-0.337829,-0.171693
0.696834,0.0767252,0.945227,-0.061087,0.619242,-0.78282,0.373999,0.741348,0.557251,0.925415,-0.258733,-0.276883
0.696834,0.107815,0.856453,-0.061087,0.849638,-0.523817,0.373999,0.506048,0.7772,0.925415,-0.14843,-0.348676
0.696834,0.167392,0.783667,-0.061087,0.977554,-0.201634,0.373999,0.209711,0.903408,0.925415,-0.0202243,-0.378415
0.696834,0.248271,0.735647,-0.061087,0.987563,0.144869,0.373999,-0.11192,0.920651,0.925415,0.110421,-0.362511
0.696834,0.340696,0.718185,-0.061087,0.878458,0.473899,0.373999,-0.420051,0.826851,0.925415,0.227748,-0.302882
0.696834,0.43352,0.733387,-0.061087,0.663397,0.74577,0.373999,-0.677519,0.633319,0.925415,0.317605,-0.206722
0.696834,0.515546,0.77942,-0.061087,0.368321,0.92769,0.373999,-0.853267,0.363401,0.925415,0.369154,-0.0856281
0.696834,0.576881,0.850731,-0.061087,0.0288202,0.997716,0.373999,-0.926099,0.0496502,0.925415,0.376178,0.0457939
0.696834,0.610128,0.93872,-0.061087,-0.314157,0.947404,0.373999,-0.88723,-0.270089,0.925415,0.337829,0.171693
0.696834,0.611275,1.03277,-0.061087,-0.619242,0.78282,0.373999,-0.741348,-0.557251,0.925415,0.258733,0.276883
0.696834,0.580185,1.12155,-0.061087,-0.849638,0.523817,0.373999,-0.506048,-0.7772,0.925415,0.14843,0.348676
0.696834,0.520608,1.19433,-0.061087,-0.977554,0.201634,0.373999,-0.209711,-0.903408,0.925415,0.0202243,0.378415
0.735794,0.614668,1.14313,-0.384024,-0.908622,0.164106,0.43619,-0.33518,-0.8351,0.813796,-0.249117,0.525049
0.735794,0.54563,1.2264,-0.384024,-0.909953,-0.156558,0.43619,-0.0293455,-0.899376,0.813796,-0.413671,0.408182
0.735794,0.452274,1.28105,-0.384024,-0.801531,-0.458339,0.43619,0.280029,-0.855174,0.813796,-0.52833,0.242082
0.735794,0.345858,1.30047,-0.384024,-0.596431,-0.704837,0.43619,0.555628,-0.707825,0.813796,-0.579264,0.046783
0.735794,0.239217,1.28232,-0.384024,-0.319394,-0.866322,0.43619,0.76421,-0.475102,0.813796,-0.560331,-0.154158
0.735794,0.145215,1.22879,-0.384024,-0.00383246,-0.923315,0.43619,0.880617,-0.185075,0.813796,-0.473814,-0.336506
0.735794,0.07519,1.14634,-0.384024,0.312191,-0.868943,0.43619,0.890808,0.127275,0.813796,-0.330148,-0.478266
0.735794,0.0375869,1.04492,-0.384024,0.59056,-0.709764,0.43619,0.793555,0.424274,0.813796,-0.14666,-0.56234
0.735794,0.0369418,0.936744,-0.384024,0.797698,-0.464977,0.43619,0.600588,0.670099,0.813796,0.0545159,-0.578588
0.735794,0.0733325,0.834875,-0.384024,0.908622,-0.164106,0.43619,0.33518,0.8351,0.813796,0.249117,-0.525049
0.735794,0.14237,0.751596,-0.384024,0.909953,0.156558,0.43619,0.0293455,0.899376,0.813796,0.413671,-0.408182
0.735794,0.235726,0.696952,-0.384024,0.801531,0.458339,0.43619,-0.280029,0.855174,0.813796,0.52833,-0.242082
0.735794,0.342142,0.677532,-0.384024,0.596431,0.704837,0.43619,-0.555628,0.707825,0.813796,0.579264,-0.046783
0.735794,0.448783,0.695681,-0.384024,0.319394,0.866322,0.43619,-0.76421,0.475102,0.813796,0.560331,0.154158
0.735794,0.542785,0.749208,-0.384024,0.00383246,0.923315,0.43619,-0.880617,0.185075,0.813796,0.473814,0.336506
0.735794,0.61281,0.831658,-0.384024,-0.312191,0.868943,0.43619,-0.890808,-0.127275,0.813796,0.330148,0.478266
0.735794,0.650413,0.933085,-0.384024,-0.59056,0.709764,0.43619,-0.793555,-0.424274,0.813796,0.14666,0.56234
0.735794,0.651058,1.04126,-0.384024,-0.797698,0.464977,0.43619,-0.600588,-0.670099,0.813796,-0.0545159,0.578588
0.735794,0.614668,1.14313,-0.384024,-0.908622,0.164106,0.43619,-0.33518,-0.8351,0.813796,-0.249117,0.525049
0.809034,0.691352,1.10138,-0.660642,-0.746841,0.0760295,0.44577,-0.471764,-0.760741,0.604021,-0.468686,0.644587
0.809034,0.631969,1.2134,-0.660642,-0.727805,-0.18399,0.44577,-0.183125,-0.876216,0.604021,-0.660882,0.445413
0.809034,0.537853,1.29836,-0.660642,-0.620984,-0.421818,0.44577,0.127603,-0.886006,0.604021,-0.773367,0.192517
0.809034,0.420355,1.346,-0.660642,-0.439264,-0.608769,0.44577,0.422939,-0.788931,0.604021,-0.792571,-0.0836005
0.809034,0.293648,1.35059,-0.660642,-0.204562,-0.722293,0.44577,0.667263,-0.596699,0.604021,-0.71618,-0.349634
0.809034,0.173013,1.31156,-0.660642,0.0548132,-0.748698,0.44577,0.831105,-0.332496,0.604021,-0.553408,-0.573497
0.809034,0.073003,1.23363,-0.660642,0.307577,-0.684798,0.44577,0.894704,-0.0281892,0.604021,-0.323886,-0.728187
0.809034,0.00567872,1.12619,-0.660642,0.523243,-0.538302,0.44577,0.850388,0.279517,0.604021,-0.0552982,-0.795048
0.809034,-0.020839,1.0022,-0.660642,0.675798,-0.326879,0.44577,0.703502,0.55351,0.604021,0.219959,-0.766013
0.809034,-0.00335177,0.876623,-0.660642,0.746841,-0.0760295,0.44577,0.471764,0.760741,0.604021,0.468686,-0.644587
0.809034,0.0560312,0.764599,-0.660642,0.727805,0.18399,0.44577,0.183125,0.876216,0.604021,0.660882,-0.445413
0.809034,0.150147,0.679641,-0.660642,0.620984,0.421818,0.44577,-0.127603,0.886006,0.604021,0.773367,-0.192517
0.809034,0.267645,0.631996,-0.660642,0.439264,0.608769,0.44577,-0.422939,0.788931,0.604021,0.792571,0.0836005
0.809034,0.394352,0.627411,-0.660642,0.204562,0.722293,0.44577,-0.667263,0.596699,0.604021,0.71618,0.349634
0.809034,0.514987,0.666439,-0.660642,-0.0548132,0.748698,0.44577,-0.831105,0.332496,0.604021,0.553408,0.573497
0.809034,0.614997,0.744373,-0.660642,-0.307577,0.684798,0.44577,-0.894704,0.0281892,0.604021,0.323886,0.728187
0.809034,0.682321,0.851812,-0.660642,-0.523243,0.538302,0.44577,-0.850388,-0.279517,0.604021,0.0552982,0.795048
0.809034,0.708839,0.975798,-0.660642,-0.675798,0.326879,0.44577,-0.703502,-0.55351,0.604021,-0.219959,0.766013
0.809034,0.691352,1.10138,-0.660642,-0.746841,0.0760295,0.44577,-0.471764,-0.760741,0.604021,-0.468686,0.644587
0.90772,0.741411,1.07412,-0.857576,-0.511724,-0.0519729,0.401584,-0.602989,-0.6893,0.321392,-0.611999,0.722609
0.90772,0.68833,1.20491,-0.857576,-0.463087,-0.223858,0.401584,-0.33087,-0.853965,0.321392,-0.822238,0.469715
0.90772,0.593718,1.30966,-0.857576,-0.358596,-0.368743,0.401584,-0.0188427,-0.915628,0.321392,-0.933303,0.160165
0.90772,0.468986,1.37573,-0.857576,-0.210852,-0.469152,0.401584,0.295457,-0.866854,0.321392,-0.931797,-0.168702
0.90772,0.329179,1.39515,-0.857576,-0.0376766,-0.512975,0.401584,0.57412,-0.713524,0.321392,-0.817904,-0.477222
0.90772,0.19116,1.36559,-0.857576,0.140043,-0.494925,0.401584,0.783536,-0.474132,0.321392,-0.605359,-0.728181
0.90772,0.0715753,1.29061,-0.857576,0.300872,-0.417179,0.401584,0.898446,-0.177554,0.321392,-0.319798,-0.891311
0.90772,-0.0151508,1.17924,-0.857576,0.425411,-0.289116,0.401584,0.90499,0.140441,0.321392,0.00433425,-0.946936
0.90772,-0.0585581,1.04493,-0.857576,0.498639,-0.126181,0.401584,0.802379,0.441496,0.321392,0.327944,-0.888347
0.90772,-0.0534109,0.903876,-0.857576,0.511724,0.0519729,0.401584,0.602989,0.6893,0.321392,0.611999,-0.722609
0.90772,-0.00033012,0.773087,-0.857576,0.463087,0.223858,0.401584,0.33087,0.853965,0.321392,0.822238,-0.469715
0.90772,0.094282,0.668341,-0.857576,0.358596,0.368743,0.401584,0.0188427,0.915628,0.321392,0.933303,-0.160165
0.90772,0.219014,0.60227,-0.857576,0.210852,0.469152,0.401584,-0.295457,0.866854,0.321392,0.931797,0.168702
0.90772,0.358821,0.582845,-0.857576,0.0376766,0.512975,0.401584,-0.57412,0.713524,0.321392,0.817904,0.477222
0.90772,0.49684,0.612408,-0.857576,-0.140043,0.494925,0.401584,-0.783536,0.474132,0.321392,0.605359,0.728181
0.90772,0.616425,0.687394,-0.857576,-0.300872,0.417179,0.401584,-0.898446,0.177554,0.321392,0.319798,0.891311
0.90772,0.703151,0.798758,-0.857576,-0.425411,0.289116,0.401584,-0.90499,-0.140441,0.321392,-0.00433425,0.946936
0.90772,0.746558,0.933067,-0.857576,-0.498639,0.126181,0.401584,-0.802379,-0.441496,0.321392,-0.327944,0.888347
0.90772,0.741411,1.07412,-0.857576,-0.511724,-0.0519729,0.401584,-0.602989,-0.6893,0.321392,-0.611999,0.722609
0.883612,0.080064,1.28821,0.961642,-0.234956,-0.141565,-0.0812368,0.248992,-0.965092,0.262003,0.939574,0.220354
0.883612,-0.0063533,1.17989,0.961642,-0.172369,-0.213387,-0.0812368,0.564057,-0.82173,0.262003,0.807545,0.528418
0.883612,-0.0505128,1.04855,0.961642,-0.0889909,-0.259472,-0.0812368,0.811089,-0.579255,0.262003,0.578114,0.772747
0.883612,-0.0470882,0.910028,0.961642,0.00512043,-0.27426,-0.0812368,0.960291,-0.266913,0.262003,0.278954,0.923872
0.883612,0.00350733,0.78103,0.961642,0.0986142,-0.255969,-0.0812368,0.993668,0.0776228,0.262003,-0.0538513,0.963563
0.883612,0.0951713,0.677117,0.961642,0.180214,-0.206804,-0.0812368,0.907194,0.412796,0.262003,-0.380162,0.887035
0.883612,0.216848,0.610822,0.961642,0.240077,-0.132696,-0.0812368,0.711299,0.69818,0.262003,-0.660619,0.703517
0.883612,0.353861,0.59014,0.961642,0.270983,-0.0425822,-0.0812368,0.42961,0.899353,0.262003,-0.861396,0.435145
0.883612,0.489684,0.617567,0.961642,0.269205,0.0526674,-0.0812368,0.096105,0.992051,0.262003,-0.958276,0.114288
0.883612,0.607936,0.689794,0.961642,0.234956,0.141565,-0.0812368,-0.248992,0.965092,0.262003,-0.939574,-0.220354
0.883612,0.694353,0.79811,0.961642,0.172369,0.213387,-0.0812368,-0.564057,0.82173,0.262003,-0.807545,-0.528418
0.883612,0.738513,0.929449,0.961642,0.0889909,0.259472,-0.0812368,-0.811089,0.579255,0.262003,-0.578114,-0.772747
0.883612,0.735088,1.06797,0.961642,-0.00512043,0.27426,-0.0812368,-0.960291,0.266913,0.262003,-0.278954,-0.923872
0.883612,0.684493,1.19697,0.961642,-0.0986142,0.255969,-0.0812368,-0.993668,-0.0776228,0.262003,0.0538513,-0.963563
0.883612,0.592829,1.30088,0.961642,-0.180214,0.206804,-0.0812368,-0.907194,-0.412796,0.262003,0.380162,-0.887035
0.883612,0.471152,1.36718,0.961642,-0.240077,0.132696,-0.0812368,-0.711299,-0.69818,0.262003,0.660619,-0.703517
0.883612,0.334139,1.38786,0.961642,-0.270983,0.0425822,-0.0812368,-0.42961,-0.899353,0.262003,0.861396,-0.435145
0.883612,0.198316,1.36043,0.961642,-0.269205,-0.0526674,-0.0812368,-0.096105,-0.992051,0.262003,0.958276,-0.114288
0.883612,0.080064,1.28821,0.961642,-0.234956,-0.141565,-0.0812368,0.248992,-0.965092,0.262003,0.939574,0.220354
0.763622,0.140889,1.25509,0.856221,-0.516478,0.0117011,0.156285,0.23737,-0.958765,0.492403,0.822743,0.283959
0.763622,0.0621295,1.16958,0.856221,-0.489332,-0.16565,0.156285,0.550972,-0.819759,0.492403,0.676006,0.548229
0.763622,0.0173676,1.06228,0.856221,-0.403166,-0.323022,0.156285,0.798118,-0.581878,0.492403,0.447733,0.746374
0.763622,0.0120023,0.946147,0.856221,-0.268372,-0.441432,0.156285,0.949,-0.273814,0.492403,0.165456,0.854496
0.763622,0.0466809,0.835181,0.856221,-0.101209,-0.506599,0.156285,0.985418,0.0672758,0.492403,-0.136777,0.859553
0.763622,0.117221,0.742769,0.856221,0.0781621,-0.510663,0.156285,0.90298,0.400251,0.492403,-0.422513,0.760935
0.763622,0.215113,0.680055,0.856221,0.248105,-0.453133,0.156285,0.71163,0.684951,0.492403,-0.657287,0.570537
0.763622,0.328551,0.654605,0.856221,0.388124,-0.340949,0.156285,0.434446,0.887035,0.492403,-0.812783,0.311324
0.763622,0.443853,0.669487,0.856221,0.481328,-0.187641,0.156285,0.104862,0.98213,0.492403,-0.870245,0.0145607
0.763622,0.547111,0.722908,0.856221,0.516478,-0.0117011,0.156285,-0.23737,0.958765,0.492403,-0.822743,-0.283959
0.763622,0.62587,0.808423,0.856221,0.489332,0.16565,0.156285,-0.550972,0.819759,0.492403,-0.676006,-0.548229
0.763622,0.670632,0.915719,0.856221,0.403166,0.323022,0.156285,-0.798118,0.581878,0.492403,-0.447733,-0.746374
0.763622,0.675998,1.03185,0.856221,0.268372,0.441432,0.156285,-0.949,0.273814,0.492403,-0.165456,-0.854496
0.763622,0.641319,1.14282,0.856221,0.101209,0.506599,0.156285,-0.985418,-0.0672758,0.492403,0.136777,-0.859553
0.763622,0.570779,1.23523,0.856221,-0.0781621,0.510663,0.156285,-0.90298,-0.400251,0.492403,0.422513,-0.760935
0.763622,0.472887,1.29794,0.856221,-0.248105,0.453133,0.156285,-0.71163,-0.684951,0.492403,0.657287,-0.570537
0.763622,0.359449,1.3234,0.856221,-0.388124,0.340949,0.156285,-0.434446,-0.887035,0.492403,0.812783,-0.311324
0.763622,0.244147,1.30851,0.856221,-0.481328,0.187641,0.156285,-0.104862,-0.98213,0.492403,0.870245,-0.0145607
0.763622,0.140889,1.25509,0.856221,-0.516478,0.0117011,0.156285,0.23737,-0.958765,0.492403,0.822743,0.283959
0.674556,0.23409,1.20435,0.647527,-0.749354,0.138483,0.374957,0.155099,-0.913975,0.663413,0.643749,0.381407
0.674556,0.167064,1.15377,0.647527,-0.751527,-0.126162,0.374957,0.458344,-0.805809,0.663413,0.474477,0.57858
0.674556,0.121378,1.08332,0.647527,-0.663054,-0.375591,0.374957,0.706305,-0.60045,0.663413,0.247977,0.705968
0.674556,0.102545,1.00149,0.647527,-0.494607,-0.579718,0.374957,0.869076,-0.322668,0.663413,-0.00843354,0.748206
0.674556,0.112834,0.918155,0.647527,-0.266504,-0.713922,0.374957,0.927023,-0.00596709,0.663413,-0.263827,0.700199
0.674556,0.151006,0.843364,0.647527,-0.00625562,-0.762017,0.374957,0.873157,0.311453,0.663413,-0.487398,0.567738
0.674556,0.212455,0.786139,0.647527,0.254747,-0.718201,0.374957,0.713976,0.591308,0.663413,-0.652182,0.366799
0.674556,0.289771,0.753382,0.647527,0.485023,-0.58776,0.374957,0.468679,0.799842,0.663413,-0.738304,0.121619
0.674556,0.373627,0.749044,0.647527,0.656798,-0.386426,0.374957,0.166852,0.911903,0.663413,-0.735375,-0.13823
0.674556,0.45391,0.773648,0.647527,0.749354,-0.138483,0.374957,-0.155099,0.913975,0.663413,-0.643749,-0.381407
0.674556,0.520936,0.824227,0.647527,0.751527,0.126162,0.374957,-0.458344,0.805809,0.663413,-0.474477,-0.57858
0.674556,0.566622,0.89468,0.647527,0.663054,0.375591,0.374957,-0.706305,0.60045,0.663413,-0.247977,-0.705968
0.674556,0.585455,0.976509,0.647527,0.494607,0.579718,0.374957,-0.869076,0.322668,0.663413,0.00843354,-0.748206
0.674556,0.575166,1.05985,0.647527,0.266504,0.713922,0.374957,-0.927023,0.00596709,0.663413,0.263827,-0.700199
0.674556,0.536994,1.13464,0.647527,0.00625562,0.762017,0.374957,-0.873157,-0.311453,0.663413,0.487398,-0.567738
0.674556,0.475545,1.19186,0.647527,-0.254747,0.718201,0.374957,-0.713976,-0.591308,0.663413,0.652182,-0.366799
0.674556,0.398229,1.22462,0.647527,-0.485023,0.58776,0.374957,-0.468679,-0.799842,0.663413,0.738304,-0.121619
0.674556,0.314373,1.22896,0.647527,-0.656798,0.386426,0.374957,-0.166852,-0.911903,0.663413,0.735375,0.13823
0.674556,0.23409,1.20435,0.647527,-0.749354,0.138483,0.374957,0.155099,-0.913975,0.663413,0.643749,0.381407
0.627155,0.348424,1.14211,0.360731,-0.905497,0.223491,0.548404,0.012104,-0.836126,0.754404,0.42418,0.500944
0.627155,0.295792,1.13439,0.360731,-0.927327,-0.0996857,0.548404,0.297346,-0.781562,0.754404,0.227266,0.615812
0.627155,0.248975,1.10913,0.360731,-0.837308,-0.410838,0.548404,0.546724,-0.632729,0.754404,0.00293995,0.656403
0.627155,0.213619,1.06938,0.360731,-0.646297,-0.672438,0.548404,0.730158,-0.407581,0.754404,-0.22174,0.617823
0.627155,0.193988,1.01994,0.360731,-0.377333,-0.852932,0.548404,0.825525,-0.133272,0.754404,-0.419676,0.504724
0.627155,0.192452,0.96677,0.360731,-0.0628574,-0.930549,0.548404,0.821322,0.157112,0.754404,-0.566992,0.330748
0.627155,0.209194,0.916279,0.360731,0.2592,-0.895929,0.548404,0.718054,0.428545,0.754404,-0.64592,0.116879
0.627155,0.242196,0.874558,0.360731,0.549994,-0.753246,0.548404,0.528179,0.64829,0.754404,-0.646942,-0.111088
0.627155,0.287477,0.846641,0.360731,0.774451,-0.519711,0.548404,0.274598,0.789841,0.754404,-0.569932,-0.325656
0.627155,0.339576,0.835894,0.360731,0.905497,-0.223491,0.548404,-0.012104,0.836126,0.754404,-0.42418,-0.500944
0.627155,0.392208,0.843614,0.360731,0.927327,0.0996857,0.548404,-0.297346,0.781562,0.754404,-0.227266,-0.615812
0.627155,0.439025,0.86887,0.360731,0.837308,0.410838,0.548404,-0.546724,0.632729,0.754404,-0.00293995,-0.656403
0.627155,0.474381,0.908616,0.360731,0.646297,0.672438,0.548404,-0.730158,0.407581,0.754404,0.22174,-0.617823
0.627155,0.494012,0.958056,0.360731,0.377333,0.852932,0.548404,-0.825525,0.133272,0.754404,0.419676,-0.504724
0.627155,0.495548,1.01123,0.360731,0.0628574,0.930549,0.548404,-0.821322,-0.157112,0.754404,0.566992,-0.330748
0.627155,0.478806,1.06172,0.360731,-0.2592,0.895929,0.548404,-0.718054,-0.428545,0.754404,0.64592,-0.116879
0.627155,0.445804,1.10344,0.360731,-0.549994,0.753246,0.548404,-0.528179,-0.64829,0.754404,0.646942,0.111088
0.627155,0.400523,1.13136,0.360731,-0.774451,0.519711,0.548404,-0.274598,-0.789841,0.754404,0.569932,0.325656
0.627155,0.348424,1.14211,0.360731,-0.905497,0.223491,0.548404,0.012104,-0.836126,0.754404,0.42418,0.500944
0.627137,0.470102,1.07586,0.0304265,-0.966073,0.25647,0.655705,-0.174369,-0.734607,0.754404,0.19052,0.628153
0.627137,0.432789,1.11375,0.0304265,-0.99553,-0.089414,0.655705,0.0873968,-0.749942,0.754404,-0.035811,0.655433
0.627137,0.384766,1.1366,0.0304265,-0.904911,-0.424513,0.655705,0.338621,-0.674824,0.754404,-0.257823,0.603657
0.627137,0.331826,1.14164,0.0304265,-0.705146,-0.708409,0.655705,0.549003,-0.518311,0.754404,-0.448737,0.479072
0.627137,0.280355,1.12827,0.0304265,-0.42033,-0.906861,0.655705,0.693167,-0.299283,0.754404,-0.585527,0.296703
0.627137,0.23656,1.0981,0.0304265,-0.0848163,-0.995932,0.655705,0.753725,-0.044157,0.754404,-0.651694,0.0785477
0.627137,0.205724,1.05478,0.0304265,0.260928,-0.964879,0.655705,0.723372,0.216295,0.754404,-0.639257,-0.149082
0.627137,0.191566,1.00352,0.0304265,0.5752,-0.817447,0.655705,0.60577,0.450659,0.754404,-0.549716,-0.35873
0.627137,0.195794,0.950506,0.0304265,0.820094,-0.571419,0.655705,0.415104,0.630667,0.754404,-0.393871,-0.525109
0.627137,0.217898,0.902138,0.0304265,0.966073,-0.25647,0.655705,0.174369,0.734607,0.754404,-0.19052,-0.628153
0.627137,0.255211,0.864247,0.0304265,0.99553,0.089414,0.655705,-0.0873968,0.749942,0.754404,0.035811,-0.655433
0.627137,0.303234,0.841403,0.0304265,0.904911,0.424513,0.655705,-0.338621,0.674824,0.754404,0.257823,-0.603657
0.627137,0.356174,0.836361,0.0304265,0.705146,0.708409,0.655705,-0.549003,0.518311,0.754404,0.448737,-0.479072
0.627137,0.407645,0.84973,0.0304265,0.42033,0.906861,0.655705,-0.693167,0.299283,0.754404,0.585527,-0.296703
0.627137,0.45144,0.879897,0.0304265,0.0848163,0.995932,0.655705,-0.753725,0.044157,0.754404,0.651694,-0.0785477
0.627137,0.482276,0.923223,0.0304265,-0.260928,0.964879,0.655705,-0.723372,-0.216295,0.754404,0.639257,0.149082
0.627137,0.496434,0.974483,0.0304265,-0.5752,0.817447,0.655705,-0.60577,-0.450659,0.754404,0.549716,0.35873
0.627137,0.492206,1.02749,0.0304265,-0.820094,0.571419,0.655705,-0.415104,-0.630667,0.754404,0.393871,0.525109
0.627137,0.470102,1.07586,0.0304265,-0.966073,0.25647,0.655705,-0.174369,-0.734607,0.754404,0.19052,0.628153
0.674504,0.584448,1.01361,-0.303548,-0.923777,0.233442,0.683918,-0.381829,-0.621662,0.663411,-0.0290488,0.747691
0.674504,0.56153,1.09436,-0.303548,-0.947908,-0.0965861,0.683918,-0.146181,-0.714764,0.663411,-0.283022,0.692664
0.674504,0.512374,1.16241,-0.303548,-0.857708,-0.414965,0.683918,0.107099,-0.721655,0.663411,-0.502859,0.554092
0.674504,0.442911,1.20954,-0.303548,-0.664055,-0.683293,0.683918,0.347461,-0.641504,0.663411,-0.662044,0.348688
0.674504,0.361517,1.23007,-0.303548,-0.390308,-0.869205,0.683918,0.545913,-0.483978,0.663411,-0.741376,0.101228
0.674504,0.27801,1.22152,-0.303548,-0.0694838,-0.950279,0.683918,0.678521,-0.268077,0.663411,-0.731287,-0.158443
0.674504,0.202463,1.18493,-0.303548,0.259721,-0.916735,0.683918,0.729289,-0.0198424,0.663411,-0.632995,-0.399002
0.674504,0.143987,1.1247,-0.303548,0.5576,-0.772619,0.683918,0.692094,0.230786,0.663411,-0.458354,-0.591437
0.674504,0.109636,1.04811,-0.303548,0.788224,-0.535314,0.683918,0.571422,0.453578,0.663411,-0.228428,-0.712535
0.674504,0.103552,0.96439,-0.303548,0.923777,-0.233442,0.683918,0.381829,0.621662,0.663411,0.0290488,-0.747691
0.674504,0.12647,0.883636,-0.303548,0.947908,0.0965861,0.683918,0.146181,0.714764,0.663411,0.283022,-0.692664
0.674504,0.175626,0.815591,-0.303548,0.857708,0.414965,0.683918,-0.107099,0.721655,0.663411,0.502859,-0.554092
0.674504,0.245089,0.768461,-0.303548,0.664055,0.683293,0.683918,-0.347461,0.641504,0.663411,0.662044,-0.348688
0.674504,0.326483,0.747932,-0.303548,0.390308,0.869205,0.683918,-0.545913,0.483978,0.663411,0.741376,-0.101228
0.674504,0.40999,0.756479,-0.303548,0.0694838,0.950279,0.683918,-0.678521,0.268077,0.663411,0.731287,0.158443
0.674504,0.485537,0.793071,-0.303548,-0.259721,0.916735,0.683918,-0.729289,0.0198424,0.663411,0.632995,0.399002
0.674504,0.544013,0.853296,-0.303548,-0.5576,0.772619,0.683918,-0.692094,-0.230786,0.663411,0.458354,0.591437
0.674504,0.578364,0.929888,-0.303548,-0.788224,0.535314,0.683918,-0.571422,-0.453578,0.663411,0.228428,0.712535
0.674504,0.584448,1.01361,-0.303548,-0.923777,0.233442,0.683918,-0.381829,-0.621662,0.663411,-0.0290488,0.747691
0.763543,0.677668,0.962859,-0.60091,-0.783708,0.157187,0.629641,-0.585251,-0.510914,0.492402,-0.208043,0.845138
0.763543,0.666487,1.07856,-0.60091,-0.790206,-0.120337,0.629641,-0.375214,-0.68027,0.492402,-0.484551,0.723016
0.763543,0.616408,1.18345,-0.60091,-0.701393,-0.383346,0.629641,-0.119919,-0.767575,0.492402,-0.702614,0.513686
0.763543,0.533473,1.26489,-0.60091,-0.527982,-0.600118,0.629641,0.149839,-0.7623,0.492402,-0.835933,0.242399
0.763543,0.427685,1.31306,-0.60091,-0.290888,-0.744507,0.629641,0.401525,-0.66508,0.492402,-0.868425,-0.0581253
0.763543,0.311803,1.32214,-0.60091,-0.0187091,-0.799097,0.629641,0.60478,-0.487641,0.492402,-0.796173,-0.351639
0.763543,0.199805,1.29104,-0.60091,0.255727,-0.757305,0.629641,0.735091,-0.251386,0.492402,-0.62789,-0.602739
0.763543,0.105198,1.2235,-0.60091,0.499318,-0.62417,0.629641,0.776738,0.0151906,0.492402,-0.383875,-0.781141
0.763543,0.039395,1.12769,-0.60091,0.682684,-0.415751,0.629641,0.724699,0.279935,0.492402,-0.0935582,-0.865325
0.763543,0.0103315,1.01514,-0.60091,0.783708,-0.157187,0.629641,0.585251,0.510914,0.492402,0.208043,-0.845138
0.763543,0.0215134,0.899443,-0.60091,0.790206,0.120337,0.629641,0.375214,0.68027,0.492402,0.484551,-0.723016
0.763543,0.071592,0.794547,-0.60091,0.701393,0.383346,0.629641,0.119919,0.767575,0.492402,0.702614,-0.513686
0.763543,0.154527,0.713105,-0.60091,0.527982,0.600118,0.629641,-0.149839,0.7623,0.492402,0.835933,-0.242399
0.763543,0.260315,0.66494,-0.60091,0.290888,0.744507,0.629641,-0.401525,0.66508,0.492402,0.868425,0.0581253
0.763543,0.376197,0.655861,-0.60091,0.0187091,0.799097,0.629641,-0.60478,0.487641,0.492402,0.796173,0.351639
0.763543,0.488195,0.686964,-0.60091,-0.255727,0.757305,0.629641,-0.735091,0.251386,0.492402,0.62789,0.602739
0.763543,0.582802,0.754497,-0.60091,-0.499318,0.62417,0.629641,-0.776738,-0.0151906,0.492402,0.383875,0.781141
0.763543,0.648605,0.850314,-0.60091,-0.682684,0.415751,0.629641,-0.724699,-0.279935,0.492402,0.0935582,0.865325
0.763543,0.677668,0.962859,-0.60091,-0.783708,0.157187,0.629641,-0.585251,-0.510914,0.492402,-0.208043,0.845138
0.883514,0.738521,0.92973,-0.825794,-0.562763,0.0368998,0.499419,-0.760102,-0.415722,0.262001,-0.324872,0.908743
0.883514,0.735,1.06824,-0.825794,-0.541445,-0.157802,0.499419,-0.572077,-0.650621,0.262001,-0.616089,0.742826
0.883514,0.684319,1.19719,-0.825794,-0.45482,-0.33347,0.499419,-0.315051,-0.807046,0.262001,-0.832995,0.487313
0.883514,0.59259,1.30103,-0.825794,-0.313338,-0.468917,0.499419,-0.0200252,-0.866129,0.262001,-0.949431,0.173024
0.883514,0.470878,1.36724,-0.825794,-0.134062,-0.547806,0.499419,0.277416,-0.820744,0.262001,-0.95135,-0.162135
0.883514,0.333862,1.38782,-0.825794,0.0613836,-0.560621,0.499419,0.541397,-0.676365,0.262001,-0.838523,-0.477738
0.883514,0.198069,1.3603,-0.825794,0.249425,-0.505817,0.499419,0.740077,-0.450407,0.262001,-0.624558,-0.735719
0.883514,0.0798775,1.288,-0.825794,0.407383,-0.390004,0.499419,0.849493,-0.170123,0.262001,-0.335262,-0.904961
0.883514,-0.00645697,1.17963,-0.825794,0.516204,-0.227151,0.499419,0.856448,0.130681,0.262001,-0.00552808,-0.965052
0.883514,-0.0505212,1.04827,-0.825794,0.562763,-0.0368998,0.499419,0.760102,0.415722,0.262001,0.324872,-0.908743
0.883514,-0.0470003,0.909762,-0.825794,0.541445,0.157802,0.499419,0.572077,0.650621,0.262001,0.616089,-0.742826
0.883514,0.00368094,0.78081,-0.825794,0.45482,0.33347,0.499419,0.315051,0.807046,0.262001,0.832995,-0.487313
0.883514,0.0954097,0.67697,-0.825794,0.313338,0.468917,0.499419,0.0200252,0.866129,0.262001,0.949431,-0.173024
0.883514,0.217122,0.610765,-0.825794,0.134062,0.547806,0.499419,-0.277416,0.820744,0.262001,0.95135,0.162135
0.883514,0.354138,0.59018,-0.825794,-0.0613836,0.560621,0.499419,-0.541397,0.676365,0.262001,0.838523,0.477738
0.883514,0.489931,0.617699,-0.825794,-0.249425,0.505817,0.499419,-0.740077,0.450407,0.262001,0.624558,0.735719
0.883514,0.608122,0.690003,-0.825794,-0.407383,0.390004,0.499419,-0.849493,0.170123,0.262001,0.335262,0.904961
0.883514,0.694457,0.79837,-0.825794,-0.516204,0.227151,0.499419,-0.856448,-0.130681,0.262001,0.00552808,0.965052
0.883514,0.738521,0.92973,-0.825794,-0.562763,0.0368998,0.499419,-0.760102,-0.415722,0.262001,-0.324872,0.908743
0.875863,-0.0078113,1.17132,0.985232,-0.13873,-0.100363,-0.00862081,0.545204,-0.838259,0.17101,0.826744,0.535956
0.875863,-0.0489525,1.04,0.985232,-0.0960379,-0.141759,-0.00862081,0.799026,-0.601235,0.17101,0.593578,0.786397
0.875863,-0.0426979,0.902527,0.985232,-0.0417618,-0.166056,-0.00862081,0.956473,-0.291693,0.17101,0.288817,0.941987
0.875863,0.0101983,0.775484,0.985232,0.0175514,-0.170325,-0.00862081,0.998556,0.053031,0.17101,-0.0507795,0.98396
0.875863,0.103356,0.674194,0.985232,0.0747476,-0.154051,-0.00862081,0.920198,0.391359,0.17101,-0.384251,0.907252
0.875863,0.225539,0.610873,0.985232,0.122928,-0.119195,-0.00862081,0.73085,0.682483,0.17101,-0.671377,0.721117
0.875863,0.36201,0.593161,0.985232,0.156282,-0.0699627,-0.00862081,0.453352,0.89129,0.17101,-0.877524,0.448004
0.875863,0.496308,0.623193,0.985232,0.170785,-0.012292,-0.00862081,0.121172,0.992594,0.17101,-0.977829,0.120855
0.875863,0.612236,0.697346,0.985232,0.16469,0.0468614,-0.00862081,-0.225623,0.974177,0.17101,-0.960194,-0.220871
0.875863,0.695811,0.806677,0.985232,0.13873,0.100363,-0.00862081,-0.545204,0.838259,0.17101,-0.826744,-0.535956
0.875863,0.736953,0.937999,0.985232,0.0960379,0.141759,-0.00862081,-0.799026,0.601235,0.17101,-0.593578,-0.786397
0.875863,0.730698,1.07547,0.985232,0.0417618,0.166056,-0.00862081,-0.956473,0.291693,0.17101,-0.288817,-0.941987
0.875863,0.677802,1.20252,0.985232,-0.0175514,0.170325,-0.00862081,-0.998556,-0.053031,0.17101,0.0507795,-0.98396
0.875863,0.584644,1.30381,0.985232,-0.0747476,0.154051,-0.00862081,-0.920198,-0.391359,0.17101,0.384251,-0.907252
0.875863,0.462461,1.36713,0.985232,-0.122928,0.119195,-0.00862081,-0.73085,-0.682483,0.17101,0.671377,-0.721117
0.875863,0.32599,1.38484,0.985232,-0.156282,0.0699627,-0.00862081,-0.453352,-0.89129,0.17101,0.877524,-0.448004
0.875863,0.191692,1.35481,0.985232,-0.170785,0.012292,-0.00862081,-0.121172,-0.992594,0.17101,0.977829,-0.120855
0.875863,0.0757635,1.28065,0.985232,-0.16469,-0.0468614,-0.00862081,0.225623,-0.974177,0.17101,0.960194,0.220871
0.875863,-0.0078113,1.17132,0.985232,-0.13873,-0.100363,-0.00862081,0.545204,-0.838259,0.17101,0.826744,0.535956
0.749059,0.0564694,1.13633,0.900555,-0.430771,0.0586298,0.292759,0.501201,-0.814303,0.321393,0.750489,0.577471
0.749059,0.0234208,1.0291,0.900555,-0.424845,-0.0922383,0.292759,0.749483,-0.593774,0.321393,0.507722,0.799328
0.749059,0.0290388,0.917038,0.900555,-0.367676,-0.231981,0.292759,0.907366,-0.301626,0.321393,0.203717,0.924774
0.749059,0.0726458,0.813655,0.900555,-0.26616,-0.343744,0.292759,0.955808,0.0269015,0.321393,-0.12486,0.938678
0.749059,0.148982,0.731421,0.900555,-0.132542,-0.414046,0.292759,0.888965,0.352185,0.321393,-0.438377,0.839364
0.749059,0.24884,0.680255,0.900555,0.0170635,-0.434407,0.292759,0.714899,0.634989,0.321393,-0.699019,0.638811
0.749059,0.360176,0.666328,0.900555,0.164611,-0.402373,0.292759,0.454607,0.841205,0.321393,-0.875349,0.361207
0.749059,0.469561,0.69132,0.900555,0.292303,-0.321807,0.292759,0.139482,0.945958,0.321393,-0.946099,0.0400364
0.749059,0.563802,0.752217,0.900555,0.38474,-0.202426,0.292759,-0.192467,0.936616,0.321393,-0.902736,-0.285963
0.749059,0.631531,0.841673,0.900555,0.430771,-0.0586298,0.292759,-0.501201,0.814303,0.321393,-0.750489,-0.577471
0.749059,0.664579,0.948899,0.900555,0.424845,0.0922383,0.292759,-0.749483,0.593774,0.321393,-0.507722,-0.799328
0.749059,0.658961,1.06096,0.900555,0.367676,0.231981,0.292759,-0.907366,0.301626,0.321393,-0.203717,-0.924774
0.749059,0.615354,1.16435,0.900555,0.26616,0.343744,0.292759,-0.955808,-0.0269015,0.321393,0.12486,-0.938678
0.749059,0.539018,1.24658,0.900555,0.132542,0.414046,0.292759,-0.888965,-0.352185,0.321393,0.438377,-0.839364
0.749059,0.43916,1.29775,0.900555,-0.0170635,0.434407,0.292759,-0.714899,-0.634989,0.321393,0.699019,-0.638811
0.749059,0.327824,1.31167,0.900555,-0.164611,0.402373,0.292759,-0.454607,-0.841205,0.321393,0.875349,-0.361207
0.749059,0.218439,1.28668,0.900555,-0.292303,0.321807,0.292759,-0.139482,-0.945958,0.321393,0.946099,-0.0400364
0.749059,0.124198,1.22578,0.900555,-0.38474,0.202426,0.292759,0.192467,-0.936616,0.321393,0.902736,0.285963
0.749059,0.0564694,1.13633,0.900555,-0.430771,0.0586298,0.292759,0.501201,-0.814303,0.321393,0.750489,0.577471
0.654934,0.154964,1.0827,0.707258,-0.679763,0.194186,0.558827,0.369321,-0.742505,0.433011,0.633659,0.641076
0.654934,0.134315,1.0124,0.707258,-0.705184,-0.0500175,0.558827,0.601,-0.571411,0.433011,0.376184,0.819138
0.654934,0.138958,0.939272,0.707258,-0.645549,-0.288188,0.558827,0.76019,-0.331397,0.433011,0.0733355,0.898401
0.654934,0.168331,0.872142,0.707258,-0.508052,-0.491599,0.558827,0.827689,-0.051411,0.433011,-0.238358,0.869303
0.654934,0.218893,0.819108,0.707258,-0.309276,-0.635716,0.558827,0.795357,0.234776,0.433011,-0.521303,0.735354
0.654934,0.284545,0.786564,0.707258,-0.0731963,-0.703156,0.558827,0.667093,0.492645,0.433011,-0.74137,0.512711
0.654934,0.357367,0.778438,0.707258,0.171712,-0.685785,0.558827,0.458368,0.691094,0.433011,-0.872017,0.228227
0.654934,0.428578,0.795708,0.707258,0.395908,-0.585699,0.558827,0.194357,0.806187,0.433011,-0.897486,-0.0837842
0.654934,0.489587,0.836292,0.707258,0.572353,-0.414968,0.558827,-0.0930967,0.824042,0.433011,-0.814706,-0.38569
0.654934,0.533036,0.895295,0.707258,0.679763,-0.194186,0.558827,-0.369321,0.742505,0.433011,-0.633659,-0.641076
0.654934,0.553685,0.965601,0.707258,0.705184,0.0500175,0.558827,-0.601,0.571411,0.433011,-0.376184,-0.819138
0.654934,0.549042,1.03873,0.707258,0.645549,0.288188,0.558827,-0.76019,0.331397,0.433011,-0.0733355,-0.898401
0.654934,0.519669,1.10586,0.707258,0.508052,0.491599,0.558827,-0.827689,0.051411,0.433011,0.238358,-0.869303
0.654934,0.469107,1.15889,0.707258,0.309276,0.635716,0.558827,-0.795357,-0.234776,0.433011,0.521303,-0.735354
0.654934,0.403455,1.19144,0.707258,0.0731963,0.703156,0.558827,-0.667093,-0.492645,0.433011,0.74137,-0.512711
0.654934,0.330633,1.19956,0.707258,-0.171712,0.685785,0.558827,-0.458368,-0.691094,0.433011,0.872017,-0.228227
0.654934,0.259422,1.18229,0.707258,-0.395908,0.585699,0.558827,-0.194357,-0.806187,0.433011,0.897486,0.0837842
