0.658953,0.231576,0.861148,0.308961,0.166367,0.936411,0.951075,-0.0540415,-0.304198,-3.49349e-06,0.984582,-0.174925
0.907818,0.131356,0.565701,0.92986,0.24632,-0.27329,-0.179072,0.951892,0.248667,0.321394,-0.182287,0.929235
0.907818,0.238333,0.473604,0.92986,0.324936,-0.172562,-0.179072,0.809436,0.559237,0.321394,-0.489111,0.810849
0.907818,0.370357,0.423649,0.92986,0.36436,-0.0510207,-0.179072,0.569351,0.802354,0.321394,-0.73694,0.594663
0.907818,0.511505,0.421861,0.92986,0.359836,0.0766747,-0.179072,0.260594,0.948696,0.321394,-0.895884,0.306752
0.907818,0.644752,0.468457,0.92986,0.311911,0.195122,-0.179072,-0.0795953,0.980611,0.321394,-0.946771,-0.0181577
0.907818,0.754027,0.557816,0.92986,0.226365,0.290035,-0.179072,-0.410184,0.89425,0.321394,-0.883464,-0.340878
0.907818,0.826149,0.67916,0.92986,0.113516,0.349965,-0.179072,-0.691298,0.700029,0.321394,-0.713597,-0.622482
0.907818,0.85242,0.817853,0.92986,-0.0130249,0.367684,-0.179072,-0.889032,0.421374,0.321394,-0.457661,-0.829007
0.907818,0.82967,0.957167,0.92986,-0.137995,0.341055,-0.179072,-0.979535,0.0918953,0.321394,-0.146523,-0.935541
0.907818,0.760644,1.0803,0.92986,-0.24632,0.27329,-0.179072,-0.951892,-0.248667,0.321394,0.182287,-0.929235
0.907818,0.653667,1.1724,0.92986,-0.324936,0.172562,-0.179072,-0.809436,-0.559237,0.321394,0.489111,-0.810849
0.907818,0.521643,1.22235,0.92986,-0.36436,0.0510207,-0.179072,-0.569351,-0.802354,0.321394,0.73694,-0.594663
0.907818,0.380495,1.22414,0.92986,-0.359836,-0.0766747,-0.179072,-0.260594,-0.948696,0.321394,0.895884,-0.306752
0.907818,0.247248,1.17754,0.92986,-0.311911,-0.195122,-0.179072,0.0795953,-0.980611,0.321394,0.946771,0.0181577
0.907818,0.137973,1.08818,0.92986,-0.226365,-0.290035,-0.179072,0.410184,-0.89425,0.321394,0.883464,0.340878
0.907818,0.0658509,0.96684,0.92986,-0.113516,-0.349965,-0.179072,0.691298,-0.700029,0.321394,0.713597,0.622482
0.907818,0.0395804,0.828147,0.92986,0.0130249,-0.367684,-0.179072,0.889032,-0.421374,0.321394,0.457661,0.829007
0.907818,0.06233,0.688833,0.92986,0.137995,-0.341055,-0.179072,0.979535,-0.0918953,0.321394,0.146523,0.935541
0.907818,0.131356,0.565701,0.92986,0.24632,-0.27329,-0.179072,0.951892,0.248667,0.321394,-0.182287,0.929235
0.809114,0.141321,0.621789,0.796489,0.193073,-0.572999,-0.0275851,0.958266,0.284545,0.604023,-0.210831,0.768575
0.809114,0.228513,0.529717,0.796489,0.377406,-0.472408,-0.0275851,0.803155,0.595131,0.604023,-0.460984,0.650115
0.809114,0.341938,0.473019,0.796489,0.516219,-0.314838,-0.0275851,0.551172,0.833935,0.604023,-0.655536,0.453243
0.809114,0.467914,0.458534,0.796489,0.592768,-0.119293,-0.0275851,0.23271,0.972155,0.604023,-0.77102,0.201703
0.809114,0.591247,0.48801,0.796489,0.59782,0.0906393,-0.0275851,-0.113821,0.993118,0.604023,-0.793509,-0.0741661
0.809114,0.697061,0.557889,0.796489,0.530767,0.28964,-0.0275851,-0.446623,0.894297,0.604023,-0.720288,-0.341089
0.809114,0.772594,0.659746,0.796489,0.399695,0.453705,-0.0275851,-0.725556,0.68761,0.604023,-0.56019,-0.566872
0.809114,0.808734,0.781293,0.796489,0.220414,0.563047,-0.0275851,-0.916976,0.397987,0.604023,-0.332525,-0.724282
0.809114,0.801123,0.90787,0.796489,0.0145481,0.604477,-0.0275851,-0.997795,0.0603616,0.604023,-0.0647519,-0.794332
0.809114,0.750679,1.02421,0.796489,-0.193073,0.572999,-0.0275851,-0.958266,-0.284545,0.604023,0.210831,-0.768575
0.809114,0.663487,1.11628,0.796489,-0.377406,0.472408,-0.0275851,-0.803155,-0.595131,0.604023,0.460984,-0.650115
0.809114,0.550062,1.17298,0.796489,-0.516219,0.314838,-0.0275851,-0.551172,-0.833935,0.604023,0.655536,-0.453243
0.809114,0.424086,1.18747,0.796489,-0.592768,0.119293,-0.0275851,-0.23271,-0.972155,0.604023,0.77102,-0.201703
0.809114,0.300753,1.15799,0.796489,-0.59782,-0.0906393,-0.0275851,0.113821,-0.993118,0.604023,0.793509,0.0741661
0.809114,0.194939,1.08811,0.796489,-0.530767,-0.28964,-0.0275851,0.446623,-0.894297,0.604023,0.720288,0.341089
0.809114,0.119406,0.986254,0.796489,-0.399695,-0.453705,-0.0275851,0.725556,-0.68761,0.604023,0.56019,0.566872
0.809114,0.0832661,0.864707,0.796489,-0.220414,-0.563047,-0.0275851,0.916976,-0.397987,0.604023,0.332525,0.724282
0.809114,0.0908769,0.73813,0.796489,-0.0145481,-0.604477,-0.0275851,0.997795,-0.0603616,0.604023,0.0647519,0.794332
0.809114,0.141321,0.621789,0.796489,0.193073,-0.572999,-0.0275851,0.958266,0.284545,0.604023,-0.210831,0.768575
0.735846,0.15659,0.707732,0.567051,0.151016,-0.809721,0.127229,0.955192,0.267246,0.813797,-0.254562,0.522429
0.735846,0.213467,0.615699,0.567051,0.418849,-0.709238,0.127229,0.806184,0.577824,0.813797,-0.417891,0.403857
0.735846,0.298392,0.54867,0.567051,0.636163,-0.523211,0.127229,0.559938,0.818708,0.813797,-0.530817,0.236575
0.735846,0.40112,0.514729,0.567051,0.776746,-0.274077,0.127229,0.246155,0.960844,0.813797,-0.579718,0.0407574
0.735846,0.509261,0.51797,0.567051,0.823643,0.00811473,0.127229,-0.0973182,0.987088,0.813797,-0.558697,-0.159976
0.735846,0.609773,0.558003,0.567051,0.771196,0.289328,0.127229,-0.429053,0.894274,0.813797,-0.470288,-0.341414
0.735846,0.69053,0.629997,0.567051,0.625731,0.535644,0.127229,-0.709038,0.693598,0.813797,-0.325156,-0.481672
0.735846,0.741794,0.725271,0.567051,0.404794,0.717353,0.127229,-0.903502,0.409264,0.813797,-0.140805,-0.563833
0.735846,0.757381,0.832333,0.567051,0.135033,0.812539,0.127229,-0.988991,0.0755662,0.813797,0.0605288,-0.577988
0.735846,0.73541,0.938268,0.567051,-0.151016,0.809721,0.127229,-0.955192,-0.267246,0.813797,0.254562,-0.522429
0.735846,0.678533,1.0303,0.567051,-0.418849,0.709238,0.127229,-0.806184,-0.577824,0.813797,0.417891,-0.403857
0.735846,0.593608,1.09733,0.567051,-0.636163,0.523211,0.127229,-0.559938,-0.818708,0.813797,0.530817,-0.236575
0.735846,0.49088,1.13127,0.567051,-0.776746,0.274077,0.127229,-0.246155,-0.960844,0.813797,0.579718,-0.0407574
0.735846,0.382739,1.12803,0.567051,-0.823643,-0.00811473,0.127229,0.0973182,-0.987088,0.813797,0.558697,0.159976
0.735846,0.282227,1.088,0.567051,-0.771196,-0.289328,0.127229,0.429053,-0.894274,0.813797,0.470288,0.341414
0.735846,0.20147,1.016,0.567051,-0.625731,-0.535644,0.127229,0.709038,-0.693598,0.813797,0.325156,0.481672
0.735846,0.150206,0.920729,0.567051,-0.404794,-0.717353,0.127229,0.903502,-0.409264,0.813797,0.140805,0.563833
0.735846,0.134619,0.813667,0.567051,-0.135033,-0.812539,0.127229,0.988991,-0.0755662,0.813797,-0.0605288,0.577988
0.735846,0.15659,0.707732,0.567051,0.151016,-0.809721,0.127229,0.955192,0.267246,0.813797,-0.254562,0.522429
0.696852,0.175321,0.813164,0.269218,0.125222,-0.954904,0.266698,0.943042,0.198857,0.925416,-0.308207,0.220487
0.696852,0.195009,0.72118,0.269218,0.444266,-0.854488,0.266698,0.818157,0.509404,0.925416,-0.365031,0.101778
0.696852,0.24497,0.641477,0.269218,0.709726,-0.651008,0.266698,0.59459,0.758509,0.925416,-0.377826,-0.0292082
0.696852,0.319179,0.583668,0.269218,0.889582,-0.369007,0.266698,0.299306,0.916127,0.925416,-0.345051,-0.156671
0.696852,0.408683,0.554726,0.269218,0.962141,-0.0424982,0.266698,-0.032078,0.963246,0.925416,-0.270657,-0.265237
0.696852,0.502689,0.558142,0.269218,0.918652,0.289136,0.266698,-0.359593,0.894184,0.925416,-0.163618,-0.341811
0.696852,0.589857,0.593503,0.269218,0.76436,0.585897,0.266698,-0.643736,0.71727,0.925416,-0.0368444,-0.377158
0.696852,0.659674,0.656546,0.269218,0.517875,0.81199,0.266698,-0.850235,0.453843,0.925416,0.0943734,-0.367014
0.696852,0.703719,0.739665,0.269218,0.208927,0.940144,0.266698,-0.954183,0.135675,0.925416,0.214208,-0.312603
0.696852,0.716679,0.832836,0.269218,-0.125222,0.954904,0.266698,-0.943042,-0.198857,0.925416,0.308207,-0.220487
0.696852,0.696991,0.92482,0.269218,-0.444266,0.854488,0.266698,-0.818157,-0.509404,0.925416,0.365031,-0.101778
0.696852,0.64703,1.00452,0.269218,-0.709726,0.651008,0.266698,-0.59459,-0.758509,0.925416,0.377826,0.0292082
0.696852,0.572821,1.06233,0.269218,-0.889582,0.369007,0.266698,-0.299306,-0.916127,0.925416,0.345051,0.156671
0.696852,0.483317,1.09127,0.269218,-0.962141,0.0424982,0.266698,0.032078,-0.963246,0.925416,0.270657,0.265237
0.696852,0.389311,1.08786,0.269218,-0.918652,-0.289136,0.266698,0.359593,-0.894184,0.925416,0.163618,0.341811
0.696852,0.302143,1.0525,0.269218,-0.76436,-0.585897,0.266698,0.643736,-0.71727,0.925416,0.0368444,0.377158
0.696852,0.232326,0.989454,0.269218,-0.517875,-0.81199,0.266698,0.850235,-0.453843,0.925416,-0.0943734,0.367014
0.696852,0.188281,0.906335,0.269218,-0.208927,-0.940144,0.266698,0.954183,-0.135675,0.925416,-0.214208,0.312603
0.696852,0.175321,0.813164,0.269218,0.125222,-0.954904,0.266698,0.943042,0.198857,0.925416,-0.308207,0.220487
0.696834,0.195256,0.92537,-0.061087,0.118802,-0.991037,0.373999,0.92328,0.0876264,0.925415,-0.365294,-0.100832
0.696834,0.175366,0.833437,-0.061087,0.450592,-0.890638,0.373999,0.83763,0.398122,0.925415,-0.308777,-0.219689
0.696834,0.188117,0.740245,-0.061087,0.728034,-0.682814,0.373999,0.650949,0.660599,0.925415,-0.215018,-0.312048
0.696834,0.231973,0.657035,-0.061087,0.917664,-0.392633,0.373999,0.385753,0.843397,0.925415,-0.0953236,-0.36677
0.696834,0.301644,0.593842,-0.061087,0.996611,-0.0550947,0.373999,0.0740308,0.92447,0.925415,0.0358678,-0.377254
0.696834,0.388726,0.558289,-0.061087,0.955351,0.289089,0.373999,-0.246621,0.894037,0.925415,0.162733,-0.342235
0.696834,0.482717,0.554665,-0.061087,0.798862,0.598404,0.373999,-0.537527,0.755771,0.925415,0.26997,-0.265938
0.696834,0.572279,0.583405,-0.061087,0.546019,0.835543,0.373999,-0.763599,0.526347,0.925415,0.344645,-0.157564
0.696834,0.646609,0.641044,-0.061087,0.227317,0.971903,0.373999,-0.89757,0.233439,0.925415,0.377751,-0.0301865
0.696834,0.696744,0.72063,-0.061087,-0.118802,0.991037,0.373999,-0.92328,-0.0876264,0.925415,0.365294,0.100832
0.696834,0.716634,0.812563,-0.061087,-0.450592,0.890638,0.373999,-0.83763,-0.398122,0.925415,0.308777,0.219689
0.696834,0.703883,0.905755,-0.061087,-0.728034,0.682814,0.373999,-0.650949,-0.660599,0.925415,0.215018,0.312048
0.696834,0.660027,0.988965,-0.061087,-0.917664,0.392633,0.373999,-0.385753,-0.843397,0.925415,0.0953236,0.36677
0.696834,0.590356,1.05216,-0.061087,-0.996611,0.0550947,0.373999,-0.0740308,-0.92447,0.925415,-0.0358678,0.377254
0.696834,0.503274,1.08771,-0.061087,-0.955351,-0.289089,0.373999,0.246621,-0.894037,0.925415,-0.162733,0.342235
0.696834,0.409283,1.09134,-0.061087,-0.798862,-0.598404,0.373999,0.537527,-0.755771,0.925415,-0.26997,0.265938
0.696834,0.319721,1.06259,-0.061087,-0.546019,-0.835543,0.373999,0.763599,-0.526347,0.925415,-0.344645,0.157564
0.696834,0.245391,1.00496,-0.061087,-0.227317,-0.971903,0.373999,0.89757,-0.233439,0.925415,-0.377751,0.0301865
0.696834,0.195256,0.92537,-0.061087,0.118802,-0.991037,0.373999,0.92328,0.0876264,0.925415,-0.365294,-0.100832
0.735794,0.21399,1.03081,-0.384024,0.132531,-0.913762,0.43619,0.898291,-0.0530291,0.813796,-0.418938,-0.402774
0.735794,0.156905,0.93893,-0.384024,0.437063,-0.813327,0.43619,0.862254,0.257402,0.813796,-0.255916,-0.521769
0.735794,0.13469,0.833062,-0.384024,0.68888,-0.614793,0.43619,0.722217,0.536788,0.813796,-0.0620273,-0.577831
0.735794,0.150022,0.725981,-0.384024,0.857607,-0.342106,0.43619,0.49507,0.751428,0.813796,0.139343,-0.564198
0.735794,0.201054,0.630602,-0.384024,0.922894,-0.0281556,0.43619,0.20821,0.875435,0.813796,0.323907,-0.482515
0.735794,0.28163,0.558428,-0.384024,0.876866,0.289191,0.43619,-0.103763,0.893852,0.813796,0.469403,-0.342633
0.735794,0.382032,0.518166,-0.384024,0.725076,0.571656,0.43619,-0.403221,0.804457,0.813796,0.558281,-0.161424
0.735794,0.490149,0.514672,-0.384024,0.48583,0.785172,0.43619,-0.654044,0.618033,0.813796,0.579823,0.0392543
0.735794,0.592941,0.548366,-0.384024,0.187987,0.903984,0.43619,-0.82598,0.357065,0.813796,0.53143,0.235198
0.735794,0.67801,0.615185,-0.384024,-0.132531,0.913762,0.43619,-0.898291,0.0530291,0.813796,0.418938,0.402774
0.735794,0.735095,0.70707,-0.384024,-0.437063,0.813327,0.43619,-0.862254,-0.257402,0.813796,0.255916,0.521769
0.735794,0.75731,0.812938,-0.384024,-0.68888,0.614793,0.43619,-0.722217,-0.536788,0.813796,0.0620273,0.577831
0.735794,0.741978,0.920019,-0.384024,-0.857607,0.342106,0.43619,-0.49507,-0.751428,0.813796,-0.139343,0.564198
0.735794,0.690946,1.0154,-0.384024,-0.922894,0.0281556,0.43619,-0.20821,-0.875435,0.813796,-0.323907,0.482515
0.735794,0.61037,1.08757,-0.384024,-0.876866,-0.289191,0.43619,0.103763,-0.893852,0.813796,-0.469403,0.342633
0.735794,0.509968,1.12783,-0.384024,-0.725076,-0.571656,0.43619,0.403221,-0.804457,0.813796,-0.558281,0.161424
0.735794,0.401851,1.13133,-0.384024,-0.48583,-0.785172,0.43619,0.654044,-0.618033,0.813796,-0.579823,-0.0392543
0.735794,0.299059,1.09763,-0.384024,-0.187987,-0.903984,0.43619,0.82598,-0.357065,0.813796,-0.53143,-0.235198
0.735794,0.21399,1.03081,-0.384024,0.132531,-0.913762,0.43619,0.898291,-0.0530291,0.813796,-0.418938,-0.402774
0.809034,0.229263,1.11678,-0.660642,0.164753,-0.732399,0.44577,0.871087,-0.206145,0.604021,-0.46267,-0.648919
0.809034,0.141855,1.02494,-0.660642,0.405312,-0.631882,0.44577,0.88906,0.104217,0.604021,-0.212824,-0.768026
0.809034,0.0911316,0.908733,-0.660642,0.596985,-0.45515,0.44577,0.799799,0.402008,0.604021,0.0626914,-0.794499
0.809034,0.0832102,0.782191,-0.660642,0.716653,-0.22352,0.44577,0.61407,0.651312,0.604021,0.330645,-0.725143
0.809034,0.119047,0.660571,-0.660642,0.749882,0.03507,0.44577,0.354276,0.822057,0.604021,0.558718,-0.568324
0.809034,0.194318,0.558542,-0.660642,0.692664,0.28943,0.44577,0.0517501,0.89365,0.604021,0.719402,-0.342957
0.809034,0.299947,0.48841,-0.660642,0.5519,0.50888,0.44577,-0.257017,0.857456,0.604021,0.793315,-0.0762243
0.809034,0.423191,0.458635,-0.660642,0.344569,0.666952,0.44577,-0.534784,0.71784,0.604021,0.771542,0.199702
0.809034,0.549187,0.472808,-0.660642,0.0956784,0.744579,0.44577,-0.748049,0.491642,0.604021,0.65671,0.451542
0.809034,0.662737,0.529219,-0.660642,-0.164753,0.732399,0.44577,-0.871087,0.206145,0.604021,0.46267,0.648919
0.809034,0.750145,0.621065,-0.660642,-0.405312,0.631882,0.44577,-0.88906,-0.104217,0.604021,0.212824,0.768026
0.809034,0.800868,0.737267,-0.660642,-0.596985,0.45515,0.44577,-0.799799,-0.402008,0.604021,-0.0626914,0.794499
0.809034,0.80879,0.863809,-0.660642,-0.716653,0.22352,0.44577,-0.61407,-0.651312,0.604021,-0.330645,0.725143
0.809034,0.772953,0.985429,-0.660642,-0.749882,-0.03507,0.44577,-0.354276,-0.822057,0.604021,-0.558718,0.568324
0.809034,0.697682,1.08746,-0.660642,-0.692664,-0.28943,0.44577,-0.0517501,-0.89365,0.604021,-0.719402,0.342957
0.809034,0.592053,1.15759,-0.660642,-0.5519,-0.50888,0.44577,0.257017,-0.857456,0.604021,-0.793315,0.0762243
0.809034,0.468809,1.18736,-0.660642,-0.344569,-0.666952,0.44577,0.534784,-0.71784,0.604021,-0.771542,-0.199702
0.809034,0.342813,1.17319,-0.660642,-0.0956784,-0.744579,0.44577,0.748049,-0.491642,0.604021,-0.65671,-0.451542
0.809034,0.229263,1.11678,-0.660642,0.164753,-0.732399,0.44577,0.871087,-0.206145,0.604021,-0.46267,-0.648919
0.90772,0.239234,1.1729,-0.857576,0.211581,-0.468824,0.401584,0.844952,-0.353252,0.321392,-0.491213,-0.809578
0.90772,0.132031,1.08108,-0.857576,0.359168,-0.368186,0.401584,0.914814,-0.0429581,0.321392,-0.184697,-0.928759
0.90772,0.0626972,0.958131,-0.857576,0.463435,-0.223139,0.401584,0.874337,0.272517,0.321392,0.144096,-0.935918
0.90772,0.0395956,0.818884,-0.857576,0.511804,-0.0511777,0.401584,0.728401,0.555123,0.321392,0.455509,-0.830192
0.90772,0.0655124,0.680134,-0.857576,0.498442,0.126956,0.401584,0.49461,0.770773,0.321392,0.71198,-0.624332
0.90772,0.137322,0.558616,-0.857576,0.424961,0.289777,0.401584,0.201161,0.893457,0.321392,0.882577,-0.343169
0.90772,0.246362,0.468986,-0.857576,0.300223,0.417647,0.401584,-0.11655,0.908376,0.321392,0.946722,-0.020614
0.90772,0.379482,0.422055,-0.857576,0.139274,0.495142,0.401584,-0.420204,0.813731,0.321392,0.896678,0.304427
0.90772,0.520624,0.423484,-0.857576,-0.0384737,0.512916,0.401584,-0.673175,0.620939,0.321392,0.738481,0.59275
0.90772,0.652766,0.473101,-0.857576,-0.211581,0.468824,0.401584,-0.844952,0.353252,0.321392,0.491213,0.809578
0.90772,0.759969,0.564921,-0.857576,-0.359168,0.368186,0.401584,-0.914814,0.0429581,0.321392,0.184697,0.928759
0.90772,0.829303,0.687869,-0.857576,-0.463435,0.223139,0.401584,-0.874337,-0.272517,0.321392,-0.144096,0.935918
0.90772,0.852404,0.827116,-0.857576,-0.511804,0.0511777,0.401584,-0.728401,-0.555123,0.321392,-0.455509,0.830192
0.90772,0.826488,0.965866,-0.857576,-0.498442,-0.126956,0.401584,-0.49461,-0.770773,0.321392,-0.71198,0.624332
0.90772,0.754678,1.08738,-0.857576,-0.424961,-0.289777,0.401584,-0.201161,-0.893457,0.321392,-0.882577,0.343169
0.90772,0.645638,1.17701,-0.857576,-0.300223,-0.417647,0.401584,0.11655,-0.908376,0.321392,-0.946722,0.020614
0.90772,0.512518,1.22394,-0.857576,-0.139274,-0.495142,0.401584,0.420204,-0.813731,0.321392,-0.896678,-0.304427
0.90772,0.371376,1.22252,-0.857576,0.0384737,-0.512916,0.401584,0.673175,-0.620939,0.321392,-0.738481,-0.59275
0.90772,0.239234,1.1729,-0.857576,0.211581,-0.468824,0.401584,0.844952,-0.353252,0.321392,-0.491213,-0.809578
0.883612,0.245946,0.477797,0.961642,0.208772,-0.17793,-0.0812368,0.836305,0.542213,0.262003,-0.50696,0.821186
0.883612,0.376077,0.430193,0.961642,0.257037,-0.0957957,-0.0812368,0.600422,0.795547,0.262003,-0.757249,0.598271
0.883612,0.514642,0.429967,0.961642,0.2743,-0.00210665,-0.0812368,0.292119,0.952926,0.262003,-0.916202,0.303197
0.883612,0.644927,0.477147,0.961642,0.258478,0.0918365,-0.0812368,-0.051418,0.995368,0.262003,-0.964648,-0.0284478
0.883612,0.751219,0.566041,0.961642,0.21148,0.174703,-0.0812368,-0.388753,0.917754,0.262003,-0.896743,-0.356661
0.883612,0.820697,0.685929,0.961642,0.138974,0.236497,-0.0812368,-0.679198,0.729445,0.262003,-0.720677,-0.641856
0.883612,0.844981,0.822349,0.961642,0.0497063,0.269767,-0.0812368,-0.887723,0.453155,0.262003,-0.457687,-0.849633
0.883612,0.821142,0.958848,0.961642,-0.0455571,0.270499,-0.0812368,-0.989174,0.122207,0.262003,-0.139494,-0.954932
0.883612,0.752056,1.07896,0.961642,-0.135326,0.238604,-0.0812368,-0.971317,-0.223481,0.262003,0.195525,-0.945053
0.883612,0.646054,1.1682,0.961642,-0.208772,0.17793,-0.0812368,-0.836305,-0.542213,0.262003,0.50696,-0.821186
0.883612,0.515923,1.21581,0.961642,-0.257037,0.0957957,-0.0812368,-0.600422,-0.795547,0.262003,0.757249,-0.598271
0.883612,0.377358,1.21603,0.961642,-0.2743,0.00210665,-0.0812368,-0.292119,-0.952926,0.262003,0.916202,-0.303197
0.883612,0.247073,1.16885,0.961642,-0.258478,-0.0918365,-0.0812368,0.051418,-0.995368,0.262003,0.964648,0.0284478
0.883612,0.140781,1.07996,0.961642,-0.21148,-0.174703,-0.0812368,0.388753,-0.917754,0.262003,0.896743,0.356661
0.883612,0.0713026,0.960071,0.961642,-0.138974,-0.236497,-0.0812368,0.679198,-0.729445,0.262003,0.720677,0.641856
0.883612,0.0470186,0.823651,0.961642,-0.0497063,-0.269767,-0.0812368,0.887723,-0.453155,0.262003,0.457687,0.849633
0.883612,0.0708576,0.687152,0.961642,0.0455571,-0.270499,-0.0812368,0.989174,-0.122207,0.262003,0.139494,0.954932
0.883612,0.139944,0.567038,0.961642,0.135326,-0.238604,-0.0812368,0.971317,0.223481,0.262003,-0.195525,0.945053
0.883612,0.245946,0.477797,0.961642,0.208772,-0.17793,-0.0812368,0.836305,0.542213,0.262003,-0.50696,0.821186
0.763622,0.25806,0.545985,0.856221,0.152702,-0.493526,0.156285,0.83399,0.529184,0.492403,-0.530229,0.690214
0.763622,0.364139,0.498412,0.856221,0.312288,-0.411536,0.156285,0.602703,0.782512,0.492403,-0.73432,0.46724
0.763622,0.480092,0.489989,0.856221,0.434209,-0.279909,0.156285,0.29872,0.941457,0.492403,-0.84984,0.18791
0.763622,0.591933,0.521732,0.856221,0.503757,-0.11452,0.156285,-0.0412919,0.986848,0.492403,-0.862858,-0.114085
0.763622,0.686172,0.589812,0.856221,0.512545,0.0646817,0.156285,-0.376324,0.913212,0.492403,-0.771802,-0.40232
0.763622,0.751442,0.686019,0.856221,0.459512,0.236082,0.156285,-0.665965,0.729428,0.492403,-0.587655,-0.642028
0.763622,0.779872,0.798747,0.856221,0.351056,0.379007,0.156285,-0.875282,0.457664,0.492403,-0.332628,-0.804299
0.763622,0.768032,0.914401,0.856221,0.200257,0.476218,0.156285,-0.979026,0.1307,0.492403,-0.037482,-0.86956
0.763622,0.71735,1.01903,0.856221,0.0253035,0.51599,0.156285,-0.964686,-0.212029,0.492403,0.262185,-0.829938
0.763622,0.63394,1.10002,0.856221,-0.152702,0.493526,0.156285,-0.83399,-0.529184,0.492403,0.530229,-0.690214
0.763622,0.527861,1.14759,0.856221,-0.312288,0.411536,0.156285,-0.602703,-0.782512,0.492403,0.73432,-0.46724
0.763622,0.411908,1.15601,0.856221,-0.434209,0.279909,0.156285,-0.29872,-0.941457,0.492403,0.84984,-0.18791
0.763622,0.300067,1.12427,0.856221,-0.503757,0.11452,0.156285,0.0412919,-0.986848,0.492403,0.862858,0.114085
0.763622,0.205828,1.05619,0.856221,-0.512545,-0.0646817,0.156285,0.376324,-0.913212,0.492403,0.771802,0.40232
0.763622,0.140558,0.959981,0.856221,-0.459512,-0.236082,0.156285,0.665965,-0.729428,0.492403,0.587655,0.642028
0.763622,0.112128,0.847253,0.856221,-0.351056,-0.379007,0.156285,0.875282,-0.457664,0.492403,0.332628,0.804299
0.763622,0.123968,0.731599,0.856221,-0.200257,-0.476218,0.156285,0.979026,-0.1307,0.492403,0.037482,0.86956
0.763622,0.17465,0.62697,0.856221,-0.0253035,-0.51599,0.156285,0.964686,0.212029,0.492403,-0.262185,0.829938
0.763622,0.25806,0.545985,0.856221,0.152702,-0.493526,0.156285,0.83399,0.529184,0.492403,-0.530229,0.690214
0.674556,0.276623,0.650466,0.647527,0.10632,-0.75459,0.374957,0.817604,0.436956,0.663413,-0.565879,0.489555
0.674556,0.345848,0.602941,0.647527,0.357993,-0.672719,0.374957,0.618849,0.690241,0.663413,-0.69919,0.266489
0.674556,0.427152,0.581958,0.647527,0.566486,-0.509708,0.374957,0.345451,0.860273,0.663413,-0.748169,0.0112807
0.674556,0.51073,0.590048,0.647527,0.706654,-0.285219,0.374957,0.0303872,0.926544,0.663413,-0.706907,-0.245288
0.674556,0.586501,0.626236,0.647527,0.761588,-0.0263286,0.374957,-0.288342,0.881059,0.663413,-0.580382,-0.472272
0.674556,0.645325,0.686156,0.647527,0.724663,0.235738,0.374957,-0.572293,0.729306,0.663413,-0.383854,-0.642293
0.674556,0.680107,0.762582,0.647527,0.600334,0.46937,0.374957,-0.787217,0.489588,0.663413,-0.141027,-0.734844
0.674556,0.686653,0.846295,0.647527,0.403595,0.64639,0.374957,-0.907191,0.190818,0.663413,0.118809,-0.738761
0.674556,0.664172,0.927199,0.647527,0.158177,0.745446,0.374957,-0.917744,-0.130967,0.663413,0.364315,-0.653573
0.674556,0.615377,0.995534,0.647527,-0.10632,0.75459,0.374957,-0.817604,-0.436956,0.663413,0.565879,-0.489555
0.674556,0.546152,1.04306,0.647527,-0.357993,0.672719,0.374957,-0.618849,-0.690241,0.663413,0.69919,-0.266489
0.674556,0.464848,1.06404,0.647527,-0.566486,0.509708,0.374957,-0.345451,-0.860273,0.663413,0.748169,-0.0112807
0.674556,0.38127,1.05595,0.647527,-0.706654,0.285219,0.374957,-0.0303872,-0.926544,0.663413,0.706907,0.245288
0.674556,0.305499,1.01976,0.647527,-0.761588,0.0263286,0.374957,0.288342,-0.881059,0.663413,0.580382,0.472272
0.674556,0.246675,0.959844,0.647527,-0.724663,-0.235738,0.374957,0.572293,-0.729306,0.663413,0.383854,0.642293
0.674556,0.211893,0.883418,0.647527,-0.600334,-0.46937,0.374957,0.787217,-0.489588,0.663413,0.141027,0.734844
0.674556,0.205347,0.799705,0.647527,-0.403595,-0.64639,0.374957,0.907191,-0.190818,0.663413,-0.118809,0.738761
0.674556,0.227828,0.718801,0.647527,-0.158177,-0.745446,0.374957,0.917744,0.130967,0.663413,-0.364315,0.653573
0.674556,0.276623,0.650466,0.647527,0.10632,-0.75459,0.374957,0.817604,0.436956,0.663413,-0.565879,0.489555
0.627155,0.299395,0.778639,0.360731,0.0752209,-0.929631,0.548404,0.789124,0.276653,0.754404,-0.609611,0.24341
0.627155,0.323409,0.731172,0.360731,0.388637,-0.847841,0.548404,0.646913,0.529865,0.754404,-0.656098,0.0202317
0.627155,0.362209,0.694782,0.360731,0.655178,-0.663788,0.548404,0.426675,0.719167,0.754404,-0.62345,-0.205387
0.627155,0.411115,0.673856,0.360731,0.842695,-0.399672,0.548404,0.154974,0.821728,0.754404,-0.515605,-0.406233
0.627155,0.464229,0.670919,0.360731,0.92857,-0.0873506,0.548404,-0.13542,0.825176,0.754404,-0.34557,-0.558082
0.627155,0.515145,0.686325,0.360731,0.902446,0.235507,0.548404,-0.40948,0.729095,0.754404,-0.133855,-0.642617
0.627155,0.55772,0.718217,0.360731,0.767474,0.529959,0.548404,-0.63415,0.545075,0.754404,0.0940059,-0.649644
0.627155,0.586821,0.762746,0.360731,0.539933,0.76049,0.548404,-0.782333,0.295311,0.754404,0.310528,-0.578313
0.627155,0.598936,0.814544,0.360731,0.247268,0.899295,0.548404,-0.836155,0.00992773,0.754404,0.489596,-0.43723
0.627155,0.592605,0.867361,0.360731,-0.0752209,0.929631,0.548404,-0.789124,-0.276653,0.754404,0.609611,-0.24341
0.627155,0.568591,0.914828,0.360731,-0.388637,0.847841,0.548404,-0.646913,-0.529865,0.754404,0.656098,-0.0202317
0.627155,0.529791,0.951218,0.360731,-0.655178,0.663788,0.548404,-0.426675,-0.719167,0.754404,0.62345,0.205387
0.627155,0.480885,0.972144,0.360731,-0.842695,0.399672,0.548404,-0.154974,-0.821728,0.754404,0.515605,0.406233
0.627155,0.427771,0.975081,0.360731,-0.92857,0.0873506,0.548404,0.13542,-0.825176,0.754404,0.34557,0.558082
0.627155,0.376855,0.959675,0.360731,-0.902446,-0.235507,0.548404,0.40948,-0.729095,0.754404,0.133855,0.642617
0.627155,0.33428,0.927783,0.360731,-0.767474,-0.529959,0.548404,0.63415,-0.545075,0.754404,-0.0940059,0.649644
0.627155,0.305179,0.883254,0.360731,-0.539933,-0.76049,0.548404,0.782333,-0.295311,0.754404,-0.310528,0.578313
0.627155,0.293064,0.831456,0.360731,-0.247268,-0.899295,0.548404,0.836155,-0.00992773,0.754404,-0.489596,0.43723
0.627155,0.299395,0.778639,0.360731,0.0752209,-0.929631,0.548404,0.789124,0.276653,0.754404,-0.609611,0.24341
0.627137,0.323629,0.915045,0.0304265,0.063156,-0.99754,0.655705,0.751984,0.0676095,0.754404,-0.656149,-0.0185314
0.627137,0.299528,0.86764,0.0304265,0.400526,-0.91578,0.655705,0.68351,0.320726,0.754404,-0.61024,-0.24183
0.627137,0.293094,0.814852,0.0304265,0.689587,-0.723564,0.655705,0.532595,0.535158,0.754404,-0.490727,-0.43596
0.627137,0.305102,0.763046,0.0304265,0.895473,-0.444075,0.655705,0.317441,0.685042,0.754404,-0.312026,-0.577507
0.627137,0.334104,0.718472,0.0304265,0.993352,-0.111024,0.655705,0.0639983,0.7523,0.754404,-0.0956891,-0.649398
0.627137,0.376603,0.686505,0.0304265,0.971418,0.235418,0.655705,-0.197163,0.72882,0.754404,0.132189,-0.642962
0.627137,0.427472,0.671002,0.0304265,0.832317,0.553465,0.655705,-0.434544,0.617433,0.754404,0.344123,-0.558976
0.627137,0.480576,0.673831,0.0304265,0.592826,0.804756,0.655705,-0.619512,0.431574,0.754404,0.514551,-0.407568
0.627137,0.52951,0.694653,0.0304265,0.281831,0.958981,0.655705,-0.729758,0.193662,0.754404,0.622916,-0.207002
0.627137,0.568371,0.730955,0.0304265,-0.063156,0.99754,0.655705,-0.751984,-0.0676095,0.754404,0.656149,0.0185314
0.627137,0.592472,0.77836,0.0304265,-0.400526,0.91578,0.655705,-0.68351,-0.320726,0.754404,0.61024,0.24183
0.627137,0.598906,0.831148,0.0304265,-0.689587,0.723564,0.655705,-0.532595,-0.535158,0.754404,0.490727,0.43596
0.627137,0.586898,0.882954,0.0304265,-0.895473,0.444075,0.655705,-0.317441,-0.685042,0.754404,0.312026,0.577507
0.627137,0.557896,0.927528,0.0304265,-0.993352,0.111024,0.655705,-0.0639983,-0.7523,0.754404,0.0956891,0.649398
0.627137,0.515397,0.959495,0.0304265,-0.971418,-0.235418,0.655705,0.197163,-0.72882,0.754404,-0.132189,0.642962
0.627137,0.464528,0.974998,0.0304265,-0.832317,-0.553465,0.655705,0.434544,-0.617433,0.754404,-0.344123,0.558976
0.627137,0.411424,0.972169,0.0304265,-0.592826,-0.804756,0.655705,0.619512,-0.431574,0.754404,-0.514551,0.407568
0.627137,0.36249,0.951347,0.0304265,-0.281831,-0.958981,0.655705,0.729758,-0.193662,0.754404,-0.622916,0.207002
0.627137,0.323629,0.915045,0.0304265,0.063156,-0.99754,0.655705,0.751984,0.0676095,0.754404,-0.656149,-0.0185314
0.674504,0.346403,1.04323,-0.303548,0.0715802,-0.950124,0.683918,0.710665,-0.16496,0.663411,-0.69988,-0.264676
0.674504,0.277087,0.995884,-0.303548,0.392225,-0.868342,0.683918,0.724226,0.0880498,0.663411,-0.567147,-0.488087
0.674504,0.228144,0.927686,-0.303548,0.665561,-0.681826,0.683918,0.650435,0.33044,0.663411,-0.366009,-0.652628
0.674504,0.205477,0.846862,-0.303548,0.858621,-0.413071,0.683918,0.498192,0.532974,0.663411,-0.120724,-0.738452
0.674504,0.211821,0.763159,-0.303548,0.948119,-0.0944945,0.683918,0.28586,0.671223,0.663411,0.139122,-0.735208
0.674504,0.246411,0.686674,-0.303548,0.923259,0.23548,0.683918,0.0390484,0.728513,0.663411,0.382188,-0.643287
0.674504,0.305074,0.626632,-0.303548,0.787041,0.537052,0.683918,-0.212473,0.697934,0.663411,0.579156,-0.473776
0.674504,0.380734,0.590275,-0.303548,0.555894,0.773848,0.683918,-0.438366,0.583173,0.663411,0.70627,-0.247121
0.674504,0.464267,0.581988,-0.303548,0.257698,0.917306,0.683918,-0.611387,0.398073,0.663411,0.748197,0.00934104
0.674504,0.545597,0.60277,-0.303548,-0.0715802,0.950124,0.683918,-0.710665,0.16496,0.663411,0.69988,0.264676
0.674504,0.614913,0.650116,-0.303548,-0.392225,0.868342,0.683918,-0.724226,-0.0880498,0.663411,0.567147,0.488087
0.674504,0.663856,0.718314,-0.303548,-0.665561,0.681826,0.683918,-0.650435,-0.33044,0.663411,0.366009,0.652628
0.674504,0.686523,0.799138,-0.303548,-0.858621,0.413071,0.683918,-0.498192,-0.532974,0.663411,0.120724,0.738452
0.674504,0.680179,0.882841,-0.303548,-0.948119,0.0944945,0.683918,-0.28586,-0.671223,0.663411,-0.139122,0.735208
0.674504,0.645589,0.959326,-0.303548,-0.923259,-0.23548,0.683918,-0.0390484,-0.728513,0.663411,-0.382188,0.643287
0.674504,0.586926,1.01937,-0.303548,-0.787041,-0.537052,0.683918,0.212473,-0.697934,0.663411,-0.579156,0.473776
0.674504,0.511266,1.05573,-0.303548,-0.555894,-0.773848,0.683918,0.438366,-0.583173,0.663411,-0.70627,0.247121
0.674504,0.427733,1.06401,-0.303548,-0.257698,-0.917306,0.683918,0.611387,-0.398073,0.663411,-0.748197,-0.00934104
0.674504,0.346403,1.04323,-0.303548,0.0715802,-0.950124,0.683918,0.710665,-0.16496,0.663411,-0.69988,-0.264676
0.763543,0.36497,1.14773,-0.60091,0.0994774,-0.793102,0.629641,0.670149,-0.393005,0.492402,-0.73553,-0.465335
0.763543,0.258791,1.10044,-0.60091,0.364735,-0.711249,0.629641,0.76415,-0.140099,0.492402,-0.532018,-0.688838
0.763543,0.175193,1.01968,-0.60091,0.586,-0.543609,0.629641,0.765983,0.129704,0.492402,-0.264337,-0.829257
0.763543,0.124257,0.915193,-0.60091,0.736585,-0.310401,0.629641,0.675427,0.383864,0.492402,0.0352267,-0.869655
0.763543,0.112129,0.799591,-0.60091,0.798327,-0.0397546,0.629641,0.503404,0.591724,0.492402,0.330542,-0.80516
0.763543,0.14027,0.686812,-0.60091,0.763779,0.235687,0.629641,0.270664,0.728213,0.492402,0.585989,-0.643551
0.763543,0.205287,0.590459,-0.60091,0.637108,0.482701,0.629641,0.00527755,0.776869,0.492402,0.770757,-0.40432
0.763543,0.299338,0.522154,-0.60091,0.433592,0.671494,0.629641,-0.260745,0.731823,0.492402,0.86256,-0.116322
0.763543,0.411078,0.490136,-0.60091,0.177779,0.779295,0.629641,-0.495319,0.598508,0.492402,0.850326,0.185706
0.763543,0.52703,0.498266,-0.60091,-0.0994774,0.793102,0.629641,-0.670149,0.393005,0.492402,0.73553,0.465335
0.763543,0.633209,0.545564,-0.60091,-0.364735,0.711249,0.629641,-0.76415,0.140099,0.492402,0.532018,0.688838
0.763543,0.716807,0.626324,-0.60091,-0.586,0.543609,0.629641,-0.765983,-0.129704,0.492402,0.264337,0.829257
0.763543,0.767743,0.730807,-0.60091,-0.736585,0.310401,0.629641,-0.675427,-0.383864,0.492402,-0.0352267,0.869655
0.763543,0.779871,0.846409,-0.60091,-0.798327,0.0397546,0.629641,-0.503404,-0.591724,0.492402,-0.330542,0.80516
0.763543,0.75173,0.959188,-0.60091,-0.763779,-0.235687,0.629641,-0.270664,-0.728213,0.492402,-0.585989,0.643551
0.763543,0.686713,1.05554,-0.60091,-0.637108,-0.482701,0.629641,-0.00527755,-0.776869,0.492402,-0.770757,0.40432
0.763543,0.592662,1.12385,-0.60091,-0.433592,-0.671494,0.629641,0.260745,-0.731823,0.492402,-0.86256,0.116322
0.763543,0.480922,1.15586,-0.60091,-0.177779,-0.779295,0.629641,0.495319,-0.598508,0.492402,-0.850326,-0.185706
0.763543,0.36497,1.14773,-0.60091,0.0994774,-0.793102,0.629641,0.670149,-0.393005,0.492402,-0.73553,-0.465335
0.883514,0.37709,1.21595,-0.825794,0.143483,-0.545414,0.499419,0.635324,-0.589019,0.262001,-0.758799,-0.596305
0.883514,0.246848,1.16869,-0.825794,0.321372,-0.463448,0.499419,0.798466,-0.336203,0.262001,-0.509089,-0.819868
0.883514,0.140627,1.07972,-0.825794,0.4605,-0.325583,0.499419,0.865301,-0.0428361,0.262001,-0.197976,-0.944543
0.883514,0.0712385,0.959798,-0.825794,0.544084,-0.148447,0.499419,0.827768,0.255698,0.262001,0.137016,-0.955292
0.883514,0.0470516,0.823372,-0.825794,0.562044,0.0465929,0.499419,0.690393,0.52339,0.262001,0.455482,-0.850818
0.883514,0.0709838,0.686902,-0.825794,0.512213,0.236013,0.499419,0.469748,0.727954,0.262001,0.71901,-0.643724
0.883514,0.140148,0.566846,-0.825794,0.400601,0.396967,0.499419,0.192443,0.844717,0.262001,0.895815,-0.358986
0.883514,0.246203,0.477687,-0.825794,0.240671,0.510041,0.499419,-0.108073,0.859593,0.262001,0.964571,-0.0309502
0.883514,0.376357,0.430177,-0.825794,0.0517128,0.561596,0.499419,-0.395553,0.770791,0.262001,0.916986,0.300819
0.883514,0.51491,0.430048,-0.825794,-0.143483,0.545414,0.499419,-0.635324,0.589019,0.262001,0.758799,0.596305
0.883514,0.645152,0.477314,-0.825794,-0.321372,0.463448,0.499419,-0.798466,0.336203,0.262001,0.509089,0.819868
0.883514,0.751373,0.566276,-0.825794,-0.4605,0.325583,0.499419,-0.865301,0.0428361,0.262001,0.197976,0.944543
0.883514,0.820761,0.686202,-0.825794,-0.544084,0.148447,0.499419,-0.827768,-0.255698,0.262001,-0.137016,0.955292
0.883514,0.844948,0.822628,-0.825794,-0.562044,-0.0465929,0.499419,-0.690393,-0.52339,0.262001,-0.455482,0.850818
0.883514,0.821016,0.959098,-0.825794,-0.512213,-0.236013,0.499419,-0.469748,-0.727954,0.262001,-0.71901,0.643724
0.883514,0.751852,1.07915,-0.825794,-0.400601,-0.396967,0.499419,-0.192443,-0.844717,0.262001,-0.895815,0.358986
0.883514,0.645797,1.16831,-0.825794,-0.240671,-0.510041,0.499419,0.108073,-0.859593,0.262001,-0.964571,0.0309502
0.883514,0.515643,1.21582,-0.825794,-0.0517128,-0.561596,0.499419,0.395553,-0.770791,0.262001,-0.916986,-0.300819
0.883514,0.37709,1.21595,-0.825794,0.143483,-0.545414,0.499419,0.635324,-0.589019,0.262001,-0.758799,-0.596305
0.875863,0.384665,0.431527,0.985232,0.139179,-0.0997392,-0.00862081,0.622077,0.782909,0.17101,-0.770487,0.614089
0.875863,0.522255,0.434158,0.985232,0.164899,-0.046122,-0.00862081,0.31679,0.948457,0.17101,-0.934052,0.313533
0.875863,0.650648,0.483689,0.985232,0.170729,0.0130581,-0.00862081,-0.0267059,0.999606,0.17101,-0.984956,-0.0248397
0.875863,0.754358,0.574146,0.985232,0.155966,0.0706632,-0.00862081,-0.366981,0.930189,0.17101,-0.91706,-0.360217
0.875863,0.820874,0.694618,0.985232,0.122392,0.119745,-0.00862081,-0.662992,0.748576,0.17101,-0.738553,-0.652146
0.875863,0.842176,0.830575,0.985232,0.0740557,0.154384,-0.00862081,-0.879037,0.476675,0.17101,-0.470966,-0.865417
0.875863,0.815693,0.965618,0.985232,0.016787,0.170402,-0.00862081,-0.989057,0.14728,0.17101,-0.146573,-0.974306
0.875863,0.744619,1.08346,0.985232,-0.0425064,0.165867,-0.00862081,-0.979782,-0.19988,0.17101,0.195498,-0.965679
0.875863,0.637528,1.16989,0.985232,-0.096673,0.141326,-0.00862081,-0.852331,-0.522931,0.17101,0.51399,-0.840577
0.875863,0.507335,1.21447,0.985232,-0.139179,0.0997392,-0.00862081,-0.622077,-0.782909,0.17101,0.770487,-0.614089
0.875863,0.369745,1.21184,0.985232,-0.164899,0.046122,-0.00862081,-0.31679,-0.948457,0.17101,0.934052,-0.313533
0.875863,0.241352,1.16231,0.985232,-0.170729,-0.0130581,-0.00862081,0.0267059,-0.999606,0.17101,0.984956,0.0248397
0.875863,0.137642,1.07185,0.985232,-0.155966,-0.0706632,-0.00862081,0.366981,-0.930189,0.17101,0.91706,0.360217
0.875863,0.0711256,0.951382,0.985232,-0.122392,-0.119745,-0.00862081,0.662992,-0.748576,0.17101,0.738553,0.652146
0.875863,0.0498241,0.815425,0.985232,-0.0740557,-0.154384,-0.00862081,0.879037,-0.476675,0.17101,0.470966,0.865417
0.875863,0.0763072,0.680382,0.985232,-0.016787,-0.170402,-0.00862081,0.989057,-0.14728,0.17101,0.146573,0.974306
0.875863,0.147381,0.56254,0.985232,0.0425064,-0.165867,-0.00862081,0.979782,0.19988,0.17101,-0.195498,0.965679
0.875863,0.254472,0.476114,0.985232,0.096673,-0.141326,-0.00862081,0.852331,0.522931,0.17101,-0.51399,0.840577
0.875863,0.384665,0.431527,0.985232,0.139179,-0.0997392,-0.00862081,0.622077,0.782909,0.17101,-0.770487,0.614089
0.749059,0.397467,0.503589,0.900555,0.0810139,-0.427127,0.292759,0.613313,0.73358,0.321393,-0.785675,0.528604
0.749059,0.50964,0.506252,0.900555,0.222214,-0.37366,0.292759,0.325426,0.899105,0.321393,-0.919086,0.228009
0.749059,0.614136,0.547121,0.900555,0.336612,-0.275124,0.292759,-0.00171166,0.956185,0.321393,-0.941642,-0.100088
0.749059,0.698352,0.621264,0.900555,0.41041,-0.143404,0.292759,-0.328643,0.897934,0.321393,-0.850622,-0.416112
0.749059,0.752131,0.71974,0.900555,0.434706,0.00561321,0.292759,-0.615935,0.73138,0.321393,-0.657004,-0.681947
0.749059,0.768986,0.83067,0.900555,0.40657,0.153953,0.292759,-0.828936,0.47661,0.321393,-0.384142,-0.86553
0.749059,0.746885,0.940675,0.900555,0.329396,0.283724,0.292759,-0.941955,0.164354,0.321393,-0.0649472,-0.944716
0.749059,0.688492,1.03649,0.900555,0.212492,0.379273,0.292759,-0.941361,-0.167725,0.321393,0.262082,-0.909956
0.749059,0.600851,1.10655,0.900555,0.069958,0.429077,0.292759,-0.827224,-0.479575,0.321393,0.557499,-0.765442
0.749059,0.494533,1.14241,0.900555,-0.0810139,0.427127,0.292759,-0.613313,-0.73358,0.321393,0.785675,-0.528604
0.749059,0.38236,1.13975,0.900555,-0.222214,0.37366,0.292759,-0.325426,-0.899105,0.321393,0.919086,-0.228009
0.749059,0.277864,1.09888,0.900555,-0.336612,0.275124,0.292759,0.00171166,-0.956185,0.321393,0.941642,0.100088
0.749059,0.193648,1.02474,0.900555,-0.41041,0.143404,0.292759,0.328643,-0.897934,0.321393,0.850622,0.416112
0.749059,0.139869,0.92626,0.900555,-0.434706,-0.00561321,0.292759,0.615935,-0.73138,0.321393,0.657004,0.681947
0.749059,0.123014,0.81533,0.900555,-0.40657,-0.153953,0.292759,0.828936,-0.47661,0.321393,0.384142,0.86553
0.749059,0.145115,0.705325,0.900555,-0.329396,-0.283724,0.292759,0.941955,-0.164354,0.321393,0.0649472,0.944716
0.749059,0.203508,0.609513,0.900555,-0.212492,-0.379273,0.292759,0.941361,0.167725,0.321393,-0.262082,0.909956
0.749059,0.291149,0.539451,0.900555,-0.069958,-0.429077,0.292759,0.827224,0.479575,0.321393,-0.557499,0.765442
0.749059,0.397467,0.503589,0.900555,0.0810139,-0.427127,0.292759,0.613313,0.73358,0.321393,-0.785675,0.528604
0.654934,0.417085,0.614005,0.707258,0.0314223,-0.706257,0.558827,0.587046,0.585738,0.433011,-0.808943,0.397633
0.654934,0.490309,0.616719,0.707258,0.271081,-0.652917,0.558827,0.351309,0.751195,0.433011,-0.896157,0.0969782
0.654934,0.558189,0.644314,0.707258,0.478044,-0.520826,0.558827,0.0731984,0.826047,0.433011,-0.87528,-0.215374
0.654934,0.612538,0.693461,0.707258,0.627348,-0.325916,0.558827,-0.213741,0.801266,0.433011,-0.748832,-0.501749
0.654934,0.646799,0.758232,0.707258,0.700984,-0.0916953,0.558827,-0.4749,0.67984,0.433011,-0.532064,-0.727605
0.654934,0.656841,0.830816,0.707258,0.690071,0.153585,0.558827,-0.678779,0.476415,0.433011,-0.251121,-0.865702
0.654934,0.641453,0.902456,0.707258,0.595925,0.380341,0.558827,-0.800787,0.215528,0.433011,0.0601112,-0.899382
0.654934,0.60249,0.964513,0.707258,0.429902,0.561222,0.558827,-0.826208,-0.0713553,0.433011,0.364093,-0.824584
0.654934,0.544652,1.0095,0.707258,0.212027,0.674412,0.558827,-0.751977,-0.349632,0.433011,0.62416,-0.650328
0.654934,0.474915,1.032,0.707258,-0.0314223,0.706257,0.558827,-0.587046,-0.585738,0.433011,0.808943,-0.397633
0.654934,0.401691,1.02928,0.707258,-0.271081,0.652917,0.558827,-0.351309,-0.751195,0.433011,0.896157,-0.0969782
0.654934,0.333811,1.00169,0.707258,-0.478044,0.520826,0.558827,-0.0731984,-0.826047,0.433011,0.87528,0.215374
0.654934,0.279462,0.952539,0.707258,-0.627348,0.325916,0.558827,0.213741,-0.801266,0.433011,0.748832,0.501749
0.654934,0.245201,0.887768,0.707258,-0.700984,0.0916953,0.558827,0.4749,-0.67984,0.433011,0.532064,0.727605
0.654934,0.235159,0.815184,0.707258,-0.690071,-0.153585,0.558827,0.678779,-0.476415,0.433011,0.251121,0.865702
0.654934,0.250547,0.743544,0.707258,-0.595925,-0.380341,0.558827,0.800787,-0.215528,0.433011,-0.0601112,0.899382
0.654934,0.28951,0.681487,0.707258,-0.429902,-0.561222,0.558827,0.826208,0.0713553,0.433011,-0.364093,0.824584
