0.658953,0.234799,0.842479,0.308961,0.194014,0.931076,0.951075,-0.0630226,-0.302465,-3.49349e-06,0.978972,-0.203993
0.907818,0.125877,0.550128,0.92986,0.238123,-0.280462,-0.179072,0.958835,0.220381,0.321394,-0.1547,0.934223
0.907818,0.230081,0.454904,0.92986,0.319686,-0.182105,-0.179072,0.825636,0.535031,0.321394,-0.464894,0.824972
0.907818,0.360569,0.401063,0.92986,0.36269,-0.061784,-0.179072,0.592852,0.785149,0.321394,-0.719015,0.616217
0.907818,0.501602,0.395098,0.92986,0.361948,0.0659893,-0.179072,0.288562,0.940566,0.321394,-0.886411,0.333137
0.907818,0.63617,0.437729,0.92986,0.317551,0.185803,-0.179072,-0.0505327,0.982537,0.321394,-0.946894,0.00987614
0.907818,0.748042,0.523814,0.92986,0.234851,0.283207,-0.179072,-0.383533,0.906,0.321394,-0.893167,-0.314576
0.907818,0.823725,0.64297,0.92986,0.123826,0.346451,-0.179072,-0.670273,0.720185,0.321394,-0.731711,-0.601086
0.907818,0.854089,0.780824,0.92986,-0.00213511,0.367909,-0.179072,-0.876169,0.447506,0.321394,-0.482,-0.815096
0.907818,0.835473,0.920751,0.92986,-0.127838,0.344991,-0.179072,-0.976385,0.120851,0.321394,-0.174153,-0.930793
0.907818,0.770123,1.04587,0.92986,-0.238123,0.280462,-0.179072,-0.958835,-0.220381,0.321394,0.1547,-0.934223
0.907818,0.665919,1.1411,0.92986,-0.319686,0.182105,-0.179072,-0.825636,-0.535031,0.321394,0.464894,-0.824972
0.907818,0.535431,1.19494,0.92986,-0.36269,0.061784,-0.179072,-0.592852,-0.785149,0.321394,0.719015,-0.616217
0.907818,0.394398,1.2009,0.92986,-0.361948,-0.0659893,-0.179072,-0.288562,-0.940566,0.321394,0.886411,-0.333137
0.907818,0.25983,1.15827,0.92986,-0.317551,-0.185803,-0.179072,0.0505327,-0.982537,0.321394,0.946894,-0.00987614
0.907818,0.147958,1.07219,0.92986,-0.234851,-0.283207,-0.179072,0.383533,-0.906,0.321394,0.893167,0.314576
0.907818,0.0722754,0.95303,0.92986,-0.123826,-0.346451,-0.179072,0.670273,-0.720185,0.321394,0.731711,0.601086
0.907818,0.0419109,0.815176,0.92986,0.00213511,-0.367909,-0.179072,0.876169,-0.447506,0.321394,0.482,0.815096
0.907818,0.0605266,0.675249,0.92986,0.127838,-0.344991,-0.179072,0.976385,-0.120851,0.321394,0.174153,0.930793
0.907818,0.125877,0.550128,0.92986,0.238123,-0.280462,-0.179072,0.958835,0.220381,0.321394,-0.1547,0.934223
0.809114,0.137498,0.605896,0.796489,0.176026,-0.578463,-0.0275851,0.966269,0.256054,0.604023,-0.187987,0.774479
0.809114,0.221927,0.511283,0.796489,0.363257,-0.483373,-0.0275851,0.82042,0.571095,0.604023,-0.441538,0.663476
0.809114,0.333624,0.451253,0.796489,0.506673,-0.329981,-0.0275851,0.575617,0.817254,0.604023,-0.641832,0.472449
0.809114,0.459116,0.433045,0.796489,0.588977,-0.136788,-0.0275851,0.261385,0.96484,0.604023,-0.764712,0.224438
0.809114,0.583267,0.458857,0.796489,0.600241,0.0729032,-0.0275851,-0.084373,0.996052,0.604023,-0.795356,-0.0506445
0.809114,0.691104,0.525574,0.796489,0.539108,0.273801,-0.0275851,-0.419955,0.907126,0.604023,-0.730069,-0.319618
0.809114,0.769618,0.625149,0.796489,0.41295,0.441675,-0.0275851,-0.704884,0.708786,0.604023,-0.576725,-0.550041
0.809114,0.80934,0.745573,0.796489,0.236985,0.556276,-0.0275851,-0.904793,0.424957,0.604023,-0.353819,-0.714121
0.809114,0.80548,0.872321,0.796489,0.0324352,0.603782,-0.0275851,-0.995571,0.0898715,0.604023,-0.088237,-0.792067
0.809114,0.758502,0.990104,0.796489,-0.176026,0.578463,-0.0275851,-0.966269,-0.256054,0.604023,0.187987,-0.774479
0.809114,0.674073,1.08472,0.796489,-0.363257,0.483373,-0.0275851,-0.82042,-0.571095,0.604023,0.441538,-0.663476
0.809114,0.562376,1.14475,0.796489,-0.506673,0.329981,-0.0275851,-0.575617,-0.817254,0.604023,0.641832,-0.472449
0.809114,0.436884,1.16295,0.796489,-0.588977,0.136788,-0.0275851,-0.261385,-0.96484,0.604023,0.764712,-0.224438
0.809114,0.312733,1.13714,0.796489,-0.600241,-0.0729032,-0.0275851,0.084373,-0.996052,0.604023,0.795356,0.0506445
0.809114,0.204896,1.07043,0.796489,-0.539108,-0.273801,-0.0275851,0.419955,-0.907126,0.604023,0.730069,0.319618
0.809114,0.126382,0.970851,0.796489,-0.41295,-0.441675,-0.0275851,0.704884,-0.708786,0.604023,0.576725,0.550041
0.809114,0.0866597,0.850427,0.796489,-0.236985,-0.556276,-0.0275851,0.904793,-0.424957,0.604023,0.353819,0.714121
0.809114,0.0905202,0.723679,0.796489,-0.0324352,-0.603782,-0.0275851,0.995571,-0.0898715,0.604023,0.088237,0.792067
0.809114,0.137498,0.605896,0.796489,0.176026,-0.578463,-0.0275851,0.966269,0.256054,0.604023,-0.187987,0.774479
0.735846,0.155304,0.691349,0.567051,0.12698,-0.813836,0.127229,0.962685,0.238853,0.813797,-0.238986,0.529736
0.735846,0.209433,0.597673,0.567051,0.397671,-0.721326,0.127229,0.822935,0.553706,0.813797,-0.405753,0.416051
0.735846,0.292336,0.52816,0.567051,0.620396,-0.541813,0.127229,0.583927,0.801774,0.813797,-0.523581,0.252184
0.735846,0.394014,0.491193,0.567051,0.768293,-0.29695,0.127229,0.274489,0.953136,0.813797,-0.578257,0.0579001
0.735846,0.502204,0.491232,0.567051,0.823522,-0.01627,0.127229,-0.0680562,0.989536,0.813797,-0.563187,-0.143367
0.735846,0.603856,0.528271,0.567051,0.779422,0.266372,0.127229,-0.402393,0.906583,0.813797,-0.480188,-0.327343
0.735846,0.68671,0.597844,0.567051,0.641313,0.516886,0.127229,-0.688195,0.714283,0.813797,-0.339272,-0.471836
0.735846,0.740771,0.691558,0.567051,0.425851,0.705056,0.127229,-0.890991,0.435829,0.813797,-0.157434,-0.559418
0.735846,0.75952,0.798111,0.567051,0.159026,0.808186,0.127229,-0.98632,0.104809,0.813797,0.0433929,-0.579527
0.735846,0.740696,0.904651,0.567051,-0.12698,0.813836,0.127229,-0.962685,-0.238853,0.813797,0.238986,-0.529736
0.735846,0.686567,0.998327,0.567051,-0.397671,0.721326,0.127229,-0.822935,-0.553706,0.813797,0.405753,-0.416051
0.735846,0.603664,1.06784,0.567051,-0.620396,0.541813,0.127229,-0.583927,-0.801774,0.813797,0.523581,-0.252184
0.735846,0.501986,1.10481,0.567051,-0.768293,0.29695,0.127229,-0.274489,-0.953136,0.813797,0.578257,-0.0579001
0.735846,0.393796,1.10477,0.567051,-0.823522,0.01627,0.127229,0.0680562,-0.989536,0.813797,0.563187,0.143367
0.735846,0.292144,1.06773,0.567051,-0.779422,-0.266372,0.127229,0.402393,-0.906583,0.813797,0.480188,0.327343
0.735846,0.20929,0.998156,0.567051,-0.641313,-0.516886,0.127229,0.688195,-0.714283,0.813797,0.339272,0.471836
0.735846,0.155229,0.904442,0.567051,-0.425851,-0.705056,0.127229,0.890991,-0.435829,0.813797,0.157434,0.559418
0.735846,0.13648,0.797889,0.567051,-0.159026,-0.808186,0.127229,0.98632,-0.104809,0.813797,-0.0433929,0.579527
0.735846,0.155304,0.691349,0.567051,0.12698,-0.813836,0.127229,0.962685,0.238853,0.813797,-0.238986,0.529736
0.696852,0.177149,0.796181,0.269218,0.0969,-0.958192,0.266698,0.948515,0.170854,0.925416,-0.301545,0.229514
0.696852,0.194105,0.703654,0.269218,0.418777,-0.867264,0.266698,0.832877,0.484962,0.925416,-0.361858,0.112538
0.696852,0.241685,0.622507,0.269218,0.690144,-0.671732,0.266698,0.616782,0.740576,0.925416,-0.378526,-0.0180112
0.696852,0.31415,0.562527,0.269218,0.878269,-0.395178,0.266698,0.326294,0.906865,0.925416,-0.349537,-0.146388
0.696852,0.402758,0.530948,0.269218,0.960462,-0.0709604,0.266698,-0.00355038,0.963774,0.925416,-0.27839,-0.257109
0.696852,0.496824,0.53158,0.269218,0.926809,0.261816,0.266698,-0.332966,0.904437,0.925416,-0.173665,-0.336818
0.696852,0.585001,0.564345,0.269218,0.781369,0.563014,0.266698,-0.622222,0.736011,0.925416,-0.0479927,-0.375902
0.696852,0.656653,0.625294,0.269218,0.541684,0.796304,0.266698,-0.836428,0.478812,0.925416,0.0834678,-0.369647
0.696852,0.703139,0.707073,0.269218,0.236665,0.933548,0.266698,-0.949748,0.163861,0.925416,0.204861,-0.318807
0.696852,0.718851,0.799819,0.269218,-0.0969,0.958192,0.266698,-0.948515,-0.170854,0.925416,0.301545,-0.229514
0.696852,0.701895,0.892346,0.269218,-0.418777,0.867264,0.266698,-0.832877,-0.484962,0.925416,0.361858,-0.112538
0.696852,0.654315,0.973493,0.269218,-0.690144,0.671732,0.266698,-0.616782,-0.740576,0.925416,0.378526,0.0180112
0.696852,0.58185,1.03347,0.269218,-0.878269,0.395178,0.266698,-0.326294,-0.906865,0.925416,0.349537,0.146388
0.696852,0.493242,1.06505,0.269218,-0.960462,0.0709604,0.266698,0.00355038,-0.963774,0.925416,0.27839,0.257109
0.696852,0.399176,1.06442,0.269218,-0.926809,-0.261816,0.266698,0.332966,-0.904437,0.925416,0.173665,0.336818
0.696852,0.310999,1.03165,0.269218,-0.781369,-0.563014,0.266698,0.622222,-0.736011,0.925416,0.0479927,0.375902
0.696852,0.239347,0.970706,0.269218,-0.541684,-0.796304,0.266698,0.836428,-0.478812,0.925416,-0.0834678,0.369647
0.696852,0.192861,0.888927,0.269218,-0.236665,-0.933548,0.266698,0.949748,-0.163861,0.925416,-0.204861,0.318807
0.696852,0.177149,0.796181,0.269218,0.0969,-0.958192,0.266698,0.948515,0.170854,0.925416,-0.301545,0.229514
0.696834,0.200397,0.907748,-0.061087,0.0894136,-0.99412,0.373999,0.92547,0.0602574,0.925415,-0.368119,-0.0899748
0.696834,0.177793,0.816444,-0.061087,0.42403,-0.903586,0.373999,0.849048,0.373153,0.925415,-0.315145,-0.210453
0.696834,0.18778,0.722915,-0.061087,0.707502,-0.704066,0.373999,0.670218,0.64104,0.925415,-0.22416,-0.305547
0.696834,0.229154,0.638443,-0.061087,0.90564,-0.419625,0.373999,0.41055,0.831609,0.925415,-0.106139,-0.363787
0.696834,0.296924,0.573216,-0.061087,0.994543,-0.0845718,0.373999,0.101364,0.921873,0.925415,0.0246847,-0.37815
0.696834,0.382916,0.535101,-0.061087,0.96349,0.260682,0.373999,-0.220048,0.900946,0.925415,0.152531,-0.346902
0.696834,0.476758,0.528695,-0.061087,0.816226,0.574494,0.373999,-0.514919,0.771351,0.925415,0.26198,-0.273813
0.696834,0.567131,0.554772,-0.061087,0.570513,0.819014,0.373999,-0.747684,0.548721,0.925415,0.33983,-0.167697
0.696834,0.643135,0.610186,-0.061087,0.255988,0.964748,0.373999,-0.890266,0.259906,0.925415,0.376691,-0.0413553
0.696834,0.695603,0.688252,-0.061087,-0.0894136,0.99412,0.373999,-0.92547,-0.0602574,0.925415,0.368119,0.0899748
0.696834,0.718207,0.779556,-0.061087,-0.42403,0.903586,0.373999,-0.849048,-0.373153,0.925415,0.315145,0.210453
0.696834,0.70822,0.873085,-0.061087,-0.707502,0.704066,0.373999,-0.670218,-0.64104,0.925415,0.22416,0.305547
0.696834,0.666846,0.957557,-0.061087,-0.90564,0.419625,0.373999,-0.41055,-0.831609,0.925415,0.106139,0.363787
0.696834,0.599076,1.02278,-0.061087,-0.994543,0.0845718,0.373999,-0.101364,-0.921873,0.925415,-0.0246847,0.37815
0.696834,0.513084,1.0609,-0.061087,-0.96349,-0.260682,0.373999,0.220048,-0.900946,0.925415,-0.152531,0.346902
0.696834,0.419242,1.0673,-0.061087,-0.816226,-0.574494,0.373999,0.514919,-0.771351,0.925415,-0.26198,0.273813
0.696834,0.328869,1.04123,-0.061087,-0.570513,-0.819014,0.373999,0.747684,-0.548721,0.925415,-0.33983,0.167697
0.696834,0.252865,0.985814,-0.061087,-0.255988,-0.964748,0.373999,0.890266,-0.259906,0.925415,-0.376691,0.0413553
0.696834,0.200397,0.907748,-0.061087,0.0894136,-0.99412,0.373999,0.92547,0.0602574,0.925415,-0.368119,-0.0899748
0.735794,0.222244,1.01259,-0.384024,0.105424,-0.917285,0.43619,0.896327,-0.0795967,0.813796,-0.430677,-0.390196
0.735794,0.162464,0.922437,-0.384024,0.412796,-0.825909,0.43619,0.869496,0.231766,0.813796,-0.271249,-0.513965
0.735794,0.137124,0.817273,-0.384024,0.670379,-0.634916,0.43619,0.73779,0.515174,0.813796,-0.0791049,-0.575742
0.735794,0.14928,0.709785,-0.384024,0.847104,-0.367342,0.43619,0.517096,0.736444,0.813796,0.122581,-0.568076
0.735794,0.197466,0.612937,-0.384024,0.921656,-0.0554624,0.43619,0.234033,0.868888,0.813796,0.309482,-0.491891
0.735794,0.275871,0.53841,-0.384024,0.885042,0.263107,0.43619,-0.0772582,0.896532,0.813796,0.459054,-0.356378
0.735794,0.375036,0.495193,-0.384024,0.74168,0.549942,0.43619,-0.379231,0.816041,0.813796,0.553258,-0.17788
0.735794,0.483003,0.4885,-0.384024,0.50886,0.770446,0.43619,-0.635463,0.637123,0.813796,0.580731,0.0220734
0.735794,0.586747,0.519137,-0.384024,0.214664,0.898023,0.43619,-0.815049,0.381358,0.813796,0.538159,0.219364
0.735794,0.673756,0.583408,-0.384024,-0.105424,0.917285,0.43619,-0.896327,0.0795967,0.813796,0.430677,0.390196
0.735794,0.733536,0.673563,-0.384024,-0.412796,0.825909,0.43619,-0.869496,-0.231766,0.813796,0.271249,0.513965
0.735794,0.758876,0.778727,-0.384024,-0.670379,0.634916,0.43619,-0.73779,-0.515174,0.813796,0.0791049,0.575742
0.735794,0.74672,0.886215,-0.384024,-0.847104,0.367342,0.43619,-0.517096,-0.736444,0.813796,-0.122581,0.568076
0.735794,0.698534,0.983063,-0.384024,-0.921656,0.0554624,0.43619,-0.234033,-0.868888,0.813796,-0.309482,0.491891
0.735794,0.620129,1.05759,-0.384024,-0.885042,-0.263107,0.43619,0.0772582,-0.896532,0.813796,-0.459054,0.356378
0.735794,0.520964,1.10081,-0.384024,-0.74168,-0.549942,0.43619,0.379231,-0.816041,0.813796,-0.553258,0.17788
0.735794,0.412997,1.1075,-0.384024,-0.50886,-0.770446,0.43619,0.635463,-0.637123,0.813796,-0.580731,-0.0220734
0.735794,0.309253,1.07686,-0.384024,-0.214664,-0.898023,0.43619,0.815049,-0.381358,0.813796,-0.538159,-0.219364
0.735794,0.222244,1.01259,-0.384024,0.105424,-0.917285,0.43619,0.896327,-0.0795967,0.813796,-0.430677,-0.390196
0.809034,0.240055,1.09807,-0.660642,0.143,-0.736955,0.44577,0.864604,-0.23184,0.604021,-0.481676,-0.634938
0.809034,0.149966,1.00885,-0.660642,0.38643,-0.643603,0.44577,0.891755,0.0778536,0.604021,-0.235465,-0.76139
0.809034,0.095825,0.894201,-0.660642,0.583251,-0.472622,0.44577,0.811349,0.378157,0.604021,0.0391455,-0.796006
0.809034,0.0841612,0.767948,-0.660642,0.709722,-0.244636,0.44577,0.633081,0.632849,0.604021,0.309035,-0.734613
0.809034,0.116382,0.64532,-0.660642,0.750591,0.0128569,0.44577,0.378455,0.81121,0.604021,0.54165,-0.584614
0.809034,0.1886,0.541108,-0.660642,0.700928,0.268799,0.44577,0.0781809,0.891727,0.604021,0.708934,-0.364102
0.809034,0.292106,0.46788,-0.660642,0.566722,0.49232,0.44577,-0.231523,0.864689,0.604021,0.790711,-0.0996743
0.809034,0.414416,0.43447,-0.660642,0.364161,0.65646,0.44577,-0.513301,0.733356,0.604021,0.777116,0.176776
0.809034,0.540775,0.444907,-0.660642,0.117677,0.741421,0.44577,-0.733168,0.51357,0.604021,0.669789,0.431904
0.809034,0.655945,0.497932,-0.660642,-0.143,0.736955,0.44577,-0.864604,0.23184,0.604021,0.481676,0.634938
0.809034,0.746034,0.58715,-0.660642,-0.38643,0.643603,0.44577,-0.891755,-0.0778536,0.604021,0.235465,0.76139
0.809034,0.800175,0.701799,-0.660642,-0.583251,0.472622,0.44577,-0.811349,-0.378157,0.604021,-0.0391455,0.796006
0.809034,0.811839,0.828052,-0.660642,-0.709722,0.244636,0.44577,-0.633081,-0.632849,0.604021,-0.309035,0.734613
0.809034,0.779618,0.95068,-0.660642,-0.750591,-0.0128569,0.44577,-0.378455,-0.81121,0.604021,-0.54165,0.584614
0.809034,0.7074,1.05489,-0.660642,-0.700928,-0.268799,0.44577,-0.0781809,-0.891727,0.604021,-0.708934,0.364102
0.809034,0.603894,1.12812,-0.660642,-0.566722,-0.49232,0.44577,0.231523,-0.864689,0.604021,-0.790711,0.0996743
0.809034,0.481584,1.16153,-0.660642,-0.364161,-0.65646,0.44577,0.513301,-0.733356,0.604021,-0.777116,-0.176776
0.809034,0.355225,1.15109,-0.660642,-0.117677,-0.741421,0.44577,0.733168,-0.51357,0.604021,-0.669789,-0.431904
0.809034,0.240055,1.09807,-0.660642,0.143,-0.736955,0.44577,0.864604,-0.23184,0.604021,-0.481676,-0.634938
0.90772,0.251682,1.15387,-0.857576,0.19761,-0.474882,0.401584,0.834125,-0.378109,0.321392,-0.514963,-0.794683
0.90772,0.141808,1.06526,-0.857576,0.348112,-0.378656,0.401584,0.913142,-0.0700193,0.321392,-0.212109,-0.922885
0.90772,0.0688653,0.944418,-0.857576,0.456626,-0.236759,0.401584,0.882021,0.246516,0.321392,0.116328,-0.939774
0.90772,0.0416519,0.805916,-0.857576,0.510065,-0.0663055,0.401584,0.744515,0.533318,0.321392,0.430734,-0.843312
0.90772,0.0634501,0.66646,-0.857576,0.501982,0.112146,0.401584,0.517209,0.755794,0.321392,0.693187,-0.645134
0.90772,0.131631,0.542869,-0.857576,0.433353,0.27707,0.401584,0.227521,0.88711,0.321392,0.872032,-0.369144
0.90772,0.23797,0.45005,-0.857576,0.312455,0.408576,0.401584,-0.0896099,0.911428,0.321392,0.945697,-0.0486294
0.90772,0.369642,0.3992,-0.857576,0.15387,0.490802,0.401584,-0.395932,0.825814,0.321392,0.905296,0.277751
0.90772,0.510765,0.396451,-0.857576,-0.0232737,0.51383,0.401584,-0.6545,0.640594,0.321392,0.755704,0.57063
0.90772,0.644318,0.442134,-0.857576,-0.19761,0.474882,0.401584,-0.834125,0.378109,0.321392,0.514963,0.794683
0.90772,0.754192,0.53074,-0.857576,-0.348112,0.378656,0.401584,-0.913142,0.0700193,0.321392,0.212109,0.922885
0.90772,0.827135,0.651582,-0.857576,-0.456626,0.236759,0.401584,-0.882021,-0.246516,0.321392,-0.116328,0.939774
0.90772,0.854348,0.790084,-0.857576,-0.510065,0.0663055,0.401584,-0.744515,-0.533318,0.321392,-0.430734,0.843312
0.90772,0.83255,0.92954,-0.857576,-0.501982,-0.112146,0.401584,-0.517209,-0.755794,0.321392,-0.693187,0.645134
0.90772,0.764369,1.05313,-0.857576,-0.433353,-0.27707,0.401584,-0.227521,-0.88711,0.321392,-0.872032,0.369144
0.90772,0.65803,1.14595,-0.857576,-0.312455,-0.408576,0.401584,0.0896099,-0.911428,0.321392,-0.945697,0.0486294
0.90772,0.526358,1.1968,-0.857576,-0.15387,-0.490802,0.401584,0.395932,-0.825814,0.321392,-0.905296,-0.277751
0.90772,0.385235,1.19955,-0.857576,0.0232737,-0.51383,0.401584,0.6545,-0.640594,0.321392,-0.755704,-0.57063
0.90772,0.251682,1.15387,-0.857576,0.19761,-0.474882,0.401584,0.834125,-0.378109,0.321392,-0.514963,-0.794683
0.883612,0.237815,0.45887,0.961642,0.203413,-0.184032,-0.0812368,0.851989,0.51722,0.262003,-0.48243,0.835832
0.883612,0.36648,0.407435,0.961642,0.254089,-0.103362,-0.0812368,0.623708,0.777425,0.262003,-0.739207,0.620425
0.883612,0.504977,0.403107,0.961642,0.274117,-0.0102254,-0.0812368,0.320199,0.943861,0.262003,-0.906825,0.330185
0.883612,0.636602,0.44641,0.961642,0.261083,0.0841449,-0.0812368,-0.021931,0.996454,0.262003,-0.965067,0.00011978
0.883612,0.745479,0.532119,0.961642,0.216559,0.168366,-0.0812368,-0.361416,0.928859,0.262003,-0.906907,-0.32996
0.883612,0.818476,0.649897,0.961642,0.145914,0.23228,-0.0812368,-0.657308,0.749231,0.262003,-0.739361,-0.620241
0.883612,0.846787,0.785539,0.961642,0.0576701,0.268177,-0.0812368,-0.87392,0.479234,0.262003,-0.482637,-0.835713
0.883612,0.826999,0.922684,0.961642,-0.0375299,0.271729,-0.0812368,-0.985123,0.151434,0.262003,-0.1677,-0.950385
0.883612,0.761498,1.04479,0.961642,-0.128203,0.242505,-0.0812368,-0.977507,-0.19463,0.262003,0.167464,-0.950426
0.883612,0.658185,1.13713,0.961642,-0.203413,0.184032,-0.0812368,-0.851989,-0.51722,0.262003,0.48243,-0.835832
0.883612,0.52952,1.18857,0.961642,-0.254089,0.103362,-0.0812368,-0.623708,-0.777425,0.262003,0.739207,-0.620425
0.883612,0.391023,1.19289,0.961642,-0.274117,0.0102254,-0.0812368,-0.320199,-0.943861,0.262003,0.906825,-0.330185
0.883612,0.259398,1.14959,0.961642,-0.261083,-0.0841449,-0.0812368,0.021931,-0.996454,0.262003,0.965067,-0.00011978
0.883612,0.150521,1.06388,0.961642,-0.216559,-0.168366,-0.0812368,0.361416,-0.928859,0.262003,0.906907,0.32996
0.883612,0.0775243,0.946103,0.961642,-0.145914,-0.23228,-0.0812368,0.657308,-0.749231,0.262003,0.739361,0.620241
0.883612,0.0492127,0.810461,0.961642,-0.0576701,-0.268177,-0.0812368,0.87392,-0.479234,0.262003,0.482637,0.835713
0.883612,0.0690006,0.673316,0.961642,0.0375299,-0.271729,-0.0812368,0.985123,-0.151434,0.262003,0.1677,0.950385
0.883612,0.134502,0.55121,0.961642,0.128203,-0.242505,-0.0812368,0.977507,0.19463,0.262003,-0.167464,0.950426
0.883612,0.237815,0.45887,0.961642,0.203413,-0.184032,-0.0812368,0.851989,0.51722,0.262003,-0.48243,0.835832
0.763622,0.251943,0.526669,0.856221,0.138025,-0.49783,0.156285,0.849289,0.504265,0.492403,-0.509566,0.705607
0.763622,0.356567,0.475977,0.856221,0.29997,-0.4206,0.156285,0.625602,0.764328,0.492403,-0.720167,0.488772
0.763622,0.472219,0.464125,0.856221,0.425733,-0.292639,0.156285,0.326458,0.932202,0.492403,-0.843906,0.212984
0.763622,0.584951,0.492544,0.856221,0.500147,-0.129382,0.156285,-0.0120615,0.987638,0.492403,-0.865857,-0.088493
0.763622,0.681164,0.557805,0.856221,0.514235,0.0494812,0.156285,-0.349126,0.923951,0.492403,-0.783373,-0.379297
0.763622,0.749254,0.652037,0.856221,0.466299,0.222376,0.156285,-0.644081,0.748822,0.492403,-0.606403,-0.624352
0.763622,0.781008,0.763875,0.856221,0.362121,0.368449,0.156285,-0.861351,0.483374,0.492403,-0.356291,-0.7941
0.763622,0.772597,0.879828,0.856221,0.214266,0.470081,0.156285,-0.974728,0.159623,0.492403,-0.0632059,-0.868069
0.763622,0.725034,0.985912,0.856221,0.0405665,0.515015,0.156285,-0.970539,-0.18338,0.492403,0.237503,-0.837336
0.763622,0.644057,1.06933,0.856221,-0.138025,0.49783,0.156285,-0.849289,-0.504265,0.492403,0.509566,-0.705607
0.763622,0.539433,1.12002,0.856221,-0.29997,0.4206,0.156285,-0.625602,-0.764328,0.492403,0.720167,-0.488772
0.763622,0.423781,1.13187,0.856221,-0.425733,0.292639,0.156285,-0.326458,-0.932202,0.492403,0.843906,-0.212984
0.763622,0.311049,1.10346,0.856221,-0.500147,0.129382,0.156285,0.0120615,-0.987638,0.492403,0.865857,0.088493
0.763622,0.214836,1.03819,0.856221,-0.514235,-0.0494812,0.156285,0.349126,-0.923951,0.492403,0.783373,0.379297
0.763622,0.146746,0.943963,0.856221,-0.466299,-0.222376,0.156285,0.644081,-0.748822,0.492403,0.606403,0.624352
0.763622,0.114992,0.832125,0.856221,-0.362121,-0.368449,0.156285,0.861351,-0.483374,0.492403,0.356291,0.7941
0.763622,0.123403,0.716172,0.856221,-0.214266,-0.470081,0.156285,0.974728,-0.159623,0.492403,0.0632059,0.868069
0.763622,0.170966,0.610088,0.856221,-0.0405665,-0.515015,0.156285,0.970539,0.18338,0.492403,-0.237503,0.837336
0.763622,0.251943,0.526669,0.856221,0.138025,-0.49783,0.156285,0.849289,0.504265,0.492403,-0.509566,0.705607
0.674556,0.27359,0.630555,0.647527,0.0839361,-0.757406,0.374957,0.83018,0.412562,0.663413,-0.55114,0.506091
0.674556,0.341378,0.581002,0.647527,0.337922,-0.683021,0.374957,0.63901,0.67162,0.663413,-0.690996,0.287069
0.674556,0.422025,0.557621,0.647527,0.55115,-0.526254,0.374957,0.370765,0.849671,0.663413,-0.747507,0.0334227
0.674556,0.505806,0.563234,0.647527,0.697901,-0.306012,0.374957,0.057801,0.925238,0.663413,-0.713858,-0.224255
0.674556,0.582615,0.597163,0.647527,0.760475,-0.0488612,0.374957,-0.262135,0.889209,0.663413,-0.594107,-0.454885
0.674556,0.643187,0.655316,0.647527,0.731324,0.214183,0.374957,-0.550454,0.745927,0.663413,-0.402698,-0.630649
0.674556,0.680216,0.730679,0.647527,0.613965,0.451394,0.374957,-0.772379,0.512676,0.663413,-0.162718,-0.730347
0.674556,0.689237,0.814161,0.647527,0.422552,0.63416,0.374957,-0.901145,0.217589,0.663413,0.0968883,-0.741954
0.674556,0.669161,0.895695,0.647527,0.180174,0.740437,0.374957,-0.921219,-0.103743,0.663413,0.344809,-0.664071
0.674556,0.62241,0.965445,0.647527,-0.0839361,0.757406,0.374957,-0.83018,-0.412562,0.663413,0.55114,-0.506091
0.674556,0.554622,1.015,0.647527,-0.337922,0.683021,0.374957,-0.63901,-0.67162,0.663413,0.690996,-0.287069
0.674556,0.473975,1.03838,0.647527,-0.55115,0.526254,0.374957,-0.370765,-0.849671,0.663413,0.747507,-0.0334227
0.674556,0.390194,1.03277,0.647527,-0.697901,0.306012,0.374957,-0.057801,-0.925238,0.663413,0.713858,0.224255
0.674556,0.313385,0.998837,0.647527,-0.760475,0.0488612,0.374957,0.262135,-0.889209,0.663413,0.594107,0.454885
0.674556,0.252813,0.940684,0.647527,-0.731324,-0.214183,0.374957,0.550454,-0.745927,0.663413,0.402698,0.630649
0.674556,0.215784,0.865321,0.647527,-0.613965,-0.451394,0.374957,0.772379,-0.512676,0.663413,0.162718,0.730347
0.674556,0.206763,0.781839,0.647527,-0.422552,-0.63416,0.374957,0.901145,-0.217589,0.663413,-0.0968883,0.741954
0.674556,0.226839,0.700305,0.647527,-0.180174,-0.740437,0.374957,0.921219,0.103743,0.663413,-0.344809,0.664071
0.674556,0.27359,0.630555,0.647527,0.0839361,-0.757406,0.374957,0.83018,0.412562,0.663413,-0.55114,0.506091
0.627155,0.300146,0.757998,0.360731,0.0476694,-0.931451,0.548404,0.796967,0.253172,0.754404,-0.602138,0.261349
0.627155,0.322744,0.709842,0.360731,0.36337,-0.858974,0.548404,0.662314,0.510483,0.754404,-0.655212,0.0396443
0.627155,0.36045,0.672318,0.360731,0.635242,-0.682891,0.548404,0.447777,0.706222,0.754404,-0.629257,-0.186842
0.627155,0.408716,0.649954,0.360731,0.830495,-0.424442,0.548404,0.17923,0.81678,0.754404,-0.527404,-0.390793
0.627155,0.461719,0.645446,0.360731,0.925578,-0.1148,0.548404,-0.110934,0.828823,0.754404,-0.361939,-0.547608
0.627155,0.513069,0.659338,0.360731,0.909022,0.20869,0.548404,-0.387718,0.740897,0.754404,-0.152818,-0.638373
0.627155,0.55657,0.689956,0.360731,0.782825,0.507008,0.548404,-0.617737,0.563608,0.754404,0.0747342,-0.652142
0.627155,0.586975,0.733604,0.360731,0.562208,0.744174,0.548404,-0.773248,0.31834,0.754404,0.293273,-0.587252
0.627155,0.600619,0.78502,0.360731,0.27378,0.891581,0.548404,-0.835494,0.0346749,0.754404,0.476438,-0.451531
0.627155,0.595854,0.838002,0.360731,-0.0476694,0.931451,0.548404,-0.796967,-0.253172,0.754404,0.602138,-0.261349
0.627155,0.573256,0.886158,0.360731,-0.36337,0.858974,0.548404,-0.662314,-0.510483,0.754404,0.655212,-0.0396443
0.627155,0.53555,0.923682,0.360731,-0.635242,0.682891,0.548404,-0.447777,-0.706222,0.754404,0.629257,0.186842
0.627155,0.487284,0.946046,0.360731,-0.830495,0.424442,0.548404,-0.17923,-0.81678,0.754404,0.527404,0.390793
0.627155,0.434281,0.950554,0.360731,-0.925578,0.1148,0.548404,0.110934,-0.828823,0.754404,0.361939,0.547608
0.627155,0.382931,0.936662,0.360731,-0.909022,-0.20869,0.548404,0.387718,-0.740897,0.754404,0.152818,0.638373
0.627155,0.33943,0.906044,0.360731,-0.782825,-0.507008,0.548404,0.617737,-0.563608,0.754404,-0.0747342,0.652142
0.627155,0.309025,0.862396,0.360731,-0.562208,-0.744174,0.548404,0.773248,-0.31834,0.754404,-0.293273,0.587252
0.627155,0.295381,0.81098,0.360731,-0.27378,-0.891581,0.548404,0.835494,-0.0346749,0.754404,-0.476438,0.451531
0.627155,0.300146,0.757998,0.360731,0.0476694,-0.931451,0.548404,0.796967,0.253172,0.754404,-0.602138,0.261349
0.627137,0.328408,0.893627,0.0304265,0.0335996,-0.998972,0.655705,0.753656,0.0453199,0.754404,-0.65641,0.000899725
0.627137,0.302914,0.846957,0.0304265,0.373242,-0.927235,0.655705,0.692705,0.300352,0.754404,-0.617131,-0.22366
0.627137,0.294919,0.794382,0.0304265,0.667866,-0.74366,0.655705,0.548203,0.519158,0.754404,-0.503417,-0.421243
0.627137,0.305389,0.742243,0.0304265,0.881935,-0.470388,0.655705,0.33758,0.675345,0.754404,-0.328984,-0.568018
0.627137,0.333059,0.69683,0.0304265,0.98963,-0.140381,0.655705,0.0862396,0.750076,0.754404,-0.11487,-0.646281
0.627137,0.374593,0.663619,0.0304265,0.977961,0.206559,0.655705,-0.175502,0.734337,0.754404,0.113098,-0.646594
0.627137,0.424981,0.646617,0.0304265,0.848335,0.528584,0.655705,-0.416076,0.630025,0.754404,0.327426,-0.568917
0.627137,0.478146,0.647873,0.0304265,0.616388,0.786854,0.655705,-0.606465,0.449724,0.754404,0.502261,-0.422621
0.627137,0.527674,0.667237,0.0304265,0.310095,0.950218,0.655705,-0.723705,0.215179,0.754404,0.616516,-0.225351
0.627137,0.567592,0.702373,0.0304265,-0.0335996,0.998972,0.655705,-0.753656,-0.0453199,0.754404,0.65641,-0.000899725
0.627137,0.593086,0.749043,0.0304265,-0.373242,0.927235,0.655705,-0.692705,-0.300352,0.754404,0.617131,0.22366
0.627137,0.601081,0.801618,0.0304265,-0.667866,0.74366,0.655705,-0.548203,-0.519158,0.754404,0.503417,0.421243
0.627137,0.590611,0.853757,0.0304265,-0.881935,0.470388,0.655705,-0.33758,-0.675345,0.754404,0.328984,0.568018
0.627137,0.562941,0.89917,0.0304265,-0.98963,0.140381,0.655705,-0.0862396,-0.750076,0.754404,0.11487,0.646281
0.627137,0.521407,0.932381,0.0304265,-0.977961,-0.206559,0.655705,0.175502,-0.734337,0.754404,-0.113098,0.646594
0.627137,0.471019,0.949383,0.0304265,-0.848335,-0.528584,0.655705,0.416076,-0.630025,0.754404,-0.327426,0.568917
0.627137,0.417854,0.948127,0.0304265,-0.616388,-0.786854,0.655705,0.606465,-0.449724,0.754404,-0.502261,0.422621
0.627137,0.368326,0.928763,0.0304265,-0.310095,-0.950218,0.655705,0.723705,-0.215179,0.754404,-0.616516,0.225351
0.627137,0.328408,0.893627,0.0304265,0.0335996,-0.998972,0.655705,0.753656,0.0453199,0.754404,-0.65641,0.000899725
0.674504,0.354966,1.02108,-0.303548,0.0434237,-0.951826,0.683918,0.70547,-0.185925,0.663411,-0.707408,-0.243842
0.674504,0.284278,0.975809,-0.303548,0.366349,-0.879572,0.683918,0.726515,0.066573,0.663411,-0.581347,-0.471085
0.674504,0.233338,0.909089,-0.303548,0.645086,-0.701229,0.683918,0.659932,0.311041,0.663411,-0.385167,-0.641507
0.674504,0.208289,0.828971,-0.303548,0.846017,-0.438307,0.683918,0.513751,0.517993,0.663411,-0.14253,-0.734555
0.674504,0.212152,0.745117,-0.303548,0.944906,-0.122519,0.683918,0.305604,0.662467,0.663411,0.117298,-0.739004
0.674504,0.244463,0.667642,-0.303548,0.929825,0.208047,0.683918,0.0605964,0.727038,0.663411,0.362978,-0.654318
0.674504,0.301323,0.60589,-0.303548,0.802594,0.513519,0.683918,-0.19172,0.703917,0.663411,0.564878,-0.490712
0.674504,0.375874,0.567309,-0.303548,0.578558,0.757053,0.683918,-0.420911,0.595894,0.663411,0.698645,-0.267919
0.674504,0.459125,0.556552,-0.303548,0.284739,0.909276,0.683918,-0.599335,0.415997,0.663411,0.748145,-0.0128108
0.674504,0.541034,0.574918,-0.303548,-0.0434237,0.951826,0.683918,-0.70547,0.185925,0.663411,0.707408,0.243842
0.674504,0.611722,0.620191,-0.303548,-0.366349,0.879572,0.683918,-0.726515,-0.066573,0.663411,0.581347,0.471085
0.674504,0.662662,0.686911,-0.303548,-0.645086,0.701229,0.683918,-0.659932,-0.311041,0.663411,0.385167,0.641507
0.674504,0.687711,0.767029,-0.303548,-0.846017,0.438307,0.683918,-0.513751,-0.517993,0.663411,0.14253,0.734555
0.674504,0.683848,0.850883,-0.303548,-0.944906,0.122519,0.683918,-0.305604,-0.662467,0.663411,-0.117298,0.739004
0.674504,0.651537,0.928358,-0.303548,-0.929825,-0.208047,0.683918,-0.0605964,-0.727038,0.663411,-0.362978,0.654318
0.674504,0.594677,0.99011,-0.303548,-0.802594,-0.513519,0.683918,0.19172,-0.703917,0.663411,-0.564878,0.490712
0.674504,0.520126,1.02869,-0.303548,-0.578558,-0.757053,0.683918,0.420911,-0.595894,0.663411,-0.698645,0.267919
0.674504,0.436875,1.03945,-0.303548,-0.284739,-0.909276,0.683918,0.599335,-0.415997,0.663411,-0.748145,0.0128108
0.674504,0.354966,1.02108,-0.303548,0.0434237,-0.951826,0.683918,0.70547,-0.185925,0.663411,-0.707408,-0.243842
0.763543,0.376618,1.12499,-0.60091,0.0759568,-0.795699,0.629641,0.658222,-0.41267,0.492402,-0.748982,-0.443358
0.763543,0.269086,1.08086,-0.60091,0.343521,-0.721734,0.629641,0.759668,-0.162658,0.492402,-0.552176,-0.672787
0.763543,0.183133,1.00261,-0.60091,0.569652,-0.560717,0.629641,0.769486,0.106973,0.492402,-0.288769,-0.821068
0.763543,0.129127,0.899677,-0.60091,0.727074,-0.332069,0.629641,0.686494,0.363702,0.492402,0.00946813,-0.870317
0.763543,0.113582,0.784484,-0.60091,0.7968,-0.0633689,0.629641,0.5207,0.576563,0.492402,0.306563,-0.814592
0.763543,0.138373,0.670921,-0.60091,0.770421,0.212975,0.629641,0.292102,0.719881,0.492402,0.566682,-0.660615
0.763543,0.200509,0.572686,-0.60091,0.651117,0.46363,0.629641,0.0282718,0.776372,0.492402,0.75845,-0.426959
0.763543,0.292496,0.501628,-0.60091,0.453279,0.658365,0.629641,-0.238968,0.739221,0.492402,0.858739,-0.141805
0.763543,0.40324,0.466316,-0.60091,0.200769,0.773691,0.629641,-0.477385,0.612908,0.492402,0.85545,0.160453
0.763543,0.519382,0.47101,-0.60091,-0.0759568,0.795699,0.629641,-0.658222,0.41267,0.492402,0.748982,0.443358
0.763543,0.626914,0.515144,-0.60091,-0.343521,0.721734,0.629641,-0.759668,0.162658,0.492402,0.552176,0.672787
0.763543,0.712867,0.593394,-0.60091,-0.569652,0.560717,0.629641,-0.769486,-0.106973,0.492402,0.288769,0.821068
0.763543,0.766873,0.696323,-0.60091,-0.727074,0.332069,0.629641,-0.686494,-0.363702,0.492402,-0.00946813,0.870317
0.763543,0.782418,0.811516,-0.60091,-0.7968,0.0633689,0.629641,-0.5207,-0.576563,0.492402,-0.306563,0.814592
0.763543,0.757627,0.925079,-0.60091,-0.770421,-0.212975,0.629641,-0.292102,-0.719881,0.492402,-0.566682,0.660615
0.763543,0.695491,1.02331,-0.60091,-0.651117,-0.46363,0.629641,-0.0282718,-0.776372,0.492402,-0.75845,0.426959
0.763543,0.603504,1.09437,-0.60091,-0.453279,-0.658365,0.629641,0.238968,-0.739221,0.492402,-0.858739,0.141805
0.763543,0.49276,1.12968,-0.60091,-0.200769,-0.773691,0.629641,0.477385,-0.612908,0.492402,-0.85545,-0.160453
0.763543,0.376618,1.12499,-0.60091,0.0759568,-0.795699,0.629641,0.658222,-0.41267,0.492402,-0.748982,-0.443358
0.883514,0.390752,1.19282,-0.825794,0.127275,-0.549423,0.499419,0.61761,-0.607567,0.262001,-0.776118,-0.573582
0.883514,0.259168,1.14943,-0.825794,0.307513,-0.472758,0.499419,0.788164,-0.359692,0.262001,-0.533136,-0.804439
0.883514,0.15036,1.06365,-0.825794,0.45066,-0.339071,0.499419,0.863654,-0.0684316,0.262001,-0.225849,-0.938268
0.883514,0.0774522,0.945832,-0.825794,0.539451,-0.164488,0.499419,0.834974,0.231082,0.262001,0.108678,-0.958929
0.883514,0.0492375,0.810182,-0.825794,0.563177,0.0299351,0.499419,0.705584,0.502724,0.262001,0.430097,-0.863928
0.883514,0.0691194,0.673062,-0.825794,0.518975,0.220748,0.499419,0.49109,0.71373,0.262001,0.69964,-0.664725
0.883514,0.1347,0.551012,-0.825794,0.412176,0.384935,0.499419,0.217364,0.83865,0.262001,0.884796,-0.385347
0.883514,0.238069,0.458752,-0.825794,0.255664,0.502693,0.499419,-0.0825799,0.862416,0.262001,0.963232,-0.0594894
0.883514,0.366759,0.407411,-0.825794,0.0683143,0.559819,0.499419,-0.372563,0.782162,0.262001,0.925489,0.273543
0.883514,0.505248,0.40318,-0.825794,-0.127275,0.549423,0.499419,-0.61761,0.607567,0.262001,0.776118,0.573582
0.883514,0.636832,0.446571,-0.825794,-0.307513,0.472758,0.499419,-0.788164,0.359692,0.262001,0.533136,0.804439
0.883514,0.74564,0.532349,-0.825794,-0.45066,0.339071,0.499419,-0.863654,0.0684316,0.262001,0.225849,0.938268
0.883514,0.818548,0.650168,-0.825794,-0.539451,0.164488,0.499419,-0.834974,-0.231082,0.262001,-0.108678,0.958929
0.883514,0.846763,0.785818,-0.825794,-0.563177,-0.0299351,0.499419,-0.705584,-0.502724,0.262001,-0.430097,0.863928
0.883514,0.826881,0.922938,-0.825794,-0.518975,-0.220748,0.499419,-0.49109,-0.71373,0.262001,-0.69964,0.664725
0.883514,0.7613,1.04499,-0.825794,-0.412176,-0.384935,0.499419,-0.217364,-0.83865,0.262001,-0.884796,0.385347
0.883514,0.657931,1.13725,-0.825794,-0.255664,-0.502693,0.499419,0.0825799,-0.862416,0.262001,-0.963232,0.0594894
0.883514,0.529241,1.18859,-0.825794,-0.0683143,-0.559819,0.499419,0.372563,-0.782162,0.262001,-0.925489,-0.273543
0.883514,0.390752,1.19282,-0.825794,0.127275,-0.549423,0.499419,0.61761,-0.607567,0.262001,-0.776118,-0.573582
0.875863,0.375103,0.408515,0.985232,0.136166,-0.103815,-0.00862081,0.644979,0.764151,0.17101,-0.751971,0.636628
0.875863,0.512711,0.407071,0.985232,0.163461,-0.0509831,-0.00862081,0.344727,0.938663,0.17101,-0.924361,0.341045
0.875863,0.642514,0.45278,0.985232,0.17104,0.00799854,-0.00862081,0.00289568,0.999959,0.17101,-0.98526,0.00432742
0.875863,0.748856,0.540127,0.985232,0.15799,0.0660154,-0.00862081,-0.339285,0.940644,0.17101,-0.927321,-0.332912
0.875863,0.81891,0.658577,0.985232,0.125883,0.11607,-0.00862081,-0.640543,0.767874,0.17101,-0.757534,-0.629998
0.875863,0.844227,0.793844,0.985232,0.0785932,0.152125,-0.00862081,-0.864542,0.502487,0.17101,-0.496378,-0.851096
0.875863,0.821752,0.929612,0.985232,0.0218238,0.169831,-0.00862081,-0.984264,0.176493,0.17101,-0.17535,-0.96954
0.875863,0.754198,1.04951,0.985232,-0.0375779,0.167053,-0.00862081,-0.98527,-0.170789,0.17101,0.166827,-0.971043
0.875863,0.649712,1.13906,0.985232,-0.0924471,0.144126,-0.00862081,-0.867437,-0.497472,0.17101,0.488882,-0.855424
0.875863,0.520897,1.18749,0.985232,-0.136166,0.103815,-0.00862081,-0.644979,-0.764151,0.17101,0.751971,-0.636628
0.875863,0.383289,1.18893,0.985232,-0.163461,0.0509831,-0.00862081,-0.344727,-0.938663,0.17101,0.924361,-0.341045
0.875863,0.253486,1.14322,0.985232,-0.17104,-0.00799854,-0.00862081,-0.00289568,-0.999959,0.17101,0.98526,-0.00432742
0.875863,0.147144,1.05587,0.985232,-0.15799,-0.0660154,-0.00862081,0.339285,-0.940644,0.17101,0.927321,0.332912
0.875863,0.0770902,0.937423,0.985232,-0.125883,-0.11607,-0.00862081,0.640543,-0.767874,0.17101,0.757534,0.629998
0.875863,0.0517734,0.802156,0.985232,-0.0785932,-0.152125,-0.00862081,0.864542,-0.502487,0.17101,0.496378,0.851096
0.875863,0.0742475,0.666388,0.985232,-0.0218238,-0.169831,-0.00862081,0.984264,-0.176493,0.17101,0.17535,0.96954
0.875863,0.141802,0.546494,0.985232,0.0375779,-0.167053,-0.00862081,0.98527,0.170789,0.17101,-0.166827,0.971043
0.875863,0.246288,0.456936,0.985232,0.0924471,-0.144126,-0.00862081,0.867437,0.497472,0.17101,-0.488882,0.855424
0.875863,0.375103,0.408515,0.985232,0.136166,-0.103815,-0.00862081,0.644979,0.764151,0.17101,-0.751971,0.636628
0.749059,0.390034,0.480165,0.900555,0.0683347,-0.429338,0.292759,0.634759,0.715104,0.321393,-0.769683,0.55163
0.749059,0.502235,0.479507,0.900555,0.211056,-0.380074,0.292759,0.351898,0.889078,0.321393,-0.911934,0.255115
0.749059,0.607896,0.517264,0.900555,0.328321,-0.284967,0.292759,0.0265937,0.955816,0.321393,-0.944192,-0.0721697
0.749059,0.69427,0.588882,0.900555,0.405985,-0.15549,0.292759,-0.301919,0.907269,0.321393,-0.862567,-0.39075
0.749059,0.75094,0.685723,0.900555,0.434682,-0.00725724,0.292759,-0.594015,0.749292,0.321393,-0.676903,-0.6622
0.749059,0.771072,0.796106,0.900555,0.410949,0.14185,0.292759,-0.814464,0.500939,0.321393,-0.409595,-0.853779
0.749059,0.752236,0.906717,0.900555,0.337651,0.273849,0.292759,-0.936677,0.192165,0.321393,-0.0928839,-0.94238
0.749059,0.696705,1.00422,0.900555,0.223626,0.372817,0.292759,-0.945913,-0.139786,0.321393,0.235031,-0.917315
0.749059,0.611176,1.07684,0.900555,0.0826287,0.426818,0.292759,-0.841058,-0.454877,0.321393,0.534597,-0.781609
0.749059,0.505966,1.11583,0.900555,-0.0683347,0.429338,0.292759,-0.634759,-0.715104,0.321393,0.769683,-0.55163
0.749059,0.393765,1.11649,0.900555,-0.211056,0.380074,0.292759,-0.351898,-0.889078,0.321393,0.911934,-0.255115
0.749059,0.288104,1.07874,0.900555,-0.328321,0.284967,0.292759,-0.0265937,-0.955816,0.321393,0.944192,0.0721697
0.749059,0.20173,1.00712,0.900555,-0.405985,0.15549,0.292759,0.301919,-0.907269,0.321393,0.862567,0.39075
0.749059,0.14506,0.910277,0.900555,-0.434682,0.00725724,0.292759,0.594015,-0.749292,0.321393,0.676903,0.6622
0.749059,0.124928,0.799894,0.900555,-0.410949,-0.14185,0.292759,0.814464,-0.500939,0.321393,0.409595,0.853779
0.749059,0.143764,0.689283,0.900555,-0.337651,-0.273849,0.292759,0.936677,-0.192165,0.321393,0.0928839,0.94238
0.749059,0.199295,0.591784,0.900555,-0.223626,-0.372817,0.292759,0.945913,0.139786,0.321393,-0.235031,0.917315
0.749059,0.284824,0.519159,0.900555,-0.0826287,-0.426818,0.292759,0.841058,0.454877,0.321393,-0.534597,0.781609
0.749059,0.390034,0.480165,0.900555,0.0683347,-0.429338,0.292759,0.634759,0.715104,0.321393,-0.769683,0.55163
0.654934,0.412911,0.589952,0.707258,0.0105022,-0.706878,0.558827,0.604128,0.568104,0.433011,-0.796818,0.421405
0.654934,0.486183,0.590498,0.707258,0.251635,-0.660656,0.558827,0.373391,0.740467,0.433011,-0.892893,0.123463
0.654934,0.554851,0.616071,0.707258,0.462417,-0.534749,0.558827,0.0976186,0.823518,0.433011,-0.881272,-0.18937
0.654934,0.61063,0.663588,0.707258,0.617425,-0.344344,0.558827,-0.189928,0.807242,0.433011,-0.763357,-0.479362
0.654934,0.646794,0.727317,0.707258,0.697962,-0.112405,0.558827,-0.454567,0.6936,0.433011,-0.553369,-0.711537
0.654934,0.65898,0.799571,0.707258,0.694315,0.133091,0.558827,-0.664379,0.496299,0.433011,-0.276637,-0.857889
0.654934,0.645719,0.871636,0.707258,0.606923,0.362534,0.558827,-0.794056,0.239138,0.433011,0.0334617,-0.900768
0.654934,0.608611,0.934819,0.707258,0.446327,0.54825,0.558827,-0.827959,-0.0468669,0.433011,0.339524,-0.835
0.654934,0.55213,0.9815,0.707258,0.231898,0.66784,0.558827,-0.761997,-0.327219,0.433011,0.604635,-0.668519
0.654934,0.483089,1.00605,0.707258,-0.0105022,0.706878,0.558827,-0.604128,-0.568104,0.433011,0.796818,-0.421405
0.654934,0.409817,1.0055,0.707258,-0.251635,0.660656,0.558827,-0.373391,-0.740467,0.433011,0.892893,-0.123463
0.654934,0.341149,0.979929,0.707258,-0.462417,0.534749,0.558827,-0.0976186,-0.823518,0.433011,0.881272,0.18937
0.654934,0.28537,0.932412,0.707258,-0.617425,0.344344,0.558827,0.189928,-0.807242,0.433011,0.763357,0.479362
0.654934,0.249206,0.868683,0.707258,-0.697962,0.112405,0.558827,0.454567,-0.6936,0.433011,0.553369,0.711537
0.654934,0.23702,0.796429,0.707258,-0.694315,-0.133091,0.558827,0.664379,-0.496299,0.433011,0.276637,0.857889
0.654934,0.250281,0.724364,0.707258,-0.606923,-0.362534,0.558827,0.794056,-0.239138,0.433011,-0.0334617,0.900768
0.654934,0.287389,0.661181,0.707258,-0.446327,-0.54825,0.558827,0.827959,0.0468669,0.433011,-0.339524,0.835
