0.658953,0.255242,1.12891,0.308961,0.794257,0.523163,0.951075,-0.258016,-0.169955,-3.49349e-06,0.550077,-0.835114
0.907818,-0.0281765,0.998498,0.92986,-0.0290242,-0.366768,-0.179072,0.835131,-0.520086,0.321394,0.549285,0.771357
0.907818,-0.0214755,0.857498,0.92986,0.0981683,-0.354576,-0.179072,0.962646,-0.203089,0.321394,0.252339,0.912705
0.907818,0.0330464,0.727293,0.92986,0.21352,-0.299617,-0.179072,0.974052,0.138403,0.321394,-0.0750421,0.943967
0.907818,0.128813,0.623588,0.92986,0.303118,-0.20852,-0.179072,0.867973,0.463202,0.321394,-0.393372,0.861373
0.907818,0.254273,0.558891,0.92986,0.356156,-0.0922718,-0.179072,0.657204,0.732131,0.321394,-0.664256,0.674885
0.907818,0.394295,0.541006,0.92986,0.366236,0.0351054,-0.179072,0.367166,0.912755,0.321394,-0.855021,0.406995
0.907818,0.531989,0.57209,0.92986,0.332143,0.158248,-0.179072,0.0328423,0.983288,0.321394,-0.942657,0.0900162
0.907818,0.650749,0.648393,0.92986,0.257988,0.262304,-0.179072,-0.305443,0.935221,0.321394,-0.916595,-0.23782
0.907818,0.736249,0.760713,0.92986,0.152716,0.334722,-0.179072,-0.606886,0.774353,0.321394,-0.779979,-0.536972
0.907818,0.778177,0.895502,0.92986,0.0290242,0.366768,-0.179072,-0.835131,0.520086,0.321394,-0.549285,-0.771357
0.907818,0.771475,1.0365,0.92986,-0.0981683,0.354576,-0.179072,-0.962646,0.203089,0.321394,-0.252339,-0.912705
0.907818,0.716954,1.16671,0.92986,-0.21352,0.299617,-0.179072,-0.974052,-0.138403,0.321394,0.0750421,-0.943967
0.907818,0.621187,1.27041,0.92986,-0.303118,0.20852,-0.179072,-0.867973,-0.463202,0.321394,0.393372,-0.861373
0.907818,0.495727,1.33511,0.92986,-0.356156,0.0922718,-0.179072,-0.657204,-0.732131,0.321394,0.664256,-0.674885
0.907818,0.355705,1.35299,0.92986,-0.366236,-0.0351054,-0.179072,-0.367166,-0.912755,0.321394,0.855021,-0.406995
0.907818,0.218011,1.32191,0.92986,-0.332143,-0.158248,-0.179072,-0.0328423,-0.983288,0.321394,0.942657,-0.0900162
0.907818,0.0992514,1.24561,0.92986,-0.257988,-0.262304,-0.179072,0.305443,-0.935221,0.321394,0.916595,0.23782
0.907818,0.0137515,1.13329,0.92986,-0.152716,-0.334722,-0.179072,0.606886,-0.774353,0.321394,0.779979,0.536972
0.907818,-0.0281765,0.998498,0.92986,-0.0290242,-0.366768,-0.179072,0.835131,-0.520086,0.321394,0.549285,0.771357
0.809114,0.0193964,1.02983,0.796489,-0.283235,-0.534212,-0.0275851,0.865562,-0.500042,0.604023,0.413014,0.681598
0.809114,0.0125111,0.903215,0.796489,-0.0834422,-0.598867,-0.0275851,0.984386,-0.173846,0.604023,0.154986,0.781752
0.809114,0.0493473,0.781877,0.796489,0.126415,-0.59129,-0.0275851,0.984479,0.173318,0.604023,-0.121735,0.787615
0.809114,0.125462,0.680455,0.796489,0.321024,-0.512395,-0.0275851,0.86583,0.499578,0.604023,-0.383774,0.69848
0.809114,0.231675,0.611183,0.796489,0.476913,-0.371697,-0.0275851,0.642748,0.765581,0.604023,-0.599524,0.525098
0.809114,0.355175,0.582415,0.796489,0.57528,-0.186167,-0.0275851,0.342142,0.939243,0.604023,-0.742962,0.288381
0.809114,0.481066,0.597621,0.796489,0.604259,0.0218177,-0.0275851,0.000267867,0.999619,0.604023,-0.796788,0.0168819
0.809114,0.594164,0.654968,0.796489,0.560355,0.227171,-0.0275851,-0.341638,0.939427,0.604023,-0.75451,-0.256654
0.809114,0.680827,0.747538,0.796489,0.448865,0.405123,-0.0275851,-0.642338,0.765925,0.604023,-0.621227,-0.499233
0.809114,0.730604,0.864166,0.796489,0.283235,0.534212,-0.0275851,-0.865562,0.500042,0.604023,-0.413014,-0.681598
0.809114,0.737489,0.990785,0.796489,0.0834422,0.598867,-0.0275851,-0.984386,0.173846,0.604023,-0.154986,-0.781752
0.809114,0.700653,1.11212,0.796489,-0.126415,0.59129,-0.0275851,-0.984479,-0.173318,0.604023,0.121735,-0.787615
0.809114,0.624538,1.21354,0.796489,-0.321024,0.512395,-0.0275851,-0.86583,-0.499578,0.604023,0.383774,-0.69848
0.809114,0.518325,1.28282,0.796489,-0.476913,0.371697,-0.0275851,-0.642748,-0.765581,0.604023,0.599524,-0.525098
0.809114,0.394825,1.31159,0.796489,-0.57528,0.186167,-0.0275851,-0.342142,-0.939243,0.604023,0.742962,-0.288381
0.809114,0.268934,1.29638,0.796489,-0.604259,-0.0218177,-0.0275851,-0.000267867,-0.999619,0.604023,0.796788,-0.0168819
0.809114,0.155836,1.23903,0.796489,-0.560355,-0.227171,-0.0275851,0.341638,-0.939427,0.604023,0.75451,0.256654
0.809114,0.0691727,1.14646,0.796489,-0.448865,-0.405123,-0.0275851,0.642338,-0.765925,0.604023,0.621227,0.499233
0.809114,0.0193964,1.02983,0.796489,-0.283235,-0.534212,-0.0275851,0.865562,-0.500042,0.604023,0.413014,0.681598
0.735846,0.0922926,1.07785,0.567051,-0.48402,-0.666466,0.127229,0.850889,-0.509706,0.813797,0.204236,0.544079
0.735846,0.0645888,0.973266,0.567051,-0.226886,-0.791818,0.127229,0.973904,-0.187946,0.813797,0.00583267,0.58112
0.735846,0.0743253,0.865515,0.567051,0.0576151,-0.821665,0.127229,0.979452,0.156483,0.813797,-0.193274,0.548069
0.735846,0.120328,0.767593,0.567051,0.335167,-0.752407,0.127229,0.866863,0.482038,0.813797,-0.369068,0.448913
0.735846,0.197047,0.691309,0.567051,0.572292,-0.592398,0.127229,0.649718,0.749452,0.813797,-0.500348,0.295611
0.735846,0.29523,0.645866,0.567051,0.74039,-0.360936,0.127229,0.354208,0.926472,0.813797,-0.571278,0.106654
0.735846,0.403035,0.636744,0.567051,0.819187,-0.0859409,0.127229,0.0159743,0.991745,0.813797,-0.573304,-0.0951663
0.735846,0.507458,0.665043,0.567051,0.799178,0.19942,0.127229,-0.324186,0.937399,0.813797,-0.506181,-0.285509
0.735846,0.595905,0.72735,0.567051,0.682775,0.460729,0.127229,-0.625244,0.769989,0.813797,-0.378005,-0.441414
0.735846,0.657707,0.816151,0.567051,0.48402,0.666466,0.127229,-0.850889,0.509706,0.813797,-0.204236,-0.544079
0.735846,0.685411,0.920734,0.567051,0.226886,0.791818,0.127229,-0.973904,0.187946,0.813797,-0.00583267,-0.58112
0.735846,0.675675,1.02848,0.567051,-0.0576151,0.821665,0.127229,-0.979452,-0.156483,0.813797,0.193274,-0.548069
0.735846,0.629672,1.12641,0.567051,-0.335167,0.752407,0.127229,-0.866863,-0.482038,0.813797,0.369068,-0.448913
0.735846,0.552953,1.20269,0.567051,-0.572292,0.592398,0.127229,-0.649718,-0.749452,0.813797,0.500348,-0.295611
0.735846,0.45477,1.24813,0.567051,-0.74039,0.360936,0.127229,-0.354208,-0.926472,0.813797,0.571278,-0.106654
0.735846,0.346965,1.25726,0.567051,-0.819187,0.0859409,0.127229,-0.0159743,-0.991745,0.813797,0.573304,0.0951663
0.735846,0.242542,1.22896,0.567051,-0.799178,-0.19942,0.127229,0.324186,-0.937399,0.813797,0.506181,0.285509
0.735846,0.154095,1.16665,0.567051,-0.682775,-0.460729,0.127229,0.625244,-0.769989,0.813797,0.378005,0.441414
0.735846,0.0922926,1.07785,0.567051,-0.48402,-0.666466,0.127229,0.850889,-0.509706,0.813797,0.204236,0.544079
0.696852,0.18172,1.13675,0.269218,-0.607164,-0.747579,0.266698,0.792882,-0.547915,0.925416,-0.0518692,0.375387
0.696852,0.128476,1.0592,0.269218,-0.31486,-0.910156,0.266698,0.932463,-0.24369,0.925416,-0.177131,0.335008
0.696852,0.104968,0.968121,0.269218,0.0154198,-0.962956,0.266698,0.959576,0.0899276,0.925416,-0.281028,0.254222
0.696852,0.114029,0.874491,0.269218,0.34384,-0.899609,0.266698,0.870949,0.412698,0.925416,-0.351029,0.142774
0.696852,0.154567,0.789606,0.269218,0.630788,-0.727755,0.266698,0.677273,0.685692,0.925416,-0.378691,0.0141041
0.696852,0.221692,0.723706,0.269218,0.841654,-0.468124,0.266698,0.401908,0.875981,0.925416,-0.360677,-0.116267
0.696852,0.307309,0.684738,0.269218,0.951004,-0.15203,0.266698,0.0780671,0.960613,0.925416,-0.29916,-0.232614
0.696852,0.40109,0.677402,0.269218,0.945649,0.182401,0.266698,-0.25519,0.929382,0.925416,-0.20156,-0.320904
0.696852,0.491725,0.702584,0.269218,0.826234,0.494832,0.266698,-0.557667,0.786053,0.925416,-0.0796488,-0.370489
0.696852,0.56828,0.757247,0.269218,0.607164,0.747579,0.266698,-0.792882,0.547915,0.925416,0.0518692,-0.375387
0.696852,0.621524,0.834796,0.269218,0.31486,0.910156,0.266698,-0.932463,0.24369,0.925416,0.177131,-0.335008
0.696852,0.645032,0.925879,0.269218,-0.0154198,0.962956,0.266698,-0.959576,-0.0899276,0.925416,0.281028,-0.254222
0.696852,0.635971,1.01951,0.269218,-0.34384,0.899609,0.266698,-0.870949,-0.412698,0.925416,0.351029,-0.142774
0.696852,0.595433,1.10439,0.269218,-0.630788,0.727755,0.266698,-0.677273,-0.685692,0.925416,0.378691,-0.0141041
0.696852,0.528308,1.17029,0.269218,-0.841654,0.468124,0.266698,-0.401908,-0.875981,0.925416,0.360677,0.116267
0.696852,0.442691,1.20926,0.269218,-0.951004,0.15203,0.266698,-0.0780671,-0.960613,0.925416,0.29916,0.232614
0.696852,0.34891,1.2166,0.269218,-0.945649,-0.182401,0.266698,0.25519,-0.929382,0.925416,0.20156,0.320904
0.696852,0.258275,1.19142,0.269218,-0.826234,-0.494832,0.266698,0.557667,-0.786053,0.925416,0.0796488,0.370489
0.696852,0.18172,1.13675,0.269218,-0.607164,-0.747579,0.266698,0.792882,-0.547915,0.925416,-0.0518692,0.375387
0.696834,0.276892,1.19944,-0.061087,-0.637812,-0.767766,0.373999,0.698537,-0.610058,0.925415,-0.32441,0.195869
0.696834,0.196468,1.15066,-0.061087,-0.336756,-0.939608,0.373999,0.865062,-0.334353,0.925415,-0.371837,0.0731021
0.696834,0.137578,1.07732,-0.061087,0.00491829,-0.99812,0.373999,0.927248,-0.0183204,0.925415,-0.374415,-0.0584823
0.696834,0.107325,0.988256,-0.061087,0.345999,-0.936244,0.373999,0.877594,0.299922,0.925415,-0.331833,-0.183013
0.696834,0.109357,0.894218,-0.061087,0.645347,-0.761443,0.373999,0.72209,0.581989,0.925415,-0.249227,-0.285469
0.696834,0.14343,0.806546,-0.061087,0.866857,-0.494801,0.373999,0.47949,0.79386,0.925415,-0.13656,-0.353494
0.696834,0.205433,0.735815,-0.061087,0.983811,-0.168478,0.373999,0.179057,0.90998,0.925415,-0.00742267,-0.378882
0.696834,0.287889,0.690556,-0.061087,0.982103,0.178165,0.373999,-0.142973,0.916343,0.925415,0.12261,-0.358571
0.696834,0.380852,0.676228,-0.061087,0.861938,0.50332,0.373999,-0.447758,0.812181,0.925415,0.237855,-0.295012
0.696834,0.473108,0.694559,-0.061087,0.637812,0.767766,0.373999,-0.698537,0.610058,0.925415,0.32441,-0.195869
0.696834,0.553532,0.743338,-0.061087,0.336756,0.939608,0.373999,-0.865062,0.334353,0.925415,0.371837,-0.0731021
0.696834,0.612422,0.816681,-0.061087,-0.00491829,0.99812,0.373999,-0.927248,0.0183204,0.925415,0.374415,0.0584823
0.696834,0.642675,0.905744,-0.061087,-0.345999,0.936244,0.373999,-0.877594,-0.299922,0.925415,0.331833,0.183013
0.696834,0.640643,0.999782,-0.061087,-0.645347,0.761443,0.373999,-0.72209,-0.581989,0.925415,0.249227,0.285469
0.696834,0.60657,1.08745,-0.061087,-0.866857,0.494801,0.373999,-0.47949,-0.79386,0.925415,0.13656,0.353494
0.696834,0.544567,1.15819,-0.061087,-0.983811,0.168478,0.373999,-0.179057,-0.90998,0.925415,0.00742267,0.378882
0.696834,0.462111,1.20344,-0.061087,-0.982103,-0.178165,0.373999,0.142973,-0.916343,0.925415,-0.12261,0.358571
0.696834,0.369148,1.21777,-0.061087,-0.861938,-0.50332,0.373999,0.447758,-0.812181,0.925415,-0.237855,0.295012
0.696834,0.276892,1.19944,-0.061087,-0.637812,-0.767766,0.373999,0.698537,-0.610058,0.925415,-0.32441,0.195869
0.735794,0.366329,1.25835,-0.384024,-0.572268,-0.724593,0.43619,0.579234,-0.688641,0.813796,-0.580515,0.0271776
0.735794,0.260363,1.23661,-0.384024,-0.28993,-0.876622,0.43619,0.779831,-0.449001,0.813796,-0.554801,-0.173009
0.735794,0.168224,1.17994,-0.384024,0.027377,-0.922917,0.43619,0.886369,-0.155205,0.813796,-0.462169,-0.352328
0.735794,0.101026,1.09517,-0.384024,0.341382,-0.857895,0.43619,0.885997,0.157311,0.813796,-0.313794,-0.489152
0.735794,0.0668721,0.992527,-0.384024,0.614212,-0.689398,0.43619,0.778762,0.450853,0.813796,-0.12757,-0.566976
0.735794,0.0698835,0.884395,-0.384024,0.812958,-0.437749,0.43619,0.577596,0.690016,0.813796,0.0740406,-0.576415
0.735794,0.109696,0.783815,-0.384024,0.91365,-0.133302,0.43619,0.306763,0.845952,0.813796,0.266721,-0.516329
0.735794,0.181509,0.702917,-0.384024,0.904142,0.187224,0.43619,-0.00106948,0.899854,0.813796,0.427231,-0.393967
0.735794,0.276659,0.651459,-0.384024,0.785581,0.485168,0.43619,-0.308773,0.84522,0.813796,0.53621,-0.224086
0.735794,0.383671,0.635648,-0.384024,0.572268,0.724593,0.43619,-0.579234,0.688641,0.813796,0.580515,-0.0271776
0.735794,0.489637,0.65739,-0.384024,0.28993,0.876622,0.43619,-0.779831,0.449001,0.813796,0.554801,0.173009
0.735794,0.581776,0.714064,-0.384024,-0.027377,0.922917,0.43619,-0.886369,0.155205,0.813796,0.462169,0.352328
0.735794,0.648974,0.798833,-0.384024,-0.341382,0.857895,0.43619,-0.885997,-0.157311,0.813796,0.313794,0.489152
0.735794,0.683128,0.901473,-0.384024,-0.614212,0.689398,0.43619,-0.778762,-0.450853,0.813796,0.12757,0.566976
0.735794,0.680117,1.0096,-0.384024,-0.812958,0.437749,0.43619,-0.577596,-0.690016,0.813796,-0.0740406,0.576415
0.735794,0.640304,1.11019,-0.384024,-0.91365,0.133302,0.43619,-0.306763,-0.845952,0.813796,-0.266721,0.516329
0.735794,0.568491,1.19108,-0.384024,-0.904142,-0.187224,0.43619,0.00106948,-0.899854,0.813796,-0.427231,0.393967
0.735794,0.473341,1.24254,-0.384024,-0.785581,-0.485168,0.43619,0.308773,-0.84522,0.813796,-0.53621,0.224086
0.735794,0.366329,1.25835,-0.384024,-0.572268,-0.724593,0.43619,0.579234,-0.688641,0.813796,-0.580515,0.0271776
0.809034,0.439245,1.30638,-0.660642,-0.418437,-0.623268,0.44577,0.449363,-0.774185,0.604021,-0.789293,-0.110341
0.809034,0.312455,1.30668,-0.660642,-0.180032,-0.728794,0.44577,0.68705,-0.573805,0.604021,-0.703954,-0.373641
0.809034,0.193209,1.2636,-0.660642,0.0800873,-0.746417,0.44577,0.841868,-0.304215,0.604021,-0.533708,-0.591874
0.809034,0.0958896,1.18233,-0.660642,0.330547,-0.674011,0.44577,0.895145,0.00206717,0.604021,-0.299088,-0.738718
0.809034,0.0322352,1.07267,-0.660642,0.541138,-0.52031,0.44577,0.840454,0.3081,0.604021,-0.0283946,-0.796462
0.809034,0.00992324,0.947863,-0.660642,0.68646,-0.303851,0.44577,0.684392,0.576972,0.604021,0.245724,-0.758141
0.809034,0.0316449,0.822947,-0.660642,0.748984,-0.0507434,0.44577,0.445782,0.776252,0.604021,0.490205,-0.628377
0.809034,0.0947803,0.712994,-0.660642,0.72117,0.208485,0.44577,0.153405,0.881905,0.604021,0.675559,-0.422822
0.809034,0.191714,0.631266,-0.660642,0.606373,0.442566,0.44577,-0.157476,0.881187,0.604021,0.779432,-0.166267
0.809034,0.310755,0.587619,-0.660642,0.418437,0.623268,0.44577,-0.449363,0.774185,0.604021,0.789293,0.110341
0.809034,0.437545,0.58732,-0.660642,0.180032,0.728794,0.44577,-0.68705,0.573805,0.604021,0.703954,0.373641
0.809034,0.556791,0.630403,-0.660642,-0.0800873,0.746417,0.44577,-0.841868,0.304215,0.604021,0.533708,0.591874
0.809034,0.65411,0.711672,-0.660642,-0.330547,0.674011,0.44577,-0.895145,-0.00206717,0.604021,0.299088,0.738718
0.809034,0.717765,0.821326,-0.660642,-0.541138,0.52031,0.44577,-0.840454,-0.3081,0.604021,0.0283946,0.796462
0.809034,0.740077,0.946137,-0.660642,-0.68646,0.303851,0.44577,-0.684392,-0.576972,0.604021,-0.245724,0.758141
0.809034,0.718355,1.07105,-0.660642,-0.748984,0.0507434,0.44577,-0.445782,-0.776252,0.604021,-0.490205,0.628377
0.809034,0.65522,1.18101,-0.660642,-0.72117,-0.208485,0.44577,-0.153405,-0.881905,0.604021,-0.675559,0.422822
0.809034,0.558286,1.26273,-0.660642,-0.606373,-0.442566,0.44577,0.157476,-0.881187,0.604021,-0.779432,0.166267
0.809034,0.439245,1.30638,-0.660642,-0.418437,-0.623268,0.44577,0.449363,-0.774185,0.604021,-0.789293,-0.110341
0.90772,0.486844,1.33773,-0.857576,-0.194875,-0.476011,0.401584,0.324587,-0.856372,0.321392,-0.925563,-0.2001
0.90772,0.34646,1.35242,-0.857576,-0.020317,-0.513955,0.401584,0.597909,-0.693711,0.321392,-0.801307,-0.504594
0.90772,0.209519,1.31821,-0.857576,0.156691,-0.489909,0.401584,0.799114,-0.447379,0.321392,-0.580401,-0.748226
0.90772,0.0925369,1.23923,-0.857576,0.3148,-0.406772,0.401584,0.903934,-0.147085,0.321392,-0.28949,-0.901611
0.90772,0.00962435,1.12499,-0.857576,0.43494,-0.274573,0.401584,0.899726,0.170948,0.321392,0.0363375,-0.946249
0.90772,-0.0292186,0.989294,-0.857576,0.502619,-0.109256,0.401584,0.786998,0.468363,0.321392,0.357782,-0.876755
0.90772,-0.0193067,0.848493,-0.857576,0.509675,0.0692391,0.401584,0.579347,0.709287,0.321392,0.636073,-0.701511
0.90772,0.0381643,0.719573,-0.857576,0.455257,0.239383,0.401584,0.301817,0.86466,0.321392,0.837644,-0.441655
0.90772,0.136263,0.618084,-0.857576,0.345928,0.380653,0.401584,-0.0121155,0.915742,0.321392,0.938183,-0.128529
0.90772,0.263156,0.556267,-0.857576,0.194875,0.476011,0.401584,-0.324587,0.856372,0.321392,0.925563,0.2001
0.90772,0.40354,0.541578,-0.857576,0.020317,0.513955,0.401584,-0.597909,0.693711,0.321392,0.801307,0.504594
0.90772,0.540481,0.575789,-0.857576,-0.156691,0.489909,0.401584,-0.799114,0.447379,0.321392,0.580401,0.748226
0.90772,0.657463,0.654774,-0.857576,-0.3148,0.406772,0.401584,-0.903934,0.147085,0.321392,0.28949,0.901611
0.90772,0.740376,0.769005,-0.857576,-0.43494,0.274573,0.401584,-0.899726,-0.170948,0.321392,-0.0363375,0.946249
0.90772,0.779219,0.904706,-0.857576,-0.502619,0.109256,0.401584,-0.786998,-0.468363,0.321392,-0.357782,0.876755
0.90772,0.769307,1.04551,-0.857576,-0.509675,-0.0692391,0.401584,-0.579347,-0.709287,0.321392,-0.636073,0.701511
0.90772,0.711836,1.17443,-0.857576,-0.455257,-0.239383,0.401584,-0.301817,-0.86466,0.321392,-0.837644,0.441655
0.90772,0.613737,1.27592,-0.857576,-0.345928,-0.380653,0.401584,0.0121155,-0.915742,0.321392,-0.938183,0.128529
0.90772,0.486844,1.33773,-0.857576,-0.194875,-0.476011,0.401584,0.324587,-0.856372,0.321392,-0.925563,-0.2001
0.883612,-0.0131956,0.854854,0.961642,0.0143873,-0.273931,-0.0812368,0.968763,-0.234303,0.262003,0.247569,0.932772
0.883612,0.0417311,0.727641,0.961642,0.107209,-0.25249,-0.0812368,0.990476,0.111164,0.262003,-0.0863882,0.961193
0.883612,0.136855,0.626885,0.961642,0.1871,-0.200595,-0.0812368,0.892723,0.443222,0.262003,-0.409926,0.873679
0.883612,0.260703,0.56474,0.961642,0.244424,-0.124506,-0.0812368,0.687294,0.721822,0.262003,-0.68402,0.680787
0.883612,0.398336,0.548701,0.961642,0.272267,-0.0333988,-0.0812368,0.398968,0.913359,0.262003,-0.875611,0.405782
0.883612,0.533155,0.580703,0.961642,0.267271,0.0617363,-0.0812368,0.0625196,0.994732,0.262003,-0.961591,0.0818336
0.883612,0.648898,0.656886,0.961642,0.230037,0.149425,-0.0812368,-0.281469,0.956125,0.262003,-0.931589,-0.251985
0.883612,0.731605,0.76806,0.961642,0.165058,0.219091,-0.0812368,-0.591509,0.802196,0.262003,-0.789223,-0.555411
0.883612,0.7713,0.900818,0.961642,0.0801701,0.262331,-0.0812368,-0.830203,0.55151,0.262003,-0.551666,-0.791846
0.883612,0.763196,1.03915,0.961642,-0.0143873,0.273931,-0.0812368,-0.968763,0.234303,0.262003,-0.247569,-0.932772
0.883612,0.708269,1.16636,0.961642,-0.107209,0.25249,-0.0812368,-0.990476,-0.111164,0.262003,0.0863882,-0.961193
0.883612,0.613145,1.26711,0.961642,-0.1871,0.200595,-0.0812368,-0.892723,-0.443222,0.262003,0.409926,-0.873679
0.883612,0.489297,1.32926,0.961642,-0.244424,0.124506,-0.0812368,-0.687294,-0.721822,0.262003,0.68402,-0.680787
0.883612,0.351664,1.3453,0.961642,-0.272267,0.0333988,-0.0812368,-0.398968,-0.913359,0.262003,0.875611,-0.405782
0.883612,0.216845,1.3133,0.961642,-0.267271,-0.0617363,-0.0812368,-0.0625196,-0.994732,0.262003,0.961591,-0.0818336
0.883612,0.101102,1.23711,0.961642,-0.230037,-0.149425,-0.0812368,0.281469,-0.956125,0.262003,0.931589,0.251985
0.883612,0.0183949,1.12594,0.961642,-0.165058,-0.219091,-0.0812368,0.591509,-0.802196,0.262003,0.789223,0.555411
0.883612,-0.0213002,0.993182,0.961642,-0.0801701,-0.262331,-0.0812368,0.830203,-0.55151,0.262003,0.551666,0.791846
0.883612,-0.0131956,0.854854,0.961642,0.0143873,-0.273931,-0.0812368,0.968763,-0.234303,0.262003,0.247569,0.932772
0.763622,0.0446404,0.89295,0.856221,-0.253299,-0.450251,0.156285,0.957712,-0.241582,0.492403,0.13648,0.8596
0.763622,0.0830497,0.78322,0.856221,-0.0840283,-0.509731,0.156285,0.982581,0.100544,0.492403,-0.165751,0.854439
0.763622,0.156672,0.693244,0.856221,0.0953774,-0.50773,0.156285,0.888936,0.430543,0.492403,-0.44799,0.74622
0.763622,0.256629,0.633875,0.856221,0.263279,-0.444489,0.156285,0.688073,0.708612,0.492403,-0.676195,0.547995
0.763622,0.370862,0.612274,0.856221,0.399426,-0.327636,0.156285,0.404217,0.901212,0.492403,-0.822841,0.283675
0.763622,0.485595,0.631045,0.856221,0.487395,-0.171266,0.156285,0.0716072,0.985113,0.492403,-0.87024,-0.0148612
0.763622,0.586988,0.687925,0.856221,0.516578,0.00576211,0.156285,-0.26964,0.950194,0.492403,-0.812676,-0.311605
0.763622,0.662813,0.776054,0.856221,0.483454,0.182095,0.156285,-0.578364,0.800668,0.492403,-0.65709,-0.570764
0.763622,0.703923,0.884801,0.856221,0.392018,0.336464,0.156285,-0.817329,0.55457,0.492403,-0.42225,-0.761081
0.763622,0.70536,1.00105,0.856221,0.253299,0.450251,0.156285,-0.957712,0.241582,0.492403,-0.13648,-0.8596
0.763622,0.66695,1.11078,0.856221,0.0840283,0.509731,0.156285,-0.982581,-0.100544,0.492403,0.165751,-0.854439
0.763622,0.593328,1.20076,0.856221,-0.0953774,0.50773,0.156285,-0.888936,-0.430543,0.492403,0.44799,-0.74622
0.763622,0.493371,1.26012,0.856221,-0.263279,0.444489,0.156285,-0.688073,-0.708612,0.492403,0.676195,-0.547995
0.763622,0.379138,1.28173,0.856221,-0.399426,0.327636,0.156285,-0.404217,-0.901212,0.492403,0.822841,-0.283675
0.763622,0.264405,1.26296,0.856221,-0.487395,0.171266,0.156285,-0.0716072,-0.985113,0.492403,0.87024,0.0148612
0.763622,0.163012,1.20607,0.856221,-0.516578,-0.00576211,0.156285,0.26964,-0.950194,0.492403,0.812676,0.311605
0.763622,0.0871873,1.11795,0.856221,-0.483454,-0.182095,0.156285,0.578364,-0.800668,0.492403,0.65709,0.570764
0.763622,0.0460774,1.0092,0.856221,-0.392018,-0.336464,0.156285,0.817329,-0.55457,0.492403,0.42225,0.761081
0.763622,0.0446404,0.89295,0.856221,-0.253299,-0.450251,0.156285,0.957712,-0.241582,0.492403,0.13648,0.8596
0.674556,0.133261,0.951323,0.647527,-0.474731,-0.596104,0.374957,0.879485,-0.293109,0.663413,-0.0337175,0.747494
0.674556,0.146361,0.868382,0.647527,-0.242221,-0.722522,0.374957,0.926695,0.0253689,0.663413,-0.287342,0.690882
0.674556,0.187038,0.794924,0.647527,0.0195035,-0.761793,0.374957,0.862132,0.340787,0.663413,-0.506309,0.55094
0.674556,0.250387,0.739809,0.647527,0.278876,-0.709181,0.374957,0.693583,0.615102,0.663413,-0.664207,0.344547
0.674556,0.328765,0.709684,0.647527,0.504612,-0.571031,0.374957,0.441377,0.815226,0.663413,-0.741993,0.0965957
0.674556,0.412721,0.708183,0.647527,0.669484,-0.364006,0.374957,0.135935,0.917022,0.663413,-0.730283,-0.163006
0.674556,0.492126,0.735486,0.647527,0.753607,-0.113077,0.374957,-0.185902,0.908211,0.663413,-0.63049,-0.402947
0.674556,0.557405,0.788302,0.647527,0.746833,0.151491,0.374957,-0.485318,0.789857,0.663413,-0.454651,-0.594287
0.674556,0.600682,0.860258,0.647527,0.64998,0.397787,0.374957,-0.726196,0.576234,0.663413,-0.223974,-0.713946
0.674556,0.616739,0.942677,0.647527,0.474731,0.596104,0.374957,-0.879485,0.293109,0.663413,0.0337175,-0.747494
0.674556,0.603639,1.02562,0.647527,0.242221,0.722522,0.374957,-0.926695,-0.0253689,0.663413,0.287342,-0.690882
0.674556,0.562962,1.09908,0.647527,-0.0195035,0.761793,0.374957,-0.862132,-0.340787,0.663413,0.506309,-0.55094
0.674556,0.499613,1.15419,0.647527,-0.278876,0.709181,0.374957,-0.693583,-0.615102,0.663413,0.664207,-0.344547
0.674556,0.421235,1.18432,0.647527,-0.504612,0.571031,0.374957,-0.441377,-0.815226,0.663413,0.741993,-0.0965957
0.674556,0.337279,1.18582,0.647527,-0.669484,0.364006,0.374957,-0.135935,-0.917022,0.663413,0.730283,0.163006
0.674556,0.257874,1.15851,0.647527,-0.753607,0.113077,0.374957,0.185902,-0.908211,0.663413,0.63049,0.402947
0.674556,0.192595,1.1057,0.647527,-0.746833,-0.151491,0.374957,0.485318,-0.789857,0.663413,0.454651,0.594287
0.674556,0.149318,1.03374,0.647527,-0.64998,-0.397787,0.374957,0.726196,-0.576234,0.663413,0.223974,0.713946
0.674556,0.133261,0.951323,0.647527,-0.474731,-0.596104,0.374957,0.879485,-0.293109,0.663413,-0.0337175,0.747494
0.627155,0.241976,1.02293,0.360731,-0.6232,-0.693898,0.548404,0.743517,-0.382669,0.754404,-0.242496,0.609975
0.627155,0.224028,0.972856,0.360731,-0.348289,-0.865198,0.548404,0.829558,-0.105293,0.754404,-0.436495,0.490251
0.627155,0.22429,0.919661,0.360731,-0.0313697,-0.932142,0.548404,0.815542,0.184782,0.754404,-0.577847,0.311395
0.627155,0.242729,0.869764,0.360731,0.289333,-0.886656,0.548404,0.70316,0.45257,0.754404,-0.649502,0.0949801
0.627155,0.277123,0.829183,0.360731,0.575139,-0.734226,0.548404,0.505966,0.665772,0.754404,-0.642817,-0.132891
0.627155,0.323321,0.802812,0.360731,0.791574,-0.493238,0.548404,0.247745,0.798671,0.754404,-0.558599,-0.344733
0.627155,0.375753,0.793832,0.360731,0.912533,-0.192758,0.548404,-0.0403574,0.835239,0.754404,-0.407006,-0.514995
0.627155,0.428094,0.803327,0.360731,0.923428,0.130972,0.548404,-0.323592,0.771065,0.754404,-0.206322,-0.623141
0.627155,0.474031,0.830151,0.360731,0.822944,0.438904,0.548404,-0.567797,0.613889,0.754404,0.0192476,-0.656128
0.627155,0.508024,0.871068,0.360731,0.6232,0.693898,0.548404,-0.743517,0.382669,0.754404,0.242496,-0.609975
0.627155,0.525972,0.921144,0.360731,0.348289,0.865198,0.548404,-0.829558,0.105293,0.754404,0.436495,-0.490251
0.627155,0.52571,0.974339,0.360731,0.0313697,0.932142,0.548404,-0.815542,-0.184782,0.754404,0.577847,-0.311395
0.627155,0.507271,1.02424,0.360731,-0.289333,0.886656,0.548404,-0.70316,-0.45257,0.754404,0.649502,-0.0949801
0.627155,0.472877,1.06482,0.360731,-0.575139,0.734226,0.548404,-0.505966,-0.665772,0.754404,0.642817,0.132891
0.627155,0.426679,1.09119,0.360731,-0.791574,0.493238,0.548404,-0.247745,-0.798671,0.754404,0.558599,0.344733
0.627155,0.374247,1.10017,0.360731,-0.912533,0.192758,0.548404,0.0403574,-0.835239,0.754404,0.407006,0.514995
0.627155,0.321906,1.09067,0.360731,-0.923428,-0.130972,0.548404,0.323592,-0.771065,0.754404,0.206322,0.623141
0.627155,0.275969,1.06385,0.360731,-0.822944,-0.438904,0.548404,0.567797,-0.613889,0.754404,-0.0192476,0.656128
0.627155,0.241976,1.02293,0.360731,-0.6232,-0.693898,0.548404,0.743517,-0.382669,0.754404,-0.242496,0.609975
0.627137,0.357674,1.09914,0.0304265,-0.680799,-0.731838,0.655705,0.566208,-0.499459,0.754404,-0.464673,0.463631
0.627137,0.306684,1.08404,0.0304265,-0.389439,-0.92055,0.655705,0.702887,-0.275684,0.754404,-0.595221,0.276743
0.627137,0.263934,1.05241,0.0304265,-0.0511062,-0.99823,0.655705,0.754787,-0.0186565,0.754404,-0.653976,0.0564761
0.627137,0.23458,1.00807,0.0304265,0.293391,-0.955508,0.655705,0.715649,0.240621,0.754404,-0.633853,-0.170603
0.627137,0.222163,0.956356,0.0304265,0.6025,-0.797539,0.655705,0.590192,0.470876,0.754404,-0.537277,-0.377105
0.627137,0.22818,0.903519,0.0304265,0.838939,-0.543374,0.655705,0.39355,0.644336,0.754404,-0.375898,-0.538122
0.627137,0.251906,0.855925,0.0304265,0.97419,-0.223671,0.655705,0.14944,0.74008,0.754404,-0.16918,-0.634234
0.627137,0.290479,0.819317,0.0304265,0.991939,0.123011,0.655705,-0.112694,0.74656,0.754404,0.0579437,-0.653848
0.627137,0.339246,0.798109,0.0304265,0.890045,0.454856,0.655705,-0.361236,0.662993,0.754404,0.278078,-0.594598
0.627137,0.392326,0.79486,0.0304265,0.680799,0.731838,0.655705,-0.566208,0.499459,0.754404,0.464673,-0.463631
0.627137,0.443316,0.809961,0.0304265,0.389439,0.92055,0.655705,-0.702887,0.275684,0.754404,0.595221,-0.276743
0.627137,0.486066,0.841591,0.0304265,0.0511062,0.99823,0.655705,-0.754787,0.0186565,0.754404,0.653976,-0.0564761
0.627137,0.51542,0.885934,0.0304265,-0.293391,0.955508,0.655705,-0.715649,-0.240621,0.754404,0.633853,0.170603
0.627137,0.527837,0.937644,0.0304265,-0.6025,0.797539,0.655705,-0.590192,-0.470876,0.754404,0.537277,0.377105
0.627137,0.52182,0.990481,0.0304265,-0.838939,0.543374,0.655705,-0.39355,-0.644336,0.754404,0.375898,0.538122
0.627137,0.498094,1.03807,0.0304265,-0.97419,0.223671,0.655705,-0.14944,-0.74008,0.754404,0.16918,0.634234
0.627137,0.459521,1.07468,0.0304265,-0.991939,-0.123011,0.655705,0.112694,-0.74656,0.754404,-0.0579437,0.653848
0.627137,0.410754,1.09589,0.0304265,-0.890045,-0.454856,0.655705,0.361236,-0.662993,0.754404,-0.278078,0.594598
0.627137,0.357674,1.09914,0.0304265,-0.680799,-0.731838,0.655705,0.566208,-0.499459,0.754404,-0.464673,0.463631
0.674504,0.4664,1.17076,-0.303548,-0.640581,-0.705347,0.683918,0.368944,-0.629394,0.663411,-0.673451,0.326113
0.674504,0.384359,1.18852,-0.303548,-0.360707,-0.881901,0.683918,0.56196,-0.46525,0.663411,-0.744374,0.0761119
0.674504,0.301189,1.17716,-0.303548,-0.0373254,-0.952085,0.683918,0.687194,-0.244991,0.663411,-0.725514,-0.183069
0.674504,0.226922,1.13803,-0.303548,0.290558,-0.907433,0.683918,0.729543,0.00481836,0.663411,-0.619147,-0.420169
0.674504,0.170515,1.07587,-0.303548,0.583395,-0.753332,0.683918,0.683898,0.254046,0.663411,-0.438102,-0.606591
0.674504,0.138772,0.998157,-0.303548,0.805867,-0.508367,0.683918,0.555765,0.472632,0.663411,-0.204215,-0.719848
0.674504,0.135522,0.914277,-0.303548,0.931139,-0.202086,0.683918,0.360599,0.634212,0.663411,0.0543036,-0.746282
0.674504,0.161156,0.834344,-0.303548,0.944102,0.128569,0.683918,0.121939,0.719296,0.663411,0.306272,-0.682703
0.674504,0.212583,0.767999,-0.303548,0.843192,0.443718,0.683918,-0.131429,0.717623,0.663411,0.5213,-0.536779
0.674504,0.2836,0.723244,-0.303548,0.640581,0.705347,0.683918,-0.368944,0.629394,0.663411,0.673451,-0.326113
0.674504,0.365641,0.705478,-0.303548,0.360707,0.881901,0.683918,-0.56196,0.46525,0.663411,0.744374,-0.0761119
0.674504,0.448811,0.716842,-0.303548,0.0373254,0.952085,0.683918,-0.687194,0.244991,0.663411,0.725514,0.183069
0.674504,0.523078,0.755967,-0.303548,-0.290558,0.907433,0.683918,-0.729543,-0.00481836,0.663411,0.619147,0.420169
0.674504,0.579485,0.818134,-0.303548,-0.583395,0.753332,0.683918,-0.683898,-0.254046,0.663411,0.438102,0.606591
0.674504,0.611228,0.895843,-0.303548,-0.805867,0.508367,0.683918,-0.555765,-0.472632,0.663411,0.204215,0.719848
0.674504,0.614478,0.979723,-0.303548,-0.931139,0.202086,0.683918,-0.360599,-0.634212,0.663411,-0.0543036,0.746282
0.674504,0.588844,1.05966,-0.303548,-0.944102,-0.128569,0.683918,-0.121939,-0.719296,0.663411,-0.306272,0.682703
0.674504,0.537417,1.126,-0.303548,-0.843192,-0.443718,0.683918,0.131429,-0.717623,0.663411,-0.5213,0.536779
0.674504,0.4664,1.17076,-0.303548,-0.640581,-0.705347,0.683918,0.368944,-0.629394,0.663411,-0.673451,0.326113
0.763543,0.55504,1.22914,-0.60091,-0.507397,-0.617621,0.629641,0.175519,-0.7568,0.492402,-0.843648,0.214007
0.763543,0.447684,1.2737,-0.60091,-0.265558,-0.753913,0.629641,0.423774,-0.651128,0.492402,-0.865964,-0.0874442
0.763543,0.331562,1.27886,-0.60091,0.00831047,-0.799273,0.629641,0.620917,-0.466921,0.492402,-0.783833,-0.378348
0.763543,0.220678,1.24399,-0.60091,0.281177,-0.748229,0.629641,0.743167,-0.226396,0.492402,-0.607159,-0.623617
0.763543,0.128409,1.1733,-0.60091,0.520129,-0.606937,0.629641,0.775781,0.0414351,0.492402,-0.357253,-0.793669
0.763543,0.0658815,1.07531,-0.60091,0.696346,-0.392439,0.629641,0.714824,0.304269,0.492402,-0.0642574,-0.867993
0.763543,0.0406386,0.961848,-0.60091,0.788573,-0.130608,0.629641,0.567649,0.530403,0.492402,0.236489,-0.837624
0.763543,0.0557246,0.846595,-0.60091,0.785687,0.146977,0.629641,0.352007,0.692563,0.492402,0.508711,-0.706225
0.763543,0.10932,0.743451,-0.60091,0.688036,0.406834,0.629641,0.0939073,0.77119,0.492402,0.719575,-0.489645
0.763543,0.19496,0.664859,-0.60091,0.507397,0.617621,0.629641,-0.175519,0.7568,0.492402,0.843648,-0.214007
0.763543,0.302316,0.620297,-0.60091,0.265558,0.753913,0.629641,-0.423774,0.651128,0.492402,0.865964,0.0874442
0.763543,0.418438,0.61514,-0.60091,-0.00831047,0.799273,0.629641,-0.620917,0.466921,0.492402,0.783833,0.378348
0.763543,0.529322,0.65001,-0.60091,-0.281177,0.748229,0.629641,-0.743167,0.226396,0.492402,0.607159,0.623617
0.763543,0.621591,0.720702,-0.60091,-0.520129,0.606937,0.629641,-0.775781,-0.0414351,0.492402,0.357253,0.793669
0.763543,0.684118,0.818689,-0.60091,-0.696346,0.392439,0.629641,-0.714824,-0.304269,0.492402,0.0642574,0.867993
0.763543,0.709361,0.932152,-0.60091,-0.788573,0.130608,0.629641,-0.567649,-0.530403,0.492402,-0.236489,0.837624
0.763543,0.694275,1.04741,-0.60091,-0.785687,-0.146977,0.629641,-0.352007,-0.692563,0.492402,-0.508711,0.706225
0.763543,0.64068,1.15055,-0.60091,-0.688036,-0.406834,0.629641,-0.0939073,-0.77119,0.492402,-0.719575,0.489645
0.763543,0.55504,1.22914,-0.60091,-0.507397,-0.617621,0.629641,0.175519,-0.7568,0.492402,-0.843648,0.214007
0.883514,0.612902,1.26725,-0.825794,-0.29731,-0.47924,0.499419,0.00926076,-0.866311,0.262001,-0.954736,0.140835
0.883514,0.489021,1.32931,-0.825794,-0.11547,-0.552024,0.499419,0.304998,-0.810899,0.262001,-0.945327,-0.194198
0.883514,0.351388,1.34525,-0.825794,0.0802971,-0.558226,0.499419,0.563948,-0.65768,0.262001,-0.821897,-0.505807
0.883514,0.216603,1.31316,-0.825794,0.266379,-0.497098,0.499419,0.754878,-0.425135,0.262001,-0.599335,-0.756408
0.883514,0.100923,1.2369,-0.825794,0.420332,-0.376012,0.499419,0.854758,-0.141313,0.262001,-0.304483,-0.915776
0.883514,0.0183001,1.12568,-0.825794,0.523587,-0.209574,0.499419,0.851542,0.159553,0.262001,0.0270931,-0.964687
0.883514,-0.0212991,0.992902,-0.825794,0.563689,-0.0178578,0.499419,0.745617,0.441176,0.262001,0.355402,-0.897243
0.883514,-0.0130987,0.854592,-0.825794,0.535802,0.176012,0.499419,0.54976,0.669585,0.262001,0.640844,-0.721578
0.883514,0.041912,0.727427,-0.825794,0.443289,0.348652,0.499419,0.287594,0.817233,0.262001,0.84899,-0.45888
0.883514,0.137098,0.626746,-0.825794,0.29731,0.47924,0.499419,-0.00926076,0.866311,0.262001,0.954736,-0.140835
0.883514,0.260979,0.564692,-0.825794,0.11547,0.552024,0.499419,-0.304998,0.810899,0.262001,0.945327,0.194198
0.883514,0.398612,0.548751,-0.825794,-0.0802971,0.558226,0.499419,-0.563948,0.65768,0.262001,0.821897,0.505807
0.883514,0.533397,0.580844,-0.825794,-0.266379,0.497098,0.499419,-0.754878,0.425135,0.262001,0.599335,0.756408
0.883514,0.649077,0.657101,-0.825794,-0.420332,0.376012,0.499419,-0.854758,0.141313,0.262001,0.304483,0.915776
0.883514,0.7317,0.768324,-0.825794,-0.523587,0.209574,0.499419,-0.851542,-0.159553,0.262001,-0.0270931,0.964687
0.883514,0.771299,0.901098,-0.825794,-0.563689,0.0178578,0.499419,-0.745617,-0.441176,0.262001,-0.355402,0.897243
0.883514,0.763099,1.03941,-0.825794,-0.535802,-0.176012,0.499419,-0.54976,-0.669585,0.262001,-0.640844,0.721578
0.883514,0.708088,1.16657,-0.825794,-0.443289,-0.348652,0.499419,-0.287594,-0.817233,0.262001,-0.84899,0.45888
0.883514,0.612902,1.26725,-0.825794,-0.29731,-0.47924,0.499419,0.00926076,-0.866311,0.262001,-0.954736,0.140835
0.875863,0.0486057,0.722324,0.985232,0.0232982,-0.169635,-0.00862081,0.996193,0.0867511,0.17101,-0.0840075,0.981681
0.875863,0.145134,0.62424,0.985232,0.0799117,-0.151436,-0.00862081,0.906444,0.422237,0.17101,-0.414696,0.893746
0.875863,0.269387,0.565086,0.985232,0.126887,-0.114972,-0.00862081,0.707365,0.706796,0.17101,-0.695366,0.698013
0.875863,0.406378,0.551996,0.985232,0.158557,-0.0646406,-0.00862081,0.422968,0.906104,0.17101,-0.892165,0.418088
0.875863,0.539585,0.58655,0.985232,0.171103,-0.00651253,-0.00862081,0.0875539,0.996122,0.17101,-0.981355,0.0877359
0.875863,0.652941,0.664579,0.985232,0.163012,0.052401,-0.00862081,-0.25842,0.965994,0.17101,-0.95218,-0.253198
0.875863,0.732773,0.776672,0.985232,0.135259,0.104994,-0.00862081,-0.573225,0.819353,0.17101,-0.808157,-0.563593
0.875863,0.769452,0.90931,0.985232,0.0911917,0.144924,-0.00862081,-0.81889,0.573885,0.17101,-0.566659,-0.806011
0.875863,0.758554,1.04649,0.985232,0.0361254,0.167373,-0.00862081,-0.965786,0.259199,0.17101,-0.256814,-0.951211
0.875863,0.701394,1.17168,0.985232,-0.0232982,0.169635,-0.00862081,-0.996193,-0.0867511,0.17101,0.0840075,-0.981681
0.875863,0.604866,1.26976,0.985232,-0.0799117,0.151436,-0.00862081,-0.906444,-0.422237,0.17101,0.414696,-0.893746
0.875863,0.480613,1.32891,0.985232,-0.126887,0.114972,-0.00862081,-0.707365,-0.706796,0.17101,0.695366,-0.698013
0.875863,0.343622,1.342,0.985232,-0.158557,0.0646406,-0.00862081,-0.422968,-0.906104,0.17101,0.892165,-0.418088
0.875863,0.210415,1.30745,0.985232,-0.171103,0.00651253,-0.00862081,-0.0875539,-0.996122,0.17101,0.981355,-0.0877359
0.875863,0.0970591,1.22942,0.985232,-0.163012,-0.052401,-0.00862081,0.25842,-0.965994,0.17101,0.95218,0.253198
0.875863,0.0172273,1.11733,0.985232,-0.135259,-0.104994,-0.00862081,0.573225,-0.819353,0.17101,0.808157,0.563593
0.875863,-0.0194518,0.98469,0.985232,-0.0911917,-0.144924,-0.00862081,0.81889,-0.573885,0.17101,0.566659,0.806011
0.875863,-0.00855421,0.847507,0.985232,-0.0361254,-0.167373,-0.00862081,0.965786,-0.259199,0.17101,0.256814,0.951211
0.875863,0.0486057,0.722324,0.985232,0.0232982,-0.169635,-0.00862081,0.996193,0.0867511,0.17101,-0.0840075,0.981681
0.749059,0.109727,0.762583,0.900555,-0.25439,-0.352543,0.292759,0.954352,0.0591916,0.321393,-0.156515,0.933922
0.749059,0.188799,0.682976,0.900555,-0.118472,-0.418289,0.292759,0.876553,0.38203,0.321393,-0.466496,0.824068
0.749059,0.29033,0.635215,0.900555,0.0317363,-0.433583,0.292759,0.693029,0.658789,0.321393,-0.720211,0.614819
0.749059,0.402073,0.625059,0.900555,0.178116,-0.39658,0.292759,0.425915,0.856089,0.321393,-0.887058,0.331414
0.749059,0.510551,0.653734,0.900555,0.303013,-0.311744,0.292759,0.107429,0.950132,0.321393,-0.946912,0.00803617
0.749059,0.602679,0.717781,0.900555,0.391362,-0.189307,0.292759,-0.224014,0.929575,0.321393,-0.892555,-0.316311
0.749059,0.667346,0.809475,0.900555,0.432506,-0.0440366,0.292759,-0.528438,0.796898,0.321393,-0.730542,-0.602507
0.749059,0.696751,0.917757,0.900555,0.421484,0.106545,0.292759,-0.769124,0.568103,0.321393,-0.480415,-0.816032
0.749059,0.687349,1.02957,0.900555,0.359625,0.244276,0.292759,-0.917043,0.270786,0.321393,-0.172344,-0.931131
0.749059,0.640273,1.13142,0.900555,0.25439,0.352543,0.292759,-0.954352,-0.0591916,0.321393,0.156515,-0.933922
0.749059,0.561201,1.21102,0.900555,0.118472,0.418289,0.292759,-0.876553,-0.38203,0.321393,0.466496,-0.824068
0.749059,0.45967,1.25879,0.900555,-0.0317363,0.433583,0.292759,-0.693029,-0.658789,0.321393,0.720211,-0.614819
0.749059,0.347927,1.26894,0.900555,-0.178116,0.39658,0.292759,-0.425915,-0.856089,0.321393,0.887058,-0.331414
0.749059,0.239449,1.24027,0.900555,-0.303013,0.311744,0.292759,-0.107429,-0.950132,0.321393,0.946912,-0.00803617
0.749059,0.147321,1.17622,0.900555,-0.391362,0.189307,0.292759,0.224014,-0.929575,0.321393,0.892555,0.316311
0.749059,0.0826542,1.08452,0.900555,-0.432506,0.0440366,0.292759,0.528438,-0.796898,0.321393,0.730542,0.602507
0.749059,0.0532486,0.976243,0.900555,-0.421484,-0.106545,0.292759,0.769124,-0.568103,0.321393,0.480415,0.816032
0.749059,0.062651,0.864434,0.900555,-0.359625,-0.244276,0.292759,0.917043,-0.270786,0.321393,0.172344,0.931131
0.749059,0.109727,0.762583,0.900555,-0.25439,-0.352543,0.292759,0.954352,0.0591916,0.321393,-0.156515,0.933922
0.654934,0.203382,0.824272,0.707258,-0.491146,-0.50849,0.558827,0.828954,-0.0234064,0.433011,-0.267604,0.86075
0.654934,0.255707,0.772976,0.707258,-0.287612,-0.645806,0.558827,0.786967,0.261524,0.433011,-0.545859,0.717314
0.654934,0.322421,0.74267,0.707258,-0.0493883,-0.705228,0.558827,0.650061,0.514911,0.433011,-0.758276,0.48736
0.654934,0.395477,0.73701,0.707258,0.194792,-0.67959,0.558827,0.434747,0.706192,0.433011,-0.879233,0.198623
0.654934,0.466063,0.756677,0.707258,0.415478,-0.571982,0.558827,0.166997,0.812295,0.433011,-0.894142,-0.114071
0.654934,0.525665,0.7993,0.707258,0.586052,-0.395386,0.558827,-0.120895,0.820424,0.433011,-0.801204,-0.413006
0.654934,0.567095,0.859738,0.707258,0.685938,-0.1711,0.558827,-0.394206,0.729598,0.433011,-0.611629,-0.662127
0.654934,0.585356,0.930701,0.707258,0.703091,0.0738236,0.558827,-0.61997,0.550771,0.433011,-0.348283,-0.831385
0.654934,0.578244,1.00363,0.707258,0.63544,0.309843,0.558827,-0.770956,0.305514,0.433011,-0.0429284,-0.900366
0.654934,0.546618,1.06973,0.707258,0.491146,0.50849,0.558827,-0.828954,0.0234064,0.433011,0.267604,-0.86075
0.654934,0.494293,1.12102,0.707258,0.287612,0.645806,0.558827,-0.786967,-0.261524,0.433011,0.545859,-0.717314
0.654934,0.427579,1.15133,0.707258,0.0493883,0.705228,0.558827,-0.650061,-0.514911,0.433011,0.758276,-0.48736
0.654934,0.354523,1.15699,0.707258,-0.194792,0.67959,0.558827,-0.434747,-0.706192,0.433011,0.879233,-0.198623
0.654934,0.283937,1.13732,0.707258,-0.415478,0.571982,0.558827,-0.166997,-0.812295,0.433011,0.894142,0.114071
0.654934,0.224335,1.0947,0.707258,-0.586052,0.395386,0.558827,0.120895,-0.820424,0.433011,0.801204,0.413006
0.654934,0.182905,1.03426,0.707258,-0.685938,0.1711,0.558827,0.394206,-0.729598,0.433011,0.611629,0.662127
0.654934,0.164644,0.963299,0.707258,-0.703091,-0.0738236,0.558827,0.61997,-0.550771,0.433011,0.348283,0.831385
