0.658953,0.49514,1.14249,0.308961,0.810121,-0.498244,0.951075,-0.263173,0.161853,-3.49349e-06,-0.523873,-0.851796
0.907818,0.257045,1.34409,0.92986,-0.344592,-0.12891,-0.179072,-0.117815,-0.976756,0.321394,0.93133,-0.171258
0.907818,0.132128,1.27835,0.92986,-0.27972,-0.238993,-0.179072,0.223361,-0.958146,0.321394,0.933738,0.157604
0.907818,0.0372284,1.17385,0.92986,-0.18111,-0.32025,-0.179072,0.537596,-0.823968,0.321394,0.823523,0.467457
0.907818,-0.0162071,1.0432,0.92986,-0.0606561,-0.36288,-0.179072,0.786988,-0.590409,0.321394,0.613979,0.720927
0.907818,-0.0217337,0.902146,0.92986,0.0671143,-0.361742,-0.179072,0.941459,-0.285637,0.321394,0.33038,0.887443
0.907818,0.0213155,0.767711,0.92986,0.18679,-0.316971,-0.179072,0.982375,0.0535872,0.321394,0.00693217,0.94692
0.907818,0.107748,0.656107,0.92986,0.283936,-0.23397,-0.179072,0.904803,0.386348,0.321394,-0.317352,0.892185
0.907818,0.227138,0.580795,0.92986,0.346835,-0.122748,-0.179072,0.718098,0.672509,0.321394,-0.603358,0.729839
0.907818,0.365087,0.550859,0.92986,0.3679,0.00327894,-0.179072,0.44478,0.877556,0.321394,-0.816591,0.479463
0.907818,0.504955,0.56991,0.92986,0.344592,0.12891,-0.179072,0.117815,0.976756,0.321394,-0.93133,0.171258
0.907818,0.629872,0.63565,0.92986,0.27972,0.238993,-0.179072,-0.223361,0.958146,0.321394,-0.933738,-0.157604
0.907818,0.724772,0.740149,0.92986,0.18111,0.32025,-0.179072,-0.537596,0.823968,0.321394,-0.823523,-0.467457
0.907818,0.778207,0.870803,0.92986,0.0606561,0.36288,-0.179072,-0.786988,0.590409,0.321394,-0.613979,-0.720927
0.907818,0.783734,1.01185,0.92986,-0.0671143,0.361742,-0.179072,-0.941459,0.285637,0.321394,-0.33038,-0.887443
0.907818,0.740685,1.14629,0.92986,-0.18679,0.316971,-0.179072,-0.982375,-0.0535872,0.321394,-0.00693217,-0.94692
0.907818,0.654252,1.25789,0.92986,-0.283936,0.23397,-0.179072,-0.904803,-0.386348,0.321394,0.317352,-0.892185
0.907818,0.534862,1.3332,0.92986,-0.346835,0.122748,-0.179072,-0.718098,-0.672509,0.321394,0.603358,-0.729839
0.907818,0.396913,1.36314,0.92986,-0.3679,-0.00327894,-0.179072,-0.44478,-0.877556,0.321394,0.816591,-0.479463
0.907818,0.257045,1.34409,0.92986,-0.344592,-0.12891,-0.179072,-0.117815,-0.976756,0.321394,0.93133,-0.171258
0.809114,0.305568,1.31425,0.796489,-0.60388,0.0305579,-0.0275851,-0.0867758,-0.995846,0.604023,0.792338,-0.0857741
0.809114,0.187932,1.2669,0.796489,-0.577913,-0.177824,-0.0275851,0.259057,-0.965468,0.604023,0.77389,0.190394
0.809114,0.0935819,1.18218,0.796489,-0.482241,-0.364758,-0.0275851,0.573643,-0.818641,0.604023,0.6621,0.443598
0.809114,0.0338991,1.0703,0.796489,-0.328404,-0.507696,-0.0275851,0.81904,-0.573073,0.604023,0.470451,0.643298
0.809114,0.0160818,0.944749,0.796489,-0.134956,-0.589399,-0.0275851,0.965648,-0.258384,0.604023,0.222059,0.765406
0.809114,0.042279,0.820679,0.796489,0.074769,-0.600012,-0.0275851,0.995785,0.0874694,0.604023,-0.0531171,0.795195
0.809114,0.109331,0.713051,0.796489,0.275476,-0.538254,-0.0275851,0.905816,0.422773,0.604023,-0.321886,0.729072
0.809114,0.20915,0.634846,0.796489,0.442957,-0.411575,-0.0275851,0.706592,0.707084,0.604023,-0.551831,0.575012
0.809114,0.329697,0.595498,0.796489,0.55701,-0.235254,-0.0275851,0.422142,0.90611,0.604023,-0.715218,0.351597
0.809114,0.456432,0.599753,0.796489,0.60388,-0.0305579,-0.0275851,0.0867758,0.995846,0.604023,-0.792338,0.0857741
0.809114,0.574068,0.647097,0.796489,0.577913,0.177824,-0.0275851,-0.259057,0.965468,0.604023,-0.77389,-0.190394
0.809114,0.668418,0.73182,0.796489,0.482241,0.364758,-0.0275851,-0.573643,0.818641,0.604023,-0.6621,-0.443598
0.809114,0.728101,0.843702,0.796489,0.328404,0.507696,-0.0275851,-0.81904,0.573073,0.604023,-0.470451,-0.643298
0.809114,0.745918,0.969251,0.796489,0.134956,0.589399,-0.0275851,-0.965648,0.258384,0.604023,-0.222059,-0.765406
0.809114,0.719721,1.09332,0.796489,-0.074769,0.600012,-0.0275851,-0.995785,-0.0874694,0.604023,0.0531171,-0.795195
0.809114,0.652669,1.20095,0.796489,-0.275476,0.538254,-0.0275851,-0.905816,-0.422773,0.604023,0.321886,-0.729072
0.809114,0.55285,1.27915,0.796489,-0.442957,0.411575,-0.0275851,-0.706592,-0.707084,0.604023,0.551831,-0.575012
0.809114,0.432303,1.3185,0.796489,-0.55701,0.235254,-0.0275851,-0.422142,-0.90611,0.604023,0.715218,-0.351597
0.809114,0.305568,1.31425,0.796489,-0.60388,0.0305579,-0.0275851,-0.0867758,-0.995846,0.604023,0.792338,-0.0857741
0.735846,0.37992,1.26852,0.567051,-0.808676,0.156512,0.127229,-0.101742,-0.986641,0.813797,0.579389,0.0451945
0.735846,0.27344,1.24936,0.567051,-0.813437,-0.12951,0.127229,0.241845,-0.961937,0.813797,0.52899,0.240632
0.735846,0.179933,1.19494,0.567051,-0.720086,-0.399912,0.127229,0.556262,-0.82121,0.813797,0.414787,0.407045
0.735846,0.110677,1.11182,0.567051,-0.539882,-0.622078,0.127229,0.803586,-0.581432,0.813797,0.250555,0.524363
0.735846,0.0740266,1.01003,0.567051,-0.29456,-0.769212,0.127229,0.953985,-0.271525,0.813797,0.056102,0.578435
0.735846,0.0744015,0.901842,0.567051,-0.0137095,-0.823569,0.127229,0.989319,0.0711324,0.813797,-0.145118,0.562739
0.735846,0.111757,0.800306,0.567051,0.268794,-0.77859,0.127229,0.905327,0.40521,0.813797,-0.328834,0.479168
0.735846,0.181587,0.717669,0.567051,0.518878,-0.639702,0.127229,0.71214,0.690413,0.813797,-0.472888,0.337803
0.735846,0.275469,0.663899,0.567051,0.706377,-0.423657,0.127229,0.433057,0.892342,0.813797,-0.559905,0.155694
0.735846,0.38208,0.645481,0.567051,0.808676,-0.156512,0.127229,0.101742,0.986641,0.813797,-0.579389,-0.0451945
0.735846,0.48856,0.664637,0.567051,0.813437,0.12951,0.127229,-0.241845,0.961937,0.813797,-0.52899,-0.240632
0.735846,0.582067,0.719057,0.567051,0.720086,0.399912,0.127229,-0.556262,0.82121,0.813797,-0.414787,-0.407045
0.735846,0.651323,0.802176,0.567051,0.539882,0.622078,0.127229,-0.803586,0.581432,0.813797,-0.250555,-0.524363
0.735846,0.687973,0.903969,0.567051,0.29456,0.769212,0.127229,-0.953985,0.271525,0.813797,-0.056102,-0.578435
0.735846,0.687598,1.01216,0.567051,0.0137095,0.823569,0.127229,-0.989319,-0.0711324,0.813797,0.145118,-0.562739
0.735846,0.650243,1.11369,0.567051,-0.268794,0.77859,0.127229,-0.905327,-0.40521,0.813797,0.328834,-0.479168
0.735846,0.580413,1.19633,0.567051,-0.518878,0.639702,0.127229,-0.71214,-0.690413,0.813797,0.472888,-0.337803
0.735846,0.486531,1.2501,0.567051,-0.706377,0.423657,0.127229,-0.433057,-0.892342,0.813797,0.559905,-0.155694
0.735846,0.37992,1.26852,0.567051,-0.808676,0.156512,0.127229,-0.101742,-0.986641,0.813797,0.579389,0.0451945
0.696852,0.471134,1.21242,0.269218,-0.934279,0.233761,0.266698,-0.160908,-0.950253,0.925416,0.318169,0.205851
0.696852,0.378339,1.22784,0.269218,-0.957886,-0.0998786,0.266698,0.173802,-0.947979,0.925416,0.228576,0.302257
0.696852,0.285866,1.2106,0.269218,-0.865958,-0.421472,0.266698,0.487549,-0.831365,0.925416,0.111413,0.362206
0.696852,0.204866,1.16277,0.269218,-0.669583,-0.692229,0.266698,0.74249,-0.614477,0.925416,-0.0191879,0.378468
0.696852,0.145112,1.09012,0.269218,-0.392446,-0.879493,0.266698,0.907875,-0.323473,0.925416,-0.147474,0.349081
0.696852,0.113809,1.00141,0.269218,-0.067974,-0.960678,0.266698,0.963758,0.00654676,0.925416,-0.257973,0.277589
0.696852,0.114733,0.907348,0.269218,0.264696,-0.92599,0.266698,0.903397,0.335777,0.925416,-0.337357,0.172617
0.696852,0.147773,0.819274,0.269218,0.565441,-0.779615,0.266698,0.734073,0.624507,0.925416,-0.37605,0.0468238
0.696852,0.208943,0.747811,0.269218,0.797984,-0.539206,0.266698,0.476209,0.837912,0.925416,-0.369386,-0.0846166
0.696852,0.290866,0.70158,0.269218,0.934279,-0.233761,0.266698,0.160908,0.950253,0.925416,-0.318169,-0.205851
0.696852,0.383661,0.686156,0.269218,0.957886,0.0998786,0.266698,-0.173802,0.947979,0.925416,-0.228576,-0.302257
0.696852,0.476134,0.7034,0.269218,0.865958,0.421472,0.266698,-0.487549,0.831365,0.925416,-0.111413,-0.362206
0.696852,0.557134,0.751232,0.269218,0.669583,0.692229,0.266698,-0.74249,0.614477,0.925416,0.0191879,-0.378468
0.696852,0.616888,0.823882,0.269218,0.392446,0.879493,0.266698,-0.907875,0.323473,0.925416,0.147474,-0.349081
0.696852,0.648191,0.912589,0.269218,0.067974,0.960678,0.266698,-0.963758,-0.00654676,0.925416,0.257973,-0.277589
0.696852,0.647267,1.00665,0.269218,-0.264696,0.92599,0.266698,-0.903397,-0.335777,0.925416,0.337357,-0.172617
0.696852,0.614227,1.09473,0.269218,-0.565441,0.779615,0.266698,-0.734073,-0.624507,0.925416,0.37605,-0.0468238
0.696852,0.553057,1.16619,0.269218,-0.797984,0.539206,0.266698,-0.476209,-0.837912,0.925416,0.369386,0.0846166
0.696852,0.471134,1.21242,0.269218,-0.934279,0.233761,0.266698,-0.160908,-0.950253,0.925416,0.318169,0.205851
0.696834,0.568207,1.15272,-0.061087,-0.965539,0.252987,0.373999,-0.257137,-0.89107,0.925415,0.040184,0.376818
0.696834,0.489977,1.20494,-0.061087,-0.993837,-0.0925039,0.373999,0.0631345,-0.925278,0.925415,-0.0911188,0.367837
0.696834,0.398603,1.22726,-0.061087,-0.902263,-0.426837,0.373999,0.375791,-0.847883,0.925415,-0.211431,0.314489
0.696834,0.305106,1.21698,-0.061087,-0.701863,-0.709688,0.373999,0.643121,-0.668222,0.925415,-0.306242,0.223209
0.696834,0.220763,1.17535,-0.061087,-0.416808,-0.90694,0.373999,0.832881,-0.407963,0.925415,-0.364116,0.105007
0.696834,0.155747,1.10738,-0.061087,-0.0814794,-0.994801,0.373999,0.922184,-0.0984975,0.925415,-0.378071,-0.0258603
0.696834,0.1179,1.02127,-0.061087,0.263677,-0.962675,0.373999,0.900258,0.222848,0.925415,-0.346426,-0.153609
0.696834,0.111786,0.927405,-0.061087,0.577029,-0.814436,0.373999,0.769747,0.517315,0.925415,-0.272997,-0.26283
0.696834,0.138144,0.837114,-0.061087,0.820783,-0.567964,0.373999,0.546393,0.749386,0.925415,-0.16664,-0.34035
0.696834,0.193793,0.761282,-0.061087,0.965539,-0.252987,0.373999,0.257137,0.89107,0.925415,-0.040184,-0.376818
0.696834,0.272023,0.709057,-0.061087,0.993837,0.0925039,0.373999,-0.0631345,0.925278,0.925415,0.0911188,-0.367837
0.696834,0.363397,0.686737,-0.061087,0.902263,0.426837,0.373999,-0.375791,0.847883,0.925415,0.211431,-0.314489
0.696834,0.456894,0.697015,-0.061087,0.701863,0.709688,0.373999,-0.643121,0.668222,0.925415,0.306242,-0.223209
0.696834,0.541237,0.738651,-0.061087,0.416808,0.90694,0.373999,-0.832881,0.407963,0.925415,0.364116,-0.105007
0.696834,0.606253,0.806624,-0.061087,0.0814794,0.994801,0.373999,-0.922184,0.0984975,0.925415,0.378071,0.0258603
0.696834,0.6441,0.892733,-0.061087,-0.263677,0.962675,0.373999,-0.900258,-0.222848,0.925415,0.346426,0.153609
0.696834,0.650214,0.986595,-0.061087,-0.577029,0.814436,0.373999,-0.769747,-0.517315,0.925415,0.272997,0.26283
0.696834,0.623856,1.07689,-0.061087,-0.820783,0.567964,0.373999,-0.546393,-0.749386,0.925415,0.16664,0.34035
0.696834,0.568207,1.15272,-0.061087,-0.965539,0.252987,0.373999,-0.257137,-0.89107,0.925415,0.040184,0.376818
0.735794,0.659431,1.09661,-0.384024,-0.898686,0.211871,0.43619,-0.378823,-0.81623,0.813796,-0.221036,0.537475
0.735794,0.594889,1.18342,-0.384024,-0.916953,-0.108275,0.43619,-0.0768096,-0.896571,0.813796,-0.391533,0.429462
0.735794,0.504549,1.24292,-0.384024,-0.824621,-0.415362,0.43619,0.234468,-0.868771,0.813796,-0.514805,0.26965
0.735794,0.399307,1.26793,-0.384024,-0.632828,-0.67235,0.43619,0.517465,-0.736185,0.813796,-0.575985,0.0773145
0.735794,0.291857,1.25544,-0.384024,-0.364707,-0.848242,0.43619,0.738048,-0.514804,0.813796,-0.567692,-0.124347
0.735794,0.195159,1.20696,-0.384024,-0.0525966,-0.921824,0.43619,0.869612,-0.231331,0.813796,-0.490927,-0.31101
0.735794,0.120876,1.12832,-0.384024,0.265858,-0.88422,0.43619,0.896287,0.0800452,0.813796,-0.354949,-0.46016
0.735794,0.0779681,1.02902,-0.384024,0.552246,-0.739967,0.43619,0.814858,0.381766,0.813796,-0.176159,-0.553809
0.735794,0.0716103,0.921035,-0.384024,0.772025,-0.506462,0.43619,0.635144,0.637441,0.813796,0.0238788,-0.58066
0.735794,0.102569,0.817387,-0.384024,0.898686,-0.211871,0.43619,0.378823,0.81623,0.813796,0.221036,-0.537475
0.735794,0.167111,0.730578,-0.384024,0.916953,0.108275,0.43619,0.0768096,0.896571,0.813796,0.391533,-0.429462
0.735794,0.257451,0.671078,-0.384024,0.824621,0.415362,0.43619,-0.234468,0.868771,0.813796,0.514805,-0.26965
0.735794,0.362693,0.646065,-0.384024,0.632828,0.67235,0.43619,-0.517465,0.736185,0.813796,0.575985,-0.0773145
0.735794,0.470143,0.658556,-0.384024,0.364707,0.848242,0.43619,-0.738048,0.514804,0.813796,0.567692,0.124347
0.735794,0.566841,0.707043,-0.384024,0.0525966,0.921824,0.43619,-0.869612,0.231331,0.813796,0.490927,0.31101
0.735794,0.641124,0.785679,-0.384024,-0.265858,0.88422,0.43619,-0.896287,-0.0800452,0.813796,0.354949,0.46016
0.735794,0.684032,0.884978,-0.384024,-0.552246,0.739967,0.43619,-0.814858,-0.381766,0.813796,0.176159,0.553809
0.735794,0.69039,0.992965,-0.384024,-0.772025,0.506462,0.43619,-0.635144,-0.637441,0.813796,-0.0238788,0.58066
0.735794,0.659431,1.09661,-0.384024,-0.898686,0.211871,0.43619,-0.378823,-0.81623,0.813796,-0.221036,0.537475
0.809034,0.733803,1.05087,-0.660642,-0.741783,0.115372,0.44577,-0.511288,-0.734761,0.604021,-0.433984,0.668443
0.809034,0.68042,1.16588,-0.660642,-0.736507,-0.145291,0.44577,-0.229151,-0.86532,0.604021,-0.636433,0.479699
0.809034,0.590922,1.25569,-0.660642,-0.642398,-0.388429,0.44577,0.0806257,-0.891509,0.604021,-0.762118,0.233097
0.809034,0.476105,1.30947,-0.660642,-0.470806,-0.584717,0.44577,0.380677,-0.810169,0.604021,-0.795881,-0.0416201
0.809034,0.349817,1.32074,-0.660642,-0.242428,-0.71048,0.44577,0.634814,-0.63111,0.604021,-0.733648,-0.311317
0.809034,0.22729,1.28814,-0.660642,0.0151905,-0.750548,0.44577,0.812382,-0.375931,0.604021,-0.582927,-0.543465
0.809034,0.123302,1.2156,-0.660642,0.270977,-0.700089,0.44577,0.891966,-0.0754081,0.604021,-0.361896,-0.710063
0.809034,0.0503973,1.11187,-0.660642,0.494079,-0.565189,0.44577,0.863965,0.23421,0.604021,-0.0972154,-0.791017
0.809034,0.0173676,0.989454,-0.660642,0.657589,-0.362118,0.44577,0.731757,0.515578,0.604021,0.179191,-0.776562
0.809034,0.0281974,0.863127,-0.660642,0.741783,-0.115372,0.44577,0.511288,0.734761,0.604021,0.433984,-0.668443
0.809034,0.0815804,0.748123,-0.660642,0.736507,0.145291,0.44577,0.229151,0.86532,0.604021,0.636433,-0.479699
0.809034,0.171078,0.658312,-0.660642,0.642398,0.388429,0.44577,-0.0806257,0.891509,0.604021,0.762118,-0.233097
0.809034,0.285895,0.604528,-0.660642,0.470806,0.584717,0.44577,-0.380677,0.810169,0.604021,0.795881,0.0416201
0.809034,0.412183,0.593256,-0.660642,0.242428,0.71048,0.44577,-0.634814,0.63111,0.604021,0.733648,0.311317
0.809034,0.53471,0.625858,-0.660642,-0.0151905,0.750548,0.44577,-0.812382,0.375931,0.604021,0.582927,0.543465
0.809034,0.638698,0.6984,-0.660642,-0.270977,0.700089,0.44577,-0.891966,0.0754081,0.604021,0.361896,0.710063
0.809034,0.711603,0.802134,-0.660642,-0.494079,0.565189,0.44577,-0.863965,-0.23421,0.604021,0.0972154,0.791017
0.809034,0.744632,0.924546,-0.660642,-0.657589,0.362118,0.44577,-0.731757,-0.515578,0.604021,-0.179191,0.776562
0.809034,0.733803,1.05087,-0.660642,-0.741783,0.115372,0.44577,-0.511288,-0.734761,0.604021,-0.433984,0.668443
0.90772,0.782352,1.02101,-0.857576,-0.513755,-0.0248711,0.401584,-0.638556,-0.656488,0.321392,-0.572977,0.753926
0.90772,0.736254,1.15442,-0.857576,-0.474265,-0.199086,0.401584,-0.375514,-0.835296,0.321392,-0.79628,0.512489
0.90772,0.647307,1.26402,-0.857576,-0.377572,-0.349288,0.401584,-0.0671799,-0.913355,0.321392,-0.92354,0.209239
0.90772,0.526239,1.33659,-0.857576,-0.235338,-0.45736,0.401584,0.249257,-0.88125,0.321392,-0.939408,-0.119249
0.90772,0.387653,1.36337,-0.857576,-0.0647194,-0.510269,0.401584,0.53563,-0.742853,0.321392,-0.841969,-0.433354
0.90772,0.248265,1.34114,-0.857576,0.113706,-0.501631,0.401584,0.757399,-0.514857,0.321392,-0.642976,-0.69519
0.90772,0.124886,1.27257,-0.857576,0.278416,-0.432489,0.401584,0.887813,-0.224762,0.321392,-0.366431,-0.873175
0.90772,0.0323991,1.16595,-0.857576,0.409546,-0.311183,0.401584,0.911145,0.0924431,0.321392,-0.045689,-0.945843
0.90772,-0.0180418,1.03412,-0.857576,0.491278,-0.152343,0.401584,0.824579,0.398498,0.321392,0.280564,-0.904428
0.90772,-0.0203524,0.892986,-0.857576,0.513755,0.0248711,0.401584,0.638556,0.656488,0.321392,0.572977,-0.753926
0.90772,0.025746,0.759576,-0.857576,0.474265,0.199086,0.401584,0.375514,0.835296,0.321392,0.79628,-0.512489
0.90772,0.114693,0.649978,-0.857576,0.377572,0.349288,0.401584,0.0671799,0.913355,0.321392,0.92354,-0.209239
0.90772,0.235761,0.577412,-0.857576,0.235338,0.45736,0.401584,-0.249257,0.88125,0.321392,0.939408,0.119249
0.90772,0.374347,0.550629,-0.857576,0.0647194,0.510269,0.401584,-0.53563,0.742853,0.321392,0.841969,0.433354
0.90772,0.513735,0.572861,-0.857576,-0.113706,0.501631,0.401584,-0.757399,0.514857,0.321392,0.642976,0.69519
0.90772,0.637114,0.641425,-0.857576,-0.278416,0.432489,0.401584,-0.887813,0.224762,0.321392,0.366431,0.873175
0.90772,0.729601,0.748053,-0.857576,-0.409546,0.311183,0.401584,-0.911145,-0.0924431,0.321392,0.045689,0.945843
0.90772,0.780042,0.879882,-0.857576,-0.491278,0.152343,0.401584,-0.824579,-0.398498,0.321392,-0.280564,0.904428
0.90772,0.782352,1.02101,-0.857576,-0.513755,-0.0248711,0.401584,-0.638556,-0.656488,0.321392,-0.572977,0.753926
0.883612,0.133237,1.26973,0.961642,-0.242106,-0.128957,-0.0812368,0.197668,-0.976897,0.262003,0.949901,0.170418
0.883612,0.0412186,1.16613,0.961642,-0.183399,-0.203985,-0.0812368,0.519866,-0.850376,0.262003,0.834329,0.485026
0.883612,-0.00981662,1.03731,0.961642,-0.102572,-0.254409,-0.0812368,0.77936,-0.621288,0.262003,0.618124,0.741133
0.883612,-0.0137136,0.898795,0.961642,-0.00937315,-0.274148,-0.0812368,0.944852,-0.317263,0.262003,0.327364,0.907848
0.883612,0.0299977,0.767306,0.961642,0.0849562,-0.260821,-0.0812368,0.996381,0.0250289,0.262003,-0.00288064,0.965063
0.883612,0.116045,0.658696,0.961642,0.169039,-0.216034,-0.0812368,0.927731,0.364302,0.262003,-0.332778,0.905877
0.883612,0.23405,0.586066,0.961642,0.232733,-0.145191,-0.0812368,0.747183,0.659634,0.262003,-0.622537,0.737429
0.883612,0.369779,0.558176,0.961642,0.268355,-0.056836,-0.0812368,0.476515,0.875405,0.262003,-0.837209,0.480037
0.883612,0.506862,0.57839,0.961642,0.271611,0.0383745,-0.0812368,0.148371,0.985589,0.262003,-0.950902,0.164745
0.883612,0.628763,0.64427,0.961642,0.242106,0.128957,-0.0812368,-0.197668,0.976897,0.262003,-0.949901,-0.170418
0.883612,0.720781,0.74787,0.961642,0.183399,0.203985,-0.0812368,-0.519866,0.850376,0.262003,-0.834329,-0.485026
0.883612,0.771817,0.876694,0.961642,0.102572,0.254409,-0.0812368,-0.77936,0.621288,0.262003,-0.618124,-0.741133
0.883612,0.775714,1.0152,0.961642,0.00937315,0.274148,-0.0812368,-0.944852,0.317263,0.262003,-0.327364,-0.907848
0.883612,0.732002,1.14669,0.961642,-0.0849562,0.260821,-0.0812368,-0.996381,-0.0250289,0.262003,0.00288064,-0.965063
0.883612,0.645955,1.2553,0.961642,-0.169039,0.216034,-0.0812368,-0.927731,-0.364302,0.262003,0.332778,-0.905877
0.883612,0.52795,1.32793,0.961642,-0.232733,0.145191,-0.0812368,-0.747183,-0.659634,0.262003,0.622537,-0.737429
0.883612,0.392221,1.35582,0.961642,-0.268355,0.056836,-0.0812368,-0.476515,-0.875405,0.262003,0.837209,-0.480037
0.883612,0.255138,1.33561,0.961642,-0.271611,-0.0383745,-0.0812368,-0.148371,-0.985589,0.262003,0.950902,-0.164745
0.883612,0.133237,1.26973,0.961642,-0.242106,-0.128957,-0.0812368,0.197668,-0.976897,0.262003,0.949901,0.170418
0.763622,0.192228,1.23345,0.856221,-0.515139,0.0389651,0.156285,0.186396,-0.969965,0.492403,0.836593,0.240105
0.763622,0.109061,1.15221,0.856221,-0.497399,-0.139573,0.156285,0.506903,-0.847717,0.492403,0.70402,0.511757
0.763622,0.0586943,1.04743,0.856221,-0.419665,-0.301276,0.156285,0.766269,-0.623223,0.492403,0.486531,0.721683
0.763622,0.0472023,0.931743,0.856221,-0.291314,-0.426641,0.156285,0.933212,-0.323558,0.492403,0.21036,0.844564
0.763622,0.0759712,0.8191,0.856221,-0.127826,-0.500546,0.156285,0.987596,0.0151321,0.492403,-0.0911845,0.865577
0.763622,0.141531,0.723091,0.856221,0.0510797,-0.514079,0.156285,0.922861,0.351997,0.492403,-0.38173,0.78219
0.763622,0.235975,0.655294,0.856221,0.223825,-0.465606,0.156285,0.746816,0.646406,0.492403,-0.626234,0.604459
0.763622,0.34791,0.623888,0.856221,0.369573,-0.360974,0.156285,0.480693,0.862849,0.492403,-0.795204,0.353821
0.763622,0.463837,0.632659,0.856221,0.470745,-0.212803,0.156285,0.156592,0.97522,0.492403,-0.868261,0.0605067
0.763622,0.569772,0.680551,0.856221,0.515139,-0.0389651,0.156285,-0.186396,0.969965,0.492403,-0.836593,-0.240105
0.763622,0.652939,0.761787,0.856221,0.497399,0.139573,0.156285,-0.506903,0.847717,0.492403,-0.70402,-0.511757
0.763622,0.703306,0.866568,0.856221,0.419665,0.301276,0.156285,-0.766269,0.623223,0.492403,-0.486531,-0.721683
0.763622,0.714798,0.982257,0.856221,0.291314,0.426641,0.156285,-0.933212,0.323558,0.492403,-0.21036,-0.844564
0.763622,0.686029,1.0949,0.856221,0.127826,0.500546,0.156285,-0.987596,-0.0151321,0.492403,0.0911845,-0.865577
0.763622,0.620469,1.19091,0.856221,-0.0510797,0.514079,0.156285,-0.922861,-0.351997,0.492403,0.38173,-0.78219
0.763622,0.526025,1.25871,0.856221,-0.223825,0.465606,0.156285,-0.746816,-0.646406,0.492403,0.626234,-0.604459
0.763622,0.41409,1.29011,0.856221,-0.369573,0.360974,0.156285,-0.480693,-0.862849,0.492403,0.795204,-0.353821
0.763622,0.298163,1.28134,0.856221,-0.470745,0.212803,0.156285,-0.156592,-0.97522,0.492403,0.868261,-0.0605067
0.763622,0.192228,1.23345,0.856221,-0.515139,0.0389651,0.156285,0.186396,-0.969965,0.492403,0.836593,0.240105
0.674556,0.282618,1.17786,0.647527,-0.740993,0.177871,0.374957,0.106607,-0.920892,0.663413,0.662996,0.346872
0.674556,0.213014,1.13089,0.647527,-0.757141,-0.0862905,0.374957,0.415141,-0.828894,0.663413,0.504376,0.552711
0.674556,0.163671,1.06295,0.647527,-0.681967,-0.340044,0.374957,0.673603,-0.636919,0.663413,0.28492,0.691885
0.674556,0.140542,0.982227,0.647527,-0.524538,-0.552784,0.374957,0.850819,-0.368122,0.663413,0.0310985,0.747607
0.674556,0.146415,0.898464,0.647527,-0.303841,-0.698849,0.374957,0.925414,-0.0549241,0.663413,-0.226474,0.713157
0.674556,0.180583,0.821761,0.647527,-0.0464967,-0.760623,0.374957,0.888389,0.264898,0.663413,-0.45673,0.59269
0.674556,0.238924,0.761371,0.647527,0.216456,-0.730655,0.374957,0.744213,0.55277,0.663413,-0.631898,0.400736
0.674556,0.314401,0.724575,0.647527,0.453301,-0.612558,0.374957,0.510272,0.77397,0.663413,-0.730849,0.160447
0.674556,0.397911,0.715814,0.647527,0.63547,-0.420579,0.374957,0.214786,0.901817,0.663413,-0.74165,-0.0991946
0.674556,0.479382,0.736143,0.647527,0.740993,-0.177871,0.374957,-0.106607,0.920892,0.663413,-0.662996,-0.346872
0.674556,0.548986,0.783111,0.647527,0.757141,0.0862905,0.374957,-0.415141,0.828894,0.663413,-0.504376,-0.552711
0.674556,0.598329,0.851053,0.647527,0.681967,0.340044,0.374957,-0.673603,0.636919,0.663413,-0.28492,-0.691885
0.674556,0.621458,0.931773,0.647527,0.524538,0.552784,0.374957,-0.850819,0.368122,0.663413,-0.0310985,-0.747607
0.674556,0.615585,1.01554,0.647527,0.303841,0.698849,0.374957,-0.925414,0.0549241,0.663413,0.226474,-0.713157
0.674556,0.581417,1.09224,0.647527,0.0464967,0.760623,0.374957,-0.888389,-0.264898,0.663413,0.45673,-0.59269
0.674556,0.523076,1.15263,0.647527,-0.216456,0.730655,0.374957,-0.744213,-0.55277,0.663413,0.631898,-0.400736
0.674556,0.447599,1.18942,0.647527,-0.453301,0.612558,0.374957,-0.510272,-0.77397,0.663413,0.730849,-0.160447
0.674556,0.364089,1.19819,0.647527,-0.63547,0.420579,0.374957,-0.214786,-0.901817,0.663413,0.74165,0.0991946
0.674556,0.282618,1.17786,0.647527,-0.740993,0.177871,0.374957,0.106607,-0.920892,0.663413,0.662996,0.346872
0.627155,0.393505,1.10966,0.360731,-0.892428,0.271007,0.548404,-0.0320771,-0.835598,0.754404,0.450048,0.47784
0.627155,0.340539,1.10473,0.360731,-0.931298,-0.0505651,0.548404,0.255649,-0.796176,0.754404,0.259476,0.602948
0.627155,0.292453,1.08198,0.360731,-0.85784,-0.366038,0.548404,0.51254,-0.660724,0.754404,0.0376071,0.655332
0.627155,0.255047,1.04416,0.360731,-0.680913,-0.637362,0.548404,0.707611,-0.445579,0.754404,-0.188798,0.628673
0.627155,0.232832,0.995824,0.360731,-0.421858,-0.83181,0.548404,0.817333,-0.17669,0.754404,-0.39243,0.526187
0.627155,0.228489,0.942806,0.360731,-0.111921,-0.92593,0.548404,0.828474,0.11351,0.754404,-0.54873,0.360235
0.627155,0.242541,0.891501,0.360731,0.211515,-0.908369,0.548404,0.739688,0.390019,0.754404,-0.638845,0.150833
0.627155,0.273294,0.848095,0.360731,0.50944,-0.781245,0.548404,0.561685,0.619487,0.754404,-0.651906,-0.0767614
0.627155,0.317037,0.817825,0.360731,0.745918,-0.559892,0.548404,0.315934,0.774234,0.754404,-0.586337,-0.295097
0.627155,0.368495,0.804342,0.360731,0.892428,-0.271007,0.548404,0.0320771,0.835598,0.754404,-0.450048,-0.47784
0.627155,0.421461,0.809271,0.360731,0.931298,0.0505651,0.548404,-0.255649,0.796176,0.754404,-0.259476,-0.602948
0.627155,0.469547,0.832019,0.360731,0.85784,0.366038,0.548404,-0.51254,0.660724,0.754404,-0.0376071,-0.655332
0.627155,0.506953,0.869841,0.360731,0.680913,0.637362,0.548404,-0.707611,0.445579,0.754404,0.188798,-0.628673
0.627155,0.529168,0.918176,0.360731,0.421858,0.83181,0.548404,-0.817333,0.17669,0.754404,0.39243,-0.526187
0.627155,0.533511,0.971194,0.360731,0.111921,0.92593,0.548404,-0.828474,-0.11351,0.754404,0.54873,-0.360235
0.627155,0.519459,1.0225,0.360731,-0.211515,0.908369,0.548404,-0.739688,-0.390019,0.754404,0.638845,-0.150833
0.627155,0.488706,1.0659,0.360731,-0.50944,0.781245,0.548404,-0.561685,-0.619487,0.754404,0.651906,0.0767614
0.627155,0.444963,1.09617,0.360731,-0.745918,0.559892,0.548404,-0.315934,-0.774234,0.754404,0.586337,0.295097
0.627155,0.393505,1.10966,0.360731,-0.892428,0.271007,0.548404,-0.0320771,-0.835598,0.754404,0.450048,0.47784
0.627137,0.511514,1.03708,0.0304265,-0.951178,0.30714,0.655705,-0.212928,-0.724371,0.754404,0.223433,0.617213
0.627137,0.476254,1.07689,0.0304265,-0.998863,-0.0367053,0.655705,0.0476629,-0.753511,0.754404,-0.00114107,0.656409
0.627137,0.429505,1.10224,0.0304265,-0.92607,-0.376123,0.655705,0.302505,-0.691768,0.754404,-0.225577,0.616433
0.627137,0.376906,1.11007,0.0304265,-0.74158,-0.670175,0.655705,0.52086,-0.546586,0.754404,-0.422806,0.502105
0.627137,0.3248,1.09944,0.0304265,-0.467644,-0.883393,0.655705,0.676392,-0.335478,0.754404,-0.569038,0.327216
0.627137,0.279473,1.07163,0.0304265,-0.137303,-0.990062,0.655705,0.750341,-0.0839071,0.754404,-0.646635,0.112861
0.627137,0.246392,1.02999,0.0304265,0.209598,-0.977314,0.655705,0.733787,0.177785,0.754404,-0.646239,-0.115108
0.627137,0.229546,0.979548,0.0304265,0.531219,-0.846688,0.655705,0.628729,0.418033,0.754404,-0.567897,-0.329193
0.627137,0.230968,0.926388,0.0304265,0.788767,-0.613939,0.655705,0.447836,0.60786,0.754404,-0.421058,-0.503572
0.627137,0.250486,0.87692,0.0304265,0.951178,-0.30714,0.655705,0.212928,0.724371,0.754404,-0.223433,-0.617213
0.627137,0.285746,0.837111,0.0304265,0.998863,0.0367053,0.655705,-0.0476629,0.753511,0.754404,0.00114107,-0.656409
0.627137,0.332495,0.811762,0.0304265,0.92607,0.376123,0.655705,-0.302505,0.691768,0.754404,0.225577,-0.616433
0.627137,0.385094,0.803931,0.0304265,0.74158,0.670175,0.655705,-0.52086,0.546586,0.754404,0.422806,-0.502105
0.627137,0.4372,0.814563,0.0304265,0.467644,0.883393,0.655705,-0.676392,0.335478,0.754404,0.569038,-0.327216
0.627137,0.482527,0.842374,0.0304265,0.137303,0.990062,0.655705,-0.750341,0.0839071,0.754404,0.646635,-0.112861
0.627137,0.515608,0.884011,0.0304265,-0.209598,0.977314,0.655705,-0.733787,-0.177785,0.754404,0.646239,0.115108
0.627137,0.532454,0.934452,0.0304265,-0.531219,0.846688,0.655705,-0.628729,-0.418033,0.754404,0.567897,0.329193
0.627137,0.531032,0.987612,0.0304265,-0.788767,0.613939,0.655705,-0.447836,-0.60786,0.754404,0.421058,0.503572
0.627137,0.511514,1.03708,0.0304265,-0.951178,0.30714,0.655705,-0.212928,-0.724371,0.754404,0.223433,0.617213
0.674504,0.622412,0.968875,-0.303548,-0.910157,0.28191,0.683918,-0.414132,-0.600626,0.663411,0.0104848,0.748181
0.674504,0.603791,1.05073,-0.303548,-0.951686,-0.0463827,0.683918,-0.18373,-0.706045,0.663411,-0.246041,0.706647
0.674504,0.558299,1.12127,-0.303548,-0.878429,-0.369081,0.683918,0.0688315,-0.726305,0.663411,-0.47289,0.57988
0.674504,0.491421,1.17201,-0.303548,-0.69922,-0.647264,0.683918,0.313091,-0.658961,0.663411,-0.642702,0.383171
0.674504,0.411226,1.19681,-0.303548,-0.435675,-0.847376,0.683918,0.519588,-0.512138,0.663411,-0.734994,0.140246
0.674504,0.327384,1.19268,-0.303548,-0.119581,-0.945282,0.683918,0.663414,-0.303543,0.663411,-0.738635,-0.119595
0.674504,0.25001,1.16013,-0.303548,0.210937,-0.929174,0.683918,0.727223,-0.0583357,0.663411,-0.653186,-0.365011
0.674504,0.188434,1.10308,-0.303548,0.516012,-0.800993,0.683918,0.703318,0.193907,0.663411,-0.488954,-0.566401
0.674504,0.150085,1.02841,-0.303548,0.758848,-0.576201,0.683918,0.594583,0.422762,0.663411,-0.265746,-0.699474
0.674504,0.139588,0.945125,-0.303548,0.910157,-0.28191,0.683918,0.414132,0.600626,0.663411,-0.0104848,-0.748181
0.674504,0.158209,0.863273,-0.303548,0.951686,0.0463827,0.683918,0.18373,0.706045,0.663411,0.246041,-0.706647
0.674504,0.203701,0.792726,-0.303548,0.878429,0.369081,0.683918,-0.0688315,0.726305,0.663411,0.47289,-0.57988
0.674504,0.270579,0.741994,-0.303548,0.69922,0.647264,0.683918,-0.313091,0.658961,0.663411,0.642702,-0.383171
0.674504,0.350774,0.717194,-0.303548,0.435675,0.847376,0.683918,-0.519588,0.512138,0.663411,0.734994,-0.140246
0.674504,0.434616,0.721318,-0.303548,0.119581,0.945282,0.683918,-0.663414,0.303543,0.663411,0.738635,0.119595
0.674504,0.51199,0.753869,-0.303548,-0.210937,0.929174,0.683918,-0.727223,0.0583357,0.663411,0.653186,0.365011
0.674504,0.573566,0.810921,-0.303548,-0.516012,0.800993,0.683918,-0.703318,-0.193907,0.663411,0.488954,0.566401
0.674504,0.611915,0.885592,-0.303548,-0.758848,0.576201,0.683918,-0.594583,-0.422762,0.663411,0.265746,0.699474
0.674504,0.622412,0.968875,-0.303548,-0.910157,0.28191,0.683918,-0.414132,-0.600626,0.663411,0.0104848,0.748181
0.763543,0.712822,0.913271,-0.60091,-0.774312,0.198363,0.629641,-0.611421,-0.479288,0.492402,-0.163112,0.854947
0.763543,0.707767,1.0294,-0.60091,-0.795459,-0.0784303,0.629641,-0.410622,-0.659502,0.492402,-0.445684,0.7476
0.763543,0.663299,1.13679,-0.60091,-0.720662,-0.345763,0.629641,-0.160295,-0.76017,0.492402,-0.674501,0.550081
0.763543,0.584781,1.2225,-0.60091,-0.558943,-0.571392,0.629641,0.109365,-0.76915,0.492402,-0.821962,0.286215
0.763543,0.481685,1.27619,-0.60091,-0.329807,-0.728103,0.629641,0.365834,-0.68536,0.492402,-0.870283,-0.0121739
0.763543,0.366444,1.29137,-0.60091,-0.0608913,-0.796994,0.629641,0.578179,-0.518905,0.492402,-0.813635,-0.309094
0.763543,0.252959,1.26623,-0.60091,0.215369,-0.769755,0.629641,0.720786,-0.289862,0.492402,-0.65885,-0.568733
0.763543,0.154918,1.20379,-0.60091,0.465652,-0.649673,0.629641,0.776456,-0.0258579,0.492402,-0.424599,-0.759774
0.763543,0.0841456,1.11158,-0.60091,0.659771,-0.45123,0.629641,0.738474,0.241265,0.492402,-0.139134,-0.859175
0.763543,0.0491781,1.00073,-0.60091,0.774312,-0.198363,0.629641,0.611421,0.479288,0.492402,0.163112,-0.854947
0.763543,0.0542332,0.884602,-0.60091,0.795459,0.0784303,0.629641,0.410622,0.659502,0.492402,0.445684,-0.7476
0.763543,0.0987013,0.777207,-0.60091,0.720662,0.345763,0.629641,0.160295,0.76017,0.492402,0.674501,-0.550081
0.763543,0.177219,0.691498,-0.60091,0.558943,0.571392,0.629641,-0.109365,0.76915,0.492402,0.821962,-0.286215
0.763543,0.280315,0.637813,-0.60091,0.329807,0.728103,0.629641,-0.365834,0.68536,0.492402,0.870283,0.0121739
0.763543,0.395556,0.622626,-0.60091,0.0608913,0.796994,0.629641,-0.578179,0.518905,0.492402,0.813635,0.309094
0.763543,0.509041,0.647769,-0.60091,-0.215369,0.769755,0.629641,-0.720786,0.289862,0.492402,0.65885,0.568733
0.763543,0.607082,0.710211,-0.60091,-0.465652,0.649673,0.629641,-0.776456,0.0258579,0.492402,0.424599,0.759774
0.763543,0.677854,0.802418,-0.60091,-0.659771,0.45123,0.629641,-0.738474,-0.241265,0.492402,0.139134,0.859175
0.763543,0.712822,0.913271,-0.60091,-0.774312,0.198363,0.629641,-0.611421,-0.479288,0.492402,-0.163112,0.854947
0.883514,0.77184,0.876974,-0.825794,-0.560029,0.0665735,0.499419,-0.781,-0.374993,0.262001,-0.276419,0.924634
0.883514,0.77564,1.01547,-0.825794,-0.549024,-0.128982,0.499419,-0.605644,-0.619496,0.262001,-0.575992,0.774331
0.883514,0.731841,1.14692,-0.825794,-0.471799,-0.308981,0.499419,-0.357239,-0.789278,0.262001,-0.806093,0.530632
0.883514,0.645725,1.25546,-0.825794,-0.337669,-0.451712,0.499419,-0.0657461,-0.863862,0.262001,-0.938966,0.222931
0.883514,0.527679,1.32801,-0.825794,-0.16281,-0.53996,0.499419,0.233677,-0.834251,0.262001,-0.958586,-0.111659
0.883514,0.391942,1.3558,-0.825794,0.0316859,-0.563081,0.499419,0.504915,-0.704018,0.262001,-0.862587,-0.432781
0.883514,0.254885,1.33549,-0.825794,0.22236,-0.518286,0.499419,0.715254,-0.488869,0.262001,-0.662547,-0.701703
0.883514,0.133039,1.26953,-0.825794,0.386214,-0.410978,0.499419,0.839321,-0.214755,0.262001,-0.382594,-0.88599
0.883514,0.0411013,1.16588,-0.825794,0.503485,-0.2541,0.499419,0.862155,0.0852608,0.262001,-0.0564944,-0.963413
0.883514,-0.00983979,1.03703,-0.825794,0.560029,-0.0665735,0.499419,0.781,0.374993,0.262001,0.276419,-0.924634
0.883514,-0.0136399,0.898525,-0.825794,0.549024,0.128982,0.499419,0.605644,0.619496,0.262001,0.575992,-0.774331
0.883514,0.0301594,0.767077,-0.825794,0.471799,0.308981,0.499419,0.357239,0.789278,0.262001,0.806093,-0.530632
0.883514,0.116275,0.658536,-0.825794,0.337669,0.451712,0.499419,0.0657461,0.863862,0.262001,0.938966,-0.222931
0.883514,0.234321,0.585994,-0.825794,0.16281,0.53996,0.499419,-0.233677,0.834251,0.262001,0.958586,0.111659
0.883514,0.370058,0.558202,-0.825794,-0.0316859,0.563081,0.499419,-0.504915,0.704018,0.262001,0.862587,0.432781
0.883514,0.507115,0.57851,-0.825794,-0.22236,0.518286,0.499419,-0.715254,0.488869,0.262001,0.662547,0.701703
0.883514,0.628961,0.644469,-0.825794,-0.386214,0.410978,0.499419,-0.839321,0.214755,0.262001,0.382594,0.88599
0.883514,0.720899,0.748125,-0.825794,-0.503485,0.2541,0.499419,-0.862155,-0.0852608,0.262001,0.0564944,0.963413
0.883514,0.77184,0.876974,-0.825794,-0.560029,0.0665735,0.499419,-0.781,-0.374993,0.262001,-0.276419,0.924634
0.875863,0.0393101,1.15765,0.985232,-0.143838,-0.0928948,-0.00862081,0.500166,-0.865887,0.17101,0.8539,0.491539
0.875863,-0.00871011,1.02869,0.985232,-0.103392,-0.136488,-0.00862081,0.766153,-0.6426,0.17101,0.634287,0.753947
0.875863,-0.00972553,0.891073,0.985232,-0.0504746,-0.163619,-0.00862081,0.939731,-0.341807,0.17101,0.33817,0.925417
0.875863,0.0363863,0.761413,0.985232,0.00853027,-0.171015,-0.00862081,0.999963,0.000213234,0.17101,0.0012642,0.985268
0.875863,0.124064,0.655344,0.985232,0.0665063,-0.157784,-0.00862081,0.939585,0.342208,0.17101,-0.335794,0.926282
0.875863,0.242731,0.585658,0.985232,0.116461,-0.125522,-0.00862081,0.765879,0.642927,0.17101,-0.63235,0.755572
0.875863,0.378076,0.560762,0.985232,0.152368,-0.0781199,-0.00862081,0.499797,0.8661,0.17101,-0.852635,0.493729
0.875863,0.513774,0.583658,0.985232,0.169898,-0.0212957,-0.00862081,0.173432,0.984808,0.17101,-0.97008,0.172335
0.875863,0.633457,0.651585,0.985232,0.166935,0.0380971,-0.00862081,-0.173852,0.984734,0.17101,-0.97052,-0.169845
0.875863,0.72269,0.756349,0.985232,0.143838,0.0928948,-0.00862081,-0.500166,0.865887,0.17101,-0.8539,-0.491539
0.875863,0.77071,0.885315,0.985232,0.103392,0.136488,-0.00862081,-0.766153,0.6426,0.17101,-0.634287,-0.753947
0.875863,0.771726,1.02293,0.985232,0.0504746,0.163619,-0.00862081,-0.939731,0.341807,0.17101,-0.33817,-0.925417
0.875863,0.725614,1.15259,0.985232,-0.00853027,0.171015,-0.00862081,-0.999963,-0.000213234,0.17101,-0.0012642,-0.985268
0.875863,0.637936,1.25866,0.985232,-0.0665063,0.157784,-0.00862081,-0.939585,-0.342208,0.17101,0.335794,-0.926282
0.875863,0.519269,1.32834,0.985232,-0.116461,0.125522,-0.00862081,-0.765879,-0.642927,0.17101,0.63235,-0.755572
0.875863,0.383924,1.35324,0.985232,-0.152368,0.0781199,-0.00862081,-0.499797,-0.8661,0.17101,0.852635,-0.493729
0.875863,0.248226,1.33034,0.985232,-0.169898,0.0212957,-0.00862081,-0.173432,-0.984808,0.17101,0.97008,-0.172335
0.875863,0.128543,1.26241,0.985232,-0.166935,-0.0380971,-0.00862081,0.173852,-0.984734,0.17101,0.97052,0.169845
0.875863,0.0393101,1.15765,0.985232,-0.143838,-0.0928948,-0.00862081,0.500166,-0.865887,0.17101,0.8539,0.491539
0.749059,0.101653,1.11931,0.900555,-0.427073,0.0813013,0.292759,0.45749,-0.83964,0.321393,0.779943,0.537024
0.749059,0.0629865,1.01398,0.900555,-0.429124,-0.0696692,0.292759,0.717074,-0.632533,0.321393,0.549234,0.771394
0.749059,0.0626775,0.901775,0.900555,-0.379416,-0.212237,0.292759,0.890168,-0.349132,0.321393,0.252279,0.912722
0.749059,0.100763,0.796232,0.900555,-0.283945,-0.329205,0.292759,0.955894,-0.0236219,0.321393,-0.0751049,0.943963
0.749059,0.172649,0.710081,0.900555,-0.154227,-0.406467,0.292759,0.906326,0.304738,0.321393,-0.39343,0.861348
0.749059,0.269665,0.653712,0.900555,-0.00590576,-0.434702,0.292759,0.747442,0.596342,0.321393,-0.664301,0.674841
0.749059,0.38011,0.633924,0.900555,0.143127,-0.410506,0.292759,0.498404,0.816018,0.321393,-0.855048,0.406939
0.749059,0.490662,0.653103,0.900555,0.274897,-0.336797,0.292759,0.189252,0.93727,0.321393,-0.942664,0.0899535
0.749059,0.587988,0.708937,0.900555,0.37351,-0.222466,0.292759,-0.142726,0.945474,0.321393,-0.91658,-0.237881
0.749059,0.660347,0.794691,0.900555,0.427073,-0.0813013,0.292759,-0.45749,0.83964,0.321393,-0.779943,-0.537024
0.749059,0.699014,0.900022,0.900555,0.429124,0.0696692,0.292759,-0.717074,0.632533,0.321393,-0.549234,-0.771394
0.749059,0.699323,1.01223,0.900555,0.379416,0.212237,0.292759,-0.890168,0.349132,0.321393,-0.252279,-0.912722
0.749059,0.661237,1.11777,0.900555,0.283945,0.329205,0.292759,-0.955894,0.0236219,0.321393,0.0751049,-0.943963
0.749059,0.589351,1.20392,0.900555,0.154227,0.406467,0.292759,-0.906326,-0.304738,0.321393,0.39343,-0.861348
0.749059,0.492335,1.26029,0.900555,0.00590576,0.434702,0.292759,-0.747442,-0.596342,0.321393,0.664301,-0.674841
0.749059,0.38189,1.28008,0.900555,-0.143127,0.410506,0.292759,-0.498404,-0.816018,0.321393,0.855048,-0.406939
0.749059,0.271338,1.2609,0.900555,-0.274897,0.336797,0.292759,-0.189252,-0.93727,0.321393,0.942664,-0.0899535
0.749059,0.174012,1.20506,0.900555,-0.37351,0.222466,0.292759,0.142726,-0.945474,0.321393,0.91658,0.237881
0.749059,0.101653,1.11931,0.900555,-0.427073,0.0813013,0.292759,0.45749,-0.83964,0.321393,0.779943,0.537024
0.654934,0.197177,1.06056,0.707258,-0.668557,0.22982,0.558827,0.329586,-0.760976,0.433011,0.666636,0.606711
0.654934,0.172844,0.991442,0.707258,-0.706842,-0.0126999,0.558827,0.569979,-0.602358,0.433011,0.418926,0.798125
0.654934,0.173618,0.918172,0.707258,-0.65987,-0.253688,0.558827,0.741624,-0.371087,0.433011,0.120687,0.893273
0.654934,0.199404,0.849584,0.707258,-0.533309,-0.464078,0.558827,0.823818,-0.0950578,0.433011,-0.192109,0.880679
0.654934,0.247094,0.793953,0.707258,-0.342422,-0.618493,0.558827,0.806647,0.192437,0.433011,-0.481733,0.761863
0.654934,0.310935,0.757987,0.707258,-0.110235,-0.698308,0.558827,0.692183,0.456721,0.433011,-0.713254,0.551154
0.654934,0.383227,0.746026,0.707258,0.135249,-0.693898,0.558827,0.494231,0.665918,0.433011,-0.858745,0.273968
0.654934,0.45525,0.759511,0.707258,0.364419,-0.605793,0.558827,0.236668,0.794796,0.433011,-0.900659,-0.036262
0.654934,0.518318,0.796816,0.707258,0.549635,-0.44462,0.558827,-0.0494408,0.827809,0.433011,-0.83394,-0.342119
0.654934,0.564823,0.853441,0.707258,0.668557,-0.22982,0.558827,-0.329586,0.760976,0.433011,-0.666636,-0.606711
0.654934,0.589156,0.922558,0.707258,0.706842,0.0126999,0.558827,-0.569979,0.602358,0.433011,-0.418926,-0.798125
0.654934,0.588382,0.995828,0.707258,0.65987,0.253688,0.558827,-0.741624,0.371087,0.433011,-0.120687,-0.893273
0.654934,0.562596,1.06442,0.707258,0.533309,0.464078,0.558827,-0.823818,0.0950578,0.433011,0.192109,-0.880679
0.654934,0.514906,1.12005,0.707258,0.342422,0.618493,0.558827,-0.806647,-0.192437,0.433011,0.481733,-0.761863
0.654934,0.451065,1.15601,0.707258,0.110235,0.698308,0.558827,-0.692183,-0.456721,0.433011,0.713254,-0.551154
0.654934,0.378773,1.16797,0.707258,-0.135249,0.693898,0.558827,-0.494231,-0.665918,0.433011,0.858745,-0.273968
0.654934,0.30675,1.15449,0.707258,-0.364419,0.605793,0.558827,-0.236668,-0.794796,0.433011,0.900659,0.036262
