0.658953,0.153168,0.909385,0.308961,-0.238717,0.920629,0.951075,0.0775517,-0.299069,-3.49349e-06,0.967988,0.250998
0.907818,0.185092,0.599041,0.92986,0.337756,-0.145883,-0.179072,0.761861,0.622496,0.321394,-0.55271,0.768907
0.907818,0.320705,0.55986,0.92986,0.367282,-0.0215656,-0.179072,0.503009,0.845526,0.321394,-0.782359,0.533498
0.907818,0.46154,0.569425,0.92986,0.352508,0.105353,-0.179072,0.183487,0.966574,0.321394,-0.917644,0.233741
0.907818,0.59061,0.626581,0.92986,0.295217,0.219564,-0.179072,-0.158167,0.971039,0.321394,-0.942248,-0.0942076
0.907818,0.692348,0.724435,0.92986,0.202317,0.307293,-0.179072,-0.480743,0.858382,0.321394,-0.853202,-0.410794
0.907818,0.754482,0.851184,0.92986,0.0850158,0.357957,-0.179072,-0.745334,0.642191,0.321394,-0.661248,-0.677832
0.907818,0.769518,0.991541,0.92986,-0.0425399,0.365447,-0.179072,-0.920028,0.348543,0.321394,-0.389538,-0.863114
0.907818,0.735643,1.12857,0.92986,-0.164965,0.328858,-0.179072,-0.983752,0.0128555,0.321394,-0.0708432,-0.944292
0.907818,0.656942,1.24576,0.92986,-0.267492,0.252605,-0.179072,-0.928821,-0.324383,0.321394,0.256396,-0.911574
0.907818,0.542908,1.32896,0.92986,-0.337756,0.145883,-0.179072,-0.761861,-0.622496,0.321394,0.55271,-0.768907
0.907818,0.407295,1.36814,0.92986,-0.367282,0.0215656,-0.179072,-0.503009,-0.845526,0.321394,0.782359,-0.533498
0.907818,0.26646,1.35857,0.92986,-0.352508,-0.105353,-0.179072,-0.183487,-0.966574,0.321394,0.917644,-0.233741
0.907818,0.13739,1.30142,0.92986,-0.295217,-0.219564,-0.179072,0.158167,-0.971039,0.321394,0.942248,0.0942076
0.907818,0.0356524,1.20356,0.92986,-0.202317,-0.307293,-0.179072,0.480743,-0.858382,0.321394,0.853202,0.410794
0.907818,-0.0264818,1.07682,0.92986,-0.0850158,-0.357957,-0.179072,0.745334,-0.642191,0.321394,0.661248,0.677832
0.907818,-0.0415181,0.936459,0.92986,0.0425399,-0.365447,-0.179072,0.920028,-0.348543,0.321394,0.389538,0.863114
0.907818,-0.00764293,0.799425,0.92986,0.164965,-0.328858,-0.179072,0.983752,-0.0128555,0.321394,0.0708432,0.944292
0.907818,0.0710578,0.682241,0.92986,0.267492,-0.252605,-0.179072,0.928821,0.324383,0.321394,-0.256396,0.911574
0.907818,0.185092,0.599041,0.92986,0.337756,-0.145883,-0.179072,0.761861,0.622496,0.321394,-0.55271,0.768907
0.809114,0.170794,0.654183,0.796489,0.41416,-0.44054,-0.0275851,0.752715,0.657768,0.604023,-0.511753,0.610954
0.809114,0.288409,0.606787,0.796489,0.539857,-0.272321,-0.0275851,0.482351,0.875544,0.604023,-0.689849,0.399079
0.809114,0.415142,0.602476,0.796489,0.600439,-0.0712563,-0.0275851,0.153808,0.987716,0.604023,-0.78474,0.139069
0.809114,0.535706,0.64177,0.796489,0.588599,0.138403,-0.0275851,-0.193287,0.980754,0.604023,-0.784978,-0.137714
0.809114,0.63556,0.71993,0.796489,0.505766,0.331369,-0.0275851,-0.517068,0.8555,0.604023,-0.690537,-0.397888
0.809114,0.70266,0.827528,0.796489,0.361929,0.484367,-0.0275851,-0.778483,0.627059,0.604023,-0.512807,-0.61007
0.809114,0.728913,0.951587,0.796489,0.174439,0.578944,-0.0275851,-0.946002,0.322986,0.604023,-0.273225,-0.748668
0.809114,0.711151,1.07714,0.796489,-0.0340914,0.603691,-0.0275851,-0.999418,-0.020044,0.604023,-0.000687973,-0.796967
0.809114,0.651518,1.18905,0.796489,-0.23851,0.555624,-0.0275851,-0.932291,-0.360656,0.604023,0.271932,-0.749139
0.809114,0.557206,1.27382,0.796489,-0.41416,0.44054,-0.0275851,-0.752715,-0.657768,0.604023,0.511753,-0.610954
0.809114,0.439591,1.32121,0.796489,-0.539857,0.272321,-0.0275851,-0.482351,-0.875544,0.604023,0.689849,-0.399079
0.809114,0.312858,1.32552,0.796489,-0.600439,0.0712563,-0.0275851,-0.153808,-0.987716,0.604023,0.78474,-0.139069
0.809114,0.192294,1.28623,0.796489,-0.588599,-0.138403,-0.0275851,0.193287,-0.980754,0.604023,0.784978,0.137714
0.809114,0.0924396,1.20807,0.796489,-0.505766,-0.331369,-0.0275851,0.517068,-0.8555,0.604023,0.690537,0.397888
0.809114,0.0253397,1.10047,0.796489,-0.361929,-0.484367,-0.0275851,0.778483,-0.627059,0.604023,0.512807,0.61007
0.809114,-0.000912732,0.976413,0.796489,-0.174439,-0.578944,-0.0275851,0.946002,-0.322986,0.604023,0.273225,0.748668
0.809114,0.0168487,0.850857,0.796489,0.0340914,-0.603691,-0.0275851,0.999418,0.020044,0.604023,0.000687973,0.796967
0.809114,0.0764816,0.738948,0.796489,0.23851,-0.555624,-0.0275851,0.932291,0.360656,0.604023,-0.271932,0.749139
0.809114,0.170794,0.654183,0.796489,0.41416,-0.44054,-0.0275851,0.752715,0.657768,0.604023,-0.511753,0.610954
0.735846,0.148884,0.738677,0.567051,0.474507,-0.673273,0.127229,0.757125,0.640761,0.813797,-0.449004,0.368957
0.735846,0.238922,0.678692,0.567051,0.676164,-0.470378,0.127229,0.492312,0.86107,0.813797,-0.548117,0.193138
0.735846,0.344046,0.653119,0.567051,0.796265,-0.210749,0.127229,0.168118,0.977522,0.813797,-0.581118,-0.00597665
0.735846,0.451577,0.665043,0.567051,0.820325,0.0742991,0.127229,-0.176353,0.97607,0.813797,-0.544028,-0.20437
0.735846,0.548545,0.713026,0.567051,0.745441,0.350386,0.127229,-0.499553,0.856889,0.813797,-0.441321,-0.378114
0.735846,0.623254,0.791279,0.567051,0.580647,0.584211,0.127229,-0.7625,0.634356,0.813797,-0.285383,-0.506251
0.735846,0.666693,0.890366,0.567051,0.345818,0.747572,0.127229,-0.933478,0.335309,0.813797,-0.0950243,-0.573328
0.735846,0.673623,0.998333,0.567051,0.0692776,0.820764,0.127229,-0.991865,-0.00418084,0.813797,0.106796,-0.571252
0.735846,0.643207,1.10216,0.567051,-0.215618,0.79496,0.127229,-0.930618,-0.343166,0.813797,0.295735,-0.500275
0.735846,0.579116,1.18932,0.567051,-0.474507,0.673273,0.127229,-0.757125,-0.640761,0.813797,0.449004,-0.368957
0.735846,0.489078,1.24931,0.567051,-0.676164,0.470378,0.127229,-0.492312,-0.86107,0.813797,0.548117,-0.193138
0.735846,0.383954,1.27488,0.567051,-0.796265,0.210749,0.127229,-0.168118,-0.977522,0.813797,0.581118,0.00597665
0.735846,0.276423,1.26296,0.567051,-0.820325,-0.0742991,0.127229,0.176353,-0.97607,0.813797,0.544028,0.20437
0.735846,0.179455,1.21497,0.567051,-0.745441,-0.350386,0.127229,0.499553,-0.856889,0.813797,0.441321,0.378114
0.735846,0.104746,1.13672,0.567051,-0.580647,-0.584211,0.127229,0.7625,-0.634356,0.813797,0.285383,0.506251
0.735846,0.0613071,1.03763,0.567051,-0.345818,-0.747572,0.127229,0.933478,-0.335309,0.813797,0.0950243,0.573328
0.735846,0.0543773,0.929667,0.567051,-0.0692776,-0.820764,0.127229,0.991865,0.00418084,0.813797,-0.106796,0.571252
0.735846,0.0847925,0.82584,0.567051,0.215618,-0.79496,0.127229,0.930618,0.343166,0.813797,-0.295735,0.500275
0.735846,0.148884,0.738677,0.567051,0.474507,-0.673273,0.127229,0.757125,0.640761,0.813797,-0.449004,0.368957
0.696852,0.122007,0.842333,0.269218,0.511518,-0.816009,0.266698,0.774559,0.573525,0.925416,-0.372031,0.0721042
0.696852,0.178213,0.766904,0.269218,0.759762,-0.591848,0.266698,0.531691,0.803852,0.925416,-0.374256,-0.0594862
0.696852,0.256828,0.715247,0.269218,0.916366,-0.296301,0.266698,0.224692,0.937222,0.925416,-0.33134,-0.183902
0.696852,0.34837,0.693594,0.269218,0.962444,0.0349835,0.266698,-0.109407,0.95755,0.925416,-0.24846,-0.286136
0.696852,0.441797,0.704556,0.269218,0.892436,0.362049,0.266698,-0.430311,0.862383,0.925416,-0.135611,-0.353858
0.696852,0.52584,0.74681,0.269218,0.714788,0.645446,0.266698,-0.699312,0.6632,0.925416,-0.00640631,-0.3789
0.696852,0.590363,0.815261,0.269218,0.450925,0.850992,0.266698,-0.883966,0.384026,0.925416,0.123571,-0.35824
0.696852,0.627584,0.901652,0.269218,0.132675,0.953897,0.266698,-0.962001,0.0585318,0.925416,0.238644,-0.294372
0.696852,0.633012,0.995563,0.269218,-0.201579,0.941747,0.266698,-0.924004,-0.274022,0.925416,0.324934,-0.194998
0.696852,0.605993,1.08567,0.269218,-0.511518,0.816009,0.266698,-0.774559,-0.573525,0.925416,0.372031,-0.0721042
0.696852,0.549787,1.1611,0.269218,-0.759762,0.591848,0.266698,-0.531691,-0.803852,0.925416,0.374256,0.0594862
0.696852,0.471172,1.21275,0.269218,-0.916366,0.296301,0.266698,-0.224692,-0.937222,0.925416,0.33134,0.183902
0.696852,0.37963,1.23441,0.269218,-0.962444,-0.0349835,0.266698,0.109407,-0.95755,0.925416,0.24846,0.286136
0.696852,0.286203,1.22344,0.269218,-0.892436,-0.362049,0.266698,0.430311,-0.862383,0.925416,0.135611,0.353858
0.696852,0.20216,1.18119,0.269218,-0.714788,-0.645446,0.266698,0.699312,-0.6632,0.925416,0.00640631,0.3789
0.696852,0.137637,1.11274,0.269218,-0.450925,-0.850992,0.266698,0.883966,-0.384026,0.925416,-0.123571,0.35824
0.696852,0.100416,1.02635,0.269218,-0.132675,-0.953897,0.266698,0.962001,-0.0585318,0.925416,-0.238644,0.294372
0.696852,0.0949881,0.932437,0.269218,0.201579,-0.941747,0.266698,0.924004,0.274022,0.925416,-0.324934,0.194998
0.696852,0.122007,0.842333,0.269218,0.511518,-0.816009,0.266698,0.774559,0.573525,0.925416,-0.372031,0.0721042
0.696834,0.0934024,0.952648,-0.061087,0.52073,-0.851533,0.373999,0.802915,0.464169,0.925415,-0.290118,-0.2438
0.696834,0.113604,0.860782,-0.061087,0.780568,-0.622079,0.373999,0.595738,0.710789,0.925415,-0.189237,-0.328323
0.696834,0.164007,0.781367,-0.061087,0.946257,-0.317594,0.373999,0.316706,0.871678,0.925415,-0.0655314,-0.373246
0.696834,0.238533,0.723979,-0.061087,0.997814,0.0251987,0.373999,-0.00052465,0.927429,0.925415,0.0660782,-0.373149
0.696834,0.328191,0.695542,-0.061087,0.92902,0.364952,0.373999,-0.317692,0.871319,0.925415,0.189718,-0.328046
0.696834,0.422169,0.699485,-0.061087,0.748173,0.660686,0.373999,-0.596542,0.710115,0.925415,0.290475,-0.243375
0.696834,0.50913,0.735332,-0.061087,0.477084,0.876732,0.373999,-0.803439,0.46326,0.925415,0.356196,-0.129349
0.696834,0.578587,0.79876,-0.061087,0.148453,0.987031,0.373999,-0.91343,0.16053,0.925415,0.378955,0.00027759
0.696834,0.622161,0.882118,-0.061087,-0.198084,0.97828,0.373999,-0.913248,-0.161563,0.925415,0.356006,0.129871
0.696834,0.634598,0.975352,-0.061087,-0.52073,0.851533,0.373999,-0.802915,-0.464169,0.925415,0.290118,0.2438
0.696834,0.614396,1.06722,-0.061087,-0.780568,0.622079,0.373999,-0.595738,-0.710789,0.925415,0.189237,0.328323
0.696834,0.563993,1.14663,-0.061087,-0.946257,0.317594,0.373999,-0.316706,-0.871678,0.925415,0.0655314,0.373246
0.696834,0.489467,1.20402,-0.061087,-0.997814,-0.0251987,0.373999,0.00052465,-0.927429,0.925415,-0.0660782,0.373149
0.696834,0.399809,1.23246,-0.061087,-0.92902,-0.364952,0.373999,0.317692,-0.871319,0.925415,-0.189718,0.328046
0.696834,0.305831,1.22852,-0.061087,-0.748173,-0.660686,0.373999,0.596542,-0.710115,0.925415,-0.290475,0.243375
0.696834,0.21887,1.19267,-0.061087,-0.477084,-0.876732,0.373999,0.803439,-0.46326,0.925415,-0.356196,0.129349
0.696834,0.149413,1.12924,-0.061087,-0.148453,-0.987031,0.373999,0.91343,-0.16053,0.925415,-0.378955,-0.00027759
0.696834,0.105839,1.04588,-0.061087,0.198084,-0.97828,0.373999,0.913248,0.161563,0.925415,-0.356006,-0.129871
0.696834,0.0934024,0.952648,-0.061087,0.52073,-0.851533,0.373999,0.802915,0.464169,0.925415,-0.290118,-0.2438
0.735794,0.0665216,1.05632,-0.384024,0.50103,-0.775561,0.43619,0.838772,0.325884,0.813796,-0.213144,-0.540653
0.735794,0.0528881,0.949004,-0.384024,0.736072,-0.557426,0.43619,0.676729,0.593108,0.813796,-0.0153762,-0.580947
0.735794,0.0767793,0.843502,-0.384024,0.882332,-0.272058,0.43619,0.433062,0.788794,0.813796,0.184247,-0.551171
0.735794,0.135313,0.752534,-0.384024,0.92217,0.0461247,0.43619,0.137162,0.88934,0.813796,0.361647,-0.454915
0.735794,0.221431,0.687071,-0.384024,0.850781,0.358744,0.43619,-0.175282,0.882618,0.813796,0.495427,-0.30379
0.735794,0.324744,0.655011,-0.384024,0.676775,0.628093,0.43619,-0.466584,0.76944,0.813796,0.569451,-0.116023
0.735794,0.432792,0.660219,-0.384024,0.42114,0.821685,0.43619,-0.70161,0.563456,0.813796,0.574791,0.0857378
0.735794,0.532543,0.702067,-0.384024,0.114709,0.91617,0.43619,-0.852011,0.28951,0.813796,0.510803,0.277157
0.735794,0.611965,0.775508,-0.384024,-0.205557,0.900151,0.43619,-0.899646,-0.0193539,0.813796,0.385204,0.435148
0.735794,0.661478,0.871685,-0.384024,-0.50103,0.775561,0.43619,-0.838772,-0.325884,0.813796,0.213144,0.540653
0.735794,0.675112,0.978996,-0.384024,-0.736072,0.557426,0.43619,-0.676729,-0.593108,0.813796,0.0153762,0.580947
0.735794,0.651221,1.0845,-0.384024,-0.882332,0.272058,0.43619,-0.433062,-0.788794,0.813796,-0.184247,0.551171
0.735794,0.592687,1.17547,-0.384024,-0.92217,-0.0461247,0.43619,-0.137162,-0.88934,0.813796,-0.361647,0.454915
0.735794,0.506569,1.24093,-0.384024,-0.850781,-0.358744,0.43619,0.175282,-0.882618,0.813796,-0.495427,0.30379
0.735794,0.403256,1.27299,-0.384024,-0.676775,-0.628093,0.43619,0.466584,-0.76944,0.813796,-0.569451,0.116023
0.735794,0.295208,1.26778,-0.384024,-0.42114,-0.821685,0.43619,0.70161,-0.563456,0.813796,-0.574791,-0.0857378
0.735794,0.195457,1.22593,-0.384024,-0.114709,-0.91617,0.43619,0.852011,-0.28951,0.813796,-0.510803,-0.277157
0.735794,0.116035,1.15249,-0.384024,0.205557,-0.900151,0.43619,0.899646,0.0193539,0.813796,-0.385204,-0.435148
0.735794,0.0665216,1.05632,-0.384024,0.50103,-0.775561,0.43619,0.838772,0.325884,0.813796,-0.213144,-0.540653
0.809034,0.0446066,1.14083,-0.660642,0.454796,-0.597255,0.44577,0.877805,0.175349,0.604021,-0.150395,-0.782649
0.809034,0.00338819,1.02093,-0.660642,0.631642,-0.405686,0.44577,0.764894,0.465001,0.604021,0.126356,-0.786888
0.809034,0.00566489,0.894159,-0.660642,0.732302,-0.165186,0.44577,0.559726,0.698567,0.604021,0.387868,-0.696216
0.809034,0.0511621,0.775813,-0.660642,0.744636,0.0952376,0.44577,0.287046,0.847876,0.604021,0.602596,-0.521571
0.809034,0.134392,0.680165,-0.660642,0.667155,0.344174,0.44577,-0.0202557,0.894918,0.604021,0.744643,-0.284016
0.809034,0.245316,0.618752,-0.660642,0.509206,0.551599,0.44577,-0.325114,0.83402,0.604021,0.796875,-0.012205
0.809034,0.370556,0.598981,-0.660642,0.28984,0.692492,0.44577,-0.590759,0.672527,0.604021,0.752992,0.261078
0.809034,0.495004,0.623237,-0.660642,0.0355139,0.749861,0.44577,-0.78515,0.429917,0.604021,0.618287,0.502872
0.809034,0.603651,0.688593,-0.660642,-0.223095,0.716785,0.44577,-0.88484,0.135453,0.604021,0.409007,0.684011
0.809034,0.683393,0.787168,-0.660642,-0.454796,0.597255,0.44577,-0.877805,-0.175349,0.604021,0.150395,0.782649
0.809034,0.724612,0.907071,-0.660642,-0.631642,0.405686,0.44577,-0.764894,-0.465001,0.604021,-0.126356,0.786888
0.809034,0.722335,1.03384,-0.660642,-0.732302,0.165186,0.44577,-0.559726,-0.698567,0.604021,-0.387868,0.696216
0.809034,0.676838,1.15219,-0.660642,-0.744636,-0.0952376,0.44577,-0.287046,-0.847876,0.604021,-0.602596,0.521571
0.809034,0.593608,1.24783,-0.660642,-0.667155,-0.344174,0.44577,0.0202557,-0.894918,0.604021,-0.744643,0.284016
0.809034,0.482684,1.30925,-0.660642,-0.509206,-0.551599,0.44577,0.325114,-0.83402,0.604021,-0.796875,0.012205
0.809034,0.357444,1.32902,-0.660642,-0.28984,-0.692492,0.44577,0.590759,-0.672527,0.604021,-0.752992,-0.261078
0.809034,0.232996,1.30476,-0.660642,-0.0355139,-0.749861,0.44577,0.78515,-0.429917,0.604021,-0.618287,-0.502872
0.809034,0.124349,1.23941,-0.660642,0.223095,-0.716785,0.44577,0.88484,-0.135453,0.604021,-0.409007,-0.684011
0.809034,0.0446066,1.14083,-0.660642,0.454796,-0.597255,0.44577,0.877805,0.175349,0.604021,-0.150395,-0.782649
0.90772,0.0303005,1.196,-0.857576,0.387603,-0.338122,0.401584,0.915307,0.0307205,0.321392,-0.109439,-0.940601
0.90772,-0.0289252,1.06788,-0.857576,0.479872,-0.185162,0.401584,0.8496,0.341921,0.321392,0.218866,-0.921306
0.90772,-0.0407583,0.927228,-0.857576,0.514262,-0.0098694,0.401584,0.681419,0.611881,0.321392,0.520772,-0.790888
0.90772,-0.0037716,0.79101,-0.857576,0.486624,0.166614,0.401584,0.431049,0.808039,0.321392,0.759865,-0.565077
0.90772,0.0775738,0.675657,-0.857576,0.400291,0.323001,0.401584,0.128688,0.906736,0.321392,0.907307,-0.27111
0.90772,0.193466,0.595083,-0.857576,0.265678,0.440429,0.401584,-0.189195,0.896067,0.321392,0.945315,0.0555573
0.90772,0.329928,0.559005,-0.857576,0.0990201,0.504735,0.401584,-0.484258,0.777319,0.321392,0.869304,0.375524
0.90772,0.470499,0.571776,-0.857576,-0.0795812,0.508163,0.401584,-0.720913,0.564815,0.321392,0.688442,0.650196
0.90772,0.598225,0.631855,-0.857576,-0.248584,0.450298,0.401584,-0.870614,0.284186,0.321392,0.424543,0.846445
0.90772,0.697699,0.731995,-0.857576,-0.387603,0.338122,0.401584,-0.915307,-0.0307205,0.321392,0.109439,0.940601
0.90772,0.756925,0.860119,-0.857576,-0.479872,0.185162,0.401584,-0.8496,-0.341921,0.321392,-0.218866,0.921306
0.90772,0.768758,1.00077,-0.857576,-0.514262,0.0098694,0.401584,-0.681419,-0.611881,0.321392,-0.520772,0.790888
0.90772,0.731772,1.13699,-0.857576,-0.486624,-0.166614,0.401584,-0.431049,-0.808039,0.321392,-0.759865,0.565077
0.90772,0.650426,1.25234,-0.857576,-0.400291,-0.323001,0.401584,-0.128688,-0.906736,0.321392,-0.907307,0.27111
0.90772,0.534534,1.33292,-0.857576,-0.265678,-0.440429,0.401584,0.189195,-0.896067,0.321392,-0.945315,-0.0555573
0.90772,0.398072,1.36899,-0.857576,-0.0990201,-0.504735,0.401584,0.484258,-0.777319,0.321392,-0.869304,-0.375524
0.90772,0.257501,1.35622,-0.857576,0.0795812,-0.508163,0.401584,0.720913,-0.564815,0.321392,-0.688442,-0.650196
0.90772,0.129775,1.29614,-0.857576,0.248584,-0.450298,0.401584,0.870614,-0.284186,0.321392,-0.424543,-0.846445
0.90772,0.0303005,1.196,-0.857576,0.387603,-0.338122,0.401584,0.915307,0.0307205,0.321392,-0.109439,-0.940601
0.883612,0.32588,0.566843,0.961642,0.263906,-0.0748231,-0.0812368,0.534526,0.841238,0.262003,-0.802892,0.535462
0.883612,0.464014,0.577757,0.961642,0.273582,0.0199505,-0.0812368,0.21457,0.973324,0.262003,-0.93761,0.228564
0.883612,0.590086,0.635257,0.961642,0.250259,0.112318,-0.0812368,-0.131267,0.988013,0.262003,-0.959239,-0.105901
0.883612,0.688888,0.732409,0.961642,0.196752,0.191138,-0.0812368,-0.461271,0.883533,0.262003,-0.865169,-0.427594
0.883612,0.748504,0.857494,0.961642,0.119513,0.246904,-0.0812368,-0.735639,0.672485,0.262003,-0.666748,-0.697712
0.883612,0.761743,0.995425,0.961642,0.0278596,0.27289,-0.0812368,-0.921278,0.380326,0.262003,-0.387906,-0.883676
0.883612,0.727008,1.12957,0.961642,-0.0671543,0.265961,-0.0812368,-0.995797,0.0422941,0.262003,-0.0622776,-0.963056
0.883612,0.648489,1.24374,0.961642,-0.154068,0.226953,-0.0812368,-0.950209,-0.300839,0.262003,0.270863,-0.926276
0.883612,0.535657,1.32417,0.961642,-0.2224,0.160572,-0.0812368,-0.790011,-0.607687,0.262003,0.571333,-0.777775
0.883612,0.40212,1.36116,0.961642,-0.263906,0.0748231,-0.0812368,-0.534526,-0.841238,0.262003,0.802892,-0.535462
0.883612,0.263986,1.35024,0.961642,-0.273582,-0.0199505,-0.0812368,-0.21457,-0.973324,0.262003,0.93761,-0.228564
0.883612,0.137914,1.29274,0.961642,-0.250259,-0.112318,-0.0812368,0.131267,-0.988013,0.262003,0.959239,0.105901
0.883612,0.0391122,1.19559,0.961642,-0.196752,-0.191138,-0.0812368,0.461271,-0.883533,0.262003,0.865169,0.427594
0.883612,-0.0205036,1.07051,0.961642,-0.119513,-0.246904,-0.0812368,0.735639,-0.672485,0.262003,0.666748,0.697712
0.883612,-0.0337425,0.932575,0.961642,-0.0278596,-0.27289,-0.0812368,0.921278,-0.380326,0.262003,0.387906,0.883676
0.883612,0.00099214,0.798435,0.961642,0.0671543,-0.265961,-0.0812368,0.995797,-0.0422941,0.262003,0.0622776,0.963056
0.883612,0.0795109,0.684263,0.961642,0.154068,-0.226953,-0.0812368,0.950209,0.300839,0.262003,-0.270863,0.926276
0.883612,0.192343,0.603833,0.961642,0.2224,-0.160572,-0.0812368,0.790011,0.607687,0.262003,-0.571333,0.777775
0.883612,0.32588,0.566843,0.961642,0.263906,-0.0748231,-0.0812368,0.534526,0.841238,0.262003,-0.802892,0.535462
0.763622,0.308497,0.633881,0.856221,0.34436,-0.3851,0.156285,0.537848,0.828429,0.492403,-0.769504,0.406698
0.763622,0.424752,0.634807,0.856221,0.455305,-0.244098,0.156285,0.222072,0.962423,0.492403,-0.862196,0.118985
0.763622,0.533678,0.675438,0.856221,0.511333,-0.0736534,0.156285,-0.120489,0.980335,0.492403,-0.850894,-0.183079
0.763622,0.62214,0.750874,0.856221,0.505687,0.105675,0.156285,-0.448517,0.880004,0.492403,-0.736963,-0.463061
0.763622,0.679465,0.852016,0.856221,0.439047,0.272257,0.156285,-0.722447,0.673532,0.492403,-0.534142,-0.687191
0.763622,0.698741,0.966665,0.856221,0.319452,0.406001,0.156285,-0.90924,0.385821,0.492403,-0.266896,-0.828435
0.763622,0.677643,1.08099,0.856221,0.161326,0.490775,0.156285,-0.986364,0.0515753,0.492403,0.0325411,-0.869759
0.763622,0.618714,1.18121,0.856221,-0.0162576,0.516354,0.156285,-0.944519,-0.288892,0.492403,0.328054,-0.806176
0.763622,0.529063,1.25523,0.856221,-0.191881,0.479654,0.156285,-0.788751,-0.594514,0.492403,0.583998,-0.645357
0.763622,0.419503,1.29412,0.856221,-0.34436,0.3851,0.156285,-0.537848,-0.828429,0.492403,0.769504,-0.406698
0.763622,0.303248,1.29319,0.856221,-0.455305,0.244098,0.156285,-0.222072,-0.962423,0.492403,0.862196,-0.118985
0.763622,0.194322,1.25256,0.856221,-0.511333,0.0736534,0.156285,0.120489,-0.980335,0.492403,0.850894,0.183079
0.763622,0.10586,1.17713,0.856221,-0.505687,-0.105675,0.156285,0.448517,-0.880004,0.492403,0.736963,0.463061
0.763622,0.0485346,1.07598,0.856221,-0.439047,-0.272257,0.156285,0.722447,-0.673532,0.492403,0.534142,0.687191
0.763622,0.0292587,0.961335,0.856221,-0.319452,-0.406001,0.156285,0.90924,-0.385821,0.492403,0.266896,0.828435
0.763622,0.0503575,0.847008,0.856221,-0.161326,-0.490775,0.156285,0.986364,-0.0515753,0.492403,-0.0325411,0.869759
0.763622,0.109286,0.746791,0.856221,0.0162576,-0.516354,0.156285,0.944519,0.288892,0.492403,-0.328054,0.806176
0.763622,0.198937,0.672773,0.856221,0.191881,-0.479654,0.156285,0.788751,0.594514,0.492403,-0.583998,0.645357
0.763622,0.308497,0.633881,0.856221,0.34436,-0.3851,0.156285,0.537848,0.828429,0.492403,-0.769504,0.406698
0.674556,0.281862,0.736602,0.647527,0.410912,-0.641763,0.374957,0.561359,0.737755,0.663413,-0.71835,0.20942
0.674556,0.36459,0.722223,0.647527,0.605627,-0.46252,0.374957,0.275178,0.885259,0.663413,-0.746654,-0.0488993
0.674556,0.447247,0.737006,0.647527,0.727295,-0.22749,0.374957,-0.0441938,0.925988,0.663413,-0.684901,-0.301321
0.674556,0.519864,0.779167,0.647527,0.76124,0.0349788,0.374957,-0.358235,0.855029,0.663413,-0.540539,-0.517399
0.674556,0.57368,0.843623,0.647527,0.703368,0.293229,0.374957,-0.629068,0.680941,0.663413,-0.330979,-0.671071
0.674556,0.602207,0.922597,0.647527,0.560659,0.516111,0.374957,-0.824026,0.424721,0.663413,-0.0814987,-0.743802
0.674556,0.602002,1.00657,0.647527,0.350327,0.676742,0.374957,-0.919594,0.117274,0.663413,0.177812,-0.72682
0.674556,0.57309,1.0854,0.647527,0.0977405,0.755749,0.374957,-0.904246,-0.204319,0.663413,0.415675,-0.622172
0.674556,0.518959,1.14959,0.647527,-0.166635,0.743601,0.374957,-0.779832,-0.501267,0.663413,0.603402,-0.442481
0.674556,0.446138,1.1914,0.647527,-0.410912,0.641763,0.374957,-0.561359,-0.737755,0.663413,0.71835,-0.20942
0.674556,0.36341,1.20578,0.647527,-0.605627,0.46252,0.374957,-0.275178,-0.885259,0.663413,0.746654,0.0488993
0.674556,0.280753,1.19099,0.647527,-0.727295,0.22749,0.374957,0.0441938,-0.925988,0.663413,0.684901,0.301321
0.674556,0.208136,1.14883,0.647527,-0.76124,-0.0349788,0.374957,0.358235,-0.855029,0.663413,0.540539,0.517399
0.674556,0.15432,1.08438,0.647527,-0.703368,-0.293229,0.374957,0.629068,-0.680941,0.663413,0.330979,0.671071
0.674556,0.125793,1.0054,0.647527,-0.560659,-0.516111,0.374957,0.824026,-0.424721,0.663413,0.0814987,0.743802
0.674556,0.125998,0.921435,0.647527,-0.350327,-0.676742,0.374957,0.919594,-0.117274,0.663413,-0.177812,0.72682
0.674556,0.15491,0.8426,0.647527,-0.0977405,-0.755749,0.374957,0.904246,0.204319,0.663413,-0.415675,0.622172
0.674556,0.209041,0.778408,0.647527,0.166635,-0.743601,0.374957,0.779832,0.501267,0.663413,-0.603402,0.442481
0.674556,0.281862,0.736602,0.647527,0.410912,-0.641763,0.374957,0.561359,0.737755,0.663413,-0.71835,0.20942
0.627155,0.249187,0.862615,0.360731,0.455535,-0.813855,0.548404,0.602225,0.580154,0.754404,-0.655601,-0.0325759
0.627155,0.290787,0.829461,0.360731,0.706418,-0.608972,0.548404,0.367482,0.751139,0.754404,-0.604922,-0.25484
0.627155,0.341217,0.812534,0.360731,0.872096,-0.330637,0.548404,0.0884154,0.831526,0.754404,-0.48128,-0.446367
0.627155,0.394396,0.813877,0.360731,0.932587,-0.0124225,0.548404,-0.201315,0.811619,0.754404,-0.299589,-0.584055
0.627155,0.443908,0.833326,0.360731,0.880594,0.30729,0.548404,-0.466765,0.693818,0.754404,-0.0817629,-0.651298
0.627155,0.483782,0.868537,0.360731,0.722388,0.589939,0.548404,-0.675915,0.492333,0.754404,0.145925,-0.639984
0.627155,0.509209,0.915262,0.360731,0.477052,0.801433,0.548404,-0.80354,0.231465,0.754404,0.356012,-0.551479
0.627155,0.517121,0.967865,0.360731,0.174176,0.916262,0.548404,-0.834247,-0.0573208,0.754404,0.523159,-0.396458
0.627155,0.506565,1.02,0.360731,-0.149708,0.920576,0.548404,-0.764331,-0.339193,0.754404,0.627205,-0.193617
0.627155,0.478813,1.06539,0.360731,-0.455535,0.813855,0.548404,-0.602225,-0.580154,0.754404,0.655601,0.0325759
0.627155,0.437213,1.09854,0.360731,-0.706418,0.608972,0.548404,-0.367482,-0.751139,0.754404,0.604922,0.25484
0.627155,0.386783,1.11547,0.360731,-0.872096,0.330637,0.548404,-0.0884154,-0.831526,0.754404,0.48128,0.446367
0.627155,0.333604,1.11412,0.360731,-0.932587,0.0124225,0.548404,0.201315,-0.811619,0.754404,0.299589,0.584055
0.627155,0.284092,1.09467,0.360731,-0.880594,-0.30729,0.548404,0.466765,-0.693818,0.754404,0.0817629,0.651298
0.627155,0.244218,1.05946,0.360731,-0.722388,-0.589939,0.548404,0.675915,-0.492333,0.754404,-0.145925,0.639984
0.627155,0.218791,1.01274,0.360731,-0.477052,-0.801433,0.548404,0.80354,-0.231465,0.754404,-0.356012,0.551479
0.627155,0.210879,0.960135,0.360731,-0.174176,-0.916262,0.548404,0.834247,0.0573208,0.754404,-0.523159,0.396458
0.627155,0.221435,0.907997,0.360731,0.149708,-0.920576,0.548404,0.764331,0.339193,0.754404,-0.627205,0.193617
0.627155,0.249187,0.862615,0.360731,0.455535,-0.813855,0.548404,0.602225,0.580154,0.754404,-0.655601,-0.0325759
0.627137,0.214414,0.996721,0.0304265,0.472847,-0.880619,0.655705,0.655516,0.374634,0.754404,-0.588825,-0.290103
0.627137,0.212243,0.943586,0.0304265,0.74552,-0.665788,0.655705,0.487851,0.57624,0.754404,-0.454093,-0.473998
0.627137,0.228377,0.892914,0.0304265,0.928273,-0.370653,0.655705,0.261344,0.708343,0.754404,-0.264591,-0.600721
0.627137,0.260869,0.850815,0.0304265,0.999062,-0.030812,0.655705,0.00331566,0.75501,0.754404,-0.0431759,-0.654989
0.627137,0.3058,0.822368,0.0304265,0.949349,0.312746,0.655705,-0.255113,0.710611,0.754404,0.183447,-0.630255
0.627137,0.357751,0.811004,0.0304265,0.785131,0.618581,0.655705,-0.482771,0.580503,0.754404,0.387944,-0.529503
0.627137,0.410456,0.818094,0.0304265,0.526215,0.849807,0.655705,-0.6522,0.380377,0.754404,0.545649,-0.364886
0.627137,0.457557,0.842782,0.0304265,0.203829,0.978534,0.655705,-0.742964,0.134371,0.754404,0.637541,-0.156258
0.627137,0.493374,0.88209,0.0304265,-0.143141,0.989234,0.655705,-0.744116,-0.127841,0.754404,0.652535,0.0712176
0.627137,0.513586,0.931279,0.0304265,-0.472847,0.880619,0.655705,-0.655516,-0.374634,0.754404,0.588825,0.290103
0.627137,0.515757,0.984414,0.0304265,-0.74552,0.665788,0.655705,-0.487851,-0.57624,0.754404,0.454093,0.473998
0.627137,0.499623,1.03509,0.0304265,-0.928273,0.370653,0.655705,-0.261344,-0.708343,0.754404,0.264591,0.600721
0.627137,0.467131,1.07718,0.0304265,-0.999062,0.030812,0.655705,-0.00331566,-0.75501,0.754404,0.0431759,0.654989
0.627137,0.4222,1.10563,0.0304265,-0.949349,-0.312746,0.655705,0.255113,-0.710611,0.754404,-0.183447,0.630255
0.627137,0.370249,1.117,0.0304265,-0.785131,-0.618581,0.655705,0.482771,-0.580503,0.754404,-0.387944,0.529503
0.627137,0.317544,1.10991,0.0304265,-0.526215,-0.849807,0.655705,0.6522,-0.380377,0.754404,-0.545649,0.364886
0.627137,0.270443,1.08522,0.0304265,-0.203829,-0.978534,0.655705,0.742964,-0.134371,0.754404,-0.637541,0.156258
0.627137,0.234626,1.04591,0.0304265,0.143141,-0.989234,0.655705,0.744116,0.127841,0.754404,-0.652535,-0.0712176
0.627137,0.214414,0.996721,0.0304265,0.472847,-0.880619,0.655705,0.655516,0.374634,0.754404,-0.588825,-0.290103
0.674504,0.181736,1.12275,-0.303548,0.460759,-0.834002,0.683918,0.714804,0.145984,0.663411,-0.526076,-0.532099
0.674504,0.138433,1.05083,-0.303548,0.718218,-0.626117,0.683918,0.621767,0.381657,0.663411,-0.312361,-0.679938
0.674504,0.122337,0.968449,-0.303548,0.889048,-0.342712,0.683918,0.453735,0.571297,0.663411,-0.0609708,-0.745767
0.674504,0.135389,0.885528,-0.303548,0.952647,-0.0179717,0.683918,0.230977,0.69203,0.663411,0.197773,-0.721645
0.674504,0.176016,0.812071,-0.303548,0.901342,0.308936,0.683918,-0.0196414,0.729294,0.663411,0.432663,-0.610482
0.674504,0.239315,0.756939,-0.303548,0.741322,0.598582,0.683918,-0.26789,0.678595,0.663411,0.615367,-0.425686
0.674504,0.317654,0.726781,-0.303548,0.491887,0.81603,0.683918,-0.483828,0.546047,0.663411,0.723849,-0.189546
0.674504,0.401582,0.725236,-0.303548,0.183124,0.935053,0.683918,-0.641408,0.347637,0.663411,0.745024,0.0694565
0.674504,0.480978,0.752489,-0.303548,-0.147727,0.941295,0.683918,-0.721626,0.107298,0.663411,0.676338,0.320081
0.674504,0.546264,0.805254,-0.303548,-0.460759,0.834002,0.683918,-0.714804,-0.145984,0.663411,0.526076,0.532099
0.674504,0.589567,0.877165,-0.303548,-0.718218,0.626117,0.683918,-0.621767,-0.381657,0.663411,0.312361,0.679938
0.674504,0.605663,0.959551,-0.303548,-0.889048,0.342712,0.683918,-0.453735,-0.571297,0.663411,0.0609708,0.745767
0.674504,0.592611,1.04247,-0.303548,-0.952647,0.0179717,0.683918,-0.230977,-0.69203,0.663411,-0.197773,0.721645
0.674504,0.551984,1.11593,-0.303548,-0.901342,-0.308936,0.683918,0.0196414,-0.729294,0.663411,-0.432663,0.610482
0.674504,0.488685,1.17106,-0.303548,-0.741322,-0.598582,0.683918,0.26789,-0.678595,0.663411,-0.615367,0.425686
0.674504,0.410346,1.20122,-0.303548,-0.491887,-0.81603,0.683918,0.483828,-0.546047,0.663411,-0.723849,0.189546
0.674504,0.326418,1.20276,-0.303548,-0.183124,-0.935053,0.683918,0.641408,-0.347637,0.663411,-0.745024,-0.0694565
0.674504,0.247022,1.17551,-0.303548,0.147727,-0.941295,0.683918,0.721626,-0.107298,0.663411,-0.676338,-0.320081
0.674504,0.181736,1.12275,-0.303548,0.460759,-0.834002,0.683918,0.714804,0.145984,0.663411,-0.526076,-0.532099
0.763543,0.155095,1.22549,-0.60091,0.42073,-0.679627,0.629641,0.772939,-0.0782177,0.492402,-0.474922,-0.729376
0.763543,0.0782587,1.13827,-0.60091,0.627803,-0.494742,0.629641,0.753077,0.19086,0.492402,-0.19682,-0.847822
0.763543,0.0358873,1.03003,-0.60091,0.759154,-0.250184,0.629641,0.642383,0.436917,0.492402,0.105022,-0.864009
0.763543,0.0330911,0.913827,-0.60091,0.798939,0.0245497,0.629641,0.454208,0.630276,0.492402,0.394197,-0.775983
0.763543,0.0702074,0.803676,-0.60091,0.742361,0.296322,0.629641,0.211249,0.747614,0.492402,0.635826,-0.594362
0.763543,0.142759,0.712861,-0.60091,0.596243,0.532354,0.629641,-0.0571901,0.774779,0.492402,0.800765,-0.341053
0.763543,0.241996,0.652338,-0.60091,0.378209,0.704176,0.629641,-0.318731,0.708494,0.492402,0.869119,-0.0466069
0.763543,0.355949,0.629406,-0.60091,0.114558,0.791065,0.629641,-0.541828,0.556754,0.492402,0.832646,0.25346
0.763543,0.470872,0.646831,-0.60091,-0.162911,0.782539,0.629641,-0.699573,0.337861,0.492402,0.695742,0.522956
0.763543,0.572905,0.702511,-0.60091,-0.42073,0.679627,0.629641,-0.772939,0.0782177,0.492402,0.474922,0.729376
0.763543,0.649741,0.78973,-0.60091,-0.627803,0.494742,0.629641,-0.753077,-0.19086,0.492402,0.19682,0.847822
0.763543,0.692113,0.897969,-0.60091,-0.759154,0.250184,0.629641,-0.642383,-0.436917,0.492402,-0.105022,0.864009
0.763543,0.694909,1.01417,-0.60091,-0.798939,-0.0245497,0.629641,-0.454208,-0.630276,0.492402,-0.394197,0.775983
0.763543,0.657793,1.12432,-0.60091,-0.742361,-0.296322,0.629641,-0.211249,-0.747614,0.492402,-0.635826,0.594362
0.763543,0.585241,1.21514,-0.60091,-0.596243,-0.532354,0.629641,0.0571901,-0.774779,0.492402,-0.800765,0.341053
0.763543,0.486004,1.27566,-0.60091,-0.378209,-0.704176,0.629641,0.318731,-0.708494,0.492402,-0.869119,0.0466069
0.763543,0.372051,1.29859,-0.60091,-0.114558,-0.791065,0.629641,0.541828,-0.556754,0.492402,-0.832646,-0.25346
0.763543,0.257128,1.28117,-0.60091,0.162911,-0.782539,0.629641,0.699573,-0.337861,0.492402,-0.695742,-0.522956
0.763543,0.155095,1.22549,-0.60091,0.42073,-0.679627,0.629641,0.772939,-0.0782177,0.492402,-0.474922,-0.729376
0.883514,0.137704,1.29256,-0.825794,0.357588,-0.436113,0.499419,0.822908,-0.270928,0.262001,-0.441534,-0.858139
0.883514,0.038978,1.19535,-0.825794,0.485182,-0.28751,0.499419,0.865944,0.0268619,0.262001,-0.121406,-0.957401
0.883514,-0.0205455,1.07023,-0.825794,0.554257,-0.104229,0.499419,0.804534,0.321412,0.262001,0.213366,-0.941186
0.883514,-0.0336872,0.932301,-0.825794,0.556479,0.0916234,0.499419,0.646085,0.577195,0.262001,0.522403,-0.81145
0.883514,0.00113807,0.798195,-0.825794,0.491582,0.276425,0.499419,0.409709,0.76336,0.262001,0.76843,-0.583841
0.883514,0.0797298,0.684089,-0.825794,0.367393,0.427886,0.499419,0.123916,0.857453,0.262001,0.921774,-0.285812
0.883514,0.192609,0.603743,-0.825794,0.198891,0.527737,0.499419,-0.176823,0.848124,0.262001,0.963938,0.0466895
0.883514,0.32616,0.56685,-0.825794,0.00640018,0.563935,0.499419,-0.456235,0.736498,0.262001,0.889836,0.37356
0.883514,0.464275,0.577859,-0.825794,-0.186863,0.532115,0.499419,-0.680618,0.536041,0.262001,0.708408,0.655373
0.883514,0.590296,0.635442,-0.825794,-0.357588,0.436113,0.499419,-0.822908,0.270928,0.262001,0.441534,0.858139
0.883514,0.689022,0.732655,-0.825794,-0.485182,0.28751,0.499419,-0.865944,-0.0268619,0.262001,0.121406,0.957401
0.883514,0.748546,0.857771,-0.825794,-0.554257,0.104229,0.499419,-0.804534,-0.321412,0.262001,-0.213366,0.941186
0.883514,0.761687,0.995699,-0.825794,-0.556479,-0.0916234,0.499419,-0.646085,-0.577195,0.262001,-0.522403,0.81145
0.883514,0.726862,1.1298,-0.825794,-0.491582,-0.276425,0.499419,-0.409709,-0.76336,0.262001,-0.76843,0.583841
0.883514,0.64827,1.24391,-0.825794,-0.367393,-0.427886,0.499419,-0.123916,-0.857453,0.262001,-0.921774,0.285812
0.883514,0.535391,1.32426,-0.825794,-0.198891,-0.527737,0.499419,0.176823,-0.848124,0.262001,-0.963938,-0.0466895
0.883514,0.40184,1.36115,-0.825794,-0.00640018,-0.563935,0.499419,0.456235,-0.736498,0.262001,-0.889836,-0.37356
0.883514,0.263725,1.35014,-0.825794,0.186863,-0.532115,0.499419,0.680618,-0.536041,0.262001,-0.708408,-0.655373
0.883514,0.137704,1.29256,-0.825794,0.357588,-0.436113,0.499419,0.822908,-0.270928,0.262001,-0.441534,-0.858139
0.875863,0.471266,0.582547,0.985232,0.168073,-0.032717,-0.00862081,0.239521,0.970853,0.17101,-0.956233,0.237432
0.875863,0.595262,0.642238,0.985232,0.169126,0.0267403,-0.00862081,-0.106975,0.994224,0.17101,-0.979772,-0.103938
0.875863,0.691364,0.740739,0.985232,0.149781,0.0829723,-0.00862081,-0.440569,0.897677,0.17101,-0.885135,-0.432771
0.875863,0.747982,0.866169,0.985232,0.11237,0.129197,-0.00862081,-0.721023,0.692858,0.17101,-0.683739,-0.709406
0.875863,0.758285,1.0034,0.985232,0.0614054,0.159838,-0.00862081,-0.914511,0.404469,0.17101,-0.399873,-0.900476
0.875863,0.721032,1.13588,0.985232,0.00303444,0.1712,-0.00862081,-0.997696,0.067295,0.17101,-0.0677771,-0.982935
0.875863,0.640715,1.24762,0.985232,-0.0557025,0.161914,-0.00862081,-0.960544,-0.277995,0.17101,0.272494,-0.946838
0.875863,0.527023,1.32516,0.985232,-0.107721,0.133098,-0.00862081,-0.807536,-0.589756,0.17101,0.579898,-0.796538
0.875863,0.393667,1.35914,0.985232,-0.146747,0.0882281,-0.00862081,-0.557127,-0.830382,0.17101,0.817358,-0.550164
0.875863,0.256734,1.34545,0.985232,-0.168073,0.032717,-0.00862081,-0.239521,-0.970853,0.17101,0.956233,-0.237432
0.875863,0.132738,1.28576,0.985232,-0.169126,-0.0267403,-0.00862081,0.106975,-0.994224,0.17101,0.979772,0.103938
0.875863,0.0366356,1.18726,0.985232,-0.149781,-0.0829723,-0.00862081,0.440569,-0.897677,0.17101,0.885135,0.432771
0.875863,-0.0199815,1.06183,0.985232,-0.11237,-0.129197,-0.00862081,0.721023,-0.692858,0.17101,0.683739,0.709406
0.875863,-0.0302848,0.924602,0.985232,-0.0614054,-0.159838,-0.00862081,0.914511,-0.404469,0.17101,0.399873,0.900476
0.875863,0.00696841,0.792124,0.985232,-0.00303444,-0.1712,-0.00862081,0.997696,-0.067295,0.17101,0.0677771,0.982935
0.875863,0.0872849,0.680378,0.985232,0.0557025,-0.161914,-0.00862081,0.960544,0.277995,0.17101,-0.272494,0.946838
0.875863,0.200977,0.60284,0.985232,0.107721,-0.133098,-0.00862081,0.807536,0.589756,0.17101,-0.579898,0.796538
0.875863,0.334333,0.568864,0.985232,0.146747,-0.0882281,-0.00862081,0.557127,0.830382,0.17101,-0.817358,0.550164
0.875863,0.471266,0.582547,0.985232,0.168073,-0.032717,-0.00862081,0.239521,0.970853,0.17101,-0.956233,0.237432
0.749059,0.452896,0.653393,0.900555,0.251533,-0.354587,0.292759,0.252096,0.922356,0.321393,-0.93444,0.153388
0.749059,0.553769,0.702529,0.900555,0.35764,-0.247174,0.292759,-0.0785715,0.952953,0.321393,-0.930548,-0.17546
0.749059,0.631753,0.783203,0.900555,0.42061,-0.109948,0.292759,-0.399762,0.86861,0.321393,-0.814419,-0.483145
0.749059,0.677441,0.885683,0.900555,0.432848,0.04054,0.292759,-0.672735,0.679499,0.321393,-0.600058,-0.732555
0.749059,0.685325,0.997609,0.900555,0.392879,0.186138,0.292759,-0.864567,0.408431,0.321393,-0.313321,-0.893609
0.749059,0.654451,1.10548,0.900555,0.305522,0.309285,0.292759,-0.952119,0.0881007,0.321393,0.0112064,-0.94688
0.749059,0.588545,1.19629,0.900555,0.181315,0.395127,0.292759,-0.924831,-0.242856,0.321393,0.334382,-0.885943
0.749059,0.495556,1.25908,0.900555,0.0352392,0.433312,0.292759,-0.785995,-0.544521,0.321393,0.617227,-0.718149
0.749059,0.386699,1.28628,0.900555,-0.115087,0.419233,0.292759,-0.552357,-0.780509,0.321393,0.825625,-0.463735
0.749059,0.275104,1.27461,0.900555,-0.251533,0.354587,0.292759,-0.252096,-0.922356,0.321393,0.93444,-0.153388
0.749059,0.174231,1.22547,0.900555,-0.35764,0.247174,0.292759,0.0785715,-0.952953,0.321393,0.930548,0.17546
0.749059,0.0962475,1.1448,0.900555,-0.42061,0.109948,0.292759,0.399762,-0.86861,0.321393,0.814419,0.483145
0.749059,0.0505586,1.04232,0.900555,-0.432848,-0.04054,0.292759,0.672735,-0.679499,0.321393,0.600058,0.732555
0.749059,0.0426754,0.930391,0.900555,-0.392879,-0.186138,0.292759,0.864567,-0.408431,0.321393,0.313321,0.893609
0.749059,0.0735487,0.822518,0.900555,-0.305522,-0.309285,0.292759,0.952119,-0.0881007,0.321393,-0.0112064,0.94688
0.749059,0.139455,0.73171,0.900555,-0.181315,-0.395127,0.292759,0.924831,0.242856,0.321393,-0.334382,0.885943
0.749059,0.232444,0.66892,0.900555,-0.0352392,-0.433312,0.292759,0.785995,0.544521,0.321393,-0.617227,0.718149
0.749059,0.341301,0.641721,0.900555,0.115087,-0.419233,0.292759,0.552357,0.780509,0.321393,-0.825625,0.463735
0.749059,0.452896,0.653393,0.900555,0.251533,-0.354587,0.292759,0.252096,0.922356,0.321393,-0.93444,0.153388
0.654934,0.424748,0.761948,0.707258,0.322691,-0.629013,0.558827,0.289785,0.777005,0.433011,-0.901052,0.0246245
0.654934,0.49019,0.794911,0.707258,0.518365,-0.480712,0.558827,0.00655759,0.829258,0.433011,-0.855134,-0.285039
0.654934,0.540412,0.848268,0.707258,0.651517,-0.27443,0.558827,-0.277461,0.781491,0.433011,-0.706074,-0.560322
0.654934,0.569356,0.915584,0.707258,0.706086,-0.0350482,0.558827,-0.528013,0.639464,0.433011,-0.471852,-0.768022
0.654934,0.573531,0.988739,0.707258,0.675491,0.208561,0.558827,-0.71488,0.420308,0.433011,-0.180716,-0.883087
0.654934,0.552433,1.05891,0.707258,0.563422,0.427015,0.558827,-0.815521,0.150457,0.433011,0.132216,-0.891639
0.654934,0.508608,1.11764,0.707258,0.383396,0.593965,0.558827,-0.817798,-0.137541,0.433011,0.429201,-0.792646
0.654934,0.447341,1.15783,0.707258,0.157126,0.689273,0.558827,-0.721437,-0.40895,0.433011,0.674418,-0.598049
0.654934,0.376021,1.17464,0.707258,-0.0880949,0.701445,0.558827,-0.53806,-0.631033,0.433011,0.83829,-0.331317
0.654934,0.303252,1.16605,0.707258,-0.322691,0.629013,0.558827,-0.289785,-0.777005,0.433011,0.901052,-0.0246245
0.654934,0.23781,1.13309,0.707258,-0.518365,0.480712,0.558827,-0.00655759,-0.829258,0.433011,0.855134,0.285039
0.654934,0.187588,1.07973,0.707258,-0.651517,0.27443,0.558827,0.277461,-0.781491,0.433011,0.706074,0.560322
0.654934,0.158644,1.01242,0.707258,-0.706086,0.0350482,0.558827,0.528013,-0.639464,0.433011,0.471852,0.768022
0.654934,0.154469,0.939261,0.707258,-0.675491,-0.208561,0.558827,0.71488,-0.420308,0.433011,0.180716,0.883087
0.654934,0.175567,0.869089,0.707258,-0.563422,-0.427015,0.558827,0.815521,-0.150457,0.433011,-0.132216,0.891639
0.654934,0.219392,0.810365,0.707258,-0.383396,-0.593965,0.558827,0.817798,0.137541,0.433011,-0.429201,0.792646
0.654934,0.280659,0.770172,0.707258,-0.157126,-0.689273,0.558827,0.721437,0.40895,0.433011,-0.674418,0.598049
