0.658953,0.615577,0.932092,0.308961,0.550819,-0.775333,0.951075,-0.178939,0.251868,-3.49349e-06,-0.815217,-0.579156
0.907818,0.475263,1.21074,0.92986,-0.367563,0.0160852,-0.179072,-0.490342,-0.852935,0.321394,0.790229,-0.52177
0.907818,0.334586,1.19908,0.92986,-0.350898,-0.110599,-0.179072,-0.16905,-0.969203,0.321394,0.921028,-0.220029
0.907818,0.206383,1.14,0.92986,-0.291909,-0.223943,-0.179072,0.172632,-0.968572,0.321394,0.940738,0.108251
0.907818,0.106116,1.04064,0.92986,-0.197712,-0.310276,-0.179072,0.493492,-0.851116,0.321394,0.84698,0.423474
0.907818,0.045879,0.912979,0.92986,-0.0796674,-0.359186,-0.179072,0.75483,-0.631003,0.321394,0.651065,0.687619
0.907818,0.0329378,0.772414,0.92986,0.0479858,-0.364772,-0.179072,0.925124,-0.334782,0.321394,0.376621,0.868828
0.907818,0.068853,0.6359,0.92986,0.169851,-0.326361,-0.179072,0.983834,0.00181861,0.321394,0.0567512,0.945243
0.907818,0.149293,0.519903,0.92986,0.27123,-0.248587,-0.179072,0.92388,0.3382,0.321394,-0.269964,0.907648
0.907818,0.264555,0.438413,0.92986,0.339895,-0.140829,-0.179072,0.752492,0.63379,0.321394,-0.564117,0.760577
0.907818,0.400737,0.401259,0.92986,0.367563,-0.0160852,-0.179072,0.490342,0.852935,0.321394,-0.790229,0.52177
0.907818,0.541414,0.412924,0.92986,0.350898,0.110599,-0.179072,0.16905,0.969203,0.321394,-0.921028,0.220029
0.907818,0.669617,0.471999,0.92986,0.291909,0.223943,-0.179072,-0.172632,0.968572,0.321394,-0.940738,-0.108251
0.907818,0.769884,0.571359,0.92986,0.197712,0.310276,-0.179072,-0.493492,0.851116,0.321394,-0.84698,-0.423474
0.907818,0.830121,0.699021,0.92986,0.0796674,0.359186,-0.179072,-0.75483,0.631003,0.321394,-0.651065,-0.687619
0.907818,0.843062,0.839586,0.92986,-0.0479858,0.364772,-0.179072,-0.925124,0.334782,0.321394,-0.376621,-0.868828
0.907818,0.807147,0.9761,0.92986,-0.169851,0.326361,-0.179072,-0.983834,-0.00181861,0.321394,-0.0567512,-0.945243
0.907818,0.726707,1.0921,0.92986,-0.27123,0.248587,-0.179072,-0.92388,-0.3382,0.321394,0.269964,-0.907648
0.907818,0.611445,1.17359,0.92986,-0.339895,0.140829,-0.179072,-0.752492,-0.63379,0.321394,0.564117,-0.760577
0.907818,0.475263,1.21074,0.92986,-0.367563,0.0160852,-0.179072,-0.490342,-0.852935,0.321394,0.790229,-0.52177
0.809114,0.508255,1.1643,0.796489,-0.543859,0.264239,-0.0275851,-0.469238,-0.882641,0.604023,0.695725,-0.388746
0.809114,0.381472,1.16672,0.796489,-0.601435,0.0622928,-0.0275851,-0.139059,-0.9899,0.604023,0.786726,-0.127349
0.809114,0.261507,1.12563,0.796489,-0.58647,-0.147167,-0.0275851,0.207893,-0.977762,0.604023,0.782837,0.149407
0.809114,0.16283,1.04599,0.796489,-0.500767,-0.338876,-0.0275851,0.52977,-0.847693,0.604023,0.684526,0.408143
0.809114,0.0973419,0.937406,0.796489,-0.354665,-0.489712,-0.0275851,0.787749,-0.615378,0.604023,0.503651,0.61765
0.809114,0.0729427,0.812969,0.796489,-0.165785,-0.581481,-0.0275851,0.950714,-0.30884,0.604023,0.262028,0.75266
0.809114,0.0925748,0.687692,0.796489,0.0430917,-0.603115,-0.0275851,0.999008,0.0349481,0.604023,-0.0111989,0.796888
0.809114,0.15387,0.576684,0.796489,0.24677,-0.552004,-0.0275851,0.926808,0.374521,0.604023,-0.283075,0.745
0.809114,0.249436,0.493336,0.796489,0.420685,-0.434314,-0.0275851,0.742821,0.668922,0.604023,-0.520809,0.603253
0.809114,0.367745,0.447699,0.796489,0.543859,-0.264239,-0.0275851,0.469238,0.882641,0.604023,-0.695725,0.388746
0.809114,0.494528,0.445279,0.796489,0.601435,-0.0622928,-0.0275851,0.139059,0.9899,0.604023,-0.786726,0.127349
0.809114,0.614493,0.486367,0.796489,0.58647,0.147167,-0.0275851,-0.207893,0.977762,0.604023,-0.782837,-0.149407
0.809114,0.71317,0.566007,0.796489,0.500767,0.338876,-0.0275851,-0.52977,0.847693,0.604023,-0.684526,-0.408143
0.809114,0.778658,0.674594,0.796489,0.354665,0.489712,-0.0275851,-0.787749,0.615378,0.604023,-0.503651,-0.61765
0.809114,0.803057,0.799031,0.796489,0.165785,0.581481,-0.0275851,-0.950714,0.30884,0.604023,-0.262028,-0.75266
0.809114,0.783425,0.924308,0.796489,-0.0430917,0.603115,-0.0275851,-0.999008,-0.0349481,0.604023,0.0111989,-0.796888
0.809114,0.72213,1.03532,0.796489,-0.24677,0.552004,-0.0275851,-0.926808,-0.374521,0.604023,0.283075,-0.745
0.809114,0.626564,1.11866,0.796489,-0.420685,0.434314,-0.0275851,-0.742821,-0.668922,0.604023,0.520809,-0.603253
0.809114,0.508255,1.1643,0.796489,-0.543859,0.264239,-0.0275851,-0.469238,-0.882641,0.604023,0.695725,-0.388746
0.735846,0.558808,1.09314,0.567051,-0.683104,0.460241,0.127229,-0.479414,-0.868317,0.813797,0.550936,-0.184941
0.735846,0.453315,1.11714,0.567051,-0.79932,0.19885,0.127229,-0.15352,-0.979921,0.813797,0.580964,0.0146434
0.735846,0.345974,1.10362,0.567051,-0.819125,-0.086526,0.127229,0.190891,-0.973331,0.813797,0.54092,0.212462
0.735846,0.249732,1.05419,0.567051,-0.740132,-0.361465,0.127229,0.512278,-0.849343,0.813797,0.435632,0.384654
0.735846,0.176199,0.974835,0.567051,-0.571869,-0.592806,0.127229,0.771876,-0.622912,0.813797,0.277801,0.510452
0.735846,0.134242,0.875111,0.567051,-0.334629,-0.752646,0.127229,0.938375,-0.321349,0.813797,0.0864625,0.574681
0.735846,0.128924,0.767052,0.567051,-0.0570282,-0.821706,0.127229,0.991692,0.018974,0.813797,-0.115304,0.569595
0.735846,0.160884,0.663691,0.567051,0.227451,-0.791656,0.127229,0.925396,0.357008,0.813797,-0.303164,0.495808
0.735846,0.226269,0.577494,0.567051,0.484496,-0.66612,0.127229,0.747484,0.651982,0.813797,-0.454457,0.362219
0.735846,0.317192,0.518858,0.567051,0.683104,-0.460241,0.127229,0.479414,0.868317,0.813797,-0.550936,0.184941
0.735846,0.422685,0.494856,0.567051,0.79932,-0.19885,0.127229,0.15352,0.979921,0.813797,-0.580964,-0.0146434
0.735846,0.530026,0.508383,0.567051,0.819125,0.086526,0.127229,-0.190891,0.973331,0.813797,-0.54092,-0.212462
0.735846,0.626268,0.557806,0.567051,0.740132,0.361465,0.127229,-0.512278,0.849343,0.813797,-0.435632,-0.384654
0.735846,0.699801,0.637165,0.567051,0.571869,0.592806,0.127229,-0.771876,0.622912,0.813797,-0.277801,-0.510452
0.735846,0.741758,0.736889,0.567051,0.334629,0.752646,0.127229,-0.938375,0.321349,0.813797,-0.0864625,-0.574681
0.735846,0.747076,0.844948,0.567051,0.0570282,0.821706,0.127229,-0.991692,-0.018974,0.813797,0.115304,-0.569595
0.735846,0.715116,0.948309,0.567051,-0.227451,0.791656,0.127229,-0.925396,-0.357008,0.813797,0.303164,-0.495808
0.735846,0.649731,1.03451,0.567051,-0.484496,0.66612,0.127229,-0.747484,-0.651982,0.813797,0.454457,-0.362219
0.735846,0.558808,1.09314,0.567051,-0.683104,0.460241,0.127229,-0.479414,-0.868317,0.813797,0.550936,-0.184941
0.696852,0.620826,1.00585,0.269218,-0.768505,0.58045,0.266698,-0.519642,-0.811692,0.925416,0.373327,0.0650616
0.696852,0.54145,1.05632,0.269218,-0.920684,0.282601,0.266698,-0.210689,-0.940469,0.925416,0.32856,0.188823
0.696852,0.449595,1.07661,0.269218,-0.961815,-0.0493345,0.266698,0.123677,-0.955812,0.925416,0.244164,0.28981
0.696852,0.356342,1.06425,0.269218,-0.886937,-0.375319,0.266698,0.443125,-0.855869,0.925416,0.130318,0.355841
0.696852,0.272938,1.02075,0.269218,-0.705081,-0.656035,0.266698,0.709126,-0.652696,0.925416,0.000754313,0.378953
0.696852,0.209443,0.951346,0.269218,-0.438183,-0.857623,0.266698,0.889596,-0.370799,0.925416,-0.128901,0.356357
0.696852,0.173516,0.86441,0.269218,-0.118432,-0.95577,0.266698,0.962767,-0.044177,0.925416,-0.243008,0.29078
0.696852,0.169489,0.770428,0.269218,0.215602,-0.938636,0.266698,0.919815,0.287773,0.925416,-0.327806,0.19013
0.696852,0.197848,0.680737,0.269218,0.523632,-0.808289,0.266698,0.765919,0.585013,0.925416,-0.373065,0.0665474
0.696852,0.255174,0.606155,0.269218,0.768505,-0.58045,0.266698,0.519642,0.811692,0.925416,-0.373327,-0.0650616
0.696852,0.33455,0.555677,0.269218,0.920684,-0.282601,0.266698,0.210689,0.940469,0.925416,-0.32856,-0.188823
0.696852,0.426405,0.535391,0.269218,0.961815,0.0493345,0.266698,-0.123677,0.955812,0.925416,-0.244164,-0.28981
0.696852,0.519658,0.547745,0.269218,0.886937,0.375319,0.266698,-0.443125,0.855869,0.925416,-0.130318,-0.355841
0.696852,0.603062,0.591248,0.269218,0.705081,0.656035,0.266698,-0.709126,0.652696,0.925416,-0.000754313,-0.378953
0.696852,0.666557,0.660654,0.269218,0.438183,0.857623,0.266698,-0.889596,0.370799,0.925416,0.128901,-0.356357
0.696852,0.702484,0.74759,0.269218,0.118432,0.95577,0.266698,-0.962767,0.044177,0.925416,0.243008,-0.29078
0.696852,0.706511,0.841572,0.269218,-0.215602,0.938636,0.266698,-0.919815,-0.287773,0.925416,0.327806,-0.19013
0.696852,0.678152,0.931263,0.269218,-0.523632,0.808289,0.266698,-0.765919,-0.585013,0.925416,0.373065,-0.0665474
0.696852,0.620826,1.00585,0.269218,-0.768505,0.58045,0.266698,-0.519642,-0.811692,0.925416,0.373327,0.0650616
0.696834,0.686828,0.912941,-0.061087,-0.789759,0.610368,0.373999,-0.58507,-0.719595,0.925415,0.184319,0.331109
0.696834,0.635246,0.991596,-0.061087,-0.950889,0.303445,0.373999,-0.30367,-0.876304,0.925415,0.0599572,0.374182
0.696834,0.559873,1.04787,-0.061087,-0.997327,-0.0400783,0.373999,0.0143572,-0.927318,0.925415,-0.0716363,0.372122
0.696834,0.469801,1.07496,-0.061087,-0.923474,-0.378767,0.373999,0.330653,-0.866483,0.925415,-0.194589,0.325179
0.696834,0.375892,1.06962,-0.061087,-0.738235,-0.671771,0.373999,0.607067,-0.701138,0.925415,-0.294072,0.239015
0.696834,0.289475,1.03248,-0.061087,-0.463955,-0.88375,0.373999,0.81026,-0.451225,0.925415,-0.358085,0.124022
0.696834,0.220972,0.968021,-0.061087,-0.133715,-0.989135,0.373999,0.915723,-0.146888,0.925415,-0.378908,-0.00592967
0.696834,0.178646,0.884022,-0.061087,0.212653,-0.975216,0.373999,0.910737,0.175166,0.925415,-0.354029,-0.135166
0.696834,0.167602,0.790613,-0.061087,0.533373,-0.843672,0.373999,0.795902,0.476093,0.925415,-0.286449,-0.2481
0.696834,0.189172,0.699059,-0.061087,0.789759,-0.610368,0.373999,0.58507,0.719595,0.925415,-0.184319,-0.331109
0.696834,0.240754,0.620404,-0.061087,0.950889,-0.303445,0.373999,0.30367,0.876304,0.925415,-0.0599572,-0.374182
0.696834,0.316127,0.564135,-0.061087,0.997327,0.0400783,0.373999,-0.0143572,0.927318,0.925415,0.0716363,-0.372122
0.696834,0.406199,0.537038,-0.061087,0.923474,0.378767,0.373999,-0.330653,0.866483,0.925415,0.194589,-0.325179
0.696834,0.500108,0.542382,-0.061087,0.738235,0.671771,0.373999,-0.607067,0.701138,0.925415,0.294072,-0.239015
0.696834,0.586525,0.579522,-0.061087,0.463955,0.88375,0.373999,-0.81026,0.451225,0.925415,0.358085,-0.124022
0.696834,0.655028,0.643979,-0.061087,0.133715,0.989135,0.373999,-0.915723,0.146888,0.925415,0.378908,0.00592967
0.696834,0.697354,0.727978,-0.061087,-0.212653,0.975216,0.373999,-0.910737,-0.175166,0.925415,0.354029,0.135166
0.696834,0.708398,0.821387,-0.061087,-0.533373,0.843672,0.373999,-0.795902,-0.476093,0.925415,0.286449,0.2481
0.696834,0.686828,0.912941,-0.061087,-0.789759,0.610368,0.373999,-0.58507,-0.719595,0.925415,0.184319,0.331109
0.735794,0.748854,0.825634,-0.384024,-0.744304,0.546386,0.43619,-0.667807,-0.603135,0.813796,0.00670965,0.581112
0.735794,0.723392,0.930768,-0.384024,-0.886292,0.258868,0.43619,-0.421249,-0.795165,0.813796,-0.192447,0.548361
0.735794,0.663507,1.02085,-0.384024,-0.92138,-0.0598737,0.43619,-0.123882,-0.891286,0.813796,-0.368392,0.44947
0.735794,0.576423,1.08502,-0.384024,-0.845336,-0.371393,0.43619,0.188427,-0.879906,0.813796,-0.499903,0.296367
0.735794,0.472643,1.11554,-0.384024,-0.667332,-0.638117,0.43619,0.478009,-0.762395,0.813796,-0.571118,0.107517
0.735794,0.364685,1.10872,-0.384024,-0.408838,-0.827875,0.43619,0.709936,-0.552928,0.813796,-0.573449,-0.0943013
0.735794,0.265569,1.06539,-0.384024,-0.101032,-0.917779,0.43619,0.856234,-0.276771,0.813796,-0.506612,-0.284745
0.735794,0.187252,0.990772,-0.384024,0.21896,-0.896985,0.43619,0.899258,0.03277,0.813796,-0.378671,-0.440845
0.735794,0.139178,0.893868,-0.384024,0.512542,-0.768001,0.43619,0.833818,0.338358,0.813796,-0.205057,-0.543772
0.735794,0.127146,0.786366,-0.384024,0.744304,-0.546386,0.43619,0.667807,0.603135,0.813796,-0.00670965,-0.581112
0.735794,0.152608,0.681232,-0.384024,0.886292,-0.258868,0.43619,0.421249,0.795165,0.813796,0.192447,-0.548361
0.735794,0.212493,0.591146,-0.384024,0.92138,0.0598737,0.43619,0.123882,0.891286,0.813796,0.368392,-0.44947
0.735794,0.299577,0.526976,-0.384024,0.845336,0.371393,0.43619,-0.188427,0.879906,0.813796,0.499903,-0.296367
0.735794,0.403357,0.49646,-0.384024,0.667332,0.638117,0.43619,-0.478009,0.762395,0.813796,0.571118,-0.107517
0.735794,0.511315,0.503278,-0.384024,0.408838,0.827875,0.43619,-0.709936,0.552928,0.813796,0.573449,0.0943013
0.735794,0.610431,0.54661,-0.384024,0.101032,0.917779,0.43619,-0.856234,0.276771,0.813796,0.506612,0.284745
0.735794,0.688748,0.621228,-0.384024,-0.21896,0.896985,0.43619,-0.899258,-0.03277,0.813796,0.378671,0.440845
0.735794,0.736822,0.718132,-0.384024,-0.512542,0.768001,0.43619,-0.833818,-0.338358,0.813796,0.205057,0.543772
0.735794,0.748854,0.825634,-0.384024,-0.744304,0.546386,0.43619,-0.667807,-0.603135,0.813796,0.00670965,0.581112
0.809034,0.799421,0.754456,-0.660642,-0.637622,0.39622,0.44577,-0.757874,-0.476358,0.604021,-0.138079,0.784916
0.809034,0.795254,0.881178,-0.660642,-0.734684,0.154246,0.44577,-0.549244,-0.706838,0.604021,-0.398209,0.690354
0.809034,0.747996,0.998832,-0.660642,-0.743132,-0.106333,0.44577,-0.274368,-0.852063,0.604021,-0.610309,0.512525
0.809034,0.663349,1.09323,-0.660642,-0.661948,-0.354087,0.44577,0.0336012,-0.894517,0.604021,-0.748796,0.272878
0.809034,0.551521,1.15298,-0.660642,-0.500923,-0.559132,0.44577,0.337517,-0.829078,0.604021,-0.796968,0.00031823
0.809034,0.426001,1.17088,-0.660642,-0.279479,-0.696738,0.44577,0.600724,-0.663641,0.604021,-0.749014,-0.27228
0.809034,0.301928,1.14477,-0.660642,-0.0243258,-0.750307,0.44577,0.791475,-0.418159,0.604021,-0.610718,-0.512038
0.809034,0.194268,1.0778,-0.660642,0.233761,-0.713378,0.44577,0.886762,-0.12224,0.604021,-0.39876,-0.690036
0.809034,0.116005,0.978049,-0.660642,0.463653,-0.590405,0.44577,0.875092,0.188422,0.604021,-0.138705,-0.784805
0.809034,0.0765792,0.857544,-0.660642,0.637622,-0.39622,0.44577,0.757874,0.476358,0.604021,0.138079,-0.784916
0.809034,0.0807464,0.730822,-0.660642,0.734684,-0.154246,0.44577,0.549244,0.706838,0.604021,0.398209,-0.690354
0.809034,0.128004,0.613168,-0.660642,0.743132,0.106333,0.44577,0.274368,0.852063,0.604021,0.610309,-0.512525
0.809034,0.212651,0.518772,-0.660642,0.661948,0.354087,0.44577,-0.0336012,0.894517,0.604021,0.748796,-0.272878
0.809034,0.324479,0.459021,-0.660642,0.500923,0.559132,0.44577,-0.337517,0.829078,0.604021,0.796968,-0.00031823
0.809034,0.449999,0.441119,-0.660642,0.279479,0.696738,0.44577,-0.600724,0.663641,0.604021,0.749014,0.27228
0.809034,0.574072,0.467228,-0.660642,0.0243258,0.750307,0.44577,-0.791475,0.418159,0.604021,0.610718,0.512038
0.809034,0.681732,0.534198,-0.660642,-0.233761,0.713378,0.44577,-0.886762,0.12224,0.604021,0.39876,0.690036
0.809034,0.759995,0.633951,-0.660642,-0.463653,0.590405,0.44577,-0.875092,-0.188422,0.604021,0.138705,0.784805
0.809034,0.799421,0.754456,-0.660642,-0.637622,0.39622,0.44577,-0.757874,-0.476358,0.604021,-0.138079,0.784916
0.90772,0.832431,0.707991,-0.857576,-0.482581,0.177984,0.401584,-0.844406,-0.354555,0.321392,-0.232582,0.917939
0.90772,0.842165,0.848805,-0.857576,-0.514352,0.00219809,0.401584,-0.672217,-0.621977,0.321392,-0.53251,0.783033
0.90772,0.803151,0.984456,-0.857576,-0.484084,-0.173853,0.401584,-0.418949,-0.814378,0.321392,-0.768208,0.553681
0.90772,0.720094,1.09858,-0.857576,-0.395429,-0.328935,0.401584,-0.115149,-0.908554,0.321392,-0.91125,0.257547
0.90772,0.603012,1.17742,-0.857576,-0.259079,-0.444343,0.401584,0.202539,-0.893145,0.321392,-0.944381,-0.0696505
0.90772,0.466028,1.21146,-0.857576,-0.0914809,-0.506156,0.401584,0.495798,-0.77001,0.321392,-0.863606,-0.388447
0.90772,0.325663,1.19659,-0.857576,0.0871516,-0.506919,0.401584,0.729257,-0.553999,0.321392,-0.678667,-0.660392
0.90772,0.198847,1.13461,-0.857576,0.255272,-0.446541,0.401584,0.874756,-0.271169,0.321392,-0.411871,-0.852683
0.90772,0.100877,1.033,-0.857576,0.392603,-0.332303,0.401584,0.914747,0.0443689,0.321392,-0.0953977,-0.942129
0.90772,0.0435692,0.904009,-0.857576,0.482581,-0.177984,0.401584,0.844406,0.354555,0.321392,0.232582,-0.917939
0.90772,0.0338352,0.763195,-0.857576,0.514352,-0.00219809,0.401584,0.672217,0.621977,0.321392,0.53251,-0.783033
0.90772,0.0728495,0.627544,-0.857576,0.484084,0.173853,0.401584,0.418949,0.814378,0.321392,0.768208,-0.553681
0.90772,0.155906,0.513417,-0.857576,0.395429,0.328935,0.401584,0.115149,0.908554,0.321392,0.91125,-0.257547
0.90772,0.272988,0.434581,-0.857576,0.259079,0.444343,0.401584,-0.202539,0.893145,0.321392,0.944381,0.0696505
0.90772,0.409972,0.400542,-0.857576,0.0914809,0.506156,0.401584,-0.495798,0.77001,0.321392,0.863606,0.388447
0.90772,0.550337,0.415408,-0.857576,-0.0871516,0.506919,0.401584,-0.729257,0.553999,0.321392,0.678667,0.660392
0.90772,0.677153,0.477385,-0.857576,-0.255272,0.446541,0.401584,-0.874756,0.271169,0.321392,0.411871,0.852683
0.90772,0.775123,0.578998,-0.857576,-0.392603,0.332303,0.401584,-0.914747,-0.0443689,0.321392,0.0953977,0.942129
0.90772,0.832431,0.707991,-0.857576,-0.482581,0.177984,0.401584,-0.844406,-0.354555,0.321392,-0.232582,0.917939
0.883612,0.332236,1.19071,0.961642,-0.273254,-0.0240287,-0.0812368,-0.200029,-0.976416,0.262003,0.940915,-0.214554
0.883612,0.207036,1.13133,0.961642,-0.248556,-0.116038,-0.0812368,0.145988,-0.985945,0.262003,0.957553,0.120197
0.883612,0.109694,1.03272,0.961642,-0.193879,-0.194051,-0.0812368,0.474397,-0.876554,0.262003,0.858696,0.44045
0.883612,0.0519507,0.90676,0.961642,-0.115817,-0.248659,-0.0812368,0.745587,-0.661438,0.262003,0.656267,0.707579
0.883612,0.0407704,0.768647,0.961642,-0.0237863,-0.273275,-0.0812368,0.926848,-0.366543,0.262003,0.374683,0.889363
0.883612,0.0775019,0.635039,0.961642,0.0711137,-0.26493,-0.0812368,0.996317,-0.0274371,0.262003,0.0479067,0.963877
0.883612,0.157715,0.522051,0.961642,0.157436,-0.22463,-0.0812368,0.945616,0.314978,0.262003,-0.284648,0.922133
0.883612,0.271734,0.443312,0.961642,0.22477,-0.157237,-0.0812368,0.780859,0.619402,0.262003,-0.58287,0.769167
0.883612,0.405808,0.408319,0.961642,0.264993,-0.0708786,-0.0812368,0.52192,0.849117,0.262003,-0.810789,0.523427
0.883612,0.543764,0.421292,0.961642,0.273254,0.0240287,-0.0812368,0.200029,0.976416,0.262003,-0.940915,0.214554
0.883612,0.668964,0.480666,0.961642,0.248556,0.116038,-0.0812368,-0.145988,0.985945,0.262003,-0.957553,-0.120197
0.883612,0.766306,0.57928,0.961642,0.193879,0.194051,-0.0812368,-0.474397,0.876554,0.262003,-0.858696,-0.44045
0.883612,0.824049,0.70524,0.961642,0.115817,0.248659,-0.0812368,-0.745587,0.661438,0.262003,-0.656267,-0.707579
0.883612,0.83523,0.843353,0.961642,0.0237863,0.273275,-0.0812368,-0.926848,0.366543,0.262003,-0.374683,-0.889363
0.883612,0.798498,0.976961,0.961642,-0.0711137,0.26493,-0.0812368,-0.996317,0.0274371,0.262003,-0.0479067,-0.963877
0.883612,0.718285,1.08995,0.961642,-0.157436,0.22463,-0.0812368,-0.945616,-0.314978,0.262003,0.284648,-0.922133
0.883612,0.604266,1.16869,0.961642,-0.22477,0.157237,-0.0812368,-0.780859,-0.619402,0.262003,0.58287,-0.769167
0.883612,0.470192,1.20368,0.961642,-0.264993,0.0708786,-0.0812368,-0.52192,-0.849117,0.262003,0.810789,-0.523427
0.883612,0.332236,1.19071,0.961642,-0.273254,-0.0240287,-0.0812368,-0.200029,-0.976416,0.262003,0.940915,-0.214554
0.763622,0.372345,1.13425,0.856221,-0.458895,0.23728,0.156285,-0.207693,-0.965629,0.492403,0.863874,-0.106112
0.763622,0.264037,1.092,0.856221,-0.512375,0.0660187,0.156285,0.135097,-0.978429,0.492403,0.848069,0.195749
0.763622,0.17671,1.01525,0.856221,-0.504054,-0.113205,0.156285,0.461592,-0.873217,0.492403,0.729974,0.474001
0.763622,0.120899,0.913267,0.856221,-0.434938,-0.278775,0.156285,0.732412,-0.662682,0.492403,0.523833,0.695081
0.763622,0.103336,0.798343,0.856221,-0.313361,-0.41072,0.156285,0.914893,-0.372217,0.492403,0.254511,0.832324
0.763622,0.126137,0.684343,0.856221,-0.153989,-0.493126,0.156285,0.987024,-0.036858,0.492403,-0.0455099,0.869177
0.763622,0.186554,0.585016,0.856221,0.0239572,-0.516054,0.156285,0.940105,0.302947,0.492403,-0.340041,0.801193
0.763622,0.277299,0.512344,0.856221,0.199013,-0.476739,0.156285,0.779796,0.606212,0.492403,-0.593559,0.636575
0.763622,0.387427,0.47509,0.856221,0.350066,-0.379921,0.156285,0.525432,0.836359,0.492403,-0.775484,0.395176
0.763622,0.503655,0.47775,0.856221,0.458895,-0.23728,0.156285,0.207693,0.965629,0.492403,-0.863874,0.106112
0.763622,0.611963,0.520001,0.856221,0.512375,-0.0660187,0.156285,-0.135097,0.978429,0.492403,-0.848069,-0.195749
0.763622,0.69929,0.596748,0.856221,0.504054,0.113205,0.156285,-0.461592,0.873217,0.492403,-0.729974,-0.474001
0.763622,0.755101,0.698733,0.856221,0.434938,0.278775,0.156285,-0.732412,0.662682,0.492403,-0.523833,-0.695081
0.763622,0.772664,0.813657,0.856221,0.313361,0.41072,0.156285,-0.914893,0.372217,0.492403,-0.254511,-0.832324
0.763622,0.749863,0.927657,0.856221,0.153989,0.493126,0.156285,-0.987024,0.036858,0.492403,0.0455099,-0.869177
0.763622,0.689446,1.02698,0.856221,-0.0239572,0.516054,0.156285,-0.940105,-0.302947,0.492403,0.340041,-0.801193
0.763622,0.598701,1.09966,0.856221,-0.199013,0.476739,0.156285,-0.779796,-0.606212,0.492403,0.593559,-0.636575
0.763622,0.488573,1.13691,0.856221,-0.350066,0.379921,0.156285,-0.525432,-0.836359,0.492403,0.775484,-0.395176
0.763622,0.372345,1.13425,0.856221,-0.458895,0.23728,0.156285,-0.207693,-0.965629,0.492403,0.863874,-0.106112
0.674556,0.433804,1.04774,0.647527,-0.612458,0.453436,0.374957,-0.261944,-0.889265,0.663413,0.745842,0.0600302
0.674556,0.351376,1.03173,0.647527,-0.730607,0.216617,0.374957,0.058,-0.925226,0.663413,0.680331,0.311503
0.674556,0.279397,0.988487,0.647527,-0.760633,-0.0463288,0.374957,0.370948,-0.849591,0.663413,0.532761,0.525404
0.674556,0.226547,0.923237,0.647527,-0.698916,-0.303687,0.374957,0.639154,-0.671483,0.663413,0.320933,0.675933
0.674556,0.199202,0.843845,0.647527,-0.552899,-0.524416,0.374957,0.830269,-0.412384,0.663413,0.0703959,0.744935
0.674556,0.20066,0.759889,0.647527,-0.340195,-0.681892,0.374957,0.921241,-0.103545,0.663413,-0.188632,0.724087
0.674556,0.230744,0.681495,0.647527,-0.0864576,-0.757122,0.374957,0.901098,0.217783,0.663413,-0.424909,0.615903
0.674556,0.285826,0.618118,0.647527,0.177708,-0.741033,0.374957,0.772269,0.512842,0.663413,-0.609935,0.433432
0.674556,0.359263,0.577402,0.647527,0.420439,-0.635563,0.374957,0.550293,0.746046,0.663413,-0.721394,0.198683
0.674556,0.442196,0.564258,0.647527,0.612458,-0.453436,0.374957,0.261944,0.889265,0.663413,-0.745842,-0.0600302
0.674556,0.524624,0.580272,0.647527,0.730607,-0.216617,0.374957,-0.058,0.925226,0.663413,-0.680331,-0.311503
0.674556,0.596603,0.623513,0.647527,0.760633,0.0463288,0.374957,-0.370948,0.849591,0.663413,-0.532761,-0.525404
0.674556,0.649453,0.688763,0.647527,0.698916,0.303687,0.374957,-0.639154,0.671483,0.663413,-0.320933,-0.675933
0.674556,0.676798,0.768155,0.647527,0.552899,0.524416,0.374957,-0.830269,0.412384,0.663413,-0.0703959,-0.744935
0.674556,0.67534,0.852111,0.647527,0.340195,0.681892,0.374957,-0.921241,0.103545,0.663413,0.188632,-0.724087
0.674556,0.645256,0.930505,0.647527,0.0864576,0.757122,0.374957,-0.901098,-0.217783,0.663413,0.424909,-0.615903
0.674556,0.590174,0.993882,0.647527,-0.177708,0.741033,0.374957,-0.772269,-0.512842,0.663413,0.609935,-0.433432
0.674556,0.516737,1.0346,0.647527,-0.420439,0.635563,0.374957,-0.550293,-0.746046,0.663413,0.721394,-0.198683
0.674556,0.433804,1.04774,0.647527,-0.612458,0.453436,0.374957,-0.261944,-0.889265,0.663413,0.745842,0.0600302
0.627155,0.509198,0.941616,0.360731,-0.715422,0.598368,0.548404,-0.356238,-0.756537,0.754404,0.601054,0.263834
0.627155,0.458521,0.957789,0.360731,-0.876931,0.317593,0.548404,-0.0760034,-0.832753,0.754404,0.474569,0.453495
0.627155,0.405369,0.955653,0.360731,-0.932669,-0.00148845,0.548404,0.213398,-0.808526,0.754404,0.290844,0.588458
0.627155,0.356152,0.935468,0.360731,-0.875913,-0.32039,0.548404,0.477061,-0.686779,0.754404,0.0720397,0.652445
0.627155,0.316807,0.899666,0.360731,-0.713509,-0.600648,0.548404,0.683183,-0.482197,0.754404,-0.155454,0.637737
0.627155,0.292081,0.852567,0.360731,-0.465045,-0.808459,0.548404,0.806903,-0.219455,0.754404,-0.364198,0.546108
0.627155,0.284954,0.799851,0.360731,-0.16049,-0.918758,0.548404,0.833299,0.0697572,0.754404,-0.529014,0.388611
0.627155,0.296287,0.747877,0.360731,0.163422,-0.918241,0.548404,0.759187,0.350555,0.754404,-0.630023,0.184241
0.627155,0.324712,0.702914,0.360731,0.467623,-0.80697,0.548404,0.593505,0.589071,0.754404,-0.655042,-0.0423506
0.627155,0.366802,0.670384,0.360731,0.715422,-0.598368,0.548404,0.356238,0.756537,0.754404,-0.601054,-0.263834
0.627155,0.417479,0.654211,0.360731,0.876931,-0.317593,0.548404,0.0760034,0.832753,0.754404,-0.474569,-0.453495
0.627155,0.470631,0.656347,0.360731,0.932669,0.00148845,0.548404,-0.213398,0.808526,0.754404,-0.290844,-0.588458
0.627155,0.519848,0.676532,0.360731,0.875913,0.32039,0.548404,-0.477061,0.686779,0.754404,-0.0720397,-0.652445
0.627155,0.559193,0.712334,0.360731,0.713509,0.600648,0.548404,-0.683183,0.482197,0.754404,0.155454,-0.637737
0.627155,0.583919,0.759433,0.360731,0.465045,0.808459,0.548404,-0.806903,0.219455,0.754404,0.364198,-0.546108
0.627155,0.591046,0.812149,0.360731,0.16049,0.918758,0.548404,-0.833299,-0.0697572,0.754404,0.529014,-0.388611
0.627155,0.579713,0.864123,0.360731,-0.163422,0.918241,0.548404,-0.759187,-0.350555,0.754404,0.630023,-0.184241
0.627155,0.551288,0.909086,0.360731,-0.467623,0.80697,0.548404,-0.593505,-0.589071,0.754404,0.655042,0.0423506
0.627155,0.509198,0.941616,0.360731,-0.715422,0.598368,0.548404,-0.356238,-0.756537,0.754404,0.601054,0.263834
0.627137,0.589435,0.828675,0.0304265,-0.755368,0.654595,0.655705,-0.479202,-0.583452,0.754404,0.446973,0.480718
0.627137,0.572547,0.879101,0.0304265,-0.933698,0.356767,0.655705,-0.25075,-0.712163,0.754404,0.255602,0.604601
0.627137,0.539431,0.920711,0.0304265,-0.99941,0.0159076,0.655705,0.00794569,-0.754976,0.754404,0.033402,0.65556
0.627137,0.494081,0.948484,0.0304265,-0.944579,-0.32687,0.655705,0.265683,-0.706727,0.754404,-0.192827,0.627449
0.627137,0.441966,0.959072,0.0304265,-0.775818,-0.630223,0.655705,0.491376,-0.573237,0.754404,-0.395798,0.523658
0.627137,0.389373,0.951197,0.0304265,-0.513482,-0.857561,0.655705,0.657801,-0.370607,0.754404,-0.551031,0.356707
0.627137,0.342645,0.925809,0.0304265,-0.189212,-0.981465,0.655705,0.744886,-0.123275,0.754404,-0.6398,0.146731
0.627137,0.307419,0.885971,0.0304265,0.15788,-0.986989,0.655705,0.742126,0.138925,0.754404,-0.651401,-0.0809423
0.627137,0.287942,0.836487,0.0304265,0.485929,-0.873469,0.655705,0.649855,0.384369,0.754404,-0.584432,-0.298853
0.627137,0.286565,0.783325,0.0304265,0.755368,-0.654595,0.655705,0.479202,0.583452,0.754404,-0.446973,-0.480718
0.627137,0.303453,0.732899,0.0304265,0.933698,-0.356767,0.655705,0.25075,0.712163,0.754404,-0.255602,-0.604601
0.627137,0.336569,0.691289,0.0304265,0.99941,-0.0159076,0.655705,-0.00794569,0.754976,0.754404,-0.033402,-0.65556
0.627137,0.381919,0.663516,0.0304265,0.944579,0.32687,0.655705,-0.265683,0.706727,0.754404,0.192827,-0.627449
0.627137,0.434034,0.652928,0.0304265,0.775818,0.630223,0.655705,-0.491376,0.573237,0.754404,0.395798,-0.523658
0.627137,0.486627,0.660803,0.0304265,0.513482,0.857561,0.655705,-0.657801,0.370607,0.754404,0.551031,-0.356707
0.627137,0.533355,0.686191,0.0304265,0.189212,0.981465,0.655705,-0.744886,0.123275,0.754404,0.6398,-0.146731
0.627137,0.568581,0.726029,0.0304265,-0.15788,0.986989,0.655705,-0.742126,-0.138925,0.754404,0.651401,0.0809423
0.627137,0.588058,0.775513,0.0304265,-0.485929,0.873469,0.655705,-0.649855,-0.384369,0.754404,0.584432,0.298853
0.627137,0.589435,0.828675,0.0304265,-0.755368,0.654595,0.655705,-0.479202,-0.583452,0.754404,0.446973,0.480718
0.674504,0.664837,0.722539,-0.303548,-0.727476,0.615335,0.683918,-0.616005,-0.390888,0.663411,0.302185,0.684521
0.674504,0.679702,0.805155,-0.303548,-0.894061,0.329414,0.683918,-0.445164,-0.578001,0.663411,0.0498409,0.746593
0.674504,0.665415,0.887873,-0.303548,-0.952809,0.00376099,0.683918,-0.220629,-0.695398,0.663411,-0.208515,0.718615
0.674504,0.623698,0.960716,-0.303548,-0.896634,-0.322346,0.683918,0.0305166,-0.72892,0.663411,-0.44172,0.603961
0.674504,0.559583,1.0149,-0.303548,-0.732311,-0.609573,0.683918,0.277982,-0.674524,0.663411,-0.621648,0.41646
0.674504,0.480803,1.04388,-0.303548,-0.479661,-0.823276,0.683918,0.491918,-0.53877,0.663411,-0.726596,0.178728
0.674504,0.396861,1.04418,-0.303548,-0.169157,-0.93768,0.683918,0.646522,-0.338032,0.663411,-0.743905,-0.0805608
0.674504,0.31788,1.01574,-0.303548,0.16175,-0.938986,0.683918,0.723146,-0.0965227,0.663411,-0.671489,-0.330133
0.674504,0.253388,0.96201,-0.303548,0.473147,-0.827037,0.683918,0.712547,0.156629,0.663411,-0.518081,-0.539886
0.674504,0.211163,0.889461,-0.303548,0.727476,-0.615335,0.683918,0.616005,0.390888,0.663411,-0.302185,-0.684521
0.674504,0.196298,0.806845,-0.303548,0.894061,-0.329414,0.683918,0.445164,0.578001,0.663411,-0.0498409,-0.746593
0.674504,0.210585,0.724127,-0.303548,0.952809,-0.00376099,0.683918,0.220629,0.695398,0.663411,0.208515,-0.718615
0.674504,0.252302,0.651284,-0.303548,0.896634,0.322346,0.683918,-0.0305166,0.72892,0.663411,0.44172,-0.603961
0.674504,0.316417,0.597102,-0.303548,0.732311,0.609573,0.683918,-0.277982,0.674524,0.663411,0.621648,-0.41646
0.674504,0.395197,0.568116,-0.303548,0.479661,0.823276,0.683918,-0.491918,0.53877,0.663411,0.726596,-0.178728
0.674504,0.479139,0.567823,-0.303548,0.169157,0.93768,0.683918,-0.646522,0.338032,0.663411,0.743905,0.0805608
0.674504,0.55812,0.596257,-0.303548,-0.16175,0.938986,0.683918,-0.723146,0.0965227,0.663411,0.671489,0.330133
0.674504,0.622612,0.64999,-0.303548,-0.473147,0.827037,0.683918,-0.712547,-0.156629,0.663411,0.518081,0.539886
0.674504,0.664837,0.722539,-0.303548,-0.727476,0.615335,0.683918,-0.616005,-0.390888,0.663411,0.302185,0.684521
0.763543,0.726309,0.636012,-0.60091,-0.635112,0.485323,0.629641,-0.750147,-0.202071,0.492402,0.184153,0.850664
0.763543,0.767061,0.744871,-0.60091,-0.762801,0.238834,0.629641,-0.635795,-0.44645,0.492402,-0.117897,0.862346
0.763543,0.768124,0.861103,-0.60091,-0.798484,-0.0364631,0.629641,-0.444757,-0.63698,0.492402,-0.405727,0.770017
0.763543,0.729369,0.970689,-0.60091,-0.737859,-0.307362,0.629641,-0.200075,-0.750682,0.492402,-0.64462,0.584813
0.763543,0.65547,1.06041,-0.60091,-0.588236,-0.541188,0.629641,0.0687395,-0.77384,0.492402,-0.805762,0.329071
0.763543,0.555342,1.11945,-0.60091,-0.367664,-0.709739,0.629641,0.329263,-0.703661,0.492402,-0.869718,0.0336388
0.763543,0.44106,1.14068,-0.60091,-0.102746,-0.792685,0.629641,0.550072,-0.548611,0.492402,-0.828773,-0.265851
0.763543,0.326409,1.12154,-0.60091,0.174564,-0.780022,0.629641,0.704534,-0.32739,0.492402,-0.687865,-0.533275
0.763543,0.225218,1.06434,-0.60091,0.43082,-0.673276,0.629641,0.77402,-0.0666806,0.492402,-0.463991,-0.736378
0.763543,0.149691,0.975988,-0.60091,0.635112,-0.485323,0.629641,0.750147,0.202071,0.492402,-0.184153,-0.850664
0.763543,0.108939,0.867129,-0.60091,0.762801,-0.238834,0.629641,0.635795,0.44645,0.492402,0.117897,-0.862346
0.763543,0.107876,0.750897,-0.60091,0.798484,0.0364631,0.629641,0.444757,0.63698,0.492402,0.405727,-0.770017
0.763543,0.146631,0.641311,-0.60091,0.737859,0.307362,0.629641,0.200075,0.750682,0.492402,0.64462,-0.584813
0.763543,0.22053,0.551589,-0.60091,0.588236,0.541188,0.629641,-0.0687395,0.77384,0.492402,0.805762,-0.329071
0.763543,0.320658,0.492553,-0.60091,0.367664,0.709739,0.629641,-0.329263,0.703661,0.492402,0.869718,-0.0336388
0.763543,0.43494,0.471323,-0.60091,0.102746,0.792685,0.629641,-0.550072,0.548611,0.492402,0.828773,0.265851
0.763543,0.549591,0.49046,-0.60091,-0.174564,0.780022,0.629641,-0.704534,0.32739,0.492402,0.687865,0.533275
0.763543,0.650782,0.547656,-0.60091,-0.43082,0.673276,0.629641,-0.77402,0.0666806,0.492402,0.463991,0.736378
0.763543,0.726309,0.636012,-0.60091,-0.635112,0.485323,0.629641,-0.750147,-0.202071,0.492402,0.184153,0.850664
0.883514,0.766436,0.579528,-0.825794,-0.489416,0.280242,0.499419,-0.865447,-0.0397745,0.262001,0.107113,0.959105
0.883514,0.824087,0.705518,-0.825794,-0.555749,0.095951,0.499419,-0.79965,-0.333376,0.262001,-0.22738,0.937899
0.883514,0.83517,0.843627,-0.825794,-0.555051,-0.0999131,0.499419,-0.637404,-0.586768,0.262001,-0.534448,0.803568
0.883514,0.798349,0.977198,-0.825794,-0.487405,-0.283726,0.499419,-0.398278,-0.769386,0.262001,-0.777053,0.572315
0.883514,0.718064,1.09012,-0.825794,-0.360971,-0.433318,0.499419,-0.111113,-0.859206,0.262001,-0.925934,0.272032
0.883514,0.603999,1.16877,-0.825794,-0.190998,-0.530645,0.499419,0.189454,-0.845392,0.262001,-0.963134,-0.0610615
0.883514,0.469912,1.20367,-0.825794,0.00201163,-0.563968,0.499419,0.467169,-0.729612,0.262001,-0.884166,-0.38679
0.883514,0.331976,1.1906,-0.825794,0.194779,-0.529269,0.499419,0.688537,-0.52583,0.262001,-0.698554,-0.665866
0.883514,0.206829,1.13115,-0.825794,0.364053,-0.430732,0.499419,0.826858,-0.258624,0.262001,-0.428686,-0.864629
0.883514,0.109564,1.03247,-0.825794,0.489416,-0.280242,0.499419,0.865447,0.0397745,0.262001,-0.107113,-0.959105
0.883514,0.0519128,0.906482,-0.825794,0.555749,-0.095951,0.499419,0.79965,0.333376,0.262001,0.22738,-0.937899
0.883514,0.0408298,0.768373,-0.825794,0.555051,0.0999131,0.499419,0.637404,0.586768,0.262001,0.534448,-0.803568
0.883514,0.0776514,0.634802,-0.825794,0.487405,0.283726,0.499419,0.398278,0.769386,0.262001,0.777053,-0.572315
0.883514,0.157936,0.52188,-0.825794,0.360971,0.433318,0.499419,0.111113,0.859206,0.262001,0.925934,-0.272032
0.883514,0.272001,0.443227,-0.825794,0.190998,0.530645,0.499419,-0.189454,0.845392,0.262001,0.963134,0.0610615
0.883514,0.406088,0.40833,-0.825794,-0.00201163,0.563968,0.499419,-0.467169,0.729612,0.262001,0.884166,0.38679
0.883514,0.544024,0.421398,-0.825794,-0.194779,0.529269,0.499419,-0.688537,0.52583,0.262001,0.698554,0.665866
0.883514,0.669171,0.480854,-0.825794,-0.364053,0.430732,0.499419,-0.826858,0.258624,0.262001,0.428686,0.864629
0.883514,0.766436,0.579528,-0.825794,-0.489416,0.280242,0.499419,-0.865447,-0.0397745,0.262001,0.107113,0.959105
0.875863,0.201964,1.12428,0.985232,-0.168709,-0.0292598,-0.00862081,0.121792,-0.992518,0.17101,0.978112,0.118539
0.875863,0.107342,1.02435,0.985232,-0.148527,-0.085197,-0.00862081,0.453909,-0.891007,0.17101,0.878582,0.445925
0.875863,0.052602,0.898093,0.985232,-0.110431,-0.130858,-0.00862081,0.731277,-0.682026,0.17101,0.673082,0.719525
0.875863,0.0443466,0.760725,0.985232,-0.0590146,-0.160736,-0.00862081,0.920442,-0.390784,0.17101,0.386398,0.90634
0.875863,0.0835716,0.628818,0.985232,-0.000480645,-0.171227,-0.00862081,0.998589,-0.0524069,0.17101,0.0531091,0.983837
0.875863,0.165546,0.518282,0.985232,0.0581113,-0.161065,-0.00862081,0.956291,0.292291,0.17101,-0.286586,0.942669
0.875863,0.280382,0.442449,0.985232,0.109694,-0.131476,-0.00862081,0.79865,0.601734,0.17101,-0.591714,0.787801
0.875863,0.41423,0.410465,0.985232,0.148046,-0.0860295,-0.00862081,0.54468,0.8386,0.17101,-0.825473,0.537912
0.875863,0.550944,0.426189,0.985232,0.168542,-0.0302065,-0.00862081,0.225014,0.974317,0.17101,-0.959668,0.223144
0.875863,0.674036,0.487723,0.985232,0.168709,0.0292598,-0.00862081,-0.121792,0.992518,0.17101,-0.978112,-0.118539
0.875863,0.768658,0.587647,0.985232,0.148527,0.085197,-0.00862081,-0.453909,0.891007,0.17101,-0.878582,-0.445925
0.875863,0.823398,0.713907,0.985232,0.110431,0.130858,-0.00862081,-0.731277,0.682026,0.17101,-0.673082,-0.719525
0.875863,0.831653,0.851275,0.985232,0.0590146,0.160736,-0.00862081,-0.920442,0.390784,0.17101,-0.386398,-0.90634
0.875863,0.792428,0.983182,0.985232,0.000480645,0.171227,-0.00862081,-0.998589,0.0524069,0.17101,-0.0531091,-0.983837
0.875863,0.710454,1.09372,0.985232,-0.0581113,0.161065,-0.00862081,-0.956291,-0.292291,0.17101,0.286586,-0.942669
0.875863,0.595618,1.16955,0.985232,-0.109694,0.131476,-0.00862081,-0.79865,-0.601734,0.17101,0.591714,-0.787801
0.875863,0.46177,1.20153,0.985232,-0.148046,0.0860295,-0.00862081,-0.54468,-0.8386,0.17101,0.825473,-0.537912
0.875863,0.325056,1.18581,0.985232,-0.168542,0.0302065,-0.00862081,-0.225014,-0.974317,0.17101,0.959668,-0.223144
0.875863,0.201964,1.12428,0.985232,-0.168709,-0.0292598,-0.00862081,0.121792,-0.992518,0.17101,0.978112,0.118539
0.749059,0.244352,1.06461,0.900555,-0.361286,0.241812,0.292759,0.092776,-0.951675,0.321393,0.927828,0.18932
0.749059,0.167581,0.982784,0.900555,-0.422203,0.103662,0.292759,0.412673,-0.862551,0.321393,0.807122,0.495238
0.749059,0.123425,0.879633,0.900555,-0.432195,-0.0469914,0.292759,0.682795,-0.66939,0.321393,0.589065,0.741424
0.749059,0.117212,0.767602,0.900555,-0.390059,-0.191977,0.292759,0.870563,-0.395491,0.321393,0.299958,0.898182
0.749059,0.149691,0.660202,0.900555,-0.300875,-0.313807,0.292759,0.953327,-0.0738901,0.321393,-0.0253278,0.946607
0.749059,0.216944,0.570387,0.900555,-0.175402,-0.397788,0.292759,0.921106,0.256623,0.321393,-0.347559,0.880857
0.749059,0.31086,0.508991,0.900555,-0.0287724,-0.433789,0.292759,0.777787,0.556184,0.321393,-0.62787,0.708863
0.749059,0.420111,0.483418,0.900555,0.121327,-0.417469,0.292759,0.540654,0.78866,0.321393,-0.83245,0.451369
0.749059,0.531519,0.496754,0.900555,0.256793,-0.350796,0.292759,0.238311,0.926013,0.321393,-0.936624,0.139434
0.749059,0.631648,0.547389,0.900555,0.361286,-0.241812,0.292759,-0.092776,0.951675,0.321393,-0.927828,-0.18932
0.749059,0.708419,0.629216,0.900555,0.422203,-0.103662,0.292759,-0.412673,0.862551,0.321393,-0.807122,-0.495238
0.749059,0.752575,0.732367,0.900555,0.432195,0.0469914,0.292759,-0.682795,0.66939,0.321393,-0.589065,-0.741424
0.749059,0.758788,0.844398,0.900555,0.390059,0.191977,0.292759,-0.870563,0.395491,0.321393,-0.299958,-0.898182
0.749059,0.726309,0.951798,0.900555,0.300875,0.313807,0.292759,-0.953327,0.0738901,0.321393,0.0253278,-0.946607
0.749059,0.659056,1.04161,0.900555,0.175402,0.397788,0.292759,-0.921106,-0.256623,0.321393,0.347559,-0.880857
0.749059,0.56514,1.10301,0.900555,0.0287724,0.433789,0.292759,-0.777787,-0.556184,0.321393,0.62787,-0.708863
0.749059,0.455889,1.12858,0.900555,-0.121327,0.417469,0.292759,-0.540654,-0.78866,0.321393,0.83245,-0.451369
0.749059,0.344481,1.11525,0.900555,-0.256793,0.350796,0.292759,-0.238311,-0.926013,0.321393,0.936624,-0.139434
0.749059,0.244352,1.06461,0.900555,-0.361286,0.241812,0.292759,0.092776,-0.951675,0.321393,0.927828,0.18932
0.654934,0.309302,0.973188,0.707258,-0.525477,0.472927,0.558827,0.00581152,-0.829264,0.433011,0.850788,0.297761
0.654934,0.259882,0.919088,0.707258,-0.655538,0.264682,0.558827,0.289086,-0.777265,0.433011,0.697639,0.570791
0.654934,0.231945,0.851348,0.707258,-0.706531,0.024513,0.558827,0.537492,-0.631517,0.433011,0.460344,0.774974
0.654934,0.228862,0.778138,0.707258,-0.672305,-0.218613,0.558827,0.721069,-0.409599,0.433011,0.167525,0.885685
0.654934,0.251003,0.708289,0.707258,-0.55699,-0.435371,0.558827,0.817674,-0.138277,0.433011,-0.1455,0.889568
0.654934,0.2957,0.650225,0.707258,-0.374494,-0.599617,0.558827,0.815656,0.149723,0.433011,-0.440975,0.786157
0.654934,0.35756,0.61095,0.707258,-0.146828,-0.69154,0.558827,0.715258,0.419665,0.433011,-0.683263,0.587923
0.654934,0.429122,0.595201,0.707258,0.0985471,-0.700053,0.558827,0.528588,0.638988,0.433011,-0.843139,0.318778
0.654934,0.501755,0.604877,0.707258,0.332036,-0.62413,0.558827,0.278164,0.781241,0.433011,-0.901319,0.0111825
0.654934,0.566698,0.638812,0.707258,0.525477,-0.472927,0.558827,-0.00581152,0.829264,0.433011,-0.850788,-0.297761
0.654934,0.616118,0.692912,0.707258,0.655538,-0.264682,0.558827,-0.289086,0.777265,0.433011,-0.697639,-0.570791
0.654934,0.644055,0.760652,0.707258,0.706531,-0.024513,0.558827,-0.537492,0.631517,0.433011,-0.460344,-0.774974
0.654934,0.647138,0.833862,0.707258,0.672305,0.218613,0.558827,-0.721069,0.409599,0.433011,-0.167525,-0.885685
0.654934,0.624997,0.903711,0.707258,0.55699,0.435371,0.558827,-0.817674,0.138277,0.433011,0.1455,-0.889568
0.654934,0.5803,0.961775,0.707258,0.374494,0.599617,0.558827,-0.815656,-0.149723,0.433011,0.440975,-0.786157
0.654934,0.51844,1.00105,0.707258,0.146828,0.69154,0.558827,-0.715258,-0.419665,0.433011,0.683263,-0.587923
