0.658953,0.220788,0.850181,0.308961,0.114103,0.944205,0.951075,-0.0370633,-0.306729,-3.49349e-06,0.992777,-0.119972
0.907818,0.137132,0.549624,0.92986,0.261118,-0.259188,-0.179072,0.936612,0.301151,0.321394,-0.233614,0.917676
0.907818,0.249058,0.46361,0.92986,0.334019,-0.154249,-0.179072,0.777128,0.603329,0.321394,-0.533389,0.782433
0.907818,0.383653,0.421064,0.92986,0.366631,-0.0307058,-0.179072,0.52391,0.832737,0.321394,-0.76883,0.552816
0.907818,0.524683,0.427118,0.92986,0.355023,0.0965412,-0.179072,0.207502,0.961705,0.321394,-0.911538,0.256522
0.907818,0.655136,0.481042,0.92986,0.300593,0.212144,-0.179072,-0.133934,0.974677,0.321394,-0.944302,-0.0707124
0.907818,0.75928,0.576332,0.92986,0.209908,0.302159,-0.179072,-0.459216,0.870088,0.321394,-0.863168,-0.389418
0.907818,0.824551,0.701495,0.92986,0.0939041,0.355729,-0.179072,-0.72911,0.660554,0.321394,-0.677924,-0.661154
0.907818,0.843078,0.841433,0.92986,-0.0334255,0.366393,-0.179072,-0.911062,0.371348,0.321394,-0.410912,-0.853145
0.907818,0.812626,0.979268,0.92986,-0.156724,0.332865,-0.179072,-0.983127,0.0373511,0.321394,-0.0943381,-0.942235
0.907818,0.736868,1.09838,0.92986,-0.261118,0.259188,-0.179072,-0.936612,-0.301151,0.321394,0.233614,-0.917676
0.907818,0.624942,1.18439,0.92986,-0.334019,0.154249,-0.179072,-0.777128,-0.603329,0.321394,0.533389,-0.782433
0.907818,0.490347,1.22694,0.92986,-0.366631,0.0307058,-0.179072,-0.52391,-0.832737,0.321394,0.76883,-0.552816
0.907818,0.349317,1.22088,0.92986,-0.355023,-0.0965412,-0.179072,-0.207502,-0.961705,0.321394,0.911538,-0.256522
0.907818,0.218864,1.16696,0.92986,-0.300593,-0.212144,-0.179072,0.133934,-0.974677,0.321394,0.944302,0.0707124
0.907818,0.11472,1.07167,0.92986,-0.209908,-0.302159,-0.179072,0.459216,-0.870088,0.321394,0.863168,0.389418
0.907818,0.0494489,0.946505,0.92986,-0.0939041,-0.355729,-0.179072,0.72911,-0.660554,0.321394,0.677924,0.661154
0.907818,0.0309218,0.806567,0.92986,0.0334255,-0.366393,-0.179072,0.911062,-0.371348,0.321394,0.410912,0.853145
0.907818,0.0613737,0.668732,0.92986,0.156724,-0.332865,-0.179072,0.983127,-0.0373511,0.321394,0.0943381,0.942235
0.907818,0.137132,0.549624,0.92986,0.261118,-0.259188,-0.179072,0.936612,0.301151,0.321394,-0.233614,0.917676
0.809114,0.143966,0.606178,0.796489,0.224598,-0.561391,-0.0275851,0.940983,0.337327,0.604023,-0.253191,0.755679
0.809114,0.236138,0.519091,0.796489,0.403061,-0.450718,-0.0275851,0.768863,0.638819,0.604023,-0.496379,0.623509
0.809114,0.352536,0.46878,0.796489,0.532908,-0.285682,-0.0275851,0.504006,0.86326,0.604023,-0.679697,0.416136
0.809114,0.479123,0.461314,0.796489,0.598478,-0.0861877,-0.0275851,0.178358,0.983579,0.604023,-0.781033,0.15857
0.809114,0.600628,0.497593,0.796489,0.591864,0.123702,-0.0275851,-0.168802,0.985264,0.604023,-0.788165,-0.118122
0.809114,0.702398,0.573242,0.796489,0.513861,0.318671,-0.0275851,-0.495602,0.868112,0.604023,-0.700232,-0.380567
0.809114,0.772156,0.679136,0.796489,0.37388,0.475204,-0.0275851,-0.762625,0.646252,0.604023,-0.527842,-0.597109
0.809114,0.80149,0.802503,0.796489,0.188803,0.57442,-0.0275851,-0.937664,0.346445,0.604023,-0.291785,-0.741632
0.809114,0.786861,0.928462,0.796489,-0.0190464,0.604352,-0.0275851,-0.999608,0.00485197,0.604023,-0.0205356,-0.796702
0.809114,0.730034,1.04182,0.796489,-0.224598,0.561391,-0.0275851,-0.940983,-0.337327,0.604023,0.253191,-0.755679
0.809114,0.637862,1.12891,0.796489,-0.403061,0.450718,-0.0275851,-0.768863,-0.638819,0.604023,0.496379,-0.623509
0.809114,0.521464,1.17922,0.796489,-0.532908,0.285682,-0.0275851,-0.504006,-0.86326,0.604023,0.679697,-0.416136
0.809114,0.394877,1.18669,0.796489,-0.598478,0.0861877,-0.0275851,-0.178358,-0.983579,0.604023,0.781033,-0.15857
0.809114,0.273372,1.15041,0.796489,-0.591864,-0.123702,-0.0275851,0.168802,-0.985264,0.604023,0.788165,0.118122
0.809114,0.171602,1.07476,0.796489,-0.513861,-0.318671,-0.0275851,0.495602,-0.868112,0.604023,0.700232,0.380567
0.809114,0.101844,0.968864,0.796489,-0.37388,-0.475204,-0.0275851,0.762625,-0.646252,0.604023,0.527842,0.597109
0.809114,0.0725096,0.845497,0.796489,-0.188803,-0.57442,-0.0275851,0.937664,-0.346445,0.604023,0.291785,0.741632
0.809114,0.0871386,0.719538,0.796489,0.0190464,-0.604352,-0.0275851,0.999608,-0.00485197,0.604023,0.0205356,0.796702
0.809114,0.143966,0.606178,0.796489,0.224598,-0.561391,-0.0275851,0.940983,0.337327,0.604023,-0.253191,0.755679
0.735846,0.154438,0.692836,0.567051,0.195753,-0.800084,0.127229,0.938876,0.319884,0.813797,-0.283184,0.507485
0.735846,0.21634,0.604105,0.567051,0.457593,-0.684881,0.127229,0.772848,0.621707,0.813797,-0.439676,0.380025
0.735846,0.304856,0.541896,0.567051,0.66424,-0.487072,0.127229,0.513603,0.848543,0.813797,-0.543137,0.206728
0.735846,0.40931,0.513713,0.567051,0.790769,-0.230514,0.127229,0.19241,0.973032,0.813797,-0.581087,0.00849753
0.735846,0.517105,0.522955,0.567051,0.821921,0.0538464,0.127229,-0.15199,0.980159,0.813797,-0.548949,-0.190758
0.735846,0.615237,0.568507,0.567051,0.753936,0.331713,0.127229,-0.478058,0.869065,0.813797,-0.4506,-0.367006
0.735846,0.691872,0.644876,0.567051,0.595016,0.569569,0.127229,-0.746465,0.653148,0.813797,-0.297902,-0.498987
0.735846,0.737765,0.74285,0.567051,0.364328,0.738727,0.127229,-0.924838,0.358453,0.813797,-0.109273,-0.570783
0.735846,0.747382,0.850612,0.567051,0.0896967,0.818784,0.127229,-0.991661,0.0205221,0.813797,0.0925362,-0.573734
0.735846,0.719562,0.955164,0.567051,-0.195753,0.800084,0.127229,-0.938876,-0.319884,0.813797,0.283184,-0.507485
0.735846,0.65766,1.0439,0.567051,-0.457593,0.684881,0.127229,-0.772848,-0.621707,0.813797,0.439676,-0.380025
0.735846,0.569144,1.1061,0.567051,-0.66424,0.487072,0.127229,-0.513603,-0.848543,0.813797,0.543137,-0.206728
0.735846,0.46469,1.13429,0.567051,-0.790769,0.230514,0.127229,-0.19241,-0.973032,0.813797,0.581087,-0.00849753
0.735846,0.356895,1.12505,0.567051,-0.821921,-0.0538464,0.127229,0.15199,-0.980159,0.813797,0.548949,0.190758
0.735846,0.258763,1.07949,0.567051,-0.753936,-0.331713,0.127229,0.478058,-0.869065,0.813797,0.4506,0.367006
0.735846,0.182128,1.00312,0.567051,-0.595016,-0.569569,0.127229,0.746465,-0.653148,0.813797,0.297902,0.498987
0.735846,0.136235,0.90515,0.567051,-0.364328,-0.738727,0.127229,0.924838,-0.358453,0.813797,0.109273,0.570783
0.735846,0.126618,0.797388,0.567051,-0.0896967,-0.818784,0.127229,0.991661,-0.0205221,0.813797,-0.0925362,0.573734
0.735846,0.154438,0.692836,0.567051,0.195753,-0.800084,0.127229,0.938876,0.319884,0.813797,-0.283184,0.507485
0.696852,0.167286,0.799146,0.269218,0.178063,-0.946475,0.266698,0.930542,0.250925,0.925416,-0.319976,0.20303
0.696852,0.192052,0.708398,0.269218,0.491038,-0.828495,0.266698,0.788602,0.554057,0.925416,-0.37012,0.081347
0.696852,0.246362,0.631592,0.269218,0.744786,-0.610586,0.266698,0.551545,0.790361,0.925416,-0.375621,-0.0501472
0.696852,0.323667,0.577994,0.269218,0.908703,-0.319031,0.266698,0.247963,0.931336,0.925416,-0.335817,-0.175593
0.696852,0.414641,0.554067,0.269218,0.963016,0.0110037,0.266698,-0.0855262,0.959978,0.925416,-0.255508,-0.27986
0.696852,0.508311,0.562699,0.269218,0.901176,0.339711,0.266698,-0.4087,0.872832,0.925416,-0.144382,-0.350371
0.696852,0.593381,0.602847,0.269218,0.73064,0.627444,0.266698,-0.682579,0.680411,0.925416,-0.0158405,-0.378623
0.696852,0.659589,0.66967,0.269218,0.471979,0.839499,0.266698,-0.874128,0.405921,0.925416,0.114611,-0.361207
0.696852,0.698949,0.755107,0.269218,0.15639,0.950297,0.266698,-0.960245,0.0824715,0.925416,0.231239,-0.300224
0.696852,0.706714,0.848854,0.269218,-0.178063,0.946475,0.266698,-0.930542,-0.250925,0.925416,0.319976,-0.20303
0.696852,0.681948,0.939602,0.269218,-0.491038,0.828495,0.266698,-0.788602,-0.554057,0.925416,0.37012,-0.081347
0.696852,0.627638,1.01641,0.269218,-0.744786,0.610586,0.266698,-0.551545,-0.790361,0.925416,0.375621,0.0501472
0.696852,0.550333,1.07001,0.269218,-0.908703,0.319031,0.266698,-0.247963,-0.931336,0.925416,0.335817,0.175593
0.696852,0.459359,1.09393,0.269218,-0.963016,-0.0110037,0.266698,0.0855262,-0.959978,0.925416,0.255508,0.27986
0.696852,0.365689,1.0853,0.269218,-0.901176,-0.339711,0.266698,0.4087,-0.872832,0.925416,0.144382,0.350371
0.696852,0.280619,1.04515,0.269218,-0.73064,-0.627444,0.266698,0.682579,-0.680411,0.925416,0.0158405,0.378623
0.696852,0.214411,0.97833,0.269218,-0.471979,-0.839499,0.266698,0.874128,-0.405921,0.925416,-0.114611,0.361207
0.696852,0.175051,0.892893,0.269218,-0.15639,-0.950297,0.266698,0.960245,-0.0824715,0.925416,-0.231239,0.300224
0.696852,0.167286,0.799146,0.269218,0.178063,-0.946475,0.266698,0.930542,0.250925,0.925416,-0.319976,0.20303
0.696834,0.180958,0.912286,-0.061087,0.17366,-0.982909,0.373999,0.916989,0.138769,0.925415,-0.35913,-0.120965
0.696834,0.166204,0.81939,-0.061087,0.499362,-0.864237,0.373999,0.814226,0.444029,0.925415,-0.296099,-0.236499
0.696834,0.184111,0.72705,-0.061087,0.764833,-0.641326,0.373999,0.613255,0.695732,0.925415,-0.197355,-0.323509
0.696834,0.232521,0.646404,-0.061087,0.938054,-0.341061,0.373999,0.338317,0.86352,0.925415,-0.0748065,-0.371498
0.696834,0.305594,0.587179,-0.061087,0.998132,0.000341008,0.373999,0.0225725,0.927154,0.925415,0.0567646,-0.374679
0.696834,0.394517,0.556517,-0.061087,0.937821,0.341702,0.373999,-0.295894,0.87896,0.925415,0.181489,-0.332669
0.696834,0.488563,0.558118,-0.061087,0.764395,0.641848,0.373999,-0.578672,0.724751,0.925415,0.284323,-0.250533
0.696834,0.57639,0.591788,-0.061087,0.498771,0.864579,0.373999,-0.791653,0.483126,0.925415,0.352864,-0.13818
0.696834,0.647405,0.653467,-0.061087,0.172988,0.983028,0.373999,-0.909149,0.183228,0.925415,0.378844,-0.00916009
0.696834,0.693042,0.735714,-0.061087,-0.17366,0.982909,0.373999,-0.916989,-0.138769,0.925415,0.35913,0.120965
0.696834,0.707796,0.82861,-0.061087,-0.499362,0.864237,0.373999,-0.814226,-0.444029,0.925415,0.296099,0.236499
0.696834,0.689889,0.92095,-0.061087,-0.764833,0.641326,0.373999,-0.613255,-0.695732,0.925415,0.197355,0.323509
0.696834,0.641479,1.0016,-0.061087,-0.938054,0.341061,0.373999,-0.338317,-0.86352,0.925415,0.0748065,0.371498
0.696834,0.568406,1.06082,-0.061087,-0.998132,-0.000341008,0.373999,-0.0225725,-0.927154,0.925415,-0.0567646,0.374679
0.696834,0.479483,1.09148,-0.061087,-0.937821,-0.341702,0.373999,0.295894,-0.87896,0.925415,-0.181489,0.332669
0.696834,0.385437,1.08988,-0.061087,-0.764395,-0.641848,0.373999,0.578672,-0.724751,0.925415,-0.284323,0.250533
0.696834,0.29761,1.05621,-0.061087,-0.498771,-0.864579,0.373999,0.791653,-0.483126,0.925415,-0.352864,0.13818
0.696834,0.226595,0.994533,-0.061087,-0.172988,-0.983028,0.373999,0.909149,-0.183228,0.925415,-0.378844,0.00916009
0.696834,0.180958,0.912286,-0.061087,0.17366,-0.982909,0.373999,0.916989,0.138769,0.925415,-0.35913,-0.120965
0.735794,0.193807,1.01861,-0.384024,0.183076,-0.904991,0.43619,0.899849,-0.00305713,0.813796,-0.395922,-0.425419
0.735794,0.141913,0.923695,-0.384024,0.48156,-0.787798,0.43619,0.846627,0.304894,0.813796,-0.226543,-0.535177
0.735794,0.125611,0.816757,-0.384024,0.721961,-0.575585,0.43619,0.69129,0.57607,0.813796,-0.0298395,-0.580384
0.735794,0.146867,0.710693,-0.384024,0.875283,-0.293947,0.43619,0.452572,0.777764,0.813796,0.170463,-0.555588
0.735794,0.203118,0.618295,-0.384024,0.923033,0.0231444,0.43619,0.159268,0.885648,0.813796,0.350205,-0.46378
0.735794,0.287578,0.550708,-0.384024,0.859451,0.337445,0.43619,-0.153247,0.88671,0.813796,0.487708,-0.316034
0.735794,0.390061,0.516084,-0.384024,0.692207,0.611044,0.43619,-0.447277,0.780821,0.813796,0.566385,-0.130169
0.735794,0.498205,0.5186,-0.384024,0.441473,0.810942,0.43619,-0.68736,0.580754,0.813796,0.576748,0.0713965
0.735794,0.598967,0.557951,-0.384024,0.13749,0.913029,0.43619,-0.844536,0.310639,0.813796,0.517547,0.26435
0.735794,0.680193,0.629392,-0.384024,-0.183076,0.904991,0.43619,-0.899849,0.00305713,0.813796,0.395922,0.425419
0.735794,0.732087,0.724305,-0.384024,-0.48156,0.787798,0.43619,-0.846627,-0.304894,0.813796,0.226543,0.535177
0.735794,0.748389,0.831243,-0.384024,-0.721961,0.575585,0.43619,-0.69129,-0.57607,0.813796,0.0298395,0.580384
0.735794,0.727133,0.937307,-0.384024,-0.875283,0.293947,0.43619,-0.452572,-0.777764,0.813796,-0.170463,0.555588
0.735794,0.670882,1.02971,-0.384024,-0.923033,-0.0231444,0.43619,-0.159268,-0.885648,0.813796,-0.350205,0.46378
0.735794,0.586422,1.09729,-0.384024,-0.859451,-0.337445,0.43619,0.153247,-0.88671,0.813796,-0.487708,0.316034
0.735794,0.483939,1.13192,-0.384024,-0.692207,-0.611044,0.43619,0.447277,-0.780821,0.813796,-0.566385,0.130169
0.735794,0.375795,1.1294,-0.384024,-0.441473,-0.810942,0.43619,0.68736,-0.580754,0.813796,-0.576748,-0.0713965
0.735794,0.275033,1.09005,-0.384024,-0.13749,-0.913029,0.43619,0.844536,-0.310639,0.813796,-0.517547,-0.26435
0.735794,0.193807,1.01861,-0.384024,0.183076,-0.904991,0.43619,0.899849,-0.00305713,0.813796,-0.395922,-0.425419
0.809034,0.204282,1.10529,-0.660642,0.205175,-0.722119,0.44577,0.881192,-0.157447,0.604021,-0.425915,-0.673613
0.809034,0.12211,1.00873,-0.660642,0.439781,-0.608396,0.44577,0.8819,0.153433,0.604021,-0.16984,-0.778661
0.809034,0.0779178,0.889892,-0.660642,0.621342,-0.421291,0.44577,0.776237,0.445808,0.604021,0.10672,-0.789791
0.809034,0.0770367,0.763105,-0.660642,0.727961,-0.183373,0.44577,0.576949,0.684411,0.604021,0.370409,-0.70566
0.809034,0.119572,0.643663,-0.660642,0.746777,0.0766635,0.44577,0.308073,0.840464,0.604021,0.58942,-0.536416
0.809034,0.200395,0.545972,-0.660642,0.67552,0.327453,0.44577,0.00203785,0.895145,0.604021,0.737339,-0.302473
0.809034,0.309755,0.481815,-0.660642,0.522786,0.538746,0.44577,-0.304243,0.841858,0.604021,0.796324,-0.0320468
0.809034,0.434463,0.458931,-0.660642,0.306996,0.685059,0.44577,-0.573827,0.687031,0.604021,0.75926,0.242245
0.809034,0.559477,0.48008,-0.660642,0.0541776,0.748744,0.44577,-0.7742,0.449337,0.604021,0.630619,0.487318
0.809034,0.669718,0.54271,-0.660642,-0.205175,0.722119,0.44577,-0.881192,0.157447,0.604021,0.425915,0.673613
0.809034,0.75189,0.639268,-0.660642,-0.439781,0.608396,0.44577,-0.8819,-0.153433,0.604021,0.16984,0.778661
0.809034,0.796082,0.758108,-0.660642,-0.621342,0.421291,0.44577,-0.776237,-0.445808,0.604021,-0.10672,0.789791
0.809034,0.796963,0.884895,-0.660642,-0.727961,0.183373,0.44577,-0.576949,-0.684411,0.604021,-0.370409,0.70566
0.809034,0.754428,1.00434,-0.660642,-0.746777,-0.0766635,0.44577,-0.308073,-0.840464,0.604021,-0.58942,0.536416
0.809034,0.673605,1.10203,-0.660642,-0.67552,-0.327453,0.44577,-0.00203785,-0.895145,0.604021,-0.737339,0.302473
0.809034,0.564245,1.16618,-0.660642,-0.522786,-0.538746,0.44577,0.304243,-0.841858,0.604021,-0.796324,0.0320468
0.809034,0.439537,1.18907,-0.660642,-0.306996,-0.685059,0.44577,0.573827,-0.687031,0.604021,-0.75926,-0.242245
0.809034,0.314523,1.16792,-0.660642,-0.0541776,-0.748744,0.44577,0.7742,-0.449337,0.604021,-0.630619,-0.487318
0.809034,0.204282,1.10529,-0.660642,0.205175,-0.722119,0.44577,0.881192,-0.157447,0.604021,-0.425915,-0.673613
0.90772,0.21112,1.16188,-0.857576,0.237292,-0.45635,0.401584,0.863267,-0.305779,0.321392,-0.445492,-0.83561
0.90772,0.109182,1.06424,-0.857576,0.379063,-0.34767,0.401584,0.915788,0.00791596,0.321392,-0.13283,-0.937584
0.90772,0.0467838,0.937634,-0.857576,0.475112,-0.197056,0.401584,0.857852,0.320657,0.321392,0.195853,-0.926471
0.90772,0.0314515,0.79732,-0.857576,0.513857,-0.0226737,0.401584,0.696446,0.594721,0.321392,0.500914,-0.803612
0.90772,0.0650343,0.660223,-0.857576,0.490622,0.154443,0.401584,0.451039,0.797054,0.321392,0.745556,-0.583826
0.90772,0.143482,0.54288,-0.857576,0.408211,0.312932,0.401584,0.151229,0.90325,0.321392,0.900274,-0.293622
0.90772,0.257332,0.459444,-0.857576,0.276564,0.433676,0.401584,-0.166821,0.900501,0.321392,0.946405,0.0319977
0.90772,0.392852,0.41998,-0.857576,0.111559,0.502113,0.401584,-0.464749,0.789138,0.321392,0.878386,0.353758
0.90772,0.533698,0.429246,-0.857576,-0.0669011,0.509987,0.401584,-0.706623,0.582593,0.321392,0.704421,0.632849
0.90772,0.66288,0.486125,-0.857576,-0.237292,0.45635,0.401584,-0.863267,0.305779,0.321392,0.445492,0.83561
0.90772,0.764818,0.583757,-0.857576,-0.379063,0.34767,0.401584,-0.915788,-0.00791596,0.321392,0.13283,0.937584
0.90772,0.827216,0.710366,-0.857576,-0.475112,0.197056,0.401584,-0.857852,-0.320657,0.321392,-0.195853,0.926471
0.90772,0.842549,0.85068,-0.857576,-0.513857,0.0226737,0.401584,-0.696446,-0.594721,0.321392,-0.500914,0.803612
0.90772,0.808966,0.987777,-0.857576,-0.490622,-0.154443,0.401584,-0.451039,-0.797054,0.321392,-0.745556,0.583826
0.90772,0.730518,1.10512,-0.857576,-0.408211,-0.312932,0.401584,-0.151229,-0.90325,0.321392,-0.900274,0.293622
0.90772,0.616668,1.18856,-0.857576,-0.276564,-0.433676,0.401584,0.166821,-0.900501,0.321392,-0.946405,-0.0319977
0.90772,0.481148,1.22802,-0.857576,-0.111559,-0.502113,0.401584,0.464749,-0.789138,0.321392,-0.878386,-0.353758
0.90772,0.340302,1.21875,-0.857576,0.0669011,-0.509987,0.401584,0.706623,-0.582593,0.321392,-0.704421,-0.632849
0.90772,0.21112,1.16188,-0.857576,0.237292,-0.45635,0.401584,0.863267,-0.305779,0.321392,-0.445492,-0.83561
0.883612,0.256427,0.468219,0.961642,0.218332,-0.166061,-0.0812368,0.8049,0.587824,0.262003,-0.551786,0.791762
0.883612,0.389001,0.427916,0.961642,0.261961,-0.0813723,-0.0812368,0.555311,0.827666,0.262003,-0.789307,0.555291
0.883612,0.527364,0.435386,0.961642,0.273994,0.0131309,-0.0812368,0.238743,0.967679,0.262003,-0.931627,0.251844
0.883612,0.654829,0.489729,0.961642,0.252979,0.10605,-0.0812368,-0.10662,0.990976,0.262003,-0.961579,-0.0819794
0.883612,0.756019,0.584389,0.961642,0.201451,0.186179,-0.0812368,-0.439124,0.894746,0.262003,-0.87555,-0.405915
0.883612,0.818732,0.707951,0.961642,0.125625,0.243851,-0.0812368,-0.718663,0.690597,0.262003,-0.683917,-0.680891
0.883612,0.835402,0.845509,0.961642,0.0346471,0.272111,-0.0812368,-0.91152,0.403152,0.262003,-0.409793,-0.873741
0.883612,0.804019,0.980474,0.961642,-0.0605099,0.267551,-0.0812368,-0.994435,0.0670806,0.262003,-0.0862425,-0.961206
0.883612,0.728368,1.09656,0.961642,-0.148369,0.23072,-0.0812368,-0.957406,-0.277082,0.262003,0.24771,-0.932735
0.883612,0.617573,1.17978,0.961642,-0.218332,0.166061,-0.0812368,-0.8049,-0.587824,0.262003,0.551786,-0.791762
0.883612,0.484999,1.22008,0.961642,-0.261961,0.0813723,-0.0812368,-0.555311,-0.827666,0.262003,0.789307,-0.555291
0.883612,0.346636,1.21261,0.961642,-0.273994,-0.0131309,-0.0812368,-0.238743,-0.967679,0.262003,0.931627,-0.251844
0.883612,0.219171,1.15827,0.961642,-0.252979,-0.10605,-0.0812368,0.10662,-0.990976,0.262003,0.961579,0.0819794
0.883612,0.117981,1.06361,0.961642,-0.201451,-0.186179,-0.0812368,0.439124,-0.894746,0.262003,0.87555,0.405915
0.883612,0.0552682,0.940049,0.961642,-0.125625,-0.243851,-0.0812368,0.718663,-0.690597,0.262003,0.683917,0.680891
0.883612,0.0385982,0.802491,0.961642,-0.0346471,-0.272111,-0.0812368,0.91152,-0.403152,0.262003,0.409793,0.873741
0.883612,0.0699814,0.667526,0.961642,0.0605099,-0.267551,-0.0812368,0.994435,-0.0670806,0.262003,0.0862425,0.961206
0.883612,0.145632,0.551435,0.961642,0.148369,-0.23072,-0.0812368,0.957406,0.277082,0.262003,-0.24771,0.932735
0.883612,0.256427,0.468219,0.961642,0.218332,-0.166061,-0.0812368,0.8049,0.587824,0.262003,-0.551786,0.791762
0.763622,0.264736,0.536974,0.856221,0.179876,-0.484284,0.156285,0.803312,0.574686,0.492403,-0.567745,0.659701
0.763622,0.373293,0.495366,0.856221,0.334663,-0.393557,0.156285,0.558312,0.814777,0.492403,-0.759136,0.425736
0.763622,0.489534,0.493396,0.856221,0.449084,-0.255361,0.156285,0.245972,0.956594,0.492403,-0.858965,0.140421
0.763622,0.599439,0.531302,0.856221,0.50934,-0.0863649,0.156285,-0.0960367,0.983032,0.492403,-0.85519,-0.161831
0.763622,0.689752,0.604511,0.856221,0.508162,0.093048,0.156285,-0.426462,0.890901,0.492403,-0.748266,-0.444564
0.763622,0.749579,0.704194,0.856221,0.445691,0.261238,0.156285,-0.705449,0.691315,0.492403,-0.55109,-0.673675
0.763622,0.771704,0.818327,0.856221,0.329464,0.397919,0.156285,-0.899349,0.408346,0.492403,-0.287445,-0.821532
0.763622,0.753459,0.933145,0.856221,0.173499,0.486605,0.156285,-0.984774,0.076124,0.492403,0.0108703,-0.870299
0.763622,0.697044,1.0348,0.856221,-0.0033931,0.516599,0.156285,-0.951421,-0.265279,0.492403,0.307875,-0.814096
0.763622,0.609264,1.11103,0.856221,-0.179876,0.484284,0.156285,-0.803312,-0.574686,0.492403,0.567745,-0.659701
0.763622,0.500707,1.15263,0.856221,-0.334663,0.393557,0.156285,-0.558312,-0.814777,0.492403,0.759136,-0.425736
0.763622,0.384466,1.1546,0.856221,-0.449084,0.255361,0.156285,-0.245972,-0.956594,0.492403,0.858965,-0.140421
0.763622,0.274561,1.1167,0.856221,-0.50934,0.0863649,0.156285,0.0960367,-0.983032,0.492403,0.85519,0.161831
0.763622,0.184248,1.04349,0.856221,-0.508162,-0.093048,0.156285,0.426462,-0.890901,0.492403,0.748266,0.444564
0.763622,0.124421,0.943806,0.856221,-0.445691,-0.261238,0.156285,0.705449,-0.691315,0.492403,0.55109,0.673675
0.763622,0.102296,0.829673,0.856221,-0.329464,-0.397919,0.156285,0.899349,-0.408346,0.492403,0.287445,0.821532
0.763622,0.120541,0.714855,0.856221,-0.173499,-0.486605,0.156285,0.984774,-0.076124,0.492403,-0.0108703,0.870299
0.763622,0.176956,0.613202,0.856221,0.0033931,-0.516599,0.156285,0.951421,0.265279,0.492403,-0.307875,0.814096
0.763622,0.264736,0.536974,0.856221,0.179876,-0.484284,0.156285,0.803312,0.574686,0.492403,-0.567745,0.659701
0.674556,0.277467,0.642325,0.647527,0.148065,-0.74752,0.374957,0.792074,0.48169,0.663413,-0.592195,0.457371
0.674556,0.349224,0.598718,0.647527,0.394802,-0.651798,0.374957,0.579558,0.723546,0.663413,-0.712912,0.227246
0.674556,0.431569,0.582283,0.647527,0.593921,-0.477459,0.374957,0.297139,0.878132,0.663413,-0.747641,-0.0302892
0.674556,0.514568,0.595003,0.647527,0.721404,-0.245532,0.374957,-0.021119,0.926801,0.663413,-0.692193,-0.284171
0.674556,0.588212,0.635343,0.647527,0.761875,0.0160098,0.374957,-0.33683,0.863685,0.663413,-0.553256,-0.503777
0.674556,0.643617,0.698438,0.647527,0.710452,0.275621,0.374957,-0.611915,0.696396,0.663413,-0.347589,-0.66262
0.674556,0.674102,0.776678,0.647527,0.573339,0.501988,0.374957,-0.813193,0.445111,0.663413,-0.0999973,-0.741542
0.674556,0.675988,0.860625,0.647527,0.367072,0.667808,0.374957,-0.916389,0.140139,0.663413,0.159655,-0.731022
0.674556,0.649049,0.940155,0.647527,0.116532,0.75308,0.374957,-0.909054,-0.181736,0.663413,0.400052,-0.632331
0.674556,0.596533,1.00567,0.647527,-0.148065,0.74752,0.374957,-0.792074,-0.48169,0.663413,0.592195,-0.457371
0.674556,0.524776,1.04928,0.647527,-0.394802,0.651798,0.374957,-0.579558,-0.723546,0.663413,0.712912,-0.227246
0.674556,0.442431,1.06572,0.647527,-0.593921,0.477459,0.374957,-0.297139,-0.878132,0.663413,0.747641,0.0302892
0.674556,0.359432,1.053,0.647527,-0.721404,0.245532,0.374957,0.021119,-0.926801,0.663413,0.692193,0.284171
0.674556,0.285788,1.01266,0.647527,-0.761875,-0.0160098,0.374957,0.33683,-0.863685,0.663413,0.553256,0.503777
0.674556,0.230383,0.949562,0.647527,-0.710452,-0.275621,0.374957,0.611915,-0.696396,0.663413,0.347589,0.66262
0.674556,0.199898,0.871322,0.647527,-0.573339,-0.501988,0.374957,0.813193,-0.445111,0.663413,0.0999973,0.741542
0.674556,0.198012,0.787375,0.647527,-0.367072,-0.667808,0.374957,0.916389,-0.140139,0.663413,-0.159655,0.731022
0.674556,0.224951,0.707845,0.647527,-0.116532,-0.75308,0.374957,0.909054,0.181736,0.663413,-0.400052,0.632331
0.674556,0.277467,0.642325,0.647527,0.148065,-0.74752,0.374957,0.792074,0.48169,0.663413,-0.592195,0.457371
0.627155,0.293085,0.771565,0.360731,0.126736,-0.924019,0.548404,0.772541,0.320053,0.754404,-0.622189,0.209177
0.627155,0.319698,0.725506,0.360731,0.435126,-0.824948,0.548404,0.616486,0.564976,0.754404,-0.656209,-0.0162385
0.627155,0.360459,0.691326,0.360731,0.691033,-0.626376,0.548404,0.386075,0.741754,0.754404,-0.611081,-0.239696
0.627155,0.410452,0.673148,0.360731,0.863592,-0.352253,0.548404,0.109097,0.829066,0.754404,-0.492247,-0.434242
0.627155,0.463648,0.673166,0.360731,0.931988,-0.035644,0.548404,-0.18104,0.816381,0.754404,-0.314041,-0.576413
0.627155,0.513629,0.691376,0.360731,0.887974,0.285264,0.548404,-0.449341,0.705228,0.754404,-0.0979577,-0.649059
0.627155,0.554367,0.725583,0.360731,0.736856,0.571766,0.548404,-0.663444,0.509014,0.754404,0.129941,-0.64342
0.627155,0.58095,0.771661,0.360731,0.496863,0.789304,0.548404,-0.797527,0.251405,0.754404,0.342167,-0.560174
0.627155,0.59017,0.824051,0.360731,0.196941,0.91164,0.548404,-0.835415,-0.0365267,0.754404,0.513123,-0.409364
0.627155,0.580915,0.876435,0.360731,-0.126736,0.924019,0.548404,-0.772541,-0.320053,0.754404,0.622189,-0.209177
0.627155,0.554302,0.922494,0.360731,-0.435126,0.824948,0.548404,-0.616486,-0.564976,0.754404,0.656209,0.0162385
0.627155,0.513541,0.956674,0.360731,-0.691033,0.626376,0.548404,-0.386075,-0.741754,0.754404,0.611081,0.239696
0.627155,0.463548,0.974852,0.360731,-0.863592,0.352253,0.548404,-0.109097,-0.829066,0.754404,0.492247,0.434242
0.627155,0.410352,0.974834,0.360731,-0.931988,0.035644,0.548404,0.18104,-0.816381,0.754404,0.314041,0.576413
0.627155,0.360371,0.956624,0.360731,-0.887974,-0.285264,0.548404,0.449341,-0.705228,0.754404,0.0979577,0.649059
0.627155,0.319633,0.922417,0.360731,-0.736856,-0.571766,0.548404,0.663444,-0.509014,0.754404,-0.129941,0.64342
0.627155,0.29305,0.876339,0.360731,-0.496863,-0.789304,0.548404,0.797527,-0.251405,0.754404,-0.342167,0.560174
0.627155,0.28383,0.823949,0.360731,-0.196941,-0.91164,0.548404,0.835415,0.0365267,0.754404,-0.513123,0.409364
0.627155,0.293085,0.771565,0.360731,0.126736,-0.924019,0.548404,0.772541,0.320053,0.754404,-0.622189,0.209177
0.627137,0.309706,0.909106,0.0304265,0.118461,-0.992492,0.655705,0.747069,0.10927,0.754404,-0.654107,-0.0549446
0.627137,0.288275,0.860437,0.0304265,0.450769,-0.892122,0.655705,0.664642,0.358192,0.754404,-0.595867,-0.275349
0.627137,0.284782,0.807372,0.0304265,0.728708,-0.684148,0.655705,0.502051,0.563912,0.754404,-0.465757,-0.462542
0.627137,0.299649,0.756313,0.0304265,0.918754,-0.393656,0.655705,0.278904,0.701615,0.754404,-0.27947,-0.593945
0.627137,0.331082,0.713419,0.0304265,0.997985,-0.0556834,0.655705,0.0221176,0.754693,0.754404,-0.0594745,-0.65371
0.627137,0.375291,0.683862,0.0304265,0.956844,0.289006,0.655705,-0.237337,0.716744,0.754404,0.167694,-0.634628
0.627137,0.426943,0.671207,0.0304265,0.800293,0.598836,0.655705,-0.468164,0.592346,0.754404,0.374637,-0.539001
0.627137,0.479808,0.676982,0.0304265,0.547216,0.836438,0.655705,-0.642525,0.396501,0.754404,0.536393,-0.378362
0.627137,0.527509,0.700489,0.0304265,0.228136,0.973154,0.655705,-0.739387,0.152833,0.754404,0.633451,-0.172087
0.627137,0.564294,0.738894,0.0304265,-0.118461,0.992492,0.655705,-0.747069,-0.10927,0.754404,0.654107,0.0549446
0.627137,0.585725,0.787563,0.0304265,-0.450769,0.892122,0.655705,-0.664642,-0.358192,0.754404,0.595867,0.275349
0.627137,0.589218,0.840628,0.0304265,-0.728708,0.684148,0.655705,-0.502051,-0.563912,0.754404,0.465757,0.462542
0.627137,0.574351,0.891687,0.0304265,-0.918754,0.393656,0.655705,-0.278904,-0.701615,0.754404,0.27947,0.593945
0.627137,0.542918,0.934581,0.0304265,-0.997985,0.0556834,0.655705,-0.0221176,-0.754693,0.754404,0.0594745,0.65371
0.627137,0.498709,0.964138,0.0304265,-0.956844,-0.289006,0.655705,0.237337,-0.716744,0.754404,-0.167694,0.634628
0.627137,0.447057,0.976793,0.0304265,-0.800293,-0.598836,0.655705,0.468164,-0.592346,0.754404,-0.374637,0.539001
0.627137,0.394192,0.971018,0.0304265,-0.547216,-0.836438,0.655705,0.642525,-0.396501,0.754404,-0.536393,0.378362
0.627137,0.346491,0.947511,0.0304265,-0.228136,-0.973154,0.655705,0.739387,-0.152833,0.754404,-0.633451,0.172087
0.627137,0.309706,0.909106,0.0304265,0.118461,-0.992492,0.655705,0.747069,0.10927,0.754404,-0.654107,-0.0549446
0.674504,0.325326,1.03836,-0.303548,0.124239,-0.944682,0.683918,0.71873,-0.125236,0.663411,-0.6841,-0.303138
0.674504,0.258746,0.987236,-0.303548,0.439846,-0.845218,0.683918,0.718218,0.128137,0.663411,-0.539164,-0.518833
0.674504,0.213666,0.916425,-0.303548,0.702402,-0.643809,0.683918,0.631079,0.366054,0.663411,-0.329198,-0.671948
0.674504,0.195523,0.834467,-0.303548,0.880238,-0.364747,0.683918,0.467822,0.55982,0.663411,-0.0795247,-0.744017
0.674504,0.206506,0.751245,-0.303548,0.951904,-0.0416911,0.683918,0.248139,0.686063,0.663411,0.17974,-0.726346
0.674504,0.24529,0.676799,-0.303548,0.908756,0.286393,0.683918,-0.00147273,0.729557,0.663411,0.417325,-0.621067
0.674504,0.307197,0.620108,-0.303548,0.755999,0.579935,0.683918,-0.250907,0.685056,0.663411,0.604575,-0.440879
0.674504,0.38476,0.588009,-0.303548,0.512057,0.803527,0.683918,-0.470079,0.557927,0.663411,0.718904,-0.207514
0.674504,0.468625,0.584374,-0.303548,0.206354,0.930202,0.683918,-0.632552,0.363503,0.663411,0.746523,0.0508807
0.674504,0.548674,0.609642,-0.303548,-0.124239,0.944682,0.683918,-0.71873,0.125236,0.663411,0.6841,0.303138
0.674504,0.615254,0.660764,-0.303548,-0.439846,0.845218,0.683918,-0.718218,-0.128137,0.663411,0.539164,0.518833
0.674504,0.660334,0.731575,-0.303548,-0.702402,0.643809,0.683918,-0.631079,-0.366054,0.663411,0.329198,0.671948
0.674504,0.678477,0.813533,-0.303548,-0.880238,0.364747,0.683918,-0.467822,-0.55982,0.663411,0.0795247,0.744017
0.674504,0.667494,0.896755,-0.303548,-0.951904,0.0416911,0.683918,-0.248139,-0.686063,0.663411,-0.17974,0.726346
0.674504,0.62871,0.971201,-0.303548,-0.908756,-0.286393,0.683918,0.00147273,-0.729557,0.663411,-0.417325,0.621067
0.674504,0.566803,1.02789,-0.303548,-0.755999,-0.579935,0.683918,0.250907,-0.685056,0.663411,-0.604575,0.440879
0.674504,0.48924,1.05999,-0.303548,-0.512057,-0.803527,0.683918,0.470079,-0.557927,0.663411,-0.718904,0.207514
0.674504,0.405375,1.06363,-0.303548,-0.206354,-0.930202,0.683918,0.632552,-0.363503,0.663411,-0.746523,-0.0508807
0.674504,0.325326,1.03836,-0.303548,0.124239,-0.944682,0.683918,0.71873,-0.125236,0.663411,-0.6841,-0.303138
0.763543,0.33806,1.14373,-0.60091,0.143372,-0.786353,0.629641,0.690942,-0.355179,0.492402,-0.70855,-0.505467
0.763543,0.234672,1.09061,-0.60091,0.403674,-0.689894,0.629641,0.770751,-0.0974429,0.492402,-0.49294,-0.717322
0.763543,0.155687,1.00533,-0.60091,0.615287,-0.510224,0.629641,0.757597,0.172046,0.492402,-0.217873,-0.842658
0.763543,0.110633,0.898181,-0.60091,0.752688,-0.269013,0.629641,0.653065,0.420784,0.492402,0.0834721,-0.866356
0.763543,0.104944,0.782084,-0.60091,0.799303,0.00464503,0.629641,0.469764,0.618769,0.492402,0.374749,-0.785559
0.763543,0.139306,0.671042,-0.60091,0.74951,0.277743,0.629641,0.229802,0.742121,0.492402,0.620826,-0.610013
0.763543,0.209574,0.578449,-0.60091,0.609316,0.51734,0.629641,-0.037877,0.775963,0.492402,0.792023,-0.360889
0.763543,0.307273,0.515473,-0.60091,0.395629,0.694539,0.629641,-0.300988,0.716212,0.492402,0.867689,-0.0682373
0.763543,0.420618,0.48971,-0.60091,0.134223,0.787966,0.629641,-0.527795,0.570075,0.492402,0.8387,0.232645
0.763543,0.53594,0.504268,-0.60091,-0.143372,0.786353,0.629641,-0.690942,0.355179,0.492402,0.70855,0.505467
0.763543,0.639328,0.557389,-0.60091,-0.403674,0.689894,0.629641,-0.770751,0.0974429,0.492402,0.49294,0.717322
0.763543,0.718313,0.642668,-0.60091,-0.615287,0.510224,0.629641,-0.757597,-0.172046,0.492402,0.217873,0.842658
0.763543,0.763367,0.749819,-0.60091,-0.752688,0.269013,0.629641,-0.653065,-0.420784,0.492402,-0.0834721,0.866356
0.763543,0.769056,0.865916,-0.60091,-0.799303,-0.00464503,0.629641,-0.469764,-0.618769,0.492402,-0.374749,0.785559
0.763543,0.734694,0.976958,-0.60091,-0.74951,-0.277743,0.629641,-0.229802,-0.742121,0.492402,-0.620826,0.610013
0.763543,0.664426,1.06955,-0.60091,-0.609316,-0.51734,0.629641,0.037877,-0.775963,0.492402,-0.792023,0.360889
0.763543,0.566727,1.13253,-0.60091,-0.395629,-0.694539,0.629641,0.300988,-0.716212,0.492402,-0.867689,0.0682373
0.763543,0.453382,1.15829,-0.60091,-0.134223,-0.787966,0.629641,0.527795,-0.570075,0.492402,-0.8387,-0.232645
0.763543,0.33806,1.14373,-0.60091,0.143372,-0.786353,0.629641,0.690942,-0.355179,0.492402,-0.70855,-0.505467
0.883514,0.346372,1.21252,-0.825794,0.173553,-0.536604,0.499419,0.667057,-0.552825,0.262001,-0.724509,-0.637528
0.883514,0.218957,1.15809,-0.825794,0.346616,-0.444884,0.499419,0.815906,-0.291338,0.262001,-0.462769,-0.846877
0.883514,0.11784,1.06337,-0.825794,0.477872,-0.299504,0.499419,0.866344,0.00528789,0.262001,-0.145212,-0.95408
0.883514,0.0552193,0.939773,-0.825794,0.551489,-0.118,0.499419,0.812289,0.301276,0.262001,0.18986,-0.946207
0.883514,0.0386467,0.802215,-0.825794,0.558588,0.0777363,0.499419,0.660259,0.560926,0.262001,0.502033,-0.824208
0.883514,0.0701214,0.667284,-0.825794,0.498314,0.264097,0.499419,0.428593,0.75292,0.262001,0.753652,-0.602797
0.883514,0.145847,0.551255,-0.825794,0.377936,0.418603,0.499419,0.145232,0.854101,0.262001,0.91437,-0.30868
0.883514,0.25669,0.468123,-0.825794,0.211973,0.52262,0.499419,-0.155647,0.852264,0.262001,0.964801,0.0226689
0.883514,0.389281,0.427916,-0.825794,0.0204426,0.563601,0.499419,-0.437752,0.747632,0.262001,0.898864,0.351283
0.883514,0.527628,0.435482,-0.825794,-0.173553,0.536604,0.499419,-0.667057,0.552825,0.262001,0.724509,0.637528
0.883514,0.655043,0.489909,-0.825794,-0.346616,0.444884,0.499419,-0.815906,0.291338,0.262001,0.462769,0.846877
0.883514,0.75616,0.584632,-0.825794,-0.477872,0.299504,0.499419,-0.866344,-0.00528789,0.262001,0.145212,0.95408
0.883514,0.818781,0.708227,-0.825794,-0.551489,0.118,0.499419,-0.812289,-0.301276,0.262001,-0.18986,0.946207
0.883514,0.835353,0.845785,-0.825794,-0.558588,-0.0777363,0.499419,-0.660259,-0.560926,0.262001,-0.502033,0.824208
0.883514,0.803879,0.980716,-0.825794,-0.498314,-0.264097,0.499419,-0.428593,-0.75292,0.262001,-0.753652,0.602797
0.883514,0.728153,1.09675,-0.825794,-0.377936,-0.418603,0.499419,-0.145232,-0.854101,0.262001,-0.91437,0.30868
0.883514,0.61731,1.17988,-0.825794,-0.211973,-0.52262,0.499419,0.155647,-0.852264,0.262001,-0.964801,-0.0226689
0.883514,0.484719,1.22008,-0.825794,-0.0204426,-0.563601,0.499419,0.437752,-0.747632,0.262001,-0.898864,-0.351283
0.883514,0.346372,1.21252,-0.825794,0.173553,-0.536604,0.499419,0.667057,-0.552825,0.262001,-0.724509,-0.637528
0.875863,0.397501,0.429725,0.985232,0.144504,-0.0918553,-0.00862081,0.577634,0.81625,0.17101,-0.803403,0.570349
0.875863,0.534733,0.439994,0.985232,0.167206,-0.0368925,-0.00862081,0.263625,0.964587,0.17101,-0.950023,0.261173
0.875863,0.660177,0.496579,0.985232,0.16974,0.02252,-0.00862081,-0.0821818,0.99658,0.17101,-0.982056,-0.0795048
0.875863,0.758703,0.592656,0.985232,0.151801,0.0792164,-0.00862081,-0.418076,0.908371,0.17101,-0.895639,-0.410593
0.875863,0.818426,0.716636,0.985232,0.115553,0.126358,-0.00862081,-0.703544,0.710599,0.17101,-0.701194,-0.692158
0.875863,0.832144,0.853567,0.985232,0.065367,0.158259,-0.00862081,-0.904155,0.427119,0.17101,-0.422175,-0.890238
0.875863,0.798201,0.986931,0.985232,0.00729712,0.171072,-0.00862081,-0.99571,0.0921211,0.17101,-0.0922354,-0.980942
0.875863,0.720693,1.10064,0.985232,-0.0516529,0.163251,-0.00862081,-0.967169,-0.253988,0.17101,0.248829,-0.953331
0.875863,0.608966,1.18099,0.985232,-0.104373,0.135739,-0.00862081,-0.821973,-0.569462,0.17101,0.559881,-0.810733
0.875863,0.476499,1.21827,0.985232,-0.144504,0.0918553,-0.00862081,-0.577634,-0.81625,0.17101,0.803403,-0.570349
0.875863,0.339267,1.20801,0.985232,-0.167206,0.0368925,-0.00862081,-0.263625,-0.964587,0.17101,0.950023,-0.261173
0.875863,0.213823,1.15142,0.985232,-0.16974,-0.02252,-0.00862081,0.0821818,-0.99658,0.17101,0.982056,0.0795048
0.875863,0.115297,1.05534,0.985232,-0.151801,-0.0792164,-0.00862081,0.418076,-0.908371,0.17101,0.895639,0.410593
0.875863,0.055574,0.931364,0.985232,-0.115553,-0.126358,-0.00862081,0.703544,-0.710599,0.17101,0.701194,0.692158
0.875863,0.0418563,0.794433,0.985232,-0.065367,-0.158259,-0.00862081,0.904155,-0.427119,0.17101,0.422175,0.890238
0.875863,0.0757987,0.661069,0.985232,-0.00729712,-0.171072,-0.00862081,0.99571,-0.0921211,0.17101,0.0922354,0.980942
0.875863,0.153307,0.547357,0.985232,0.0516529,-0.163251,-0.00862081,0.967169,0.253988,0.17101,-0.248829,0.953331
0.875863,0.265034,0.467012,0.985232,0.104373,-0.135739,-0.00862081,0.821973,0.569462,0.17101,-0.559881,0.810733
0.875863,0.397501,0.429725,0.985232,0.144504,-0.0918553,-0.00862081,0.577634,0.81625,0.17101,-0.803403,0.570349
0.749059,0.406282,0.502386,0.900555,0.104611,-0.421969,0.292759,0.571624,0.766511,0.321393,-0.81382,0.484153
0.749059,0.518133,0.511276,0.900555,0.242624,-0.360742,0.292759,0.274988,0.915791,0.321393,-0.930331,0.176612
0.749059,0.620198,0.557884,0.900555,0.351373,-0.256004,0.292759,-0.0548145,0.954614,0.321393,-0.93463,-0.152231
0.749059,0.700167,0.636591,0.900555,0.417741,-0.120389,0.292759,-0.378006,0.878296,0.321393,-0.826198,-0.462712
0.749059,0.748394,0.737901,0.900555,0.433724,0.0297477,0.292759,-0.655604,0.696043,0.321393,-0.618116,-0.717384
0.749059,0.759062,0.849597,0.900555,0.397392,0.176296,0.292759,-0.854127,0.429836,0.321393,-0.335479,-0.885528
0.749059,0.730885,0.958205,0.900555,0.31313,0.30158,0.292759,-0.94963,0.111785,0.321393,-0.0123785,-0.946865
0.749059,0.667261,1.05063,0.900555,0.1911,0.390489,0.292759,-0.930593,-0.219749,0.321393,0.312215,-0.893996
0.749059,0.575864,1.11571,0.900555,0.0460196,0.4323,0.292759,-0.799313,-0.524778,0.321393,0.599151,-0.733297
0.749059,0.467718,1.14561,0.900555,-0.104611,0.421969,0.292759,-0.571624,-0.766511,0.321393,0.81382,-0.484153
0.749059,0.355867,1.13672,0.900555,-0.242624,0.360742,0.292759,-0.274988,-0.915791,0.321393,0.930331,-0.176612
0.749059,0.253802,1.09012,0.900555,-0.351373,0.256004,0.292759,0.0548145,-0.954614,0.321393,0.93463,0.152231
0.749059,0.173833,1.01141,0.900555,-0.417741,0.120389,0.292759,0.378006,-0.878296,0.321393,0.826198,0.462712
0.749059,0.125606,0.910099,0.900555,-0.433724,-0.0297477,0.292759,0.655604,-0.696043,0.321393,0.618116,0.717384
0.749059,0.114938,0.798403,0.900555,-0.397392,-0.176296,0.292759,0.854127,-0.429836,0.321393,0.335479,0.885528
0.749059,0.143115,0.689795,0.900555,-0.31313,-0.30158,0.292759,0.94963,-0.111785,0.321393,0.0123785,0.946865
0.749059,0.206739,0.597375,0.900555,-0.1911,-0.390489,0.292759,0.930593,0.219749,0.321393,-0.312215,0.893996
0.749059,0.298136,0.532288,0.900555,-0.0460196,-0.4323,0.292759,0.799313,0.524778,0.321393,-0.599151,0.733297
0.749059,0.406282,0.502386,0.900555,0.104611,-0.421969,0.292759,0.571624,0.766511,0.321393,-0.81382,0.484153
0.654934,0.419737,0.613721,0.707258,0.0705986,-0.703422,0.558827,0.553609,0.617438,0.433011,-0.829779,0.352092
0.654934,0.492697,0.620498,0.707258,0.306925,-0.636854,0.558827,0.309046,0.769547,0.433011,-0.90016,0.0470569
0.654934,0.55894,0.651821,0.707258,0.506232,-0.493472,0.558827,0.0272076,0.828838,0.433011,-0.861968,-0.263654
0.654934,0.610475,0.70391,0.707258,0.64448,-0.290571,0.558827,-0.257912,0.788158,0.433011,-0.71981,-0.542564
0.654934,0.641086,0.770484,0.707258,0.704994,-0.0526219,0.558827,-0.511924,0.652415,0.433011,-0.490832,-0.756033
0.654934,0.647082,0.843513,0.707258,0.680476,0.191674,0.558827,-0.704191,0.437981,0.433011,-0.202653,-0.878313
0.654934,0.627738,0.914189,0.707258,0.573882,0.412851,0.558827,-0.811521,0.17072,0.433011,0.109969,-0.894656
0.654934,0.585389,0.973986,0.707258,0.398069,0.584232,0.558827,-0.82097,-0.117132,0.433011,0.409327,-0.80309
0.654934,0.525142,1.01569,0.707258,0.174243,0.685146,0.558827,-0.731398,-0.390856,0.433011,0.659315,-0.614659
0.654934,0.454263,1.03428,0.707258,-0.0705986,0.703422,0.558827,-0.553609,-0.617438,0.433011,0.829779,-0.352092
0.654934,0.381303,1.0275,0.707258,-0.306925,0.636854,0.558827,-0.309046,-0.769547,0.433011,0.90016,-0.0470569
0.654934,0.31506,0.996179,0.707258,-0.506232,0.493472,0.558827,-0.0272076,-0.828838,0.433011,0.861968,0.263654
0.654934,0.263525,0.94409,0.707258,-0.64448,0.290571,0.558827,0.257912,-0.788158,0.433011,0.71981,0.542564
0.654934,0.232914,0.877516,0.707258,-0.704994,0.0526219,0.558827,0.511924,-0.652415,0.433011,0.490832,0.756033
0.654934,0.226918,0.804487,0.707258,-0.680476,-0.191674,0.558827,0.704191,-0.437981,0.433011,0.202653,0.878313
0.654934,0.246262,0.733811,0.707258,-0.573882,-0.412851,0.558827,0.811521,-0.17072,0.433011,-0.109969,0.894656
0.654934,0.288611,0.674014,0.707258,-0.398069,-0.584232,0.558827,0.82097,0.117132,0.433011,-0.409327,0.80309
