0.658953,0.181851,0.928281,0.308961,-0.073235,0.948251,0.951075,0.0237944,-0.308043,-3.49349e-06,0.997031,0.0770035
0.907818,0.158747,0.617156,0.92986,0.306868,-0.202962,-0.179072,0.859389,0.478941,0.321394,-0.409003,0.854062
0.907818,0.285365,0.554756,0.92986,0.357778,-0.0857668,-0.179072,0.643754,0.743985,0.321394,-0.676443,0.662669
0.907818,0.42569,0.539425,0.92986,0.365536,0.041773,-0.179072,0.350473,0.919294,0.321394,-0.862295,0.391348
0.907818,0.562795,0.573013,0.92986,0.329204,0.164274,-0.179072,0.0149197,0.983723,0.321394,-0.944141,0.0728245
0.907818,0.680144,0.651467,0.92986,0.253165,0.266962,-0.179072,-0.322433,0.9295,0.321394,-0.91211,-0.254483
0.907818,0.763583,0.765326,0.92986,0.146591,0.33745,-0.179072,-0.620896,0.763166,0.321394,-0.770065,-0.551095
0.907818,0.803048,0.900857,0.92986,0.0223362,0.367236,-0.179072,-0.844469,0.504782,0.321394,-0.535138,-0.781238
0.907818,0.793779,1.04171,0.92986,-0.104613,0.352728,-0.179072,-0.966187,0.185515,0.321394,-0.235666,-0.917152
0.907818,0.736893,1.1709,0.92986,-0.218944,0.295677,-0.179072,-0.971369,-0.156129,0.321394,0.0922302,-0.942443
0.907818,0.639253,1.27284,0.92986,-0.306868,0.202962,-0.179072,-0.859389,-0.478941,0.321394,0.409003,-0.854062
0.907818,0.512635,1.33524,0.92986,-0.357778,0.0857668,-0.179072,-0.643754,-0.743985,0.321394,0.676443,-0.662669
0.907818,0.37231,1.35057,0.92986,-0.365536,-0.041773,-0.179072,-0.350473,-0.919294,0.321394,0.862295,-0.391348
0.907818,0.235205,1.31699,0.92986,-0.329204,-0.164274,-0.179072,-0.0149197,-0.983723,0.321394,0.944141,-0.0728245
0.907818,0.117856,1.23853,0.92986,-0.253165,-0.266962,-0.179072,0.322433,-0.9295,0.321394,0.91211,0.254483
0.907818,0.034417,1.12467,0.92986,-0.146591,-0.33745,-0.179072,0.620896,-0.763166,0.321394,0.770065,0.551095
0.907818,-0.00504798,0.989143,0.92986,-0.0223362,-0.367236,-0.179072,0.844469,-0.504782,0.321394,0.535138,0.781238
0.907818,0.00422121,0.848289,0.92986,0.104613,-0.352728,-0.179072,0.966187,-0.185515,0.321394,0.235666,0.917152
0.907818,0.0611066,0.719099,0.92986,0.218944,-0.295677,-0.179072,0.971369,0.156129,0.321394,-0.0922302,0.942443
0.907818,0.158747,0.617156,0.92986,0.306868,-0.202962,-0.179072,0.859389,0.478941,0.321394,-0.409003,0.854062
0.809114,0.15436,0.673952,0.796489,0.330307,-0.50646,-0.0275851,0.856583,0.515272,0.604023,-0.396438,0.691371
0.809114,0.261818,0.606627,0.796489,0.483607,-0.362945,-0.0275851,0.628691,0.777166,0.604023,-0.608992,0.514086
0.809114,0.385821,0.580114,0.796489,0.578576,-0.175653,-0.0275851,0.32497,0.945322,0.604023,-0.748093,0.274795
0.809114,0.511414,0.597612,0.796489,0.603761,0.0328246,-0.0275851,-0.0179469,0.999458,0.604023,-0.796963,0.00236027
0.809114,0.623449,0.65701,0.796489,0.556123,0.237343,-0.0275851,-0.358699,0.933045,0.604023,-0.749708,-0.27036
0.809114,0.708411,0.751144,0.796489,0.441408,0.413235,-0.0275851,-0.656188,0.754093,0.604023,-0.612027,-0.51047
0.809114,0.756054,0.86866,0.796489,0.273453,0.539285,-0.0275851,-0.87453,0.484187,0.604023,-0.400526,-0.68901
0.809114,0.760631,0.995383,0.796489,0.072516,0.600288,-0.0275851,-0.987391,0.15588,0.604023,-0.140716,-0.784446
0.809114,0.72159,1.11603,0.796489,-0.137168,0.588888,-0.0275851,-0.981158,-0.191228,0.604023,0.136067,-0.785266
0.809114,0.64364,1.21605,0.796489,-0.330307,0.50646,-0.0275851,-0.856583,-0.515272,0.604023,0.396438,-0.691371
0.809114,0.536182,1.28337,0.796489,-0.483607,0.362945,-0.0275851,-0.628691,-0.777166,0.604023,0.608992,-0.514086
0.809114,0.412179,1.30989,0.796489,-0.578576,0.175653,-0.0275851,-0.32497,-0.945322,0.604023,0.748093,-0.274795
0.809114,0.286586,1.29239,0.796489,-0.603761,-0.0328246,-0.0275851,0.0179469,-0.999458,0.604023,0.796963,-0.00236027
0.809114,0.174551,1.23299,0.796489,-0.556123,-0.237343,-0.0275851,0.358699,-0.933045,0.604023,0.749708,0.27036
0.809114,0.089589,1.13886,0.796489,-0.441408,-0.413235,-0.0275851,0.656188,-0.754093,0.604023,0.612027,0.51047
0.809114,0.041946,1.02134,0.796489,-0.273453,-0.539285,-0.0275851,0.87453,-0.484187,0.604023,0.400526,0.68901
0.809114,0.0373691,0.894617,0.796489,-0.072516,-0.600288,-0.0275851,0.987391,-0.15588,0.604023,0.140716,0.784446
0.809114,0.0764102,0.77397,0.796489,0.137168,-0.588888,-0.0275851,0.981158,0.191228,0.604023,-0.136067,0.785266
0.809114,0.15436,0.673952,0.796489,0.330307,-0.50646,-0.0275851,0.856583,0.515272,0.604023,-0.396438,0.691371
0.735846,0.147639,0.760982,0.567051,0.348821,-0.746175,0.127229,0.857936,0.497754,0.813797,-0.377187,0.442113
0.735846,0.225736,0.686109,0.567051,0.582991,-0.581871,0.127229,0.635954,0.761167,0.813797,-0.505652,0.286445
0.735846,0.324731,0.642462,0.567051,0.746844,-0.347385,0.127229,0.337267,0.932772,0.813797,-0.573127,0.0962271
0.735846,0.432684,0.635306,0.567051,0.820617,-0.0709997,0.127229,-0.00209957,0.991871,0.813797,-0.571475,-0.105597
0.735846,0.536574,0.665503,0.567051,0.795411,0.21395,0.127229,-0.341213,0.931336,0.813797,-0.500894,-0.294685
0.735846,0.623871,0.729412,0.567051,0.674267,0.473094,0.127229,-0.639171,0.758468,0.813797,-0.369899,-0.448229
0.735846,0.684045,0.819324,0.567051,0.471796,0.675175,0.127229,-0.860035,0.494117,0.813797,-0.194288,-0.54771
0.735846,0.709838,0.924394,0.567051,0.21242,0.795821,0.127229,-0.977167,0.170169,0.813797,0.00475726,-0.581129
0.735846,0.69814,1.03195,0.567051,-0.0725776,0.820479,0.127229,-0.976438,-0.174304,0.813797,0.203228,-0.544456
0.735846,0.650361,1.12902,0.567051,-0.348821,0.746175,0.127229,-0.857936,-0.497754,0.813797,0.377187,-0.442113
0.735846,0.572264,1.20389,0.567051,-0.582991,0.581871,0.127229,-0.635954,-0.761167,0.813797,0.505652,-0.286445
0.735846,0.473269,1.24754,0.567051,-0.746844,0.347385,0.127229,-0.337267,-0.932772,0.813797,0.573127,-0.0962271
0.735846,0.365316,1.25469,0.567051,-0.820617,0.0709997,0.127229,0.00209957,-0.991871,0.813797,0.571475,0.105597
0.735846,0.261426,1.2245,0.567051,-0.795411,-0.21395,0.127229,0.341213,-0.931336,0.813797,0.500894,0.294685
0.735846,0.174129,1.16059,0.567051,-0.674267,-0.473094,0.127229,0.639171,-0.758468,0.813797,0.369899,0.448229
0.735846,0.113955,1.07068,0.567051,-0.471796,-0.675175,0.127229,0.860035,-0.494117,0.813797,0.194288,0.54771
0.735846,0.0881617,0.965606,0.567051,-0.21242,-0.795821,0.127229,0.977167,-0.170169,0.813797,-0.00475726,0.581129
0.735846,0.09986,0.85805,0.567051,0.0725776,-0.820479,0.127229,0.976438,0.174304,0.813797,-0.203228,0.544456
0.735846,0.147639,0.760982,0.567051,0.348821,-0.746175,0.127229,0.857936,0.497754,0.813797,-0.377187,0.442113
0.696852,0.139393,0.867748,0.269218,0.360175,-0.893194,0.266698,0.863284,0.4285,0.925416,-0.353573,0.136353
0.696852,0.181471,0.783616,0.269218,0.643945,-0.71614,0.266698,0.664666,0.697919,0.925416,-0.378885,0.00720136
0.696852,0.249786,0.718949,0.269218,0.850044,-0.45271,0.266698,0.38588,0.883159,0.925416,-0.358499,-0.122819
0.696852,0.336099,0.681548,0.269218,0.953616,-0.134676,0.266698,0.0605502,0.961876,0.925416,-0.294872,-0.238026
0.696852,0.429998,0.675922,0.269218,0.942168,0.199602,0.266698,-0.272082,0.924577,0.925416,-0.195679,-0.324524
0.696852,0.520159,0.702752,0.269218,0.81708,0.509805,0.266698,-0.571898,0.775761,0.925416,-0.0728847,-0.371879
0.696852,0.595706,0.7588,0.269218,0.593441,0.758518,0.266698,-0.802734,0.533376,0.925416,0.0587008,-0.37438
0.696852,0.647527,0.837307,0.269218,0.298224,0.915743,0.266698,-0.936749,0.226658,0.925416,0.183206,-0.331725
0.696852,0.669372,0.928803,0.269218,-0.0329639,0.962515,0.266698,-0.957778,-0.107398,0.925416,0.285614,-0.249059
0.696852,0.658607,1.02225,0.269218,-0.360175,0.893194,0.266698,-0.863284,-0.4285,0.925416,0.353573,-0.136353
0.696852,0.616529,1.10638,0.269218,-0.643945,0.71614,0.266698,-0.664666,-0.697919,0.925416,0.378885,-0.00720136
0.696852,0.548214,1.17105,0.269218,-0.850044,0.45271,0.266698,-0.38588,-0.883159,0.925416,0.358499,0.122819
0.696852,0.461901,1.20845,0.269218,-0.953616,0.134676,0.266698,-0.0605502,-0.961876,0.925416,0.294872,0.238026
0.696852,0.368002,1.21408,0.269218,-0.942168,-0.199602,0.266698,0.272082,-0.924577,0.925416,0.195679,0.324524
0.696852,0.277841,1.18725,0.269218,-0.81708,-0.509805,0.266698,0.571898,-0.775761,0.925416,0.0728847,0.371879
0.696852,0.202294,1.1312,0.269218,-0.593441,-0.758518,0.266698,0.802734,-0.533376,0.925416,-0.0587008,0.37438
0.696852,0.150473,1.05269,0.269218,-0.298224,-0.915743,0.266698,0.936749,-0.226658,0.925416,-0.183206,0.331725
0.696852,0.128628,0.961197,0.269218,0.0329639,-0.962515,0.266698,0.957778,0.107398,0.925416,-0.285614,0.249059
0.696852,0.139393,0.867748,0.269218,0.360175,-0.893194,0.266698,0.863284,0.4285,0.925416,-0.353573,0.136353
0.696834,0.130618,0.981372,-0.061087,0.363001,-0.929784,0.373999,0.871984,0.315863,0.925415,-0.328443,-0.189029
0.696834,0.134363,0.887386,-0.061087,0.659115,-0.749557,0.373999,0.711365,0.59505,0.925415,-0.243984,-0.289963
0.696834,0.170028,0.80035,-0.061087,0.875729,-0.478923,0.373999,0.464945,0.802466,0.925415,-0.130096,-0.355924
0.696834,0.23331,0.73076,-0.061087,0.986717,-0.150524,0.373999,0.162446,0.913092,0.925415,-0.000517584,-0.378954
0.696834,0.316576,0.687011,-0.061087,0.978693,0.196031,0.373999,-0.159646,0.913585,0.925415,0.129124,-0.356278
0.696834,0.409785,0.674379,-0.061087,0.852624,0.518942,0.373999,-0.462483,0.803887,0.925415,0.243191,-0.290629
0.696834,0.501692,0.694388,-0.061087,0.623716,0.77926,0.373999,-0.709537,0.597228,0.925415,0.327925,-0.189925
0.696834,0.581213,0.744625,-0.061087,0.319578,0.945589,0.373999,-0.871011,0.318535,0.925415,0.373107,-0.0663145
0.696834,0.638757,0.819029,-0.061087,-0.0231049,0.997865,0.373999,-0.927428,0.00142141,0.925415,0.373287,0.065295
0.696834,0.667382,0.908628,-0.061087,-0.363001,0.929784,0.373999,-0.871984,-0.315863,0.925415,0.328443,0.189029
0.696834,0.663637,1.00261,-0.061087,-0.659115,0.749557,0.373999,-0.711365,-0.59505,0.925415,0.243984,0.289963
0.696834,0.627972,1.08965,-0.061087,-0.875729,0.478923,0.373999,-0.464945,-0.802466,0.925415,0.130096,0.355924
0.696834,0.56469,1.15924,-0.061087,-0.986717,0.150524,0.373999,-0.162446,-0.913092,0.925415,0.000517584,0.378954
0.696834,0.481424,1.20299,-0.061087,-0.978693,-0.196031,0.373999,0.159646,-0.913585,0.925415,-0.129124,0.356278
0.696834,0.388215,1.21562,-0.061087,-0.852624,-0.518942,0.373999,0.462483,-0.803887,0.925415,-0.243191,0.290629
0.696834,0.296308,1.19561,-0.061087,-0.623716,-0.77926,0.373999,0.709537,-0.597228,0.925415,-0.327925,0.189925
0.696834,0.216787,1.14538,-0.061087,-0.319578,-0.945589,0.373999,0.871011,-0.318535,0.925415,-0.373107,0.0663145
0.696834,0.159243,1.07097,-0.061087,0.0231049,-0.997865,0.373999,0.927428,-0.00142141,0.925415,-0.373287,-0.065295
0.696834,0.130618,0.981372,-0.061087,0.363001,-0.929784,0.373999,0.871984,0.315863,0.925415,-0.328443,-0.189029
0.735794,0.122371,1.08815,-0.384024,0.356958,-0.851532,0.43619,0.882984,0.173429,0.813796,-0.304829,-0.494788
0.735794,0.0900937,0.984904,-0.384024,0.626672,-0.678092,0.43619,0.770417,0.464969,0.813796,-0.117218,-0.569206
0.735794,0.0950749,0.876846,-0.384024,0.8208,-0.422863,0.43619,0.564927,0.700426,0.813796,0.0845315,-0.57497
0.735794,0.136714,0.777007,-0.384024,0.915927,-0.116631,0.43619,0.291298,0.851401,0.813796,0.276085,-0.511383
0.735794,0.209989,0.697432,-0.384024,0.90058,0.203668,0.43619,-0.0174661,0.899685,0.813796,0.434338,-0.386117
0.735794,0.306061,0.647716,-0.384024,0.77661,0.499402,0.43619,-0.324123,0.839454,0.813796,0.540204,-0.214278
0.735794,0.413343,0.633857,-0.384024,0.558969,0.734901,0.43619,-0.591686,0.677972,0.813796,0.580914,-0.0165952
0.735794,0.518895,0.657527,-0.384024,0.273909,0.881759,0.43619,-0.787883,0.434716,0.813796,0.551556,0.18309
0.735794,0.609986,0.71587,-0.384024,-0.0441896,0.922265,0.43619,-0.88905,0.139028,0.813796,0.455673,0.360691
0.735794,0.675629,0.80185,-0.384024,-0.356958,0.851532,0.43619,-0.882984,-0.173429,0.813796,0.304829,0.494788
0.735794,0.707906,0.905096,-0.384024,-0.626672,0.678092,0.43619,-0.770417,-0.464969,0.813796,0.117218,0.569206
0.735794,0.702925,1.01315,-0.384024,-0.8208,0.422863,0.43619,-0.564927,-0.700426,0.813796,-0.0845315,0.57497
0.735794,0.661286,1.11299,-0.384024,-0.915927,0.116631,0.43619,-0.291298,-0.851401,0.813796,-0.276085,0.511383
0.735794,0.588011,1.19257,-0.384024,-0.90058,-0.203668,0.43619,0.0174661,-0.899685,0.813796,-0.434338,0.386117
0.735794,0.491939,1.24228,-0.384024,-0.77661,-0.499402,0.43619,0.324123,-0.839454,0.813796,-0.540204,0.214278
0.735794,0.384657,1.25614,-0.384024,-0.558969,-0.734901,0.43619,0.591686,-0.677972,0.813796,-0.580914,0.0165952
0.735794,0.279105,1.23247,-0.384024,-0.273909,-0.881759,0.43619,0.787883,-0.434716,0.813796,-0.551556,-0.18309
0.735794,0.188014,1.17413,-0.384024,0.0441896,-0.922265,0.43619,0.88905,-0.139028,0.813796,-0.455673,-0.360691
0.735794,0.122371,1.08815,-0.384024,0.356958,-0.851532,0.43619,0.882984,0.173429,0.813796,-0.304829,-0.494788
0.809034,0.115648,1.1752,-0.660642,0.342774,-0.667876,0.44577,0.894959,0.0183778,0.604021,-0.285578,-0.744045
0.809034,0.0540021,1.06441,-0.660642,0.550529,-0.510363,0.44577,0.834701,0.323363,0.604021,-0.0138771,-0.796847
0.809034,0.0339681,0.93921,-0.660642,0.691883,-0.291292,0.44577,0.673765,0.589347,0.604021,0.259498,-0.753538
0.809034,0.0579624,0.814711,-0.660642,0.749785,-0.0370873,0.44577,0.431564,0.784246,0.604021,0.501573,-0.619341
0.809034,0.123091,0.705927,-0.660642,0.717252,0.221591,0.44577,0.137309,0.884554,0.604021,0.683152,-0.410442
0.809034,0.221498,0.625978,-0.660642,0.598208,0.453542,0.44577,-0.173507,0.878171,0.604021,0.782332,-0.152037
0.809034,0.341314,0.584508,-0.660642,0.407011,0.630789,0.44577,-0.463395,0.765868,0.604021,0.787151,0.124705
0.809034,0.468089,0.586519,-0.660642,0.166723,0.731954,0.44577,-0.697391,0.56119,0.604021,0.697029,0.386406
0.809034,0.58653,0.631768,-0.660642,-0.0936749,0.744834,0.44577,-0.847272,0.288824,0.604021,0.522834,0.601501
0.809034,0.682352,0.714797,-0.660642,-0.342774,0.667876,0.44577,-0.894959,-0.0183778,0.604021,0.285578,0.744045
0.809034,0.743998,0.825592,-0.660642,-0.550529,0.510363,0.44577,-0.834701,-0.323363,0.604021,0.0138771,0.796847
0.809034,0.764032,0.95079,-0.660642,-0.691883,0.291292,0.44577,-0.673765,-0.589347,0.604021,-0.259498,0.753538
0.809034,0.740038,1.07529,-0.660642,-0.749785,0.0370873,0.44577,-0.431564,-0.784246,0.604021,-0.501573,0.619341
0.809034,0.674909,1.18407,-0.660642,-0.717252,-0.221591,0.44577,-0.137309,-0.884554,0.604021,-0.683152,0.410442
0.809034,0.576502,1.26402,-0.660642,-0.598208,-0.453542,0.44577,0.173507,-0.878171,0.604021,-0.782332,0.152037
0.809034,0.456686,1.30549,-0.660642,-0.407011,-0.630789,0.44577,0.463395,-0.765868,0.604021,-0.787151,-0.124705
0.809034,0.329911,1.30348,-0.660642,-0.166723,-0.731954,0.44577,0.697391,-0.56119,0.604021,-0.697029,-0.386406
0.809034,0.21147,1.25823,-0.660642,0.0936749,-0.744834,0.44577,0.847272,-0.288824,0.604021,-0.522834,-0.601501
0.809034,0.115648,1.1752,-0.660642,0.342774,-0.667876,0.44577,0.894959,0.0183778,0.604021,-0.285578,-0.744045
0.90772,0.111259,1.23203,-0.857576,0.32216,-0.400968,0.401584,0.906464,-0.13059,0.321392,-0.273013,-0.906736
0.90772,0.0304417,1.11631,-0.857576,0.439871,-0.266602,0.401584,0.896462,0.187315,0.321392,0.0535736,-0.945429
0.90772,-0.00592212,0.979922,-0.857576,0.504526,-0.100079,0.401584,0.778333,0.482626,0.321392,0.373699,-0.87009
0.90772,0.00655368,0.839324,-0.857576,0.508329,0.0785147,0.401584,0.566326,0.719726,0.321392,0.64875,-0.689805
0.90772,0.0663643,0.711473,-0.857576,0.450819,0.247638,0.401584,0.286012,0.870016,0.321392,0.845553,-0.426319
0.90772,0.166296,0.611788,-0.857576,0.338934,0.386893,0.401584,-0.0287999,0.915369,0.321392,0.940369,-0.111412
0.90772,0.294295,0.552294,-0.857576,0.186169,0.479483,0.401584,-0.340138,0.850316,0.321392,0.921763,0.216932
0.90772,0.434923,0.540165,-0.857576,0.0109485,0.51424,0.401584,-0.61045,0.682701,0.321392,0.791979,0.519111
0.90772,0.571218,0.576866,-0.857576,-0.165592,0.486972,0.401584,-0.807133,0.432743,0.321392,0.566671,0.758677
0.90772,0.686741,0.657969,-0.857576,-0.32216,0.400968,0.401584,-0.906464,0.13059,0.321392,0.273013,0.906736
0.90772,0.767558,0.773693,-0.857576,-0.439871,0.266602,0.401584,-0.896462,-0.187315,0.321392,-0.0535736,0.945429
0.90772,0.803922,0.910078,-0.857576,-0.504526,0.100079,0.401584,-0.778333,-0.482626,0.321392,-0.373699,0.87009
0.90772,0.791446,1.05068,-0.857576,-0.508329,-0.0785147,0.401584,-0.566326,-0.719726,0.321392,-0.64875,0.689805
0.90772,0.731636,1.17853,-0.857576,-0.450819,-0.247638,0.401584,-0.286012,-0.870016,0.321392,-0.845553,0.426319
0.90772,0.631704,1.27821,-0.857576,-0.338934,-0.386893,0.401584,0.0287999,-0.915369,0.321392,-0.940369,0.111412
0.90772,0.503705,1.33771,-0.857576,-0.186169,-0.479483,0.401584,0.340138,-0.850316,0.321392,-0.921763,-0.216932
0.90772,0.363077,1.34983,-0.857576,-0.0109485,-0.51424,0.401584,0.61045,-0.682701,0.321392,-0.791979,-0.519111
0.90772,0.226782,1.31313,-0.857576,0.165592,-0.486972,0.401584,0.807133,-0.432743,0.321392,-0.566671,-0.758677
0.90772,0.111259,1.23203,-0.857576,0.32216,-0.400968,0.401584,0.906464,-0.13059,0.321392,-0.273013,-0.906736
0.883612,0.291687,0.560721,0.961642,0.246653,-0.120031,-0.0812368,0.674027,0.734226,0.262003,-0.696311,0.66821
0.883612,0.42959,0.547192,0.961642,0.272831,-0.0284321,-0.0812368,0.382258,0.920478,0.262003,-0.88286,0.38976
0.883612,0.563803,0.581646,0.961642,0.266101,0.0665961,-0.0812368,0.0443835,0.995706,0.262003,-0.962923,0.0642983
0.883612,0.678139,0.659925,0.961642,0.227276,0.153592,-0.0812368,-0.298845,0.950838,0.262003,-0.926843,-0.268918
0.883612,0.758806,0.772588,0.961642,0.161038,0.222062,-0.0812368,-0.606028,0.791284,0.262003,-0.778972,-0.569699
0.883612,0.796076,0.906047,0.961642,0.0753767,0.263749,-0.0812368,-0.840115,0.53629,0.262003,-0.537145,-0.801766
0.883612,0.785452,1.0442,0.961642,-0.0193764,0.273623,-0.0812368,-0.972872,0.216612,0.262003,-0.230531,-0.937128
0.883612,0.728217,1.1704,0.961642,-0.111792,0.250494,-0.0812368,-0.988286,-0.129193,0.262003,0.103888,-0.959459
0.883612,0.631273,1.2694,0.961642,-0.190725,0.197152,-0.0812368,-0.884499,-0.459416,0.262003,0.425777,-0.866065
0.883612,0.506313,1.32928,0.961642,-0.246653,0.120031,-0.0812368,-0.674027,-0.734226,0.262003,0.696311,-0.66821
0.883612,0.36841,1.34281,0.961642,-0.272831,0.0284321,-0.0812368,-0.382258,-0.920478,0.262003,0.88286,-0.38976
0.883612,0.234197,1.30835,0.961642,-0.266101,-0.0665961,-0.0812368,-0.0443835,-0.995706,0.262003,0.962923,-0.0642983
0.883612,0.119861,1.23008,0.961642,-0.227276,-0.153592,-0.0812368,0.298845,-0.950838,0.262003,0.926843,0.268918
0.883612,0.0391936,1.11741,0.961642,-0.161038,-0.222062,-0.0812368,0.606028,-0.791284,0.262003,0.778972,0.569699
0.883612,0.00192413,0.983953,0.961642,-0.0753767,-0.263749,-0.0812368,0.840115,-0.53629,0.262003,0.537145,0.801766
0.883612,0.0125479,0.845796,0.961642,0.0193764,-0.273623,-0.0812368,0.972872,-0.216612,0.262003,0.230531,0.937128
0.883612,0.0697835,0.719605,0.961642,0.111792,-0.250494,-0.0812368,0.988286,0.129193,0.262003,-0.103888,0.959459
0.883612,0.166727,0.620599,0.961642,0.190725,-0.197152,-0.0812368,0.884499,0.459416,0.262003,-0.425777,0.866065
0.883612,0.291687,0.560721,0.961642,0.246653,-0.120031,-0.0812368,0.674027,0.734226,0.262003,-0.696311,0.66821
0.763622,0.286354,0.62977,0.856221,0.271335,-0.439618,0.156285,0.675046,0.721032,0.492403,-0.686068,0.535583
0.763622,0.400962,0.610254,0.856221,0.405329,-0.320303,0.156285,0.387729,0.908428,0.492403,-0.827874,0.268634
0.763622,0.515334,0.631113,0.856221,0.490435,-0.162356,0.156285,0.0536449,0.986254,0.492403,-0.869825,-0.030716
0.763622,0.615674,0.689831,0.856221,0.516387,0.0151741,0.156285,-0.286909,0.945123,0.492403,-0.806863,-0.326361
0.763622,0.68988,0.779326,0.856221,0.480056,0.190874,0.156285,-0.592857,0.789997,0.492403,-0.646581,-0.582643
0.763622,0.729001,0.888805,0.856221,0.385822,0.343551,0.156285,-0.827299,0.539585,0.492403,-0.408312,-0.768649
0.763622,0.72832,1.00506,0.856221,0.245053,0.454792,0.156285,-0.961955,0.224091,0.492403,-0.120794,-0.861944
0.763622,0.687917,1.11407,0.856221,0.0747262,0.511177,0.156285,-0.980586,-0.118431,0.492403,0.181293,-0.851277
0.763622,0.612667,1.20269,0.856221,-0.104613,0.505907,0.156285,-0.880944,-0.446669,0.492403,0.461513,-0.737933
0.763622,0.511646,1.26023,0.856221,-0.271335,0.439618,0.156285,-0.675046,-0.721032,0.492403,0.686068,-0.535583
0.763622,0.397038,1.27975,0.856221,-0.405329,0.320303,0.156285,-0.387729,-0.908428,0.492403,0.827874,-0.268634
0.763622,0.282666,1.25889,0.856221,-0.490435,0.162356,0.156285,-0.0536449,-0.986254,0.492403,0.869825,0.030716
0.763622,0.182326,1.20017,0.856221,-0.516387,-0.0151741,0.156285,0.286909,-0.945123,0.492403,0.806863,0.326361
0.763622,0.10812,1.11067,0.856221,-0.480056,-0.190874,0.156285,0.592857,-0.789997,0.492403,0.646581,0.582643
0.763622,0.0689986,1.0012,0.856221,-0.385822,-0.343551,0.156285,0.827299,-0.539585,0.492403,0.408312,0.768649
0.763622,0.0696801,0.884939,0.856221,-0.245053,-0.454792,0.156285,0.961955,-0.224091,0.492403,0.120794,0.861944
0.763622,0.110083,0.775927,0.856221,-0.0747262,-0.511177,0.156285,0.980586,0.118431,0.492403,-0.181293,0.851277
0.763622,0.185333,0.687308,0.856221,0.104613,-0.505907,0.156285,0.880944,0.446669,0.492403,-0.461513,0.737933
0.763622,0.286354,0.62977,0.856221,0.271335,-0.439618,0.156285,0.675046,0.721032,0.492403,-0.686068,0.535583
0.674556,0.278183,0.735573,0.647527,0.291752,-0.703982,0.374957,0.682259,0.627638,0.663413,-0.670375,0.332387
0.674556,0.357097,0.706881,0.647527,0.514933,-0.561741,0.374957,0.426449,0.823133,0.663413,-0.74363,0.0830593
0.674556,0.441066,0.70691,0.647527,0.676006,-0.351747,0.374957,0.119203,0.919346,0.663413,-0.727191,-0.176286
0.674556,0.519961,0.735656,0.647527,0.755542,-0.0993261,0.374957,-0.202421,0.904673,0.663413,-0.623043,-0.414369
0.674556,0.584266,0.789652,0.647527,0.743949,0.165075,0.374957,-0.49963,0.780882,0.663413,-0.443746,-0.602472
0.674556,0.626225,0.862385,0.647527,0.642624,0.409565,0.374957,-0.736576,0.562906,0.663413,-0.210927,-0.717909
0.674556,0.640778,0.945083,0.647527,0.46379,0.604655,0.374957,-0.88468,0.277035,0.663413,0.0473325,-0.746755
0.674556,0.626169,1.02777,0.647527,0.229016,0.726816,0.374957,-0.926079,-0.0422506,0.663413,0.299883,-0.685532
0.674556,0.584159,1.10048,0.647527,-0.0333814,0.761311,0.374957,-0.855779,-0.35644,0.663413,0.516264,-0.541623
0.674556,0.519817,1.15443,0.647527,-0.291752,0.703982,0.374957,-0.682259,-0.627638,0.663413,0.670375,-0.332387
0.674556,0.440903,1.18312,0.647527,-0.514933,0.561741,0.374957,-0.426449,-0.823133,0.663413,0.74363,-0.0830593
0.674556,0.356934,1.18309,0.647527,-0.676006,0.351747,0.374957,-0.119203,-0.919346,0.663413,0.727191,0.176286
0.674556,0.278039,1.15434,0.647527,-0.755542,0.0993261,0.374957,0.202421,-0.904673,0.663413,0.623043,0.414369
0.674556,0.213734,1.10035,0.647527,-0.743949,-0.165075,0.374957,0.49963,-0.780882,0.663413,0.443746,0.602472
0.674556,0.171775,1.02762,0.647527,-0.642624,-0.409565,0.374957,0.736576,-0.562906,0.663413,0.210927,0.717909
0.674556,0.157222,0.944917,0.647527,-0.46379,-0.604655,0.374957,0.88468,-0.277035,0.663413,-0.0473325,0.746755
0.674556,0.171831,0.862229,0.647527,-0.229016,-0.726816,0.374957,0.926079,0.0422506,0.663413,-0.299883,0.685532
0.674556,0.213841,0.789525,0.647527,0.0333814,-0.761311,0.374957,0.855779,0.35644,0.663413,-0.516264,0.541623
0.674556,0.278183,0.735573,0.647527,0.291752,-0.703982,0.374957,0.682259,0.627638,0.663413,-0.670375,0.332387
0.627155,0.268159,0.865366,0.360731,0.305442,-0.881237,0.548404,0.694796,0.465308,0.754404,-0.651125,0.0831294
0.627155,0.303286,0.825419,0.360731,0.588422,-0.723624,0.548404,0.49375,0.674881,0.754404,-0.640289,-0.144582
0.627155,0.349957,0.799894,0.360731,0.80043,-0.478732,0.548404,0.233151,0.803053,0.754404,-0.552225,-0.354854
0.627155,0.402544,0.791871,0.360731,0.915894,-0.176098,0.548404,-0.0555702,0.834365,0.754404,-0.397554,-0.522326
0.627155,0.454703,0.802318,0.360731,0.920888,0.147776,0.548404,-0.337589,0.765041,0.754404,-0.194933,-0.626797
0.627155,0.500144,0.829975,0.360731,0.814809,0.453827,0.548404,-0.578889,0.603441,0.754404,0.0312002,-0.655668
0.627155,0.533385,0.871505,0.360731,0.610453,0.705139,0.548404,-0.750367,0.369057,0.754404,0.25357,-0.605455
0.627155,0.550418,0.9219,0.360731,0.332466,0.871401,0.548404,-0.831339,0.0901601,0.754404,0.445356,-0.482216
0.627155,0.549187,0.975081,0.360731,0.0143793,0.932559,0.548404,-0.81204,-0.199612,0.754404,0.583425,-0.300814
0.627155,0.529841,1.02463,0.360731,-0.305442,0.881237,0.548404,-0.694796,-0.465308,0.754404,0.651125,-0.0831294
0.627155,0.494714,1.06458,0.360731,-0.588422,0.723624,0.548404,-0.49375,-0.674881,0.754404,0.640289,0.144582
0.627155,0.448043,1.09011,0.360731,-0.80043,0.478732,0.548404,-0.233151,-0.803053,0.754404,0.552225,0.354854
0.627155,0.395456,1.09813,0.360731,-0.915894,0.176098,0.548404,0.0555702,-0.834365,0.754404,0.397554,0.522326
0.627155,0.343297,1.08768,0.360731,-0.920888,-0.147776,0.548404,0.337589,-0.765041,0.754404,0.194933,0.626797
0.627155,0.297856,1.06003,0.360731,-0.814809,-0.453827,0.548404,0.578889,-0.603441,0.754404,-0.0312002,0.655668
0.627155,0.264615,1.0185,0.360731,-0.610453,-0.705139,0.548404,0.750367,-0.369057,0.754404,-0.25357,0.605455
0.627155,0.247582,0.9681,0.360731,-0.332466,-0.871401,0.548404,0.831339,-0.0901601,0.754404,-0.445356,0.482216
0.627155,0.248813,0.914919,0.360731,-0.0143793,-0.932559,0.548404,0.81204,0.199612,0.754404,-0.583425,0.300814
0.627155,0.268159,0.865366,0.360731,0.305442,-0.881237,0.548404,0.694796,0.465308,0.754404,-0.651125,0.0831294
0.627137,0.257491,1.0035,0.0304265,0.310753,-0.950004,0.655705,0.711145,0.253621,0.754404,-0.630639,-0.182124
0.627137,0.246018,0.95157,0.0304265,0.616932,-0.786428,0.655705,0.581514,0.481552,0.754404,-0.530316,-0.386832
0.627137,0.252997,0.898851,0.0304265,0.848701,-0.527997,0.655705,0.381744,0.651401,0.754404,-0.36603,-0.544882
0.627137,0.277586,0.851698,0.0304265,0.978104,-0.205882,0.655705,0.13593,0.74268,0.754404,-0.157595,-0.637211
0.627137,0.316819,0.815798,0.0304265,0.989533,0.141065,0.655705,-0.126279,0.744382,0.754404,0.0698482,-0.652683
0.627137,0.365965,0.795483,0.0304265,0.881609,0.470998,0.655705,-0.373257,0.6563,0.754404,0.288867,-0.589432
0.627137,0.419095,0.793201,0.0304265,0.667351,0.744122,0.655705,-0.575215,0.489059,0.754404,0.473044,-0.455087
0.627137,0.469802,0.809228,0.0304265,0.3726,0.927493,0.655705,-0.707793,0.26283,0.754404,0.600165,-0.265851
0.627137,0.511968,0.841632,0.0304265,0.0329083,0.998995,0.655705,-0.755002,0.00489992,0.754404,0.654897,-0.0445502
0.627137,0.540509,0.886503,0.0304265,-0.310753,0.950004,0.655705,-0.711145,-0.253621,0.754404,0.630639,0.182124
0.627137,0.551982,0.93843,0.0304265,-0.616932,0.786428,0.655705,-0.581514,-0.481552,0.754404,0.530316,0.386832
0.627137,0.545003,0.991149,0.0304265,-0.848701,0.527997,0.655705,-0.381744,-0.651401,0.754404,0.36603,0.544882
0.627137,0.520414,1.0383,0.0304265,-0.978104,0.205882,0.655705,-0.13593,-0.74268,0.754404,0.157595,0.637211
0.627137,0.481181,1.0742,0.0304265,-0.989533,-0.141065,0.655705,0.126279,-0.744382,0.754404,-0.0698482,0.652683
0.627137,0.432035,1.09452,0.0304265,-0.881609,-0.470998,0.655705,0.373257,-0.6563,0.754404,-0.288867,0.589432
0.627137,0.378905,1.0968,0.0304265,-0.667351,-0.744122,0.655705,0.575215,-0.489059,0.754404,-0.473044,0.455087
0.627137,0.328198,1.08077,0.0304265,-0.3726,-0.927493,0.655705,0.707793,-0.26283,0.754404,-0.600165,0.265851
0.627137,0.286032,1.04837,0.0304265,-0.0329083,-0.998995,0.655705,0.755002,-0.00489992,0.754404,-0.654897,0.0445502
0.627137,0.257491,1.0035,0.0304265,0.310753,-0.950004,0.655705,0.711145,0.253621,0.754404,-0.630639,-0.182124
0.674504,0.247465,1.1333,-0.303548,0.307044,-0.901988,0.683918,0.729334,0.018111,0.663411,-0.611388,-0.431381
0.674504,0.192201,1.07012,-0.303548,0.597025,-0.742576,0.683918,0.679156,0.266466,0.663411,-0.426976,-0.614473
0.674504,0.161879,0.991844,-0.303548,0.814996,-0.493598,0.683918,0.547061,0.482681,0.663411,-0.191064,-0.72345
0.674504,0.160158,0.907919,-0.303548,0.934667,-0.185086,0.683918,0.348982,0.640677,0.663411,0.067893,-0.745168
0.674504,0.187244,0.828466,-0.303548,0.941602,0.145751,0.683918,0.108812,0.721399,0.663411,0.318661,-0.677008
0.674504,0.239872,0.763069,-0.303548,0.834967,0.459008,0.683918,-0.144483,0.715109,0.663411,0.530994,-0.527191
0.674504,0.311692,0.719616,-0.303548,0.627622,0.716902,0.683918,-0.380352,0.622566,0.663411,0.679281,-0.313787
0.674504,0.394043,0.703347,-0.303548,0.344577,0.888327,0.683918,-0.570344,0.454933,0.663411,0.745637,-0.0625355
0.674504,0.476993,0.716225,-0.303548,0.0199706,0.952607,0.683918,-0.691544,0.232428,0.663411,0.722058,0.196259
0.674504,0.550535,0.756697,-0.303548,-0.307044,0.901988,0.683918,-0.729334,-0.018111,0.663411,0.611388,0.431381
0.674504,0.605799,0.819881,-0.303548,-0.597025,0.742576,0.683918,-0.679156,-0.266466,0.663411,0.426976,0.614473
0.674504,0.636121,0.898156,-0.303548,-0.814996,0.493598,0.683918,-0.547061,-0.482681,0.663411,0.191064,0.72345
0.674504,0.637842,0.982081,-0.303548,-0.934667,0.185086,0.683918,-0.348982,-0.640677,0.663411,-0.067893,0.745168
0.674504,0.610756,1.06153,-0.303548,-0.941602,-0.145751,0.683918,-0.108812,-0.721399,0.663411,-0.318661,0.677008
0.674504,0.558128,1.12693,-0.303548,-0.834967,-0.459008,0.683918,0.144483,-0.715109,0.663411,-0.530994,0.527191
0.674504,0.486308,1.17038,-0.303548,-0.627622,-0.716902,0.683918,0.380352,-0.622566,0.663411,-0.679281,0.313787
0.674504,0.403957,1.18665,-0.303548,-0.344577,-0.888327,0.683918,0.570344,-0.454933,0.663411,-0.745637,0.0625355
0.674504,0.321007,1.17377,-0.303548,-0.0199706,-0.952607,0.683918,0.691544,-0.232428,0.663411,-0.722058,-0.196259
0.674504,0.247465,1.1333,-0.303548,0.307044,-0.901988,0.683918,0.729334,0.018111,0.663411,-0.611388,-0.431381
0.763543,0.239292,1.23913,-0.60091,0.294764,-0.742981,0.629641,0.747169,-0.212817,0.492402,-0.595695,-0.634577
0.763543,0.148326,1.16677,-0.60091,0.531102,-0.597358,0.629641,0.774897,0.0555642,0.492402,-0.342732,-0.800047
0.763543,0.0875948,1.06766,-0.60091,0.703381,-0.379686,0.629641,0.709161,0.317244,0.492402,-0.0484305,-0.86902
0.763543,0.0644236,0.953753,-0.60091,0.790822,-0.116217,0.629641,0.55789,0.540659,0.492402,0.251712,-0.833176
0.763543,0.0816072,0.838794,-0.60091,0.782879,0.161269,0.629641,0.339328,0.698863,0.492402,0.521495,-0.696838
0.763543,0.137073,0.736644,-0.60091,0.680508,0.419303,0.629641,0.0798394,0.772773,0.492402,0.728378,-0.476452
0.763543,0.224131,0.659625,-0.60091,0.496058,0.626764,0.629641,-0.18928,0.753476,0.492402,0.847407,-0.198598
0.763543,0.332281,0.617027,-0.60091,0.251777,0.758627,0.629641,-0.435569,0.643298,0.492402,0.864227,0.103209
0.763543,0.448478,0.613987,-0.60091,-0.0228732,0.798989,0.629641,-0.629322,0.45553,0.492402,0.776808,0.392568
0.763543,0.558708,0.650872,-0.60091,-0.294764,0.742981,0.629641,-0.747169,0.212817,0.492402,0.595695,0.634577
0.763543,0.649674,0.723233,-0.60091,-0.531102,0.597358,0.629641,-0.774897,-0.0555642,0.492402,0.342732,0.800047
0.763543,0.710405,0.822343,-0.60091,-0.703381,0.379686,0.629641,-0.709161,-0.317244,0.492402,0.0484305,0.86902
0.763543,0.733576,0.936247,-0.60091,-0.790822,0.116217,0.629641,-0.55789,-0.540659,0.492402,-0.251712,0.833176
0.763543,0.716393,1.05121,-0.60091,-0.782879,-0.161269,0.629641,-0.339328,-0.698863,0.492402,-0.521495,0.696838
0.763543,0.660927,1.15336,-0.60091,-0.680508,-0.419303,0.629641,-0.0798394,-0.772773,0.492402,-0.728378,0.476452
0.763543,0.573869,1.23038,-0.60091,-0.496058,-0.626764,0.629641,0.18928,-0.753476,0.492402,-0.847407,0.198598
0.763543,0.465719,1.27297,-0.60091,-0.251777,-0.758627,0.629641,0.435569,-0.643298,0.492402,-0.864227,-0.103209
0.763543,0.349522,1.27601,-0.60091,0.0228732,-0.798989,0.629641,0.629322,-0.45553,0.492402,-0.776808,-0.392568
0.763543,0.239292,1.23913,-0.60091,0.294764,-0.742981,0.629641,0.747169,-0.212817,0.492402,-0.595695,-0.634577
0.883514,0.233957,1.30821,-0.825794,0.275393,-0.492161,0.499419,0.762499,-0.41131,0.262001,-0.585452,-0.767204
0.883514,0.119686,1.22986,-0.825794,0.427114,-0.368291,0.499419,0.857191,-0.125715,0.262001,-0.287746,-0.921172
0.883514,0.0391036,1.11715,-0.825794,0.527318,-0.199998,0.499419,0.848493,0.175043,0.262001,0.0446668,-0.964033
0.883514,0.00193032,0.983673,-0.825794,0.563921,-0.00758349,0.499419,0.737454,0.454689,0.262001,0.371692,-0.890618
0.883514,0.0126495,0.845535,-0.825794,0.532506,0.185746,0.499419,0.537468,0.679492,0.262001,0.653885,-0.709781
0.883514,0.0699683,0.719394,-0.825794,0.436863,0.356672,0.499419,0.272654,0.822338,0.262001,0.857211,-0.443334
0.883514,0.166973,0.620464,-0.825794,0.288528,0.484578,0.499419,-0.0250448,0.865998,0.262001,0.957144,-0.123414
0.883514,0.291964,0.560678,-0.825794,0.105392,0.554037,0.499419,-0.319723,0.805206,0.262001,0.941631,0.211391
0.883514,0.429865,0.547247,-0.825794,-0.0904555,0.55667,0.499419,-0.575838,0.647295,0.262001,0.812544,0.520699
0.883514,0.564043,0.581791,-0.825794,-0.275393,0.492161,0.499419,-0.762499,0.41131,0.262001,0.585452,0.767204
0.883514,0.678314,0.660143,-0.825794,-0.427114,0.368291,0.499419,-0.857191,0.125715,0.262001,0.287746,0.921172
0.883514,0.758896,0.772853,-0.825794,-0.527318,0.199998,0.499419,-0.848493,-0.175043,0.262001,-0.0446668,0.964033
0.883514,0.79607,0.906327,-0.825794,-0.563921,0.00758349,0.499419,-0.737454,-0.454689,0.262001,-0.371692,0.890618
0.883514,0.78535,1.04446,-0.825794,-0.532506,-0.185746,0.499419,-0.537468,-0.679492,0.262001,-0.653885,0.709781
0.883514,0.728032,1.17061,-0.825794,-0.436863,-0.356672,0.499419,-0.272654,-0.822338,0.262001,-0.857211,0.443334
0.883514,0.631027,1.26954,-0.825794,-0.288528,-0.484578,0.499419,0.0250448,-0.865998,0.262001,-0.957144,0.123414
0.883514,0.506036,1.32932,-0.825794,-0.105392,-0.554037,0.499419,0.319723,-0.805206,0.262001,-0.941631,-0.211391
0.883514,0.368135,1.34275,-0.825794,0.0904555,-0.55667,0.499419,0.575838,-0.647295,0.262001,-0.812544,-0.520699
0.883514,0.233957,1.30821,-0.825794,0.275393,-0.492161,0.499419,0.762499,-0.41131,0.262001,-0.585452,-0.767204
0.875863,0.437571,0.550633,0.985232,0.159709,-0.0617407,-0.00862081,0.406387,0.91366,0.17101,-0.899635,0.401762
0.875863,0.570126,0.587609,0.985232,0.171194,-0.00339366,-0.00862081,0.0693884,0.997552,0.17101,-0.982791,0.0698395
0.875863,0.682041,0.66769,0.985232,0.16203,0.0553627,-0.00862081,-0.275979,0.961125,0.17101,-0.947408,-0.270507
0.875863,0.759817,0.78122,0.985232,0.133323,0.107441,-0.00862081,-0.58806,0.808772,0.17101,-0.797753,-0.578226
0.875863,0.794073,0.914504,0.985232,0.0885358,0.146561,-0.00862081,-0.829212,0.558868,0.17101,-0.551878,-0.816202
0.875863,0.780678,1.05147,0.985232,0.0330696,0.168004,-0.00862081,-0.970348,0.241557,0.17101,-0.239438,-0.955733
0.875863,0.721246,1.17559,0.985232,-0.0263854,0.169182,-0.00862081,-0.994447,-0.104889,0.17101,0.101881,-0.979988
0.875863,0.622947,1.2719,0.985232,-0.0826578,0.149955,-0.00862081,-0.8986,-0.438684,0.17101,0.430913,-0.886042
0.875863,0.497637,1.32878,0.985232,-0.128961,0.112641,-0.00862081,-0.694369,-0.719568,0.17101,0.70797,-0.685226
0.875863,0.360429,1.33937,0.985232,-0.159709,0.0617407,-0.00862081,-0.406387,-0.91366,0.17101,0.899635,-0.401762
0.875863,0.227874,1.30239,0.985232,-0.171194,0.00339366,-0.00862081,-0.0693884,-0.997552,0.17101,0.982791,-0.0698395
0.875863,0.115959,1.22231,0.985232,-0.16203,-0.0553627,-0.00862081,0.275979,-0.961125,0.17101,0.947408,0.270507
0.875863,0.0381831,1.10878,0.985232,-0.133323,-0.107441,-0.00862081,0.58806,-0.808772,0.17101,0.797753,0.578226
0.875863,0.00392693,0.975496,0.985232,-0.0885358,-0.146561,-0.00862081,0.829212,-0.558868,0.17101,0.551878,0.816202
0.875863,0.0173224,0.838534,0.985232,-0.0330696,-0.168004,-0.00862081,0.970348,-0.241557,0.17101,0.239438,0.955733
0.875863,0.0767538,0.714413,0.985232,0.0263854,-0.169182,-0.00862081,0.994447,0.104889,0.17101,-0.101881,0.979988
0.875863,0.175053,0.618105,0.985232,0.0826578,-0.149955,-0.00862081,0.8986,0.438684,0.17101,-0.430913,0.886042
0.875863,0.300363,0.561225,0.985232,0.128961,-0.112641,-0.00862081,0.694369,0.719568,0.17101,-0.70797,0.685226
0.875863,0.437571,0.550633,0.985232,0.159709,-0.0617407,-0.00862081,0.406387,0.91366,0.17101,-0.899635,0.401762
0.749059,0.431935,0.623606,0.900555,0.185313,-0.393268,0.292759,0.410245,0.863708,0.321393,-0.892949,0.315196
0.749059,0.539872,0.654252,0.900555,0.308643,-0.306171,0.292759,0.0900984,0.951932,0.321393,-0.946901,-0.00921946
0.749059,0.630818,0.719968,0.900555,0.394746,-0.182144,0.292759,-0.240915,0.925339,0.321393,-0.886643,-0.332523
0.749059,0.693803,0.812825,0.900555,0.433237,-0.0361483,0.292759,-0.542871,0.787136,0.321393,-0.719442,-0.615719
0.749059,0.721231,0.921625,0.900555,0.419473,0.114207,0.292759,-0.779348,0.553993,0.321393,-0.465466,-0.82465
0.749059,0.709793,1.03324,0.900555,0.355115,0.250788,0.292759,-0.921825,0.254031,0.321393,-0.155348,-0.934116
0.749059,0.660868,1.13422,0.900555,0.247924,0.35712,0.292759,-0.953115,-0.0765717,0.321393,0.173507,-0.930915
0.749059,0.580359,1.21237,0.900555,0.11083,0.420378,0.292759,-0.869446,-0.397939,0.321393,0.481435,-0.815431
0.749059,0.477975,1.25828,0.900555,-0.0396317,0.432932,0.292759,-0.680909,-0.671308,0.321393,0.731294,-0.601594
0.749059,0.366065,1.26639,0.900555,-0.185313,0.393268,0.292759,-0.410245,-0.863708,0.321393,0.892949,-0.315196
0.749059,0.258128,1.23575,0.900555,-0.308643,0.306171,0.292759,-0.0900984,-0.951932,0.321393,0.946901,0.00921946
0.749059,0.167182,1.17003,0.900555,-0.394746,0.182144,0.292759,0.240915,-0.925339,0.321393,0.886643,0.332523
0.749059,0.104197,1.07717,0.900555,-0.433237,0.0361483,0.292759,0.542871,-0.787136,0.321393,0.719442,0.615719
0.749059,0.0767692,0.968375,0.900555,-0.419473,-0.114207,0.292759,0.779348,-0.553993,0.321393,0.465466,0.82465
0.749059,0.0882074,0.856756,0.900555,-0.355115,-0.250788,0.292759,0.921825,-0.254031,0.321393,0.155348,0.934116
0.749059,0.137132,0.75578,0.900555,-0.247924,-0.35712,0.292759,0.953115,0.0765717,0.321393,-0.173507,0.930915
0.749059,0.217641,0.677627,0.900555,-0.11083,-0.420378,0.292759,0.869446,0.397939,0.321393,-0.481435,0.815431
0.749059,0.320025,0.631724,0.900555,0.0396317,-0.432932,0.292759,0.680909,0.671308,0.321393,-0.731294,0.601594
0.749059,0.431935,0.623606,0.900555,0.185313,-0.393268,0.292759,0.410245,0.863708,0.321393,-0.892949,0.315196
0.654934,0.4233,0.735418,0.707258,0.207143,-0.675927,0.558827,0.421807,0.713996,0.433011,-0.882706,0.182569
0.654934,0.493515,0.756368,0.707258,0.425832,-0.564317,0.558827,0.152168,0.815204,0.433011,-0.891915,-0.130344
0.654934,0.552331,0.80007,0.707258,0.593159,-0.384641,0.558827,-0.135825,0.818085,0.433011,-0.793545,-0.427537
0.654934,0.592653,0.861253,0.707258,0.688942,-0.158572,0.558827,-0.407435,0.722294,0.433011,-0.599463,-0.673161
0.654934,0.609618,0.932537,0.707258,0.701629,0.0866228,0.558827,-0.629903,0.539383,0.433011,-0.333076,-0.837593
0.654934,0.601179,1.00532,0.707258,0.629689,0.32137,0.558827,-0.776395,0.291415,0.433011,-0.0265151,-0.900999
0.654934,0.568354,1.07084,0.707258,0.481799,0.517355,0.558827,-0.829242,0.00829764,0.433011,0.283244,-0.855731
0.654934,0.515102,1.12117,0.707258,0.275797,0.65094,0.558827,-0.782071,-0.27582,0.433011,0.558839,-0.707249
0.654934,0.447847,1.15025,0.707258,0.0365297,0.706011,0.558827,-0.64057,-0.52667,0.433011,0.76703,-0.473462
0.654934,0.3747,1.15458,0.707258,-0.207143,0.675927,0.558827,-0.421807,-0.713996,0.433011,0.882706,-0.182569
0.654934,0.304485,1.13363,0.707258,-0.425832,0.564317,0.558827,-0.152168,-0.815204,0.433011,0.891915,0.130344
0.654934,0.245669,1.08993,0.707258,-0.593159,0.384641,0.558827,0.135825,-0.818085,0.433011,0.793545,0.427537
0.654934,0.205347,1.02875,0.707258,-0.688942,0.158572,0.558827,0.407435,-0.722294,0.433011,0.599463,0.673161
0.654934,0.188382,0.957463,0.707258,-0.701629,-0.0866228,0.558827,0.629903,-0.539383,0.433011,0.333076,0.837593
0.654934,0.196821,0.884676,0.707258,-0.629689,-0.32137,0.558827,0.776395,-0.291415,0.433011,0.0265151,0.900999
0.654934,0.229646,0.819165,0.707258,-0.481799,-0.517355,0.558827,0.829242,-0.00829764,0.433011,-0.283244,0.855731
0.654934,0.282898,0.768831,0.707258,-0.275797,-0.65094,0.558827,0.782071,0.27582,0.433011,-0.558839,0.707249
