0.658953,0.599712,0.999291,0.308961,0.673936,-0.671084,0.951075,-0.218933,0.218002,-3.49349e-06,-0.705605,-0.708605
0.907818,0.414321,1.25022,0.92986,-0.364994,-0.0462687,-0.179072,-0.339132,-0.923538,0.321394,0.867046,-0.380705
0.907818,0.277639,1.21494,0.92986,-0.327157,-0.168314,-0.179072,-0.00281129,-0.983832,0.321394,0.944966,-0.0611989
0.907818,0.161265,1.13505,0.92986,-0.249861,-0.270057,-0.179072,0.333849,-0.925461,0.321394,0.908909,0.265689
0.907818,0.0792332,1.02017,0.92986,-0.142427,-0.339228,-0.179072,0.630241,-0.755466,0.321394,0.763224,0.560531
0.907818,0.0414393,0.884167,0.92986,-0.0178147,-0.367483,-0.179072,0.850618,-0.494351,0.321394,0.525483,0.787765
0.907818,0.0524414,0.743437,0.92986,0.108946,-0.351414,-0.179072,0.968397,-0.173609,0.321394,0.224361,0.919983
0.907818,0.110912,0.614957,0.92986,0.222567,-0.29296,-0.179072,0.969373,0.168072,0.321394,-0.103822,0.941237
0.907818,0.2098,0.514224,0.92986,0.309342,-0.19917,-0.179072,0.853429,0.489481,0.321394,-0.419483,0.848964
0.907818,0.337177,0.453387,0.92986,0.358807,-0.0813569,-0.179072,0.634549,0.751852,0.321394,-0.684548,0.654293
0.907818,0.477679,0.439784,0.92986,0.364994,0.0462687,-0.179072,0.339132,0.923538,0.321394,-0.867046,0.380705
0.907818,0.614361,0.475057,0.92986,0.327157,0.168314,-0.179072,0.00281129,0.983832,0.321394,-0.944966,0.0611989
0.907818,0.730735,0.55495,0.92986,0.249861,0.270057,-0.179072,-0.333849,0.925461,0.321394,-0.908909,-0.265689
0.907818,0.812767,0.669827,0.92986,0.142427,0.339228,-0.179072,-0.630241,0.755466,0.321394,-0.763224,-0.560531
0.907818,0.850561,0.805833,0.92986,0.0178147,0.367483,-0.179072,-0.850618,0.494351,0.321394,-0.525483,-0.787765
0.907818,0.839559,0.946563,0.92986,-0.108946,0.351414,-0.179072,-0.968397,0.173609,0.321394,-0.224361,-0.919983
0.907818,0.781088,1.07504,0.92986,-0.222567,0.29296,-0.179072,-0.969373,-0.168072,0.321394,0.103822,-0.941237
0.907818,0.6822,1.17578,0.92986,-0.309342,0.19917,-0.179072,-0.853429,-0.489481,0.321394,0.419483,-0.848964
0.907818,0.554823,1.23661,0.92986,-0.358807,0.0813569,-0.179072,-0.634549,-0.751852,0.321394,0.684548,-0.654293
0.907818,0.414321,1.25022,0.92986,-0.364994,-0.0462687,-0.179072,-0.339132,-0.923538,0.321394,0.867046,-0.380705
0.809114,0.454687,1.21002,0.796489,-0.580694,0.168519,-0.0275851,-0.313311,-0.94925,0.604023,0.751419,-0.265567
0.809114,0.329319,1.19098,0.796489,-0.603311,-0.040253,-0.0275851,0.0302465,-0.999162,0.604023,0.796932,0.00744861
0.809114,0.218024,1.13021,0.796489,-0.55316,-0.24417,-0.0275851,0.370156,-0.92856,0.604023,0.746324,0.279566
0.809114,0.134226,1.03503,0.796489,-0.436289,-0.418636,-0.0275851,0.665419,-0.74596,0.604023,0.605698,0.517964
0.809114,0.0880335,0.91694,0.796489,-0.266795,-0.542609,-0.0275851,0.880423,-0.473387,0.604023,0.392015,0.693888
0.809114,0.0850166,0.79017,0.796489,-0.0651224,-0.601135,-0.0275851,0.989234,-0.143716,0.604023,0.13105,0.786118
0.809114,0.12554,0.670013,0.796489,0.144405,-0.587156,-0.0275851,0.97873,0.20329,0.604023,-0.145721,0.783532
0.809114,0.204715,0.570962,0.796489,0.336516,-0.502356,-0.0275851,0.850176,0.525775,0.604023,-0.404917,0.686439
0.809114,0.312993,0.504964,0.796489,0.488037,-0.356965,-0.0275851,0.619079,0.784844,0.604023,-0.615273,0.506552
0.809114,0.437313,0.47998,0.796489,0.580694,-0.168519,-0.0275851,0.313311,0.94925,0.604023,-0.751419,0.265567
0.809114,0.562681,0.499022,0.796489,0.603311,0.040253,-0.0275851,-0.0302465,0.999162,0.604023,-0.796932,-0.00744861
0.809114,0.673976,0.559794,0.796489,0.55316,0.24417,-0.0275851,-0.370156,0.92856,0.604023,-0.746324,-0.279566
0.809114,0.757774,0.654967,0.796489,0.436289,0.418636,-0.0275851,-0.665419,0.74596,0.604023,-0.605698,-0.517964
0.809114,0.803966,0.77306,0.796489,0.266795,0.542609,-0.0275851,-0.880423,0.473387,0.604023,-0.392015,-0.693888
0.809114,0.806983,0.89983,0.796489,0.0651224,0.601135,-0.0275851,-0.989234,0.143716,0.604023,-0.13105,-0.786118
0.809114,0.76646,1.01999,0.796489,-0.144405,0.587156,-0.0275851,-0.97873,-0.20329,0.604023,0.145721,-0.783532
0.809114,0.687285,1.11904,0.796489,-0.336516,0.502356,-0.0275851,-0.850176,-0.525775,0.604023,0.404917,-0.686439
0.809114,0.579007,1.18504,0.796489,-0.488037,0.356965,-0.0275851,-0.619079,-0.784844,0.604023,0.615273,-0.506552
0.809114,0.454687,1.21002,0.796489,-0.580694,0.168519,-0.0275851,-0.313311,-0.94925,0.604023,0.751419,-0.265567
0.735846,0.51654,1.14843,0.567051,-0.751063,0.338167,0.127229,-0.325761,-0.936852,0.813797,0.574268,-0.089166
0.735846,0.408507,1.15426,0.567051,-0.821429,0.0608945,0.127229,0.014307,-0.99177,0.813797,0.570132,0.112623
0.735846,0.304997,1.12278,0.567051,-0.792718,-0.223723,0.127229,0.35265,-0.927066,0.813797,0.497229,0.300827
0.735846,0.218493,1.0578,0.567051,-0.668393,-0.481356,0.127229,0.648457,-0.750544,0.813797,0.364354,0.452748
0.735846,0.15943,0.967158,0.567051,-0.46345,-0.680931,0.127229,0.866052,-0.483495,0.813797,0.187532,0.55006
0.735846,0.134932,0.861779,0.567051,-0.202609,-0.798375,0.127229,0.979187,-0.158129,0.813797,-0.0119092,0.581027
0.735846,0.147953,0.754375,0.567051,0.0826702,-0.819524,0.127229,0.974219,0.186309,0.813797,-0.209914,0.541914
0.735846,0.196923,0.657902,0.567051,0.357978,-0.741825,0.127229,0.851745,0.508275,0.813797,-0.3826,0.437437
0.735846,0.275935,0.583996,0.567051,0.590109,-0.574652,0.127229,0.626538,0.768936,0.813797,-0.509139,0.2802
0.735846,0.37546,0.541571,0.567051,0.751063,-0.338167,0.127229,0.325761,0.936852,0.813797,-0.574268,0.089166
0.735846,0.483493,0.535744,0.567051,0.821429,-0.0608945,0.127229,-0.014307,0.99177,0.813797,-0.570132,-0.112623
0.735846,0.587003,0.567218,0.567051,0.792718,0.223723,0.127229,-0.35265,0.927066,0.813797,-0.497229,-0.300827
0.735846,0.673507,0.632196,0.567051,0.668393,0.481356,0.127229,-0.648457,0.750544,0.813797,-0.364354,-0.452748
0.735846,0.73257,0.722842,0.567051,0.46345,0.680931,0.127229,-0.866052,0.483495,0.813797,-0.187532,-0.55006
0.735846,0.757068,0.828221,0.567051,0.202609,0.798375,0.127229,-0.979187,0.158129,0.813797,0.0119092,-0.581027
0.735846,0.744047,0.935625,0.567051,-0.0826702,0.819524,0.127229,-0.974219,-0.186309,0.813797,0.209914,-0.541914
0.735846,0.695077,1.0321,0.567051,-0.357978,0.741825,0.127229,-0.851745,-0.508275,0.813797,0.3826,-0.437437
0.735846,0.616065,1.106,0.567051,-0.590109,0.574652,0.127229,-0.626538,-0.768936,0.813797,0.509139,-0.2802
0.735846,0.51654,1.14843,0.567051,-0.751063,0.338167,0.127229,-0.325761,-0.936852,0.813797,0.574268,-0.089166
0.696852,0.59242,1.07287,0.269218,-0.855552,0.442214,0.266698,-0.374981,-0.887841,0.925416,0.35696,0.127222
0.696852,0.505654,1.10921,0.269218,-0.955202,0.122929,0.266698,-0.0487073,-0.962549,0.925416,0.29192,0.241637
0.696852,0.411692,1.11368,0.269218,-0.93964,-0.211183,0.266698,0.283441,-0.921159,0.925416,0.19167,0.326907
0.696852,0.321869,1.08574,0.269218,-0.810744,-0.519823,0.266698,0.581402,-0.768663,0.925416,0.0683022,0.372748
0.696852,0.247017,1.02876,0.269218,-0.58406,-0.765764,0.266698,0.809238,-0.523456,0.925416,-0.0633041,0.373629
0.696852,0.196166,0.949626,0.269218,-0.28693,-0.919344,0.266698,0.939467,-0.215112,0.925416,-0.187275,0.329445
0.696852,0.175449,0.857869,0.269218,0.0448077,-0.962036,0.266698,0.956383,0.119178,0.925416,-0.288658,0.245525
0.696852,0.187364,0.764558,0.269218,0.371141,-0.888693,0.266698,0.857945,0.439093,0.925416,-0.355224,0.131992
0.696852,0.230474,0.680951,0.269218,0.65271,-0.708161,0.266698,0.656026,0.706047,0.925416,-0.378945,0.00253764
0.696852,0.29958,0.61713,0.269218,0.855552,-0.442214,0.266698,0.374981,0.887841,0.925416,-0.35696,-0.127222
0.696852,0.386346,0.580794,0.269218,0.955202,-0.122929,0.266698,0.0487073,0.962549,0.925416,-0.29192,-0.241637
0.696852,0.480308,0.576324,0.269218,0.93964,0.211183,0.266698,-0.283441,0.921159,0.925416,-0.19167,-0.326907
0.696852,0.570131,0.604261,0.269218,0.810744,0.519823,0.266698,-0.581402,0.768663,0.925416,-0.0683022,-0.372748
0.696852,0.644983,0.661235,0.269218,0.58406,0.765764,0.266698,-0.809238,0.523456,0.925416,0.0633041,-0.373629
0.696852,0.695834,0.740374,0.269218,0.28693,0.919344,0.266698,-0.939467,0.215112,0.925416,0.187275,-0.329445
0.696852,0.716551,0.832131,0.269218,-0.0448077,0.962036,0.266698,-0.956383,-0.119178,0.925416,0.288658,-0.245525
0.696852,0.704636,0.925442,0.269218,-0.371141,0.888693,0.266698,-0.857945,-0.439093,0.925416,0.355224,-0.131992
0.696852,0.661526,1.00905,0.269218,-0.65271,0.708161,0.266698,-0.656026,-0.706047,0.925416,0.378945,-0.00253764
0.696852,0.59242,1.07287,0.269218,-0.855552,0.442214,0.266698,-0.374981,-0.887841,0.925416,0.35696,0.127222
0.696834,0.673175,0.992457,-0.061087,-0.881557,0.468109,0.373999,-0.455033,-0.808127,0.925415,0.125706,0.357498
0.696834,0.609041,1.06126,-0.061087,-0.988495,0.138368,0.373999,-0.151196,-0.915022,0.925415,-0.00414648,0.378932
0.696834,0.525242,1.10398,-0.061087,-0.976206,-0.208062,0.373999,0.170878,-0.911551,0.925415,-0.133499,0.354661
0.696834,0.431886,1.11547,-0.061087,-0.846172,-0.529396,0.373999,0.472342,-0.798134,0.925415,-0.246749,0.287613
0.696834,0.340231,1.09433,-0.061087,-0.614078,-0.786878,0.373999,0.716834,-0.58845,0.925415,-0.330238,0.185875
0.696834,0.261334,1.04312,-0.061087,-0.307916,-0.94945,0.373999,0.874866,-0.307791,0.925415,-0.373895,0.0617174
0.696834,0.204711,0.96801,-0.061087,0.0353844,-0.997505,0.373999,0.927375,0.00999312,0.925415,-0.372455,-0.0698843
0.696834,0.17719,0.878066,-0.061087,0.374417,-0.925246,0.373999,0.86803,0.326572,0.925415,-0.326092,-0.193057
0.696834,0.182092,0.784134,-0.061087,0.66829,-0.741389,0.373999,0.703987,0.603761,0.925415,-0.240396,-0.292944
0.696834,0.218825,0.697543,-0.061087,0.881557,-0.468109,0.373999,0.455033,0.808127,0.925415,-0.125706,-0.357498
0.696834,0.282959,0.628737,-0.061087,0.988495,-0.138368,0.373999,0.151196,0.915022,0.925415,0.00414648,-0.378932
0.696834,0.366758,0.586016,-0.061087,0.976206,0.208062,0.373999,-0.170878,0.911551,0.925415,0.133499,-0.354661
0.696834,0.460114,0.574532,-0.061087,0.846172,0.529396,0.373999,-0.472342,0.798134,0.925415,0.246749,-0.287613
0.696834,0.551769,0.595671,-0.061087,0.614078,0.786878,0.373999,-0.716834,0.58845,0.925415,0.330238,-0.185875
0.696834,0.630666,0.646882,-0.061087,0.307916,0.94945,0.373999,-0.874866,0.307791,0.925415,0.373895,-0.0617174
0.696834,0.687289,0.72199,-0.061087,-0.0353844,0.997505,0.373999,-0.927375,-0.00999312,0.925415,0.372455,0.0698843
0.696834,0.71481,0.811934,-0.061087,-0.374417,0.925246,0.373999,-0.86803,-0.326572,0.925415,0.326092,0.193057
0.696834,0.709908,0.905866,-0.061087,-0.66829,0.741389,0.373999,-0.703987,-0.603761,0.925415,0.240396,0.292944
0.696834,0.673175,0.992457,-0.061087,-0.881557,0.468109,0.373999,-0.455033,-0.808127,0.925415,0.125706,0.357498
0.735794,0.749063,0.91689,-0.384024,-0.825942,0.412729,0.43619,-0.556263,-0.707326,0.813796,-0.0916016,0.573886
0.735794,0.706199,1.01621,-0.384024,-0.917293,0.10535,0.43619,-0.280797,-0.854922,0.813796,-0.282358,0.507947
0.735794,0.63195,1.09488,-0.384024,-0.898006,-0.214736,0.43619,0.0285378,-0.899402,0.813796,-0.439058,0.380742
0.735794,0.535273,1.14341,-0.384024,-0.770405,-0.508922,0.43619,0.33443,-0.835401,0.813796,-0.542801,0.207614
0.735794,0.427829,1.15594,-0.384024,-0.549882,-0.741724,0.43619,0.599986,-0.670638,0.813796,-0.581074,0.00944426
0.735794,0.322576,1.13098,-0.384024,-0.263036,-0.885064,0.43619,0.793174,-0.424987,0.813796,-0.549261,-0.189864
0.735794,0.23221,1.07152,-0.384024,0.0555371,-0.921651,0.43619,0.890694,-0.128075,0.813796,-0.451199,-0.366272
0.735794,0.16763,0.984735,-0.384024,0.367411,-0.847074,0.43619,0.880783,0.184284,0.813796,-0.298716,-0.498503
0.735794,0.136626,0.8811,-0.384024,0.63497,-0.670327,0.43619,0.764636,0.474415,0.813796,-0.110203,-0.570606
0.735794,0.142937,0.77311,-0.384024,0.825942,-0.412729,0.43619,0.556263,0.707326,0.813796,0.0916016,-0.573886
0.735794,0.185801,0.673792,-0.384024,0.917293,-0.10535,0.43619,0.280797,0.854922,0.813796,0.282358,-0.507947
0.735794,0.26005,0.595124,-0.384024,0.898006,0.214736,0.43619,-0.0285378,0.899402,0.813796,0.439058,-0.380742
0.735794,0.356727,0.546595,-0.384024,0.770405,0.508922,0.43619,-0.33443,0.835401,0.813796,0.542801,-0.207614
0.735794,0.464171,0.534057,-0.384024,0.549882,0.741724,0.43619,-0.599986,0.670638,0.813796,0.581074,-0.00944426
0.735794,0.569424,0.559024,-0.384024,0.263036,0.885064,0.43619,-0.793174,0.424987,0.813796,0.549261,0.189864
0.735794,0.65979,0.618484,-0.384024,-0.0555371,0.921651,0.43619,-0.890694,0.128075,0.813796,0.451199,0.366272
0.735794,0.72437,0.705265,-0.384024,-0.367411,0.847074,0.43619,-0.880783,-0.184284,0.813796,0.298716,0.498503
0.735794,0.755374,0.8089,-0.384024,-0.63497,0.670327,0.43619,-0.764636,-0.474415,0.813796,0.110203,0.570606
0.735794,0.749063,0.91689,-0.384024,-0.825942,0.412729,0.43619,-0.556263,-0.707326,0.813796,-0.0916016,0.573886
0.809034,0.810933,0.855282,-0.660642,-0.695415,0.282755,0.44577,-0.666461,-0.597594,0.604021,-0.268752,0.750287
0.809034,0.785408,0.979476,-0.660642,-0.750184,0.0278564,0.44577,-0.421879,-0.789498,0.604021,-0.509158,0.613121
0.809034,0.718946,1.08745,-0.660642,-0.71447,-0.230402,0.44577,-0.126412,-0.886177,0.604021,-0.688151,0.402003
0.809034,0.619562,1.16618,-0.660642,-0.59258,-0.46087,0.44577,0.184302,-0.875969,0.604021,-0.784144,0.142397
0.809034,0.499244,1.20617,-0.660642,-0.399217,-0.63575,0.44577,0.472786,-0.760107,0.604021,-0.785557,-0.134383
0.809034,0.372504,1.2026,-0.660642,-0.157701,-0.73395,0.44577,0.704245,-0.552564,0.604021,-0.69222,-0.394955
0.809034,0.254629,1.1559,-0.660642,0.102835,-0.743625,0.44577,0.850762,-0.278375,0.604021,-0.515391,-0.60789
0.809034,0.159836,1.0717,-0.660642,0.350968,-0.663607,0.44577,0.894665,0.0293913,0.604021,-0.276399,-0.747504
0.809034,0.0995586,0.960153,-0.660642,0.556769,-0.503548,0.44577,0.830658,0.333612,0.604021,-0.00406873,-0.796958
0.809034,0.081067,0.834718,-0.660642,0.695415,-0.282755,0.44577,0.666461,0.597594,0.604021,0.268752,-0.750287
0.809034,0.106592,0.710524,-0.660642,0.750184,-0.0278564,0.44577,0.421879,0.789498,0.604021,0.509158,-0.613121
0.809034,0.173054,0.602549,-0.660642,0.71447,0.230402,0.44577,0.126412,0.886177,0.604021,0.688151,-0.402003
0.809034,0.272438,0.523818,-0.660642,0.59258,0.46087,0.44577,-0.184302,0.875969,0.604021,0.784144,-0.142397
0.809034,0.392756,0.483826,-0.660642,0.399217,0.63575,0.44577,-0.472786,0.760107,0.604021,0.785557,0.134383
0.809034,0.519496,0.487397,-0.660642,0.157701,0.73395,0.44577,-0.704245,0.552564,0.604021,0.69222,0.394955
0.809034,0.637371,0.5341,-0.660642,-0.102835,0.743625,0.44577,-0.850762,0.278375,0.604021,0.515391,0.60789
0.809034,0.732164,0.618302,-0.660642,-0.350968,0.663607,0.44577,-0.894665,-0.0293913,0.604021,0.276399,0.747504
0.809034,0.792441,0.729847,-0.660642,-0.556769,0.503548,0.44577,-0.830658,-0.333612,0.604021,0.00406873,0.796958
0.809034,0.810933,0.855282,-0.660642,-0.695415,0.282755,0.44577,-0.666461,-0.597594,0.604021,-0.268752,0.750287
0.90772,0.851321,0.815064,-0.857576,-0.50572,0.0938619,0.401584,-0.772334,-0.492169,0.321392,-0.384379,0.865425
0.90772,0.837116,0.955498,-0.857576,-0.507324,-0.0847651,0.401584,-0.557425,-0.726641,0.321392,-0.657191,0.681768
0.90772,0.775736,1.0826,-0.857576,-0.447737,-0.253168,0.401584,-0.275282,-0.87347,0.321392,-0.850736,0.41588
0.90772,0.674586,1.18105,-0.857576,-0.334147,-0.391035,0.401584,0.0400637,-0.914946,0.321392,-0.941669,0.0998302
0.90772,0.545864,1.23897,-0.857576,-0.180253,-0.481738,0.401584,0.350577,-0.846065,0.321392,-0.919024,-0.22826
0.90772,0.405098,1.24936,-0.857576,-0.00461858,-0.514336,0.401584,0.618806,-0.675137,0.321392,-0.78553,-0.528819
0.90772,0.269264,1.21099,-0.857576,0.171573,-0.484897,0.401584,0.812398,-0.422777,0.321392,-0.55729,-0.765594
0.90772,0.154748,1.12847,-0.857576,0.327071,-0.396973,0.401584,0.908002,-0.119424,0.321392,-0.261833,-0.910028
0.90772,0.0753612,1.01176,-0.857576,0.443119,-0.261168,0.401584,0.894088,0.198334,0.321392,0.0652055,-0.944698
0.90772,0.0406787,0.874936,-0.857576,0.50572,-0.0938619,0.401584,0.772334,0.492169,0.321392,0.384379,-0.865425
0.90772,0.054884,0.734502,-0.857576,0.507324,0.0847651,0.401584,0.557425,0.726641,0.321392,0.657191,-0.681768
0.90772,0.116264,0.607397,-0.857576,0.447737,0.253168,0.401584,0.275282,0.87347,0.321392,0.850736,-0.41588
0.90772,0.217414,0.508949,-0.857576,0.334147,0.391035,0.401584,-0.0400637,0.914946,0.321392,0.941669,-0.0998302
0.90772,0.346136,0.451035,-0.857576,0.180253,0.481738,0.401584,-0.350577,0.846065,0.321392,0.919024,0.22826
0.90772,0.486902,0.440638,-0.857576,0.00461858,0.514336,0.401584,-0.618806,0.675137,0.321392,0.78553,0.528819
0.90772,0.622736,0.479014,-0.857576,-0.171573,0.484897,0.401584,-0.812398,0.422777,0.321392,0.55729,0.765594
0.90772,0.737252,0.561533,-0.857576,-0.327071,0.396973,0.401584,-0.908002,0.119424,0.321392,0.261833,0.910028
0.90772,0.816639,0.678242,-0.857576,-0.443119,0.261168,0.401584,-0.894088,-0.198334,0.321392,-0.0652055,0.944698
0.90772,0.851321,0.815064,-0.857576,-0.50572,0.0938619,0.401584,-0.772334,-0.492169,0.321392,-0.384379,0.865425
0.883612,0.276737,1.2063,0.961642,-0.265262,-0.0698661,-0.0812368,-0.0321254,-0.996177,0.262003,0.963641,-0.0524421
0.883612,0.163374,1.12662,0.961642,-0.225369,-0.156377,-0.0812368,0.310525,-0.947088,0.262003,0.923463,0.280305
0.883612,0.0840988,1.01297,0.961642,-0.158293,-0.224027,-0.0812368,0.615721,-0.783766,0.262003,0.771901,0.579244
0.883612,0.0484748,0.879063,0.961642,-0.0721249,-0.264656,-0.0812368,0.846652,-0.52591,0.262003,0.527237,0.808317
0.883612,0.0607981,0.741047,0.961642,0.0227425,-0.273364,-0.0812368,0.975464,-0.204622,0.262003,0.21898,0.939895
0.883612,0.119583,0.61557,0.961642,0.114867,-0.249099,-0.0812368,0.986621,0.141347,0.262003,-0.115689,0.958108
0.883612,0.217738,0.517765,0.961642,0.193137,-0.19479,-0.0812368,0.878777,0.470267,0.262003,-0.436404,0.860759
0.883612,0.343425,0.459429,0.961642,0.248111,-0.116986,-0.0812368,0.66494,0.742466,0.262003,-0.704483,0.65959
0.883612,0.481484,0.447599,0.961642,0.27316,-0.0250721,-0.0812368,0.370901,0.925113,0.262003,-0.88759,0.378864
0.883612,0.615263,0.483701,0.961642,0.265262,0.0698661,-0.0812368,0.0321254,0.996177,0.262003,-0.963641,0.0524421
0.883612,0.728626,0.563382,0.961642,0.225369,0.156377,-0.0812368,-0.310525,0.947088,0.262003,-0.923463,-0.280305
0.883612,0.807901,0.677029,0.961642,0.158293,0.224027,-0.0812368,-0.615721,0.783766,0.262003,-0.771901,-0.579244
0.883612,0.843525,0.810937,0.961642,0.0721249,0.264656,-0.0812368,-0.846652,0.52591,0.262003,-0.527237,-0.808317
0.883612,0.831202,0.948953,0.961642,-0.0227425,0.273364,-0.0812368,-0.975464,0.204622,0.262003,-0.21898,-0.939895
0.883612,0.772417,1.07443,0.961642,-0.114867,0.249099,-0.0812368,-0.986621,-0.141347,0.262003,0.115689,-0.958108
0.883612,0.674262,1.17224,0.961642,-0.193137,0.19479,-0.0812368,-0.878777,-0.470267,0.262003,0.436404,-0.860759
0.883612,0.548575,1.23057,0.961642,-0.248111,0.116986,-0.0812368,-0.66494,-0.742466,0.262003,0.704483,-0.65959
0.883612,0.410516,1.2424,0.961642,-0.27316,0.0250721,-0.0812368,-0.370901,-0.925113,0.262003,0.88759,-0.378864
0.883612,0.276737,1.2063,0.961642,-0.265262,-0.0698661,-0.0812368,-0.0321254,-0.996177,0.262003,0.963641,-0.0524421
0.763622,0.325812,1.15743,0.856221,-0.492396,0.156308,0.156285,-0.0415025,-0.98684,0.492403,0.869381,0.0414191
0.763622,0.226202,1.09748,0.856221,-0.516161,-0.0215284,0.156285,0.298519,-0.941521,0.492403,0.802785,0.336267
0.763622,0.153103,1.00708,0.856221,-0.47767,-0.196768,0.156285,0.602536,-0.78264,0.492403,0.639361,0.590556
0.763622,0.115332,0.89713,0.856221,-0.381564,-0.348274,0.156285,0.833877,-0.529362,0.492403,0.398821,0.773616
0.763622,0.117444,0.780891,0.856221,-0.239437,-0.457773,0.156285,0.96464,-0.212235,0.492403,0.110177,0.863366
0.763622,0.159185,0.672384,0.856221,-0.0684292,-0.512058,0.156285,0.979054,0.130491,0.492403,-0.191756,0.848981
0.763622,0.23552,0.584698,0.856221,0.110832,-0.504581,0.156285,0.875379,0.457478,0.492403,-0.470561,0.732197
0.763622,0.337242,0.528408,0.856221,0.276725,-0.436245,0.156285,0.666121,0.729286,0.492403,-0.692608,0.527099
0.763622,0.452082,0.510303,0.856221,0.409241,-0.315291,0.156285,0.376519,0.913131,0.492403,-0.831117,0.258425
0.763622,0.566188,0.532568,0.856221,0.492396,-0.156308,0.156285,0.0415025,0.98684,0.492403,-0.869381,-0.0414191
0.763622,0.665798,0.592517,0.856221,0.516161,0.0215284,0.156285,-0.298519,0.941521,0.492403,-0.802785,-0.336267
0.763622,0.738897,0.682919,0.856221,0.47767,0.196768,0.156285,-0.602536,0.78264,0.492403,-0.639361,-0.590556
0.763622,0.776668,0.79287,0.856221,0.381564,0.348274,0.156285,-0.833877,0.529362,0.492403,-0.398821,-0.773616
0.763622,0.774556,0.909109,0.856221,0.239437,0.457773,0.156285,-0.96464,0.212235,0.492403,-0.110177,-0.863366
0.763622,0.732815,1.01762,0.856221,0.0684292,0.512058,0.156285,-0.979054,-0.130491,0.492403,0.191756,-0.848981
0.763622,0.65648,1.1053,0.856221,-0.110832,0.504581,0.156285,-0.875379,-0.457478,0.492403,0.470561,-0.732197
0.763622,0.554758,1.16159,0.856221,-0.276725,0.436245,0.156285,-0.666121,-0.729286,0.492403,0.692608,-0.527099
0.763622,0.439918,1.1797,0.856221,-0.409241,0.315291,0.156285,-0.376519,-0.913131,0.492403,0.831117,-0.258425
0.763622,0.325812,1.15743,0.856221,-0.492396,0.156308,0.156285,-0.0415025,-0.98684,0.492403,0.869381,0.0414191
0.674556,0.401007,1.08255,0.647527,-0.680284,0.3434,0.374957,-0.107879,-0.920744,0.663413,0.724966,0.185223
0.674556,0.322472,1.05284,0.647527,-0.756707,0.0900196,0.374957,0.21354,-0.902113,0.663413,0.617896,0.422006
0.674556,0.258836,0.998056,0.647527,-0.741861,-0.174218,0.374957,0.509202,-0.774674,0.663413,0.436298,0.607888
0.674556,0.217775,0.924812,0.647527,-0.637535,-0.417443,0.374957,0.743448,-0.553798,0.663413,0.202076,0.720451
0.674556,0.204241,0.841941,0.647527,-0.456313,-0.610318,0.374957,0.888023,-0.266126,0.663413,-0.0565196,0.746116
0.674556,0.219867,0.759439,0.647527,-0.220053,-0.729579,0.374957,0.925489,0.0536453,0.663413,-0.308298,0.681789
0.674556,0.262768,0.687257,0.647527,0.0427488,-0.760843,0.374957,0.851327,0.366946,0.663413,-0.522891,0.535228
0.674556,0.32777,0.634102,0.647527,0.300394,-0.700337,0.374957,0.674483,0.635987,0.663413,-0.674415,0.324111
0.674556,0.407031,0.606383,0.647527,0.521808,-0.555361,0.374957,0.416286,0.828319,0.663413,-0.744595,0.0739007
0.674556,0.490993,0.607445,0.647527,0.680284,-0.3434,0.374957,0.107879,0.920744,0.663413,-0.724966,-0.185223
0.674556,0.569528,0.63716,0.647527,0.756707,-0.0900196,0.374957,-0.21354,0.902113,0.663413,-0.617896,-0.422006
0.674556,0.633164,0.691944,0.647527,0.741861,0.174218,0.374957,-0.509202,0.774674,0.663413,-0.436298,-0.607888
0.674556,0.674225,0.765188,0.647527,0.637535,0.417443,0.374957,-0.743448,0.553798,0.663413,-0.202076,-0.720451
0.674556,0.687759,0.848059,0.647527,0.456313,0.610318,0.374957,-0.888023,0.266126,0.663413,0.0565196,-0.746116
0.674556,0.672133,0.930561,0.647527,0.220053,0.729579,0.374957,-0.925489,-0.0536453,0.663413,0.308298,-0.681789
0.674556,0.629232,1.00274,0.647527,-0.0427488,0.760843,0.374957,-0.851327,-0.366946,0.663413,0.522891,-0.535228
0.674556,0.56423,1.0559,0.647527,-0.300394,0.700337,0.374957,-0.674483,-0.635987,0.663413,0.674415,-0.324111
0.674556,0.484969,1.08362,0.647527,-0.521808,0.555361,0.374957,-0.416286,-0.828319,0.663413,0.744595,-0.0739007
0.674556,0.401007,1.08255,0.647527,-0.680284,0.3434,0.374957,-0.107879,-0.920744,0.663413,0.724966,0.185223
0.627155,0.493253,0.990699,0.360731,-0.806261,0.468845,0.548404,-0.223249,-0.805862,0.754404,0.547816,0.361624
0.627155,0.440572,0.998074,0.360731,-0.917992,0.164812,0.548404,0.065835,-0.833618,0.754404,0.391096,0.527179
0.627155,0.388545,0.986985,0.360731,-0.919,-0.159099,0.548404,0.346979,-0.760828,0.754404,0.187204,0.629149
0.627155,0.343448,0.958772,0.360731,-0.809162,-0.463821,0.548404,0.586272,-0.596271,0.754404,-0.0392675,0.655234
0.627155,0.31072,0.916836,0.360731,-0.601728,-0.712599,0.548404,0.754852,-0.359794,0.754404,-0.261003,0.602289
0.627155,0.294309,0.866235,0.360731,-0.321716,-0.875427,0.548404,0.832386,-0.0799214,0.754404,-0.451257,0.476698
0.627155,0.296195,0.813073,0.360731,-0.00290067,-0.932665,0.548404,0.809521,0.209591,0.754404,-0.587083,0.29361
0.627155,0.316149,0.763762,0.360731,0.316265,-0.877411,0.548404,0.689017,0.473824,0.754404,-0.652099,0.0751093
0.627155,0.351765,0.72425,0.360731,0.597284,-0.716328,0.548404,0.485407,0.680906,0.754404,-0.638461,-0.152451
0.627155,0.398747,0.699301,0.360731,0.806261,-0.468845,0.548404,0.223249,0.805862,0.754404,-0.547816,-0.361624
0.627155,0.451428,0.691926,0.360731,0.917992,-0.164812,0.548404,-0.065835,0.833618,0.754404,-0.391096,-0.527179
0.627155,0.503455,0.703015,0.360731,0.919,0.159099,0.548404,-0.346979,0.760828,0.754404,-0.187204,-0.629149
0.627155,0.548552,0.731228,0.360731,0.809162,0.463821,0.548404,-0.586272,0.596271,0.754404,0.0392675,-0.655234
0.627155,0.58128,0.773164,0.360731,0.601728,0.712599,0.548404,-0.754852,0.359794,0.754404,0.261003,-0.602289
0.627155,0.597691,0.823765,0.360731,0.321716,0.875427,0.548404,-0.832386,0.0799214,0.754404,0.451257,-0.476698
0.627155,0.595805,0.876927,0.360731,0.00290067,0.932665,0.548404,-0.809521,-0.209591,0.754404,0.587083,-0.29361
0.627155,0.575851,0.926238,0.360731,-0.316265,0.877411,0.548404,-0.689017,-0.473824,0.754404,0.652099,-0.0751093
0.627155,0.540235,0.96575,0.360731,-0.597284,0.716328,0.548404,-0.485407,-0.680906,0.754404,0.638461,0.152451
0.627155,0.493253,0.990699,0.360731,-0.806261,0.468845,0.548404,-0.223249,-0.805862,0.754404,0.547816,0.361624
0.627137,0.591424,0.892943,0.0304265,-0.855135,0.517512,0.655705,-0.373698,-0.65605,0.754404,0.359296,0.549346
0.627137,0.566257,0.93979,0.0304265,-0.980564,0.193828,0.655705,-0.126779,-0.744297,0.754404,0.149741,0.639103
0.627137,0.526584,0.975203,0.0304265,-0.987721,-0.153233,0.655705,0.135431,-0.742772,0.754404,-0.0778759,0.651774
0.627137,0.477192,0.994913,0.0304265,-0.875746,-0.481813,0.655705,0.381307,-0.651657,0.754404,-0.296099,0.585832
0.627137,0.424038,0.99654,0.0304265,-0.658142,-0.752279,0.655705,0.581191,-0.481943,0.754404,-0.478609,0.44923
0.627137,0.373533,0.97989,0.0304265,-0.361157,-0.932009,0.655705,0.710975,-0.254099,0.754404,-0.603391,0.258445
0.627137,0.331768,0.94697,0.0304265,-0.0206106,-0.999324,0.655705,0.755005,0.00439271,0.754404,-0.655395,0.0364866
0.627137,0.303781,0.901751,0.0304265,0.322422,-0.946107,0.655705,0.70797,0.262355,0.754404,-0.628349,-0.189872
0.627137,0.292948,0.849687,0.0304265,0.626565,-0.778775,0.655705,0.575544,0.488673,0.754404,-0.525515,-0.39333
0.627137,0.300576,0.797057,0.0304265,0.855135,-0.517512,0.655705,0.373698,0.65605,0.754404,-0.359296,-0.549346
0.627137,0.325743,0.75021,0.0304265,0.980564,-0.193828,0.655705,0.126779,0.744297,0.754404,-0.149741,-0.639103
0.627137,0.365416,0.714797,0.0304265,0.987721,0.153233,0.655705,-0.135431,0.742772,0.754404,0.0778759,-0.651774
0.627137,0.414808,0.695087,0.0304265,0.875746,0.481813,0.655705,-0.381307,0.651657,0.754404,0.296099,-0.585832
0.627137,0.467962,0.69346,0.0304265,0.658142,0.752279,0.655705,-0.581191,0.481943,0.754404,0.478609,-0.44923
0.627137,0.518467,0.71011,0.0304265,0.361157,0.932009,0.655705,-0.710975,0.254099,0.754404,0.603391,-0.258445
0.627137,0.560232,0.74303,0.0304265,0.0206106,0.999324,0.655705,-0.755005,-0.00439271,0.754404,0.655395,-0.0364866
0.627137,0.588219,0.788249,0.0304265,-0.322422,0.946107,0.655705,-0.70797,-0.262355,0.754404,0.628349,0.189872
0.627137,0.599052,0.840313,0.0304265,-0.626565,0.778775,0.655705,-0.575544,-0.488673,0.754404,0.525515,0.39333
0.627137,0.591424,0.892943,0.0304265,-0.855135,0.517512,0.655705,-0.373698,-0.65605,0.754404,0.359296,0.549346
0.674504,0.68368,0.801078,-0.303548,-0.82101,0.48353,0.683918,-0.541079,-0.489377,0.663411,0.182146,0.725747
0.674504,0.684368,0.885018,-0.303548,-0.936874,0.173568,0.683918,-0.341071,-0.644924,0.663411,-0.0770591,0.744276
0.674504,0.656306,0.964131,-0.303548,-0.939737,-0.157329,0.683918,-0.0999247,-0.722683,0.663411,-0.326969,0.673035
0.674504,0.602877,1.02888,-0.303548,-0.829254,-0.46925,0.683918,0.153274,-0.713277,0.663411,-0.537442,0.520616
0.674504,0.530527,1.07144,-0.303548,-0.618751,-0.724572,0.683918,0.387985,-0.617838,0.663411,-0.683092,0.305403
0.674504,0.447982,1.0867,-0.303548,-0.333618,-0.892501,0.683918,0.5759,-0.447879,0.663411,-0.74635,0.0533538
0.674504,0.365198,1.0728,-0.303548,-0.00824483,-0.95278,0.683918,0.694352,-0.223899,0.663411,-0.719588,-0.205131
0.674504,0.292159,1.03142,-0.303548,0.318122,-0.898141,0.683918,0.729056,0.027086,0.663411,-0.606033,-0.438873
0.674504,0.237676,0.967564,-0.303548,0.60612,-0.735172,0.683918,0.675825,0.274804,0.663411,-0.419381,-0.619681
0.674504,0.20832,0.888922,-0.303548,0.82101,-0.48353,0.683918,0.541079,0.489377,0.663411,-0.182146,-0.725747
0.674504,0.207632,0.804982,-0.303548,0.936874,-0.173568,0.683918,0.341071,0.644924,0.663411,0.0770591,-0.744276
0.674504,0.235694,0.725869,-0.303548,0.939737,0.157329,0.683918,0.0999247,0.722683,0.663411,0.326969,-0.673035
0.674504,0.289123,0.661124,-0.303548,0.829254,0.46925,0.683918,-0.153274,0.713277,0.663411,0.537442,-0.520616
0.674504,0.361473,0.618558,-0.303548,0.618751,0.724572,0.683918,-0.387985,0.617838,0.663411,0.683092,-0.305403
0.674504,0.444018,0.603304,-0.303548,0.333618,0.892501,0.683918,-0.5759,0.447879,0.663411,0.74635,-0.0533538
0.674504,0.526802,0.617203,-0.303548,0.00824483,0.95278,0.683918,-0.694352,0.223899,0.663411,0.719588,0.205131
0.674504,0.599841,0.658576,-0.303548,-0.318122,0.898141,0.683918,-0.729056,-0.027086,0.663411,0.606033,0.438873
0.674504,0.654324,0.722436,-0.303548,-0.60612,0.735172,0.683918,-0.675825,-0.274804,0.663411,0.419381,0.619681
0.674504,0.68368,0.801078,-0.303548,-0.82101,0.48353,0.683918,-0.541079,-0.489377,0.663411,0.182146,0.725747
0.763543,0.758891,0.726185,-0.60091,-0.708001,0.371,0.629641,-0.705203,-0.325948,0.492402,0.0377313,0.86955
0.763543,0.780659,0.840365,-0.60091,-0.792193,0.106475,0.629641,-0.551193,-0.547484,0.492402,-0.261948,0.830014
0.763543,0.762062,0.955105,-0.60091,-0.780835,-0.170892,0.629641,-0.330701,-0.702986,0.492402,-0.530032,0.690367
0.763543,0.705343,1.05656,-0.60091,-0.675296,-0.427647,0.629641,-0.0703223,-0.773697,0.492402,-0.734187,0.467451
0.763543,0.617343,1.13251,-0.60091,-0.488307,-0.632821,0.629641,0.198539,-0.751089,0.492402,-0.849788,0.188154
0.763543,0.508677,1.17377,-0.60091,-0.242421,-0.761668,0.629641,0.443453,-0.637889,0.492402,-0.862891,-0.113838
0.763543,0.392451,1.17538,-0.60091,0.0327051,-0.798647,0.629641,0.63488,-0.44775,0.492402,-0.771918,-0.402099
0.763543,0.282684,1.13714,-0.60091,0.303886,-0.739297,0.629641,0.749732,-0.203605,0.492402,-0.58784,-0.641861
0.763543,0.192616,1.06366,-0.60091,0.538414,-0.590777,0.629641,0.774154,0.0650971,0.492402,-0.332859,-0.804205
0.763543,0.133109,0.963815,-0.60091,0.708001,-0.371,0.629641,0.705203,0.325948,0.492402,-0.0377313,-0.86955
0.763543,0.111341,0.849635,-0.60091,0.792193,-0.106475,0.629641,0.551193,0.547484,0.492402,0.261948,-0.830014
0.763543,0.129938,0.734895,-0.60091,0.780835,0.170892,0.629641,0.330701,0.702986,0.492402,0.530032,-0.690367
0.763543,0.186657,0.633436,-0.60091,0.675296,0.427647,0.629641,0.0703223,0.773697,0.492402,0.734187,-0.467451
0.763543,0.274657,0.557494,-0.60091,0.488307,0.632821,0.629641,-0.198539,0.751089,0.492402,0.849788,-0.188154
0.763543,0.383323,0.51623,-0.60091,0.242421,0.761668,0.629641,-0.443453,0.637889,0.492402,0.862891,0.113838
0.763543,0.499549,0.514621,-0.60091,-0.0327051,0.798647,0.629641,-0.63488,0.44775,0.492402,0.771918,0.402099
0.763543,0.609316,0.55286,-0.60091,-0.303886,0.739297,0.629641,-0.749732,0.203605,0.492402,0.58784,0.641861
0.763543,0.699384,0.626335,-0.60091,-0.538414,0.590777,0.629641,-0.774154,-0.0650971,0.492402,0.332859,0.804205
0.763543,0.758891,0.726185,-0.60091,-0.708001,0.371,0.629641,-0.705203,-0.325948,0.492402,0.0377313,0.86955
0.883514,0.807988,0.677296,-0.825794,-0.52974,0.193493,0.499419,-0.846274,-0.185473,0.262001,-0.0565283,0.963411
0.883514,0.843516,0.811217,-0.825794,-0.563971,0.000642404,0.499419,-0.731802,-0.46373,0.262001,-0.382625,0.885976
0.883514,0.831097,0.949212,-0.825794,-0.530179,-0.192286,0.499419,-0.529064,-0.686055,0.262001,-0.662572,0.70168
0.883514,0.77223,1.07464,-0.825794,-0.43244,-0.362022,0.499419,-0.262513,-0.825632,0.262001,-0.862602,0.43275
0.883514,0.674015,1.17237,-0.825794,-0.282542,-0.488092,0.499419,0.0357013,-0.865625,0.262001,-0.95859,0.111625
0.883514,0.548298,1.23061,-0.825794,-0.0985652,-0.555292,0.499419,0.329609,-0.80121,0.262001,-0.938958,-0.222964
0.883514,0.410242,1.24234,-0.825794,0.0972999,-0.555515,0.499419,0.583761,-0.640158,0.262001,-0.806074,-0.53066
0.883514,0.276499,1.20615,-0.825794,0.281429,-0.488735,0.499419,0.767503,-0.401894,0.262001,-0.575965,-0.774351
0.883514,0.163201,1.1264,-0.825794,0.431614,-0.363006,0.499419,0.858673,-0.115155,0.262001,-0.276387,-0.924644
0.883514,0.0840121,1.0127,-0.825794,0.52974,-0.193493,0.499419,0.846274,0.185473,0.262001,0.0565283,-0.963411
0.883514,0.0484844,0.878783,-0.825794,0.563971,-0.000642404,0.499419,0.731802,0.46373,0.262001,0.382625,-0.885976
0.883514,0.060903,0.740788,-0.825794,0.530179,0.192286,0.499419,0.529064,0.686055,0.262001,0.662572,-0.70168
0.883514,0.11977,0.615361,-0.825794,0.43244,0.362022,0.499419,0.262513,0.825632,0.262001,0.862602,-0.43275
0.883514,0.217985,0.517633,-0.825794,0.282542,0.488092,0.499419,-0.0357013,0.865625,0.262001,0.95859,-0.111625
0.883514,0.343702,0.45939,-0.825794,0.0985652,0.555292,0.499419,-0.329609,0.80121,0.262001,0.938958,0.222964
0.883514,0.481758,0.447657,-0.825794,-0.0972999,0.555515,0.499419,-0.583761,0.640158,0.262001,0.806074,0.53066
0.883514,0.615501,0.48385,-0.825794,-0.281429,0.488735,0.499419,-0.767503,0.401894,0.262001,0.575965,0.774351
0.883514,0.728799,0.563602,-0.825794,-0.431614,0.363006,0.499419,-0.858673,0.115155,0.262001,0.276387,0.924644
0.883514,0.807988,0.677296,-0.825794,-0.52974,0.193493,0.499419,-0.846274,-0.185473,0.262001,-0.0565283,0.963411
0.875863,0.159568,1.11881,0.985232,-0.161336,-0.0573527,-0.00862081,0.287788,-0.957655,0.17101,0.944007,0.282147
0.875863,0.0831947,1.00433,0.985232,-0.131991,-0.109074,-0.00862081,0.597969,-0.801473,0.17101,0.790576,0.588
0.875863,0.0505815,0.870632,0.985232,-0.0867253,-0.14764,-0.00862081,0.836027,-0.54862,0.17101,0.541791,0.822933
0.875863,0.0656617,0.733845,0.985232,-0.0309993,-0.168398,-0.00862081,0.973248,-0.229596,0.17101,0.227657,0.958607
0.875863,0.126616,0.610465,0.985232,0.0284656,-0.168845,-0.00862081,0.99308,0.11712,0.17101,-0.113935,0.978659
0.875863,0.226093,0.515373,0.985232,0.0844971,-0.148926,-0.00862081,0.893133,0.449711,0.17101,-0.441785,0.880671
0.875863,0.352094,0.46004,0.985232,0.130337,-0.111045,-0.00862081,0.68546,0.728059,0.17101,-0.716349,0.676461
0.875863,0.489422,0.451138,0.985232,0.160456,-0.0597704,-0.00862081,0.395111,0.918593,0.17101,-0.904511,0.390659
0.875863,0.621512,0.489742,0.985232,0.171222,-0.00128642,-0.00862081,0.0571057,0.998331,0.17101,-0.983576,0.0577384
0.875863,0.732432,0.571195,0.985232,0.161336,0.0573527,-0.00862081,-0.287788,0.957655,0.17101,-0.944007,-0.282147
0.875863,0.808805,0.685673,0.985232,0.131991,0.109074,-0.00862081,-0.597969,0.801473,0.17101,-0.790576,-0.588
0.875863,0.841418,0.819368,0.985232,0.0867253,0.14764,-0.00862081,-0.836027,0.54862,0.17101,-0.541791,-0.822933
0.875863,0.826338,0.956155,0.985232,0.0309993,0.168398,-0.00862081,-0.973248,0.229596,0.17101,-0.227657,-0.958607
0.875863,0.765384,1.07954,0.985232,-0.0284656,0.168845,-0.00862081,-0.99308,-0.11712,0.17101,0.113935,-0.978659
0.875863,0.665907,1.17463,0.985232,-0.0844971,0.148926,-0.00862081,-0.893133,-0.449711,0.17101,0.441785,-0.880671
0.875863,0.539906,1.22996,0.985232,-0.130337,0.111045,-0.00862081,-0.68546,-0.728059,0.17101,0.716349,-0.676461
0.875863,0.402578,1.23886,0.985232,-0.160456,0.0597704,-0.00862081,-0.395111,-0.918593,0.17101,0.904511,-0.390659
0.875863,0.270488,1.20026,0.985232,-0.171222,0.00128642,-0.00862081,-0.0571057,-0.998331,0.17101,0.983576,-0.0577384
0.875863,0.159568,1.11881,0.985232,-0.161336,-0.0573527,-0.00862081,0.287788,-0.957655,0.17101,0.944007,0.282147
0.749059,0.21143,1.06716,0.900555,-0.396958,0.177272,0.292759,0.252286,-0.922304,0.321393,0.882483,0.34341
0.749059,0.149592,0.973536,0.900555,-0.433649,0.0308135,0.292759,0.552517,-0.780395,0.321393,0.71181,0.624527
0.749059,0.123506,0.864407,0.900555,-0.418036,-0.119362,0.292759,0.786107,-0.54436,0.321393,0.455282,0.830316
0.749059,0.136317,0.752937,0.900555,-0.352001,-0.25514,0.292759,0.924881,-0.242666,0.321393,0.14384,0.935958
0.749059,0.18648,0.652572,0.900555,-0.24351,-0.360144,0.292759,0.952101,0.0882964,0.321393,-0.184951,0.928709
0.749059,0.267946,0.575416,0.900555,-0.105648,-0.42171,0.292759,0.864483,0.408609,0.321393,-0.491434,0.809444
0.749059,0.370887,0.530775,0.900555,0.044957,-0.432412,0.292759,0.672596,0.679638,0.321393,-0.738643,0.592548
0.749059,0.482888,0.524035,0.900555,0.190139,-0.390958,0.292759,0.399583,0.868692,0.321393,-0.896761,0.304182
0.749059,0.59044,0.556008,0.900555,0.312388,-0.302349,0.292759,0.0783756,0.952969,0.321393,-0.946716,-0.0208728
0.749059,0.68057,0.622838,0.900555,0.396958,-0.177272,0.292759,-0.252286,0.922304,0.321393,-0.882483,-0.34341
0.749059,0.742408,0.716464,0.900555,0.433649,-0.0308135,0.292759,-0.552517,0.780395,0.321393,-0.71181,-0.624527
0.749059,0.768494,0.825593,0.900555,0.418036,0.119362,0.292759,-0.786107,0.54436,0.321393,-0.455282,-0.830316
0.749059,0.755683,0.937063,0.900555,0.352001,0.25514,0.292759,-0.924881,0.242666,0.321393,-0.14384,-0.935958
0.749059,0.70552,1.03743,0.900555,0.24351,0.360144,0.292759,-0.952101,-0.0882964,0.321393,0.184951,-0.928709
0.749059,0.624054,1.11458,0.900555,0.105648,0.42171,0.292759,-0.864483,-0.408609,0.321393,0.491434,-0.809444
0.749059,0.521113,1.15922,0.900555,-0.044957,0.432412,0.292759,-0.672596,-0.679638,0.321393,0.738643,-0.592548
0.749059,0.409112,1.16596,0.900555,-0.190139,0.390958,0.292759,-0.399583,-0.868692,0.321393,0.896761,-0.304182
0.749059,0.30156,1.13399,0.900555,-0.312388,0.302349,0.292759,-0.0783756,-0.952969,0.321393,0.946716,0.0208728
0.749059,0.21143,1.06716,0.900555,-0.396958,0.177272,0.292759,0.252286,-0.922304,0.321393,0.882483,0.34341
0.654934,0.290897,0.988032,0.707258,-0.597848,0.377312,0.558827,0.145883,-0.816352,0.433011,0.788223,0.437271
0.654934,0.251331,0.926357,0.707258,-0.690841,0.150081,0.558827,0.416294,-0.717225,0.433011,0.591132,0.680488
0.654934,0.235245,0.85487,0.707258,-0.700509,-0.0952516,0.558827,0.636494,-0.53159,0.433011,0.322742,0.841629
0.654934,0.244579,0.782192,0.707258,-0.625686,-0.329096,0.558827,0.779923,-0.281837,0.433011,0.015424,0.901257
0.654934,0.278208,0.71709,0.707258,-0.475395,-0.523246,0.558827,0.829282,0.00190898,0.433011,-0.293754,0.85218
0.654934,0.332075,0.667416,0.707258,-0.267764,-0.654285,0.558827,0.778617,0.285425,0.433011,-0.567501,0.700317
0.654934,0.399683,0.639161,0.707258,-0.0278376,-0.706407,0.558827,0.63404,0.534514,0.433011,-0.772799,0.463986
0.654934,0.472877,0.635733,0.707258,0.215447,-0.673327,0.558827,0.412988,0.719134,0.433011,-0.884886,0.171691
0.654934,0.54283,0.657546,0.707258,0.432745,-0.559033,0.558827,0.142123,0.817015,0.433011,-0.890243,-0.141312
0.654934,0.601103,0.701968,0.707258,0.597848,-0.377312,0.558827,-0.145883,0.816352,0.433011,-0.788223,-0.437271
0.654934,0.640669,0.763643,0.707258,0.690841,-0.150081,0.558827,-0.416294,0.717225,0.433011,-0.591132,-0.680488
0.654934,0.656755,0.83513,0.707258,0.700509,0.0952516,0.558827,-0.636494,0.53159,0.433011,-0.322742,-0.841629
0.654934,0.647421,0.907808,0.707258,0.625686,0.329096,0.558827,-0.779923,0.281837,0.433011,-0.015424,-0.901257
0.654934,0.613792,0.97291,0.707258,0.475395,0.523246,0.558827,-0.829282,-0.00190898,0.433011,0.293754,-0.85218
0.654934,0.559925,1.02258,0.707258,0.267764,0.654285,0.558827,-0.778617,-0.285425,0.433011,0.567501,-0.700317
0.654934,0.492317,1.05084,0.707258,0.0278376,0.706407,0.558827,-0.63404,-0.534514,0.433011,0.772799,-0.463986
0.654934,0.419123,1.05427,0.707258,-0.215447,0.673327,0.558827,-0.412988,-0.719134,0.433011,0.884886,-0.171691
