0.658953,0.615977,0.940016,0.308961,0.572317,-0.759603,0.951075,-0.185922,0.246758,-3.49349e-06,-0.798678,-0.601759
0.907818,0.467913,1.21463,0.92986,-0.367869,0.00578519,-0.179072,-0.466263,-0.866332,0.321394,0.804531,-0.499434
0.907818,0.327619,1.19903,0.92986,-0.347663,-0.120382,-0.179072,-0.141841,-0.973558,0.321394,0.926829,-0.194149
0.907818,0.20112,1.13638,0.92986,-0.285523,-0.23203,-0.179072,0.199689,-0.963357,0.321394,0.937337,0.134554
0.907818,0.103675,1.03425,0.92986,-0.188945,-0.315692,-0.179072,0.517134,-0.836962,0.321394,0.834789,0.447027
0.907818,0.0470368,0.904956,0.92986,-0.0695771,-0.361276,-0.179072,0.772205,-0.609617,0.321394,0.631552,0.705583
0.907818,0.0380372,0.764084,0.92986,0.0581825,-0.363285,-0.179072,0.934137,-0.308743,0.321394,0.352142,0.879035
0.907818,0.0777615,0.628629,0.92986,0.178925,-0.321477,-0.179072,0.983397,0.0293704,0.321394,0.0302572,0.946462
0.907818,0.161418,0.51493,0.92986,0.278086,-0.240894,-0.179072,0.914046,0.363941,0.321394,-0.295277,0.899732
0.907818,0.278917,0.4367,0.92986,0.343705,-0.131255,-0.179072,0.734447,0.654615,0.321394,-0.585196,0.744481
0.907818,0.416087,0.403375,0.92986,0.367869,-0.00578519,-0.179072,0.466263,0.866332,0.321394,-0.804531,0.499434
0.907818,0.556381,0.418974,0.92986,0.347663,0.120382,-0.179072,0.141841,0.973558,0.321394,-0.926829,0.194149
0.907818,0.68288,0.481616,0.92986,0.285523,0.23203,-0.179072,-0.199689,0.963357,0.321394,-0.937337,-0.134554
0.907818,0.780325,0.583746,0.92986,0.188945,0.315692,-0.179072,-0.517134,0.836962,0.321394,-0.834789,-0.447027
0.907818,0.836963,0.713044,0.92986,0.0695771,0.361276,-0.179072,-0.772205,0.609617,0.321394,-0.631552,-0.705583
0.907818,0.845963,0.853916,0.92986,-0.0581825,0.363285,-0.179072,-0.934137,0.308743,0.321394,-0.352142,-0.879035
0.907818,0.806238,0.989371,0.92986,-0.178925,0.321477,-0.179072,-0.983397,-0.0293704,0.321394,-0.0302572,-0.946462
0.907818,0.722582,1.10307,0.92986,-0.278086,0.240894,-0.179072,-0.914046,-0.363941,0.321394,0.295277,-0.899732
0.907818,0.605083,1.1813,0.92986,-0.343705,0.131255,-0.179072,-0.734447,-0.654615,0.321394,0.585196,-0.744481
0.907818,0.467913,1.21463,0.92986,-0.367869,0.00578519,-0.179072,-0.466263,-0.866332,0.321394,0.804531,-0.499434
0.809114,0.502193,1.16913,0.796489,-0.551045,0.248904,-0.0275851,-0.444336,-0.895436,0.604023,0.706339,-0.369109
0.809114,0.375392,1.168,0.796489,-0.602944,0.045425,-0.0275851,-0.111282,-0.993406,0.604023,0.789984,-0.105267
0.809114,0.256625,1.12357,0.796489,-0.582118,-0.163533,-0.0275851,0.235194,-0.971557,0.604023,0.778346,0.171272
0.809114,0.160216,1.04119,0.796489,-0.49108,-0.352767,-0.0275851,0.553302,-0.832524,0.604023,0.672827,0.427153
0.809114,0.0977955,0.930814,0.796489,-0.340811,-0.499452,-0.0275851,0.804674,-0.593076,0.604023,0.486156,0.631513
0.809114,0.0768907,0.805743,0.796489,-0.149435,-0.585896,-0.0275851,0.95899,-0.282094,0.604023,0.240847,0.759703
0.809114,0.100024,0.681065,0.796489,0.0599652,-0.601672,-0.0275851,0.997638,0.0629119,0.604023,-0.0335115,0.796262
0.809114,0.164404,0.571817,0.796489,0.262133,-0.544877,-0.0275851,0.915956,0.40033,0.604023,-0.303828,0.73678
0.809114,0.262266,0.491178,0.796489,0.432683,-0.422362,-0.0275851,0.723796,0.689463,0.604023,-0.537499,0.588431
0.809114,0.381807,0.448872,0.796489,0.551045,-0.248904,-0.0275851,0.444336,0.895436,0.604023,-0.706339,0.369109
0.809114,0.508608,0.450003,0.796489,0.602944,-0.045425,-0.0275851,0.111282,0.993406,0.604023,-0.789984,0.105267
0.809114,0.627375,0.494435,0.796489,0.582118,0.163533,-0.0275851,-0.235194,0.971557,0.604023,-0.778346,-0.171272
0.809114,0.723784,0.576807,0.796489,0.49108,0.352767,-0.0275851,-0.553302,0.832524,0.604023,-0.672827,-0.427153
0.809114,0.786205,0.687186,0.796489,0.340811,0.499452,-0.0275851,-0.804674,0.593076,0.604023,-0.486156,-0.631513
0.809114,0.807109,0.812257,0.796489,0.149435,0.585896,-0.0275851,-0.95899,0.282094,0.604023,-0.240847,-0.759703
0.809114,0.783976,0.936935,0.796489,-0.0599652,0.601672,-0.0275851,-0.997638,-0.0629119,0.604023,0.0335115,-0.796262
0.809114,0.719596,1.04618,0.796489,-0.262133,0.544877,-0.0275851,-0.915956,-0.40033,0.604023,0.303828,-0.73678
0.809114,0.621734,1.12682,0.796489,-0.432683,0.422362,-0.0275851,-0.723796,-0.689463,0.604023,0.537499,-0.588431
0.809114,0.502193,1.16913,0.796489,-0.551045,0.248904,-0.0275851,-0.444336,-0.895436,0.604023,0.706339,-0.369109
0.735846,0.55472,1.09941,0.567051,-0.695726,0.44093,0.127229,-0.454908,-0.881403,0.813797,0.5559,-0.16944
0.735846,0.448595,1.12045,0.567051,-0.804575,0.176386,0.127229,-0.126017,-0.983836,0.813797,0.580326,0.0309077
0.735846,0.341675,1.10392,0.567051,-0.816381,-0.109432,0.127229,0.218075,-0.967603,0.813797,0.534757,0.227527
0.735846,0.246855,1.05182,0.567051,-0.729719,-0.382051,0.127229,0.535863,-0.834664,0.813797,0.424689,0.396703
0.735846,0.175573,0.970437,0.567051,-0.555043,-0.608589,0.127229,0.789018,-0.601051,0.813797,0.263396,0.518031
0.735846,0.136426,0.869578,0.567051,-0.31342,-0.761723,0.127229,0.947006,-0.294943,0.813797,0.0703345,0.576877
0.735846,0.134136,0.761412,0.567051,-0.0339938,-0.822981,0.127229,0.990772,0.0467391,0.813797,-0.131211,0.566143
0.735846,0.168978,0.658986,0.567051,0.249532,-0.784976,0.127229,0.915035,0.382784,0.813797,-0.31693,0.487124
0.735846,0.236751,0.574654,0.567051,0.502961,-0.652291,0.127229,0.728932,0.67266,0.813797,-0.464423,0.34935
0.735846,0.32928,0.518588,0.567051,0.695726,-0.44093,0.127229,0.454908,0.881403,0.813797,-0.5559,0.16944
0.735846,0.435405,0.497549,0.567051,0.804575,-0.176386,0.127229,0.126017,0.983836,0.813797,-0.580326,-0.0309077
0.735846,0.542325,0.514076,0.567051,0.816381,0.109432,0.127229,-0.218075,0.967603,0.813797,-0.534757,-0.227527
0.735846,0.637145,0.566176,0.567051,0.729719,0.382051,0.127229,-0.535863,0.834664,0.813797,-0.424689,-0.396703
0.735846,0.708427,0.647563,0.567051,0.555043,0.608589,0.127229,-0.789018,0.601051,0.813797,-0.263396,-0.518031
0.735846,0.747574,0.748422,0.567051,0.31342,0.761723,0.127229,-0.947006,0.294943,0.813797,-0.0703345,-0.576877
0.735846,0.749864,0.856588,0.567051,0.0339938,0.822981,0.127229,-0.990772,-0.0467391,0.813797,0.131211,-0.566143
0.735846,0.715022,0.959014,0.567051,-0.249532,0.784976,0.127229,-0.915035,-0.382784,0.813797,0.31693,-0.487124
0.735846,0.647249,1.04335,0.567051,-0.502961,0.652291,0.127229,-0.728932,-0.67266,0.813797,0.464423,-0.34935
0.735846,0.55472,1.09941,0.567051,-0.695726,0.44093,0.127229,-0.454908,-0.881403,0.813797,0.5559,-0.16944
0.696852,0.619158,1.01389,0.269218,-0.784459,0.5587,0.266698,-0.496707,-0.825927,0.925416,0.371358,0.0754912
0.696852,0.538399,1.06212,0.269218,-0.928237,0.256706,0.266698,-0.184268,-0.946001,0.925416,0.323143,0.197951
0.696852,0.446012,1.07983,0.269218,-0.960056,-0.076251,0.266698,0.150396,-0.951973,0.925416,0.235952,0.296534
0.696852,0.353142,1.06487,0.269218,-0.876078,-0.400011,0.266698,0.46692,-0.843124,0.925416,0.120302,0.359351
0.696852,0.270989,1.01904,0.269218,-0.686432,-0.675524,0.266698,0.727127,-0.632581,0.925416,-0.00985864,0.378826
0.696852,0.209463,0.947888,0.269218,-0.413993,-0.869558,0.266698,0.899631,-0.34574,0.925416,-0.13883,0.352608
0.696852,0.175984,0.85998,0.269218,-0.0916194,-0.958711,0.266698,0.963627,-0.0171972,0.925416,-0.251057,0.28386
0.696852,0.17459,0.765923,0.269218,0.241805,-0.93223,0.266698,0.911395,0.31342,0.925416,-0.333002,0.180875
0.696852,0.20545,0.677061,0.269218,0.546063,-0.793307,0.266698,0.749235,0.606234,0.925416,-0.374782,0.0560735
0.696852,0.264842,0.604113,0.269218,0.784459,-0.5587,0.266698,0.496707,0.825927,0.925416,-0.371358,-0.0754912
0.696852,0.345601,0.555878,0.269218,0.928237,-0.256706,0.266698,0.184268,0.946001,0.925416,-0.323143,-0.197951
0.696852,0.437988,0.538173,0.269218,0.960056,0.076251,0.266698,-0.150396,0.951973,0.925416,-0.235952,-0.296534
0.696852,0.530858,0.553133,0.269218,0.876078,0.400011,0.266698,-0.46692,0.843124,0.925416,-0.120302,-0.359351
0.696852,0.613011,0.598955,0.269218,0.686432,0.675524,0.266698,-0.727127,0.632581,0.925416,0.00985864,-0.378826
0.696852,0.674537,0.670112,0.269218,0.413993,0.869558,0.266698,-0.899631,0.34574,0.925416,0.13883,-0.352608
0.696852,0.708016,0.75802,0.269218,0.0916194,0.958711,0.266698,-0.963627,0.0171972,0.925416,0.251057,-0.28386
0.696852,0.70941,0.852077,0.269218,-0.241805,0.93223,0.266698,-0.911395,-0.31342,0.925416,0.333002,-0.180875
0.696852,0.67855,0.940939,0.269218,-0.546063,0.793307,0.266698,-0.749235,-0.606234,0.925416,0.374782,-0.0560735
0.696852,0.619158,1.01389,0.269218,-0.784459,0.5587,0.266698,-0.496707,-0.825927,0.925416,0.371358,0.0754912
0.696834,0.687736,0.922867,-0.061087,-0.806543,0.588011,0.373999,-0.564688,-0.735698,0.925415,0.174974,0.336141
0.696834,0.633971,1.00005,-0.061087,-0.959014,0.276696,0.373999,-0.27901,-0.884465,0.925415,0.0494546,0.375714
0.696834,0.557052,1.05418,-0.061087,-0.995814,-0.0679929,0.373999,0.0403213,-0.926552,0.925415,-0.0820296,0.36997
0.696834,0.466256,1.07875,-0.061087,-0.912504,-0.404481,0.373999,0.354789,-0.856884,0.925415,-0.20362,0.319602
0.696834,0.372534,1.07078,-0.061087,-0.719133,-0.692182,0.373999,0.626464,-0.683862,0.925415,-0.30065,0.230686
0.696834,0.287191,1.03123,-0.061087,-0.439023,-0.896397,0.373999,0.822578,-0.428357,0.925415,-0.361418,0.113945
0.696834,0.22052,0.96488,-0.061087,-0.105961,-0.992492,0.373999,0.919478,-0.121185,0.925415,-0.378594,-0.0165388
0.696834,0.180563,0.879729,-0.061087,0.239881,-0.968878,0.373999,0.905474,0.200603,0.925415,-0.350105,-0.145028
0.696834,0.172139,0.786046,-0.061087,0.556791,-0.828404,0.373999,0.782257,0.498195,0.925415,-0.279389,-0.256025
0.696834,0.196264,0.695133,-0.061087,0.806543,-0.588011,0.373999,0.564688,0.735698,0.925415,-0.174974,-0.336141
0.696834,0.250029,0.617953,-0.061087,0.959014,-0.276696,0.373999,0.27901,0.884465,0.925415,-0.0494546,-0.375714
0.696834,0.326948,0.563817,-0.061087,0.995814,0.0679929,0.373999,-0.0403213,0.926552,0.925415,0.0820296,-0.36997
0.696834,0.417744,0.539253,-0.061087,0.912504,0.404481,0.373999,-0.354789,0.856884,0.925415,0.20362,-0.319602
0.696834,0.511466,0.547224,-0.061087,0.719133,0.692182,0.373999,-0.626464,0.683862,0.925415,0.30065,-0.230686
0.696834,0.596809,0.58677,-0.061087,0.439023,0.896397,0.373999,-0.822578,0.428357,0.925415,0.361418,-0.113945
0.696834,0.66348,0.65312,-0.061087,0.105961,0.992492,0.373999,-0.919478,0.121185,0.925415,0.378594,0.0165388
0.696834,0.703437,0.738271,-0.061087,-0.239881,0.968878,0.373999,-0.905474,-0.200603,0.925415,0.350105,0.145028
0.696834,0.711861,0.831954,-0.061087,-0.556791,0.828404,0.373999,-0.782257,-0.498195,0.925415,0.279389,0.256025
0.696834,0.687736,0.922867,-0.061087,-0.806543,0.588011,0.373999,-0.564688,-0.735698,0.925415,0.174974,0.336141
0.735794,0.752182,0.837332,-0.384024,-0.759314,0.525327,0.43619,-0.650654,-0.621601,0.813796,-0.00956714,0.581072
0.735794,0.723785,0.941712,-0.384024,-0.893194,0.233945,0.43619,-0.398815,-0.80665,0.813796,-0.207728,0.542757
0.735794,0.661402,1.03008,-0.384024,-0.919342,-0.0856537,0.43619,-0.0988731,-0.894406,0.813796,-0.380835,0.438977
0.735794,0.572555,1.09179,-0.384024,-0.834603,-0.394922,0.43619,0.212995,-0.874284,0.813796,-0.508006,0.28225
0.735794,0.467961,1.11939,-0.384024,-0.649199,-0.656556,0.43619,0.499172,-0.748709,0.813796,-0.573905,0.0914803
0.735794,0.360236,1.10955,-0.384024,-0.385493,-0.839,0.43619,0.725142,-0.53283,0.813796,-0.570583,-0.110324
0.735794,0.262373,1.06346,-0.384024,-0.0752896,-0.920248,0.43619,0.863649,-0.252683,0.813796,-0.498439,-0.298821
0.735794,0.186175,0.986677,-0.384024,0.243994,-0.890501,0.43619,0.897987,0.057941,0.813796,-0.366177,-0.451276
0.735794,0.140834,0.888465,-0.384024,0.533849,-0.753346,0.43619,0.824015,0.361577,0.813796,-0.189748,-0.549301
0.735794,0.131818,0.780668,-0.384024,0.759314,-0.525327,0.43619,0.650654,0.621601,0.813796,0.00956714,-0.581072
0.735794,0.160215,0.676288,-0.384024,0.893194,-0.233945,0.43619,0.398815,0.80665,0.813796,0.207728,-0.542757
0.735794,0.222598,0.587915,-0.384024,0.919342,0.0856537,0.43619,0.0988731,0.894406,0.813796,0.380835,-0.438977
0.735794,0.311445,0.526209,-0.384024,0.834603,0.394922,0.43619,-0.212995,0.874284,0.813796,0.508006,-0.28225
0.735794,0.416039,0.498611,-0.384024,0.649199,0.656556,0.43619,-0.499172,0.748709,0.813796,0.573905,-0.0914803
0.735794,0.523764,0.50845,-0.384024,0.385493,0.839,0.43619,-0.725142,0.53283,0.813796,0.570583,0.110324
0.735794,0.621627,0.554541,-0.384024,0.0752896,0.920248,0.43619,-0.863649,0.252683,0.813796,0.498439,0.298821
0.735794,0.697825,0.631323,-0.384024,-0.243994,0.890501,0.43619,-0.897987,-0.057941,0.813796,0.366177,0.451276
0.735794,0.743166,0.729535,-0.384024,-0.533849,0.753346,0.43619,-0.824015,-0.361577,0.813796,0.189748,0.549301
0.735794,0.752182,0.837332,-0.384024,-0.759314,0.525327,0.43619,-0.650654,-0.621601,0.813796,-0.00956714,0.581072
0.809034,0.804723,0.767598,-0.660642,-0.648468,0.378208,0.44577,-0.744236,-0.497395,0.604021,-0.160006,0.780741
0.809034,0.797008,0.894153,-0.660642,-0.738716,0.13361,0.44577,-0.529234,-0.721942,0.604021,-0.417386,0.678931
0.809034,0.746474,1.01044,-0.660642,-0.739863,-0.127103,0.44577,-0.250398,-0.859412,0.604021,-0.624423,0.495232
0.809034,0.659217,1.10243,-0.660642,-0.651772,-0.372486,0.44577,0.0586391,-0.893225,0.604021,-0.756145,0.251801
0.809034,0.545759,1.15902,-0.660642,-0.485068,-0.572941,0.44577,0.360604,-0.819301,0.604021,-0.796665,-0.0220012
0.809034,0.419787,1.1734,-0.660642,-0.259857,-0.704292,0.44577,0.619074,-0.646557,0.604021,-0.741095,-0.29315
0.809034,0.296494,1.14383,-0.660642,-0.00330371,-0.750694,0.44577,0.802875,-0.395829,0.604021,-0.596138,-0.52894
0.809034,0.190751,1.07387,-0.660642,0.253648,-0.706552,0.44577,0.889837,-0.0973586,0.604021,-0.379279,-0.700932
0.809034,0.115313,0.971964,-0.660642,0.480006,-0.577189,0.44577,0.869472,0.212855,0.604021,-0.116672,-0.788382
0.809034,0.0792775,0.850402,-0.660642,0.648468,-0.378208,0.44577,0.744236,0.497395,0.604021,0.160006,-0.780741
0.809034,0.0869919,0.723847,-0.660642,0.738716,-0.13361,0.44577,0.529234,0.721942,0.604021,0.417386,-0.678931
0.809034,0.137526,0.607562,-0.660642,0.739863,0.127103,0.44577,0.250398,0.859412,0.604021,0.624423,-0.495232
0.809034,0.224783,0.515574,-0.660642,0.651772,0.372486,0.44577,-0.0586391,0.893225,0.604021,0.756145,-0.251801
0.809034,0.338241,0.458977,-0.660642,0.485068,0.572941,0.44577,-0.360604,0.819301,0.604021,0.796665,0.0220012
0.809034,0.464213,0.444599,-0.660642,0.259857,0.704292,0.44577,-0.619074,0.646557,0.604021,0.741095,0.29315
0.809034,0.587506,0.474172,-0.660642,0.00330371,0.750694,0.44577,-0.802875,0.395829,0.604021,0.596138,0.52894
0.809034,0.693249,0.544131,-0.660642,-0.253648,0.706552,0.44577,-0.889837,0.0973586,0.604021,0.379279,0.700932
0.809034,0.768687,0.646036,-0.660642,-0.480006,0.577189,0.44577,-0.869472,-0.212855,0.604021,0.116672,0.788382
0.809034,0.804723,0.767598,-0.660642,-0.648468,0.378208,0.44577,-0.744236,-0.497395,0.604021,-0.160006,0.780741
0.90772,0.839021,0.722076,-0.857576,-0.487376,0.1644,0.401584,-0.834145,-0.378064,0.321392,-0.258198,0.911066
0.90772,0.844808,0.863107,-0.857576,-0.514212,-0.0122073,0.401584,-0.654535,-0.640558,0.321392,-0.55423,0.767813
0.90772,0.80201,0.997612,-0.857576,-0.479026,-0.187342,0.401584,-0.395978,-0.825792,0.321392,-0.783413,0.53195
0.90772,0.715789,1.10937,-0.857576,-0.386062,-0.33988,0.401584,-0.0896598,-0.911423,0.321392,-0.918105,0.231927
0.90772,0.596546,1.18489,-0.857576,-0.246534,-0.451424,0.401584,0.227472,-0.887123,0.321392,-0.94206,-0.0960708
0.90772,0.458662,1.21508,-0.857576,-0.0772701,-0.508519,0.401584,0.517168,-0.755823,0.321392,-0.852389,-0.412481
0.90772,0.318768,1.19629,-0.857576,0.101314,-0.50428,0.401584,0.744485,-0.533359,0.321392,-0.659907,-0.679139
0.90772,0.193738,1.13079,-0.857576,0.267678,-0.439217,0.401584,0.882007,-0.246565,0.321392,-0.38783,-0.863883
0.90772,0.0986523,1.02647,-0.857576,0.401756,-0.321178,0.401584,0.913146,0.0699692,0.321392,-0.0689758,-0.944431
0.90772,0.0449791,0.895924,-0.857576,0.487376,-0.1644,0.401584,0.834145,0.378064,0.321392,0.258198,-0.911066
0.90772,0.0391925,0.754893,-0.857576,0.514212,0.0122073,0.401584,0.654535,0.640558,0.321392,0.55423,-0.767813
0.90772,0.0819904,0.620388,-0.857576,0.479026,0.187342,0.401584,0.395978,0.825792,0.321392,0.783413,-0.53195
0.90772,0.168211,0.508632,-0.857576,0.386062,0.33988,0.401584,0.0896598,0.911423,0.321392,0.918105,-0.231927
0.90772,0.287454,0.433105,-0.857576,0.246534,0.451424,0.401584,-0.227472,0.887123,0.321392,0.94206,0.0960708
0.90772,0.425338,0.402916,-0.857576,0.0772701,0.508519,0.401584,-0.517168,0.755823,0.321392,0.852389,0.412481
0.90772,0.565232,0.421708,-0.857576,-0.101314,0.50428,0.401584,-0.744485,0.533359,0.321392,0.659907,0.679139
0.90772,0.690262,0.487212,-0.857576,-0.267678,0.439217,0.401584,-0.882007,0.246565,0.321392,0.38783,0.863883
0.90772,0.785348,0.591529,-0.857576,-0.401756,0.321178,0.401584,-0.913146,-0.0699692,0.321392,0.0689758,0.944431
0.90772,0.839021,0.722076,-0.857576,-0.487376,0.1644,0.401584,-0.834145,-0.378064,0.321392,-0.258198,0.911066
0.883612,0.325503,1.1906,0.961642,-0.272474,-0.0316718,-0.0812368,-0.172606,-0.981635,0.262003,0.946555,-0.18812
0.883612,0.202016,1.12774,0.961642,-0.245209,-0.122953,-0.0812368,0.173543,-0.98147,0.262003,0.953811,0.146966
0.883612,0.107474,1.02644,0.961642,-0.188369,-0.199405,-0.0812368,0.498759,-0.862925,0.262003,0.846024,0.464325
0.883612,0.0532803,0.898909,0.961642,-0.108808,-0.251805,-0.0812368,0.763818,-0.640299,0.262003,0.636194,0.72568
0.883612,0.0459723,0.760537,0.961642,-0.0161239,-0.273834,-0.0812368,0.936749,-0.340443,0.262003,0.349629,0.899508
0.883612,0.0864311,0.62801,0.961642,0.0785052,-0.262834,-0.0812368,0.996695,0.000475735,0.262003,0.0208943,0.964841
0.883612,0.169777,0.517313,0.961642,0.163665,-0.220133,-0.0812368,0.936424,0.341337,0.262003,-0.310361,0.9138
0.883612,0.285957,0.441798,0.961642,0.229085,-0.150881,-0.0812368,0.763207,0.641027,0.262003,-0.604182,0.752542
0.883612,0.420958,0.410573,0.961642,0.266874,-0.0634297,-0.0812368,0.497935,0.863401,0.262003,-0.82513,0.500515
0.883612,0.558497,0.427404,0.961642,0.272474,0.0316718,-0.0812368,0.172606,0.981635,0.262003,-0.946555,0.18812
0.883612,0.681984,0.490262,0.961642,0.245209,0.122953,-0.0812368,-0.173543,0.98147,0.262003,-0.953811,-0.146966
0.883612,0.776526,0.591563,0.961642,0.188369,0.199405,-0.0812368,-0.498759,0.862925,0.262003,-0.846024,-0.464325
0.883612,0.83072,0.719091,0.961642,0.108808,0.251805,-0.0812368,-0.763818,0.640299,0.262003,-0.636194,-0.72568
0.883612,0.838028,0.857463,0.961642,0.0161239,0.273834,-0.0812368,-0.936749,0.340443,0.262003,-0.349629,-0.899508
0.883612,0.797569,0.98999,0.961642,-0.0785052,0.262834,-0.0812368,-0.996695,-0.000475735,0.262003,-0.0208943,-0.964841
0.883612,0.714223,1.10069,0.961642,-0.163665,0.220133,-0.0812368,-0.936424,-0.341337,0.262003,0.310361,-0.9138
0.883612,0.598043,1.1762,0.961642,-0.229085,0.150881,-0.0812368,-0.763207,-0.641027,0.262003,0.604182,-0.752542
0.883612,0.463042,1.20743,0.961642,-0.266874,0.0634297,-0.0812368,-0.497935,-0.863401,0.262003,0.82513,-0.500515
0.883612,0.325503,1.1906,0.961642,-0.272474,-0.0316718,-0.0812368,-0.172606,-0.981635,0.262003,0.946555,-0.18812
0.763622,0.367178,1.13528,0.856221,-0.46536,0.224335,0.156285,-0.180569,-0.971066,0.492403,0.866507,-0.0818778
0.763622,0.260095,1.09002,0.856221,-0.514022,0.0516436,0.156285,0.162445,-0.974262,0.492403,0.842254,0.219423
0.763622,0.174953,1.01085,0.856221,-0.500686,-0.127277,0.156285,0.485866,-0.859947,0.492403,0.716413,0.494258
0.763622,0.12202,0.907344,0.856221,-0.42696,-0.290846,0.156285,0.750684,-0.64191,0.492403,0.504162,0.709478
0.763622,0.107681,0.791973,0.856221,-0.301736,-0.419335,0.156285,0.924958,-0.346449,0.492403,0.231101,0.839125
0.763622,0.133667,0.678657,0.856221,-0.140118,-0.497245,0.156285,0.987669,-0.0092017,0.492403,-0.0698335,0.867561
0.763622,0.196842,0.581061,0.856221,0.0384,-0.515181,0.156285,0.931253,0.329156,0.492403,-0.362345,0.791356
0.763622,0.289586,0.510958,0.856221,0.212287,-0.470978,0.156285,0.762513,0.627813,0.492403,-0.611153,0.619702
0.763622,0.400714,0.476804,0.856221,0.360568,-0.369969,0.156285,0.501803,0.850746,0.492403,-0.786247,0.373303
0.763622,0.516822,0.482717,0.856221,0.46536,-0.224335,0.156285,0.180569,0.971066,0.492403,-0.866507,0.0818778
0.763622,0.623905,0.527985,0.856221,0.514022,-0.0516436,0.156285,-0.162445,0.974262,0.492403,-0.842254,-0.219423
0.763622,0.709047,0.607147,0.856221,0.500686,0.127277,0.156285,-0.485866,0.859947,0.492403,-0.716413,-0.494258
0.763622,0.76198,0.710656,0.856221,0.42696,0.290846,0.156285,-0.750684,0.64191,0.492403,-0.504162,-0.709478
0.763622,0.776319,0.826027,0.856221,0.301736,0.419335,0.156285,-0.924958,0.346449,0.492403,-0.231101,-0.839125
0.763622,0.750333,0.939343,0.856221,0.140118,0.497245,0.156285,-0.987669,0.0092017,0.492403,0.0698335,-0.867561
0.763622,0.687158,1.03694,0.856221,-0.0384,0.515181,0.156285,-0.931253,-0.329156,0.492403,0.362345,-0.791356
0.763622,0.594414,1.10704,0.856221,-0.212287,0.470978,0.156285,-0.762513,-0.627813,0.492403,0.611153,-0.619702
0.763622,0.483286,1.1412,0.856221,-0.360568,0.369969,0.156285,-0.501803,-0.850746,0.492403,0.786247,-0.373303
0.763622,0.367178,1.13528,0.856221,-0.46536,0.224335,0.156285,-0.180569,-0.971066,0.492403,0.866507,-0.0818778
0.674556,0.431035,1.05053,0.647527,-0.624917,0.436106,0.374957,-0.236937,-0.896252,0.663413,0.743868,0.0808941
0.674556,0.349089,1.03221,0.647527,-0.736387,0.196071,0.374957,0.0838884,-0.923239,0.663413,0.67134,0.330434
0.674556,0.278349,0.986974,0.647527,-0.759037,-0.0676123,0.374957,0.394596,-0.838869,0.663413,0.517838,0.540118
0.674556,0.227347,0.920269,0.647527,-0.690137,-0.323141,0.374957,0.657709,-0.653319,0.663413,0.301878,0.684656
0.674556,0.202236,0.840143,0.647527,-0.537996,-0.539694,0.374957,0.841492,-0.38897,0.663413,0.0495062,0.746614
0.674556,0.206044,0.756261,0.647527,-0.320965,-0.691152,0.374957,0.92378,-0.0777048,0.663413,-0.208837,0.71852
0.674556,0.238312,0.67874,0.647527,-0.0652203,-0.759247,0.374957,0.894646,0.242933,0.663413,-0.44199,0.603762
0.674556,0.295147,0.61693,0.647527,0.198391,-0.735765,0.374957,0.757604,0.534269,0.663413,-0.621834,0.416181
0.674556,0.369696,0.578287,0.647527,0.438073,-0.62354,0.374957,0.529184,0.761164,0.663413,-0.726675,0.178402
0.674556,0.452965,0.567471,0.647527,0.624917,-0.436106,0.374957,0.236937,0.896252,0.663413,-0.743868,-0.0808941
0.674556,0.534911,0.585787,0.647527,0.736387,-0.196071,0.374957,-0.0838884,0.923239,0.663413,-0.67134,-0.330434
0.674556,0.605651,0.631026,0.647527,0.759037,0.0676123,0.374957,-0.394596,0.838869,0.663413,-0.517838,-0.540118
0.674556,0.656653,0.697731,0.647527,0.690137,0.323141,0.374957,-0.657709,0.653319,0.663413,-0.301878,-0.684656
0.674556,0.681764,0.777857,0.647527,0.537996,0.539694,0.374957,-0.841492,0.38897,0.663413,-0.0495062,-0.746614
0.674556,0.677956,0.861739,0.647527,0.320965,0.691152,0.374957,-0.92378,0.0777048,0.663413,0.208837,-0.71852
0.674556,0.645688,0.93926,0.647527,0.0652203,0.759247,0.374957,-0.894646,-0.242933,0.663413,0.44199,-0.603762
0.674556,0.588853,1.00107,0.647527,-0.198391,0.735765,0.374957,-0.757604,-0.534269,0.663413,0.621834,-0.416181
0.674556,0.514304,1.03971,0.647527,-0.438073,0.62354,0.374957,-0.529184,-0.761164,0.663413,0.726675,-0.178402
0.674556,0.431035,1.05053,0.647527,-0.624917,0.436106,0.374957,-0.236937,-0.896252,0.663413,0.743868,0.0808941
0.627155,0.509372,0.946557,0.360731,-0.731899,0.578097,0.548404,-0.334911,-0.766216,0.754404,0.593429,0.280563
0.627155,0.458262,0.961304,0.360731,-0.885481,0.29291,0.548404,-0.0526522,-0.834554,0.754404,0.461683,0.466608
0.627155,0.40519,0.957681,0.360731,-0.932261,-0.0276074,0.548404,0.235958,-0.802233,0.754404,0.27425,0.596373
0.627155,0.356558,0.936125,0.360731,-0.866597,-0.344795,0.548404,0.496107,-0.67315,0.754404,0.0537396,0.654206
0.627155,0.318232,0.899235,0.360731,-0.696408,-0.620394,0.548404,0.696419,-0.462875,0.754404,-0.173253,0.633133
0.627155,0.294834,0.851462,0.360731,-0.442222,-0.821165,0.548404,0.812733,-0.196771,0.754404,-0.379349,0.535694
0.627155,0.289186,0.798568,0.360731,-0.134697,-0.922892,0.548404,0.831019,0.0930666,0.754404,-0.539689,0.373643
0.627155,0.30197,0.746931,0.360731,0.189073,-0.913304,0.548404,0.749071,0.371679,0.754404,-0.634936,0.166525
0.627155,0.331643,0.702781,0.360731,0.490039,-0.793558,0.548404,0.576775,0.605462,0.754404,-0.653599,-0.0606786
0.627155,0.374628,0.671443,0.360731,0.731899,-0.578097,0.548404,0.334911,0.766216,0.754404,-0.593429,-0.280563
0.627155,0.425738,0.656696,0.360731,0.885481,-0.29291,0.548404,0.0526522,0.834554,0.754404,-0.461683,-0.466608
0.627155,0.47881,0.660319,0.360731,0.932261,0.0276074,0.548404,-0.235958,0.802233,0.754404,-0.27425,-0.596373
0.627155,0.527442,0.681875,0.360731,0.866597,0.344795,0.548404,-0.496107,0.67315,0.754404,-0.0537396,-0.654206
0.627155,0.565768,0.718765,0.360731,0.696408,0.620394,0.548404,-0.696419,0.462875,0.754404,0.173253,-0.633133
0.627155,0.589166,0.766538,0.360731,0.442222,0.821165,0.548404,-0.812733,0.196771,0.754404,0.379349,-0.535694
0.627155,0.594814,0.819432,0.360731,0.134697,0.922892,0.548404,-0.831019,-0.0930666,0.754404,0.539689,-0.373643
0.627155,0.58203,0.871069,0.360731,-0.189073,0.913304,0.548404,-0.749071,-0.371679,0.754404,0.634936,-0.166525
0.627155,0.552357,0.915219,0.360731,-0.490039,0.793558,0.548404,-0.576775,-0.605462,0.754404,0.653599,0.0606786
0.627155,0.509372,0.946557,0.360731,-0.731899,0.578097,0.548404,-0.334911,-0.766216,0.754404,0.593429,0.280563
0.627137,0.592741,0.835907,0.0304265,-0.773403,0.633184,0.655705,-0.462675,-0.596644,0.754404,0.433335,0.493047
0.627137,0.574447,0.885841,0.0304265,-0.943323,0.330478,0.655705,-0.230708,-0.718906,0.754404,0.23857,0.611522
0.627137,0.540179,0.926506,0.0304265,-0.999464,-0.0120874,0.655705,0.0290858,-0.754457,0.754404,0.0150298,0.656238
0.627137,0.494068,0.952999,0.0304265,-0.935055,-0.353195,0.655705,0.285371,-0.69901,0.754404,-0.210323,0.621803
0.627137,0.441678,0.962123,0.0304265,-0.757864,-0.651702,0.655705,0.507237,-0.559252,0.754404,-0.410308,0.512369
0.627137,0.389326,0.952778,0.0304265,-0.489264,-0.871605,0.655705,0.667922,-0.352039,0.754404,-0.560804,0.341135
0.627137,0.343328,0.926092,0.0304265,-0.161651,-0.986379,0.655705,0.748046,-0.102366,0.754404,-0.643659,0.128756
0.627137,0.30923,0.885283,0.0304265,0.185459,-0.982181,0.655705,0.737944,0.159654,0.754404,-0.648878,-0.0991531
0.627137,0.291147,0.835272,0.0304265,0.5102,-0.859517,0.655705,0.638836,0.402418,0.754404,-0.575834,-0.315103
0.627137,0.291259,0.782093,0.0304265,0.773403,-0.633184,0.655705,0.462675,0.596644,0.754404,-0.433335,-0.493047
0.627137,0.309553,0.732159,0.0304265,0.943323,-0.330478,0.655705,0.230708,0.718906,0.754404,-0.23857,-0.611522
0.627137,0.343821,0.691494,0.0304265,0.999464,0.0120874,0.655705,-0.0290858,0.754457,0.754404,-0.0150298,-0.656238
0.627137,0.389932,0.665001,0.0304265,0.935055,0.353195,0.655705,-0.285371,0.69901,0.754404,0.210323,-0.621803
0.627137,0.442322,0.655877,0.0304265,0.757864,0.651702,0.655705,-0.507237,0.559252,0.754404,0.410308,-0.512369
0.627137,0.494674,0.665222,0.0304265,0.489264,0.871605,0.655705,-0.667922,0.352039,0.754404,0.560804,-0.341135
0.627137,0.540672,0.691908,0.0304265,0.161651,0.986379,0.655705,-0.748046,0.102366,0.754404,0.643659,-0.128756
0.627137,0.57477,0.732717,0.0304265,-0.185459,0.982181,0.655705,-0.737944,-0.159654,0.754404,0.648878,0.0991531
0.627137,0.592853,0.782728,0.0304265,-0.5102,0.859517,0.655705,-0.638836,-0.402418,0.754404,0.575834,0.315103
0.627137,0.592741,0.835907,0.0304265,-0.773403,0.633184,0.655705,-0.462675,-0.596644,0.754404,0.433335,0.493047
0.674504,0.671085,0.731925,-0.303548,-0.744424,0.59472,0.683918,-0.604817,-0.407986,0.663411,0.282896,0.692716
0.674504,0.683631,0.814925,-0.303548,-0.902936,0.304246,0.683918,-0.428802,-0.590241,0.663411,0.0289129,0.747696
0.674504,0.667033,0.89721,-0.303548,-0.95254,-0.0229241,0.683918,-0.201068,-0.701304,0.663411,-0.228558,0.712493
0.674504,0.623292,0.968856,-0.303548,-0.887255,-0.34733,0.683918,0.0509182,-0.72778,0.663411,-0.458461,0.591353
0.674504,0.557685,1.02122,-0.303548,-0.714953,-0.629842,0.683918,0.296763,-0.666474,0.663411,-0.633067,0.398887
0.674504,0.478124,1.04799,-0.303548,-0.456417,-0.836386,0.683918,0.506814,-0.524782,0.663411,-0.731316,0.15831
0.674504,0.394207,1.04593,-0.303548,-0.142831,-0.94205,0.683918,0.655735,-0.319793,0.663411,-0.741357,-0.101362
0.674504,0.316054,1.0153,-0.303548,0.187983,-0.934088,0.683918,0.725565,-0.076233,0.663411,-0.66198,-0.348809
0.674504,0.253092,0.959779,-0.303548,0.496123,-0.813462,0.683918,0.707881,0.176522,0.663411,-0.502758,-0.554184
0.674504,0.212915,0.886075,-0.303548,0.744424,-0.59472,0.683918,0.604817,0.407986,0.663411,-0.282896,-0.692716
0.674504,0.200369,0.803075,-0.303548,0.902936,-0.304246,0.683918,0.428802,0.590241,0.663411,-0.0289129,-0.747696
0.674504,0.216967,0.72079,-0.303548,0.95254,0.0229241,0.683918,0.201068,0.701304,0.663411,0.228558,-0.712493
0.674504,0.260708,0.649144,-0.303548,0.887255,0.34733,0.683918,-0.0509182,0.72778,0.663411,0.458461,-0.591353
0.674504,0.326315,0.596779,-0.303548,0.714953,0.629842,0.683918,-0.296763,0.666474,0.663411,0.633067,-0.398887
0.674504,0.405876,0.570011,-0.303548,0.456417,0.836386,0.683918,-0.506814,0.524782,0.663411,0.731316,-0.15831
0.674504,0.489793,0.572069,-0.303548,0.142831,0.94205,0.683918,-0.655735,0.319793,0.663411,0.741357,0.101362
0.674504,0.567946,0.602704,-0.303548,-0.187983,0.934088,0.683918,-0.725565,0.076233,0.663411,0.66198,0.348809
0.674504,0.630908,0.658221,-0.303548,-0.496123,0.813462,0.683918,-0.707881,-0.176522,0.663411,0.502758,0.554184
0.674504,0.671085,0.731925,-0.303548,-0.744424,0.59472,0.683918,-0.604817,-0.407986,0.663411,0.282896,0.692716
0.763543,0.734956,0.647152,-0.60091,-0.648455,0.467347,0.629641,-0.744193,-0.223,0.492402,0.160257,0.855487
0.763543,0.772644,0.75711,-0.60091,-0.76919,0.217377,0.629641,-0.623043,-0.46408,0.492402,-0.142001,0.858706
0.763543,0.770451,0.873326,-0.60091,-0.79715,-0.0588105,0.629641,-0.426744,-0.649186,0.492402,-0.427132,0.758353
0.763543,0.728642,0.981784,-0.60091,-0.728961,-0.327905,0.629641,-0.178973,-0.75599,0.492402,-0.660745,0.566531
0.763543,0.65226,1.0694,-0.60091,-0.57285,-0.55745,0.629641,0.0903841,-0.771611,0.492402,-0.814662,0.306377
0.763543,0.550517,1.12561,-0.60091,-0.347644,-0.719757,0.629641,0.34884,-0.694164,0.492402,-0.870319,0.00926899
0.763543,0.435686,1.14363,-0.60091,-0.0805066,-0.795252,0.629641,0.56522,-0.53299,0.492402,-0.821002,-0.288957
0.763543,0.321616,1.12129,-0.60091,0.196341,-0.774827,0.629641,0.713427,-0.307531,0.492402,-0.672661,-0.55233
0.763543,0.222066,1.06128,-0.60091,0.449506,-0.660947,0.629641,0.775583,-0.0449778,0.492402,-0.443187,-0.749084
0.763543,0.149044,0.970848,-0.60091,0.648455,-0.467347,0.629641,0.744193,0.223,0.492402,-0.160257,-0.855487
0.763543,0.111356,0.86089,-0.60091,0.76919,-0.217377,0.629641,0.623043,0.46408,0.492402,0.142001,-0.858706
0.763543,0.113549,0.744674,-0.60091,0.79715,0.0588105,0.629641,0.426744,0.649186,0.492402,0.427132,-0.758353
0.763543,0.155358,0.636216,-0.60091,0.728961,0.327905,0.629641,0.178973,0.75599,0.492402,0.660745,-0.566531
0.763543,0.23174,0.548599,-0.60091,0.57285,0.55745,0.629641,-0.0903841,0.771611,0.492402,0.814662,-0.306377
0.763543,0.333483,0.49239,-0.60091,0.347644,0.719757,0.629641,-0.34884,0.694164,0.492402,0.870319,-0.00926899
0.763543,0.448314,0.474369,-0.60091,0.0805066,0.795252,0.629641,-0.56522,0.53299,0.492402,0.821002,0.288957
0.763543,0.562384,0.496709,-0.60091,-0.196341,0.774827,0.629641,-0.713427,0.307531,0.492402,0.672661,0.55233
0.763543,0.661934,0.556716,-0.60091,-0.449506,0.660947,0.629641,-0.775583,0.0449778,0.492402,0.443187,0.749084
0.763543,0.734956,0.647152,-0.60091,-0.648455,0.467347,0.629641,-0.744193,-0.223,0.492402,0.160257,0.855487
0.883514,0.77665,0.591815,-0.825794,-0.497073,0.266426,0.499419,-0.863994,-0.0639959,0.262001,0.0802107,0.961729
0.883514,0.83075,0.71937,-0.825794,-0.558219,0.0803494,0.499419,-0.79,-0.35564,0.262001,-0.253557,0.931163
0.883514,0.837961,0.857735,-0.825794,-0.552035,-0.115418,0.499419,-0.620722,-0.604388,0.262001,-0.556742,0.788285
0.883514,0.797413,0.990223,-0.825794,-0.479268,-0.297265,0.499419,-0.376575,-0.780238,0.262001,-0.792776,0.550329
0.883514,0.713997,1.10085,-0.825794,-0.348694,-0.443257,0.499419,-0.0870072,-0.86198,0.262001,-0.933189,0.245995
0.883514,0.597774,1.17628,-0.825794,-0.176062,-0.535785,0.499419,0.213055,-0.839755,0.262001,-0.961046,-0.0880103
0.883514,0.462763,1.20741,-0.825794,0.0178049,-0.563691,0.499419,0.487419,-0.716242,0.262001,-0.872987,-0.4114
0.883514,0.325247,1.19048,-0.825794,0.209525,-0.523606,0.499419,0.702993,-0.506341,0.262001,-0.679632,-0.685168
0.883514,0.201814,1.12754,-0.825794,0.375973,-0.420367,0.499419,0.833776,-0.235367,0.262001,-0.404304,-0.876296
0.883514,0.10735,1.02619,-0.825794,0.497073,-0.266426,0.499419,0.863994,0.0639959,0.262001,-0.0802107,-0.961729
0.883514,0.0532503,0.89863,-0.825794,0.558219,-0.0803494,0.499419,0.79,0.35564,0.262001,0.253557,-0.931163
0.883514,0.0460394,0.760265,-0.825794,0.552035,0.115418,0.499419,0.620722,0.604388,0.262001,0.556742,-0.788285
0.883514,0.0865872,0.627777,-0.825794,0.479268,0.297265,0.499419,0.376575,0.780238,0.262001,0.792776,-0.550329
0.883514,0.170003,0.517148,-0.825794,0.348694,0.443257,0.499419,0.0870072,0.86198,0.262001,0.933189,-0.245995
0.883514,0.286226,0.44172,-0.825794,0.176062,0.535785,0.499419,-0.213055,0.839755,0.262001,0.961046,0.0880103
0.883514,0.421237,0.410592,-0.825794,-0.0178049,0.563691,0.499419,-0.487419,0.716242,0.262001,0.872987,0.4114
0.883514,0.558753,0.427518,-0.825794,-0.209525,0.523606,0.499419,-0.702993,0.506341,0.262001,0.679632,0.685168
0.883514,0.682186,0.490456,-0.825794,-0.375973,0.420367,0.499419,-0.833776,0.235367,0.262001,0.404304,0.876296
0.883514,0.77665,0.591815,-0.825794,-0.497073,0.266426,0.499419,-0.863994,-0.0639959,0.262001,0.0802107,0.961729
0.875863,0.197144,1.12054,0.985232,-0.167823,-0.0339731,-0.00862081,0.14954,-0.988718,0.17101,0.974409,0.145885
0.875863,0.105357,1.01801,0.985232,-0.146083,-0.0893232,-0.00862081,0.478683,-0.877945,0.17101,0.865749,0.470355
0.875863,0.0541741,0.890264,0.985232,-0.106722,-0.1339,-0.00862081,0.75009,-0.661279,0.17101,0.652668,0.738093
0.875863,0.049769,0.752719,0.985232,-0.05449,-0.162326,-0.00862081,0.931025,-0.364853,0.17101,0.360864,0.916806
0.875863,0.0926727,0.621962,0.985232,0.00431478,-0.171173,-0.00862081,0.999665,-0.0244207,0.17101,0.0255357,0.984938
0.875863,0.17771,0.513765,0.985232,0.0625991,-0.159374,-0.00862081,0.94773,0.318958,0.17101,-0.312873,0.934273
0.875863,0.294625,0.441177,0.985232,0.113333,-0.128353,-0.00862081,0.781485,0.623865,0.17101,-0.613545,0.770921
0.875863,0.429316,0.412955,0.985232,0.150397,-0.0818497,-0.00862081,0.520981,0.853525,0.17101,-0.840214,0.514584
0.875863,0.565536,0.432501,0.985232,0.169322,-0.0254746,-0.00862081,0.19764,0.980237,0.17101,-0.965541,0.19618
0.875863,0.686856,0.497459,0.985232,0.167823,0.0339731,-0.00862081,-0.14954,0.988718,0.17101,-0.974409,-0.145885
0.875863,0.778643,0.599993,0.985232,0.146083,0.0893232,-0.00862081,-0.478683,0.877945,0.17101,-0.865749,-0.470355
0.875863,0.829826,0.727736,0.985232,0.106722,0.1339,-0.00862081,-0.75009,0.661279,0.17101,-0.652668,-0.738093
0.875863,0.834231,0.865281,0.985232,0.05449,0.162326,-0.00862081,-0.931025,0.364853,0.17101,-0.360864,-0.916806
0.875863,0.791327,0.996038,0.985232,-0.00431478,0.171173,-0.00862081,-0.999665,0.0244207,0.17101,-0.0255357,-0.984938
0.875863,0.70629,1.10424,0.985232,-0.0625991,0.159374,-0.00862081,-0.94773,-0.318958,0.17101,0.312873,-0.934273
0.875863,0.589375,1.17682,0.985232,-0.113333,0.128353,-0.00862081,-0.781485,-0.623865,0.17101,0.613545,-0.770921
0.875863,0.454684,1.20505,0.985232,-0.150397,0.0818497,-0.00862081,-0.520981,-0.853525,0.17101,0.840214,-0.514584
0.875863,0.318464,1.1855,0.985232,-0.169322,0.0254746,-0.00862081,-0.19764,-0.980237,0.17101,0.965541,-0.19618
0.875863,0.197144,1.12054,0.985232,-0.167823,-0.0339731,-0.00862081,0.14954,-0.988718,0.17101,0.974409,0.145885
0.749059,0.241186,1.06209,0.900555,-0.367917,0.2316,0.292759,0.119391,-0.948703,0.321393,0.922162,0.215229
0.749059,0.166736,0.978141,0.900555,-0.42494,0.0917975,0.292759,0.436667,-0.850655,0.321393,0.792936,0.517648
0.749059,0.125487,0.873795,0.900555,-0.43071,-0.0590767,0.292759,0.701274,-0.650006,0.321393,0.56807,0.75763
0.749059,0.122414,0.761633,0.900555,-0.384529,-0.202825,0.292759,0.881297,-0.370956,0.321393,0.274687,0.906231
0.749059,0.157887,0.655185,0.900555,-0.291969,-0.32211,0.292759,0.955022,-0.0471629,0.321393,-0.0518278,0.945527
0.749059,0.227629,0.567289,0.900555,-0.164193,-0.402544,0.292759,0.913558,0.282318,0.321393,-0.372091,0.870778
0.749059,0.323228,0.508547,0.900555,-0.0166128,-0.434425,0.292759,0.761905,0.577748,0.321393,-0.647475,0.691001
0.749059,0.433152,0.486044,0.900555,0.132971,-0.413908,0.292759,0.518356,0.803492,0.321393,-0.844764,0.427879
0.749059,0.544143,0.502494,0.900555,0.266517,-0.343467,0.292759,0.212284,0.932324,0.321393,-0.940162,0.113149
0.749059,0.642814,0.555913,0.900555,0.367917,-0.2316,0.292759,-0.119391,0.948703,0.321393,-0.922162,-0.215229
0.749059,0.717264,0.639859,0.900555,0.42494,-0.0917975,0.292759,-0.436667,0.850655,0.321393,-0.792936,-0.517648
0.749059,0.758513,0.744205,0.900555,0.43071,0.0590767,0.292759,-0.701274,0.650006,0.321393,-0.56807,-0.75763
0.749059,0.761586,0.856367,0.900555,0.384529,0.202825,0.292759,-0.881297,0.370956,0.321393,-0.274687,-0.906231
0.749059,0.726113,0.962815,0.900555,0.291969,0.32211,0.292759,-0.955022,0.0471629,0.321393,0.0518278,-0.945527
0.749059,0.656371,1.05071,0.900555,0.164193,0.402544,0.292759,-0.913558,-0.282318,0.321393,0.372091,-0.870778
0.749059,0.560772,1.10945,0.900555,0.0166128,0.434425,0.292759,-0.761905,-0.577748,0.321393,0.647475,-0.691001
0.749059,0.450848,1.13196,0.900555,-0.132971,0.413908,0.292759,-0.518356,-0.803492,0.321393,0.844764,-0.427879
0.749059,0.339857,1.11551,0.900555,-0.266517,0.343467,0.292759,-0.212284,-0.932324,0.321393,0.940162,-0.113149
0.749059,0.241186,1.06209,0.900555,-0.367917,0.2316,0.292759,0.119391,-0.948703,0.321393,0.922162,0.215229
0.654934,0.30867,0.972519,0.707258,-0.538515,0.458026,0.558827,0.0290329,-0.828776,0.433011,0.842115,0.321471
0.654934,0.260784,0.917056,0.707258,-0.662693,0.24622,0.558827,0.31074,-0.768864,0.433011,0.68138,0.590104
0.654934,0.234756,0.84856,0.707258,-0.70694,0.00471685,0.558827,0.554967,-0.616217,0.433011,0.43846,0.787562
0.654934,0.233724,0.775292,0.707258,-0.665919,-0.237355,0.558827,0.732257,-0.389245,0.433011,0.142656,0.890029
0.654934,0.257813,0.706091,0.707258,-0.544579,-0.450799,0.558827,0.821226,-0.115324,0.433011,-0.170355,0.885145
0.654934,0.304118,0.649301,0.707258,-0.357555,-0.609869,0.558827,0.811143,0.172507,0.433011,-0.462819,0.773499
0.654934,0.367054,0.611774,0.707258,-0.127404,-0.695381,0.558827,0.703224,0.439531,0.433011,-0.69946,0.568558
0.654934,0.439029,0.598035,0.707258,0.118114,-0.697019,0.558827,0.510486,0.653541,0.433011,-0.851735,0.29504
0.654934,0.511362,0.609741,0.707258,0.349385,-0.614586,0.558827,0.256176,0.788724,0.433011,-0.901279,-0.0140635
0.654934,0.57533,0.645481,0.707258,0.538515,-0.458026,0.558827,-0.0290329,0.828776,0.433011,-0.842115,-0.321471
0.654934,0.623216,0.700944,0.707258,0.662693,-0.24622,0.558827,-0.31074,0.768864,0.433011,-0.68138,-0.590104
0.654934,0.649244,0.76944,0.707258,0.70694,-0.00471685,0.558827,-0.554967,0.616217,0.433011,-0.43846,-0.787562
0.654934,0.650276,0.842708,0.707258,0.665919,0.237355,0.558827,-0.732257,0.389245,0.433011,-0.142656,-0.890029
0.654934,0.626187,0.911909,0.707258,0.544579,0.450799,0.558827,-0.821226,0.115324,0.433011,0.170355,-0.885145
0.654934,0.579882,0.968699,0.707258,0.357555,0.609869,0.558827,-0.811143,-0.172507,0.433011,0.462819,-0.773499
0.654934,0.516946,1.00623,0.707258,0.127404,0.695381,0.558827,-0.703224,-0.439531,0.433011,0.69946,-0.568558
0.654934,0.444971,1.01997,0.707258,-0.118114,0.697019,0.558827,-0.510486,-0.653541,0.433011,0.851735,-0.29504
