0.658953,0.176572,0.920666,0.308961,-0.10649,0.945094,0.951075,0.0345972,-0.307017,-3.49349e-06,0.993712,0.111969
0.907818,0.164408,0.608921,0.92986,0.313806,-0.19206,-0.179072,0.84204,0.508824,0.321394,-0.438742,0.839173
0.907818,0.293139,0.551006,0.92986,0.36057,-0.0731498,-0.179072,0.61723,0.766133,0.321394,-0.699297,0.638506
0.907818,0.433916,0.540612,0.92986,0.363843,0.0545837,-0.179072,0.317974,0.931035,0.321394,-0.875506,0.360825
0.907818,0.569757,0.578994,0.92986,0.323232,0.175734,-0.179072,-0.0196348,0.98364,0.321394,-0.946116,0.0396243
0.907818,0.684279,0.661521,0.92986,0.243634,0.275687,-0.179072,-0.354875,0.917604,0.321394,-0.902611,-0.286356
0.907818,0.763668,0.77824,0.92986,0.134651,0.342389,-0.179072,-0.647313,0.740891,0.321394,-0.750237,-0.577798
0.907818,0.798349,0.915073,0.92986,0.00942625,0.367794,-0.179072,-0.861675,0.474816,0.321394,-0.507374,-0.799548
0.907818,0.784139,1.05552,0.92986,-0.116935,0.348837,-0.179072,-0.972106,0.151471,0.321394,-0.203314,-0.924862
0.907818,0.722752,1.18263,0.92986,-0.229192,0.287806,-0.179072,-0.965287,-0.190144,0.321394,0.125269,-0.938623
0.907818,0.621592,1.28108,0.92986,-0.313806,0.19206,-0.179072,-0.84204,-0.508824,0.321394,0.438742,-0.839173
0.907818,0.492861,1.33899,0.92986,-0.36057,0.0731498,-0.179072,-0.61723,-0.766133,0.321394,0.699297,-0.638506
0.907818,0.352084,1.34939,0.92986,-0.363843,-0.0545837,-0.179072,-0.317974,-0.931035,0.321394,0.875506,-0.360825
0.907818,0.216243,1.31101,0.92986,-0.323232,-0.175734,-0.179072,0.0196348,-0.98364,0.321394,0.946116,-0.0396243
0.907818,0.101721,1.22848,0.92986,-0.243634,-0.275687,-0.179072,0.354875,-0.917604,0.321394,0.902611,0.286356
0.907818,0.0223323,1.11176,0.92986,-0.134651,-0.342389,-0.179072,0.647313,-0.740891,0.321394,0.750237,0.577798
0.907818,-0.0123489,0.974927,0.92986,-0.00942625,-0.367794,-0.179072,0.861675,-0.474816,0.321394,0.507374,0.799548
0.907818,0.00186092,0.834485,0.92986,0.116935,-0.348837,-0.179072,0.972106,-0.151471,0.321394,0.203314,0.924862
0.907818,0.0632479,0.707372,0.92986,0.229192,-0.287806,-0.179072,0.965287,0.190144,0.321394,-0.125269,0.938623
0.907818,0.164408,0.608921,0.92986,0.313806,-0.19206,-0.179072,0.84204,0.508824,0.321394,-0.438742,0.839173
0.809114,0.15803,0.665529,0.796489,0.347889,-0.494548,-0.0275851,0.83796,0.545034,0.604023,-0.420472,0.677023
0.809114,0.267785,0.602018,0.796489,0.496054,-0.345738,-0.0275851,0.601012,0.798764,0.604023,-0.62667,0.492383
0.809114,0.392643,0.579876,0.796489,0.584388,-0.155227,-0.0275851,0.291573,0.956151,0.604023,-0.757282,0.248355
0.809114,0.517544,0.601774,0.796489,0.602236,0.0540066,-0.0275851,-0.0530337,0.998212,0.604023,-0.796555,-0.0256281
0.809114,0.627423,0.66507,0.796489,0.547445,0.256726,-0.0275851,-0.391244,0.919874,0.604023,-0.739751,-0.29652
0.809114,0.709028,0.762129,0.796489,0.426625,0.428481,-0.0275851,-0.682264,0.730585,0.604023,-0.593723,-0.531648
0.809114,0.752515,0.881245,0.796489,0.254347,0.548555,-0.0275851,-0.890993,0.453177,0.604023,-0.376083,-0.702651
0.809114,0.752639,1.00805,0.796489,0.051391,0.602465,-0.0275851,-0.992256,0.12111,0.604023,-0.113082,-0.788904
0.809114,0.709385,1.12725,0.796489,-0.157763,0.583708,-0.0275851,-0.973837,-0.225566,0.604023,0.163559,-0.780003
0.809114,0.62797,1.22447,0.796489,-0.347889,0.494548,-0.0275851,-0.83796,-0.545034,0.604023,0.420472,-0.677023
0.809114,0.518215,1.28798,0.796489,-0.496054,0.345738,-0.0275851,-0.601012,-0.798764,0.604023,0.62667,-0.492383
0.809114,0.393357,1.31012,0.796489,-0.584388,0.155227,-0.0275851,-0.291573,-0.956151,0.604023,0.757282,-0.248355
0.809114,0.268456,1.28823,0.796489,-0.602236,-0.0540066,-0.0275851,0.0530337,-0.998212,0.604023,0.796555,0.0256281
0.809114,0.158577,1.22493,0.796489,-0.547445,-0.256726,-0.0275851,0.391244,-0.919874,0.604023,0.739751,0.29652
0.809114,0.0769722,1.12787,0.796489,-0.426625,-0.428481,-0.0275851,0.682264,-0.730585,0.604023,0.593723,0.531648
0.809114,0.0334854,1.00875,0.796489,-0.254347,-0.548555,-0.0275851,0.890993,-0.453177,0.604023,0.376083,0.702651
0.809114,0.0333614,0.881949,0.796489,-0.051391,-0.602465,-0.0275851,0.992256,-0.12111,0.604023,0.113082,0.788904
0.809114,0.0766152,0.762747,0.796489,0.157763,-0.583708,-0.0275851,0.973837,0.225566,0.604023,-0.163559,0.780003
0.809114,0.15803,0.665529,0.796489,0.347889,-0.494548,-0.0275851,0.83796,0.545034,0.604023,-0.420472,0.677023
0.735846,0.148256,0.752269,0.567051,0.374809,-0.733465,0.127229,0.839927,0.527575,0.813797,-0.39248,0.428595
0.735846,0.228934,0.680184,0.567051,0.603065,-0.56104,0.127229,0.608832,0.78303,0.813797,-0.515399,0.268511
0.735846,0.329401,0.640041,0.567051,0.758583,-0.320944,0.127229,0.304303,0.944041,0.813797,-0.576153,0.0760413
0.735846,0.437538,0.63668,0.567051,0.822604,-0.0421384,0.127229,-0.0369297,0.991186,0.813797,-0.567414,-0.1256
0.735846,0.540304,0.670507,0.567051,0.787407,0.24175,0.127229,-0.373708,0.918779,0.813797,-0.490237,-0.312093
0.735846,0.625303,0.737442,0.567051,0.657237,0.49648,0.127229,-0.665412,0.735554,0.813797,-0.35393,-0.460942
0.735846,0.682282,0.829411,0.567051,0.447795,0.691327,0.127229,-0.876857,0.463611,0.813797,-0.174934,-0.554195
0.735846,0.70437,0.935323,0.567051,0.184342,0.80279,0.127229,-0.98254,0.135749,0.813797,0.0251618,-0.580604
0.735846,0.688902,1.0424,0.567051,-0.101346,0.817424,0.127229,-0.969714,-0.208486,0.813797,0.222223,-0.536983
0.735846,0.637744,1.13773,0.567051,-0.374809,0.733465,0.127229,-0.839927,-0.527575,0.813797,0.39248,-0.428595
0.735846,0.557066,1.20982,0.567051,-0.603065,0.56104,0.127229,-0.608832,-0.78303,0.813797,0.515399,-0.268511
0.735846,0.456599,1.24996,0.567051,-0.758583,0.320944,0.127229,-0.304303,-0.944041,0.813797,0.576153,-0.0760413
0.735846,0.348462,1.25332,0.567051,-0.822604,0.0421384,0.127229,0.0369297,-0.991186,0.813797,0.567414,0.1256
0.735846,0.245696,1.21949,0.567051,-0.787407,-0.24175,0.127229,0.373708,-0.918779,0.813797,0.490237,0.312093
0.735846,0.160697,1.15256,0.567051,-0.657237,-0.49648,0.127229,0.665412,-0.735554,0.813797,0.35393,0.460942
0.735846,0.103718,1.06059,0.567051,-0.447795,-0.691327,0.127229,0.876857,-0.463611,0.813797,0.174934,0.554195
0.735846,0.0816299,0.954677,0.567051,-0.184342,-0.80279,0.127229,0.98254,-0.135749,0.813797,-0.0251618,0.580604
0.735846,0.0970979,0.847599,0.567051,0.101346,-0.817424,0.127229,0.969714,0.208486,0.813797,-0.222223,0.536983
0.735846,0.148256,0.752269,0.567051,0.374809,-0.733465,0.127229,0.839927,0.527575,0.813797,-0.39248,0.428595
0.696852,0.136266,0.858679,0.269218,0.39132,-0.879995,0.266698,0.847704,0.458552,0.925416,-0.358143,0.123853
0.696852,0.181273,0.776076,0.269218,0.668696,-0.693085,0.266698,0.639748,0.72083,0.925416,-0.378905,-0.00610837
0.696852,0.251817,0.713849,0.269218,0.865418,-0.42258,0.266698,0.354628,0.896165,0.925416,-0.353965,-0.135333
0.696852,0.339389,0.679501,0.269218,0.957758,-0.101105,0.266698,0.0267348,0.963409,0.925416,-0.286331,-0.248234
0.696852,0.433428,0.677177,0.269218,0.934578,0.232565,0.266698,-0.304383,0.914452,0.925416,-0.184162,-0.331195
0.696852,0.522591,0.707156,0.269218,0.798674,0.538184,0.266698,-0.598788,0.755199,0.925416,-0.0597805,-0.374209
0.696852,0.596123,0.765823,0.269218,0.566438,0.77889,0.266698,-0.82097,0.504858,0.925416,0.0718116,-0.372087
0.696852,0.645156,0.846101,0.269218,0.265882,0.92565,0.266698,-0.944131,0.193623,0.925416,0.194742,-0.325087
0.696852,0.663774,0.938307,0.269218,-0.0667441,0.960764,0.266698,-0.953415,-0.140966,0.925416,0.294184,-0.238876
0.696852,0.649734,1.03132,0.269218,-0.39132,0.879995,0.266698,-0.847704,-0.458552,0.925416,0.358143,-0.123853
0.696852,0.604727,1.11392,0.269218,-0.668696,0.693085,0.266698,-0.639748,-0.72083,0.925416,0.378905,0.00610837
0.696852,0.534183,1.17615,0.269218,-0.865418,0.42258,0.266698,-0.354628,-0.896165,0.925416,0.353965,0.135333
0.696852,0.446611,1.2105,0.269218,-0.957758,0.101105,0.266698,-0.0267348,-0.963409,0.925416,0.286331,0.248234
0.696852,0.352572,1.21282,0.269218,-0.934578,-0.232565,0.266698,0.304383,-0.914452,0.925416,0.184162,0.331195
0.696852,0.263409,1.18284,0.269218,-0.798674,-0.538184,0.266698,0.598788,-0.755199,0.925416,0.0597805,0.374209
0.696852,0.189877,1.12418,0.269218,-0.566438,-0.77889,0.266698,0.82097,-0.504858,0.925416,-0.0718116,0.372087
0.696852,0.140844,1.0439,0.269218,-0.265882,-0.92565,0.266698,0.944131,-0.193623,0.925416,-0.194742,0.325087
0.696852,0.122226,0.951693,0.269218,0.0667441,-0.960764,0.266698,0.953415,0.140966,0.925416,-0.294184,0.238876
0.696852,0.136266,0.858679,0.269218,0.39132,-0.879995,0.266698,0.847704,0.458552,0.925416,-0.358143,0.123853
0.696834,0.123506,0.971925,-0.061087,0.395429,-0.916463,0.373999,0.860354,0.34629,0.925415,-0.321602,-0.200446
0.696834,0.13055,0.878129,-0.061087,0.68503,-0.725949,0.373999,0.69003,0.619664,0.925415,-0.233651,-0.298352
0.696834,0.169249,0.792398,-0.061087,0.892007,-0.447875,0.373999,0.436478,0.818298,0.925415,-0.117517,-0.360273
0.696834,0.234935,0.725074,-0.061087,0.991395,-0.11578,0.373999,0.130281,0.918233,0.925415,0.0127904,-0.378739
0.696834,0.319687,0.684276,-0.061087,0.971205,0.230279,0.373999,-0.19163,0.907415,0.925415,0.141555,-0.351523
0.696834,0.413281,0.674925,-0.061087,0.833874,0.548563,0.373999,-0.490428,0.78715,0.925415,0.253247,-0.281909
0.696834,0.504429,0.698149,-0.061087,0.595966,0.800683,0.373999,-0.730073,0.571943,0.925415,0.334393,-0.178293
0.696834,0.582137,0.751147,-0.061087,0.286175,0.956228,0.373999,-0.88166,0.287751,0.925415,0.375206,-0.0531712
0.696834,0.637033,0.827527,-0.061087,-0.0581325,0.996438,0.373999,-0.926906,-0.0311479,0.925415,0.370764,0.0783634
0.696834,0.662494,0.918075,-0.061087,-0.395429,0.916463,0.373999,-0.860354,-0.34629,0.925415,0.321602,0.200446
0.696834,0.65545,1.01187,-0.061087,-0.68503,0.725949,0.373999,-0.69003,-0.619664,0.925415,0.233651,0.298352
0.696834,0.616751,1.0976,-0.061087,-0.892007,0.447875,0.373999,-0.436478,-0.818298,0.925415,0.117517,0.360273
0.696834,0.551065,1.16493,-0.061087,-0.991395,0.11578,0.373999,-0.130281,-0.918233,0.925415,-0.0127904,0.378739
0.696834,0.466313,1.20572,-0.061087,-0.971205,-0.230279,0.373999,0.19163,-0.907415,0.925415,-0.141555,0.351523
0.696834,0.372719,1.21508,-0.061087,-0.833874,-0.548563,0.373999,0.490428,-0.78715,0.925415,-0.253247,0.281909
0.696834,0.281571,1.19185,-0.061087,-0.595966,-0.800683,0.373999,0.730073,-0.571943,0.925415,-0.334393,0.178293
0.696834,0.203863,1.13885,-0.061087,-0.286175,-0.956228,0.373999,0.88166,-0.287751,0.925415,-0.375206,0.0531712
0.696834,0.148967,1.06247,-0.061087,0.0581325,-0.996438,0.373999,0.926906,0.0311479,0.925415,-0.370764,-0.0783634
0.696834,0.123506,0.971925,-0.061087,0.395429,-0.916463,0.373999,0.860354,0.34629,0.925415,-0.321602,-0.200446
0.735794,0.111515,1.07835,-0.384024,0.386641,-0.838472,0.43619,0.876349,0.20433,0.813796,-0.287265,-0.505188
0.735794,0.0828829,0.974032,-0.384024,0.650098,-0.655667,0.43619,0.753614,0.491737,0.813796,-0.0971566,-0.572972
0.735794,0.0916557,0.866215,-0.384024,0.835143,-0.393779,0.43619,0.539981,0.719832,0.813796,0.104671,-0.571647
0.735794,0.136775,0.7679,-0.384024,0.919458,-0.084395,0.43619,0.261219,0.861106,0.813796,0.293873,-0.501373
0.735794,0.212799,0.690947,-0.384024,0.892873,0.235168,0.43619,-0.0490495,0.898517,0.813796,0.44763,-0.370626
0.735794,0.310558,0.644636,-0.384024,0.758594,0.526366,0.43619,-0.353402,0.827554,0.813796,0.547396,-0.195176
0.735794,0.41826,0.634553,-0.384024,0.532817,0.754077,0.43619,-0.61513,0.656775,0.813796,0.581138,0.00381495
0.735794,0.522916,0.661915,-0.384024,0.242775,0.890834,0.43619,-0.802663,0.40678,0.813796,0.544786,0.202346
0.735794,0.611902,0.723421,-0.384024,-0.0765494,0.920144,0.43619,-0.893384,0.107721,0.813796,0.442725,0.376471
0.735794,0.674485,0.811653,-0.384024,-0.386641,0.838472,0.43619,-0.876349,-0.20433,0.813796,0.287265,0.505188
0.735794,0.703117,0.915968,-0.384024,-0.650098,0.655667,0.43619,-0.753614,-0.491737,0.813796,0.0971566,0.572972
0.735794,0.694344,1.02379,-0.384024,-0.835143,0.393779,0.43619,-0.539981,-0.719832,0.813796,-0.104671,0.571647
0.735794,0.649225,1.1221,-0.384024,-0.919458,0.084395,0.43619,-0.261219,-0.861106,0.813796,-0.293873,0.501373
0.735794,0.573201,1.19905,-0.384024,-0.892873,-0.235168,0.43619,0.0490495,-0.898517,0.813796,-0.44763,0.370626
0.735794,0.475442,1.24536,-0.384024,-0.758594,-0.526366,0.43619,0.353402,-0.827554,0.813796,-0.547396,0.195176
0.735794,0.36774,1.25545,-0.384024,-0.532817,-0.754077,0.43619,0.61513,-0.656775,0.813796,-0.581138,-0.00381495
0.735794,0.263084,1.22809,-0.384024,-0.242775,-0.890834,0.43619,0.802663,-0.40678,0.813796,-0.544786,-0.202346
0.735794,0.174098,1.16658,-0.384024,0.0765494,-0.920144,0.43619,0.893384,-0.107721,0.813796,-0.442725,-0.376471
0.735794,0.111515,1.07835,-0.384024,0.386641,-0.838472,0.43619,0.876349,0.20433,0.813796,-0.287265,-0.505188
0.809034,0.101739,1.16511,-0.660642,0.366016,-0.655427,0.44577,0.893761,0.0497947,0.604021,-0.259273,-0.753615
0.809034,0.0440217,1.05222,-0.660642,0.568112,-0.490715,0.44577,0.82283,0.352476,0.604021,0.0141143,-0.796843
0.809034,0.0283966,0.926395,-0.660642,0.701685,-0.266816,0.44577,0.652654,0.612644,0.604021,0.2858,-0.74396
0.809034,0.0567481,0.802816,-0.660642,0.750625,-0.0107343,0.44577,0.403757,0.798917,0.604021,0.523013,-0.601345
0.809034,0.125657,0.696385,-0.660642,0.709028,0.246642,0.44577,0.106162,0.88883,0.604021,0.697144,-0.386198
0.809034,0.226811,0.619942,-0.660642,0.581912,0.474269,0.44577,-0.204238,0.871536,0.604021,0.787188,-0.12447
0.809034,0.348009,0.582705,-0.660642,0.384608,0.644693,0.44577,-0.490004,0.749123,0.604021,0.782287,0.15227
0.809034,0.474635,0.589166,-0.660642,0.140916,0.737357,0.44577,-0.716668,0.536354,0.604021,0.683029,0.410645
0.809034,0.591414,0.638547,-0.660642,-0.119773,0.741085,0.44577,-0.856892,0.258893,0.604021,0.501389,0.61949
0.809034,0.684261,0.72489,-0.660642,-0.366016,0.655427,0.44577,-0.893761,-0.0497947,0.604021,0.259273,0.753615
0.809034,0.741978,0.837781,-0.660642,-0.568112,0.490715,0.44577,-0.82283,-0.352476,0.604021,-0.0141143,0.796843
0.809034,0.757603,0.963605,-0.660642,-0.701685,0.266816,0.44577,-0.652654,-0.612644,0.604021,-0.2858,0.74396
0.809034,0.729252,1.08718,-0.660642,-0.750625,0.0107343,0.44577,-0.403757,-0.798917,0.604021,-0.523013,0.601345
0.809034,0.660343,1.19361,-0.660642,-0.709028,-0.246642,0.44577,-0.106162,-0.88883,0.604021,-0.697144,0.386198
0.809034,0.559189,1.27006,-0.660642,-0.581912,-0.474269,0.44577,0.204238,-0.871536,0.604021,-0.787188,0.12447
0.809034,0.437991,1.30729,-0.660642,-0.384608,-0.644693,0.44577,0.490004,-0.749123,0.604021,-0.782287,-0.15227
0.809034,0.311365,1.30083,-0.660642,-0.140916,-0.737357,0.44577,0.716668,-0.536354,0.604021,-0.683029,-0.410645
0.809034,0.194586,1.25145,-0.660642,0.119773,-0.741085,0.44577,0.856892,-0.258893,0.604021,-0.501389,-0.61949
0.809034,0.101739,1.16511,-0.660642,0.366016,-0.655427,0.44577,0.893761,0.0497947,0.604021,-0.259273,-0.753615
0.90772,0.0953569,1.22175,-0.857576,0.336042,-0.389408,0.401584,0.910491,-0.0986771,0.321392,-0.241003,-0.915764
0.90772,0.0186532,1.10326,-0.857576,0.448962,-0.25099,0.401584,0.889331,0.21868,0.321392,0.0867411,-0.942965
0.90772,-0.0128987,0.965681,-0.857576,0.50773,-0.0822998,0.401584,0.760905,0.509661,0.321392,0.404023,-0.85643
0.90772,0.00450674,0.825608,-0.857576,0.505258,0.0963172,0.401584,0.540702,0.739169,0.321392,0.672574,-0.666597
0.90772,0.0687702,0.699936,-0.857576,0.441845,0.263317,0.401584,0.255283,0.879523,0.321392,0.860002,-0.396362
0.90772,0.172141,0.603822,-0.857576,0.325139,0.398557,0.401584,-0.060927,0.913793,0.321392,0.943702,-0.0783208
0.90772,0.30215,0.548859,-0.857576,0.169216,0.485725,0.401584,-0.369788,0.837847,0.321392,0.913577,0.249168
0.90772,0.443117,0.541677,-0.857576,-0.0071168,0.514307,0.401584,-0.634048,0.660843,0.321392,0.773261,0.546603
0.90772,0.578039,0.583141,-0.857576,-0.182591,0.480857,0.401584,-0.821832,0.404132,0.321392,0.539679,0.778109
0.90772,0.690643,0.668251,-0.857576,-0.336042,0.389408,0.401584,-0.910491,0.0986771,0.321392,0.241003,0.915764
0.90772,0.767347,0.786741,-0.857576,-0.448962,0.25099,0.401584,-0.889331,-0.21868,0.321392,-0.0867411,0.942965
0.90772,0.798899,0.924319,-0.857576,-0.50773,0.0822998,0.401584,-0.760905,-0.509661,0.321392,-0.404023,0.85643
0.90772,0.781493,1.06439,-0.857576,-0.505258,-0.0963172,0.401584,-0.540702,-0.739169,0.321392,-0.672574,0.666597
0.90772,0.71723,1.19006,-0.857576,-0.441845,-0.263317,0.401584,-0.255283,-0.879523,0.321392,-0.860002,0.396362
0.90772,0.613859,1.28618,-0.857576,-0.325139,-0.398557,0.401584,0.060927,-0.913793,0.321392,-0.943702,0.0783208
0.90772,0.48385,1.34114,-0.857576,-0.169216,-0.485725,0.401584,0.369788,-0.837847,0.321392,-0.913577,-0.249168
0.90772,0.342883,1.34832,-0.857576,0.0071168,-0.514307,0.401584,0.634048,-0.660843,0.321392,-0.773261,-0.546603
0.90772,0.207961,1.30686,-0.857576,0.182591,-0.480857,0.401584,0.821832,-0.404132,0.321392,-0.539679,-0.778109
0.90772,0.0953569,1.22175,-0.857576,0.336042,-0.389408,0.401584,0.910491,-0.0986771,0.321392,-0.241003,-0.915764
0.883612,0.299248,0.557189,0.961642,0.250716,-0.111295,-0.0812368,0.647828,0.757443,0.262003,-0.719347,0.643346
0.883612,0.437541,0.548512,0.961642,0.273661,-0.0188336,-0.0812368,0.349698,0.933334,0.262003,-0.896003,0.358516
0.883612,0.570462,0.587657,0.961642,0.263599,0.0758997,-0.0812368,0.00939004,0.996651,0.262003,-0.964587,0.0304438
0.883612,0.681978,0.669903,0.961642,0.221742,0.161478,-0.0812368,-0.332051,0.939757,0.262003,-0.916827,-0.3013
0.883612,0.758639,0.78533,0.961642,0.153141,0.22758,-0.0812368,-0.633441,0.769514,0.262003,-0.758485,-0.596703
0.883612,0.791199,0.920015,0.961642,0.0660682,0.266233,-0.0812368,-0.85843,0.506457,0.262003,-0.508658,-0.820135
0.883612,0.77573,1.05771,0.961642,-0.0289732,0.272774,-0.0812368,-0.979879,0.182314,0.262003,-0.19748,-0.944646
0.883612,0.714098,1.18182,0.961642,-0.12052,0.246414,-0.0812368,-0.98314,-0.163819,0.262003,0.137517,-0.955219
0.883612,0.613737,1.27736,0.961642,-0.19753,0.190333,-0.0812368,-0.86782,-0.490193,0.262003,0.455928,-0.850579
0.883612,0.486752,1.33281,0.961642,-0.250716,0.111295,-0.0812368,-0.647828,-0.757443,0.262003,0.719347,-0.643346
0.883612,0.348459,1.34149,0.961642,-0.273661,0.0188336,-0.0812368,-0.349698,-0.933334,0.262003,0.896003,-0.358516
0.883612,0.215538,1.30234,0.961642,-0.263599,-0.0758997,-0.0812368,-0.00939004,-0.996651,0.262003,0.964587,-0.0304438
0.883612,0.104022,1.2201,0.961642,-0.221742,-0.161478,-0.0812368,0.332051,-0.939757,0.262003,0.916827,0.3013
0.883612,0.0273609,1.10467,0.961642,-0.153141,-0.22758,-0.0812368,0.633441,-0.769514,0.262003,0.758485,0.596703
0.883612,-0.00519888,0.969985,0.961642,-0.0660682,-0.266233,-0.0812368,0.85843,-0.506457,0.262003,0.508658,0.820135
0.883612,0.01027,0.832286,0.961642,0.0289732,-0.272774,-0.0812368,0.979879,-0.182314,0.262003,0.19748,0.944646
0.883612,0.0719017,0.708183,0.961642,0.12052,-0.246414,-0.0812368,0.98314,0.163819,0.262003,-0.137517,0.955219
0.883612,0.172263,0.612642,0.961642,0.19753,-0.190333,-0.0812368,0.86782,0.490193,0.262003,-0.455928,0.850579
0.883612,0.299248,0.557189,0.961642,0.250716,-0.111295,-0.0812368,0.647828,0.757443,0.262003,-0.719347,0.643346
0.763622,0.291493,0.626009,0.856221,0.286605,-0.429818,0.156285,0.64931,0.744293,0.492403,-0.704453,0.51116
0.763622,0.406716,0.610529,0.856221,0.416327,-0.305872,0.156285,0.355588,0.921484,0.492403,-0.836797,0.239396
0.763622,0.520285,0.635392,0.856221,0.495834,-0.145033,0.156285,0.0189777,0.98753,0.492403,-0.86821,-0.0612426
0.763622,0.618501,0.697597,0.856221,0.515536,0.0332986,0.156285,-0.319922,0.934465,0.492403,-0.794904,-0.354494
0.763622,0.689518,0.789643,0.856221,0.473057,0.207614,0.156285,-0.620234,0.76869,0.492403,-0.625721,-0.604989
0.763622,0.724771,0.900428,0.856221,0.37352,0.356888,0.156285,-0.845737,0.5102,0.492403,-0.381067,-0.782513
0.763622,0.720008,1.01659,0.856221,0.228931,0.463117,0.156285,-0.969231,0.190172,0.492403,-0.0904509,-0.865654
0.763622,0.675802,1.12411,0.856221,0.0567291,0.513486,0.156285,-0.975822,-0.152793,0.492403,0.211075,-0.844385
0.763622,0.597486,1.21004,0.856221,-0.122315,0.501922,0.156285,-0.864715,-0.47733,0.492403,0.487143,-0.72127
0.763622,0.494507,1.26399,0.856221,-0.286605,0.429818,0.156285,-0.64931,-0.744293,0.492403,0.704453,-0.51116
0.763622,0.379284,1.27947,0.856221,-0.416327,0.305872,0.156285,-0.355588,-0.921484,0.492403,0.836797,-0.239396
0.763622,0.265715,1.25461,0.856221,-0.495834,0.145033,0.156285,-0.0189777,-0.98753,0.492403,0.86821,0.0612426
0.763622,0.167499,1.1924,0.856221,-0.515536,-0.0332986,0.156285,0.319922,-0.934465,0.492403,0.794904,0.354494
0.763622,0.0964816,1.10036,0.856221,-0.473057,-0.207614,0.156285,0.620234,-0.76869,0.492403,0.625721,0.604989
0.763622,0.0612287,0.989572,0.856221,-0.37352,-0.356888,0.156285,0.845737,-0.5102,0.492403,0.381067,0.782513
0.763622,0.0659924,0.873412,0.856221,-0.228931,-0.463117,0.156285,0.969231,-0.190172,0.492403,0.0904509,0.865654
0.763622,0.110198,0.765886,0.856221,-0.0567291,-0.513486,0.156285,0.975822,0.152793,0.492403,-0.211075,0.844385
0.763622,0.188514,0.679964,0.856221,0.122315,-0.501922,0.156285,0.864715,0.47733,0.492403,-0.487143,0.72127
0.763622,0.291493,0.626009,0.856221,0.286605,-0.429818,0.156285,0.64931,0.744293,0.492403,-0.704453,0.51116
0.674556,0.279612,0.731459,0.647527,0.316294,-0.693302,0.374957,0.659798,0.65121,0.663413,-0.681634,0.30864
0.674556,0.359485,0.705556,0.647527,0.534342,-0.543312,0.374957,0.39728,0.837601,0.663413,-0.746088,0.0568941
0.674556,0.443401,0.708534,0.647527,0.687941,-0.32779,0.374957,0.086845,0.922965,0.663413,-0.720552,-0.201714
0.674556,0.521238,0.740032,0.647527,0.758564,-0.0727325,0.374957,-0.234065,0.897006,0.663413,-0.608107,-0.435992
0.674556,0.583607,0.796253,0.647527,0.737693,0.191098,0.374957,-0.526744,0.762855,0.663413,-0.422316,-0.617684
0.674556,0.622986,0.870415,0.647527,0.627845,0.431879,0.374957,-0.755889,0.536693,0.663413,-0.185587,-0.724873
0.674556,0.634626,0.953573,0.647527,0.44227,0.620569,0.374957,-0.893863,0.245797,0.663413,0.073527,-0.744632
0.674556,0.617122,1.0357,0.647527,0.203351,0.73441,0.374957,-0.924024,-0.0747456,0.663413,0.323772,-0.674578
0.674556,0.572585,1.10688,0.647527,-0.0600957,0.759669,0.374957,-0.842734,-0.386273,0.663413,0.534965,-0.523159
0.674556,0.506388,1.15854,0.647527,-0.316294,0.693302,0.374957,-0.659798,-0.65121,0.663413,0.681634,-0.30864
0.674556,0.426515,1.18444,0.647527,-0.534342,0.543312,0.374957,-0.39728,-0.837601,0.663413,0.746088,-0.0568941
0.674556,0.342599,1.18147,0.647527,-0.687941,0.32779,0.374957,-0.086845,-0.922965,0.663413,0.720552,0.201714
0.674556,0.264762,1.14997,0.647527,-0.758564,0.0727325,0.374957,0.234065,-0.897006,0.663413,0.608107,0.435992
0.674556,0.202393,1.09375,0.647527,-0.737693,-0.191098,0.374957,0.526744,-0.762855,0.663413,0.422316,0.617684
0.674556,0.163014,1.01958,0.647527,-0.627845,-0.431879,0.374957,0.755889,-0.536693,0.663413,0.185587,0.724873
0.674556,0.151374,0.936427,0.647527,-0.44227,-0.620569,0.374957,0.893863,-0.245797,0.663413,-0.073527,0.744632
0.674556,0.168878,0.854303,0.647527,-0.203351,-0.73441,0.374957,0.924024,0.0747456,0.663413,-0.323772,0.674578
0.674556,0.213415,0.783118,0.647527,0.0600957,-0.759669,0.374957,0.842734,0.386273,0.663413,-0.534965,0.523159
0.674556,0.279612,0.731459,0.647527,0.316294,-0.693302,0.374957,0.659798,0.65121,0.663413,-0.681634,0.30864
0.627155,0.265036,0.860821,0.360731,0.3362,-0.869967,0.548404,0.678028,0.48942,0.754404,-0.653642,0.0602126
0.627155,0.301544,0.822131,0.360731,0.613471,-0.702515,0.548404,0.469746,0.691803,0.754404,-0.634817,-0.166977
0.627155,0.349083,0.798261,0.360731,0.816748,-0.450328,0.548404,0.204806,0.810745,0.754404,-0.539423,-0.374028
0.627155,0.401919,0.79209,0.360731,0.921513,-0.143826,0.548404,-0.0848362,0.831899,0.754404,-0.378967,-0.535965
0.627155,0.45368,0.804362,0.360731,0.915131,0.180024,0.548404,-0.364246,0.752714,0.754404,-0.172802,-0.633256
0.627155,0.498121,0.833597,0.360731,0.79837,0.48216,0.548404,-0.599723,0.58274,0.754404,0.0542059,-0.654168
0.627155,0.529883,0.876269,0.360731,0.585314,0.726141,0.548404,-0.762864,0.342479,0.754404,0.274676,-0.596177
0.627155,0.545136,0.927231,0.360731,0.30166,0.882538,0.548404,-0.833992,0.0609104,0.754404,0.462015,-0.466279
0.627155,0.542038,0.980336,0.360731,-0.0183781,0.932489,0.548404,-0.804529,-0.228005,0.754404,0.593629,-0.28014
0.627155,0.520964,1.02918,0.360731,-0.3362,0.869967,0.548404,-0.678028,-0.48942,0.754404,0.653642,-0.0602126
0.627155,0.484456,1.06787,0.360731,-0.613471,0.702515,0.548404,-0.469746,-0.691803,0.754404,0.634817,0.166977
0.627155,0.436917,1.09174,0.360731,-0.816748,0.450328,0.548404,-0.204806,-0.810745,0.754404,0.539423,0.374028
0.627155,0.384081,1.09791,0.360731,-0.921513,0.143826,0.548404,0.0848362,-0.831899,0.754404,0.378967,0.535965
0.627155,0.33232,1.08564,0.360731,-0.915131,-0.180024,0.548404,0.364246,-0.752714,0.754404,0.172802,0.633256
0.627155,0.287879,1.0564,0.360731,-0.79837,-0.48216,0.548404,0.599723,-0.58274,0.754404,-0.0542059,0.654168
0.627155,0.256117,1.01373,0.360731,-0.585314,-0.726141,0.548404,0.762864,-0.342479,0.754404,-0.274676,0.596177
0.627155,0.240864,0.962769,0.360731,-0.30166,-0.882538,0.548404,0.833992,-0.0609104,0.754404,-0.462015,0.466279
0.627155,0.243962,0.909664,0.360731,0.0183781,-0.932489,0.548404,0.804529,0.228005,0.754404,-0.593629,0.28014
0.627155,0.265036,0.860821,0.360731,0.3362,-0.869967,0.548404,0.678028,0.48942,0.754404,-0.653642,0.0602126
0.627137,0.249524,0.998491,0.0304265,0.343922,-0.938505,0.655705,0.7018,0.278438,0.754404,-0.623854,-0.204158
0.627137,0.239881,0.946194,0.0304265,0.644169,-0.764278,0.655705,0.564245,0.501676,0.754404,-0.516405,-0.405217
0.627137,0.248707,0.893752,0.0304265,0.866719,-0.497868,0.655705,0.358634,0.664404,0.754404,-0.34667,-0.5574
0.627137,0.274937,0.847491,0.0304265,0.98473,-0.171407,0.655705,0.109766,0.746996,0.754404,-0.135121,-0.642353
0.627137,0.315407,0.812992,0.0304265,0.983969,0.175728,0.655705,-0.152342,0.739489,0.754404,0.0927254,-0.649828
0.627137,0.365236,0.794415,0.0304265,0.864526,0.501667,0.655705,-0.396074,0.642788,0.754404,0.309388,-0.578925
0.627137,0.418413,0.794,0.0304265,0.640808,0.767098,0.655705,-0.592035,0.468558,0.754404,0.488733,-0.438194
0.627137,0.468526,0.811798,0.0304265,0.3398,0.940006,0.655705,-0.716587,0.237813,0.754404,0.60913,-0.244611
0.627137,0.509529,0.845663,0.0304265,-0.00219362,0.999535,0.655705,-0.754708,-0.0216164,0.754404,0.656057,-0.0215248
0.627137,0.536476,0.891509,0.0304265,-0.343922,0.938505,0.655705,-0.7018,-0.278438,0.754404,0.623854,0.204158
0.627137,0.546119,0.943806,0.0304265,-0.644169,0.764278,0.655705,-0.564245,-0.501676,0.754404,0.516405,0.405217
0.627137,0.537293,0.996248,0.0304265,-0.866719,0.497868,0.655705,-0.358634,-0.664404,0.754404,0.34667,0.5574
0.627137,0.511063,1.04251,0.0304265,-0.98473,0.171407,0.655705,-0.109766,-0.746996,0.754404,0.135121,0.642353
0.627137,0.470593,1.07701,0.0304265,-0.983969,-0.175728,0.655705,0.152342,-0.739489,0.754404,-0.0927254,0.649828
0.627137,0.420764,1.09559,0.0304265,-0.864526,-0.501667,0.655705,0.396074,-0.642788,0.754404,-0.309388,0.578925
0.627137,0.367587,1.096,0.0304265,-0.640808,-0.767098,0.655705,0.592035,-0.468558,0.754404,-0.488733,0.438194
0.627137,0.317474,1.0782,0.0304265,-0.3398,-0.940006,0.655705,0.716587,-0.237813,0.754404,-0.60913,0.244611
0.627137,0.276471,1.04434,0.0304265,0.00219362,-0.999535,0.655705,0.754708,0.0216164,0.754404,-0.656057,0.0215248
0.627137,0.249524,0.998491,0.0304265,0.343922,-0.938505,0.655705,0.7018,0.278438,0.754404,-0.623854,-0.204158
0.674504,0.234946,1.12787,-0.303548,0.33853,-0.890649,0.683918,0.728248,0.0437118,0.663411,-0.595862,-0.452585
0.674504,0.181934,1.06278,-0.303548,0.622734,-0.721152,0.683918,0.669379,0.290151,0.663411,-0.405134,-0.629088
0.674504,0.15438,0.983488,-0.303548,0.831827,-0.464674,0.683918,0.529773,0.501594,0.663411,-0.165541,-0.729713
0.674504,0.155607,0.899554,-0.303548,0.94059,-0.152149,0.683918,0.326269,0.652537,0.663411,0.0940192,-0.742325
0.674504,0.185467,0.821102,-0.303548,0.935903,0.178727,0.683918,0.0834112,0.724775,0.663411,0.342239,-0.6654
0.674504,0.240359,0.757593,-0.303548,0.818333,0.488047,0.683918,-0.169507,0.709594,0.663411,0.54918,-0.508219
0.674504,0.313661,0.716689,-0.303548,0.60206,0.7385,0.683918,-0.40198,0.608826,0.663411,0.689881,-0.289739
0.674504,0.396533,0.703322,-0.303548,0.313169,0.89988,0.683918,-0.585968,0.434624,0.663411,0.747373,-0.0363125
0.674504,0.478978,0.719105,-0.303548,-0.0134943,0.952721,0.683918,-0.69928,0.208,0.663411,0.714721,0.221494
0.674504,0.551054,0.762135,-0.303548,-0.33853,0.890649,0.683918,-0.728248,-0.0437118,0.663411,0.595862,0.452585
0.674504,0.604066,0.82722,-0.303548,-0.622734,0.721152,0.683918,-0.669379,-0.290151,0.663411,0.405134,0.629088
0.674504,0.63162,0.906512,-0.303548,-0.831827,0.464674,0.683918,-0.529773,-0.501594,0.663411,0.165541,0.729713
0.674504,0.630393,0.990446,-0.303548,-0.94059,0.152149,0.683918,-0.326269,-0.652537,0.663411,-0.0940192,0.742325
0.674504,0.600533,1.0689,-0.303548,-0.935903,-0.178727,0.683918,-0.0834112,-0.724775,0.663411,-0.342239,0.6654
0.674504,0.545641,1.13241,-0.303548,-0.818333,-0.488047,0.683918,0.169507,-0.709594,0.663411,-0.54918,0.508219
0.674504,0.472339,1.17331,-0.303548,-0.60206,-0.7385,0.683918,0.40198,-0.608826,0.663411,-0.689881,0.289739
0.674504,0.389467,1.18668,-0.303548,-0.313169,-0.89988,0.683918,0.585968,-0.434624,0.663411,-0.747373,0.0363125
0.674504,0.307022,1.17089,-0.303548,0.0134943,-0.952721,0.683918,0.69928,-0.208,0.663411,-0.714721,-0.221494
0.674504,0.234946,1.12787,-0.303548,0.33853,-0.890649,0.683918,0.728248,0.0437118,0.663411,-0.595862,-0.452585
0.763543,0.223062,1.23334,-0.60091,0.320673,-0.732172,0.629641,0.754182,-0.186448,0.492402,-0.573043,-0.655105
0.763543,0.134693,1.15783,-0.60091,0.551752,-0.578339,0.629641,0.772468,0.0827419,0.492402,-0.314425,-0.811589
0.763543,0.0774795,1.05665,-0.60091,0.716281,-0.354751,0.629641,0.697583,0.341952,0.492402,-0.0178834,-0.870184
0.763543,0.0583226,0.941999,-0.60091,0.794416,-0.0883744,0.629641,0.538559,0.559917,0.492402,0.280816,-0.823822
0.763543,0.0795326,0.827713,-0.60091,0.776733,0.188661,0.629641,0.314577,0.710348,0.492402,0.545644,-0.678095
0.763543,0.138551,0.727574,-0.60091,0.665364,0.442942,0.629641,0.0526527,0.7751,0.492402,0.74466,-0.45058
0.763543,0.228261,0.65366,-0.60091,0.473742,0.643797,0.629641,-0.215623,0.746364,0.492402,0.853859,-0.168718
0.763543,0.33784,0.614886,-0.60091,0.224981,0.767001,0.629641,-0.457891,0.627606,0.492402,0.86007,0.133494
0.763543,0.454072,0.615928,-0.60091,-0.0509171,0.797693,0.629641,-0.64493,0.433149,0.492402,0.762543,0.419605
0.763543,0.562938,0.656662,-0.60091,-0.320673,0.732172,0.629641,-0.754182,0.186448,0.492402,0.573043,0.655105
0.763543,0.651307,0.732173,-0.60091,-0.551752,0.578339,0.629641,-0.772468,-0.0827419,0.492402,0.314425,0.811589
0.763543,0.70852,0.833354,-0.60091,-0.716281,0.354751,0.629641,-0.697583,-0.341952,0.492402,0.0178834,0.870184
0.763543,0.727677,0.948001,-0.60091,-0.794416,0.0883744,0.629641,-0.538559,-0.559917,0.492402,-0.280816,0.823822
0.763543,0.706467,1.06229,-0.60091,-0.776733,-0.188661,0.629641,-0.314577,-0.710348,0.492402,-0.545644,0.678095
0.763543,0.647449,1.16243,-0.60091,-0.665364,-0.442942,0.629641,-0.0526527,-0.7751,0.492402,-0.74466,0.45058
0.763543,0.557739,1.23634,-0.60091,-0.473742,-0.643797,0.629641,0.215623,-0.746364,0.492402,-0.853859,0.168718
0.763543,0.44816,1.27511,-0.60091,-0.224981,-0.767001,0.629641,0.457891,-0.627606,0.492402,-0.86007,-0.133494
0.763543,0.331928,1.27407,-0.60091,0.0509171,-0.797693,0.629641,0.64493,-0.433149,0.492402,-0.762543,-0.419605
0.763543,0.223062,1.23334,-0.60091,0.320673,-0.732172,0.629641,0.754182,-0.186448,0.492402,-0.573043,-0.655105
0.883514,0.215304,1.30219,-0.825794,0.292506,-0.482187,0.499419,0.776473,-0.384279,0.262001,-0.558149,-0.78729
0.883514,0.103855,1.21987,-0.825794,0.439784,-0.353064,0.499419,0.861077,-0.0955353,0.262001,-0.25522,-0.930709
0.883514,0.0272803,1.1044,-0.825794,0.534016,-0.181357,0.499419,0.841823,0.204732,0.262001,0.0784931,-0.96187
0.883514,-0.00518286,0.969706,-0.825794,0.563839,0.0122243,0.499419,0.721032,0.480305,0.262001,0.402738,-0.877016
0.883514,0.0103807,0.832029,-0.825794,0.525655,0.204331,0.499419,0.513274,0.697947,0.262001,0.678407,-0.686381
0.883514,0.0720938,0.707979,-0.825794,0.424068,0.371793,0.499419,0.243608,0.831406,0.262001,0.872251,-0.412958
0.883514,0.172513,0.612516,-0.825794,0.271333,0.494411,0.499419,-0.0554406,0.864585,0.262001,0.960887,-0.0897264
0.883514,0.299526,0.557156,-0.825794,0.085871,0.557396,0.499419,-0.347802,0.793482,0.262001,0.933627,0.244328
0.883514,0.437814,0.548576,-0.825794,-0.109948,0.55315,0.499419,-0.598214,0.626674,0.262001,0.793758,0.548912
0.883514,0.570696,0.587811,-0.825794,-0.292506,0.482187,0.499419,-0.776473,0.384279,0.262001,0.558149,0.78729
0.883514,0.682145,0.670127,-0.825794,-0.439784,0.353064,0.499419,-0.861077,0.0955353,0.262001,0.25522,0.930709
0.883514,0.75872,0.785598,-0.825794,-0.534016,0.181357,0.499419,-0.841823,-0.204732,0.262001,-0.0784931,0.96187
0.883514,0.791183,0.920294,-0.825794,-0.563839,-0.0122243,0.499419,-0.721032,-0.480305,0.262001,-0.402738,0.877016
0.883514,0.775619,1.05797,-0.825794,-0.525655,-0.204331,0.499419,-0.513274,-0.697947,0.262001,-0.678407,0.686381
0.883514,0.713906,1.18202,-0.825794,-0.424068,-0.371793,0.499419,-0.243608,-0.831406,0.262001,-0.872251,0.412958
0.883514,0.613487,1.27748,-0.825794,-0.271333,-0.494411,0.499419,0.0554406,-0.864585,0.262001,-0.960887,0.0897264
0.883514,0.486474,1.33284,-0.825794,-0.085871,-0.557396,0.499419,0.347802,-0.793482,0.262001,-0.933627,-0.244328
0.883514,0.348186,1.34142,-0.825794,0.109948,-0.55315,0.499419,0.598214,-0.626674,0.262001,-0.793758,-0.548912
0.883514,0.215304,1.30219,-0.825794,0.292506,-0.482187,0.499419,0.776473,-0.384279,0.262001,-0.558149,-0.78729
0.875863,0.445396,0.552231,0.985232,0.161778,-0.0560941,-0.00862081,0.374051,0.927368,0.17101,-0.913189,0.369922
0.875863,0.576571,0.593838,0.985232,0.171207,0.00262022,-0.00862081,0.0343146,0.999374,0.17101,-0.984637,0.0352838
0.875863,0.685605,0.677801,0.985232,0.159986,0.0610185,-0.00862081,-0.309561,0.950841,0.17101,-0.937324,-0.30361
0.875863,0.759346,0.793992,0.985232,0.129468,0.112057,-0.00862081,-0.616099,0.787622,0.17101,-0.776956,-0.605884
0.875863,0.7889,0.928396,0.985232,0.0833344,0.14958,-0.00862081,-0.848326,0.529404,0.17101,-0.522875,-0.835079
0.875863,0.770703,1.0648,0.985232,0.0271494,0.169061,-0.00862081,-0.978232,0.207333,0.17101,-0.205728,-0.963551
0.875863,0.70695,1.18676,0.985232,-0.0323102,0.168151,-0.00862081,-0.99015,-0.139746,0.17101,0.136233,-0.975805
0.875863,0.605329,1.27956,0.985232,-0.0878728,0.14696,-0.00862081,-0.882641,-0.46997,0.17101,0.461762,-0.870363
0.875863,0.478099,1.332,0.985232,-0.132837,0.108043,-0.00862081,-0.668672,-0.743508,0.17101,0.731596,-0.659942
0.875863,0.340604,1.33777,0.985232,-0.161778,0.0560941,-0.00862081,-0.374051,-0.927368,0.17101,0.913189,-0.369922
0.875863,0.209429,1.29616,0.985232,-0.171207,-0.00262022,-0.00862081,-0.0343146,-0.999374,0.17101,0.984637,-0.0352838
0.875863,0.100395,1.2122,0.985232,-0.159986,-0.0610185,-0.00862081,0.309561,-0.950841,0.17101,0.937324,0.30361
0.875863,0.0266542,1.09601,0.985232,-0.129468,-0.112057,-0.00862081,0.616099,-0.787622,0.17101,0.776956,0.605884
0.875863,-0.00290033,0.961604,0.985232,-0.0833344,-0.14958,-0.00862081,0.848326,-0.529404,0.17101,0.522875,0.835079
0.875863,0.0152966,0.825197,0.985232,-0.0271494,-0.169061,-0.00862081,0.978232,-0.207333,0.17101,0.205728,0.963551
0.875863,0.0790501,0.703239,0.985232,0.0323102,-0.168151,-0.00862081,0.99015,0.139746,0.17101,-0.136233,0.975805
0.875863,0.180671,0.610442,0.985232,0.0878728,-0.14696,-0.00862081,0.882641,0.46997,0.17101,-0.461762,0.870363
0.875863,0.307901,0.557997,0.985232,0.132837,-0.108043,-0.00862081,0.668672,0.743508,0.17101,-0.731596,0.659942
0.875863,0.445396,0.552231,0.985232,0.161778,-0.0560941,-0.00862081,0.374051,0.927368,0.17101,-0.913189,0.369922
0.749059,0.437201,0.62496,0.900555,0.199009,-0.386518,0.292759,0.379661,0.877582,0.321393,-0.903467,0.283644
0.749059,0.543995,0.659379,0.900555,0.319205,-0.295143,0.292759,0.0566139,0.954509,0.321393,-0.945993,-0.042466
0.749059,0.632577,0.728247,0.900555,0.400899,-0.168169,0.292759,-0.273262,0.916308,0.321393,-0.874419,-0.363454
0.749059,0.692263,0.823259,0.900555,0.434239,-0.0209121,0.292759,-0.570178,0.767587,0.321393,-0.697376,-0.640604
0.749059,0.715853,0.932955,0.900555,0.415204,0.128868,0.292759,-0.798322,0.526284,0.321393,-0.43622,-0.840487
0.749059,0.700502,1.0441,0.900555,0.346089,0.263104,0.292759,-0.930177,0.221503,0.321393,-0.122449,-0.938996
0.749059,0.648062,1.1433,0.900555,0.23523,0.365606,0.292759,-0.949839,-0.109995,0.321393,0.206091,-0.924247
0.749059,0.564858,1.21858,0.900555,0.0959992,0.424011,0.292759,-0.854936,-0.428225,0.321393,0.509773,-0.798021
0.749059,0.460925,1.26086,0.900555,-0.0548105,0.431273,0.292759,-0.656915,-0.694805,0.321393,0.75197,-0.575542
0.749059,0.348799,1.26504,0.900555,-0.199009,0.386518,0.292759,-0.379661,-0.877582,0.321393,0.903467,-0.283644
0.749059,0.242005,1.23062,0.900555,-0.319205,0.295143,0.292759,-0.0566139,-0.954509,0.321393,0.945993,0.042466
0.749059,0.153423,1.16175,0.900555,-0.400899,0.168169,0.292759,0.273262,-0.916308,0.321393,0.874419,0.363454
0.749059,0.0937371,1.06674,0.900555,-0.434239,0.0209121,0.292759,0.570178,-0.767587,0.321393,0.697376,0.640604
0.749059,0.0701471,0.957045,0.900555,-0.415204,-0.128868,0.292759,0.798322,-0.526284,0.321393,0.43622,0.840487
0.749059,0.085498,0.845896,0.900555,-0.346089,-0.263104,0.292759,0.930177,-0.221503,0.321393,0.122449,0.938996
0.749059,0.137938,0.746701,0.900555,-0.23523,-0.365606,0.292759,0.949839,0.109995,0.321393,-0.206091,0.924247
0.749059,0.221142,0.671424,0.900555,-0.0959992,-0.424011,0.292759,0.854936,0.428225,0.321393,-0.509773,0.798021
0.749059,0.325075,0.629144,0.900555,0.0548105,-0.431273,0.292759,0.656915,0.694805,0.321393,-0.75197,0.575542
0.749059,0.437201,0.62496,0.900555,0.199009,-0.386518,0.292759,0.379661,0.877582,0.321393,-0.903467,0.283644
0.654934,0.424644,0.7364,0.707258,0.230752,-0.668236,0.558827,0.396474,0.728368,0.433011,-0.888573,0.151459
0.654934,0.494081,0.759804,0.707258,0.445386,-0.549015,0.558827,0.123447,0.820044,0.433011,-0.886787,-0.161585
0.654934,0.551326,0.805544,0.707258,0.6063,-0.363574,0.558827,-0.16447,0.812811,0.433011,-0.778042,-0.45514
0.654934,0.589475,0.868105,0.707258,0.694086,-0.134281,0.558827,-0.432549,0.707541,0.433011,-0.575453,-0.693798
0.654934,0.603925,0.939941,0.707258,0.698154,0.111208,0.558827,-0.648456,0.51693,0.433011,-0.303457,-0.848773
0.654934,0.592935,1.01239,0.707258,0.618015,0.343284,0.558827,-0.78615,0.263971,0.433011,0.00514153,-0.901374
0.654934,0.55783,1.0767,0.707258,0.463334,0.533955,0.558827,-0.829022,-0.0208279,0.433011,0.31312,-0.845256
0.654934,0.502844,1.12514,0.707258,0.252768,0.660223,0.558827,-0.771903,-0.303114,0.433011,0.583331,-0.687188
0.654934,0.434609,1.15184,0.707258,0.0117142,0.706859,0.558827,-0.62168,-0.54884,0.433011,0.783184,-0.446234
0.654934,0.361356,1.1536,0.707258,-0.230752,0.668236,0.558827,-0.396474,-0.728368,0.433011,0.888573,-0.151459
0.654934,0.291919,1.1302,0.707258,-0.445386,0.549015,0.558827,-0.123447,-0.820044,0.433011,0.886787,0.161585
0.654934,0.234674,1.08446,0.707258,-0.6063,0.363574,0.558827,0.16447,-0.812811,0.433011,0.778042,0.45514
0.654934,0.196525,1.02189,0.707258,-0.694086,0.134281,0.558827,0.432549,-0.707541,0.433011,0.575453,0.693798
0.654934,0.182075,0.950059,0.707258,-0.698154,-0.111208,0.558827,0.648456,-0.51693,0.433011,0.303457,0.848773
0.654934,0.193065,0.877613,0.707258,-0.618015,-0.343284,0.558827,0.78615,-0.263971,0.433011,-0.00514153,0.901374
0.654934,0.22817,0.813295,0.707258,-0.463334,-0.533955,0.558827,0.829022,0.0208279,0.433011,-0.31312,0.845256
0.654934,0.283156,0.764863,0.707258,-0.252768,-0.660223,0.558827,0.771903,0.303114,0.433011,-0.583331,0.687188
