0.658953,0.211631,0.862556,0.308961,0.0589711,0.949245,0.951075,-0.0191533,-0.308366,-3.49349e-06,0.998076,-0.0620036
0.907818,0.145604,0.557641,0.92986,0.275757,-0.243556,-0.179072,0.917502,0.355137,0.321394,-0.286614,0.902529
0.907818,0.262346,0.478285,0.92986,0.342428,-0.134553,-0.179072,0.740706,0.647524,0.321394,-0.578012,0.750072
0.907818,0.399189,0.443643,0.92986,0.367797,-0.00932121,-0.179072,0.47457,0.86181,0.321394,-0.799693,0.507145
0.907818,0.539627,0.457892,0.92986,0.348804,0.117035,-0.179072,0.151193,0.972149,0.321394,-0.92492,0.203049
0.907818,0.666722,0.519316,0.92986,0.28774,0.229275,-0.179072,-0.190419,0.965232,0.321394,-0.938587,-0.125537
0.907818,0.765144,0.620504,0.92986,0.191971,0.313861,-0.179072,-0.509065,0.841894,0.321394,-0.839047,-0.438982
0.907818,0.823022,0.749252,0.92986,0.0730468,0.36059,-0.179072,-0.766309,0.617012,0.321394,-0.638306,-0.699479
0.907818,0.833376,0.890031,0.92986,-0.0546876,0.363828,-0.179072,-0.931126,0.317708,0.321394,-0.360575,-0.875609
0.907818,0.794956,1.02586,0.92986,-0.175826,0.323182,-0.179072,-0.983634,-0.0199157,0.321394,-0.0393541,-0.946127
0.907818,0.712396,1.14036,0.92986,-0.275757,0.243556,-0.179072,-0.917502,-0.355137,0.321394,0.286614,-0.902529
0.907818,0.595654,1.21972,0.92986,-0.342428,0.134553,-0.179072,-0.740706,-0.647524,0.321394,0.578012,-0.750072
0.907818,0.458811,1.25436,0.92986,-0.367797,0.00932121,-0.179072,-0.47457,-0.86181,0.321394,0.799693,-0.507145
0.907818,0.318373,1.24011,0.92986,-0.348804,-0.117035,-0.179072,-0.151193,-0.972149,0.321394,0.92492,-0.203049
0.907818,0.191278,1.17868,0.92986,-0.28774,-0.229275,-0.179072,0.190419,-0.965232,0.321394,0.938587,0.125537
0.907818,0.0928558,1.0775,0.92986,-0.191971,-0.313861,-0.179072,0.509065,-0.841894,0.321394,0.839047,0.438982
0.907818,0.0349775,0.948748,0.92986,-0.0730468,-0.36059,-0.179072,0.766309,-0.617012,0.321394,0.638306,0.699479
0.907818,0.0246241,0.807969,0.92986,0.0546876,-0.363828,-0.179072,0.931126,-0.317708,0.321394,0.360575,0.875609
0.907818,0.0630445,0.672139,0.92986,0.175826,-0.323182,-0.179072,0.983634,0.0199157,0.321394,0.0393541,0.946127
0.907818,0.145604,0.557641,0.92986,0.275757,-0.243556,-0.179072,0.917502,0.355137,0.321394,-0.286614,0.902529
0.809114,0.149137,0.614497,0.796489,0.256883,-0.547372,-0.0275851,0.919762,0.391507,0.604023,-0.296732,0.739667
0.809114,0.246219,0.53292,0.796489,0.428603,-0.426502,-0.0275851,0.73039,0.682473,0.604023,-0.531817,0.593571
0.809114,0.365348,0.489467,0.796489,0.548627,-0.25419,-0.0275851,0.452923,0.891123,0.604023,-0.702758,0.375882
0.809114,0.492154,0.489379,0.796489,0.602479,-0.051219,-0.0275851,0.120826,0.99229,0.604023,-0.788936,0.112856
0.809114,0.611343,0.532667,0.796489,0.583663,0.15793,-0.0275851,-0.225844,0.973773,0.604023,-0.779956,-0.163782
0.809114,0.708539,0.614109,0.796489,0.494449,0.34803,-0.0275851,-0.545274,0.837804,0.604023,-0.676903,-0.420665
0.809114,0.772018,0.723883,0.796489,0.345597,0.496153,-0.0275851,-0.798936,0.600784,0.604023,-0.492204,-0.62681
0.809114,0.794124,0.848747,0.796489,0.15506,0.584432,-0.0275851,-0.956234,0.2913,0.604023,-0.248139,-0.757353
0.809114,0.77219,0.973642,0.796489,-0.0541786,0.60222,-0.0275851,-0.998196,-0.0533188,0.604023,0.0258556,-0.796547
0.809114,0.708863,1.0835,0.796489,-0.256883,0.547372,-0.0275851,-0.919762,-0.391507,0.604023,0.296732,-0.739667
0.809114,0.611781,1.16508,0.796489,-0.428603,0.426502,-0.0275851,-0.73039,-0.682473,0.604023,0.531817,-0.593571
0.809114,0.492652,1.20853,0.796489,-0.548627,0.25419,-0.0275851,-0.452923,-0.891123,0.604023,0.702758,-0.375882
0.809114,0.365846,1.20862,0.796489,-0.602479,0.051219,-0.0275851,-0.120826,-0.99229,0.604023,0.788936,-0.112856
0.809114,0.246657,1.16533,0.796489,-0.583663,-0.15793,-0.0275851,0.225844,-0.973773,0.604023,0.779956,0.163782
0.809114,0.149461,1.08389,0.796489,-0.494449,-0.34803,-0.0275851,0.545274,-0.837804,0.604023,0.676903,0.420665
0.809114,0.0859824,0.974117,0.796489,-0.345597,-0.496153,-0.0275851,0.798936,-0.600784,0.604023,0.492204,0.62681
0.809114,0.0638763,0.849253,0.796489,-0.15506,-0.584432,-0.0275851,0.956234,-0.2913,0.604023,0.248139,0.757353
0.809114,0.0858095,0.724358,0.796489,0.0541786,-0.60222,-0.0275851,0.998196,0.0533188,0.604023,-0.0258556,0.796547
0.809114,0.149137,0.614497,0.796489,0.256883,-0.547372,-0.0275851,0.919762,0.391507,0.604023,-0.296732,0.739667
0.735846,0.154549,0.701617,0.567051,0.241975,-0.787338,0.127229,0.918672,0.37397,0.813797,-0.312233,0.490148
0.735846,0.221508,0.616638,0.567051,0.496668,-0.657096,0.127229,0.735364,0.665622,0.813797,-0.461043,0.353798
0.735846,0.313494,0.559685,0.567051,0.691455,-0.447597,0.127229,0.46336,0.876989,0.813797,-0.554245,0.174776
0.735846,0.419411,0.537627,0.567051,0.802842,-0.184113,0.127229,0.135468,0.982579,0.813797,-0.580597,-0.0253276
0.735846,0.526486,0.553126,0.567051,0.817395,0.101579,0.127229,-0.208763,0.969655,0.813797,-0.53692,-0.222376
0.735846,0.621801,0.604311,0.567051,0.733358,0.375019,0.127229,-0.527815,0.839776,0.813797,-0.428483,-0.392602
0.735846,0.693863,0.68501,0.567051,0.560867,0.603226,0.127229,-0.783204,0.608608,0.813797,-0.268364,-0.515475
0.735846,0.733977,0.785488,0.567051,0.320728,0.758674,0.127229,-0.944127,0.304033,0.813797,-0.0758767,-0.576174
0.735846,0.737307,0.893626,0.567051,0.0419034,0.822616,0.127229,-0.991175,-0.0372128,0.813797,0.125762,-0.567378
0.735846,0.703451,0.996383,0.567051,-0.241975,0.787338,0.127229,-0.918672,-0.37397,0.813797,0.312233,-0.490148
0.735846,0.636492,1.08136,0.567051,-0.496668,0.657096,0.127229,-0.735364,-0.665622,0.813797,0.461043,-0.353798
0.735846,0.544506,1.13832,0.567051,-0.691455,0.447597,0.127229,-0.46336,-0.876989,0.813797,0.554245,-0.174776
0.735846,0.438589,1.16037,0.567051,-0.802842,0.184113,0.127229,-0.135468,-0.982579,0.813797,0.580597,0.0253276
0.735846,0.331514,1.14487,0.567051,-0.817395,-0.101579,0.127229,0.208763,-0.969655,0.813797,0.53692,0.222376
0.735846,0.236199,1.09369,0.567051,-0.733358,-0.375019,0.127229,0.527815,-0.839776,0.813797,0.428483,0.392602
0.735846,0.164137,1.01299,0.567051,-0.560867,-0.603226,0.127229,0.783204,-0.608608,0.813797,0.268364,0.515475
0.735846,0.124023,0.912512,0.567051,-0.320728,-0.758674,0.127229,0.944127,-0.304033,0.813797,0.0758767,0.576174
0.735846,0.120693,0.804374,0.567051,-0.0419034,-0.822616,0.127229,0.991175,0.0372128,0.813797,-0.125762,0.567378
0.735846,0.154549,0.701617,0.567051,0.241975,-0.787338,0.127229,0.918672,0.37397,0.813797,-0.312233,0.490148
0.696852,0.161189,0.808495,0.269218,0.232832,-0.934511,0.266698,0.914365,0.304644,0.925416,-0.331248,0.184068
0.696852,0.191193,0.719341,0.269218,0.538412,-0.79852,0.266698,0.755028,0.599003,0.925416,-0.374226,0.0596736
0.696852,0.249881,0.645826,0.269218,0.779052,-0.566216,0.266698,0.504623,0.821114,0.925416,-0.372067,-0.0719179
0.696852,0.330173,0.596816,0.269218,0.925726,-0.265617,0.266698,0.193353,0.944186,0.925416,-0.325031,-0.194835
0.696852,0.422385,0.578224,0.269218,0.960745,0.0670185,0.266698,-0.141238,0.953375,0.925416,-0.238792,-0.294252
0.696852,0.515394,0.592291,0.269218,0.879883,0.391571,0.266698,-0.458794,0.847573,0.925416,-0.123751,-0.358178
0.696852,0.597984,0.637321,0.269218,0.692894,0.668894,0.266698,-0.721012,0.639542,0.925416,0.00621658,-0.378903
0.696852,0.660191,0.707883,0.269218,0.422333,0.865539,0.266698,-0.896266,0.354372,0.925416,0.135434,-0.353926
0.696852,0.694514,0.795465,0.269218,0.100831,0.957786,0.266698,-0.963417,0.0264596,0.925416,0.248316,-0.28626
0.696852,0.696811,0.889505,0.269218,-0.232832,0.934511,0.266698,-0.914365,-0.304644,0.925416,0.331248,-0.184068
0.696852,0.666807,0.978659,0.269218,-0.538412,0.79852,0.266698,-0.755028,-0.599003,0.925416,0.374226,-0.0596736
0.696852,0.608119,1.05217,0.269218,-0.779052,0.566216,0.266698,-0.504623,-0.821114,0.925416,0.372067,0.0719179
0.696852,0.527827,1.10118,0.269218,-0.925726,0.265617,0.266698,-0.193353,-0.944186,0.925416,0.325031,0.194835
0.696852,0.435615,1.11978,0.269218,-0.960745,-0.0670185,0.266698,0.141238,-0.953375,0.925416,0.238792,0.294252
0.696852,0.342606,1.10571,0.269218,-0.879883,-0.391571,0.266698,0.458794,-0.847573,0.925416,0.123751,0.358178
0.696852,0.260016,1.06068,0.269218,-0.692894,-0.668894,0.266698,0.721012,-0.639542,0.925416,-0.00621658,0.378903
0.696852,0.197809,0.990117,0.269218,-0.422333,-0.865539,0.266698,0.896266,-0.354372,0.925416,-0.135434,0.353926
0.696852,0.163486,0.902535,0.269218,-0.100831,-0.957786,0.266698,0.963417,-0.0264596,0.925416,-0.248316,0.28626
0.696852,0.161189,0.808495,0.269218,0.232832,-0.934511,0.266698,0.914365,0.304644,0.925416,-0.331248,0.184068
0.696834,0.168255,0.922238,-0.061087,0.230556,-0.97114,0.373999,0.907361,0.191889,0.925415,-0.351483,-0.141656
0.696834,0.158931,0.828642,-0.061087,0.548801,-0.833718,0.373999,0.78701,0.490653,0.925415,-0.281837,-0.253327
0.696834,0.182181,0.7375,-0.061087,0.800853,-0.595737,0.373999,0.571735,0.730236,0.925415,-0.178197,-0.334444
0.696834,0.235201,0.659807,-0.061087,0.95631,-0.285902,0.373999,0.287499,0.881742,0.925415,-0.053064,-0.375221
0.696834,0.311596,0.604934,-0.061087,0.996422,0.0584171,0.373999,-0.0314126,0.926897,0.925415,0.0784693,-0.370742
0.696834,0.402152,0.579498,-0.061087,0.91635,0.39569,0.373999,-0.346536,0.860255,0.925415,0.200538,-0.321545
0.696834,0.495946,0.586569,-0.061087,0.725753,0.685238,0.373999,-0.619861,0.689853,0.925415,0.298419,-0.233565
0.696834,0.581666,0.625292,-0.061087,0.44762,0.892135,0.373999,-0.818423,0.436244,0.925415,0.360306,-0.117414
0.696834,0.648971,0.690998,-0.061087,0.115497,0.991428,0.373999,-0.91827,0.130019,0.925415,0.378735,0.0128986
0.696834,0.689745,0.775762,-0.061087,-0.230556,0.97114,0.373999,-0.907361,-0.191889,0.925415,0.351483,0.141656
0.696834,0.699069,0.869358,-0.061087,-0.548801,0.833718,0.373999,-0.78701,-0.490653,0.925415,0.281837,0.253327
0.696834,0.675819,0.9605,-0.061087,-0.800853,0.595737,0.373999,-0.571735,-0.730236,0.925415,0.178197,0.334444
0.696834,0.622799,1.03819,-0.061087,-0.95631,0.285902,0.373999,-0.287499,-0.881742,0.925415,0.053064,0.375221
0.696834,0.546404,1.09307,-0.061087,-0.996422,-0.0584171,0.373999,0.0314126,-0.926897,0.925415,-0.0784693,0.370742
0.696834,0.455848,1.1185,-0.061087,-0.91635,-0.39569,0.373999,0.346536,-0.860255,0.925415,-0.200538,0.321545
0.696834,0.362054,1.11143,-0.061087,-0.725753,-0.685238,0.373999,0.619861,-0.689853,0.925415,-0.298419,0.233565
0.696834,0.276334,1.07271,-0.061087,-0.44762,-0.892135,0.373999,0.818423,-0.436244,0.925415,-0.360306,0.117414
0.696834,0.209029,1.007,-0.061087,-0.115497,-0.991428,0.373999,0.91827,-0.130019,0.925415,-0.378735,-0.0128986
0.696834,0.168255,0.922238,-0.061087,0.230556,-0.97114,0.373999,0.907361,0.191889,0.925415,-0.351483,-0.141656
0.735794,0.174895,1.02913,-0.384024,0.235423,-0.892806,0.43619,0.898503,0.0493061,0.813796,-0.370498,-0.447736
0.735794,0.128612,0.931356,-0.384024,0.526583,-0.758443,0.43619,0.827453,0.353639,0.813796,-0.19502,-0.547452
0.735794,0.11856,0.823651,-0.384024,0.754229,-0.532602,0.43619,0.6566,0.615317,0.813796,0.00398092,-0.581137
0.735794,0.145952,0.719003,-0.384024,0.890904,-0.242521,0.43619,0.406551,0.802779,0.813796,0.202501,-0.544728
0.735794,0.207483,0.630035,-0.384024,0.920123,0.0768122,0.43619,0.107466,0.893414,0.813796,0.376597,-0.442618
0.735794,0.295733,0.567477,-0.384024,0.838361,0.38688,0.43619,-0.20458,0.876291,0.813796,0.50527,-0.287121
0.735794,0.400057,0.538875,-0.384024,0.655481,0.650285,0.43619,-0.491952,0.753473,0.813796,0.572999,-0.0969929
0.735794,0.507871,0.547678,-0.384024,0.39354,0.835256,0.43619,-0.719986,0.539776,0.813796,0.571617,0.104834
0.735794,0.606173,0.592826,-0.384024,0.0841324,0.919482,0.43619,-0.86118,0.260973,0.813796,0.501289,0.294016
0.735794,0.683105,0.668872,-0.384024,-0.235423,0.892806,0.43619,-0.898503,-0.0493061,0.813796,0.370498,0.447736
0.735794,0.729388,0.766644,-0.384024,-0.526583,0.758443,0.43619,-0.827453,-0.353639,0.813796,0.19502,0.547452
0.735794,0.73944,0.874349,-0.384024,-0.754229,0.532602,0.43619,-0.6566,-0.615317,0.813796,-0.00398092,0.581137
0.735794,0.712048,0.978997,-0.384024,-0.890904,0.242521,0.43619,-0.406551,-0.802779,0.813796,-0.202501,0.544728
0.735794,0.650517,1.06797,-0.384024,-0.920123,-0.0768122,0.43619,-0.107466,-0.893414,0.813796,-0.376597,0.442618
0.735794,0.562267,1.13052,-0.384024,-0.838361,-0.38688,0.43619,0.20458,-0.876291,0.813796,-0.50527,0.287121
0.735794,0.457943,1.15913,-0.384024,-0.655481,-0.650285,0.43619,0.491952,-0.753473,0.813796,-0.572999,0.0969929
0.735794,0.350129,1.15032,-0.384024,-0.39354,-0.835256,0.43619,0.719986,-0.539776,0.813796,-0.571617,-0.104834
0.735794,0.251827,1.10517,-0.384024,-0.0841324,-0.919482,0.43619,0.86118,-0.260973,0.813796,-0.501289,-0.294016
0.735794,0.174895,1.02913,-0.384024,0.235423,-0.892806,0.43619,0.898503,0.0493061,0.813796,-0.370498,-0.447736
0.809034,0.180309,1.11627,-0.660642,0.246844,-0.708957,0.44577,0.88886,-0.105908,0.604021,-0.385999,-0.697254
0.809034,0.103894,1.0151,-0.660642,0.474435,-0.581776,0.44577,0.871478,0.204487,0.604021,-0.124246,-0.787224
0.809034,0.0666922,0.893887,-0.660642,0.644803,-0.384424,0.44577,0.748983,0.490218,0.604021,0.152494,-0.782243
0.809034,0.0731897,0.767264,-0.660642,0.737397,-0.140705,0.44577,0.536149,0.716822,0.604021,0.41084,-0.682912
0.809034,0.122603,0.650499,-0.660642,0.741051,0.119985,0.44577,0.258648,0.856966,0.604021,0.619633,-0.501212
0.809034,0.208973,0.557676,-0.660642,0.655323,0.366203,0.44577,-0.0500499,0.893747,0.604021,0.753689,-0.259058
0.809034,0.321881,0.499991,-0.660642,0.490553,0.568252,0.44577,-0.352711,0.82273,0.604021,0.796839,0.0143419
0.809034,0.447709,0.484402,-0.660642,0.266615,0.701761,0.44577,-0.61283,0.652479,0.604021,0.743879,0.286012
0.809034,0.571281,0.512789,-0.660642,0.0105199,0.750628,0.44577,-0.799033,0.403529,0.604021,0.601195,0.523185
0.809034,0.677691,0.581728,-0.660642,-0.246844,0.708957,0.44577,-0.88886,0.105908,0.604021,0.385999,0.697254
0.809034,0.754106,0.682903,-0.660642,-0.474435,0.581776,0.44577,-0.871478,-0.204487,0.604021,0.124246,0.787224
0.809034,0.791308,0.804113,-0.660642,-0.644803,0.384424,0.44577,-0.748983,-0.490218,0.604021,-0.152494,0.782243
0.809034,0.78481,0.930736,-0.660642,-0.737397,0.140705,0.44577,-0.536149,-0.716822,0.604021,-0.41084,0.682912
0.809034,0.735397,1.0475,-0.660642,-0.741051,-0.119985,0.44577,-0.258648,-0.856966,0.604021,-0.619633,0.501212
0.809034,0.649027,1.14032,-0.660642,-0.655323,-0.366203,0.44577,0.0500499,-0.893747,0.604021,-0.753689,0.259058
0.809034,0.536119,1.19801,-0.660642,-0.490553,-0.568252,0.44577,0.352711,-0.82273,0.604021,-0.796839,-0.0143419
0.809034,0.410291,1.2136,-0.660642,-0.266615,-0.701761,0.44577,0.61283,-0.652479,0.604021,-0.743879,-0.286012
0.809034,0.286719,1.18521,-0.660642,-0.0105199,-0.750628,0.44577,0.799033,-0.403529,0.604021,-0.601195,-0.523185
0.809034,0.180309,1.11627,-0.660642,0.246844,-0.708957,0.44577,0.88886,-0.105908,0.604021,-0.385999,-0.697254
0.90772,0.183843,1.17316,-0.857576,0.263443,-0.44177,0.401584,0.879596,-0.255032,0.321392,-0.396117,-0.860115
0.90772,0.0877587,1.06976,-0.857576,0.39865,-0.325025,0.401584,0.913776,0.061188,0.321392,-0.0780513,-0.943724
0.90772,0.032833,0.939737,-0.857576,0.485773,-0.169077,0.401584,0.837741,0.370028,0.321392,0.249428,-0.913506
0.90772,0.025691,0.798768,-0.857576,0.514305,0.00726368,0.401584,0.660662,0.634237,0.321392,0.546823,-0.773105
0.90772,0.0671939,0.663857,-0.857576,0.480804,0.182728,0.401584,0.403898,0.821947,0.321392,0.778263,-0.539456
0.90772,0.152336,0.551278,-0.857576,0.389312,0.336153,0.401584,0.0984171,0.910519,0.321392,0.915833,-0.240741
0.90772,0.270848,0.474608,-0.857576,0.250862,0.449033,0.401584,-0.218934,0.889268,0.321392,0.94294,0.0870105
0.90772,0.408435,0.443095,-0.857576,0.0821548,0.507753,0.401584,-0.509878,0.760759,0.321392,0.856315,0.404268
0.90772,0.548503,0.460541,-0.857576,-0.0964615,0.50523,0.401584,-0.739324,0.540491,0.321392,0.666405,0.672764
0.90772,0.674157,0.52484,-0.857576,-0.263443,0.44177,0.401584,-0.879596,0.255032,0.321392,0.396117,0.860115
0.90772,0.770241,0.628238,-0.857576,-0.39865,0.325025,0.401584,-0.913776,-0.061188,0.321392,0.0780513,0.943724
0.90772,0.825167,0.758263,-0.857576,-0.485773,0.169077,0.401584,-0.837741,-0.370028,0.321392,-0.249428,0.913506
0.90772,0.832309,0.899232,-0.857576,-0.514305,-0.00726368,0.401584,-0.660662,-0.634237,0.321392,-0.546823,0.773105
0.90772,0.790806,1.03414,-0.857576,-0.480804,-0.182728,0.401584,-0.403898,-0.821947,0.321392,-0.778263,0.539456
0.90772,0.705664,1.14672,-0.857576,-0.389312,-0.336153,0.401584,-0.0984171,-0.910519,0.321392,-0.915833,0.240741
0.90772,0.587152,1.22339,-0.857576,-0.250862,-0.449033,0.401584,0.218934,-0.889268,0.321392,-0.94294,-0.0870105
0.90772,0.449565,1.2549,-0.857576,-0.0821548,-0.507753,0.401584,0.509878,-0.760759,0.321392,-0.856315,-0.404268
0.90772,0.309497,1.23746,-0.857576,0.0964615,-0.50523,0.401584,0.739324,-0.540491,0.321392,-0.666405,-0.672764
0.90772,0.183843,1.17316,-0.857576,0.263443,-0.44177,0.401584,0.879596,-0.255032,0.321392,-0.396117,-0.860115
0.883612,0.269434,0.483315,0.961642,0.227624,-0.153076,-0.0812368,0.769334,0.633661,0.262003,-0.59692,0.758315
0.883612,0.404128,0.450794,0.961642,0.266252,-0.0659922,-0.0812368,0.506212,0.858574,0.262003,-0.82028,0.508424
0.883612,0.541823,0.466302,0.961642,0.272765,0.0290511,-0.0812368,0.182034,0.979931,0.262003,-0.944702,0.19721
0.883612,0.665909,0.527969,0.961642,0.24638,0.12059,-0.0812368,-0.1641,0.983093,0.262003,-0.95518,-0.13779
0.883612,0.761421,0.628358,0.961642,0.190277,0.197585,-0.0812368,-0.490441,0.86768,0.262003,-0.850448,-0.456171
0.883612,0.816837,0.755359,0.961642,0.111224,0.250747,-0.0812368,-0.757628,0.647611,0.262003,-0.64314,-0.719531
0.883612,0.825475,0.893654,0.961642,0.0187555,0.273666,-0.0812368,-0.933433,0.349432,0.262003,-0.35826,-0.896105
0.883612,0.786292,1.02656,0.961642,-0.075975,0.263577,-0.0812368,-0.996653,0.0091054,0.262003,-0.0301683,-0.964595
0.883612,0.704015,1.13806,0.961642,-0.161542,0.221696,-0.0812368,-0.939662,-0.332319,0.262003,0.301562,-0.916741
0.883612,0.588566,1.21468,0.961642,-0.227624,0.153076,-0.0812368,-0.769334,-0.633661,0.262003,0.59692,-0.758315
0.883612,0.453872,1.24721,0.961642,-0.266252,0.0659922,-0.0812368,-0.506212,-0.858574,0.262003,0.82028,-0.508424
0.883612,0.316177,1.2317,0.961642,-0.272765,-0.0290511,-0.0812368,-0.182034,-0.979931,0.262003,0.944702,-0.19721
0.883612,0.192091,1.17003,0.961642,-0.24638,-0.12059,-0.0812368,0.1641,-0.983093,0.262003,0.95518,0.13779
0.883612,0.0965793,1.06964,0.961642,-0.190277,-0.197585,-0.0812368,0.490441,-0.86768,0.262003,0.850448,0.456171
0.883612,0.0411625,0.942641,0.961642,-0.111224,-0.250747,-0.0812368,0.757628,-0.647611,0.262003,0.64314,0.719531
0.883612,0.0325247,0.804346,0.961642,-0.0187555,-0.273666,-0.0812368,0.933433,-0.349432,0.262003,0.35826,0.896105
0.883612,0.0717077,0.671436,0.961642,0.075975,-0.263577,-0.0812368,0.996653,-0.0091054,0.262003,0.0301683,0.964595
0.883612,0.153985,0.559944,0.961642,0.161542,-0.221696,-0.0812368,0.939662,0.332319,0.262003,-0.301562,0.916741
0.883612,0.269434,0.483315,0.961642,0.227624,-0.153076,-0.0812368,0.769334,0.633661,0.262003,-0.59692,0.758315
0.763622,0.273728,0.552437,0.856221,0.207749,-0.472997,0.156285,0.768513,0.620454,0.492403,-0.605168,0.625549
0.763622,0.384523,0.517216,0.856221,0.356995,-0.373418,0.156285,0.509958,0.845883,0.492403,-0.782622,0.380844
0.763622,0.500682,0.522013,0.856221,0.463182,-0.228798,0.156285,0.189895,0.969286,0.492403,-0.86568,0.0902036
0.763622,0.608195,0.566249,0.856221,0.513502,-0.0565825,0.156285,-0.153072,0.975779,0.492403,-0.844325,-0.211316
0.763622,0.694095,0.644589,0.856221,0.501887,0.122458,0.156285,-0.477577,0.864578,0.492403,-0.721131,-0.487349
0.763622,0.74802,0.747585,0.856221,0.429736,0.286728,0.156285,-0.744478,0.649097,0.492403,-0.510959,-0.704599
0.763622,0.763467,0.862812,0.856221,0.305753,0.416415,0.156285,-0.921585,0.355325,0.492403,-0.239157,-0.836865
0.763622,0.738572,0.976373,0.856221,0.144892,0.495876,0.156285,-0.987535,0.0186956,0.492403,0.0614905,-0.868192
0.763622,0.676338,1.07457,0.856221,-0.0334459,0.515526,0.156285,-0.934374,-0.320189,0.492403,0.354721,-0.794803
0.763622,0.584272,1.14556,0.856221,-0.207749,0.472997,0.156285,-0.768513,-0.620454,0.492403,0.605168,-0.625549
0.763622,0.473477,1.18078,0.856221,-0.356995,0.373418,0.156285,-0.509958,-0.845883,0.492403,0.782622,-0.380844
0.763622,0.357318,1.17599,0.856221,-0.463182,0.228798,0.156285,-0.189895,-0.969286,0.492403,0.86568,-0.0902036
0.763622,0.249805,1.13175,0.856221,-0.513502,0.0565825,0.156285,0.153072,-0.975779,0.492403,0.844325,0.211316
0.763622,0.163905,1.05341,0.856221,-0.501887,-0.122458,0.156285,0.477577,-0.864578,0.492403,0.721131,0.487349
0.763622,0.10998,0.950415,0.856221,-0.429736,-0.286728,0.156285,0.744478,-0.649097,0.492403,0.510959,0.704599
0.763622,0.0945331,0.835188,0.856221,-0.305753,-0.416415,0.156285,0.921585,-0.355325,0.492403,0.239157,0.836865
0.763622,0.119428,0.721627,0.856221,-0.144892,-0.495876,0.156285,0.987535,-0.0186956,0.492403,-0.0614905,0.868192
0.763622,0.181662,0.623428,0.856221,0.0334459,-0.515526,0.156285,0.934374,0.320189,0.492403,-0.354721,0.794803
0.763622,0.273728,0.552437,0.856221,0.207749,-0.472997,0.156285,0.768513,0.620454,0.492403,-0.605168,0.625549
0.674556,0.280308,0.65835,0.647527,0.191309,-0.737638,0.374957,0.762705,0.526961,0.663413,-0.617804,0.422139
0.674556,0.354481,0.618992,0.647527,0.432058,-0.627722,0.374957,0.536477,0.756042,0.663413,-0.724926,0.185379
0.674556,0.437642,0.607377,0.647527,0.620696,-0.442093,0.374957,0.245542,0.893933,0.663413,-0.744611,-0.0737397
0.674556,0.519761,0.624904,0.647527,0.734468,-0.203141,0.374957,-0.0750095,0.924002,0.663413,-0.674485,-0.323965
0.674556,0.590933,0.669461,0.647527,0.759652,0.0603127,0.374957,-0.386513,0.842624,0.663413,-0.523007,-0.535115
0.674556,0.642573,0.735673,0.647527,0.693212,0.316492,0.374957,-0.651398,0.659612,0.663413,-0.308445,-0.681722
0.674556,0.668453,0.815554,0.647527,0.543159,0.534497,0.374957,-0.837714,0.397041,0.663413,-0.056681,-0.746104
0.674556,0.665452,0.899469,0.647527,0.327594,0.688035,0.374957,-0.92299,0.0865814,0.663413,0.20192,-0.720494
0.674556,0.633931,0.977296,0.647527,0.0725158,0.758585,0.374957,-0.89694,-0.234321,0.663413,0.436166,-0.607983
0.674556,0.577692,1.03965,0.647527,-0.191309,0.737638,0.374957,-0.762705,-0.526961,0.663413,0.617804,-0.422139
0.674556,0.503519,1.07901,0.647527,-0.432058,0.627722,0.374957,-0.536477,-0.756042,0.663413,0.724926,-0.185379
0.674556,0.420358,1.09062,0.647527,-0.620696,0.442093,0.374957,-0.245542,-0.893933,0.663413,0.744611,0.0737397
0.674556,0.338239,1.0731,0.647527,-0.734468,0.203141,0.374957,0.0750095,-0.924002,0.663413,0.674485,0.323965
0.674556,0.267067,1.02854,0.647527,-0.759652,-0.0603127,0.374957,0.386513,-0.842624,0.663413,0.523007,0.535115
0.674556,0.215427,0.962327,0.647527,-0.693212,-0.316492,0.374957,0.651398,-0.659612,0.663413,0.308445,0.681722
0.674556,0.189547,0.882446,0.647527,-0.543159,-0.534497,0.374957,0.837714,-0.397041,0.663413,0.056681,0.746104
0.674556,0.192548,0.798531,0.647527,-0.327594,-0.688035,0.374957,0.92299,-0.0865814,0.663413,-0.20192,0.720494
0.674556,0.224069,0.720704,0.647527,-0.0725158,-0.758585,0.374957,0.89694,0.234321,0.663413,-0.436166,0.607983
0.674556,0.280308,0.65835,0.647527,0.191309,-0.737638,0.374957,0.762705,0.526961,0.663413,-0.617804,0.422139
0.627155,0.28838,0.78828,0.360731,0.180285,-0.915079,0.548404,0.75261,0.364461,0.754404,-0.633306,0.172621
0.627155,0.317627,0.743847,0.360731,0.482388,-0.798232,0.548404,0.582569,0.599889,0.754404,-0.654152,-0.0543928
0.627155,0.360308,0.712097,0.360731,0.726308,-0.585106,0.548404,0.342261,0.762962,0.754404,-0.596099,-0.274846
0.627155,0.411275,0.696859,0.360731,0.882625,-0.301408,0.548404,0.0606722,0.83401,0.754404,-0.466147,-0.462148
0.627155,0.464379,0.699972,0.360731,0.932483,0.0186444,0.548404,-0.228235,0.804464,0.754404,-0.279971,-0.593709
0.627155,0.513216,0.72106,0.360731,0.869871,0.336448,0.548404,-0.489613,0.677888,0.754404,-0.0600259,-0.65366
0.627155,0.551895,0.757579,0.360731,0.702339,0.613671,0.548404,-0.691937,0.469549,0.754404,0.167159,-0.634769
0.627155,0.575751,0.805125,0.360731,0.450095,0.816877,0.548404,-0.810804,0.204575,0.754404,0.374182,-0.539316
0.627155,0.581907,0.857963,0.360731,0.143563,0.921554,0.548404,-0.831875,-0.0850738,0.754404,0.536073,-0.378814
0.627155,0.56962,0.90972,0.360731,-0.180285,0.915079,0.548404,-0.75261,-0.364461,0.754404,0.633306,-0.172621
0.627155,0.540373,0.954153,0.360731,-0.482388,0.798232,0.548404,-0.582569,-0.599889,0.754404,0.654152,0.0543928
0.627155,0.497692,0.985903,0.360731,-0.726308,0.585106,0.548404,-0.342261,-0.762962,0.754404,0.596099,0.274846
0.627155,0.446725,1.00114,0.360731,-0.882625,0.301408,0.548404,-0.0606722,-0.83401,0.754404,0.466147,0.462148
0.627155,0.393621,0.998028,0.360731,-0.932483,-0.0186444,0.548404,0.228235,-0.804464,0.754404,0.279971,0.593709
0.627155,0.344784,0.97694,0.360731,-0.869871,-0.336448,0.548404,0.489613,-0.677888,0.754404,0.0600259,0.65366
0.627155,0.306105,0.940421,0.360731,-0.702339,-0.613671,0.548404,0.691937,-0.469549,0.754404,-0.167159,0.634769
0.627155,0.282249,0.892875,0.360731,-0.450095,-0.816877,0.548404,0.810804,-0.204575,0.754404,-0.374182,0.539316
0.627155,0.276093,0.840037,0.360731,-0.143563,-0.921554,0.548404,0.831875,0.0850738,0.754404,-0.536073,0.378814
0.627155,0.28838,0.78828,0.360731,0.180285,-0.915079,0.548404,0.75261,0.364461,0.754404,-0.633306,0.172621
0.627137,0.29697,0.926555,0.0304265,0.176009,-0.983918,0.655705,0.739445,0.152553,0.754404,-0.649802,-0.092911
0.627137,0.278407,0.876721,0.0304265,0.501914,-0.864382,0.655705,0.642675,0.396258,0.754404,-0.578836,-0.309553
0.627137,0.278007,0.823543,0.0304265,0.767281,-0.640589,0.655705,0.468389,0.592168,0.754404,-0.438055,-0.488858
0.627137,0.29582,0.773436,0.0304265,0.940103,-0.339531,0.655705,0.237608,0.716655,0.754404,-0.244437,-0.6092
0.627137,0.329696,0.732443,0.0304265,0.999534,0.00247909,0.655705,-0.021832,0.754702,0.754404,-0.0213374,-0.656063
0.627137,0.37555,0.705508,0.0304265,0.938407,0.34419,0.655705,-0.278639,0.701721,0.754404,0.204336,-0.623796
0.627137,0.42785,0.695881,0.0304265,0.764094,0.644387,0.655705,-0.501837,0.564102,0.754404,0.405364,-0.516289
0.627137,0.480289,0.704722,0.0304265,0.49762,0.866861,0.655705,-0.664507,0.358444,0.754404,0.557499,-0.34651
0.627137,0.526542,0.730965,0.0304265,0.171126,0.984779,0.655705,-0.747027,0.109552,0.754404,0.642391,-0.134937
0.627137,0.56103,0.771445,0.0304265,-0.176009,0.983918,0.655705,-0.739445,-0.152553,0.754404,0.649802,0.092911
0.627137,0.579593,0.821279,0.0304265,-0.501914,0.864382,0.655705,-0.642675,-0.396258,0.754404,0.578836,0.309553
0.627137,0.579993,0.874457,0.0304265,-0.767281,0.640589,0.655705,-0.468389,-0.592168,0.754404,0.438055,0.488858
0.627137,0.56218,0.924564,0.0304265,-0.940103,0.339531,0.655705,-0.237608,-0.716655,0.754404,0.244437,0.6092
0.627137,0.528304,0.965557,0.0304265,-0.999534,-0.00247909,0.655705,0.021832,-0.754702,0.754404,0.0213374,0.656063
0.627137,0.48245,0.992492,0.0304265,-0.938407,-0.34419,0.655705,0.278639,-0.701721,0.754404,-0.204336,0.623796
0.627137,0.43015,1.00212,0.0304265,-0.764094,-0.644387,0.655705,0.501837,-0.564102,0.754404,-0.405364,0.516289
0.627137,0.377711,0.993278,0.0304265,-0.49762,-0.866861,0.655705,0.664507,-0.358444,0.754404,-0.557499,0.34651
0.627137,0.331458,0.967035,0.0304265,-0.171126,-0.984779,0.655705,0.747027,-0.109552,0.754404,-0.642391,0.134937
0.627137,0.29697,0.926555,0.0304265,0.176009,-0.983918,0.655705,0.739445,0.152553,0.754404,-0.649802,-0.092911
0.674504,0.305042,1.0565,-0.303548,0.178995,-0.935852,0.683918,0.724799,-0.0832042,0.663411,-0.665303,-0.342429
0.674504,0.24155,1.00159,-0.303548,0.48828,-0.818194,0.683918,0.709546,0.169709,0.663411,-0.508062,-0.549325
0.674504,0.200666,0.928274,-0.303548,0.738672,-0.601849,0.683918,0.608711,0.402154,0.663411,-0.289542,-0.689964
0.674504,0.187323,0.845398,-0.303548,0.899969,-0.312912,0.683918,0.434456,0.586092,0.663411,-0.0360991,-0.747384
0.674504,0.20313,0.762957,-0.303548,0.952717,0.0137664,0.683918,0.2078,0.699339,0.663411,0.221698,-0.714657
0.674504,0.24618,0.690894,-0.303548,0.890552,0.338784,0.683918,-0.0439198,0.728236,0.663411,0.452755,-0.595733
0.674504,0.311281,0.637901,-0.303548,0.720974,0.62294,0.683918,-0.290342,0.669296,0.663411,0.629204,-0.404954
0.674504,0.39058,0.610369,-0.303548,0.464436,0.83196,0.683918,-0.501745,0.52963,0.663411,0.729761,-0.165332
0.674504,0.474514,0.61162,-0.303548,0.15188,0.940633,0.683918,-0.652631,0.326082,0.663411,0.742298,0.0942312
0.674504,0.552958,0.641503,-0.303548,-0.178995,0.935852,0.683918,-0.724799,0.0832042,0.663411,0.665303,0.342429
0.674504,0.61645,0.696412,-0.303548,-0.48828,0.818194,0.683918,-0.709546,-0.169709,0.663411,0.508062,0.549325
0.674504,0.657334,0.769726,-0.303548,-0.738672,0.601849,0.683918,-0.608711,-0.402154,0.663411,0.289542,0.689964
0.674504,0.670677,0.852602,-0.303548,-0.899969,0.312912,0.683918,-0.434456,-0.586092,0.663411,0.0360991,0.747384
0.674504,0.65487,0.935043,-0.303548,-0.952717,-0.0137664,0.683918,-0.2078,-0.699339,0.663411,-0.221698,0.714657
0.674504,0.61182,1.00711,-0.303548,-0.890552,-0.338784,0.683918,0.0439198,-0.728236,0.663411,-0.452755,0.595733
0.674504,0.546719,1.0601,-0.303548,-0.720974,-0.62294,0.683918,0.290342,-0.669296,0.663411,-0.629204,0.404954
0.674504,0.46742,1.08763,-0.303548,-0.464436,-0.83196,0.683918,0.501745,-0.52963,0.663411,-0.729761,0.165332
0.674504,0.383486,1.08638,-0.303548,-0.15188,-0.940633,0.683918,0.652631,-0.326082,0.663411,-0.742298,-0.0942312
0.674504,0.305042,1.0565,-0.303548,0.178995,-0.935852,0.683918,0.724799,-0.0832042,0.663411,-0.665303,-0.342429
0.763543,0.311624,1.16243,-0.60091,0.188883,-0.776679,0.629641,0.710438,-0.314374,0.492402,-0.677939,-0.545838
0.763543,0.211502,1.10339,-0.60091,0.443132,-0.665237,0.629641,0.775115,-0.0524314,0.492402,-0.450367,-0.744789
0.763543,0.137613,1.01366,-0.60091,0.643932,-0.473559,0.629641,0.746303,0.215836,0.492402,-0.168474,-0.853907
0.763543,0.0988701,0.904066,-0.60091,0.767065,-0.224762,0.629641,0.627475,0.45807,0.492402,0.13374,-0.860032
0.763543,0.0999457,0.787834,-0.60091,0.797678,0.0511449,0.629641,0.432965,0.645054,0.492402,0.419823,-0.762424
0.763543,0.14071,0.67898,-0.60091,0.73208,0.320883,0.629641,0.186232,0.754235,0.492402,0.655268,-0.572856
0.763543,0.216246,0.590632,-0.60091,0.578182,0.551917,0.629641,-0.0829625,0.772444,0.492402,0.811679,-0.314194
0.763543,0.317444,0.533448,-0.60091,0.354546,0.716382,0.629641,-0.342151,0.697485,0.492402,0.870189,-0.0176348
0.763543,0.432097,0.514323,-0.60091,0.0881475,0.794441,0.629641,-0.560071,0.538399,0.492402,0.823742,0.281051
0.763543,0.546376,0.535566,-0.60091,-0.188883,0.776679,0.629641,-0.710438,0.314374,0.492402,0.677939,0.545838
0.763543,0.646498,0.594614,-0.60091,-0.443132,0.665237,0.629641,-0.775115,0.0524314,0.492402,0.450367,0.744789
0.763543,0.720387,0.684344,-0.60091,-0.643932,0.473559,0.629641,-0.746303,-0.215836,0.492402,0.168474,0.853907
0.763543,0.75913,0.793934,-0.60091,-0.767065,0.224762,0.629641,-0.627475,-0.45807,0.492402,-0.13374,0.860032
0.763543,0.758054,0.910166,-0.60091,-0.797678,-0.0511449,0.629641,-0.432965,-0.645054,0.492402,-0.419823,0.762424
0.763543,0.71729,1.01902,-0.60091,-0.73208,-0.320883,0.629641,-0.186232,-0.754235,0.492402,-0.655268,0.572856
0.763543,0.641754,1.10737,-0.60091,-0.578182,-0.551917,0.629641,0.0829625,-0.772444,0.492402,-0.811679,0.314194
0.763543,0.540556,1.16455,-0.60091,-0.354546,-0.716382,0.629641,0.342151,-0.697485,0.492402,-0.870189,0.0176348
0.763543,0.425903,1.18368,-0.60091,-0.0881475,-0.794441,0.629641,0.560071,-0.538399,0.492402,-0.823742,-0.281051
0.763543,0.311624,1.16243,-0.60091,0.188883,-0.776679,0.629641,0.710438,-0.314374,0.492402,-0.677939,-0.545838
0.883514,0.31592,1.23159,-0.825794,0.204482,-0.525596,0.499419,0.698093,-0.513075,0.262001,-0.686187,-0.678603
0.883514,0.191887,1.16984,-0.825794,0.371914,-0.423962,0.499419,0.831475,-0.243371,0.262001,-0.412709,-0.872369
0.883514,0.0964533,1.06939,-0.825794,0.494489,-0.271192,0.499419,0.864569,0.0556875,0.262001,-0.089452,-0.960913
0.883514,0.0411298,0.942363,-0.825794,0.55742,-0.0857118,0.499419,0.793383,0.348029,0.262001,0.244594,-0.933557
0.883514,0.0325892,0.804073,-0.825794,0.553119,0.110106,0.499419,0.626503,0.598393,0.262001,0.549139,-0.793601
0.883514,0.0718615,0.671202,-0.825794,0.482103,0.292644,0.499419,0.384058,0.776582,0.262001,0.787449,-0.557924
0.883514,0.15421,0.559776,-0.825794,0.352939,0.439884,0.499419,0.0952893,0.861104,0.262001,0.930781,-0.254954
0.883514,0.269702,0.483235,-0.825794,0.181205,0.534068,0.499419,-0.204972,0.841764,0.262001,0.961848,0.0787678
0.883514,0.404408,0.45081,-0.825794,-0.0123854,0.563836,0.499419,-0.480511,0.720895,0.262001,0.876901,0.402989
0.883514,0.54208,0.466413,-0.825794,-0.204482,0.525596,0.499419,-0.698093,0.513075,0.262001,0.686187,0.678603
0.883514,0.666113,0.528162,-0.825794,-0.371914,0.423962,0.499419,-0.831475,0.243371,0.262001,0.412709,0.872369
0.883514,0.761547,0.628608,-0.825794,-0.494489,0.271192,0.499419,-0.864569,-0.0556875,0.262001,0.089452,0.960913
0.883514,0.81687,0.755637,-0.825794,-0.55742,0.0857118,0.499419,-0.793383,-0.348029,0.262001,-0.244594,0.933557
0.883514,0.825411,0.893927,-0.825794,-0.553119,-0.110106,0.499419,-0.626503,-0.598393,0.262001,-0.549139,0.793601
0.883514,0.786138,1.0268,-0.825794,-0.482103,-0.292644,0.499419,-0.384058,-0.776582,0.262001,-0.787449,0.557924
0.883514,0.70379,1.13822,-0.825794,-0.352939,-0.439884,0.499419,-0.0952893,-0.861104,0.262001,-0.930781,0.254954
0.883514,0.588298,1.21477,-0.825794,-0.181205,-0.534068,0.499419,0.204972,-0.841764,0.262001,-0.961848,-0.0787678
0.883514,0.453592,1.24719,-0.825794,0.0123854,-0.563836,0.499419,0.480511,-0.720895,0.262001,-0.876901,-0.402989
0.883514,0.31592,1.23159,-0.825794,0.204482,-0.525596,0.499419,0.698093,-0.513075,0.262001,-0.686187,-0.678603
0.875863,0.412509,0.453095,0.985232,0.149604,-0.0832917,-0.00862081,0.529162,0.848477,0.17101,-0.835228,0.522637
0.875863,0.548911,0.471331,0.985232,0.169069,-0.0271011,-0.00862081,0.207053,0.978292,0.17101,-0.96361,0.205453
0.875863,0.67085,0.535119,0.985232,0.168142,0.0323583,-0.00862081,-0.140029,0.99011,0.17101,-0.975766,-0.136511
0.875863,0.763619,0.636766,0.985232,0.146935,0.0879147,-0.00862081,-0.470222,0.882506,0.17101,-0.870231,-0.462011
0.875863,0.816027,0.764012,0.985232,0.108005,0.132867,-0.00862081,-0.743699,0.668459,0.17101,-0.659733,-0.731784
0.875863,0.821754,0.901508,0.985232,0.0560479,0.161794,-0.00862081,-0.927475,0.373786,0.17101,-0.369661,-0.913294
0.875863,0.780109,1.03267,0.985232,-0.00266912,0.171206,-0.00862081,-0.999384,0.0340292,0.17101,-0.0350026,-0.984647
0.875863,0.696115,1.14168,0.985232,-0.0610642,0.159969,-0.00862081,-0.950752,-0.309832,0.17101,0.303878,-0.937237
0.875863,0.579904,1.21539,0.985232,-0.112094,0.129436,-0.00862081,-0.787446,-0.616324,0.17101,0.606106,-0.776783
0.875863,0.445491,1.24491,0.985232,-0.149604,0.0832917,-0.00862081,-0.529162,-0.848477,0.17101,0.835228,-0.522637
0.875863,0.309089,1.22667,0.985232,-0.169069,0.0271011,-0.00862081,-0.207053,-0.978292,0.17101,0.96361,-0.205453
0.875863,0.18715,1.16288,0.985232,-0.168142,-0.0323583,-0.00862081,0.140029,-0.99011,0.17101,0.975766,0.136511
0.875863,0.0943815,1.06123,0.985232,-0.146935,-0.0879147,-0.00862081,0.470222,-0.882506,0.17101,0.870231,0.462011
0.875863,0.0419732,0.933988,0.985232,-0.108005,-0.132867,-0.00862081,0.743699,-0.668459,0.17101,0.659733,0.731784
0.875863,0.0362461,0.796492,0.985232,-0.0560479,-0.161794,-0.00862081,0.927475,-0.373786,0.17101,0.369661,0.913294
0.875863,0.0778908,0.665329,0.985232,0.00266912,-0.171206,-0.00862081,0.999384,-0.0340292,0.17101,0.0350026,0.984647
0.875863,0.161885,0.556319,0.985232,0.0610642,-0.159969,-0.00862081,0.950752,0.309832,0.17101,-0.303878,0.937237
0.875863,0.278096,0.482611,0.985232,0.112094,-0.129436,-0.00862081,0.787446,0.616324,0.17101,-0.606106,0.776783
0.875863,0.412509,0.453095,0.985232,0.149604,-0.0832917,-0.00862081,0.529162,0.848477,0.17101,-0.835228,0.522637
0.749059,0.417047,0.526144,0.900555,0.128986,-0.415167,0.292759,0.526055,0.798472,0.321393,-0.840612,0.43598
0.749059,0.528192,0.541526,0.900555,0.263203,-0.346013,0.292759,0.221237,0.93024,0.321393,-0.939031,0.122181
0.749059,0.627372,0.593995,0.900555,0.365673,-0.235126,0.292759,-0.110266,0.949807,0.321393,-0.924189,-0.206355
0.749059,0.702625,0.677221,0.900555,0.424038,-0.0958781,0.292759,-0.428469,0.854814,0.321393,-0.797876,-0.510001
0.749059,0.744876,0.781166,0.900555,0.431258,0.0549336,0.292759,-0.694993,0.656717,0.321393,-0.575327,-0.752134
0.749059,0.749027,0.893292,0.900555,0.386461,0.19912,0.292759,-0.87769,0.37941,0.321393,-0.283386,-0.903548
0.749059,0.714578,1.00008,0.900555,0.295052,0.319289,0.292759,-0.954525,0.0563413,0.321393,0.0427362,-0.945981
0.749059,0.645684,1.08864,0.900555,0.168055,0.400947,0.292759,-0.91623,-0.273523,0.321393,0.363703,-0.874315
0.749059,0.550655,1.1483,0.900555,0.0207881,0.434245,0.292759,-0.767424,-0.570397,0.321393,0.640803,-0.697193
0.749059,0.440953,1.17186,0.900555,-0.128986,0.415167,0.292759,-0.526055,-0.798472,0.321393,0.840612,-0.43598
0.749059,0.329808,1.15647,0.900555,-0.263203,0.346013,0.292759,-0.221237,-0.93024,0.321393,0.939031,-0.122181
0.749059,0.230628,1.10401,0.900555,-0.365673,0.235126,0.292759,0.110266,-0.949807,0.321393,0.924189,0.206355
0.749059,0.155375,1.02078,0.900555,-0.424038,0.0958781,0.292759,0.428469,-0.854814,0.321393,0.797876,0.510001
0.749059,0.113124,0.916834,0.900555,-0.431258,-0.0549336,0.292759,0.694993,-0.656717,0.321393,0.575327,0.752134
0.749059,0.108973,0.804708,0.900555,-0.386461,-0.19912,0.292759,0.87769,-0.37941,0.321393,0.283386,0.903548
0.749059,0.143422,0.697923,0.900555,-0.295052,-0.319289,0.292759,0.954525,-0.0563413,0.321393,-0.0427362,0.945981
0.749059,0.212316,0.609361,0.900555,-0.168055,-0.400947,0.292759,0.91623,0.273523,0.321393,-0.363703,0.874315
0.749059,0.307345,0.549702,0.900555,-0.0207881,-0.434245,0.292759,0.767424,0.570397,0.321393,-0.640803,0.697193
0.749059,0.417047,0.526144,0.900555,0.128986,-0.415167,0.292759,0.526055,0.798472,0.321393,-0.840612,0.43598
0.654934,0.424001,0.638073,0.707258,0.111408,-0.698122,0.558827,0.516745,0.648604,0.433011,-0.84886,0.303214
0.654934,0.496444,0.649084,0.707258,0.343461,-0.617917,0.558827,0.263746,0.786225,0.433011,-0.901373,-0.00539896
0.654934,0.560752,0.684207,0.707258,0.534088,-0.463181,0.558827,-0.0210647,0.829016,0.433011,-0.845167,-0.313361
0.654934,0.609169,0.739207,0.707258,0.660295,-0.252579,0.558827,-0.303335,0.771816,0.433011,-0.687021,-0.583527
0.654934,0.635854,0.80745,0.707258,0.706862,-0.0115124,0.558827,-0.549018,0.621523,0.433011,-0.446011,-0.783311
0.654934,0.63759,0.880704,0.707258,0.66817,0.230943,0.558827,-0.728482,0.396266,0.433011,-0.151205,-0.888616
0.654934,0.614168,0.950134,0.707258,0.548888,0.445543,0.558827,-0.82008,0.123213,0.433011,0.161839,-0.886741
0.654934,0.568411,1.00737,0.707258,0.363401,0.606404,0.558827,-0.812764,-0.164702,0.433011,0.455362,-0.777912
0.654934,0.505839,1.0455,0.707258,0.134083,0.694124,0.558827,-0.707417,-0.432751,0.433011,0.693962,-0.575255
0.654934,0.433999,1.05993,0.707258,-0.111408,0.698122,0.558827,-0.516745,-0.648604,0.433011,0.84886,-0.303214
0.654934,0.361556,1.04892,0.707258,-0.343461,0.617917,0.558827,-0.263746,-0.786225,0.433011,0.901373,0.00539896
0.654934,0.297248,1.01379,0.707258,-0.534088,0.463181,0.558827,0.0210647,-0.829016,0.433011,0.845167,0.313361
0.654934,0.248831,0.958793,0.707258,-0.660295,0.252579,0.558827,0.303335,-0.771816,0.433011,0.687021,0.583527
0.654934,0.222146,0.89055,0.707258,-0.706862,0.0115124,0.558827,0.549018,-0.621523,0.433011,0.446011,0.783311
0.654934,0.22041,0.817296,0.707258,-0.66817,-0.230943,0.558827,0.728482,-0.396266,0.433011,0.151205,0.888616
0.654934,0.243832,0.747866,0.707258,-0.548888,-0.445543,0.558827,0.82008,-0.123213,0.433011,-0.161839,0.886741
0.654934,0.289589,0.690634,0.707258,-0.363401,-0.606404,0.558827,0.812764,0.164702,0.433011,-0.455362,0.777912
