0.658953,0.616269,0.9478,0.308961,0.593204,-0.743406,0.951075,-0.192708,0.241496,-3.49349e-06,-0.781648,-0.62372
0.907818,0.460632,1.21819,0.92986,-0.367888,-0.00443951,-0.179072,-0.442009,-0.878954,0.321394,0.818099,-0.476885
0.907818,0.320825,1.1987,0.92986,-0.344183,-0.129997,-0.179072,-0.114733,-0.977123,0.321394,0.931866,-0.168319
0.907818,0.196115,1.13256,0.92986,-0.278965,-0.239875,-0.179072,0.226382,-0.957436,0.321394,0.933236,0.160549
0.907818,0.101546,1.02777,0.92986,-0.180099,-0.32082,-0.179072,0.540192,-0.822268,0.321394,0.822044,0.470052
0.907818,0.0485229,0.896943,0.92986,-0.059511,-0.36307,-0.179072,0.788847,-0.587923,0.321394,0.611702,0.72286
0.907818,0.0434414,0.755875,0.92986,0.0682551,-0.361528,-0.179072,0.942355,-0.282665,0.321394,0.327579,0.888481
0.907818,0.0869144,0.621577,0.92986,0.187789,-0.316381,-0.179072,0.982202,0.056686,0.321394,0.00394496,0.946937
0.907818,0.173698,0.510246,0.92986,0.284672,-0.233073,-0.179072,0.90358,0.3892,0.321394,-0.320165,0.891179
0.907818,0.293326,0.435312,0.92986,0.34722,-0.121653,-0.179072,0.715973,0.674771,0.321394,-0.605657,0.727932
0.907818,0.431368,0.405811,0.92986,0.367888,0.00443951,-0.179072,0.442009,0.878954,0.321394,-0.818099,0.476885
0.907818,0.571175,0.425303,0.92986,0.344183,0.129997,-0.179072,0.114733,0.977123,0.321394,-0.931866,0.168319
0.907818,0.695885,0.491436,0.92986,0.278965,0.239875,-0.179072,-0.226382,0.957436,0.321394,-0.933236,-0.160549
0.907818,0.790454,0.596234,0.92986,0.180099,0.32082,-0.179072,-0.540192,0.822268,0.321394,-0.822044,-0.470052
0.907818,0.843477,0.727057,0.92986,0.059511,0.36307,-0.179072,-0.788847,0.587923,0.321394,-0.611702,-0.72286
0.907818,0.848559,0.868125,0.92986,-0.0682551,0.361528,-0.179072,-0.942355,0.282665,0.321394,-0.327579,-0.888481
0.907818,0.805086,1.00242,0.92986,-0.187789,0.316381,-0.179072,-0.982202,-0.056686,0.321394,-0.00394496,-0.946937
0.907818,0.718302,1.11375,0.92986,-0.284672,0.233073,-0.179072,-0.90358,-0.3892,0.321394,0.320165,-0.891179
0.907818,0.598674,1.18869,0.92986,-0.34722,0.121653,-0.179072,-0.715973,-0.674771,0.321394,0.605657,-0.727932
0.907818,0.460632,1.21819,0.92986,-0.367888,-0.00443951,-0.179072,-0.442009,-0.878954,0.321394,0.818099,-0.476885
0.809114,0.496162,1.17366,0.796489,-0.557749,0.233496,-0.0275851,-0.419281,-0.907437,0.604023,0.716323,-0.349339
0.809114,0.369442,1.16901,0.796489,-0.603973,0.0286527,-0.0275851,-0.0836338,-0.996115,0.604023,0.792604,-0.0832741
0.809114,0.251955,1.12129,0.796489,-0.577349,-0.179646,-0.0275851,0.262101,-0.964646,0.604023,0.773286,0.192835
0.809114,0.157873,1.03627,0.796489,-0.481088,-0.366277,-0.0275851,0.576223,-0.816827,0.604023,0.660698,0.445685
0.809114,0.0985434,0.924202,0.796489,-0.326801,-0.50873,-0.0275851,0.820844,-0.570486,0.604023,0.46842,0.644779
0.809114,0.0811222,0.798598,0.796489,-0.133096,-0.589822,-0.0275851,0.966459,-0.255337,0.604023,0.219643,0.766103
0.809114,0.107711,0.674611,0.796489,0.0766614,-0.599773,-0.0275851,0.995504,0.0906102,0.604023,-0.0556253,0.795023
0.809114,0.175102,0.567195,0.796489,0.277173,-0.537382,-0.0275851,0.904478,0.425628,0.604023,-0.324185,0.728053
0.809114,0.275167,0.489306,0.796489,0.444253,-0.410176,-0.0275851,0.704357,0.709309,0.604023,-0.553643,0.573268
0.809114,0.395838,0.450338,0.796489,0.557749,-0.233496,-0.0275851,0.419281,0.907437,0.604023,-0.716323,0.349339
0.809114,0.522558,0.454993,0.796489,0.603973,-0.0286527,-0.0275851,0.0836338,0.996115,0.604023,-0.792604,0.0832741
0.809114,0.640045,0.502707,0.796489,0.577349,0.179646,-0.0275851,-0.262101,0.964646,0.604023,-0.773286,-0.192835
0.809114,0.734127,0.587727,0.796489,0.481088,0.366277,-0.0275851,-0.576223,0.816827,0.604023,-0.660698,-0.445685
0.809114,0.793457,0.699798,0.796489,0.326801,0.50873,-0.0275851,-0.820844,0.570486,0.604023,-0.46842,-0.644779
0.809114,0.810878,0.825402,0.796489,0.133096,0.589822,-0.0275851,-0.966459,0.255337,0.604023,-0.219643,-0.766103
0.809114,0.784289,0.949389,0.796489,-0.0766614,0.599773,-0.0275851,-0.995504,-0.0906102,0.604023,0.0556253,-0.795023
0.809114,0.716898,1.05681,0.796489,-0.277173,0.537382,-0.0275851,-0.904478,-0.425628,0.604023,0.324185,-0.728053
0.809114,0.616833,1.13469,0.796489,-0.444253,0.410176,-0.0275851,-0.704357,-0.709309,0.604023,0.553643,-0.573268
0.809114,0.496162,1.17366,0.796489,-0.557749,0.233496,-0.0275851,-0.419281,-0.907437,0.604023,0.716323,-0.349339
0.735846,0.550606,1.10543,0.567051,-0.70771,0.421427,0.127229,-0.43024,-0.893704,0.813797,0.560393,-0.153927
0.735846,0.443938,1.12351,0.567051,-0.809166,0.153961,0.127229,-0.0986288,-0.986957,0.813797,0.579243,0.047022
0.735846,0.337518,1.10402,0.567051,-0.813025,-0.132075,0.127229,0.244879,-0.96117,0.813797,0.528228,0.242299
0.735846,0.244183,1.04931,0.567051,-0.718821,-0.402181,0.127229,0.55885,-0.819451,0.813797,0.413501,0.408351
0.735846,0.17519,0.965971,0.567051,-0.537917,-0.623778,0.127229,0.805416,-0.578894,0.813797,0.248899,0.525151
0.735846,0.138861,0.864063,0.567051,-0.292132,-0.770138,0.127229,0.954837,-0.268514,0.813797,0.0542769,0.578609
0.735846,0.139577,0.755875,0.567051,-0.0111114,-0.823608,0.127229,0.98909,0.0742529,0.813797,-0.146892,0.562278
0.735846,0.177252,0.654457,0.567051,0.271249,-0.777738,0.127229,0.904045,0.408064,0.813797,-0.330344,0.478129
0.735846,0.247343,0.572041,0.567051,0.520893,-0.638062,0.127229,0.709958,0.692656,0.813797,-0.473951,0.33631
0.735846,0.341394,0.518568,0.567051,0.70771,-0.421427,0.127229,0.43024,0.893704,0.813797,-0.560393,0.153927
0.735846,0.448062,0.500486,0.567051,0.809166,-0.153961,0.127229,0.0986288,0.986957,0.813797,-0.579243,-0.047022
0.735846,0.554482,0.519978,0.567051,0.813025,0.132075,0.127229,-0.244879,0.96117,0.813797,-0.528228,-0.242299
0.735846,0.647817,0.574692,0.567051,0.718821,0.402181,0.127229,-0.55885,0.819451,0.813797,-0.413501,-0.408351
0.735846,0.71681,0.658029,0.567051,0.537917,0.623778,0.127229,-0.805416,0.578894,0.813797,-0.248899,-0.525151
0.735846,0.753139,0.759937,0.567051,0.292132,0.770138,0.127229,-0.954837,0.268514,0.813797,-0.0542769,-0.578609
0.735846,0.752423,0.868125,0.567051,0.0111114,0.823608,0.127229,-0.98909,-0.0742529,0.813797,0.146892,-0.562278
0.735846,0.714748,0.969543,0.567051,-0.271249,0.777738,0.127229,-0.904045,-0.408064,0.813797,0.330344,-0.478129
0.735846,0.644657,1.05196,0.567051,-0.520893,0.638062,0.127229,-0.709958,-0.692656,0.813797,0.473951,-0.33631
0.735846,0.550606,1.10543,0.567051,-0.70771,0.421427,0.127229,-0.43024,-0.893704,0.813797,0.560393,-0.153927
0.696852,0.617396,1.02173,0.269218,-0.799681,0.536686,0.266698,-0.473564,-0.83941,0.925416,0.369117,0.0857815
0.696852,0.535328,1.0677,0.269218,-0.935012,0.230813,0.266698,-0.157909,-0.950756,0.925416,0.317518,0.206854
0.696852,0.442485,1.08283,0.269218,-0.957566,-0.1029,0.266698,0.176792,-0.947426,0.925416,0.227621,0.302976
0.696852,0.350066,1.0653,0.269218,-0.864624,-0.424201,0.266698,0.490169,-0.829823,0.925416,0.11027,0.362556
0.696852,0.269218,1.01721,0.269218,-0.667396,-0.694338,0.266698,0.744424,-0.612131,0.925416,-0.0203818,0.378405
0.696852,0.209693,0.944373,0.269218,-0.389669,-0.880727,0.266698,0.908891,-0.320607,0.925416,-0.148575,0.348614
0.696852,0.17867,0.855568,0.269218,-0.0649431,-0.960887,0.266698,0.963733,0.00958703,0.925416,-0.258848,0.276774
0.696852,0.179891,0.761508,0.269218,0.267616,-0.92515,0.266698,0.902333,0.338625,0.925416,-0.337899,0.171552
0.696852,0.213208,0.673539,0.269218,0.567897,-0.777827,0.266698,0.7321,0.626819,0.925416,-0.376196,0.0456373
0.696852,0.274604,0.602269,0.269218,0.799681,-0.536686,0.266698,0.473564,0.83941,0.925416,-0.369117,-0.0857815
0.696852,0.356672,0.556297,0.269218,0.935012,-0.230813,0.266698,0.157909,0.950756,0.925416,-0.317518,-0.206854
0.696852,0.449515,0.541166,0.269218,0.957566,0.1029,0.266698,-0.176792,0.947426,0.925416,-0.227621,-0.302976
0.696852,0.541934,0.558701,0.269218,0.864624,0.424201,0.266698,-0.490169,0.829823,0.925416,-0.11027,-0.362556
0.696852,0.622782,0.606788,0.269218,0.667396,0.694338,0.266698,-0.744424,0.612131,0.925416,0.0203818,-0.378405
0.696852,0.682307,0.679627,0.269218,0.389669,0.880727,0.266698,-0.908891,0.320607,0.925416,0.148575,-0.348614
0.696852,0.71333,0.768432,0.269218,0.0649431,0.960887,0.266698,-0.963733,-0.00958703,0.925416,0.258848,-0.276774
0.696852,0.712109,0.862492,0.269218,-0.267616,0.92515,0.266698,-0.902333,-0.338625,0.925416,0.337899,-0.171552
0.696852,0.678792,0.950461,0.269218,-0.567897,0.777827,0.266698,-0.7321,-0.626819,0.925416,0.376196,-0.0456373
0.696852,0.617396,1.02173,0.269218,-0.799681,0.536686,0.266698,-0.473564,-0.83941,0.925416,0.369117,0.0857815
0.696834,0.688477,0.932652,-0.061087,-0.822571,0.565372,0.373999,-0.544027,-0.751106,0.925415,0.165565,0.340874
0.696834,0.632588,1.00831,-0.061087,-0.966332,0.24994,0.373999,-0.254324,-0.891877,0.925415,0.0389951,0.376943
0.696834,0.554194,1.06029,-0.061087,-0.99354,-0.0956386,0.373999,0.0660531,-0.925074,0.925415,-0.0922788,0.367548
0.696834,0.462751,1.08232,-0.061087,-0.900912,-0.429682,0.373999,0.378464,-0.846694,0.925415,-0.212422,0.313821
0.696834,0.369287,1.07174,-0.061087,-0.69962,-0.711899,0.373999,0.645226,-0.66619,0.925415,-0.306945,0.222242
0.696834,0.285075,1.02984,-0.061087,-0.413944,-0.90825,0.373999,0.834164,-0.405333,0.925415,-0.364445,0.103858
0.696834,0.220274,0.961665,-0.061087,-0.0783407,-0.995053,0.373999,0.92249,-0.0955879,0.925415,-0.377988,-0.0270528
0.696834,0.182698,0.875436,-0.061087,0.266712,-0.961838,0.373999,0.89955,0.225687,0.925415,-0.34594,-0.154701
0.696834,0.176881,0.781556,-0.061087,0.579595,-0.812612,0.373999,0.768111,0.519741,0.925415,-0.272166,-0.26369
0.696834,0.203523,0.691348,-0.061087,0.822571,-0.565372,0.373999,0.544027,0.751106,0.925415,-0.165565,-0.340874
0.696834,0.259412,0.615692,-0.061087,0.966332,-0.24994,0.373999,0.254324,0.891877,0.925415,-0.0389951,-0.376943
0.696834,0.337806,0.563714,-0.061087,0.99354,0.0956386,0.373999,-0.0660531,0.925074,0.925415,0.0922788,-0.367548
0.696834,0.429249,0.541683,-0.061087,0.900912,0.429682,0.373999,-0.378464,0.846694,0.925415,0.212422,-0.313821
0.696834,0.522713,0.552256,-0.061087,0.69962,0.711899,0.373999,-0.645226,0.66619,0.925415,0.306945,-0.222242
0.696834,0.606925,0.594158,-0.061087,0.413944,0.90825,0.373999,-0.834164,0.405333,0.925415,0.364445,-0.103858
0.696834,0.671726,0.662335,-0.061087,0.0783407,0.995053,0.373999,-0.92249,0.0955879,0.925415,0.377988,0.0270528
0.696834,0.709302,0.748564,-0.061087,-0.266712,0.961838,0.373999,-0.89955,-0.225687,0.925415,0.34594,0.154701
0.696834,0.715119,0.842444,-0.061087,-0.579595,0.812612,0.373999,-0.768111,-0.519741,0.925415,0.272166,0.26369
0.696834,0.688477,0.932652,-0.061087,-0.822571,0.565372,0.373999,-0.544027,-0.751106,0.925415,0.165565,0.340874
0.735794,0.755275,0.848941,-0.384024,-0.773618,0.504024,0.43619,-0.63313,-0.639441,0.813796,-0.0257105,0.580582
0.735794,0.723989,0.952491,-0.384024,-0.89935,0.209035,0.43619,-0.376246,-0.817421,0.813796,-0.222731,0.536775
0.735794,0.659173,1.0391,-0.384024,-0.916606,-0.111168,0.43619,-0.0739808,-0.896808,0.813796,-0.392886,0.428225
0.735794,0.568646,1.09831,-0.384024,-0.823307,-0.417961,0.43619,0.237207,-0.868027,0.813796,-0.515654,0.268025
0.735794,0.463326,1.12299,-0.384024,-0.630704,-0.674343,0.43619,0.519785,-0.734549,0.813796,-0.576226,0.0754971
0.735794,0.355916,1.11016,-0.384024,-0.362029,-0.849388,0.43619,0.739668,-0.512473,0.813796,-0.567297,-0.126137
0.735794,0.259371,1.06137,-0.384024,-0.0496884,-0.921985,0.43619,0.870337,-0.228586,0.813796,-0.489943,-0.312557
0.735794,0.185337,0.9825,-0.384024,0.268646,-0.883377,0.43619,0.89603,0.0828722,0.813796,-0.353495,-0.461278
0.735794,0.142742,0.883065,-0.384024,0.554577,-0.738221,0.43619,0.813649,0.384335,0.813796,-0.174411,-0.554362
0.735794,0.136725,0.775059,-0.384024,0.773618,-0.504024,0.43619,0.63313,0.639441,0.813796,0.0257105,-0.580582
0.735794,0.168011,0.671509,-0.384024,0.89935,-0.209035,0.43619,0.376246,0.817421,0.813796,0.222731,-0.536775
0.735794,0.232827,0.584904,-0.384024,0.916606,0.111168,0.43619,0.0739808,0.896808,0.813796,0.392886,-0.428225
0.735794,0.323354,0.52569,-0.384024,0.823307,0.417961,0.43619,-0.237207,0.868027,0.813796,0.515654,-0.268025
0.735794,0.428674,0.501009,-0.384024,0.630704,0.674343,0.43619,-0.519785,0.734549,0.813796,0.576226,-0.0754971
0.735794,0.536084,0.513838,-0.384024,0.362029,0.849388,0.43619,-0.739668,0.512473,0.813796,0.567297,0.126137
0.735794,0.632629,0.56263,-0.384024,0.0496884,0.921985,0.43619,-0.870337,0.228586,0.813796,0.489943,0.312557
0.735794,0.706663,0.6415,-0.384024,-0.268646,0.883377,0.43619,-0.89603,-0.0828722,0.813796,0.353495,0.461278
0.735794,0.749258,0.740935,-0.384024,-0.554577,0.738221,0.43619,-0.813649,-0.384335,0.813796,0.174411,0.554362
0.735794,0.755275,0.848941,-0.384024,-0.773618,0.504024,0.43619,-0.63313,-0.639441,0.813796,-0.0257105,0.580582
0.809034,0.809733,0.780693,-0.660642,-0.658728,0.360042,0.44577,-0.730127,-0.517884,0.604021,-0.18164,0.775993
0.809034,0.798505,0.906985,-0.660642,-0.742143,0.113031,0.44577,-0.508968,-0.73637,0.604021,-0.436091,0.667071
0.809034,0.744759,1.02182,-0.660642,-0.736045,-0.147614,0.44577,-0.22642,-0.866039,0.604021,-0.637943,0.477689
0.809034,0.654979,1.11135,-0.660642,-0.64117,-0.390454,0.44577,0.0834377,-0.89125,0.604021,-0.76285,0.230692
0.809034,0.539993,1.16477,-0.660642,-0.468959,-0.586199,0.44577,0.383231,-0.808964,0.604021,-0.795746,-0.0441306
0.809034,0.41367,1.17564,-0.660642,-0.240186,-0.711241,0.44577,0.636802,-0.629105,0.604021,-0.732663,-0.31363
0.809034,0.291246,1.14266,-0.660642,0.0175581,-0.750496,0.44577,0.813564,-0.373366,0.604021,-0.58121,-0.545301
0.809034,0.187488,1.06979,-0.660642,0.273184,-0.69923,0.44577,0.892199,-0.0725939,0.604021,-0.359655,-0.711201
0.809034,0.11491,0.965823,-0.660642,0.49586,-0.563627,0.44577,0.863221,0.236934,0.604021,-0.0947196,-0.79132
0.809034,0.082267,0.843307,-0.660642,0.658728,-0.360042,0.44577,0.730127,0.517884,0.604021,0.18164,-0.775993
0.809034,0.0934953,0.717015,-0.660642,0.742143,-0.113031,0.44577,0.508968,0.73637,0.604021,0.436091,-0.667071
0.809034,0.147241,0.602179,-0.660642,0.736045,0.147614,0.44577,0.22642,0.866039,0.604021,0.637943,-0.477689
0.809034,0.237021,0.512651,-0.660642,0.64117,0.390454,0.44577,-0.0834377,0.89125,0.604021,0.76285,-0.230692
0.809034,0.352007,0.459229,-0.660642,0.468959,0.586199,0.44577,-0.383231,0.808964,0.604021,0.795746,0.0441306
0.809034,0.47833,0.448357,-0.660642,0.240186,0.711241,0.44577,-0.636802,0.629105,0.604021,0.732663,0.31363
0.809034,0.600754,0.481345,-0.660642,-0.0175581,0.750496,0.44577,-0.813564,0.373366,0.604021,0.58121,0.545301
0.809034,0.704512,0.554215,-0.660642,-0.273184,0.69923,0.44577,-0.892199,0.0725939,0.604021,0.359655,0.711201
0.809034,0.77709,0.658177,-0.660642,-0.49586,0.563627,0.44577,-0.863221,-0.236934,0.604021,0.0947196,0.79132
0.809034,0.809733,0.780693,-0.660642,-0.658728,0.360042,0.44577,-0.730127,-0.517884,0.604021,-0.18164,0.775993
0.90772,0.845283,0.736142,-0.857576,-0.491756,0.150793,0.401584,-0.823317,-0.401097,0.321392,-0.283416,0.903539
0.90772,0.847148,0.877279,-0.857576,-0.513674,-0.0264917,0.401584,-0.636482,-0.658499,0.321392,-0.575352,0.752115
0.90772,0.800629,1.01054,-0.857576,-0.473635,-0.200581,0.401584,-0.372877,-0.836476,0.321392,-0.797893,0.509975
0.90772,0.711337,1.11986,-0.857576,-0.376468,-0.350477,0.401584,-0.0642983,-0.913562,0.321392,-0.924195,0.206324
0.90772,0.590041,1.19204,-0.857576,-0.233894,-0.4581,0.401584,0.252036,-0.880459,0.321392,-0.939027,-0.122212
0.90772,0.451371,1.21839,-0.857576,-0.0631093,-0.51047,0.401584,0.537971,-0.74116,0.321392,-0.840598,-0.436008
0.90772,0.312054,1.19572,-0.857576,0.115288,-0.50127,0.401584,0.759019,-0.512465,0.321392,-0.64078,-0.697215
0.90772,0.188892,1.12677,-0.857576,0.279779,-0.431609,0.401584,0.888518,-0.22196,0.321392,-0.363675,-0.874327
0.90772,0.0967417,1.01985,-0.857576,0.410525,-0.309889,0.401584,0.910849,0.095317,0.321392,-0.042705,-0.945983
0.90772,0.0467169,0.887858,-0.857576,0.491756,-0.150793,0.401584,0.823317,0.401097,0.321392,0.283416,-0.903539
0.90772,0.0448516,0.746721,-0.857576,0.513674,0.0264917,0.401584,0.636482,0.658499,0.321392,0.575352,-0.752115
0.90772,0.0913706,0.613457,-0.857576,0.473635,0.200581,0.401584,0.372877,0.836476,0.321392,0.797893,-0.509975
0.90772,0.180663,0.50414,-0.857576,0.376468,0.350477,0.401584,0.0642983,0.913562,0.321392,0.924195,-0.206324
0.90772,0.301959,0.431956,-0.857576,0.233894,0.4581,0.401584,-0.252036,0.880459,0.321392,0.939027,0.122212
0.90772,0.440629,0.40561,-0.857576,0.0631093,0.51047,0.401584,-0.537971,0.74116,0.321392,0.840598,0.436008
0.90772,0.579946,0.428282,-0.857576,-0.115288,0.50127,0.401584,-0.759019,0.512465,0.321392,0.64078,0.697215
0.90772,0.703108,0.497235,-0.857576,-0.279779,0.431609,0.401584,-0.888518,0.22196,0.321392,0.363675,0.874327
0.90772,0.795258,0.604154,-0.857576,-0.410525,0.309889,0.401584,-0.910849,-0.095317,0.321392,0.042705,0.945983
0.90772,0.845283,0.736142,-0.857576,-0.491756,0.150793,0.401584,-0.823317,-0.401097,0.321392,-0.283416,0.903539
0.883612,0.318945,1.19021,0.961642,-0.271488,-0.0392312,-0.0812368,-0.145261,-0.986053,0.262003,0.951417,-0.161744
0.883612,0.197251,1.12395,0.961642,-0.241698,-0.12972,-0.0812368,0.200749,-0.976269,0.262003,0.949359,0.173414
0.883612,0.105561,1.02006,0.961642,-0.182755,-0.204562,-0.0812368,0.522546,-0.848732,0.262003,0.832794,0.487656
0.883612,0.054932,0.891072,0.961642,-0.101769,-0.254731,-0.0812368,0.781316,-0.618826,0.262003,0.615783,0.743079
0.883612,0.051472,0.75255,0.961642,-0.00850827,-0.274176,-0.0812368,0.945848,-0.31428,0.262003,0.324498,0.908876
0.883612,0.0955978,0.621199,0.961642,0.0857786,-0.260551,-0.0812368,0.996297,0.028172,0.262003,-0.00592504,0.965049
0.883612,0.181987,0.512861,0.961642,0.169719,-0.2155,-0.0812368,0.926577,0.367227,0.262003,-0.335634,0.904823
0.883612,0.300221,0.440604,0.961642,0.233189,-0.144456,-0.0812368,0.745099,0.661988,0.262003,-0.62486,0.735462
0.883612,0.436037,0.413142,0.961642,0.268533,-0.0559892,-0.0812368,0.473751,0.876904,0.262003,-0.838719,0.477393
0.883612,0.573055,0.433789,0.961642,0.271488,0.0392312,-0.0812368,0.145261,0.986053,0.262003,-0.951417,0.161744
0.883612,0.694749,0.500053,0.961642,0.241698,0.12972,-0.0812368,-0.200749,0.976269,0.262003,-0.949359,-0.173414
0.883612,0.786439,0.603943,0.961642,0.182755,0.204562,-0.0812368,-0.522546,0.848732,0.262003,-0.832794,-0.487656
0.883612,0.837068,0.732928,0.961642,0.101769,0.254731,-0.0812368,-0.781316,0.618826,0.262003,-0.615783,-0.743079
0.883612,0.840528,0.87145,0.961642,0.00850827,0.274176,-0.0812368,-0.945848,0.31428,0.262003,-0.324498,-0.908876
0.883612,0.796402,1.0028,0.961642,-0.0857786,0.260551,-0.0812368,-0.996297,-0.028172,0.262003,0.00592504,-0.965049
0.883612,0.710013,1.11114,0.961642,-0.169719,0.2155,-0.0812368,-0.926577,-0.367227,0.262003,0.335634,-0.904823
0.883612,0.591779,1.1834,0.961642,-0.233189,0.144456,-0.0812368,-0.745099,-0.661988,0.262003,0.62486,-0.735462
0.883612,0.455963,1.21086,0.961642,-0.268533,0.0559892,-0.0812368,-0.473751,-0.876904,0.262003,0.838719,-0.477393
0.883612,0.318945,1.19021,0.961642,-0.271488,-0.0392312,-0.0812368,-0.145261,-0.986053,0.262003,0.951417,-0.161744
0.763622,0.36214,1.13608,0.856221,-0.471414,0.211317,0.156285,-0.153515,-0.975709,0.492403,0.868448,-0.0577674
0.763622,0.256357,1.08785,0.856221,-0.515259,0.0373399,0.156285,0.189455,-0.969372,0.492403,0.835832,0.242743
0.763622,0.173447,1.00635,0.856221,-0.496956,-0.141141,0.156285,0.509574,-0.846114,0.492403,0.702402,0.513975
0.763622,0.123411,0.901414,0.856221,-0.418713,-0.302598,0.156285,0.768231,-0.620802,0.492403,0.484252,0.723214
0.763622,0.112284,0.78569,0.856221,-0.289967,-0.427557,0.156285,0.934228,-0.320613,0.492403,0.207694,0.845223
0.763622,0.141408,0.673139,0.856221,-0.126246,-0.500947,0.156285,0.987543,0.0182475,0.492403,-0.0939146,0.865286
0.763622,0.20727,0.577337,0.856221,0.0527012,-0.513915,0.156285,0.921746,0.354907,0.492403,-0.384196,0.780982
0.763622,0.301927,0.509838,0.856221,0.225292,-0.464897,0.156285,0.744773,0.648759,0.492403,-0.628138,0.60248
0.763622,0.413961,0.478785,0.856221,0.37071,-0.359806,0.156285,0.477969,0.864361,0.492403,-0.796317,0.35131
0.763622,0.52986,0.487922,0.856221,0.471414,-0.211317,0.156285,0.153515,0.975709,0.492403,-0.868448,0.0577674
0.763622,0.635643,0.536148,0.856221,0.515259,-0.0373399,0.156285,-0.189455,0.969372,0.492403,-0.835832,-0.242743
0.763622,0.718553,0.617646,0.856221,0.496956,0.141141,0.156285,-0.509574,0.846114,0.492403,-0.702402,-0.513975
0.763622,0.768589,0.722586,0.856221,0.418713,0.302598,0.156285,-0.768231,0.620802,0.492403,-0.484252,-0.723214
0.763622,0.779716,0.83831,0.856221,0.289967,0.427557,0.156285,-0.934228,0.320613,0.492403,-0.207694,-0.845223
0.763622,0.750592,0.950861,0.856221,0.126246,0.500947,0.156285,-0.987543,-0.0182475,0.492403,0.0939146,-0.865286
0.763622,0.68473,1.04666,0.856221,-0.0527012,0.513915,0.156285,-0.921746,-0.354907,0.492403,0.384196,-0.780982
0.763622,0.590073,1.11416,0.856221,-0.225292,0.464897,0.156285,-0.744773,-0.648759,0.492403,0.628138,-0.60248
0.763622,0.478039,1.14522,0.856221,-0.37071,0.359806,0.156285,-0.477969,-0.864361,0.492403,0.796317,-0.35131
0.763622,0.36214,1.13608,0.856221,-0.471414,0.211317,0.156285,-0.153515,-0.975709,0.492403,0.868448,-0.0577674
0.674556,0.428328,1.05313,0.647527,-0.636794,0.418572,0.374957,-0.21194,-0.90249,0.663413,0.741333,0.101534
0.674556,0.346922,1.03255,0.647527,-0.741551,0.175533,0.374957,0.109511,-0.920551,0.663413,0.661899,0.348961
0.674556,0.277466,0.985358,0.647527,-0.756865,-0.0886786,0.374957,0.417754,-0.82758,0.663413,0.502629,0.554299
0.674556,0.228338,0.917261,0.647527,-0.680891,-0.342194,0.374957,0.675609,-0.634791,0.663413,0.282736,0.69278
0.674556,0.205463,0.836468,0.647527,-0.522791,-0.554435,0.374957,0.851976,-0.365436,0.663413,0.0287399,0.747702
0.674556,0.211601,0.752724,0.647527,-0.301635,-0.699804,0.374957,0.925582,-0.0520045,0.663413,-0.228722,0.712439
0.674556,0.24601,0.67613,0.647527,-0.0440969,-0.760766,0.374957,0.887549,0.2677,0.663413,-0.458597,0.591246
0.674556,0.304541,0.615923,0.647527,0.21876,-0.729968,0.374957,0.742465,0.555115,0.663413,-0.633159,0.39874
0.674556,0.380135,0.579366,0.647527,0.455231,-0.611125,0.374957,0.507828,0.775575,0.663413,-0.731352,0.15814
0.674556,0.463672,0.570869,0.647527,0.636794,-0.418572,0.374957,0.21194,0.90249,0.663413,-0.741333,-0.101534
0.674556,0.545078,0.591455,0.647527,0.741551,-0.175533,0.374957,-0.109511,0.920551,0.663413,-0.661899,-0.348961
0.674556,0.614534,0.638642,0.647527,0.756865,0.0886786,0.374957,-0.417754,0.82758,0.663413,-0.502629,-0.554299
0.674556,0.663662,0.706739,0.647527,0.680891,0.342194,0.374957,-0.675609,0.634791,0.663413,-0.282736,-0.69278
0.674556,0.686537,0.787532,0.647527,0.522791,0.554435,0.374957,-0.851976,0.365436,0.663413,-0.0287399,-0.747702
0.674556,0.680399,0.871276,0.647527,0.301635,0.699804,0.374957,-0.925582,0.0520045,0.663413,0.228722,-0.712439
0.674556,0.64599,0.94787,0.647527,0.0440969,0.760766,0.374957,-0.887549,-0.2677,0.663413,0.458597,-0.591246
0.674556,0.587459,1.00808,0.647527,-0.21876,0.729968,0.374957,-0.742465,-0.555115,0.663413,0.633159,-0.39874
0.674556,0.511865,1.04463,0.647527,-0.455231,0.611125,0.374957,-0.507828,-0.775575,0.663413,0.731352,-0.15814
0.674556,0.428328,1.05313,0.647527,-0.636794,0.418572,0.374957,-0.21194,-0.90249,0.663413,0.741333,0.101534
0.627155,0.509524,0.951376,0.360731,-0.747681,0.557536,0.548404,-0.31349,-0.775227,0.754404,0.585404,0.296945
0.627155,0.458023,0.964697,0.360731,-0.893279,0.26819,0.548404,-0.029441,-0.835695,0.754404,0.448538,0.479257
0.627155,0.405073,0.959601,0.360731,-0.931134,-0.0535027,0.548404,0.258159,-0.795366,0.754404,0.257572,0.603763
0.627155,0.357059,0.936701,0.360731,-0.856681,-0.368743,0.548404,0.514621,-0.659104,0.754404,0.0355396,0.655447
0.627155,0.319772,0.898761,0.360731,-0.678899,-0.639507,0.548404,0.709013,-0.443344,0.754404,-0.19078,0.628074
0.627155,0.297711,0.850356,0.360731,-0.419232,-0.833137,0.548404,0.817887,-0.174111,0.754404,-0.394088,0.524946
0.627155,0.293535,0.797325,0.360731,-0.109,-0.926279,0.548404,0.828111,0.116123,0.754404,-0.549864,0.358502
0.627155,0.307749,0.746064,0.360731,0.21438,-0.907697,0.548404,0.738454,0.392351,0.754404,-0.639318,0.148817
0.627155,0.338638,0.702756,0.360731,0.511902,-0.779634,0.548404,0.559728,0.621255,0.754404,-0.651661,-0.0788175
0.627155,0.382476,0.672624,0.360731,0.747681,-0.557536,0.548404,0.31349,0.775227,0.754404,-0.585404,-0.296945
0.627155,0.433977,0.659303,0.360731,0.893279,-0.26819,0.548404,0.029441,0.835695,0.754404,-0.448538,-0.479257
0.627155,0.486927,0.664399,0.360731,0.931134,0.0535027,0.548404,-0.258159,0.795366,0.754404,-0.257572,-0.603763
0.627155,0.534941,0.687299,0.360731,0.856681,0.368743,0.548404,-0.514621,0.659104,0.754404,-0.0355396,-0.655447
0.627155,0.572228,0.725239,0.360731,0.678899,0.639507,0.548404,-0.709013,0.443344,0.754404,0.19078,-0.628074
0.627155,0.594289,0.773644,0.360731,0.419232,0.833137,0.548404,-0.817887,0.174111,0.754404,0.394088,-0.524946
0.627155,0.598465,0.826675,0.360731,0.109,0.926279,0.548404,-0.828111,-0.116123,0.754404,0.549864,-0.358502
0.627155,0.584251,0.877936,0.360731,-0.21438,0.907697,0.548404,-0.738454,-0.392351,0.754404,0.639318,-0.148817
0.627155,0.553362,0.921244,0.360731,-0.511902,0.779634,0.548404,-0.559728,-0.621255,0.754404,0.651661,0.0788175
0.627155,0.509524,0.951376,0.360731,-0.747681,0.557536,0.548404,-0.31349,-0.775227,0.754404,0.585404,0.296945
0.627137,0.595935,0.843085,0.0304265,-0.7907,0.611447,0.655705,-0.445916,-0.60927,0.754404,0.419467,0.504898
0.627137,0.576261,0.892491,0.0304265,-0.952142,0.304137,0.655705,-0.210641,-0.725039,0.754404,0.221485,0.617915
0.627137,0.540876,0.932189,0.0304265,-0.998742,-0.0398561,0.655705,0.0500397,-0.753357,0.754404,-0.0032118,0.656402
0.627137,0.494047,0.95739,0.0304265,-0.924879,-0.379042,0.655705,0.304685,-0.69081,0.754404,-0.227521,0.615718
0.627137,0.441423,0.965055,0.0304265,-0.739462,-0.672511,0.655705,0.522581,-0.54494,0.754404,-0.424388,0.500769
0.627137,0.389351,0.954259,0.0304265,-0.464855,-0.884864,0.655705,0.677446,-0.333343,0.754404,-0.570067,0.32542
0.627137,0.344112,0.926305,0.0304265,-0.134179,-0.99049,0.655705,0.750601,-0.0815397,0.754404,-0.646988,0.11082
0.627137,0.311162,0.884564,0.0304265,0.21268,-0.976648,0.655705,0.733223,0.180099,0.754404,-0.645872,-0.117146
0.627137,0.294475,0.83407,0.0304265,0.533887,-0.845008,0.655705,0.627407,0.420014,0.754404,-0.566855,-0.330983
0.627137,0.296065,0.780915,0.0304265,0.7907,-0.611447,0.655705,0.445916,0.60927,0.754404,-0.419467,-0.504898
0.627137,0.315739,0.731509,0.0304265,0.952142,-0.304137,0.655705,0.210641,0.725039,0.754404,-0.221485,-0.617915
0.627137,0.351124,0.691811,0.0304265,0.998742,0.0398561,0.655705,-0.0500397,0.753357,0.754404,0.0032118,-0.656402
0.627137,0.397953,0.66661,0.0304265,0.924879,0.379042,0.655705,-0.304685,0.69081,0.754404,0.227521,-0.615718
0.627137,0.450577,0.658945,0.0304265,0.739462,0.672511,0.655705,-0.522581,0.54494,0.754404,0.424388,-0.500769
0.627137,0.502649,0.669741,0.0304265,0.464855,0.884864,0.655705,-0.677446,0.333343,0.754404,0.570067,-0.32542
0.627137,0.547888,0.697695,0.0304265,0.134179,0.99049,0.655705,-0.750601,0.0815397,0.754404,0.646988,-0.11082
0.627137,0.580838,0.739436,0.0304265,-0.21268,0.976648,0.655705,-0.733223,-0.180099,0.754404,0.645872,0.117146
0.627137,0.597525,0.78993,0.0304265,-0.533887,0.845008,0.655705,-0.627407,-0.420014,0.754404,0.566855,0.330983
0.627137,0.595935,0.843085,0.0304265,-0.7907,0.611447,0.655705,-0.445916,-0.60927,0.754404,0.419467,0.504898
0.674504,0.677139,0.74132,-0.303548,-0.760662,0.573804,0.683918,-0.593246,-0.424636,0.663411,0.263538,0.700309
0.674504,0.687373,0.824637,-0.303548,-0.911041,0.279038,0.683918,-0.412235,-0.601929,0.663411,0.00812449,0.748211
0.674504,0.668494,0.906429,-0.303548,-0.951535,-0.0493847,0.683918,-0.181502,-0.706621,0.663411,-0.248269,0.705867
0.674504,0.62278,0.976832,-0.303548,-0.87726,-0.371851,0.683918,0.0711223,-0.726084,0.663411,-0.474717,0.578385
0.674504,0.555743,1.02735,-0.303548,-0.697175,-0.649466,0.683918,0.315168,-0.65797,0.663411,-0.643907,0.381141
0.674504,0.475469,1.0519,-0.303548,-0.432999,-0.848746,0.683918,0.521201,-0.510496,0.663411,-0.735433,0.137926
0.674504,0.391641,1.04751,-0.303548,-0.116598,-0.945655,0.683918,0.664368,-0.301448,0.663411,-0.738255,-0.121924
0.674504,0.31437,1.01472,-0.303548,0.213867,-0.928504,0.683918,0.727403,-0.0560413,0.663411,-0.652032,-0.367069
0.674504,0.252975,0.957471,-0.303548,0.518536,-0.799361,0.683918,0.702703,0.196125,0.663411,-0.487164,-0.56794
0.674504,0.214861,0.88268,-0.303548,0.760662,-0.573804,0.683918,0.593246,0.424636,0.663411,-0.263538,-0.700309
0.674504,0.204627,0.799363,-0.303548,0.911041,-0.279038,0.683918,0.412235,0.601929,0.663411,-0.00812449,-0.748211
0.674504,0.223506,0.717571,-0.303548,0.951535,0.0493847,0.683918,0.181502,0.706621,0.663411,0.248269,-0.705867
0.674504,0.26922,0.647168,-0.303548,0.87726,0.371851,0.683918,-0.0711223,0.726084,0.663411,0.474717,-0.578385
0.674504,0.336257,0.596646,-0.303548,0.697175,0.649466,0.683918,-0.315168,0.65797,0.663411,0.643907,-0.381141
0.674504,0.416531,0.572099,-0.303548,0.432999,0.848746,0.683918,-0.521201,0.510496,0.663411,0.735433,-0.137926
0.674504,0.500359,0.576488,-0.303548,0.116598,0.945655,0.683918,-0.664368,0.301448,0.663411,0.738255,0.121924
0.674504,0.57763,0.609283,-0.303548,-0.213867,0.928504,0.683918,-0.727403,0.0560413,0.663411,0.652032,0.367069
0.674504,0.639025,0.666529,-0.303548,-0.518536,0.799361,0.683918,-0.702703,-0.196125,0.663411,0.487164,0.56794
0.674504,0.677139,0.74132,-0.303548,-0.760662,0.573804,0.683918,-0.593246,-0.424636,0.663411,0.263538,0.700309
0.763543,0.743341,0.658356,-0.60091,-0.661191,0.449147,0.629641,-0.737709,-0.243594,0.492402,0.136423,0.85961
0.763543,0.777958,0.769318,-0.60091,-0.774934,0.195919,0.629641,-0.609906,-0.481215,0.492402,-0.165808,0.854429
0.763543,0.772537,0.885429,-0.60091,-0.795208,-0.0809393,0.629641,-0.408539,-0.660794,0.492402,-0.448041,0.746191
0.763543,0.72773,0.992682,-0.60091,-0.719568,-0.348035,0.629641,-0.157896,-0.760672,0.492402,-0.676233,0.547951
0.763543,0.648943,1.07814,-0.60091,-0.557138,-0.573153,0.629641,0.111791,-0.768801,0.492402,-0.822861,0.28362
0.763543,0.545677,1.1315,-0.60091,-0.327508,-0.72914,0.629641,0.367995,-0.684202,0.492402,-0.87024,-0.0149193
0.763543,0.43039,1.14633,-0.60091,-0.0583768,-0.797182,0.629641,0.579813,-0.517078,0.492402,-0.812656,-0.311659
0.763543,0.316985,1.12083,-0.60091,0.217796,-0.769072,0.629641,0.721697,-0.287587,0.492402,-0.657053,-0.570808
0.763543,0.219141,1.05807,-0.60091,0.467699,-0.648201,0.629641,0.776534,-0.0234083,0.492402,-0.4222,-0.76111
0.763543,0.148659,0.965644,-0.60091,0.661191,-0.449147,0.629641,0.737709,0.243594,0.492402,-0.136423,-0.85961
0.763543,0.114042,0.854682,-0.60091,0.774934,-0.195919,0.629641,0.609906,0.481215,0.492402,0.165808,-0.854429
0.763543,0.119463,0.738571,-0.60091,0.795208,0.0809393,0.629641,0.408539,0.660794,0.492402,0.448041,-0.746191
0.763543,0.16427,0.631318,-0.60091,0.719568,0.348035,0.629641,0.157896,0.760672,0.492402,0.676233,-0.547951
0.763543,0.243057,0.545857,-0.60091,0.557138,0.573153,0.629641,-0.111791,0.768801,0.492402,0.822861,-0.28362
0.763543,0.346323,0.492497,-0.60091,0.327508,0.72914,0.629641,-0.367995,0.684202,0.492402,0.87024,0.0149193
0.763543,0.46161,0.477673,-0.60091,0.0583768,0.797182,0.629641,-0.579813,0.517078,0.492402,0.812656,0.311659
0.763543,0.575015,0.503175,-0.60091,-0.217796,0.769072,0.629641,-0.721697,0.287587,0.492402,0.657053,0.570808
0.763543,0.672859,0.565925,-0.60091,-0.467699,0.648201,0.629641,-0.776534,0.0234083,0.492402,0.4222,0.76111
0.763543,0.743341,0.658356,-0.60091,-0.661191,0.449147,0.629641,-0.737709,-0.243594,0.492402,0.136423,0.85961
0.883514,0.786556,0.604198,-0.825794,-0.504284,0.25251,0.499419,-0.861882,-0.0879801,0.262001,0.0534549,0.963586
0.883514,0.83709,0.733207,-0.825794,-0.560236,0.0648065,0.499419,-0.779813,-0.377455,0.262001,-0.279335,0.923757
0.883514,0.840453,0.87172,-0.825794,-0.548615,-0.130714,0.499419,-0.603687,-0.621403,0.262001,-0.578432,0.77251
0.883514,0.79624,1.00303,-0.825794,-0.470822,-0.310468,0.499419,-0.354748,-0.790401,0.262001,-0.807763,0.528086
0.883514,0.709782,1.1113,-0.825794,-0.336242,-0.452775,0.499419,-0.0630207,-0.864065,0.262001,-0.939665,0.219968
0.883514,0.591508,1.18347,-0.825794,-0.161106,-0.540471,0.499419,0.236308,-0.83351,0.262001,-0.958229,-0.114682
0.883514,0.455684,1.21083,-0.825794,0.033462,-0.562978,0.499419,0.507134,-0.702421,0.262001,-0.861217,-0.4355
0.883514,0.318692,1.19009,-0.825794,0.223994,-0.517582,0.499419,0.716792,-0.48661,0.262001,-0.66033,-0.70379
0.883514,0.197055,1.12375,-0.825794,0.387509,-0.409757,0.499419,0.839995,-0.212107,0.262001,-0.379797,-0.887192
0.883514,0.105444,1.0198,-0.825794,0.504284,-0.25251,0.499419,0.861882,0.0879801,0.262001,-0.0534549,-0.963586
0.883514,0.0549097,0.890793,-0.825794,0.560236,-0.0648065,0.499419,0.779813,0.377455,0.262001,0.279335,-0.923757
0.883514,0.0515466,0.75228,-0.825794,0.548615,0.130714,0.499419,0.603687,0.621403,0.262001,0.578432,-0.77251
0.883514,0.0957603,0.620971,-0.825794,0.470822,0.310468,0.499419,0.354748,0.790401,0.262001,0.807763,-0.528086
0.883514,0.182218,0.512702,-0.825794,0.336242,0.452775,0.499419,0.0630207,0.864065,0.262001,0.939665,-0.219968
0.883514,0.300492,0.440533,-0.825794,0.161106,0.540471,0.499419,-0.236308,0.83351,0.262001,0.958229,0.114682
0.883514,0.436316,0.413169,-0.825794,-0.033462,0.562978,0.499419,-0.507134,0.702421,0.262001,0.861217,0.4355
0.883514,0.573308,0.433909,-0.825794,-0.223994,0.517582,0.499419,-0.716792,0.48661,0.262001,0.66033,0.70379
0.883514,0.694945,0.500253,-0.825794,-0.387509,0.409757,0.499419,-0.839995,0.212107,0.262001,0.379797,0.887192
0.883514,0.786556,0.604198,-0.825794,-0.504284,0.25251,0.499419,-0.861882,-0.0879801,0.262001,0.0534549,0.963586
0.875863,0.192581,1.11662,0.985232,-0.166814,-0.0386235,-0.00862081,0.176957,-0.984181,0.17101,0.969979,0.172906
0.875863,0.103679,1.01157,0.985232,-0.143544,-0.093348,-0.00862081,0.502895,-0.864304,0.17101,0.852345,0.494231
0.875863,0.0560657,0.882456,0.985232,-0.10296,-0.136813,-0.00862081,0.768176,-0.64018,0.17101,0.631905,0.755944
0.875863,0.0554844,0.744841,0.985232,-0.0499582,-0.163777,-0.00862081,0.940804,-0.338841,0.17101,0.335249,0.926479
0.875863,0.102005,0.615327,0.985232,0.00906972,-0.170987,-0.00862081,0.999957,0.00336774,0.17101,-0.00184396,0.985268
0.875863,0.190017,0.509535,0.985232,0.0670037,-0.157573,-0.00862081,0.938501,0.34517,0.17101,-0.338714,0.925218
0.875863,0.308903,0.440224,0.985232,0.116856,-0.125154,-0.00862081,0.763847,0.64534,0.17101,-0.63473,0.753573
0.875863,0.444326,0.415755,0.985232,0.152614,-0.0776388,-0.00862081,0.497062,0.867672,0.17101,-0.854189,0.491037
0.875863,0.579951,0.439079,0.985232,0.169964,-0.0207596,-0.00862081,0.170324,0.98535,0.17101,-0.970619,0.169274
0.875863,0.699419,0.507383,0.985232,0.166814,0.0386235,-0.00862081,-0.176957,0.984181,0.17101,-0.969979,-0.172906
0.875863,0.788321,0.612428,0.985232,0.143544,0.093348,-0.00862081,-0.502895,0.864304,0.17101,-0.852345,-0.494231
0.875863,0.835934,0.741544,0.985232,0.10296,0.136813,-0.00862081,-0.768176,0.64018,0.17101,-0.631905,-0.755944
0.875863,0.836516,0.879159,0.985232,0.0499582,0.163777,-0.00862081,-0.940804,0.338841,0.17101,-0.335249,-0.926479
0.875863,0.789995,1.00867,0.985232,-0.00906972,0.170987,-0.00862081,-0.999957,-0.00336774,0.17101,0.00184396,-0.985268
0.875863,0.701983,1.11447,0.985232,-0.0670037,0.157573,-0.00862081,-0.938501,-0.34517,0.17101,0.338714,-0.925218
0.875863,0.583097,1.18378,0.985232,-0.116856,0.125154,-0.00862081,-0.763847,-0.64534,0.17101,0.63473,-0.753573
0.875863,0.447674,1.20824,0.985232,-0.152614,0.0776388,-0.00862081,-0.497062,-0.867672,0.17101,0.854189,-0.491037
0.875863,0.312049,1.18492,0.985232,-0.169964,0.0207596,-0.00862081,-0.170324,-0.98535,0.17101,0.970619,-0.169274
0.875863,0.192581,1.11662,0.985232,-0.166814,-0.0386235,-0.00862081,0.176957,-0.984181,0.17101,0.969979,0.172906
0.749059,0.238231,1.05941,0.900555,-0.37421,0.221286,0.292759,0.145708,-0.945019,0.321393,0.915825,0.240772
0.749059,0.166142,0.973427,0.900555,-0.427327,0.0799537,0.292759,0.460137,-0.838192,0.321393,0.778245,0.539482
0.749059,0.127808,0.867974,0.900555,-0.428902,-0.0710226,0.292759,0.719066,-0.630267,0.321393,0.546798,0.773123
0.749059,0.127853,0.755771,0.900555,-0.378745,-0.213432,0.292759,0.891265,-0.346323,0.321393,0.249398,0.913514
0.749059,0.166271,0.650349,0.900555,-0.282905,-0.330099,0.292759,0.955964,-0.0206063,0.321393,-0.0780824,0.943721
0.749059,0.238429,0.564425,0.900555,-0.152944,-0.406951,0.292759,0.90536,0.307595,0.321393,-0.396145,0.860102
0.749059,0.335623,0.508362,0.900555,-0.00453441,-0.434719,0.292759,0.745557,0.598697,0.321393,-0.666427,0.672742
0.749059,0.446129,0.488923,0.900555,0.144422,-0.410053,0.292759,0.495828,0.817586,0.321393,-0.856328,0.404239
0.749059,0.556621,0.508451,0.900555,0.275958,-0.335929,0.292759,0.186295,0.937863,0.321393,-0.942943,0.0869793
0.749059,0.653769,0.564591,0.900555,0.37421,-0.221286,0.292759,-0.145708,0.945019,0.321393,-0.915825,-0.240772
0.749059,0.725858,0.650573,0.900555,0.427327,-0.0799537,0.292759,-0.460137,0.838192,0.321393,-0.778245,-0.539482
0.749059,0.764192,0.756026,0.900555,0.428902,0.0710226,0.292759,-0.719066,0.630267,0.321393,-0.546798,-0.773123
0.749059,0.764147,0.868229,0.900555,0.378745,0.213432,0.292759,-0.891265,0.346323,0.321393,-0.249398,-0.913514
0.749059,0.725729,0.973651,0.900555,0.282905,0.330099,0.292759,-0.955964,0.0206063,0.321393,0.0780824,-0.943721
0.749059,0.653571,1.05957,0.900555,0.152944,0.406951,0.292759,-0.90536,-0.307595,0.321393,0.396145,-0.860102
0.749059,0.556377,1.11564,0.900555,0.00453441,0.434719,0.292759,-0.745557,-0.598697,0.321393,0.666427,-0.672742
0.749059,0.445871,1.13508,0.900555,-0.144422,0.410053,0.292759,-0.495828,-0.817586,0.321393,0.856328,-0.404239
0.749059,0.335379,1.11555,0.900555,-0.275958,0.335929,0.292759,-0.186295,-0.937863,0.321393,0.942943,-0.0869793
0.749059,0.238231,1.05941,0.900555,-0.37421,0.221286,0.292759,0.145708,-0.945019,0.321393,0.915825,0.240772
0.654934,0.308178,0.97175,0.707258,-0.551035,0.442884,0.558827,0.052052,-0.827649,0.433011,0.832857,0.344748
0.654934,0.261852,0.914978,0.707258,-0.669279,0.22771,0.558827,0.331985,-0.759933,0.433011,0.664719,0.608811
0.654934,0.237737,0.845786,0.707258,-0.706798,-0.0149296,0.558827,0.571877,-0.600557,0.433011,0.416406,0.799442
0.654934,0.238741,0.772518,0.707258,-0.659067,-0.255768,0.558827,0.742791,-0.368746,0.433011,0.117868,0.893649
0.654934,0.264744,0.704012,0.707258,-0.531842,-0.465758,0.558827,0.824114,-0.0924585,0.433011,-0.194886,0.880069
0.654934,0.312609,0.648531,0.707258,-0.34047,-0.61957,0.558827,0.806036,0.194981,0.433011,-0.484134,0.760339
0.654934,0.376563,0.612767,0.707258,-0.108031,-0.698653,0.558827,0.690739,0.458903,0.433011,-0.714989,0.548901
0.654934,0.448892,0.601034,0.707258,0.137437,-0.693468,0.558827,0.492128,0.667474,0.433011,-0.859605,0.271258
0.654934,0.520873,0.614746,0.707258,0.366328,-0.60464,0.558827,0.23416,0.795538,0.433011,-0.90054,-0.0391031
0.654934,0.583822,0.65225,0.707258,0.551035,-0.442884,0.558827,-0.052052,0.827649,0.433011,-0.832857,-0.344748
0.654934,0.630148,0.709022,0.707258,0.669279,-0.22771,0.558827,-0.331985,0.759933,0.433011,-0.664719,-0.608811
0.654934,0.654263,0.778214,0.707258,0.706798,0.0149296,0.558827,-0.571877,0.600557,0.433011,-0.416406,-0.799442
0.654934,0.653259,0.851482,0.707258,0.659067,0.255768,0.558827,-0.742791,0.368746,0.433011,-0.117868,-0.893649
0.654934,0.627256,0.919988,0.707258,0.531842,0.465758,0.558827,-0.824114,0.0924585,0.433011,0.194886,-0.880069
0.654934,0.579391,0.975469,0.707258,0.34047,0.61957,0.558827,-0.806036,-0.194981,0.433011,0.484134,-0.760339
0.654934,0.515437,1.01123,0.707258,0.108031,0.698653,0.558827,-0.690739,-0.458903,0.433011,0.714989,-0.548901
0.654934,0.443108,1.02297,0.707258,-0.137437,0.693468,0.558827,-0.492128,-0.667474,0.433011,0.859605,-0.271258
