0.658953,0.492943,1.14959,0.308961,0.823649,-0.475548,0.951075,-0.267568,0.154481,-3.49349e-06,-0.50001,-0.86602
0.907818,0.24934,1.3445,0.92986,-0.340878,-0.138433,-0.179072,-0.0906368,-0.979652,0.321394,0.935728,-0.145321
0.907818,0.126297,1.27531,0.92986,-0.272974,-0.246671,-0.179072,0.24989,-0.951571,0.321394,0.929,0.183481
0.907818,0.0343374,1.16822,0.92986,-0.172145,-0.325158,-0.179072,0.560276,-0.808717,0.321394,0.81022,0.490152
0.907818,-0.0154482,1.03613,0.92986,-0.0505526,-0.364425,-0.179072,0.803085,-0.56832,0.321394,0.593716,0.737704
0.907818,-0.0170545,0.89498,0.92986,0.0771369,-0.359738,-0.179072,0.94903,-0.259375,0.321394,0.305601,0.896278
0.907818,0.0297123,0.761792,0.92986,0.195522,-0.31166,-0.179072,0.980508,0.0808549,0.321394,-0.019374,0.946747
0.907818,0.119211,0.652633,0.92986,0.290325,-0.225992,-0.179072,0.893722,0.411332,0.321394,-0.342012,0.883025
0.907818,0.240648,0.580666,0.92986,0.35011,-0.113066,-0.179072,0.69914,0.692197,0.321394,-0.623399,0.712797
0.907818,0.379375,0.554574,0.92986,0.367667,0.0134972,-0.179072,0.420231,0.889572,0.321394,-0.829594,0.456595
0.907818,0.51866,0.577503,0.92986,0.340878,0.138433,-0.179072,0.0906368,0.979652,0.321394,-0.935728,0.145321
0.907818,0.641703,0.646687,0.92986,0.272974,0.246671,-0.179072,-0.24989,0.951571,0.321394,-0.929,-0.183481
0.907818,0.733663,0.753782,0.92986,0.172145,0.325158,-0.179072,-0.560276,0.808717,0.321394,-0.81022,-0.490152
0.907818,0.783448,0.88587,0.92986,0.0505526,0.364425,-0.179072,-0.803085,0.56832,0.321394,-0.593716,-0.737704
0.907818,0.785055,1.02702,0.92986,-0.0771369,0.359738,-0.179072,-0.94903,0.259375,0.321394,-0.305601,-0.896278
0.907818,0.738288,1.16021,0.92986,-0.195522,0.31166,-0.179072,-0.980508,-0.0808549,0.321394,0.019374,-0.946747
0.907818,0.648789,1.26937,0.92986,-0.290325,0.225992,-0.179072,-0.893722,-0.411332,0.321394,0.342012,-0.883025
0.907818,0.527352,1.34133,0.92986,-0.35011,0.113066,-0.179072,-0.69914,-0.692197,0.321394,0.623399,-0.712797
0.907818,0.388625,1.36743,0.92986,-0.367667,-0.0134972,-0.179072,-0.420231,-0.889572,0.321394,0.829594,-0.456595
0.907818,0.24934,1.3445,0.92986,-0.340878,-0.138433,-0.179072,-0.0906368,-0.979652,0.321394,0.935728,-0.145321
0.809114,0.298674,1.31601,0.796489,-0.604496,0.0137715,-0.0275851,-0.0590798,-0.997872,0.604023,0.794415,-0.0637314
0.809114,0.182398,1.26542,0.796489,-0.57275,-0.193809,-0.0275851,0.285776,-0.957899,0.604023,0.768303,0.211818
0.809114,0.0904378,1.17811,0.796489,-0.471923,-0.378013,-0.0275851,0.596162,-0.80239,0.604023,0.649523,0.461819
0.809114,0.0338859,1.06461,0.796489,-0.314174,-0.516623,-0.0275851,0.834643,-0.550101,0.604023,0.4524,0.656118
0.809114,0.0195629,0.938617,0.796489,-0.118532,-0.592921,-0.0275851,0.972453,-0.231461,0.604023,0.200712,0.771279
0.809114,0.0491964,0.815322,0.796489,0.0914072,-0.597703,-0.0275851,0.992971,0.115096,0.604023,-0.0751854,0.793413
0.809114,0.119212,0.709598,0.796489,0.290321,-0.530394,-0.0275851,0.893722,0.447771,0.604023,-0.342014,0.719849
0.809114,0.221165,0.634197,0.796489,0.454218,-0.399112,-0.0275851,0.686678,0.726439,0.604023,-0.567591,0.559461
0.809114,0.342759,0.598213,0.796489,0.56333,-0.219691,-0.0275851,0.396809,0.917487,0.604023,-0.724708,0.331594
0.809114,0.469326,0.605986,0.796489,0.604496,-0.0137715,-0.0275851,0.0590798,0.997872,0.604023,-0.794415,0.0637314
0.809114,0.585602,0.656579,0.796489,0.57275,0.193809,-0.0275851,-0.285776,0.957899,0.604023,-0.768303,-0.211818
0.809114,0.677562,0.74389,0.796489,0.471923,0.378013,-0.0275851,-0.596162,0.80239,0.604023,-0.649523,-0.461819
0.809114,0.734114,0.857388,0.796489,0.314174,0.516623,-0.0275851,-0.834643,0.550101,0.604023,-0.4524,-0.656118
0.809114,0.748437,0.983383,0.796489,0.118532,0.592921,-0.0275851,-0.972453,0.231461,0.604023,-0.200712,-0.771279
0.809114,0.718804,1.10668,0.796489,-0.0914072,0.597703,-0.0275851,-0.992971,-0.115096,0.604023,0.0751854,-0.793413
0.809114,0.648788,1.2124,0.796489,-0.290321,0.530394,-0.0275851,-0.893722,-0.447771,0.604023,0.342014,-0.719849
0.809114,0.546835,1.2878,0.796489,-0.454218,0.399112,-0.0275851,-0.686678,-0.726439,0.604023,0.567591,-0.559461
0.809114,0.425241,1.32379,0.796489,-0.56333,0.219691,-0.0275851,-0.396809,-0.917487,0.604023,0.724708,-0.331594
0.809114,0.298674,1.31601,0.796489,-0.604496,0.0137715,-0.0275851,-0.0590798,-0.997872,0.604023,0.794415,-0.0637314
0.735846,0.374267,1.27237,0.567051,-0.812712,0.133989,0.127229,-0.0742957,-0.989087,0.813797,0.57791,0.0612713
0.735846,0.26836,1.25026,0.567051,-0.809526,-0.152056,0.127229,0.268473,-0.954848,0.813797,0.522102,0.255233
0.735846,0.176401,1.19327,0.567051,-0.7087,-0.41976,0.127229,0.578859,-0.805441,0.813797,0.40332,0.41841
0.735846,0.109481,1.10826,0.567051,-0.522393,-0.636835,0.127229,0.819427,-0.558885,0.813797,0.235893,0.53112
0.735846,0.0756719,1.00548,0.567051,-0.273079,-0.777098,0.127229,0.961159,-0.24492,0.813797,0.0400126,0.57977
0.735846,0.079052,0.897347,0.567051,0.00917281,-0.823632,0.127229,0.986962,0.0985862,0.813797,-0.160693,0.558491
0.735846,0.119213,0.796887,0.567051,0.290318,-0.770823,0.127229,0.893722,0.430202,0.813797,-0.342017,0.469849
0.735846,0.191312,0.716222,0.567051,0.536447,-0.625042,0.127229,0.692687,0.709928,0.813797,-0.482089,0.324537
0.735846,0.286651,0.665081,0.567051,0.717872,-0.403872,0.127229,0.408103,0.904027,0.813797,-0.564014,0.140081
0.735846,0.393733,0.649632,0.567051,0.812712,-0.133989,0.127229,0.0742957,0.989087,0.813797,-0.57791,-0.0612713
0.735846,0.49964,0.671738,0.567051,0.809526,0.152056,0.127229,-0.268473,0.954848,0.813797,-0.522102,-0.255233
0.735846,0.591599,0.728734,0.567051,0.7087,0.41976,0.127229,-0.578859,0.805441,0.813797,-0.40332,-0.41841
0.735846,0.658519,0.813744,0.567051,0.522393,0.636835,0.127229,-0.819427,0.558885,0.813797,-0.235893,-0.53112
0.735846,0.692328,0.916516,0.567051,0.273079,0.777098,0.127229,-0.961159,0.24492,0.813797,-0.0400126,-0.57977
0.735846,0.688948,1.02465,0.567051,-0.00917281,0.823632,0.127229,-0.986962,-0.0985862,0.813797,0.160693,-0.558491
0.735846,0.648787,1.12511,0.567051,-0.290318,0.770823,0.127229,-0.893722,-0.430202,0.813797,0.342017,-0.469849
0.735846,0.576688,1.20578,0.567051,-0.536447,0.625042,0.127229,-0.692687,-0.709928,0.813797,0.482089,-0.324537
0.735846,0.481349,1.25692,0.567051,-0.717872,0.403872,0.127229,-0.408103,-0.904027,0.813797,0.564014,-0.140081
0.735846,0.374267,1.27237,0.567051,-0.812712,0.133989,0.127229,-0.0742957,-0.989087,0.813797,0.57791,0.0612713
0.696852,0.467004,1.21883,0.269218,-0.940412,0.207719,0.266698,-0.134449,-0.954356,0.925416,0.312328,0.21461
0.696852,0.373817,1.23167,0.269218,-0.954742,-0.126448,0.266698,0.200068,-0.942786,0.925416,0.220091,0.30849
0.696852,0.281858,1.21186,0.269218,-0.853916,-0.445363,0.266698,0.510454,-0.817502,0.925416,0.101308,0.365161
0.696852,0.202219,1.1618,0.269218,-0.650096,-0.710561,0.266698,0.759272,-0.593615,0.925416,-0.0296936,0.377789
0.696852,0.144505,1.08751,0.269218,-0.367864,-0.890055,0.266698,0.91651,-0.298129,0.925416,-0.157114,0.344849
0.696852,0.115678,0.997972,0.269218,-0.0412621,-0.962195,0.266698,0.963204,0.0333155,0.925416,-0.265584,0.270316
0.696852,0.119215,0.903971,0.269218,0.290316,-0.91828,0.266698,0.893721,0.360742,0.925416,-0.342021,0.163179
0.696852,0.154688,0.816848,0.269218,0.586878,-0.763607,0.266698,0.716442,0.644657,0.925416,-0.377205,0.0363598
0.696852,0.21782,0.747112,0.269218,0.812654,-0.516832,0.266698,0.45275,0.850817,0.925416,-0.366893,-0.0948448
0.696852,0.300996,0.703175,0.269218,0.940412,-0.207719,0.266698,0.134449,0.954356,0.925416,-0.312328,-0.21461
0.696852,0.394183,0.690334,0.269218,0.954742,0.126448,0.266698,-0.200068,0.942786,0.925416,-0.220091,-0.30849
0.696852,0.486142,0.71014,0.269218,0.853916,0.445363,0.266698,-0.510454,0.817502,0.925416,-0.101308,-0.365161
0.696852,0.565781,0.760204,0.269218,0.650096,0.710561,0.266698,-0.759272,0.593615,0.925416,0.0296936,-0.377789
0.696852,0.623495,0.834486,0.269218,0.367864,0.890055,0.266698,-0.91651,0.298129,0.925416,0.157114,-0.344849
0.696852,0.652322,0.924028,0.269218,0.0412621,0.962195,0.266698,-0.963204,-0.0333155,0.925416,0.265584,-0.270316
0.696852,0.648785,1.01803,0.269218,-0.290316,0.91828,0.266698,-0.893721,-0.360742,0.925416,0.342021,-0.163179
0.696852,0.613312,1.10515,0.269218,-0.586878,0.763607,0.266698,-0.716442,-0.644657,0.925416,0.377205,-0.0363598
0.696852,0.55018,1.17489,0.269218,-0.812654,0.516832,0.266698,-0.45275,-0.850817,0.925416,0.366893,0.0948448
0.696852,0.467004,1.21883,0.269218,-0.940412,0.207719,0.266698,-0.134449,-0.954356,0.925416,0.312328,0.21461
0.696834,0.565698,1.16184,-0.061087,-0.972194,0.226069,0.373999,-0.232285,-0.897869,0.925415,0.0297012,0.377789
0.696834,0.486048,1.21187,-0.061087,-0.990884,-0.120075,0.373999,0.0888124,-0.923167,0.925415,-0.101301,0.365164
0.696834,0.394089,1.23165,-0.061087,-0.890058,-0.451736,0.373999,0.399198,-0.837118,0.925415,-0.220086,0.308495
0.696834,0.300914,1.21878,-0.061087,-0.681878,-0.72891,0.373999,0.661435,-0.650099,0.925415,-0.312324,0.214617
0.696834,0.21776,1.17481,-0.061087,-0.391454,-0.918168,0.373999,0.843892,-0.38467,0.925415,-0.366892,0.0948524
0.696834,0.154657,1.10506,-0.061087,-0.0538144,-0.996681,0.373999,0.924564,-0.0728431,0.925415,-0.377207,-0.0363524
0.696834,0.119216,1.01793,-0.061087,0.290316,-0.954979,0.373999,0.89372,0.247769,0.925415,-0.342025,-0.163172
0.696834,0.115712,0.923939,-0.061087,0.59943,-0.798093,0.373999,0.75508,0.538497,0.925415,-0.265591,-0.270312
0.696834,0.144568,0.834414,-0.061087,0.836244,-0.544945,0.373999,0.525366,0.764274,0.925415,-0.157121,-0.344847
0.696834,0.202302,0.760157,-0.061087,0.972194,-0.226069,0.373999,0.232285,0.897869,0.925415,-0.0297012,-0.377789
0.696834,0.281952,0.710125,-0.061087,0.990884,0.120075,0.373999,-0.0888124,0.923167,0.925415,0.101301,-0.365164
0.696834,0.373911,0.690352,-0.061087,0.890058,0.451736,0.373999,-0.399198,0.837118,0.925415,0.220086,-0.308495
0.696834,0.467086,0.703224,-0.061087,0.681878,0.72891,0.373999,-0.661435,0.650099,0.925415,0.312324,-0.214617
0.696834,0.55024,0.747187,-0.061087,0.391454,0.918168,0.373999,-0.843892,0.38467,0.925415,0.366892,-0.0948524
0.696834,0.613343,0.816939,-0.061087,0.0538144,0.996681,0.373999,-0.924564,0.0728431,0.925415,0.377207,0.0363524
0.696834,0.648784,0.904067,-0.061087,-0.290316,0.954979,0.373999,-0.89372,-0.247769,0.925415,0.342025,0.163172
0.696834,0.652288,0.998061,-0.061087,-0.59943,0.798093,0.373999,-0.75508,-0.538497,0.925415,0.265591,0.270312
0.696834,0.623432,1.08759,-0.061087,-0.836244,0.544945,0.373999,-0.525366,-0.764274,0.925415,0.157121,0.344847
0.696834,0.565698,1.16184,-0.061087,-0.972194,0.226069,0.373999,-0.232285,-0.897869,0.925415,0.0297012,0.377789
0.735794,0.658445,1.10829,-0.384024,-0.904225,0.186825,0.43619,-0.356003,-0.826438,0.813796,-0.235881,0.531127
0.735794,0.591517,1.19328,-0.384024,-0.913591,-0.133705,0.43619,-0.0518751,-0.898358,0.813796,-0.403312,0.41842
0.735794,0.499559,1.25024,-0.384024,-0.812765,-0.438108,0.43619,0.25851,-0.861923,0.813796,-0.522097,0.255246
0.735794,0.393662,1.27232,-0.384024,-0.613908,-0.689669,0.43619,0.537715,-0.721527,0.813796,-0.57791,0.061285
0.735794,0.286601,1.25685,-0.384024,-0.341004,-0.858045,0.43619,0.752063,-0.494104,0.813796,-0.564019,-0.140068
0.735794,0.191287,1.2057,-0.384024,-0.02697,-0.922929,0.43619,0.875702,-0.207085,0.813796,-0.482098,-0.324526
0.735794,0.119217,1.12503,-0.384024,0.290317,-0.876494,0.43619,0.893718,0.104911,0.813796,-0.342029,-0.469842
0.735794,0.0790844,1.02458,-0.384024,0.572587,-0.724341,0.43619,0.803939,0.404254,0.813796,-0.160707,-0.558488
0.735794,0.0757287,0.916455,-0.384024,0.785795,-0.484821,0.43619,0.617192,0.654838,0.813796,0.0399991,-0.579772
0.735794,0.109555,0.813706,-0.384024,0.904225,-0.186825,0.43619,0.356003,0.826438,0.813796,0.235881,-0.531127
0.735794,0.176483,0.728724,-0.384024,0.913591,0.133705,0.43619,0.0518751,0.898358,0.813796,0.403312,-0.41842
0.735794,0.268441,0.671757,-0.384024,0.812765,0.438108,0.43619,-0.25851,0.861923,0.813796,0.522097,-0.255246
0.735794,0.374338,0.649677,-0.384024,0.613908,0.689669,0.43619,-0.537715,0.721527,0.813796,0.57791,-0.061285
0.735794,0.481399,0.665147,-0.384024,0.341004,0.858045,0.43619,-0.752063,0.494104,0.813796,0.564019,0.140068
0.735794,0.576713,0.716302,-0.384024,0.02697,0.922929,0.43619,-0.875702,0.207085,0.813796,0.482098,0.324526
0.735794,0.648783,0.79697,-0.384024,-0.290317,0.876494,0.43619,-0.893718,-0.104911,0.813796,0.342029,0.469842
0.735794,0.688916,0.897424,-0.384024,-0.572587,0.724341,0.43619,-0.803939,-0.404254,0.813796,0.160707,0.558488
0.735794,0.692271,1.00555,-0.384024,-0.785795,0.484821,0.43619,-0.617192,-0.654838,0.813796,-0.0399991,0.579772
0.735794,0.658445,1.10829,-0.384024,-0.904225,0.186825,0.43619,-0.356003,-0.826438,0.813796,-0.235881,0.531127
0.809034,0.734059,1.06464,-0.660642,-0.744701,0.0947218,0.44577,-0.490681,-0.74868,0.604021,-0.452385,0.65613
0.809034,0.677502,1.17811,-0.660642,-0.732187,-0.165694,0.44577,-0.205025,-0.871352,0.604021,-0.649512,0.461836
0.809034,0.585544,1.2654,-0.660642,-0.63136,-0.406124,0.44577,0.105359,-0.888925,0.604021,-0.768299,0.211837
0.809034,0.469277,1.31598,-0.660642,-0.454382,-0.597569,0.44577,0.403035,-0.799282,0.604021,-0.794418,-0.063712
0.809034,0.342725,1.32374,-0.660642,-0.222599,-0.71694,0.44577,0.6521,-0.613233,0.604021,-0.724718,-0.331576
0.809034,0.221151,1.28774,-0.660642,0.0360333,-0.749836,0.44577,0.822512,-0.353219,0.604021,-0.567606,-0.559448
0.809034,0.119219,1.21234,-0.660642,0.290319,-0.692291,0.44577,0.893716,-0.050602,0.604021,-0.342033,-0.719842
0.809034,0.049223,1.10662,-0.660642,0.509588,-0.551246,0.44577,0.857125,0.258119,0.604021,-0.0752051,-0.793412
0.809034,0.0196064,0.983341,-0.660642,0.667394,-0.343712,0.44577,0.717153,0.535706,0.604021,0.200693,-0.771285
0.809034,0.0339411,0.857363,-0.660642,0.744701,-0.0947218,0.44577,0.490681,0.74868,0.604021,0.452385,-0.65613
0.809034,0.0904981,0.743886,-0.660642,0.732187,0.165694,0.44577,0.205025,0.871352,0.604021,0.649512,-0.461836
0.809034,0.182456,0.656596,-0.660642,0.63136,0.406124,0.44577,-0.105359,0.888925,0.604021,0.768299,-0.211837
0.809034,0.298723,0.606022,-0.660642,0.454382,0.597569,0.44577,-0.403035,0.799282,0.604021,0.794418,0.063712
0.809034,0.425275,0.598263,-0.660642,0.222599,0.71694,0.44577,-0.6521,0.613233,0.604021,0.724718,0.331576
0.809034,0.546849,0.634256,-0.660642,-0.0360333,0.749836,0.44577,-0.822512,0.353219,0.604021,0.567606,0.559448
0.809034,0.648781,0.709658,-0.660642,-0.290319,0.692291,0.44577,-0.893716,0.050602,0.604021,0.342033,0.719842
0.809034,0.718777,0.815377,-0.660642,-0.509588,0.551246,0.44577,-0.857125,-0.258119,0.604021,0.0752051,0.793412
0.809034,0.748394,0.938659,-0.660642,-0.667394,0.343712,0.44577,-0.717153,-0.535706,0.604021,-0.200693,0.771285
0.809034,0.734059,1.06464,-0.660642,-0.744701,0.0947218,0.44577,-0.490681,-0.74868,0.604021,-0.452385,0.65613
0.90772,0.783419,1.03614,-0.857576,-0.512866,-0.0391325,0.401584,-0.620074,-0.673973,0.321392,-0.593698,0.737719
0.90772,0.733633,1.16822,-0.857576,-0.468552,-0.212183,0.401584,-0.352167,-0.845405,0.321392,-0.810208,0.490173
0.90772,0.641675,1.2753,-0.857576,-0.367724,-0.359641,0.401584,-0.0417829,-0.914869,0.321392,-0.928996,0.183504
0.90772,0.518639,1.34448,-0.857576,-0.222543,-0.463721,0.401584,0.27364,-0.873986,0.321392,-0.935733,-0.145298
0.90772,0.379362,1.3674,-0.857576,-0.0505202,-0.511869,0.401584,0.556059,-0.727688,0.321392,-0.829606,-0.456575
0.90772,0.240646,1.3413,-0.857576,0.127596,-0.498279,0.401584,0.771408,-0.493619,0.321392,-0.623417,-0.712782
0.90772,0.119219,1.26934,-0.857576,0.290323,-0.424588,0.401584,0.893714,-0.200013,0.321392,-0.342035,-0.883017
0.90772,0.0297295,1.16018,-0.857576,0.418032,-0.299686,0.401584,0.908225,0.117717,0.321392,-0.0193978,-0.946747
0.90772,-0.01703,1.027,-0.857576,0.49532,-0.138638,0.401584,0.813191,0.421249,0.321392,0.305579,-0.896286
0.90772,-0.0154193,0.885862,-0.857576,0.512866,0.0391325,0.401584,0.620074,0.673973,0.321392,0.593698,-0.737719
0.90772,0.0343672,0.753784,-0.857576,0.468552,0.212183,0.401584,0.352167,0.845405,0.321392,0.810208,-0.490173
0.90772,0.126325,0.646699,-0.857576,0.367724,0.359641,0.401584,0.0417829,0.914869,0.321392,0.928996,-0.183504
0.90772,0.249361,0.577524,-0.857576,0.222543,0.463721,0.401584,-0.27364,0.873986,0.321392,0.935733,0.145298
0.90772,0.388638,0.554601,-0.857576,0.0505202,0.511869,0.401584,-0.556059,0.727688,0.321392,0.829606,0.456575
0.90772,0.527354,0.580696,-0.857576,-0.127596,0.498279,0.401584,-0.771408,0.493619,0.321392,0.623417,0.712782
0.90772,0.648781,0.652661,-0.857576,-0.290323,0.424588,0.401584,-0.893714,0.200013,0.321392,0.342035,0.883017
0.90772,0.73827,0.761817,-0.857576,-0.418032,0.299686,0.401584,-0.908225,-0.117717,0.321392,0.0193978,0.946747
0.90772,0.78503,0.894997,-0.857576,-0.49532,0.138638,0.401584,-0.813191,-0.421249,0.321392,-0.305579,0.896286
0.90772,0.783419,1.03614,-0.857576,-0.512866,-0.0391325,0.401584,-0.620074,-0.673973,0.321392,-0.593698,0.737719
0.883612,0.127645,1.26673,0.961642,-0.23843,-0.135632,-0.0812368,0.224728,-0.971029,0.262003,0.944801,0.196739
0.883612,0.0385405,1.16061,0.961642,-0.177662,-0.209,-0.0812368,0.543287,-0.835607,0.262003,0.820534,0.508015
0.883612,-0.00889654,1.03042,0.961642,-0.0954655,-0.25716,-0.0812368,0.796317,-0.599399,0.262003,0.597298,0.758017
0.883612,-0.00894449,0.891854,0.961642,-0.00175427,-0.274303,-0.0812368,0.9533,-0.290894,0.262003,0.30202,0.916591
0.883612,0.0384025,0.761629,0.961642,0.0921685,-0.25836,-0.0812368,0.995301,0.0526967,0.262003,-0.029687,0.96461
0.883612,0.127434,0.655451,0.961642,0.174974,-0.211256,-0.0812368,0.917253,0.389932,0.262003,-0.357813,0.896284
0.883612,0.24741,0.586127,0.961642,0.236676,-0.13867,-0.0812368,0.728572,0.680135,0.262003,-0.642781,0.719852
0.883612,0.383862,0.562018,0.961642,0.269831,-0.0493597,-0.0812368,0.452014,0.888304,0.262003,-0.850221,0.456595
0.883612,0.52033,0.586032,0.961642,0.27044,0.0459045,-0.0812368,0.120936,0.989331,0.262003,-0.955111,0.138267
0.883612,0.640355,0.655273,0.961642,0.23843,0.135632,-0.0812368,-0.224728,0.971029,0.262003,-0.944801,-0.196739
0.883612,0.729459,0.761389,0.961642,0.177662,0.209,-0.0812368,-0.543287,0.835607,0.262003,-0.820534,-0.508015
0.883612,0.776897,0.891582,0.961642,0.0954655,0.25716,-0.0812368,-0.796317,0.599399,0.262003,-0.597298,-0.758017
0.883612,0.776944,1.03015,0.961642,0.00175427,0.274303,-0.0812368,-0.9533,0.290894,0.262003,-0.30202,-0.916591
0.883612,0.729598,1.16037,0.961642,-0.0921685,0.25836,-0.0812368,-0.995301,-0.0526967,0.262003,0.029687,-0.96461
0.883612,0.640566,1.26655,0.961642,-0.174974,0.211256,-0.0812368,-0.917253,-0.389932,0.262003,0.357813,-0.896284
0.883612,0.52059,1.33587,0.961642,-0.236676,0.13867,-0.0812368,-0.728572,-0.680135,0.262003,0.642781,-0.719852
0.883612,0.384138,1.35998,0.961642,-0.269831,0.0493597,-0.0812368,-0.452014,-0.888304,0.262003,0.850221,-0.456595
0.883612,0.24767,1.33597,0.961642,-0.27044,-0.0459045,-0.0812368,-0.120936,-0.989331,0.262003,0.955111,-0.138267
0.883612,0.127645,1.26673,0.961642,-0.23843,-0.135632,-0.0812368,0.224728,-0.971029,0.262003,0.944801,0.196739
0.763622,0.187621,1.2321,0.856221,-0.516022,0.0246406,0.156285,0.213268,-0.964413,0.492403,0.829601,0.263251
0.763622,0.106743,1.14858,0.856221,-0.49333,-0.153335,0.156285,0.530255,-0.833309,0.492403,0.689533,0.531116
0.763622,0.0593066,1.04244,0.856221,-0.411135,-0.312817,0.156285,0.783285,-0.601697,0.492403,0.466296,0.734919
0.763622,0.0510327,0.92648,0.856221,-0.279351,-0.434568,0.156285,0.94184,-0.297511,0.492403,0.186818,0.850081
0.763622,0.0829195,0.814681,0.856221,-0.113873,-0.503904,0.156285,0.986795,0.0425596,0.492403,-0.115193,0.862711
0.763622,0.151121,0.720529,0.856221,0.0653401,-0.512462,0.156285,0.912727,0.377497,0.492403,-0.403311,0.771284
0.763622,0.247411,0.655382,0.856221,0.236672,-0.459209,0.156285,0.728572,0.666902,0.492403,-0.642783,0.58683
0.763622,0.360176,0.627097,0.856221,0.379457,-0.350569,0.156285,0.45654,0.875869,0.492403,-0.804726,0.331595
0.763622,0.475814,0.639085,0.856221,0.476475,-0.199645,0.156285,0.129442,0.979193,0.492403,-0.869607,0.0363649
0.763622,0.580379,0.689902,0.856221,0.516022,-0.0246406,0.156285,-0.213268,0.964413,0.492403,-0.829601,-0.263251
0.763622,0.661257,0.773416,0.856221,0.49333,0.153335,0.156285,-0.530255,0.833309,0.492403,-0.689533,-0.531116
0.763622,0.708693,0.879556,0.856221,0.411135,0.312817,0.156285,-0.783285,0.601697,0.492403,-0.466296,-0.734919
0.763622,0.716967,0.99552,0.856221,0.279351,0.434568,0.156285,-0.94184,0.297511,0.492403,-0.186818,-0.850081
0.763622,0.685081,1.10732,0.856221,0.113873,0.503904,0.156285,-0.986795,-0.0425596,0.492403,0.115193,-0.862711
0.763622,0.616879,1.20147,0.856221,-0.0653401,0.512462,0.156285,-0.912727,-0.377497,0.492403,0.403311,-0.771284
0.763622,0.520589,1.26662,0.856221,-0.236672,0.459209,0.156285,-0.728572,-0.666902,0.492403,0.642783,-0.58683
0.763622,0.407824,1.2949,0.856221,-0.379457,0.350569,0.156285,-0.45654,-0.875869,0.492403,0.804726,-0.331595
0.763622,0.292186,1.28291,0.856221,-0.476475,0.199645,0.156285,-0.129442,-0.979193,0.492403,0.869607,-0.0363649
0.763622,0.187621,1.2321,0.856221,-0.516022,0.0246406,0.156285,0.213268,-0.964413,0.492403,0.829601,0.263251
0.674556,0.279521,1.17904,0.647527,-0.745648,0.157219,0.374957,0.132146,-0.917575,0.663413,0.653105,0.365154
0.674556,0.211248,1.13016,0.647527,-0.754452,-0.107289,0.374957,0.438006,-0.817042,0.663413,0.488828,0.566508
0.674556,0.163812,1.06087,0.647527,-0.672258,-0.358857,0.374957,0.691036,-0.617962,0.663413,0.265591,0.699532
0.674556,0.142934,0.979538,0.647527,-0.50898,-0.567141,0.374957,0.860717,-0.344346,0.663413,0.0103195,0.748183
0.674556,0.151131,0.89597,0.647527,-0.284311,-0.707019,0.374957,0.926582,-0.0291968,0.663413,-0.246196,0.706591
0.674556,0.187417,0.820246,0.647527,-0.0253502,-0.761621,0.374957,0.880688,0.289474,0.663413,-0.473017,0.579774
0.674556,0.247413,0.761499,0.647527,0.236668,-0.72436,0.374957,0.728571,0.573229,0.663413,-0.642785,0.383028
0.674556,0.323883,0.726815,0.647527,0.470141,-0.59973,0.374957,0.488576,0.787845,0.663413,-0.735024,0.140083
0.674556,0.407604,0.720377,0.647527,0.646908,-0.402764,0.374957,0.189653,0.907435,0.663413,-0.738608,-0.119758
0.674556,0.488479,0.742962,0.647527,0.745648,-0.157219,0.374957,-0.132146,0.917575,0.663413,-0.653105,-0.365154
0.674556,0.556752,0.791845,0.647527,0.754452,0.107289,0.374957,-0.438006,0.817042,0.663413,-0.488828,-0.566508
0.674556,0.604188,0.861131,0.647527,0.672258,0.358857,0.374957,-0.691036,0.617962,0.663413,-0.265591,-0.699532
0.674556,0.625066,0.942462,0.647527,0.50898,0.567141,0.374957,-0.860717,0.344346,0.663413,-0.0103195,-0.748183
0.674556,0.616869,1.02603,0.647527,0.284311,0.707019,0.374957,-0.926582,0.0291968,0.663413,0.246196,-0.706591
0.674556,0.580583,1.10175,0.647527,0.0253502,0.761621,0.374957,-0.880688,-0.289474,0.663413,0.473017,-0.579774
0.674556,0.520587,1.1605,0.647527,-0.236668,0.72436,0.374957,-0.728571,-0.573229,0.663413,0.642785,-0.383028
0.674556,0.444117,1.19518,0.647527,-0.470141,0.59973,0.374957,-0.488576,-0.787845,0.663413,0.735024,-0.140083
0.674556,0.360396,1.20162,0.647527,-0.646908,0.402764,0.374957,-0.189653,-0.907435,0.663413,0.738608,0.119758
0.674556,0.279521,1.17904,0.647527,-0.745648,0.157219,0.374957,0.132146,-0.917575,0.663413,0.653105,0.365154
0.627155,0.39226,1.11395,0.360731,-0.899612,0.246113,0.548404,-0.00885355,-0.836167,0.754404,0.436601,0.490157
0.627155,0.339451,1.10755,0.360731,-0.929534,-0.0764151,0.548404,0.277666,-0.788768,0.754404,0.242627,0.609923
0.627155,0.292015,1.08347,0.360731,-0.847341,-0.389726,0.548404,0.530695,-0.646232,0.754404,0.0193888,0.656123
0.627155,0.255674,1.04463,0.360731,-0.662946,-0.65603,0.548404,0.719715,-0.425751,0.754404,-0.206188,0.623186
0.627155,0.234811,0.995693,0.360731,-0.39859,-0.843208,0.548404,0.821926,-0.153918,0.754404,-0.406895,0.515083
0.627155,0.231942,0.942575,0.360731,-0.0861577,-0.928682,0.548404,0.825001,0.13648,0.754404,-0.558525,0.344853
0.627155,0.247414,0.89168,0.360731,0.236666,-0.902143,0.548404,0.728568,0.410416,0.754404,-0.642789,0.133029
0.627155,0.27936,0.849145,0.360731,0.530944,-0.766793,0.548404,0.54426,0.63485,0.754404,-0.649522,-0.0948404
0.627155,0.323927,0.820102,0.360731,0.761183,-0.538956,0.548404,0.294305,0.782712,0.754404,-0.577914,-0.311271
0.627155,0.37574,0.808053,0.360731,0.899612,-0.246113,0.548404,0.00885355,0.836167,0.754404,-0.436601,-0.490157
0.627155,0.428549,0.814452,0.360731,0.929534,0.0764151,0.548404,-0.277666,0.788768,0.754404,-0.242627,-0.609923
0.627155,0.475985,0.838527,0.360731,0.847341,0.389726,0.548404,-0.530695,0.646232,0.754404,-0.0193888,-0.656123
0.627155,0.512326,0.877373,0.360731,0.662946,0.65603,0.548404,-0.719715,0.425751,0.754404,0.206188,-0.623186
0.627155,0.533189,0.926307,0.360731,0.39859,0.843208,0.548404,-0.821926,0.153918,0.754404,0.406895,-0.515083
0.627155,0.536058,0.979425,0.360731,0.0861577,0.928682,0.548404,-0.825001,-0.13648,0.754404,0.558525,-0.344853
0.627155,0.520586,1.03032,0.360731,-0.236666,0.902143,0.548404,-0.728568,-0.410416,0.754404,0.642789,-0.133029
0.627155,0.48864,1.07285,0.360731,-0.530944,0.766793,0.548404,-0.54426,-0.63485,0.754404,0.649522,0.0948404
0.627155,0.444073,1.1019,0.360731,-0.761183,0.538956,0.548404,-0.294305,-0.782712,0.754404,0.577914,0.311271
0.627155,0.39226,1.11395,0.360731,-0.899612,0.246113,0.548404,-0.00885355,-0.836167,0.754404,0.436601,0.490157
0.627137,0.512239,1.04467,0.0304265,-0.959343,0.280599,0.655705,-0.192724,-0.730006,0.754404,0.206202,0.623182
0.627137,0.475887,1.08349,0.0304265,-0.997458,-0.0644375,0.655705,0.0685755,-0.751897,0.754404,-0.0193743,0.656124
0.627137,0.428452,1.10753,0.0304265,-0.915265,-0.401702,0.655705,0.321604,-0.683098,0.754404,-0.242614,0.609929
0.627137,0.375655,1.1139,0.0304265,-0.722677,-0.690515,0.655705,0.535842,-0.531907,0.754404,-0.43659,0.490167
0.627137,0.323865,1.10182,0.0304265,-0.442924,-0.896043,0.655705,0.685449,-0.31656,0.754404,-0.577907,0.311283
0.627137,0.279328,1.07276,0.0304265,-0.109748,-0.993494,0.655705,0.752382,-0.0630318,0.754404,-0.649521,0.0948548
0.627137,0.247416,1.03022,0.0304265,0.236665,-0.971115,0.655705,0.728566,0.198099,0.754404,-0.642792,-0.133015
0.627137,0.231978,0.979332,0.0304265,0.554533,-0.831605,0.655705,0.616874,0.435336,0.754404,-0.558533,-0.344841
0.627137,0.234876,0.926232,0.0304265,0.805517,-0.591792,0.655705,0.430778,0.620066,0.754404,-0.406907,-0.515074
0.627137,0.255761,0.877325,0.0304265,0.959343,-0.280599,0.655705,0.192724,0.730006,0.754404,-0.206202,-0.623182
0.627137,0.292113,0.838511,0.0304265,0.997458,0.0644375,0.655705,-0.0685755,0.751897,0.754404,0.0193743,-0.656124
0.627137,0.339548,0.814471,0.0304265,0.915265,0.401702,0.655705,-0.321604,0.683098,0.754404,0.242614,-0.609929
0.627137,0.392345,0.808104,0.0304265,0.722677,0.690515,0.655705,-0.535842,0.531907,0.754404,0.43659,-0.490167
0.627137,0.444135,0.820179,0.0304265,0.442924,0.896043,0.655705,-0.685449,0.31656,0.754404,0.577907,-0.311283
0.627137,0.488672,0.849239,0.0304265,0.109748,0.993494,0.655705,-0.752382,0.0630318,0.754404,0.649521,-0.0948548
0.627137,0.520584,0.891779,0.0304265,-0.236665,0.971115,0.655705,-0.728566,-0.198099,0.754404,0.642792,0.133015
0.627137,0.536022,0.942668,0.0304265,-0.554533,0.831605,0.655705,-0.616874,-0.435336,0.754404,0.558533,0.344841
0.627137,0.533124,0.995768,0.0304265,-0.805517,0.591792,0.655705,-0.430778,-0.620066,0.754404,0.406907,0.515074
0.627137,0.512239,1.04467,0.0304265,-0.959343,0.280599,0.655705,-0.192724,-0.730006,0.754404,0.206202,0.623182
0.674504,0.624989,0.979577,-0.303548,-0.917636,0.256519,0.683918,-0.397288,-0.611898,0.663411,-0.0103022,0.748184
0.674504,0.604102,1.06088,-0.303548,-0.950031,-0.0728007,0.683918,-0.164047,-0.710876,0.663411,-0.265575,0.699539
0.674504,0.556667,1.13014,-0.303548,-0.867838,-0.39334,0.683918,0.0889801,-0.724112,0.663411,-0.488815,0.56652
0.674504,0.488406,1.17899,-0.303548,-0.68097,-0.666437,0.683918,0.331275,-0.65001,0.663411,-0.653097,0.36517
0.674504,0.407553,1.20155,-0.303548,-0.411968,-0.859151,0.683918,0.533613,-0.497507,0.663411,-0.738606,0.119775
0.674504,0.323858,1.1951,-0.303548,-0.0932764,-0.948239,0.683918,0.67159,-0.284997,0.663411,-0.735028,-0.140066
0.674504,0.247418,1.16041,-0.303548,0.236666,-0.922956,0.683918,0.728563,-0.0381125,0.663411,-0.642795,-0.383014
0.674504,0.187451,1.10167,-0.303548,0.538063,-0.78635,0.683918,0.69766,0.213369,0.663411,-0.473031,-0.579764
0.674504,0.151191,1.02597,-0.303548,0.774561,-0.554899,0.683918,0.58261,0.439115,0.663411,-0.246213,-0.706586
0.674504,0.143011,0.942423,-0.303548,0.917636,-0.256519,0.683918,0.397288,0.611898,0.663411,0.0103022,-0.748184
0.674504,0.163898,0.861121,-0.303548,0.950031,0.0728007,0.683918,0.164047,0.710876,0.663411,0.265575,-0.699539
0.674504,0.211333,0.791865,-0.303548,0.867838,0.39334,0.683918,-0.0889801,0.724112,0.663411,0.488815,-0.56652
0.674504,0.279594,0.743009,-0.303548,0.68097,0.666437,0.683918,-0.331275,0.65001,0.663411,0.653097,-0.36517
0.674504,0.360447,0.720447,-0.303548,0.411968,0.859151,0.683918,-0.533613,0.497507,0.663411,0.738606,-0.119775
0.674504,0.444142,0.726898,-0.303548,0.0932764,0.948239,0.683918,-0.67159,0.284997,0.663411,0.735028,0.140066
0.674504,0.520582,0.761586,-0.303548,-0.236666,0.922956,0.683918,-0.728563,0.0381125,0.663411,0.642795,0.383014
0.674504,0.580549,0.820326,-0.303548,-0.538063,0.78635,0.683918,-0.69766,-0.213369,0.663411,0.473031,0.579764
0.674504,0.616809,0.896033,-0.303548,-0.774561,0.554899,0.683918,-0.58261,-0.439115,0.663411,0.246213,0.706586
0.674504,0.624989,0.979577,-0.303548,-0.917636,0.256519,0.683918,-0.397288,-0.611898,0.663411,-0.0103022,0.748184
0.763543,0.716909,0.926505,-0.60091,-0.779523,0.176777,0.629641,-0.597871,-0.496087,0.492402,-0.186798,0.850087
0.763543,0.70863,1.04245,-0.60091,-0.792974,-0.100496,0.629641,-0.392144,-0.670654,0.492402,-0.466279,0.734932
0.763543,0.661196,1.14857,-0.60091,-0.71078,-0.365648,0.629641,-0.139117,-0.764329,0.492402,-0.689521,0.531133
0.763543,0.580328,1.23206,-0.60091,-0.542855,-0.586698,0.629641,0.130688,-0.765815,0.492402,-0.829596,0.263272
0.763543,0.47578,1.28286,-0.60091,-0.309455,-0.736983,0.629641,0.384731,-0.674933,0.492402,-0.869609,-0.0363439
0.763543,0.360162,1.29484,-0.60091,-0.038729,-0.798378,0.629641,0.59237,-0.502644,0.492402,-0.804735,-0.331576
0.763543,0.247419,1.26655,-0.60091,0.236668,-0.763476,0.629641,0.72856,-0.269728,0.492402,-0.642798,-0.586815
0.763543,0.15115,1.20141,-0.60091,0.483519,-0.636487,0.629641,0.776875,-0.00427955,0.492402,-0.40333,-0.771275
0.763543,0.0829662,1.10728,-0.60091,0.672051,-0.432729,0.629641,0.731487,0.261685,0.492402,-0.115214,-0.862709
0.763543,0.0510914,0.995495,-0.60091,0.779523,-0.176777,0.629641,0.597871,0.496087,0.492402,0.186798,-0.850087
0.763543,0.0593704,0.879553,-0.60091,0.792974,0.100496,0.629641,0.392144,0.670654,0.492402,0.466279,-0.734932
0.763543,0.106804,0.773435,-0.60091,0.71078,0.365648,0.629641,0.139117,0.764329,0.492402,0.689521,-0.531133
0.763543,0.187672,0.68994,-0.60091,0.542855,0.586698,0.629641,-0.130688,0.765815,0.492402,0.829596,-0.263272
0.763543,0.29222,0.639139,-0.60091,0.309455,0.736983,0.629641,-0.384731,0.674933,0.492402,0.869609,0.0363439
0.763543,0.407838,0.627159,-0.60091,0.038729,0.798378,0.629641,-0.59237,0.502644,0.492402,0.804735,0.331576
0.763543,0.520581,0.655445,-0.60091,-0.236668,0.763476,0.629641,-0.72856,0.269728,0.492402,0.642798,0.586815
0.763543,0.61685,0.720586,-0.60091,-0.483519,0.636487,0.629641,-0.776875,0.00427955,0.492402,0.40333,0.771275
0.763543,0.685034,0.814724,-0.60091,-0.672051,0.432729,0.629641,-0.731487,-0.261685,0.492402,0.115214,0.862709
0.763543,0.716909,0.926505,-0.60091,-0.779523,0.176777,0.629641,-0.597871,-0.496087,0.492402,-0.186798,0.850087
0.883514,0.776912,0.891861,-0.825794,-0.561662,0.0509913,0.499419,-0.770282,-0.396543,0.262001,-0.301997,0.916599
0.883514,0.776863,1.03041,-0.825794,-0.545229,-0.144183,0.499419,-0.588202,-0.636081,0.262001,-0.59728,0.758032
0.883514,0.72943,1.1606,-0.825794,-0.463034,-0.321968,0.499419,-0.335177,-0.798897,0.262001,-0.820521,0.508036
0.883514,0.640332,1.2667,-0.825794,-0.324991,-0.460918,0.499419,-0.0417245,-0.865355,0.262001,-0.944796,0.196762
0.883514,0.520317,1.33594,-0.825794,-0.147748,-0.544274,0.499419,0.256761,-0.827438,0.262001,-0.955115,-0.138243
0.883514,0.38386,1.35995,-0.825794,0.0473149,-0.561983,0.499419,0.524277,-0.68972,0.262001,-0.850232,-0.456575
0.883514,0.24742,1.33584,-0.825794,0.236671,-0.511909,0.499419,0.728557,-0.468812,0.262001,-0.642799,-0.719836
0.883514,0.127453,1.26652,-0.825794,0.397481,-0.400091,0.499419,0.844963,-0.191358,0.262001,-0.357835,-0.896275
0.883514,0.0384304,1.16035,-0.825794,0.510349,-0.240016,0.499419,0.859454,0.109177,0.262001,-0.029711,-0.96461
0.883514,-0.00891194,1.03014,-0.825794,0.561662,-0.0509913,0.499419,0.770282,0.396543,0.262001,0.301997,-0.916599
0.883514,-0.00886328,0.891585,-0.825794,0.545229,0.144183,0.499419,0.588202,0.636081,0.262001,0.59728,-0.758032
0.883514,0.0385705,0.761404,-0.825794,0.463034,0.321968,0.499419,0.335177,0.798897,0.262001,0.820521,-0.508036
0.883514,0.127668,0.655298,-0.825794,0.324991,0.460918,0.499419,0.0417245,0.865355,0.262001,0.944796,-0.196762
0.883514,0.247683,0.586063,-0.825794,0.147748,0.544274,0.499419,-0.256761,0.827438,0.262001,0.955115,0.138243
0.883514,0.38414,0.562051,-0.825794,-0.0473149,0.561983,0.499419,-0.524277,0.68972,0.262001,0.850232,0.456575
0.883514,0.52058,0.586159,-0.825794,-0.236671,0.511909,0.499419,-0.728557,0.468812,0.262001,0.642799,0.719836
0.883514,0.640547,0.655478,-0.825794,-0.397481,0.400091,0.499419,-0.844963,0.191358,0.262001,0.357835,0.896275
0.883514,0.72957,0.761647,-0.825794,-0.510349,0.240016,0.499419,-0.859454,-0.109177,0.262001,0.029711,0.96461
0.883514,0.776912,0.891861,-0.825794,-0.561662,0.0509913,0.499419,-0.770282,-0.396543,0.262001,-0.301997,0.916599
0.875863,0.0368683,1.15208,0.985232,-0.141202,-0.0968544,-0.00862081,0.524026,-0.851659,0.17101,0.839916,0.515069
0.875863,-0.007551,1.02183,0.985232,-0.0995603,-0.139307,-0.00862081,0.783707,-0.62107,0.17101,0.613099,0.771275
0.875863,-0.00474346,0.884245,0.985232,-0.0459101,-0.164958,-0.00862081,0.948863,-0.315571,0.17101,0.312333,0.934454
0.875863,0.0449523,0.755916,0.985232,0.0132774,-0.170712,-0.00862081,0.999571,0.0279901,0.17101,-0.026105,0.984923
0.875863,0.135542,0.652323,0.985232,0.0708635,-0.155875,-0.00862081,0.929716,0.368175,0.17101,-0.361394,0.916597
0.875863,0.2561,0.585961,0.985232,0.119902,-0.122238,-0.00862081,0.747724,0.663954,0.17101,-0.653094,0.737715
0.875863,0.392084,0.564834,0.985232,0.154479,-0.0738573,-0.00862081,0.475545,0.879649,0.17101,-0.866021,0.469854
0.875863,0.527093,0.591491,0.985232,0.170424,-0.0165681,-0.00862081,0.146009,0.989246,0.17101,-0.974493,0.145322
0.875863,0.644843,0.662716,0.985232,0.165813,0.0427195,-0.00862081,-0.201139,0.979525,0.17101,-0.965427,-0.196739
0.875863,0.731132,0.769918,0.985232,0.141202,0.0968544,-0.00862081,-0.524026,0.851659,0.17101,-0.839916,-0.515069
0.875863,0.775551,0.900168,0.985232,0.0995603,0.139307,-0.00862081,-0.783707,0.62107,0.17101,-0.613099,-0.771275
0.875863,0.772743,1.03775,0.985232,0.0459101,0.164958,-0.00862081,-0.948863,0.315571,0.17101,-0.312333,-0.934454
0.875863,0.723048,1.16608,0.985232,-0.0132774,0.170712,-0.00862081,-0.999571,-0.0279901,0.17101,0.026105,-0.984923
0.875863,0.632458,1.26968,0.985232,-0.0708635,0.155875,-0.00862081,-0.929716,-0.368175,0.17101,0.361394,-0.916597
0.875863,0.5119,1.33604,0.985232,-0.119902,0.122238,-0.00862081,-0.747724,-0.663954,0.17101,0.653094,-0.737715
0.875863,0.375916,1.35717,0.985232,-0.154479,0.0738573,-0.00862081,-0.475545,-0.879649,0.17101,0.866021,-0.469854
0.875863,0.240907,1.33051,0.985232,-0.170424,0.0165681,-0.00862081,-0.146009,-0.989246,0.17101,0.974493,-0.145322
0.875863,0.123157,1.25928,0.985232,-0.165813,-0.0427195,-0.00862081,0.201139,-0.979525,0.17101,0.965427,0.196739
0.875863,0.0368683,1.15208,0.985232,-0.141202,-0.0968544,-0.00862081,0.524026,-0.851659,0.17101,0.839916,0.515069
0.749059,0.100252,1.11549,0.900555,-0.429166,0.0694067,0.292759,0.480637,-0.826608,0.321393,0.764725,0.558482
0.749059,0.0645265,1.00912,0.900555,-0.427023,-0.0815625,0.292759,0.734368,-0.61237,0.321393,0.527594,0.786353
0.749059,0.0673343,0.896954,0.900555,-0.373374,-0.222694,0.292759,0.899523,-0.324271,0.321393,0.226828,0.919378
0.749059,0.108337,0.79251,0.900555,-0.274691,-0.336966,0.292759,0.956182,0.00294002,0.321393,-0.101297,0.941512
0.749059,0.182588,0.708389,0.900555,-0.142876,-0.410594,0.292759,0.897511,0.329796,0.321393,-0.417205,0.850087
0.749059,0.281133,0.654736,0.900555,0.00617165,-0.434699,0.292759,0.730588,0.616874,0.321393,-0.682791,0.656128
0.749059,0.392085,0.638024,0.900555,0.154475,-0.406372,0.292759,0.475545,0.829548,0.321393,-0.866022,0.38303
0.749059,0.502062,0.660267,0.900555,0.284147,-0.329031,0.292759,0.163144,0.942166,0.321393,-0.944799,0.0637336
0.749059,0.597799,0.718783,0.900555,0.379546,-0.212005,0.292759,-0.168935,0.941145,0.321393,-0.909619,-0.26325
0.749059,0.667748,0.806514,0.900555,0.429166,-0.0694067,0.292759,-0.480637,0.826608,0.321393,-0.764725,-0.558482
0.749059,0.703474,0.912878,0.900555,0.427023,0.0815625,0.292759,-0.734368,0.61237,0.321393,-0.527594,-0.786353
0.749059,0.700666,1.02505,0.900555,0.373374,0.222694,0.292759,-0.899523,0.324271,0.321393,-0.226828,-0.919378
0.749059,0.659663,1.12949,0.900555,0.274691,0.336966,0.292759,-0.956182,-0.00294002,0.321393,0.101297,-0.941512
0.749059,0.585412,1.21361,0.900555,0.142876,0.410594,0.292759,-0.897511,-0.329796,0.321393,0.417205,-0.850087
0.749059,0.486867,1.26726,0.900555,-0.00617165,0.434699,0.292759,-0.730588,-0.616874,0.321393,0.682791,-0.656128
0.749059,0.375915,1.28398,0.900555,-0.154475,0.406372,0.292759,-0.475545,-0.829548,0.321393,0.866022,-0.38303
0.749059,0.265938,1.26173,0.900555,-0.284147,0.329031,0.292759,-0.163144,-0.942166,0.321393,0.944799,-0.0637336
0.749059,0.170201,1.20322,0.900555,-0.379546,0.212005,0.292759,0.168935,-0.941145,0.321393,0.909619,0.26325
0.749059,0.100252,1.11549,0.900555,-0.429166,0.0694067,0.292759,0.480637,-0.826608,0.321393,0.764725,0.558482
0.654934,0.197372,1.05941,0.707258,-0.674683,0.21116,0.558827,0.350598,-0.751527,0.433011,0.649526,0.624995
0.654934,0.174968,0.989647,0.707258,-0.706216,-0.0323296,0.558827,0.586491,-0.586293,0.433011,0.396594,0.809454
0.654934,0.177776,0.916426,0.707258,-0.652569,-0.27192,0.558827,0.751646,-0.350343,0.433011,0.0958268,0.896281
0.654934,0.205458,0.848581,0.707258,-0.520212,-0.478713,0.558827,0.826141,-0.0721371,0.433011,-0.216498,0.875003
0.654934,0.254675,0.794296,0.707258,-0.32511,-0.627766,0.558827,0.800991,0.21477,0.433011,-0.50271,0.748187
0.654934,0.31949,0.760118,0.707258,-0.0907947,-0.701101,0.558827,0.679229,0.475773,0.433011,-0.728288,0.531129
0.654934,0.392086,0.750169,0.707258,0.154472,-0.689873,0.558827,0.475543,0.67939,0.433011,-0.866024,0.250009
0.654934,0.463707,0.765649,0.707258,0.381106,-0.595436,0.558827,0.214499,0.801063,0.433011,-0.899304,-0.0612665
0.654934,0.525714,0.804692,0.707258,0.561774,-0.429181,0.558827,-0.0724166,0.826116,0.433011,-0.824115,-0.365152
0.654934,0.570628,0.862587,0.707258,0.674683,-0.21116,0.558827,-0.350598,0.751527,0.433011,-0.649526,-0.624995
0.654934,0.593032,0.932353,0.707258,0.706216,0.0323296,0.558827,-0.586491,0.586293,0.433011,-0.396594,-0.809454
0.654934,0.590224,1.00557,0.707258,0.652569,0.27192,0.558827,-0.751646,0.350343,0.433011,-0.0958268,-0.896281
0.654934,0.562542,1.07342,0.707258,0.520212,0.478713,0.558827,-0.826141,0.0721371,0.433011,0.216498,-0.875003
0.654934,0.513325,1.1277,0.707258,0.32511,0.627766,0.558827,-0.800991,-0.21477,0.433011,0.50271,-0.748187
0.654934,0.44851,1.16188,0.707258,0.0907947,0.701101,0.558827,-0.679229,-0.475773,0.433011,0.728288,-0.531129
0.654934,0.375914,1.17183,0.707258,-0.154472,0.689873,0.558827,-0.475543,-0.67939,0.433011,0.866024,-0.250009
0.654934,0.304293,1.15635,0.707258,-0.381106,0.595436,0.558827,-0.214499,-0.801063,0.433011,0.899304,0.0612665
