0.658953,0.546041,1.06636,0.308961,0.713513,-0.628843,0.951075,-0.23179,0.204279,-3.49349e-06,-0.661191,-0.750218
0.907818,0.345728,1.30554,0.92986,-0.361503,-0.0683873,-0.179072,-0.282321,-0.942459,0.321394,0.8886,-0.327254
0.907818,0.211446,1.26202,0.92986,-0.316312,-0.187904,-0.179072,0.057045,-0.982181,0.321394,0.946939,-0.00359885
0.907818,0.100147,1.17519,0.92986,-0.232969,-0.284757,-0.179072,0.38953,-0.903437,0.321394,0.891062,0.32049
0.907818,0.025256,1.05554,0.92986,-0.121526,-0.347264,-0.179072,0.675033,-0.715726,0.321394,0.72771,0.605924
0.907818,-0.00419408,0.917483,0.92986,0.00457398,-0.367886,-0.179072,0.879116,-0.441688,0.321394,0.476586,0.818273
0.907818,0.0153489,0.777683,0.92986,0.130123,-0.344136,-0.179072,0.977165,-0.114376,0.321394,0.167978,0.931928
0.907818,0.0815277,0.652998,0.92986,0.239977,-0.278877,-0.179072,0.957353,0.226732,0.321394,-0.16089,0.933177
0.907818,0.18636,0.558467,0.92986,0.320886,-0.179982,-0.179072,0.822071,0.540493,0.321394,-0.470353,0.821872
0.907818,0.317202,0.505492,0.92986,0.363092,-0.0593783,-0.179072,0.587635,0.789062,0.321394,-0.723084,0.611437
0.907818,0.458272,0.500462,0.92986,0.361503,0.0683873,-0.179072,0.282321,0.942459,0.321394,-0.8886,0.327254
0.907818,0.592554,0.543984,0.92986,0.316312,0.187904,-0.179072,-0.057045,0.982181,0.321394,-0.946939,0.00359885
0.907818,0.703853,0.630809,0.92986,0.232969,0.284757,-0.179072,-0.38953,0.903437,0.321394,-0.891062,-0.32049
0.907818,0.778744,0.750464,0.92986,0.121526,0.347264,-0.179072,-0.675033,0.715726,0.321394,-0.72771,-0.605924
0.907818,0.808194,0.888517,0.92986,-0.00457398,0.367886,-0.179072,-0.879116,0.441688,0.321394,-0.476586,-0.818273
0.907818,0.788651,1.02832,0.92986,-0.130123,0.344136,-0.179072,-0.977165,0.114376,0.321394,-0.167978,-0.931928
0.907818,0.722472,1.153,0.92986,-0.239977,0.278877,-0.179072,-0.957353,-0.226732,0.321394,0.16089,-0.933177
0.907818,0.61764,1.24753,0.92986,-0.320886,0.179982,-0.179072,-0.822071,-0.540493,0.321394,0.470353,-0.821872
0.907818,0.486798,1.30051,0.92986,-0.363092,0.0593783,-0.179072,-0.587635,-0.789062,0.321394,0.723084,-0.611437
0.907818,0.345728,1.30554,0.92986,-0.361503,-0.0683873,-0.179072,-0.282321,-0.942459,0.321394,0.8886,-0.327254
0.809114,0.388465,1.26787,0.796489,-0.589871,0.132881,-0.0275851,-0.254983,-0.966552,0.604023,0.766183,-0.219363
0.809114,0.264487,1.24124,0.796489,-0.599745,-0.0768806,-0.0275851,0.0909741,-0.995471,0.604023,0.795003,0.0559159
0.809114,0.157096,1.17381,0.796489,-0.537281,-0.277369,-0.0275851,0.425959,-0.904322,0.604023,0.727934,0.324451
0.809114,0.0792433,1.07371,0.796489,-0.410013,-0.444403,-0.0275851,0.709567,-0.704098,0.604023,0.573066,0.553852
0.809114,0.0403201,0.95303,0.796489,-0.233292,-0.557835,-0.0275851,0.90759,-0.41895,0.604023,0.349077,0.716451
0.809114,0.0450207,0.826311,0.796489,-0.0284319,-0.603984,-0.0275851,0.996145,-0.0832697,0.604023,0.0829844,0.792635
0.809114,0.0927784,0.708842,0.796489,0.179857,-0.577283,-0.0275851,0.96455,0.262454,0.604023,-0.193117,0.773215
0.809114,0.177833,0.614791,0.796489,0.366453,-0.480954,-0.0275851,0.816616,0.576521,0.604023,-0.445926,0.660535
0.809114,0.289925,0.555502,0.796489,0.508849,-0.326615,-0.0275851,0.570186,0.821052,0.604023,-0.64495,0.468184
0.809114,0.415535,0.538127,0.796489,0.589871,-0.132881,-0.0275851,0.254983,0.966552,0.604023,-0.766183,0.219363
0.809114,0.539513,0.564761,0.796489,0.599745,0.0768806,-0.0275851,-0.0909741,0.995471,0.604023,-0.795003,-0.0559159
0.809114,0.646904,0.632191,0.796489,0.537281,0.277369,-0.0275851,-0.425959,0.904322,0.604023,-0.727934,-0.324451
0.809114,0.724757,0.732285,0.796489,0.410013,0.444403,-0.0275851,-0.709567,0.704098,0.604023,-0.573066,-0.553852
0.809114,0.76368,0.85297,0.796489,0.233292,0.557835,-0.0275851,-0.90759,0.41895,0.604023,-0.349077,-0.716451
0.809114,0.758979,0.979689,0.796489,0.0284319,0.603984,-0.0275851,-0.996145,0.0832697,0.604023,-0.0829844,-0.792635
0.809114,0.711222,1.09716,0.796489,-0.179857,0.577283,-0.0275851,-0.96455,-0.262454,0.604023,0.193117,-0.773215
0.809114,0.626167,1.19121,0.796489,-0.366453,0.480954,-0.0275851,-0.816616,-0.576521,0.604023,0.445926,-0.660535
0.809114,0.514075,1.2505,0.796489,-0.508849,0.326615,-0.0275851,-0.570186,-0.821052,0.604023,0.64495,-0.468184
0.809114,0.388465,1.26787,0.796489,-0.589871,0.132881,-0.0275851,-0.254983,-0.966552,0.604023,0.766183,-0.219363
0.735846,0.453951,1.21016,0.567051,-0.770245,0.29185,0.127229,-0.268165,-0.954935,0.813797,0.578629,-0.0540655
0.735846,0.345763,1.2094,0.567051,-0.823612,0.0108104,0.127229,0.0746145,-0.989063,0.813797,0.562224,0.147098
0.735846,0.244359,1.17169,0.567051,-0.777639,-0.271533,0.127229,0.408394,-0.903895,0.813797,0.478008,0.330519
0.735846,0.161968,1.10157,0.567051,-0.637872,-0.521126,0.127229,0.692915,-0.709705,0.813797,0.336136,0.474074
0.735846,0.108529,1.0075,0.567051,-0.421168,-0.707864,0.127229,0.893861,-0.429913,0.813797,0.153722,0.56045
0.735846,0.0904871,0.900824,0.567051,-0.153665,-0.809222,0.127229,0.986993,-0.0982681,0.813797,-0.0472337,0.579226
0.735846,0.110018,0.794411,0.567051,0.132373,-0.812976,0.127229,0.96108,0.24523,0.813797,-0.242492,0.52814
0.735846,0.164766,0.701096,0.567051,0.402444,-0.718674,0.127229,0.819246,0.559149,0.813797,-0.408503,0.413352
0.735846,0.248128,0.632134,0.567051,0.623974,-0.537689,0.127229,0.578599,0.805627,0.813797,-0.525242,0.248708
0.735846,0.350049,0.595842,0.567051,0.770245,-0.29185,0.127229,0.268165,0.954935,0.813797,-0.578629,0.0540655
0.735846,0.458237,0.596598,0.567051,0.823612,-0.0108104,0.127229,-0.0746145,0.989063,0.813797,-0.562224,-0.147098
0.735846,0.559641,0.63431,0.567051,0.777639,0.271533,0.127229,-0.408394,0.903895,0.813797,-0.478008,-0.330519
0.735846,0.642032,0.70443,0.567051,0.637872,0.521126,0.127229,-0.692915,0.709705,0.813797,-0.336136,-0.474074
0.735846,0.695471,0.798501,0.567051,0.421168,0.707864,0.127229,-0.893861,0.429913,0.813797,-0.153722,-0.56045
0.735846,0.713513,0.905176,0.567051,0.153665,0.809222,0.127229,-0.986993,0.0982681,0.813797,0.0472337,-0.579226
0.735846,0.693982,1.01159,0.567051,-0.132373,0.812976,0.127229,-0.96108,-0.24523,0.813797,0.242492,-0.52814
0.735846,0.639234,1.1049,0.567051,-0.402444,0.718674,0.127229,-0.819246,-0.559149,0.813797,0.408503,-0.413352
0.735846,0.555872,1.17387,0.567051,-0.623974,0.537689,0.127229,-0.578599,-0.805627,0.813797,0.525242,-0.248708
0.735846,0.453951,1.21016,0.567051,-0.770245,0.29185,0.127229,-0.268165,-0.954935,0.813797,0.578629,-0.0540655
0.696852,0.534287,1.13936,0.269218,-0.880869,0.389347,0.266698,-0.320275,-0.909008,0.925416,0.348559,0.148702
0.696852,0.44547,1.17035,0.269218,-0.960911,0.0645919,0.266698,0.00993928,-0.963729,0.925416,0.276679,0.258949
0.696852,0.351411,1.16909,0.269218,-0.925053,-0.267954,0.266698,0.338955,-0.90221,0.925416,0.171428,0.337962
0.696852,0.263453,1.13574,0.269218,-0.777619,-0.568181,0.266698,0.627087,-0.73187,0.925416,0.0454998,0.376212
0.696852,0.192207,1.07432,0.269218,-0.536394,-0.799877,0.266698,0.839583,-0.473257,0.925416,-0.0859164,0.369086
0.696852,0.146264,0.992234,0.269218,-0.230471,-0.935096,0.266698,0.950814,-0.157561,0.925416,-0.20697,0.317442
0.696852,0.131167,0.899386,0.269218,0.10325,-0.957529,0.266698,0.947362,0.177138,0.925416,-0.30306,0.22751
0.696852,0.148736,0.806973,0.269218,0.424517,-0.864469,0.266698,0.829644,0.490472,0.925416,-0.362596,0.110137
0.696852,0.196853,0.726143,0.269218,0.694582,-0.667142,0.266698,0.611859,0.744648,0.925416,-0.378398,-0.0205201
0.696852,0.269713,0.666645,0.269218,0.880869,-0.389347,0.266698,0.320275,0.909008,0.925416,-0.348559,-0.148702
0.696852,0.35853,0.635654,0.269218,0.960911,-0.0645919,0.266698,-0.00993928,0.963729,0.925416,-0.276679,-0.258949
0.696852,0.452589,0.636909,0.269218,0.925053,0.267954,0.266698,-0.338955,0.90221,0.925416,-0.171428,-0.337962
0.696852,0.540547,0.670259,0.269218,0.777619,0.568181,0.266698,-0.627087,0.73187,0.925416,-0.0454998,-0.376212
0.696852,0.611793,0.73168,0.269218,0.536394,0.799877,0.266698,-0.839583,0.473257,0.925416,0.0859164,-0.369086
0.696852,0.657736,0.813766,0.269218,0.230471,0.935096,0.266698,-0.950814,0.157561,0.925416,0.20697,-0.317442
0.696852,0.672833,0.906614,0.269218,-0.10325,0.957529,0.266698,-0.947362,-0.177138,0.925416,0.30306,-0.22751
0.696852,0.655264,0.999027,0.269218,-0.424517,0.864469,0.266698,-0.829644,-0.490472,0.925416,0.362596,-0.110137
0.696852,0.607147,1.07986,0.269218,-0.694582,0.667142,0.266698,-0.611859,-0.744648,0.925416,0.378398,0.0205201
0.696852,0.534287,1.13936,0.269218,-0.880869,0.389347,0.266698,-0.320275,-0.909008,0.925416,0.348559,0.148702
0.696834,0.619783,1.064,-0.061087,-0.908401,0.413612,0.373999,-0.405028,-0.834312,0.925415,0.103725,0.364483
0.696834,0.551583,1.12878,-0.061087,-0.995082,0.077977,0.373999,-0.0952507,-0.922525,0.925415,-0.027191,0.377978
0.696834,0.46534,1.16632,-0.061087,-0.961741,-0.267064,0.373999,0.226016,-0.899468,0.925415,-0.154827,0.345883
0.696834,0.371458,1.17211,-0.061087,-0.8124,-0.579892,0.373999,0.520021,-0.767921,0.925415,-0.263789,0.27207
0.696834,0.281259,1.14543,-0.061087,-0.565071,-0.822778,0.373999,0.751305,-0.543752,0.925415,-0.340934,0.165441
0.696834,0.205624,1.08952,-0.061087,-0.249587,-0.966424,0.373999,0.89197,-0.253998,0.925415,-0.376957,0.0388573
0.696834,0.153675,1.0111,-0.061087,0.0960018,-0.993505,0.373999,0.92505,0.0663912,0.925415,-0.367514,-0.0924131
0.696834,0.131677,0.919652,-0.061087,0.430011,-0.900755,0.373999,0.846555,0.378773,0.925415,-0.313743,-0.212537
0.696834,0.142284,0.826192,-0.061087,0.712154,-0.69936,0.373999,0.665954,0.645469,0.925415,-0.22213,-0.307026
0.696834,0.184217,0.741996,-0.061087,0.908401,-0.413612,0.373999,0.405028,0.834312,0.925415,-0.103725,-0.364483
0.696834,0.252417,0.677219,-0.061087,0.995082,-0.077977,0.373999,0.0952507,0.922525,0.925415,0.027191,-0.377978
0.696834,0.33866,0.639675,-0.061087,0.961741,0.267064,0.373999,-0.226016,0.899468,0.925415,0.154827,-0.345883
0.696834,0.432542,0.633892,-0.061087,0.8124,0.579892,0.373999,-0.520021,0.767921,0.925415,0.263789,-0.27207
0.696834,0.522741,0.660567,-0.061087,0.565071,0.822778,0.373999,-0.751305,0.543752,0.925415,0.340934,-0.165441
0.696834,0.598376,0.716483,-0.061087,0.249587,0.966424,0.373999,-0.89197,0.253998,0.925415,0.376957,-0.0388573
0.696834,0.650325,0.794896,-0.061087,-0.0960018,0.993505,0.373999,-0.92505,-0.0663912,0.925415,0.367514,0.0924131
0.696834,0.672323,0.886348,-0.061087,-0.430011,0.900755,0.373999,-0.846555,-0.378773,0.925415,0.313743,0.212537
0.696834,0.661716,0.979808,-0.061087,-0.712154,0.69936,0.373999,-0.665954,-0.645469,0.925415,0.22213,0.307026
0.696834,0.619783,1.064,-0.061087,-0.908401,0.413612,0.373999,-0.405028,-0.834312,0.925415,0.103725,0.364483
0.735794,0.700129,0.993193,-0.384024,-0.849521,0.361719,0.43619,-0.512203,-0.739856,0.813796,-0.126344,0.56725
0.735794,0.651301,1.08972,-0.384024,-0.922003,0.0493514,0.43619,-0.228268,-0.870421,0.813796,-0.312736,0.489829
0.735794,0.572405,1.16373,-0.384024,-0.883279,-0.268969,0.43619,0.0831997,-0.896,0.813796,-0.461407,0.353327
0.735794,0.472955,1.20628,-0.384024,-0.738018,-0.554847,0.43619,0.384632,-0.813509,0.813796,-0.554425,0.174208
0.735794,0.364946,1.21226,-0.384024,-0.503741,-0.773803,0.43619,0.639672,-0.632896,0.813796,-0.580572,-0.0259227
0.735794,0.261407,1.18094,-0.384024,-0.208706,-0.899426,0.43619,0.817559,-0.375947,0.813796,-0.536693,-0.222927
0.735794,0.174826,1.11609,-0.384024,0.111503,-0.916566,0.43619,0.896835,-0.0736531,0.813796,-0.428081,-0.393042
0.735794,0.115645,1.02554,-0.384024,0.418262,-0.823154,0.43619,0.86794,0.237525,0.813796,-0.267836,-0.515752
0.735794,0.0910029,0.920212,-0.384024,0.674573,-0.630458,0.43619,0.734359,0.520053,0.813796,-0.0752865,-0.576253
0.735794,0.103871,0.812807,-0.384024,0.849521,-0.361719,0.43619,0.512203,0.739856,0.813796,0.126344,-0.56725
0.735794,0.152699,0.71628,-0.384024,0.922003,-0.0493514,0.43619,0.228268,0.870421,0.813796,0.312736,-0.489829
0.735794,0.231595,0.642275,-0.384024,0.883279,0.268969,0.43619,-0.0831997,0.896,0.813796,0.461407,-0.353327
0.735794,0.331045,0.599716,-0.384024,0.738018,0.554847,0.43619,-0.384632,0.813509,0.813796,0.554425,-0.174208
0.735794,0.439054,0.593739,-0.384024,0.503741,0.773803,0.43619,-0.639672,0.632896,0.813796,0.580572,0.0259227
0.735794,0.542593,0.625063,-0.384024,0.208706,0.899426,0.43619,-0.817559,0.375947,0.813796,0.536693,0.222927
0.735794,0.629174,0.68991,-0.384024,-0.111503,0.916566,0.43619,-0.896835,0.0736531,0.813796,0.428081,0.393042
0.735794,0.688355,0.780459,-0.384024,-0.418262,0.823154,0.43619,-0.86794,-0.237525,0.813796,0.267836,0.515752
0.735794,0.712997,0.885788,-0.384024,-0.674573,0.630458,0.43619,-0.734359,-0.520053,0.813796,0.0752865,0.576253
0.735794,0.700129,0.993193,-0.384024,-0.849521,0.361719,0.43619,-0.512203,-0.739856,0.813796,-0.126344,0.56725
0.809034,0.765632,0.935463,-0.660642,-0.711328,0.239926,0.44577,-0.628872,-0.637032,0.604021,-0.313898,0.732548
0.809034,0.732599,1.05787,-0.660642,-0.75049,-0.0178324,0.44577,-0.373069,-0.813701,0.604021,-0.545514,0.58101
0.809034,0.659691,1.16161,-0.660642,-0.69913,-0.273439,0.44577,-0.0722678,-0.892226,0.604021,-0.711333,0.359395
0.809034,0.555702,1.23415,-0.660642,-0.563446,-0.496066,0.44577,0.23725,-0.863135,0.604021,-0.791354,0.0944303
0.809034,0.433174,1.26674,-0.660642,-0.359801,-0.658859,0.44577,0.518151,-0.729937,0.604021,-0.775927,-0.181924
0.809034,0.306886,1.25547,-0.660642,-0.11276,-0.742184,0.44577,0.736556,-0.508699,0.604021,-0.666911,-0.436335
0.809034,0.19207,1.20168,-0.660642,0.147883,-0.735991,0.44577,0.866121,-0.226103,0.604021,-0.477456,-0.638118
0.809034,0.102575,1.11187,-0.660642,0.390688,-0.641027,0.44577,0.89122,0.0837634,0.604021,-0.230413,-0.762934
0.809034,0.049195,0.996864,-0.660642,0.586371,-0.468745,0.44577,0.808824,0.383527,0.604021,0.0444215,-0.795729
0.809034,0.0383684,0.870537,-0.660642,0.711328,-0.239926,0.44577,0.628872,0.637032,0.604021,0.313898,-0.732548
0.809034,0.0714012,0.748125,-0.660642,0.75049,0.0178324,0.44577,0.373069,0.813701,0.604021,0.545514,-0.58101
0.809034,0.144309,0.644394,-0.660642,0.69913,0.273439,0.44577,0.0722678,0.892226,0.604021,0.711333,-0.359395
0.809034,0.248298,0.571854,-0.660642,0.563446,0.496066,0.44577,-0.23725,0.863135,0.604021,0.791354,-0.0944303
0.809034,0.370826,0.539256,-0.660642,0.359801,0.658859,0.44577,-0.518151,0.729937,0.604021,0.775927,0.181924
0.809034,0.497114,0.55053,-0.660642,0.11276,0.742184,0.44577,-0.736556,0.508699,0.604021,0.666911,0.436335
0.809034,0.61193,0.604317,-0.660642,-0.147883,0.735991,0.44577,-0.866121,0.226103,0.604021,0.477456,0.638118
0.809034,0.701425,0.69413,-0.660642,-0.390688,0.641027,0.44577,-0.89122,-0.0837634,0.604021,0.230413,0.762934
0.809034,0.754805,0.809136,-0.660642,-0.586371,0.468745,0.44577,-0.808824,-0.383527,0.604021,-0.0444215,0.795729
0.809034,0.765632,0.935463,-0.660642,-0.711328,0.239926,0.44577,-0.628872,-0.637032,0.604021,-0.313898,0.732548
0.90772,0.808392,0.897777,-0.857576,-0.510493,0.0629227,0.401584,-0.740963,-0.538242,0.321392,-0.436315,0.840438
0.90772,0.785669,1.03709,-0.857576,-0.501228,-0.115471,0.401584,-0.512188,-0.759206,0.321392,-0.697449,0.640525
0.90772,0.716671,1.16022,-0.857576,-0.431506,-0.279937,0.401584,-0.221635,-0.888599,0.321392,-0.87446,0.363355
0.90772,0.609719,1.25233,-0.857576,-0.309739,-0.410639,0.401584,0.0956499,-0.910814,0.321392,-0.945998,0.0423592
0.90772,0.477712,1.30231,-0.857576,-0.150613,-0.491811,0.401584,0.401398,-0.823171,0.321392,-0.903435,-0.283746
0.90772,0.336574,1.30412,-0.857576,0.0266794,-0.513664,0.401584,0.658732,-0.636241,0.321392,-0.751905,-0.575627
0.90772,0.203327,1.25756,-0.857576,0.200754,-0.473561,0.401584,0.836613,-0.372572,0.321392,-0.509683,-0.798079
0.90772,0.0940429,1.16822,-0.857576,0.350615,-0.37634,0.401584,0.913586,-0.0639644,0.321392,-0.205987,-0.924271
0.90772,0.021903,1.0469,-0.857576,0.458186,-0.233727,0.401584,0.880367,0.252358,0.321392,0.122555,-0.938982
0.90772,-0.00439167,0.908223,-0.857576,0.510493,-0.0629227,0.401584,0.740963,0.538242,0.321392,0.436315,-0.840438
0.90772,0.0183305,0.768913,-0.857576,0.501228,0.115471,0.401584,0.512188,0.759206,0.321392,0.697449,-0.640525
0.90772,0.0873289,0.645777,-0.857576,0.431506,0.279937,0.401584,0.221635,0.888599,0.321392,0.87446,-0.363355
0.90772,0.194281,0.553666,-0.857576,0.309739,0.410639,0.401584,-0.0956499,0.910814,0.321392,0.945998,-0.0423592
0.90772,0.326288,0.503689,-0.857576,0.150613,0.491811,0.401584,-0.401398,0.823171,0.321392,0.903435,0.283746
0.90772,0.467426,0.501875,-0.857576,-0.0266794,0.513664,0.401584,-0.658732,0.636241,0.321392,0.751905,0.575627
0.90772,0.600673,0.548443,-0.857576,-0.200754,0.473561,0.401584,-0.836613,0.372572,0.321392,0.509683,0.798079
0.90772,0.709957,0.637776,-0.857576,-0.350615,0.37634,0.401584,-0.913586,0.0639644,0.321392,0.205987,0.924271
0.90772,0.782097,0.759098,-0.857576,-0.458186,0.233727,0.401584,-0.880367,-0.252358,0.321392,-0.122555,0.938982
0.90772,0.808392,0.897777,-0.857576,-0.510493,0.0629227,0.401584,-0.740963,-0.538242,0.321392,-0.436315,0.840438
0.883612,0.211071,1.25333,0.961642,-0.26052,-0.0858738,-0.0812368,0.0285362,-0.996286,0.262003,0.965047,0.00627777
0.883612,0.102765,1.1669,0.961642,-0.215438,-0.169798,-0.0812368,0.367565,-0.926443,0.262003,0.9047,0.335965
0.883612,0.0305507,1.04864,0.961642,-0.144371,-0.233242,-0.0812368,0.66226,-0.744857,0.262003,0.735233,0.625129
0.883612,0.00313882,0.912817,0.961642,-0.055891,-0.268554,-0.0812368,0.877077,-0.47343,0.262003,0.477087,0.838894
0.883612,0.0238355,0.775806,0.961642,0.0393304,-0.271474,-0.0812368,0.986106,-0.144901,0.262003,0.161396,0.951476
0.883612,0.0901444,0.654137,0.961642,0.129808,-0.24165,-0.0812368,0.976195,0.201106,0.262003,-0.173761,0.949295
0.883612,0.194068,0.562485,0.961642,0.204629,-0.18268,-0.0812368,0.848541,0.522856,0.262003,-0.48796,0.832616
0.883612,0.323071,0.511903,0.961642,0.254768,-0.101676,-0.0812368,0.61854,0.781542,0.262003,-0.743304,0.615511
0.883612,0.461594,0.508494,0.961642,0.274179,-0.00840806,-0.0812368,0.313935,0.945963,0.262003,-0.908994,0.324166
0.883612,0.592929,0.552668,0.961642,0.26052,0.0858738,-0.0812368,-0.0285362,0.996286,0.262003,-0.965047,-0.00627777
0.883612,0.701235,0.639097,0.961642,0.215438,0.169798,-0.0812368,-0.367565,0.926443,0.262003,-0.9047,-0.335965
0.883612,0.773449,0.757357,0.961642,0.144371,0.233242,-0.0812368,-0.66226,0.744857,0.262003,-0.735233,-0.625129
0.883612,0.800861,0.893183,0.961642,0.055891,0.268554,-0.0812368,-0.877077,0.47343,0.262003,-0.477087,-0.838894
0.883612,0.780165,1.03019,0.961642,-0.0393304,0.271474,-0.0812368,-0.986106,0.144901,0.262003,-0.161396,-0.951476
0.883612,0.713856,1.15186,0.961642,-0.129808,0.24165,-0.0812368,-0.976195,-0.201106,0.262003,0.173761,-0.949295
0.883612,0.609932,1.24352,0.961642,-0.204629,0.18268,-0.0812368,-0.848541,-0.522856,0.262003,0.48796,-0.832616
0.883612,0.480929,1.2941,0.961642,-0.254768,0.101676,-0.0812368,-0.61854,-0.781542,0.262003,0.743304,-0.615511
0.883612,0.342406,1.29751,0.961642,-0.274179,0.00840806,-0.0812368,-0.313935,-0.945963,0.262003,0.908994,-0.324166
0.883612,0.211071,1.25333,0.961642,-0.26052,-0.0858738,-0.0812368,0.0285362,-0.996286,0.262003,0.965047,0.00627777
0.763622,0.263028,1.20754,0.856221,-0.500993,0.126063,0.156285,0.0186085,-0.987537,0.492403,0.865251,0.0942309
0.763622,0.167249,1.14164,0.856221,-0.513896,-0.052889,0.156285,0.355244,-0.921616,0.492403,0.780841,0.384481
0.763622,0.0997854,1.04696,0.856221,-0.464815,-0.225462,0.156285,0.649031,-0.744536,0.492403,0.60225,0.628358
0.763622,0.0687731,0.934917,0.856221,-0.359671,-0.370841,0.156285,0.864536,-0.477653,0.492403,0.351019,0.796445
0.763622,0.0779529,0.819022,0.856221,-0.211145,-0.471491,0.156285,0.975765,-0.153158,0.492403,0.05745,0.868469
0.763622,0.126218,0.713256,0.856221,-0.0371515,-0.515273,0.156285,0.969302,0.18981,0.492403,-0.243049,0.835743
0.763622,0.207746,0.630376,0.856221,0.141323,-0.496904,0.156285,0.845928,0.509884,0.492403,-0.514232,0.702214
0.763622,0.312704,0.580378,0.856221,0.302751,-0.418602,0.156285,0.620521,0.768458,0.492403,-0.723391,0.483988
0.763622,0.428432,0.569293,0.856221,0.427663,-0.289811,0.156285,0.320271,0.934345,0.492403,-0.845299,0.207385
0.763622,0.540972,0.598459,0.856221,0.500993,-0.126063,0.156285,-0.0186085,0.987537,0.492403,-0.865251,-0.0942309
0.763622,0.636751,0.664356,0.856221,0.513896,0.052889,0.156285,-0.355244,0.921616,0.492403,-0.780841,-0.384481
0.763622,0.704215,0.759037,0.856221,0.464815,0.225462,0.156285,-0.649031,0.744536,0.492403,-0.60225,-0.628358
0.763622,0.735227,0.871083,0.856221,0.359671,0.370841,0.156285,-0.864536,0.477653,0.492403,-0.351019,-0.796445
0.763622,0.726047,0.986978,0.856221,0.211145,0.471491,0.156285,-0.975765,0.153158,0.492403,-0.05745,-0.868469
0.763622,0.677782,1.09274,0.856221,0.0371515,0.515273,0.156285,-0.969302,-0.18981,0.492403,0.243049,-0.835743
0.763622,0.596254,1.17562,0.856221,-0.141323,0.496904,0.156285,-0.845928,-0.509884,0.492403,0.514232,-0.702214
0.763622,0.491296,1.22562,0.856221,-0.302751,0.418602,0.156285,-0.620521,-0.768458,0.492403,0.723391,-0.483988
0.763622,0.375568,1.23671,0.856221,-0.427663,0.289811,0.156285,-0.320271,-0.934345,0.492403,0.845299,-0.207385
0.763622,0.263028,1.20754,0.856221,-0.500993,0.126063,0.156285,0.0186085,-0.987537,0.492403,0.865251,0.0942309
0.674556,0.342639,1.13738,0.647527,-0.699914,0.301379,0.374957,-0.0516662,-0.925601,0.663413,0.712356,0.228983
0.674556,0.266057,1.10294,0.647527,-0.760782,0.0438189,0.374957,0.268024,-0.887452,0.663413,0.591079,0.458813
0.674556,0.205872,1.04439,0.647527,-0.729888,-0.219026,0.374957,0.555386,-0.742262,0.663413,0.398509,0.633304
0.674556,0.169342,0.96878,0.647527,-0.610959,-0.455454,0.374957,0.775761,-0.507545,0.663413,0.157873,0.73141
0.674556,0.160875,0.88524,0.647527,-0.418339,-0.636947,0.374957,0.902568,-0.21161,0.663413,-0.101805,0.741296
0.674556,0.181491,0.803841,0.647527,-0.175262,-0.741615,0.374957,0.920511,0.109848,0.663413,-0.349203,0.661771
0.674556,0.228704,0.734403,0.647527,0.0889552,-0.756833,0.374957,0.827427,0.418056,0.663413,-0.554483,0.502427
0.674556,0.296818,0.6853,0.647527,0.342443,-0.680766,0.374957,0.634544,0.675841,0.663413,-0.692883,0.282482
0.674556,0.37762,0.662454,0.647527,0.554627,-0.522588,0.374957,0.365125,0.85211,0.663413,-0.747712,0.0284666
0.674556,0.461361,0.668622,0.647527,0.699914,-0.301379,0.374957,0.0516662,0.925601,0.663413,-0.712356,-0.228983
0.674556,0.537943,0.70306,0.647527,0.760782,-0.0438189,0.374957,-0.268024,0.887452,0.663413,-0.591079,-0.458813
0.674556,0.598128,0.761613,0.647527,0.729888,0.219026,0.374957,-0.555386,0.742262,0.663413,-0.398509,-0.633304
0.674556,0.634658,0.83722,0.647527,0.610959,0.455454,0.374957,-0.775761,0.507545,0.663413,-0.157873,-0.73141
0.674556,0.643125,0.92076,0.647527,0.418339,0.636947,0.374957,-0.902568,0.21161,0.663413,0.101805,-0.741296
0.674556,0.622509,1.00216,0.647527,0.175262,0.741615,0.374957,-0.920511,-0.109848,0.663413,0.349203,-0.661771
0.674556,0.575296,1.0716,0.647527,-0.0889552,0.756833,0.374957,-0.827427,-0.418056,0.663413,0.554483,-0.502427
0.674556,0.507182,1.1207,0.647527,-0.342443,0.680766,0.374957,-0.634544,-0.675841,0.663413,0.692883,-0.282482
0.674556,0.42638,1.14355,0.647527,-0.554627,0.522588,0.374957,-0.365125,-0.85211,0.663413,0.747712,-0.0284666
0.674556,0.342639,1.13738,0.647527,-0.699914,0.301379,0.374957,-0.0516662,-0.925601,0.663413,0.712356,0.228983
0.627155,0.440302,1.0513,0.360731,-0.83329,0.418928,0.548404,-0.173812,-0.81795,0.754404,0.524802,0.39428
0.627155,0.38727,1.05546,0.360731,-0.926318,0.108661,0.548404,0.116426,-0.828069,0.754404,0.358301,0.549995
0.627155,0.336014,1.04123,0.360731,-0.907619,-0.214711,0.548404,0.392621,-0.73831,0.754404,0.148583,0.639372
0.627155,0.292717,1.01032,0.360731,-0.779447,-0.512187,0.548404,0.62146,-0.559501,0.754404,-0.0790557,0.651632
0.627155,0.262601,0.966473,0.360731,-0.557263,-0.747885,0.548404,0.775342,-0.313207,0.754404,-0.297159,0.585295
0.627155,0.249299,0.914968,0.360731,-0.267864,-0.893377,0.548404,0.835706,-0.0291355,0.754404,-0.479421,0.448363
0.627155,0.254414,0.862019,0.360731,0.0538431,-0.931114,0.548404,0.795272,0.25845,0.754404,-0.603858,0.257352
0.627155,0.277331,0.814013,0.360731,0.369056,-0.856546,0.548404,0.658916,0.514862,0.754404,-0.65546,0.0353
0.627155,0.315285,0.77674,0.360731,0.639755,-0.678665,0.548404,0.443085,0.709175,0.754404,-0.628004,-0.191009
0.627155,0.363698,0.754697,0.360731,0.83329,-0.418928,0.548404,0.173812,0.81795,0.754404,-0.524802,-0.39428
0.627155,0.41673,0.75054,0.360731,0.926318,-0.108661,0.548404,-0.116426,0.828069,0.754404,-0.358301,-0.549995
0.627155,0.467986,0.764773,0.360731,0.907619,0.214711,0.548404,-0.392621,0.73831,0.754404,-0.148583,-0.639372
0.627155,0.511283,0.795678,0.360731,0.779447,0.512187,0.548404,-0.62146,0.559501,0.754404,0.0790557,-0.651632
0.627155,0.541399,0.839527,0.360731,0.557263,0.747885,0.548404,-0.775342,0.313207,0.754404,0.297159,-0.585295
0.627155,0.554701,0.891032,0.360731,0.267864,0.893377,0.548404,-0.835706,0.0291355,0.754404,0.479421,-0.448363
0.627155,0.549586,0.943981,0.360731,-0.0538431,0.931114,0.548404,-0.795272,-0.25845,0.754404,0.603858,-0.257352
0.627155,0.526669,0.991987,0.360731,-0.369056,0.856546,0.548404,-0.658916,-0.514862,0.754404,0.65546,-0.0353
0.627155,0.488715,1.02926,0.360731,-0.639755,0.678665,0.548404,-0.443085,-0.709175,0.754404,0.628004,0.191009
0.627155,0.440302,1.0513,0.360731,-0.83329,0.418928,0.548404,-0.173812,-0.81795,0.754404,0.524802,0.39428
0.627137,0.544238,0.959701,0.0304265,-0.885034,0.464531,0.655705,-0.333095,-0.677568,0.754404,0.325211,0.570186
0.627137,0.516268,1.00493,0.0304265,-0.990539,0.133817,0.655705,-0.0812653,-0.750631,0.754404,0.110584,0.647028
0.627137,0.474514,1.03786,0.0304265,-0.97657,-0.213037,0.655705,0.180367,-0.733157,0.754404,-0.117382,0.64583
0.627137,0.424015,1.05453,0.0304265,-0.844813,-0.534196,0.655705,0.420244,-0.627253,0.754404,-0.33119,0.566734
0.627137,0.37086,1.05292,0.0304265,-0.611158,-0.790923,0.655705,0.609433,-0.445693,0.754404,-0.505051,0.419282
0.627137,0.321461,1.03323,0.0304265,-0.303789,-0.952253,0.655705,0.725116,-0.210376,0.754404,-0.617996,0.221259
0.627137,0.281776,0.997832,0.0304265,0.0402212,-0.998727,0.655705,0.753339,0.050315,0.754404,-0.656401,-0.00345172
0.627137,0.256592,0.950994,0.0304265,0.37938,-0.92474,0.655705,0.690698,0.304938,0.754404,-0.615635,-0.227746
0.627137,0.248947,0.898367,0.0304265,0.672781,-0.739216,0.655705,0.544749,0.522781,0.754404,-0.500614,-0.424571
0.627137,0.259762,0.846299,0.0304265,0.885034,-0.464531,0.655705,0.333095,0.677568,0.754404,-0.325211,-0.570186
0.627137,0.287732,0.80107,0.0304265,0.990539,-0.133817,0.655705,0.0812653,0.750631,0.754404,-0.110584,-0.647028
0.627137,0.329486,0.768135,0.0304265,0.97657,0.213037,0.655705,-0.180367,0.733157,0.754404,0.117382,-0.64583
0.627137,0.379985,0.751467,0.0304265,0.844813,0.534196,0.655705,-0.420244,0.627253,0.754404,0.33119,-0.566734
0.627137,0.43314,0.753076,0.0304265,0.611158,0.790923,0.655705,-0.609433,0.445693,0.754404,0.505051,-0.419282
0.627137,0.482539,0.772768,0.0304265,0.303789,0.952253,0.655705,-0.725116,0.210376,0.754404,0.617996,-0.221259
0.627137,0.522224,0.808168,0.0304265,-0.0402212,0.998727,0.655705,-0.753339,-0.050315,0.754404,0.656401,0.00345172
0.627137,0.547408,0.855006,0.0304265,-0.37938,0.92474,0.655705,-0.690698,-0.304938,0.754404,0.615635,0.227746
0.627137,0.555053,0.907633,0.0304265,-0.672781,0.739216,0.655705,-0.544749,-0.522781,0.754404,0.500614,0.424571
0.627137,0.544238,0.959701,0.0304265,-0.885034,0.464531,0.655705,-0.333095,-0.677568,0.754404,0.325211,0.570186
0.674504,0.641911,0.873619,-0.303548,-0.848904,0.432689,0.683918,-0.510305,-0.521387,0.663411,0.137658,0.735483
0.674504,0.637492,0.957445,-0.303548,-0.945698,0.116252,0.683918,-0.301205,-0.664478,0.663411,-0.122194,0.73821
0.674504,0.604669,1.0347,-0.303548,-0.928426,-0.214206,0.683918,-0.0557755,-0.727424,0.663411,-0.367308,0.651898
0.674504,0.547401,1.09608,-0.303548,-0.799172,-0.518828,0.683918,0.196382,-0.702631,0.663411,-0.568118,0.486957
0.674504,0.472595,1.13416,-0.303548,-0.573526,-0.760872,0.683918,0.424853,-0.593091,0.663411,-0.700406,0.263282
0.674504,0.389275,1.14437,-0.303548,-0.278705,-0.911143,0.683918,0.60208,-0.412015,0.663411,-0.748214,0.00785102
0.674504,0.307489,1.12546,-0.303548,0.0497325,-0.951517,0.683918,0.706687,-0.181244,0.663411,-0.705776,-0.248527
0.674504,0.237103,1.07972,-0.303548,0.372171,-0.877124,0.683918,0.726058,0.0713877,0.663411,-0.578211,-0.474928
0.674504,0.186606,1.01266,-0.303548,0.649721,-0.696937,0.683918,0.657855,0.315409,0.663411,-0.380906,-0.644046
0.674504,0.162089,0.932381,-0.303548,0.848904,-0.432689,0.683918,0.510305,0.521387,0.663411,-0.137658,-0.735483
0.674504,0.166508,0.848555,-0.303548,0.945698,-0.116252,0.683918,0.301205,0.664478,0.663411,0.122194,-0.73821
0.674504,0.199331,0.771295,-0.303548,0.928426,0.214206,0.683918,0.0557755,0.727424,0.663411,0.367308,-0.651898
0.674504,0.256599,0.709921,-0.303548,0.799172,0.518828,0.683918,-0.196382,0.702631,0.663411,0.568118,-0.486957
0.674504,0.331405,0.671836,-0.303548,0.573526,0.760872,0.683918,-0.424853,0.593091,0.663411,0.700406,-0.263282
0.674504,0.414725,0.661631,-0.303548,0.278705,0.911143,0.683918,-0.60208,0.412015,0.663411,0.748214,-0.00785102
0.674504,0.496511,0.68054,-0.303548,-0.0497325,0.951517,0.683918,-0.706687,0.181244,0.663411,0.705776,0.248527
0.674504,0.566897,0.726281,-0.303548,-0.372171,0.877124,0.683918,-0.726058,-0.0713877,0.663411,0.578211,0.474928
0.674504,0.617394,0.793336,-0.303548,-0.649721,0.696937,0.683918,-0.657855,-0.315409,0.663411,0.380906,0.644046
0.674504,0.641911,0.873619,-0.303548,-0.848904,0.432689,0.683918,-0.510305,-0.521387,0.663411,0.137658,0.735483
0.763543,0.72154,0.803439,-0.60091,-0.729259,0.327242,0.629641,-0.684068,-0.368245,0.492402,-0.0152374,0.870235
0.763543,0.736321,0.918733,-0.60091,-0.797203,0.0580854,0.629641,-0.516866,-0.580002,0.492402,-0.311956,0.812542
0.763543,0.710778,1.03213,-0.60091,-0.768992,-0.218077,0.629641,-0.287323,-0.721802,0.492402,-0.571049,0.656844
0.763543,0.647992,1.12995,-0.60091,-0.64803,-0.467936,0.629641,-0.0231245,-0.776542,0.492402,-0.761264,0.421921
0.763543,0.555536,1.2004,-0.60091,-0.448905,-0.661355,0.629641,0.243863,-0.73762,0.492402,-0.85966,0.136109
0.763543,0.444561,1.23497,-0.60091,-0.195636,-0.775005,0.629641,0.481437,-0.60973,0.492402,-0.854368,-0.166121
0.763543,0.328452,1.22951,-0.60091,0.0812299,-0.795178,0.629641,0.660943,-0.408298,0.492402,-0.746027,-0.448313
0.763543,0.221215,1.18466,-0.60091,0.348298,-0.719441,0.629641,0.760729,-0.157618,0.492402,-0.547704,-0.676433
0.763543,0.135783,1.10585,-0.60091,0.573356,-0.556928,0.629641,0.76876,0.112072,0.492402,-0.283319,-0.822965
0.763543,0.0824602,1.00256,-0.60091,0.729259,-0.327242,0.629641,0.684068,0.368245,0.492402,0.0152374,-0.870235
0.763543,0.0676791,0.887267,-0.60091,0.797203,-0.0580854,0.629641,0.516866,0.580002,0.492402,0.311956,-0.812542
0.763543,0.093222,0.773872,-0.60091,0.768992,0.218077,0.629641,0.287323,0.721802,0.492402,0.571049,-0.656844
0.763543,0.156008,0.676051,-0.60091,0.64803,0.467936,0.629641,0.0231245,0.776542,0.492402,0.761264,-0.421921
0.763543,0.248464,0.605603,-0.60091,0.448905,0.661355,0.629641,-0.243863,0.73762,0.492402,0.85966,-0.136109
0.763543,0.359439,0.571026,-0.60091,0.195636,0.775005,0.629641,-0.481437,0.60973,0.492402,0.854368,0.166121
0.763543,0.475548,0.57649,-0.60091,-0.0812299,0.795178,0.629641,-0.660943,0.408298,0.492402,0.746027,0.448313
0.763543,0.582785,0.621336,-0.60091,-0.348298,0.719441,0.629641,-0.760729,0.157618,0.492402,0.547704,0.676433
0.763543,0.668217,0.700155,-0.60091,-0.573356,0.556928,0.629641,-0.76876,-0.112072,0.492402,0.283319,0.822965
0.763543,0.72154,0.803439,-0.60091,-0.729259,0.327242,0.629641,-0.684068,-0.368245,0.492402,-0.0152374,0.870235
0.883514,0.77352,0.757628,-0.825794,-0.54053,0.160908,0.499419,-0.833424,-0.236612,0.262001,-0.115032,0.958187
0.883514,0.800835,0.893462,-0.825794,-0.562966,-0.0336678,0.499419,-0.702236,-0.507391,0.262001,-0.435814,0.861058
0.883514,0.780044,1.03045,-0.825794,-0.5175,-0.224183,0.499419,-0.486348,-0.71697,0.262001,-0.704031,0.660073
0.883514,0.713656,1.15206,-0.825794,-0.409616,-0.387658,0.499419,-0.2118,-0.840072,0.262001,-0.887331,0.379473
0.883514,0.609677,1.24363,-0.825794,-0.252326,-0.504377,0.499419,0.0882951,-0.861849,0.262001,-0.963606,0.0531027
0.883514,0.48065,1.29412,-0.825794,-0.0646017,-0.560259,0.499419,0.37774,-0.779675,0.262001,-0.923655,-0.279672
0.883514,0.342136,1.29743,-0.825794,0.130914,-0.548567,0.499419,0.621624,-0.60346,0.262001,-0.772298,-0.578715
0.883514,0.210843,1.25317,-0.825794,0.31064,-0.470709,0.499419,0.790531,-0.354459,0.262001,-0.527791,-0.807956
0.883514,0.102606,1.16667,-0.825794,0.452898,-0.336076,0.499419,0.864088,-0.0627048,0.262001,-0.219624,-0.939745
0.883514,0.0304803,1.04837,-0.825794,0.54053,-0.160908,0.499419,0.833424,0.236612,0.262001,0.115032,-0.958187
0.883514,0.00316548,0.912538,-0.825794,0.562966,0.0336678,0.499419,0.702236,0.507391,0.262001,0.435814,-0.861058
0.883514,0.0239559,0.775553,-0.825794,0.5175,0.224183,0.499419,0.486348,0.71697,0.262001,0.704031,-0.660073
0.883514,0.0903441,0.653941,-0.825794,0.409616,0.387658,0.499419,0.2118,0.840072,0.262001,0.887331,-0.379473
0.883514,0.194323,0.562368,-0.825794,0.252326,0.504377,0.499419,-0.0882951,0.861849,0.262001,0.963606,-0.0531027
0.883514,0.32335,0.511881,-0.825794,0.0646017,0.560259,0.499419,-0.37774,0.779675,0.262001,0.923655,0.279672
0.883514,0.461864,0.508568,-0.825794,-0.130914,0.548567,0.499419,-0.621624,0.60346,0.262001,0.772298,0.578715
0.883514,0.593157,0.55283,-0.825794,-0.31064,0.470709,0.499419,-0.790531,0.354459,0.262001,0.527791,0.807956
0.883514,0.701394,0.639328,-0.825794,-0.452898,0.336076,0.499419,-0.864088,0.0627048,0.262001,0.219624,0.939745
0.883514,0.77352,0.757628,-0.825794,-0.54053,0.160908,0.499419,-0.833424,-0.236612,0.262001,-0.115032,0.958187
0.875863,0.0994412,1.15887,0.985232,-0.157549,-0.0670613,-0.00862081,0.345513,-0.938374,0.17101,0.925094,0.339052
0.875863,0.0301741,1.03996,0.985232,-0.125111,-0.116902,-0.00862081,0.645619,-0.763611,0.17101,0.753341,0.635006
0.875863,0.0057546,0.904529,0.985232,-0.077583,-0.152642,-0.00862081,0.867854,-0.496745,0.17101,0.490725,0.854368
0.875863,0.0291282,0.768913,0.985232,-0.0206975,-0.169972,-0.00862081,0.985413,-0.169964,0.17101,0.168919,0.970681
0.875863,0.0974756,0.64947,0.985232,0.0386845,-0.1668,-0.00862081,0.984116,0.177317,0.17101,-0.17326,0.969916
0.875863,0.202553,0.560606,0.985232,0.0934005,-0.14351,-0.00862081,0.864121,0.503211,0.17101,-0.494542,0.852164
0.875863,0.331687,0.51304,0.985232,0.136851,-0.10291,-0.00862081,0.639899,0.76841,0.17101,-0.756175,0.631629
0.875863,0.469302,0.512509,0.985232,0.163795,-0.0498983,-0.00862081,0.338497,0.940928,0.17101,-0.926602,0.33491
0.875863,0.598799,0.559077,0.985232,0.170984,0.00913222,-0.00862081,-0.00373323,0.999956,0.17101,-0.985267,-0.00220408
0.875863,0.704559,0.647127,0.985232,0.157549,0.0670613,-0.00862081,-0.345513,0.938374,0.17101,-0.925094,-0.339052
0.875863,0.773826,0.766039,0.985232,0.125111,0.116902,-0.00862081,-0.645619,0.763611,0.17101,-0.753341,-0.635006
0.875863,0.798245,0.901471,0.985232,0.077583,0.152642,-0.00862081,-0.867854,0.496745,0.17101,-0.490725,-0.854368
0.875863,0.774872,1.03709,0.985232,0.0206975,0.169972,-0.00862081,-0.985413,0.169964,0.17101,-0.168919,-0.970681
0.875863,0.706524,1.15653,0.985232,-0.0386845,0.1668,-0.00862081,-0.984116,-0.177317,0.17101,0.17326,-0.969916
0.875863,0.601447,1.24539,0.985232,-0.0934005,0.14351,-0.00862081,-0.864121,-0.503211,0.17101,0.494542,-0.852164
0.875863,0.472313,1.29296,0.985232,-0.136851,0.10291,-0.00862081,-0.639899,-0.76841,0.17101,0.756175,-0.631629
0.875863,0.334698,1.29349,0.985232,-0.163795,0.0498983,-0.00862081,-0.338497,-0.940928,0.17101,0.926602,-0.33491
0.875863,0.205201,1.24692,0.985232,-0.170984,-0.00913222,-0.00862081,0.00373323,-0.999956,0.17101,0.985267,0.00220408
0.875863,0.0994412,1.15887,0.985232,-0.157549,-0.0670613,-0.00862081,0.345513,-0.938374,0.17101,0.925094,0.339052
0.749059,0.154349,1.11048,0.900555,-0.407007,0.152795,0.292759,0.307926,-0.905248,0.321393,0.859957,0.396459
0.749059,0.0983219,1.01327,0.900555,-0.43472,0.00437552,0.292759,0.598969,-0.745338,0.321393,0.672498,0.666673
0.749059,0.0789226,0.902753,0.900555,-0.41,-0.144572,0.292759,0.817767,-0.495529,0.321393,0.403926,0.856475
0.749059,0.0984912,0.792268,0.900555,-0.335828,-0.276081,0.292759,0.937931,-0.185952,0.321393,0.0866347,0.942975
0.749059,0.154667,0.69514,0.900555,-0.22115,-0.374291,0.292759,0.944966,0.146054,0.321393,-0.241106,0.915737
0.749059,0.240676,0.623083,0.900555,-0.0797975,-0.427356,0.292759,0.838024,0.460443,0.321393,-0.539766,0.778048
0.749059,0.346142,0.584788,0.900555,0.0711794,-0.428876,0.292759,0.630004,0.719296,0.321393,-0.773323,0.546515
0.749059,0.458346,0.584874,0.900555,0.213571,-0.378667,0.292759,0.345997,0.891391,0.321393,-0.913605,0.249064
0.749059,0.563753,0.62333,0.900555,0.330203,-0.282785,0.292759,0.0202569,0.955972,0.321393,-0.943693,-0.0784273
0.749059,0.649651,0.695519,0.900555,0.407007,-0.152795,0.292759,-0.307926,0.905248,0.321393,-0.859957,-0.396459
0.749059,0.705678,0.792734,0.900555,0.43472,-0.00437552,0.292759,-0.598969,0.745338,0.321393,-0.672498,-0.666673
0.749059,0.725077,0.903247,0.900555,0.41,0.144572,0.292759,-0.817767,0.495529,0.321393,-0.403926,-0.856475
0.749059,0.705509,1.01373,0.900555,0.335828,0.276081,0.292759,-0.937931,0.185952,0.321393,-0.0866347,-0.942975
0.749059,0.649333,1.11086,0.900555,0.22115,0.374291,0.292759,-0.944966,-0.146054,0.321393,0.241106,-0.915737
0.749059,0.563324,1.18292,0.900555,0.0797975,0.427356,0.292759,-0.838024,-0.460443,0.321393,0.539766,-0.778048
0.749059,0.457858,1.22121,0.900555,-0.0711794,0.428876,0.292759,-0.630004,-0.719296,0.321393,0.773323,-0.546515
0.749059,0.345654,1.22113,0.900555,-0.213571,0.378667,0.292759,-0.345997,-0.891391,0.321393,0.913605,-0.249064
0.749059,0.240247,1.18267,0.900555,-0.330203,0.282785,0.292759,-0.0202569,-0.955972,0.321393,0.943693,0.0784273
0.749059,0.154349,1.11048,0.900555,-0.407007,0.152795,0.292759,0.307926,-0.905248,0.321393,0.859957,0.396459
0.654934,0.238483,1.03633,0.707258,-0.619694,0.340243,0.558827,0.195276,-0.805965,0.433011,0.760162,0.484412
0.654934,0.202742,0.972364,0.707258,-0.698692,0.107776,0.558827,0.459155,-0.690571,0.433011,0.54864,0.715189
0.654934,0.191035,0.900031,0.707258,-0.693417,-0.13769,0.558827,0.667654,-0.491884,0.433011,0.270944,0.859704
0.654934,0.204773,0.828055,0.707258,-0.604506,-0.366549,0.558827,0.795624,-0.233869,0.433011,-0.0394322,0.900526
0.654934,0.2423,0.765119,0.707258,-0.442683,-0.551197,0.558827,0.82763,0.0523545,0.433011,-0.345052,0.832731
0.654934,0.299089,0.718814,0.707258,-0.227465,-0.669362,0.558827,0.759811,0.332263,0.433011,-0.609054,0.664496
0.654934,0.368291,0.694724,0.707258,0.015188,-0.706792,0.558827,0.600348,0.572096,0.433011,-0.799594,0.416114
0.654934,0.441558,0.695755,0.707258,0.256009,-0.658973,0.558827,0.368475,0.742926,0.433011,-0.893692,0.117541
0.654934,0.510054,0.721784,0.707258,0.465952,-0.531672,0.558827,0.0921573,0.824147,0.433011,-0.879998,-0.195208
0.654934,0.565517,0.769669,0.707258,0.619694,-0.340243,0.558827,-0.195276,0.805965,0.433011,-0.760162,-0.484412
0.654934,0.601258,0.833636,0.707258,0.698692,-0.107776,0.558827,-0.459155,0.690571,0.433011,-0.54864,-0.715189
0.654934,0.612965,0.905969,0.707258,0.693417,0.13769,0.558827,-0.667654,0.491884,0.433011,-0.270944,-0.859704
0.654934,0.599227,0.977945,0.707258,0.604506,0.366549,0.558827,-0.795624,0.233869,0.433011,0.0394322,-0.900526
0.654934,0.5617,1.04088,0.707258,0.442683,0.551197,0.558827,-0.82763,-0.0523545,0.433011,0.345052,-0.832731
0.654934,0.504911,1.08719,0.707258,0.227465,0.669362,0.558827,-0.759811,-0.332263,0.433011,0.609054,-0.664496
0.654934,0.435709,1.11128,0.707258,-0.015188,0.706792,0.558827,-0.600348,-0.572096,0.433011,0.799594,-0.416114
0.654934,0.362442,1.11024,0.707258,-0.256009,0.658973,0.558827,-0.368475,-0.742926,0.433011,0.893692,-0.117541
