0.658953,0.308394,1.09269,0.308961,0.854439,0.417705,0.951075,-0.277566,-0.135696,-3.49349e-06,0.439193,-0.898393
0.907818,0.0106705,0.999447,0.92986,-0.0755169,-0.360081,-0.179072,0.762062,-0.62225,0.321394,0.643086,0.695087
0.907818,-0.000647629,0.858742,0.92986,0.0521923,-0.364194,-0.179072,0.928926,-0.324083,0.321394,0.366569,0.873117
0.907818,0.0368407,0.722651,0.92986,0.173606,-0.32438,-0.179072,0.983748,0.0131725,0.321394,0.0458387,0.945835
0.907818,0.118614,0.60759,0.92986,0.274081,-0.24544,-0.179072,0.919915,0.34884,0.321394,-0.28042,0.904472
0.907818,0.234809,0.527436,0.92986,0.341497,-0.136897,-0.179072,0.745127,0.642432,0.321394,-0.572857,0.754016
0.907818,0.371411,0.491856,0.92986,0.367724,-0.0118422,-0.179072,0.480466,0.858537,0.321394,-0.796198,0.512615
0.907818,0.511943,0.505143,0.92986,0.349598,0.114641,-0.179072,0.157854,0.97109,0.321394,-0.923506,0.209385
0.907818,0.639456,0.565694,0.92986,0.289305,0.227297,-0.179072,-0.183798,0.966515,0.321394,-0.939426,-0.1191
0.907818,0.73857,0.666205,0.92986,0.194118,0.312537,-0.179072,-0.503282,0.845364,0.321394,-0.842037,-0.43322
0.907818,0.797329,0.794553,0.92986,0.0755169,0.360081,-0.179072,-0.762062,0.62225,0.321394,-0.643086,-0.695087
0.907818,0.808648,0.935258,0.92986,-0.0521923,0.364194,-0.179072,-0.928926,0.324083,0.321394,-0.366569,-0.873117
0.907818,0.771159,1.07135,0.92986,-0.173606,0.32438,-0.179072,-0.983748,-0.0131725,0.321394,-0.0458387,-0.945835
0.907818,0.689386,1.18641,0.92986,-0.274081,0.24544,-0.179072,-0.919915,-0.34884,0.321394,0.28042,-0.904472
0.907818,0.573191,1.26656,0.92986,-0.341497,0.136897,-0.179072,-0.745127,-0.642432,0.321394,0.572857,-0.754016
0.907818,0.436589,1.30214,0.92986,-0.367724,0.0118422,-0.179072,-0.480466,-0.858537,0.321394,0.796198,-0.512615
0.907818,0.296057,1.28886,0.92986,-0.349598,-0.114641,-0.179072,-0.157854,-0.97109,0.321394,0.923506,-0.209385
0.907818,0.168544,1.22831,0.92986,-0.289305,-0.227297,-0.179072,0.183798,-0.966515,0.321394,0.939426,0.1191
0.907818,0.06943,1.12779,0.92986,-0.194118,-0.312537,-0.179072,0.503282,-0.845364,0.321394,0.842037,0.43322
0.907818,0.0106705,0.999447,0.92986,-0.0755169,-0.360081,-0.179072,0.762062,-0.62225,0.321394,0.643086,0.695087
0.809114,0.0618481,1.02447,0.796489,-0.348989,-0.493772,-0.0275851,0.794798,-0.606246,0.604023,0.496489,0.623422
0.809114,0.0388866,0.899756,0.796489,-0.159063,-0.583355,-0.0275851,0.954215,-0.297848,0.604023,0.253325,0.755634
0.809114,0.0599632,0.774713,0.796489,0.0500491,-0.602578,-0.0275851,0.998539,0.046475,0.604023,-0.0203947,0.796706
0.809114,0.122536,0.664421,0.796489,0.253124,-0.54912,-0.0275851,0.922424,0.385192,0.604023,-0.291654,0.741683
0.809114,0.219057,0.58218,0.796489,0.425669,-0.42943,-0.0275851,0.735051,0.67745,0.604023,-0.527736,0.597203
0.809114,0.337885,0.537912,0.796489,0.546872,-0.257945,-0.0275851,0.459021,0.887997,0.604023,-0.700165,0.380691
0.809114,0.464688,0.536955,0.796489,0.602114,-0.0553477,-0.0275851,0.127625,0.991439,0.604023,-0.788144,0.118262
0.809114,0.58417,0.579425,0.796489,0.584732,0.153925,-0.0275851,-0.219163,0.975298,0.604023,-0.781061,-0.158431
0.809114,0.681922,0.660199,0.796489,0.496823,0.344633,-0.0275851,-0.539518,0.841522,0.604023,-0.67977,-0.416015
0.809114,0.746152,0.769534,0.796489,0.348989,0.493772,-0.0275851,-0.794798,0.606246,0.604023,-0.496489,-0.623422
0.809114,0.769113,0.894244,0.796489,0.159063,0.583355,-0.0275851,-0.954215,0.297848,0.604023,-0.253325,-0.755634
0.809114,0.748037,1.01929,0.796489,-0.0500491,0.602578,-0.0275851,-0.998539,-0.046475,0.604023,0.0203947,-0.796706
0.809114,0.685464,1.12958,0.796489,-0.253124,0.54912,-0.0275851,-0.922424,-0.385192,0.604023,0.291654,-0.741683
0.809114,0.588943,1.21182,0.796489,-0.425669,0.42943,-0.0275851,-0.735051,-0.67745,0.604023,0.527736,-0.597203
0.809114,0.470115,1.25609,0.796489,-0.546872,0.257945,-0.0275851,-0.459021,-0.887997,0.604023,0.700165,-0.380691
0.809114,0.343312,1.25705,0.796489,-0.602114,0.0553477,-0.0275851,-0.127625,-0.991439,0.604023,0.788144,-0.118262
0.809114,0.22383,1.21458,0.796489,-0.584732,-0.153925,-0.0275851,0.219163,-0.975298,0.604023,0.781061,0.158431
0.809114,0.126078,1.1338,0.796489,-0.496823,-0.344633,-0.0275851,0.539518,-0.841522,0.604023,0.67977,0.416015
0.809114,0.0618481,1.02447,0.796489,-0.348989,-0.493772,-0.0275851,0.794798,-0.606246,0.604023,0.496489,0.623422
0.735846,0.140268,1.0628,0.567051,-0.564989,-0.599367,0.127229,0.779014,-0.613963,0.813797,0.271891,0.513624
0.735846,0.0994651,0.962601,0.567051,-0.325921,-0.756458,0.127229,0.942021,-0.310498,0.813797,0.0798246,0.575641
0.735846,0.0953939,0.854488,0.567051,-0.0475414,-0.82231,0.127229,0.991407,0.0304175,0.813797,-0.12187,0.568227
0.735846,0.128545,0.751502,0.567051,0.236572,-0.788978,0.127229,0.921214,0.367664,0.813797,-0.308865,0.492277
0.735846,0.19492,0.666066,0.567051,0.492152,-0.660485,0.127229,0.73991,0.660565,0.813797,-0.458607,0.35695
0.735846,0.286513,0.608483,0.567051,0.68837,-0.452327,0.127229,0.469361,0.873792,0.813797,-0.553034,0.178571
0.735846,0.392277,0.5857,0.567051,0.801561,-0.189612,0.127229,0.142201,0.981627,0.813797,-0.580757,-0.0213471
0.735846,0.499455,0.600464,0.567051,0.818072,0.0959734,0.127229,-0.202111,0.971063,0.813797,-0.538432,-0.21869
0.735846,0.59512,0.650995,0.567051,0.735912,0.369983,0.127229,-0.522046,0.843375,0.813797,-0.431164,-0.389656
0.735846,0.667732,0.731198,0.567051,0.564989,0.599367,0.127229,-0.779014,0.613963,0.813797,-0.271891,-0.513624
0.735846,0.708535,0.831399,0.567051,0.325921,0.756458,0.127229,-0.942021,0.310498,0.813797,-0.0798246,-0.575641
0.735846,0.712606,0.939512,0.567051,0.0475414,0.82231,0.127229,-0.991407,-0.0304175,0.813797,0.12187,-0.568227
0.735846,0.679455,1.0425,0.567051,-0.236572,0.788978,0.127229,-0.921214,-0.367664,0.813797,0.308865,-0.492277
0.735846,0.61308,1.12793,0.567051,-0.492152,0.660485,0.127229,-0.73991,-0.660565,0.813797,0.458607,-0.35695
0.735846,0.521487,1.18552,0.567051,-0.68837,0.452327,0.127229,-0.469361,-0.873792,0.813797,0.553034,-0.178571
0.735846,0.415723,1.2083,0.567051,-0.801561,0.189612,0.127229,-0.142201,-0.981627,0.813797,0.580757,0.0213471
0.735846,0.308545,1.19354,0.567051,-0.818072,-0.0959734,0.127229,0.202111,-0.971063,0.813797,0.538432,0.21869
0.735846,0.21288,1.143,0.567051,-0.735912,-0.369983,0.127229,0.522046,-0.843375,0.813797,0.431164,0.389656
0.735846,0.140268,1.0628,0.567051,-0.564989,-0.599367,0.127229,0.779014,-0.613963,0.813797,0.271891,0.513624
0.696852,0.236471,1.10983,0.269218,-0.697463,-0.664128,0.266698,0.716611,-0.644469,0.925416,-0.00361909,0.378937
0.696852,0.173781,1.0397,0.269218,-0.428256,-0.862623,0.266698,0.893816,-0.360507,0.925416,-0.133005,0.354846
0.696852,0.138859,0.952354,0.269218,-0.107394,-0.957073,0.266698,0.963213,-0.0330631,0.925416,-0.246348,0.287956
0.696852,0.135917,0.858332,0.269218,0.22642,-0.936085,0.266698,0.916432,0.298369,0.925416,-0.329978,0.186334
0.696852,0.16531,0.768974,0.269218,0.532926,-0.802192,0.266698,0.759116,0.593813,0.925416,-0.373808,0.0622375
0.696852,0.223492,0.695058,0.269218,0.775152,-0.571543,0.266698,0.51024,0.817635,0.925416,-0.372551,-0.0693657
0.696852,0.303446,0.645499,0.269218,0.923884,-0.271957,0.266698,0.199821,0.942838,0.925416,-0.326359,-0.192602
0.696852,0.395529,0.626275,0.269218,0.961181,0.0604311,0.266698,-0.134699,0.954321,0.925416,-0.240803,-0.292609
0.696852,0.488633,0.639705,0.269218,0.882546,0.38553,0.266698,-0.452973,0.850698,0.925416,-0.126203,-0.357322
0.696852,0.571529,0.684168,0.269218,0.697463,0.664128,0.266698,-0.716611,0.644469,0.925416,0.00361909,-0.378937
0.696852,0.634219,0.754301,0.269218,0.428256,0.862623,0.266698,-0.893816,0.360507,0.925416,0.133005,-0.354846
0.696852,0.669141,0.841646,0.269218,0.107394,0.957073,0.266698,-0.963213,0.0330631,0.925416,0.246348,-0.287956
0.696852,0.672083,0.935668,0.269218,-0.22642,0.936085,0.266698,-0.916432,-0.298369,0.925416,0.329978,-0.186334
0.696852,0.64269,1.02503,0.269218,-0.532926,0.802192,0.266698,-0.759116,-0.593813,0.925416,0.373808,-0.0622375
0.696852,0.584508,1.09894,0.269218,-0.775152,0.571543,0.266698,-0.51024,-0.817635,0.925416,0.372551,0.0693657
0.696852,0.504554,1.1485,0.269218,-0.923884,0.271957,0.266698,-0.199821,-0.942838,0.925416,0.326359,0.192602
0.696852,0.412471,1.16772,0.269218,-0.961181,-0.0604311,0.266698,0.134699,-0.954321,0.925416,0.240803,0.292609
0.696852,0.319367,1.1543,0.269218,-0.882546,-0.38553,0.266698,0.452973,-0.850698,0.925416,0.126203,0.357322
0.696852,0.236471,1.10983,0.269218,-0.697463,-0.664128,0.266698,0.716611,-0.644469,0.925416,-0.00361909,0.378937
0.696834,0.338854,1.15988,-0.061087,-0.730434,-0.680246,0.373999,0.615118,-0.694086,0.925415,-0.296811,0.235606
0.696834,0.252871,1.12175,-0.061087,-0.453725,-0.889046,0.373999,0.815413,-0.441844,0.925415,-0.359493,0.119881
0.696834,0.185117,1.05651,-0.061087,-0.122291,-0.990613,0.373999,0.917357,-0.13631,0.925415,-0.378815,-0.0103021
0.696834,0.143763,0.972024,-0.061087,0.223894,-0.972697,0.373999,0.908655,0.185665,0.925415,-0.352446,-0.139243
0.696834,0.133797,0.878493,-0.061087,0.543074,-0.83746,0.373999,0.790355,0.485246,0.925415,-0.283567,-0.251389
0.696834,0.156422,0.787195,-0.061087,0.79675,-0.601213,0.373999,0.576727,0.7263,0.925415,-0.180485,-0.333214
0.696834,0.208909,0.70914,-0.061087,0.954327,-0.292451,0.373999,0.293537,0.879751,0.925415,-0.0556349,-0.374849
0.696834,0.284926,0.653744,-0.061087,0.996799,0.0515854,0.373999,-0.0250581,0.927091,0.925415,0.0759261,-0.371271
0.696834,0.375305,0.627689,-0.061087,0.919041,0.3894,0.373999,-0.340631,0.86261,0.925415,0.198329,-0.322912
0.696834,0.469146,0.634116,-0.061087,0.730434,0.680246,0.373999,-0.615118,0.694086,0.925415,0.296811,-0.235606
0.696834,0.555129,0.672251,-0.061087,0.453725,0.889046,0.373999,-0.815413,0.441844,0.925415,0.359493,-0.119881
0.696834,0.622883,0.737494,-0.061087,0.122291,0.990613,0.373999,-0.917357,0.13631,0.925415,0.378815,0.0103021
0.696834,0.664237,0.821976,-0.061087,-0.223894,0.972697,0.373999,-0.908655,-0.185665,0.925415,0.352446,0.139243
0.696834,0.674203,0.915507,-0.061087,-0.543074,0.83746,0.373999,-0.790355,-0.485246,0.925415,0.283567,0.251389
0.696834,0.651578,1.00681,-0.061087,-0.79675,0.601213,0.373999,-0.576727,-0.7263,0.925415,0.180485,0.333214
0.696834,0.599091,1.08486,-0.061087,-0.954327,0.292451,0.373999,-0.293537,-0.879751,0.925415,0.0556349,0.374849
0.696834,0.523074,1.14026,-0.061087,-0.996799,-0.0515854,0.373999,0.0250581,-0.927091,0.925415,-0.0759261,0.371271
0.696834,0.432695,1.16631,-0.061087,-0.919041,-0.3894,0.373999,0.340631,-0.86261,0.925415,-0.198329,0.322912
0.696834,0.338854,1.15988,-0.061087,-0.730434,-0.680246,0.373999,0.615118,-0.694086,0.925415,-0.296811,0.235606
0.735794,0.435069,1.20692,-0.384024,-0.659923,-0.645776,0.43619,0.486775,-0.756828,0.813796,-0.572321,0.100918
0.735794,0.327196,1.19886,-0.384024,-0.399256,-0.832538,0.43619,0.716269,-0.544699,0.813796,-0.572322,-0.100913
0.735794,0.228587,1.15438,-0.384024,-0.0904333,-0.918884,0.43619,0.859371,-0.266871,0.813796,-0.503293,-0.290573
0.735794,0.151136,1.07887,-0.384024,0.229297,-0.894398,0.43619,0.89882,0.0431458,0.813796,-0.373559,-0.445185
0.735794,0.104184,0.981414,-0.384024,0.521371,-0.762035,0.43619,0.829857,0.347958,0.813796,-0.198768,-0.546102
0.735794,0.0933937,0.87378,-0.384024,0.75056,-0.537759,0.43619,0.660802,0.610802,0.813796,-2.81047e-06,-0.581151
0.735794,0.120067,0.768946,-0.384024,0.88922,-0.248622,0.43619,0.412044,0.799974,0.813796,0.198763,-0.546104
0.735794,0.180988,0.679558,-0.384024,0.920628,0.070503,0.43619,0.113588,0.892657,0.813796,0.373554,-0.445189
0.735794,0.268806,0.616397,-0.384024,0.840993,0.381124,0.43619,-0.198569,0.877672,0.813796,0.50329,-0.290578
0.735794,0.372931,0.58708,-0.384024,0.659923,0.645776,0.43619,-0.486775,0.756828,0.813796,0.572321,-0.100918
0.735794,0.480804,0.595145,-0.384024,0.399256,0.832538,0.43619,-0.716269,0.544699,0.813796,0.572322,0.100913
0.735794,0.579413,0.639617,-0.384024,0.0904333,0.918884,0.43619,-0.859371,0.266871,0.813796,0.503293,0.290573
0.735794,0.656864,0.715134,-0.384024,-0.229297,0.894398,0.43619,-0.89882,-0.0431458,0.813796,0.373559,0.445185
0.735794,0.703816,0.812586,-0.384024,-0.521371,0.762035,0.43619,-0.829857,-0.347958,0.813796,0.198768,0.546102
0.735794,0.714606,0.92022,-0.384024,-0.75056,0.537759,0.43619,-0.660802,-0.610802,0.813796,2.81047e-06,0.581151
0.735794,0.687933,1.02505,-0.384024,-0.88922,0.248622,0.43619,-0.412044,-0.799974,0.813796,-0.198763,0.546104
0.735794,0.627012,1.11444,-0.384024,-0.920628,-0.070503,0.43619,-0.113588,-0.892657,0.813796,-0.373554,0.445189
0.735794,0.539194,1.1776,-0.384024,-0.840993,-0.381124,0.43619,0.198569,-0.877672,0.813796,-0.50329,0.290578
0.735794,0.435069,1.20692,-0.384024,-0.659923,-0.645776,0.43619,0.486775,-0.756828,0.813796,-0.572321,0.100918
0.809034,0.513509,1.24527,-0.660642,-0.494437,-0.564876,0.44577,0.347063,-0.825128,0.604021,-0.796919,-0.0088793
0.809034,0.387791,1.26172,-0.660642,-0.271419,-0.699917,0.44577,0.608343,-0.656664,0.604021,-0.745822,-0.280906
0.809034,0.264028,1.23418,-0.660642,-0.0156651,-0.750538,0.44577,0.796248,-0.408997,0.604021,-0.604768,-0.519051
0.809034,0.157147,1.16597,-0.660642,0.241979,-0.710633,0.44577,0.888113,-0.111999,0.604021,-0.39077,-0.694592
0.809034,0.0800406,1.06532,-0.660642,0.470436,-0.585015,0.44577,0.872859,0.198508,0.604021,-0.129639,-0.786354
0.809034,0.0420084,0.94437,-0.660642,0.642152,-0.388835,0.44577,0.752326,0.485072,0.604021,0.147128,-0.78327
0.809034,0.0476378,0.817704,-0.660642,0.736415,-0.145757,0.44577,0.54105,0.713129,0.604021,0.406149,-0.685712
0.809034,0.0962497,0.700604,-0.660642,0.741856,0.114902,0.44577,0.264516,0.855173,0.604021,0.616183,-0.505448
0.809034,0.181981,0.607191,-0.660642,0.657817,0.361703,0.44577,-0.0439222,0.894069,0.604021,0.751896,-0.264218
0.809034,0.294491,0.548734,-0.660642,0.494437,0.564876,0.44577,-0.347063,0.825128,0.604021,0.796919,0.0088793
0.809034,0.420209,0.532282,-0.660642,0.271419,0.699917,0.44577,-0.608343,0.656664,0.604021,0.745822,0.280906
0.809034,0.543972,0.559821,-0.660642,0.0156651,0.750538,0.44577,-0.796248,0.408997,0.604021,0.604768,0.519051
0.809034,0.650853,0.628029,-0.660642,-0.241979,0.710633,0.44577,-0.888113,0.111999,0.604021,0.39077,0.694592
0.809034,0.727959,0.728679,-0.660642,-0.470436,0.585015,0.44577,-0.872859,-0.198508,0.604021,0.129639,0.786354
0.809034,0.765992,0.84963,-0.660642,-0.642152,0.388835,0.44577,-0.752326,-0.485072,0.604021,-0.147128,0.78327
0.809034,0.760362,0.976296,-0.660642,-0.736415,0.145757,0.44577,-0.54105,-0.713129,0.604021,-0.406149,0.685712
0.809034,0.71175,1.0934,-0.660642,-0.741856,-0.114902,0.44577,-0.264516,-0.855173,0.604021,-0.616183,0.505448
0.809034,0.626019,1.18681,-0.660642,-0.657817,-0.361703,0.44577,0.0439222,-0.894069,0.604021,-0.751896,0.264218
0.809034,0.513509,1.24527,-0.660642,-0.494437,-0.564876,0.44577,0.347063,-0.825128,0.604021,-0.796919,-0.0088793
0.90772,0.564715,1.2703,-0.857576,-0.253934,-0.447303,0.401584,0.212833,-0.890748,0.321392,-0.943514,-0.0805446
0.90772,0.427347,1.30275,-0.857576,-0.0856335,-0.507178,0.401584,0.504651,-0.764236,0.321392,-0.859066,-0.398388
0.90772,0.287163,1.28627,-0.857576,0.0929959,-0.50588,0.401584,0.735601,-0.545546,0.321392,-0.671001,-0.66818
0.90772,0.161071,1.22283,-0.857576,0.260409,-0.443565,0.401584,0.877827,-0.261055,0.321392,-0.402004,-0.85738
0.90772,0.06428,1.1201,-0.857576,0.396412,-0.32775,0.401584,0.914174,0.0549227,0.321392,-0.0845186,-0.943167
0.90772,0.00846433,0.990451,-0.857576,0.484603,-0.172403,0.401584,0.840258,0.364276,0.321392,0.243161,-0.915194
0.90772,0.000356092,0.849534,-0.857576,0.514343,0.003738,0.401584,0.664994,0.629693,0.321392,0.541511,-0.776835
0.90772,0.0409333,0.714342,-0.857576,0.482046,0.179428,0.401584,0.409522,0.819159,0.321392,0.774547,-0.544779
0.90772,0.125302,0.601181,-0.857576,0.391607,0.333477,0.401584,0.104656,0.909823,0.321392,0.914161,-0.247014
0.90772,0.243285,0.523701,-0.857576,0.253934,0.447303,0.401584,-0.212833,0.890748,0.321392,0.943514,0.0805446
0.90772,0.380653,0.491246,-0.857576,0.0856335,0.507178,0.401584,-0.504651,0.764236,0.321392,0.859066,0.398388
0.90772,0.520837,0.507731,-0.857576,-0.0929959,0.50588,0.401584,-0.735601,0.545546,0.321392,0.671001,0.66818
0.90772,0.646929,0.571167,-0.857576,-0.260409,0.443565,0.401584,-0.877827,0.261055,0.321392,0.402004,0.85738
0.90772,0.74372,0.673904,-0.857576,-0.396412,0.32775,0.401584,-0.914174,-0.0549227,0.321392,0.0845186,0.943167
0.90772,0.799536,0.803549,-0.857576,-0.484603,0.172403,0.401584,-0.840258,-0.364276,0.321392,-0.243161,0.915194
0.90772,0.807644,0.944466,-0.857576,-0.514343,-0.003738,0.401584,-0.664994,-0.629693,0.321392,-0.541511,0.776835
0.90772,0.767067,1.07966,-0.857576,-0.482046,-0.179428,0.401584,-0.409522,-0.819159,0.321392,-0.774547,0.544779
0.90772,0.682698,1.19282,-0.857576,-0.391607,-0.333477,0.401584,-0.104656,-0.909823,0.321392,-0.914161,0.247014
0.90772,0.564715,1.2703,-0.857576,-0.253934,-0.447303,0.401584,0.212833,-0.890748,0.321392,-0.943514,-0.0805446
0.883612,0.00722796,0.855065,0.961642,-0.020631,-0.273531,-0.0812368,0.931016,-0.355822,0.262003,0.364394,0.893628
0.883612,0.0454989,0.72189,0.961642,0.0741664,-0.264091,-0.0812368,0.996567,-0.0159372,0.262003,0.0367798,0.964366
0.883612,0.12701,0.609836,0.961642,0.160018,-0.222798,-0.0812368,0.941918,0.32587,0.262003,-0.295271,0.918787
0.883612,0.241931,0.532418,0.961642,0.226569,-0.154633,-0.0812368,0.773659,0.628373,0.262003,-0.591708,0.762389
0.883612,0.376399,0.498974,0.961642,0.265793,-0.0678157,-0.0812368,0.512086,0.855084,0.262003,-0.816776,0.514035
0.883612,0.514197,0.513538,0.961642,0.272958,0.0271806,-0.0812368,0.188747,0.97866,0.262003,-0.943328,0.203681
0.883612,0.638703,0.574353,0.961642,0.2472,0.118899,-0.0812368,-0.157357,0.984195,0.262003,-0.956102,-0.131239
0.883612,0.7349,0.674084,0.961642,0.191627,0.196276,-0.0812368,-0.484482,0.871021,0.262003,-0.853555,-0.450331
0.883612,0.791186,0.800702,0.961642,0.11294,0.249979,-0.0812368,-0.753171,0.65279,0.262003,-0.648057,-0.715106
0.883612,0.800772,0.938935,0.961642,0.020631,0.273531,-0.0812368,-0.931016,0.355822,0.262003,-0.364394,-0.893628
0.883612,0.762501,1.07211,0.961642,-0.0741664,0.264091,-0.0812368,-0.996567,0.0159372,0.262003,-0.0367798,-0.964366
0.883612,0.68099,1.18416,0.961642,-0.160018,0.222798,-0.0812368,-0.941918,-0.32587,0.262003,0.295271,-0.918787
0.883612,0.566069,1.26158,0.961642,-0.226569,0.154633,-0.0812368,-0.773659,-0.628373,0.262003,0.591708,-0.762389
0.883612,0.431601,1.29503,0.961642,-0.265793,0.0678157,-0.0812368,-0.512086,-0.855084,0.262003,0.816776,-0.514035
0.883612,0.293803,1.28046,0.961642,-0.272958,-0.0271806,-0.0812368,-0.188747,-0.97866,0.262003,0.943328,-0.203681
0.883612,0.169297,1.21965,0.961642,-0.2472,-0.118899,-0.0812368,0.157357,-0.984195,0.262003,0.956102,0.131239
0.883612,0.0730995,1.11992,0.961642,-0.191627,-0.196276,-0.0812368,0.484482,-0.871021,0.262003,0.853555,0.450331
0.883612,0.0168136,0.993298,0.961642,-0.11294,-0.249979,-0.0812368,0.753171,-0.65279,0.262003,0.648057,0.715106
0.883612,0.00722796,0.855065,0.961642,-0.020631,-0.273531,-0.0812368,0.931016,-0.355822,0.262003,0.364394,0.893628
0.763622,0.0694463,0.885481,0.856221,-0.3086,-0.414309,0.156285,0.919128,-0.361634,0.492403,0.244888,0.835206
0.763622,0.0935621,0.771752,0.856221,-0.148287,-0.494871,0.156285,0.987384,-0.0254647,0.492403,-0.0555377,0.868593
0.763622,0.155121,0.673129,0.856221,0.0299112,-0.515744,0.156285,0.936547,0.313776,0.492403,-0.349265,0.797216
0.763622,0.246699,0.601509,0.856221,0.204502,-0.47441,0.156285,0.772748,0.615171,0.492403,-0.600865,0.629682
0.763622,0.357249,0.565529,0.856221,0.354427,-0.375856,0.156285,0.515745,0.842367,0.492403,-0.779993,0.3862
0.763622,0.473439,0.569529,0.856221,0.461603,-0.231968,0.156285,0.196535,0.967961,0.492403,-0.865042,0.0961357
0.763622,0.581252,0.613027,0.856221,0.513102,-0.0601012,0.156285,-0.14638,0.976805,0.492403,-0.845754,-0.205524
0.763622,0.667687,0.690777,0.856221,0.502714,0.119015,0.156285,-0.471639,0.867832,0.492403,-0.724455,-0.482394
0.763622,0.722317,0.7934,0.856221,0.431691,0.283776,0.156285,-0.740011,0.654185,0.492403,-0.515777,-0.70108
0.763622,0.738554,0.908519,0.856221,0.3086,0.414309,0.156285,-0.919128,0.361634,0.492403,-0.244888,-0.835206
0.763622,0.714438,1.02225,0.856221,0.148287,0.494871,0.156285,-0.987384,0.0254647,0.492403,0.0555377,-0.868593
0.763622,0.652879,1.12087,0.856221,-0.0299112,0.515744,0.156285,-0.936547,-0.313776,0.492403,0.349265,-0.797216
0.763622,0.561301,1.19249,0.856221,-0.204502,0.47441,0.156285,-0.772748,-0.615171,0.492403,0.600865,-0.629682
0.763622,0.450751,1.22847,0.856221,-0.354427,0.375856,0.156285,-0.515745,-0.842367,0.492403,0.779993,-0.3862
0.763622,0.334561,1.22447,0.856221,-0.461603,0.231968,0.156285,-0.196535,-0.967961,0.492403,0.865042,-0.0961357
0.763622,0.226748,1.18097,0.856221,-0.513102,0.0601012,0.156285,0.14638,-0.976805,0.492403,0.845754,0.205524
0.763622,0.140313,1.10322,0.856221,-0.502714,-0.119015,0.156285,0.471639,-0.867832,0.492403,0.724455,0.482394
0.763622,0.0856827,1.0006,0.856221,-0.431691,-0.283776,0.156285,0.740011,-0.654185,0.492403,0.515777,0.70108
0.763622,0.0694463,0.885481,0.856221,-0.3086,-0.414309,0.156285,0.919128,-0.361634,0.492403,0.244888,0.835206
0.674556,0.164781,0.932087,0.647527,-0.54681,-0.530761,0.374957,0.834973,-0.402774,0.663413,0.0617942,0.745698
0.674556,0.167208,0.848153,0.647527,-0.332303,-0.685773,0.374957,0.922375,-0.0929064,0.663413,-0.196976,0.721862
0.674556,0.198194,0.770112,0.647527,-0.0777142,-0.75807,0.374957,0.898525,0.228167,0.663413,-0.431988,0.610958
0.674556,0.254004,0.707374,0.647527,0.186248,-0.738932,0.374957,0.766299,0.521721,0.663413,-0.614896,0.426364
0.674556,0.327906,0.667509,0.647527,0.427745,-0.630669,0.374957,0.541647,0.752347,0.663413,-0.723639,0.190344
0.674556,0.410986,0.655323,0.647527,0.617651,-0.446337,0.374957,0.251664,0.892229,0.663413,-0.745099,-0.0686337
0.674556,0.493223,0.672287,0.647527,0.733058,-0.208171,0.374957,-0.0686738,0.924495,0.663413,-0.67669,-0.319334
0.674556,0.564699,0.716355,0.647527,0.760048,0.0551039,0.374957,-0.380728,0.845253,0.663413,-0.526662,-0.531517
0.674556,0.616791,0.782211,0.647527,0.695365,0.311732,0.374957,-0.646861,0.664062,0.663413,-0.313111,-0.679592
0.674556,0.643219,0.861913,0.647527,0.54681,0.530761,0.374957,-0.834973,0.402774,0.663413,-0.0617942,-0.745698
0.674556,0.640792,0.945847,0.647527,0.332303,0.685773,0.374957,-0.922375,0.0929064,0.663413,0.196976,-0.721862
0.674556,0.609806,1.02389,0.647527,0.0777142,0.75807,0.374957,-0.898525,-0.228167,0.663413,0.431988,-0.610958
0.674556,0.553996,1.08663,0.647527,-0.186248,0.738932,0.374957,-0.766299,-0.521721,0.663413,0.614896,-0.426364
0.674556,0.480094,1.12649,0.647527,-0.427745,0.630669,0.374957,-0.541647,-0.752347,0.663413,0.723639,-0.190344
0.674556,0.397014,1.13868,0.647527,-0.617651,0.446337,0.374957,-0.251664,-0.892229,0.663413,0.745099,0.0686337
0.674556,0.314777,1.12171,0.647527,-0.733058,0.208171,0.374957,0.0686738,-0.924495,0.663413,0.67669,0.319334
0.674556,0.243301,1.07764,0.647527,-0.760048,-0.0551039,0.374957,0.380728,-0.845253,0.663413,0.526662,0.531517
0.674556,0.191209,1.01179,0.647527,-0.695365,-0.311732,0.374957,0.646861,-0.664062,0.663413,0.313111,0.679592
0.674556,0.164781,0.932087,0.647527,-0.54681,-0.530761,0.374957,0.834973,-0.402774,0.663413,0.0617942,0.745698
0.627155,0.281735,0.989261,0.360731,-0.706529,-0.608842,0.548404,0.688702,-0.474281,0.754404,-0.162804,0.6359
0.627155,0.257553,0.94188,0.360731,-0.455684,-0.813772,0.548404,0.809382,-0.210128,0.754404,-0.370476,0.541868
0.627155,0.251035,0.889086,0.360731,-0.149877,-0.920549,0.548404,0.832438,0.0793694,0.754404,-0.533463,0.38248
0.627155,0.262967,0.837246,0.360731,0.174008,-0.916294,0.548404,0.75509,0.359294,0.754404,-0.632107,0.176958
0.627155,0.291909,0.792613,0.360731,0.476905,-0.80152,0.548404,0.586667,0.595882,0.754404,-0.65451,-0.0499073
0.627155,0.334372,0.760571,0.360731,0.72228,-0.590071,0.548404,0.347483,0.760598,0.754404,-0.597969,-0.270753
0.627155,0.385232,0.744984,0.360731,0.880538,-0.307451,0.548404,0.0663878,0.833574,0.754404,-0.469304,-0.458942
0.627155,0.438356,0.747733,0.360731,0.932589,0.0122519,0.548404,-0.222715,0.806009,0.754404,-0.284034,-0.591776
0.627155,0.487337,0.768486,0.360731,0.872157,0.330477,0.548404,-0.484955,0.681228,0.754404,-0.0645053,-0.653233
0.627155,0.526265,0.804739,0.360731,0.706529,0.608842,0.548404,-0.688702,0.474281,0.754404,0.162804,-0.6359
0.627155,0.550447,0.85212,0.360731,0.455684,0.813772,0.548404,-0.809382,0.210128,0.754404,0.370476,-0.541868
0.627155,0.556965,0.904914,0.360731,0.149877,0.920549,0.548404,-0.832438,-0.0793694,0.754404,0.533463,-0.38248
0.627155,0.545033,0.956754,0.360731,-0.174008,0.916294,0.548404,-0.75509,-0.359294,0.754404,0.632107,-0.176958
0.627155,0.516091,1.00139,0.360731,-0.476905,0.80152,0.548404,-0.586667,-0.595882,0.754404,0.65451,0.0499073
0.627155,0.473628,1.03343,0.360731,-0.72228,0.590071,0.548404,-0.347483,-0.760598,0.754404,0.597969,0.270753
0.627155,0.422768,1.04902,0.360731,-0.880538,0.307451,0.548404,-0.0663878,-0.833574,0.754404,0.469304,0.458942
0.627155,0.369644,1.04627,0.360731,-0.932589,-0.0122519,0.548404,0.222715,-0.806009,0.754404,0.284034,0.591776
0.627155,0.320663,1.02551,0.360731,-0.872157,-0.330477,0.548404,0.484955,-0.681228,0.754404,0.0645053,0.653233
0.627155,0.281735,0.989261,0.360731,-0.706529,-0.608842,0.548404,0.688702,-0.474281,0.754404,-0.162804,0.6359
0.627137,0.406199,1.05011,0.0304265,-0.768493,-0.639134,0.655705,0.497959,-0.567529,0.754404,-0.401815,0.519056
0.627137,0.353701,1.04163,0.0304265,-0.503551,-0.86343,0.655705,0.662034,-0.362991,0.754404,-0.55511,0.350324
0.627137,0.307269,1.0157,0.0304265,-0.177872,-0.983583,0.655705,0.746259,-0.114671,0.754404,-0.641451,0.139338
0.627137,0.272505,0.975459,0.0304265,0.16926,-0.985102,0.655705,0.740473,0.14748,0.754404,-0.650423,-0.0884545
0.627137,0.2536,0.925753,0.0304265,0.495977,-0.867802,0.655705,0.645376,0.391843,0.754404,-0.580945,-0.305578
0.627137,0.252837,0.872579,0.0304265,0.762872,-0.645834,0.655705,0.472437,0.588944,0.754404,-0.441396,-0.485844
0.627137,0.270305,0.822351,0.0304265,0.937753,-0.345967,0.655705,0.242515,0.715009,0.754404,-0.248608,-0.60751
0.627137,0.303899,0.781127,0.0304265,0.999527,-0.00437269,0.655705,-0.016658,0.754834,0.754404,-0.0258342,-0.655902
0.627137,0.349567,0.753878,0.0304265,0.940744,0.33775,0.655705,-0.273822,0.703614,0.754404,0.200055,-0.625182
0.627137,0.401801,0.743892,0.0304265,0.768493,0.639134,0.655705,-0.497959,0.567529,0.754404,0.401815,-0.519056
0.627137,0.454299,0.752374,0.0304265,0.503551,0.86343,0.655705,-0.662034,0.362991,0.754404,0.55511,-0.350324
0.627137,0.500731,0.778299,0.0304265,0.177872,0.983583,0.655705,-0.746259,0.114671,0.754404,0.641451,-0.139338
0.627137,0.535495,0.818541,0.0304265,-0.16926,0.985102,0.655705,-0.740473,-0.14748,0.754404,0.650423,0.0884545
0.627137,0.5544,0.868247,0.0304265,-0.495977,0.867802,0.655705,-0.645376,-0.391843,0.754404,0.580945,0.305578
0.627137,0.555163,0.921421,0.0304265,-0.762872,0.645834,0.655705,-0.472437,-0.588944,0.754404,0.441396,0.485844
0.627137,0.537695,0.971649,0.0304265,-0.937753,0.345967,0.655705,-0.242515,-0.715009,0.754404,0.248608,0.60751
0.627137,0.504101,1.01287,0.0304265,-0.999527,0.00437269,0.655705,0.016658,-0.754834,0.754404,0.0258342,0.655902
0.627137,0.458433,1.04012,0.0304265,-0.940744,-0.33775,0.655705,0.273822,-0.703614,0.754404,-0.200055,0.625182
0.627137,0.406199,1.05011,0.0304265,-0.768493,-0.639134,0.655705,0.497959,-0.567529,0.754404,-0.401815,0.519056
0.674504,0.523164,1.10729,-0.303548,-0.725228,-0.617983,0.683918,0.285748,-0.671271,0.663411,-0.626413,0.409258
0.674504,0.444055,1.13536,-0.303548,-0.470128,-0.828757,0.683918,0.498103,-0.533057,0.663411,-0.72861,0.170331
0.674504,0.360115,1.13469,-0.303548,-0.158325,-0.93957,0.683918,0.65038,-0.330548,0.663411,-0.742926,-0.0891406
0.674504,0.281468,1.10534,-0.303548,0.172575,-0.937057,0.683918,0.724211,-0.0881707,0.663411,-0.667634,-0.33786
0.674504,0.2176,1.05087,-0.303548,0.48266,-0.821522,0.683918,0.710692,0.164842,0.663411,-0.511816,-0.545829
0.674504,0.176215,0.977837,-0.303548,0.734529,-0.606898,0.683918,0.611453,0.397971,0.663411,-0.294265,-0.687963
0.674504,0.162304,0.895055,-0.303548,0.897803,-0.319074,0.683918,0.438464,0.5831,0.663411,-0.0412214,-0.747119
0.674504,0.177545,0.812508,-0.303548,0.952789,0.00723526,0.683918,0.212589,0.697898,0.663411,0.216794,-0.71616
0.674504,0.2201,0.740151,-0.303548,0.892854,0.332672,0.683918,-0.0389268,0.72852,0.663411,0.448661,-0.598823
0.674504,0.284836,0.686713,-0.303548,0.725228,0.617983,0.683918,-0.285748,0.671271,0.663411,0.626413,-0.409258
0.674504,0.363945,0.658638,-0.303548,0.470128,0.828757,0.683918,-0.498103,0.533057,0.663411,0.72861,-0.170331
0.674504,0.447885,0.659314,-0.303548,0.158325,0.93957,0.683918,-0.65038,0.330548,0.663411,0.742926,0.0891406
0.674504,0.526532,0.688658,-0.303548,-0.172575,0.937057,0.683918,-0.724211,0.0881707,0.663411,0.667634,0.33786
0.674504,0.5904,0.743131,-0.303548,-0.48266,0.821522,0.683918,-0.710692,-0.164842,0.663411,0.511816,0.545829
0.674504,0.631785,0.816163,-0.303548,-0.734529,0.606898,0.683918,-0.611453,-0.397971,0.663411,0.294265,0.687963
0.674504,0.645696,0.898945,-0.303548,-0.897803,0.319074,0.683918,-0.438464,-0.5831,0.663411,0.0412214,0.747119
0.674504,0.630455,0.981492,-0.303548,-0.952789,-0.00723526,0.683918,-0.212589,-0.697898,0.663411,-0.216794,0.71616
0.674504,0.5879,1.05385,-0.303548,-0.892854,-0.332672,0.683918,0.0389268,-0.72852,0.663411,-0.448661,0.598823
0.674504,0.523164,1.10729,-0.303548,-0.725228,-0.617983,0.683918,0.285748,-0.671271,0.663411,-0.626413,0.409258
0.763543,0.61852,1.1539,-0.60091,-0.581952,-0.547941,0.629641,0.0776656,-0.772995,0.492402,-0.809506,0.31975
0.763543,0.517716,1.21178,-0.60091,-0.359449,-0.713935,0.629641,0.337362,-0.699814,0.492402,-0.870048,0.0235995
0.763543,0.403197,1.23169,-0.60091,-0.0935913,-0.793818,0.629641,0.556367,-0.542226,0.492402,-0.825649,-0.275398
0.763543,0.288775,1.21123,-0.60091,0.183555,-0.777955,0.629641,0.708266,-0.319237,0.492402,-0.681665,-0.541178
0.763543,0.188251,1.15287,-0.60091,0.438561,-0.668259,0.629641,0.774738,-0.0577435,0.492402,-0.455462,-0.741684
0.763543,0.113749,1.06365,-0.60091,0.640671,-0.477961,0.629641,0.747765,0.210715,0.492402,-0.174323,-0.852732
0.763543,0.0742554,0.954328,-0.60091,0.765506,-0.230014,0.629641,0.6306,0.453758,0.492402,0.127841,-0.860928
0.763543,0.0745341,0.838091,-0.60091,0.79801,0.0456757,0.629641,0.437376,0.642071,0.492402,0.414586,-0.765284
0.763543,0.114551,0.72896,-0.60091,0.734262,0.315857,0.629641,0.191398,0.752941,0.492402,0.651326,-0.577334
0.763543,0.18948,0.640097,-0.60091,0.581952,0.547941,0.629641,-0.0776656,0.772995,0.492402,0.809506,-0.31975
0.763543,0.290284,0.58222,-0.60091,0.359449,0.713935,0.629641,-0.337362,0.699814,0.492402,0.870048,-0.0235995
0.763543,0.404803,0.56231,-0.60091,0.0935913,0.793818,0.629641,-0.556367,0.542226,0.492402,0.825649,0.275398
0.763543,0.519225,0.582769,-0.60091,-0.183555,0.777955,0.629641,-0.708266,0.319237,0.492402,0.681665,0.541178
0.763543,0.619749,0.641129,-0.60091,-0.438561,0.668259,0.629641,-0.774738,0.0577435,0.492402,0.455462,0.741684
0.763543,0.694251,0.73035,-0.60091,-0.640671,0.477961,0.629641,-0.747765,-0.210715,0.492402,0.174323,0.852732
0.763543,0.733745,0.839672,-0.60091,-0.765506,0.230014,0.629641,-0.6306,-0.453758,0.492402,-0.127841,0.860928
0.763543,0.733466,0.955909,-0.60091,-0.79801,-0.0456757,0.629641,-0.437376,-0.642071,0.492402,-0.414586,0.765284
0.763543,0.693449,1.06504,-0.60091,-0.734262,-0.315857,0.629641,-0.191398,-0.752941,0.492402,-0.651326,0.577334
0.763543,0.61852,1.1539,-0.60091,-0.581952,-0.547941,0.629641,0.0776656,-0.772995,0.492402,-0.809506,0.31975
0.883514,0.680766,1.18433,-0.825794,-0.355946,-0.437455,0.499419,-0.10119,-0.860431,0.262001,-0.929012,0.261328
0.883514,0.565801,1.26166,-0.825794,-0.184861,-0.532814,0.499419,0.199197,-0.843149,0.262001,-0.962365,-0.0721725
0.883514,0.431321,1.29501,-0.825794,0.00852004,-0.563907,0.499419,0.475558,-0.724172,0.262001,-0.879643,-0.396968
0.883514,0.293545,1.28035,-0.825794,0.200874,-0.526986,0.499419,0.69456,-0.517848,0.262001,-0.690823,-0.673884
0.883514,0.169092,1.21946,-0.825794,0.368999,-0.426501,0.499419,0.829787,-0.249065,0.262001,-0.418679,-0.869519
0.883514,0.0729719,1.11967,-0.825794,0.492618,-0.274575,0.499419,0.86493,0.0497596,0.262001,-0.0960369,-0.960277
0.883514,0.0167789,0.99302,-0.825794,0.55682,-0.0895309,0.499419,0.79575,0.342582,0.262001,0.238189,-0.935212
0.883514,0.00729053,0.854792,-0.825794,0.553861,0.106312,0.499419,0.63059,0.594085,0.262001,0.543686,-0.797346
0.883514,0.0456511,0.721654,-0.825794,0.484098,0.289332,0.499419,0.389372,0.773931,0.262001,0.783606,-0.563309
0.883514,0.127234,0.609667,-0.825794,0.355946,0.437455,0.499419,0.10119,0.860431,0.262001,0.929012,-0.261328
0.883514,0.242199,0.532335,-0.825794,0.184861,0.532814,0.499419,-0.199197,0.843149,0.262001,0.962365,0.0721725
0.883514,0.376679,0.498988,-0.825794,-0.00852004,0.563907,0.499419,-0.475558,0.724172,0.262001,0.879643,0.396968
0.883514,0.514455,0.513647,-0.825794,-0.200874,0.526986,0.499419,-0.69456,0.517848,0.262001,0.690823,0.673884
0.883514,0.638908,0.574544,-0.825794,-0.368999,0.426501,0.499419,-0.829787,0.249065,0.262001,0.418679,0.869519
0.883514,0.735028,0.674334,-0.825794,-0.492618,0.274575,0.499419,-0.86493,-0.0497596,0.262001,0.0960369,0.960277
0.883514,0.791221,0.80098,-0.825794,-0.55682,0.0895309,0.499419,-0.79575,-0.342582,0.262001,-0.238189,0.935212
0.883514,0.800709,0.939208,-0.825794,-0.553861,-0.106312,0.499419,-0.63059,-0.594085,0.262001,-0.543686,0.797346
0.883514,0.762349,1.07235,-0.825794,-0.484098,-0.289332,0.499419,-0.389372,-0.773931,0.262001,-0.783606,0.563309
0.883514,0.680766,1.18433,-0.825794,-0.355946,-0.437455,0.499419,-0.10119,-0.860431,0.262001,-0.929012,0.261328
0.875863,0.05164,0.71574,0.985232,0.00149545,-0.171221,-0.00862081,0.999127,-0.0408791,0.17101,0.0417514,0.984384
0.875863,0.134885,0.606157,0.985232,0.0599662,-0.160383,-0.00862081,0.952854,0.303308,0.17101,-0.297446,0.939298
0.875863,0.250588,0.531654,0.985232,0.111204,-0.130201,-0.00862081,0.791652,0.610911,0.17101,-0.600767,0.780919
0.875863,0.384796,0.501217,0.985232,0.149029,-0.0843153,-0.00862081,0.534966,0.84483,0.17101,-0.831626,0.52835
0.875863,0.52132,0.518518,0.985232,0.168879,-0.0282594,-0.00862081,0.213755,0.976849,0.17101,-0.962179,0.212054
0.875863,0.643693,0.581469,0.985232,0.16836,0.0312049,-0.00862081,-0.133239,0.991047,0.17101,-0.976679,-0.129819
0.875863,0.737156,0.682477,0.985232,0.147534,0.0869055,-0.00862081,-0.464161,0.885709,0.17101,-0.873377,-0.456034
0.875863,0.790435,0.809361,0.985232,0.108913,0.132124,-0.00862081,-0.739099,0.673542,0.17101,-0.664733,-0.727245
0.875863,0.797105,0.946815,0.985232,0.0571557,0.161406,-0.00862081,-0.924891,0.380135,0.17101,-0.375913,-0.910739
0.875863,0.75636,1.07826,0.985232,-0.00149545,0.171221,-0.00862081,-0.999127,0.0408791,0.17101,-0.0417514,-0.984384
0.875863,0.673115,1.18784,0.985232,-0.0599662,0.160383,-0.00862081,-0.952854,-0.303308,0.17101,0.297446,-0.939298
0.875863,0.557412,1.26235,0.985232,-0.111204,0.130201,-0.00862081,-0.791652,-0.610911,0.17101,0.600767,-0.780919
0.875863,0.423204,1.29278,0.985232,-0.149029,0.0843153,-0.00862081,-0.534966,-0.84483,0.17101,0.831626,-0.52835
0.875863,0.28668,1.27548,0.985232,-0.168879,0.0282594,-0.00862081,-0.213755,-0.976849,0.17101,0.962179,-0.212054
0.875863,0.164307,1.21253,0.985232,-0.16836,-0.0312049,-0.00862081,0.133239,-0.991047,0.17101,0.976679,0.129819
0.875863,0.0708442,1.11152,0.985232,-0.147534,-0.0869055,-0.00862081,0.464161,-0.885709,0.17101,0.873377,0.456034
0.875863,0.0175649,0.984639,0.985232,-0.108913,-0.132124,-0.00862081,0.739099,-0.673542,0.17101,0.664733,0.727245
0.875863,0.0108953,0.847185,0.985232,-0.0571557,-0.161406,-0.00862081,0.924891,-0.380135,0.17101,0.375913,0.910739
0.875863,0.05164,0.71574,0.985232,0.00149545,-0.171221,-0.00862081,0.999127,-0.0408791,0.17101,0.0417514,0.984384
0.749059,0.117393,0.747884,0.900555,-0.297234,-0.317259,0.292759,0.954116,-0.0628832,0.321393,-0.0362506,0.946252
0.749059,0.185678,0.658852,0.900555,-0.170799,-0.399786,0.292759,0.918083,0.267236,0.321393,-0.357702,0.876787
0.749059,0.280296,0.598543,0.900555,-0.0237643,-0.434092,0.292759,0.771316,0.565123,0.321393,-0.636009,0.70157
0.749059,0.389835,0.574233,0.900555,0.126137,-0.416041,0.292759,0.531517,0.794847,0.321393,-0.837603,0.441732
0.749059,0.501082,0.588854,0.900555,0.260825,-0.34781,0.292759,0.227608,0.928702,0.321393,-0.938171,0.128615
0.749059,0.600619,0.640641,0.900555,0.364053,-0.237627,0.292759,-0.103753,0.950541,0.321393,-0.925581,-0.200015
0.749059,0.676442,0.723349,0.900555,0.423371,-0.0987826,0.292759,-0.4226,0.857731,0.321393,-0.801353,-0.50452
0.749059,0.719403,0.827002,0.900555,0.431624,0.0519761,0.292759,-0.690475,0.661465,0.321393,-0.580469,-0.748172
0.749059,0.724323,0.939098,0.900555,0.387817,0.196466,0.292759,-0.875069,0.385418,0.321393,-0.289573,-0.901584
0.749059,0.690607,1.04612,0.900555,0.297234,0.317259,0.292759,-0.954116,0.0628832,0.321393,0.0362506,-0.946252
0.749059,0.622322,1.13515,0.900555,0.170799,0.399786,0.292759,-0.918083,-0.267236,0.321393,0.357702,-0.876787
0.749059,0.527704,1.19546,0.900555,0.0237643,0.434092,0.292759,-0.771316,-0.565123,0.321393,0.636009,-0.70157
0.749059,0.418165,1.21977,0.900555,-0.126137,0.416041,0.292759,-0.531517,-0.794847,0.321393,0.837603,-0.441732
0.749059,0.306918,1.20515,0.900555,-0.260825,0.34781,0.292759,-0.227608,-0.928702,0.321393,0.938171,-0.128615
0.749059,0.207381,1.15336,0.900555,-0.364053,0.237627,0.292759,0.103753,-0.950541,0.321393,0.925581,0.200015
0.749059,0.131558,1.07065,0.900555,-0.423371,0.0987826,0.292759,0.4226,-0.857731,0.321393,0.801353,0.50452
0.749059,0.0885965,0.966998,0.900555,-0.431624,-0.0519761,0.292759,0.690475,-0.661465,0.321393,0.580469,0.748172
0.749059,0.0836769,0.854902,0.900555,-0.387817,-0.196466,0.292759,0.875069,-0.385418,0.321393,0.289573,0.901584
0.749059,0.117393,0.747884,0.900555,-0.297234,-0.317259,0.292759,0.954116,-0.0628832,0.321393,-0.0362506,0.946252
0.654934,0.218144,0.797138,0.707258,-0.551929,-0.44177,0.558827,0.819216,-0.128831,0.433011,-0.155756,0.88783
0.654934,0.263507,0.739593,0.707258,-0.367549,-0.603899,0.558827,0.813874,0.159127,0.433011,-0.450019,0.781015
0.654934,0.325816,0.701035,0.707258,-0.138838,-0.693189,0.558827,0.710367,0.427891,0.433011,-0.690002,0.579999
0.654934,0.397555,0.686112,0.707258,0.10662,-0.698869,0.558827,0.521179,0.645046,0.433011,-0.846761,0.309026
0.654934,0.470072,0.696626,0.707258,0.339217,-0.620256,0.558827,0.269129,0.784399,0.433011,-0.901388,0.000779996
0.654934,0.534619,0.731308,0.707258,0.5309,-0.466831,0.558827,-0.0153814,0.829141,0.433011,-0.847295,-0.30756
0.654934,0.583412,0.785975,0.707258,0.658549,-0.257099,0.558827,-0.298037,0.773877,0.433011,-0.691005,-0.578804
0.654934,0.610565,0.854033,0.707258,0.706766,-0.0163576,0.558827,-0.544745,0.625272,0.433011,-0.45137,-0.780235
0.654934,0.612803,0.927273,0.707258,0.669738,0.226357,0.558827,-0.725748,0.40125,0.433011,-0.157293,-0.887559
0.654934,0.589856,0.996862,0.707258,0.551929,0.44177,0.558827,-0.819216,0.128831,0.433011,0.155756,-0.88783
0.654934,0.544493,1.05441,0.707258,0.367549,0.603899,0.558827,-0.813874,-0.159127,0.433011,0.450019,-0.781015
0.654934,0.482184,1.09297,0.707258,0.138838,0.693189,0.558827,-0.710367,-0.427891,0.433011,0.690002,-0.579999
0.654934,0.410445,1.10789,0.707258,-0.10662,0.698869,0.558827,-0.521179,-0.645046,0.433011,0.846761,-0.309026
0.654934,0.337928,1.09737,0.707258,-0.339217,0.620256,0.558827,-0.269129,-0.784399,0.433011,0.901388,-0.000779996
0.654934,0.273381,1.06269,0.707258,-0.5309,0.466831,0.558827,0.0153814,-0.829141,0.433011,0.847295,0.30756
0.654934,0.224588,1.00803,0.707258,-0.658549,0.257099,0.558827,0.298037,-0.773877,0.433011,0.691005,0.578804
0.654934,0.197435,0.939967,0.707258,-0.706766,0.0163576,0.558827,0.544745,-0.625272,0.433011,0.45137,0.780235
