0.658953,0.583695,1.00922,0.308961,0.656151,-0.688483,0.951075,-0.213156,0.223654,-3.49349e-06,-0.723899,-0.689906
0.907818,0.404931,1.26491,0.92986,-0.366079,-0.0367054,-0.179072,-0.363174,-0.914351,0.321394,0.856791,-0.403255
0.907818,0.267374,1.23322,0.92986,-0.331448,-0.159698,-0.179072,-0.0285452,-0.983422,0.321394,0.943042,-0.0858961
0.907818,0.148949,1.1564,0.92986,-0.256839,-0.263429,-0.179072,0.309526,-0.933877,0.321394,0.915547,0.241823
0.907818,0.0639409,1.04371,0.92986,-0.151252,-0.335387,-0.179072,0.610264,-0.771693,0.321394,0.777625,0.540375
0.907818,0.0226023,0.908736,0.92986,-0.0274212,-0.366891,-0.179072,0.837396,-0.516432,0.321394,0.545909,0.77375
0.907818,0.0299194,0.767766,0.92986,0.0997168,-0.354144,-0.179072,0.963525,-0.198881,0.321394,0.248349,0.913799
0.907818,0.0850097,0.637801,0.92986,0.214827,-0.298681,-0.179072,0.973438,0.142658,0.321394,-0.0791663,0.94363
0.907818,0.181228,0.534515,0.92986,0.304027,-0.207193,-0.179072,0.865941,0.46699,0.321394,-0.397133,0.859646
0.907818,0.30697,0.470367,0.92986,0.356556,-0.0907146,-0.179072,0.653998,0.734996,0.321394,-0.667199,0.671976
0.907818,0.447069,0.453094,0.92986,0.366079,0.0367054,-0.179072,0.363174,0.914351,0.321394,-0.856791,0.403255
0.907818,0.584626,0.484779,0.92986,0.331448,0.159698,-0.179072,0.0285452,0.983422,0.321394,-0.943042,0.0858961
0.907818,0.703051,0.561601,0.92986,0.256839,0.263429,-0.179072,-0.309526,0.933877,0.321394,-0.915547,-0.241823
0.907818,0.788059,0.674293,0.92986,0.151252,0.335387,-0.179072,-0.610264,0.771693,0.321394,-0.777625,-0.540375
0.907818,0.829398,0.809264,0.92986,0.0274212,0.366891,-0.179072,-0.837396,0.516432,0.321394,-0.545909,-0.77375
0.907818,0.822081,0.950234,0.92986,-0.0997168,0.354144,-0.179072,-0.963525,0.198881,0.321394,-0.248349,-0.913799
0.907818,0.76699,1.0802,0.92986,-0.214827,0.298681,-0.179072,-0.973438,-0.142658,0.321394,0.0791663,-0.94363
0.907818,0.670772,1.18348,0.92986,-0.304027,0.207193,-0.179072,-0.865941,-0.46699,0.321394,0.397133,-0.859646
0.907818,0.54503,1.24763,0.92986,-0.356556,0.0907146,-0.179072,-0.653998,-0.734996,0.321394,0.667199,-0.671976
0.907818,0.404931,1.26491,0.92986,-0.366079,-0.0367054,-0.179072,-0.363174,-0.914351,0.321394,0.856791,-0.403255
0.809114,0.444232,1.22367,0.796489,-0.576088,0.183651,-0.0275851,-0.338034,-0.940729,0.604023,0.744215,-0.285132
0.809114,0.318409,1.20791,0.796489,-0.604158,-0.0244579,-0.0275851,0.00410026,-0.999611,0.604023,0.796854,-0.0133999
0.809114,0.205562,1.15007,0.796489,-0.559357,-0.229617,-0.0275851,0.34574,-0.937925,0.604023,0.753381,0.259948
0.809114,0.119304,1.05712,0.796489,-0.44709,-0.407081,-0.0275851,0.645679,-0.763111,0.604023,0.619039,0.501943
0.809114,0.0700378,0.940279,0.796489,-0.280898,-0.535445,-0.0275851,0.867739,-0.496255,0.604023,0.410032,0.683396
0.809114,0.0637059,0.813631,0.796489,-0.0808245,-0.599226,-0.0275851,0.985137,-0.169543,0.604023,0.151569,0.782421
0.809114,0.101072,0.692455,0.796489,0.128997,-0.590732,-0.0275851,0.983713,0.177619,0.604023,-0.125176,0.787075
0.809114,0.177629,0.591367,0.796489,0.32326,-0.510987,-0.0275851,0.863638,0.503356,0.604023,-0.386822,0.696796
0.809114,0.284144,0.52256,0.796489,0.478533,-0.369609,-0.0275851,0.639397,0.768382,0.604023,-0.601813,0.522473
0.809114,0.407768,0.494332,0.796489,0.576088,-0.183651,-0.0275851,0.338034,0.940729,0.604023,-0.744215,0.285132
0.809114,0.533591,0.510088,0.796489,0.604158,0.0244579,-0.0275851,-0.00410026,0.999611,0.604023,-0.796854,0.0133999
0.809114,0.646438,0.567929,0.796489,0.559357,0.229617,-0.0275851,-0.34574,0.937925,0.604023,-0.753381,-0.259948
0.809114,0.732696,0.660876,0.796489,0.44709,0.407081,-0.0275851,-0.645679,0.763111,0.604023,-0.619039,-0.501943
0.809114,0.781962,0.777721,0.796489,0.280898,0.535445,-0.0275851,-0.867739,0.496255,0.604023,-0.410032,-0.683396
0.809114,0.788294,0.904369,0.796489,0.0808245,0.599226,-0.0275851,-0.985137,0.169543,0.604023,-0.151569,-0.782421
0.809114,0.750928,1.02554,0.796489,-0.128997,0.590732,-0.0275851,-0.983713,-0.177619,0.604023,0.125176,-0.787075
0.809114,0.674371,1.12663,0.796489,-0.32326,0.510987,-0.0275851,-0.863638,-0.503356,0.604023,0.386822,-0.696796
0.809114,0.567856,1.19544,0.796489,-0.478533,0.369609,-0.0275851,-0.639397,-0.768382,0.604023,0.601813,-0.522473
0.809114,0.444232,1.22367,0.796489,-0.576088,0.183651,-0.0275851,-0.338034,-0.940729,0.604023,0.744215,-0.285132
0.735846,0.504453,1.16048,0.567051,-0.741961,0.357698,0.127229,-0.350156,-0.928011,0.813797,0.571739,-0.104157
0.735846,0.39661,1.16913,0.567051,-0.819555,0.0823604,0.127229,-0.0116404,-0.991805,0.813797,0.572883,0.0976706
0.735846,0.292311,1.14038,0.567051,-0.798298,-0.202911,0.127229,0.328279,-0.935973,0.813797,0.504928,0.287718
0.735846,0.204137,1.07768,0.567051,-0.680756,-0.463708,0.127229,0.628603,-0.767249,0.813797,0.376072,0.443062
0.735846,0.142723,0.988613,0.567051,-0.481104,-0.668575,0.127229,0.853108,-0.505983,0.813797,0.201856,0.544966
0.735846,0.115477,0.88391,0.567051,-0.223423,-0.792802,0.127229,0.974716,-0.183689,0.813797,0.00329325,0.58114
0.735846,0.125684,0.776202,0.567051,0.061205,-0.821406,0.127229,0.978759,0.160762,0.813797,-0.195667,0.547219
0.735846,0.172114,0.678482,0.567051,0.338451,-0.750935,0.127229,0.864749,0.485822,0.813797,-0.371027,0.447296
0.735846,0.249166,0.602534,0.567051,0.574875,-0.589891,0.127229,0.646437,0.752284,0.813797,-0.501635,0.293422
0.735846,0.347547,0.55752,0.567051,0.741961,-0.357698,0.127229,0.350156,0.928011,0.813797,-0.571739,0.104157
0.735846,0.45539,0.548869,0.567051,0.819555,-0.0823604,0.127229,0.0116404,0.991805,0.813797,-0.572883,-0.0976706
0.735846,0.559689,0.577624,0.567051,0.798298,0.202911,0.127229,-0.328279,0.935973,0.813797,-0.504928,-0.287718
0.735846,0.647863,0.640318,0.567051,0.680756,0.463708,0.127229,-0.628603,0.767249,0.813797,-0.376072,-0.443062
0.735846,0.709277,0.729387,0.567051,0.481104,0.668575,0.127229,-0.853108,0.505983,0.813797,-0.201856,-0.544966
0.735846,0.736523,0.83409,0.567051,0.223423,0.792802,0.127229,-0.974716,0.183689,0.813797,-0.00329325,-0.58114
0.735846,0.726316,0.941798,0.567051,-0.061205,0.821406,0.127229,-0.978759,-0.160762,0.813797,0.195667,-0.547219
0.735846,0.679886,1.03952,0.567051,-0.338451,0.750935,0.127229,-0.864749,-0.485822,0.813797,0.371027,-0.447296
0.735846,0.602834,1.11547,0.567051,-0.574875,0.589891,0.127229,-0.646437,-0.752284,0.813797,0.501635,-0.293422
0.735846,0.504453,1.16048,0.567051,-0.741961,0.357698,0.127229,-0.350156,-0.928011,0.813797,0.571739,-0.104157
0.696852,0.578331,1.08296,0.269218,-0.843692,0.464442,0.266698,-0.398077,-0.877729,0.925416,0.360166,0.117842
0.696852,0.492544,1.12156,0.269218,-0.951659,0.147873,0.266698,-0.0738687,-0.960945,0.925416,0.298141,0.233919
0.696852,0.398732,1.12848,0.269218,-0.944843,-0.186532,0.266698,0.259249,-0.928258,0.925416,0.200156,0.321782
0.696852,0.308208,1.1029,0.269218,-0.824064,-0.498438,0.266698,0.561097,-0.783609,0.925416,0.0780291,0.370833
0.696852,0.231892,1.04791,0.269218,-0.603891,-0.750225,0.266698,0.795269,-0.544445,0.925416,-0.0535091,0.375157
0.696852,0.178989,0.970126,0.269218,-0.31088,-0.911524,0.266698,0.933519,-0.239613,0.925416,-0.178593,0.334231
0.696852,0.155878,0.878941,0.269218,0.0196276,-0.962879,0.266698,0.959173,0.0941199,0.925416,-0.282137,0.252992
0.696852,0.165348,0.785351,0.269218,0.347768,-0.898098,0.266698,0.869137,0.4165,0.925416,-0.35165,0.141238
0.696852,0.206257,0.700645,0.269218,0.633963,-0.724992,0.266698,0.67427,0.688645,0.925416,-0.378749,0.0124491
0.696852,0.273669,0.635038,0.269218,0.843692,-0.464442,0.266698,0.398077,0.877729,0.925416,-0.360166,-0.117842
0.696852,0.359456,0.596444,0.269218,0.951659,-0.147873,0.266698,0.0738687,0.960945,0.925416,-0.298141,-0.233919
0.696852,0.453268,0.589519,0.269218,0.944843,0.186532,0.266698,-0.259249,0.928258,0.925416,-0.200156,-0.321782
0.696852,0.543792,0.615097,0.269218,0.824064,0.498438,0.266698,-0.561097,0.783609,0.925416,-0.0780291,-0.370833
0.696852,0.620108,0.670093,0.269218,0.603891,0.750225,0.266698,-0.795269,0.544445,0.925416,0.0535091,-0.375157
0.696852,0.673011,0.747874,0.269218,0.31088,0.911524,0.266698,-0.933519,0.239613,0.925416,0.178593,-0.334231
0.696852,0.696122,0.839059,0.269218,-0.0196276,0.962879,0.266698,-0.959173,-0.0941199,0.925416,0.282137,-0.252992
0.696852,0.686652,0.932649,0.269218,-0.347768,0.898098,0.266698,-0.869137,-0.4165,0.925416,0.35165,-0.141238
0.696852,0.645743,1.01736,0.269218,-0.633963,0.724992,0.266698,-0.67427,-0.688645,0.925416,0.378749,-0.0124491
0.696852,0.578331,1.08296,0.269218,-0.843692,0.464442,0.266698,-0.398077,-0.877729,0.925416,0.360166,0.117842
0.696834,0.656954,1.00046,-0.061087,-0.869011,0.491008,0.373999,-0.476017,-0.795948,0.925415,0.135014,0.354087
0.696834,0.594642,1.07092,-0.061087,-0.984538,0.164178,0.373999,-0.175079,-0.910754,0.925415,0.00576697,0.378911
0.696834,0.511989,1.11582,-0.061087,-0.981315,-0.182455,0.373999,0.146976,-0.915709,0.925415,-0.124176,0.358032
0.696834,0.418965,1.12974,-0.061087,-0.859731,-0.507081,0.373999,0.451303,-0.810216,0.925415,-0.239141,0.293969
0.696834,0.326789,1.11101,-0.061087,-0.634451,-0.770546,0.373999,0.701196,-0.607,0.925415,-0.325263,0.19445
0.696834,0.24658,1.06188,-0.061087,-0.332646,-0.941071,0.373999,0.866515,-0.33057,0.925415,-0.372153,0.0714765
0.696834,0.188011,0.98828,-0.061087,0.00927981,-0.998089,0.373999,0.927319,-0.0142684,0.925415,-0.374156,-0.0601178
0.696834,0.158147,0.899086,-0.061087,0.350087,-0.934723,0.373999,0.876275,0.303754,0.925415,-0.33103,-0.184461
0.696834,0.160591,0.805058,-0.061087,0.648668,-0.758616,0.373999,0.719539,0.585139,0.925415,-0.247977,-0.286556
0.696834,0.195046,0.717536,-0.061087,0.869011,-0.491008,0.373999,0.476017,0.795948,0.925415,-0.135014,-0.354087
0.696834,0.257358,0.647076,-0.061087,0.984538,-0.164178,0.373999,0.175079,0.910754,0.925415,-0.00576697,-0.378911
0.696834,0.340011,0.602178,-0.061087,0.981315,0.182455,0.373999,-0.146976,0.915709,0.925415,0.124176,-0.358032
0.696834,0.433035,0.588256,-0.061087,0.859731,0.507081,0.373999,-0.451303,0.810216,0.925415,0.239141,-0.293969
0.696834,0.525211,0.60699,-0.061087,0.634451,0.770546,0.373999,-0.701196,0.607,0.925415,0.325263,-0.19445
0.696834,0.60542,0.65612,-0.061087,0.332646,0.941071,0.373999,-0.866515,0.33057,0.925415,0.372153,-0.0714765
0.696834,0.663989,0.72972,-0.061087,-0.00927981,0.998089,0.373999,-0.927319,0.0142684,0.925415,0.374156,0.0601178
0.696834,0.693853,0.818914,-0.061087,-0.350087,0.934723,0.373999,-0.876275,-0.303754,0.925415,0.33103,0.184461
0.696834,0.691409,0.912942,-0.061087,-0.648668,0.758616,0.373999,-0.719539,-0.585139,0.925415,0.247977,0.286556
0.696834,0.656954,1.00046,-0.061087,-0.869011,0.491008,0.373999,-0.476017,-0.795948,0.925415,0.135014,0.354087
0.735794,0.73084,0.922938,-0.384024,-0.814863,0.434193,0.43619,-0.574575,-0.692533,0.813796,-0.0765587,0.576086
0.735794,0.690588,1.02334,-0.384024,-0.914224,0.129308,0.43619,-0.303064,-0.847284,0.813796,-0.268975,0.515159
0.735794,0.618423,1.10393,-0.384024,-0.903315,-0.191173,0.43619,0.00500164,-0.899841,0.813796,-0.428948,0.392096
0.735794,0.523048,1.15497,-0.384024,-0.783454,-0.488596,0.43619,0.312464,-0.843863,0.813796,-0.537184,0.221741
0.735794,0.415969,1.17031,-0.384024,-0.569096,-0.727087,0.43619,0.582238,-0.686103,0.813796,-0.580628,0.0246406
0.735794,0.310099,1.14811,-0.384024,-0.286097,-0.877881,0.43619,0.781786,-0.445589,0.813796,-0.554039,-0.175432
0.735794,0.218208,1.09103,-0.384024,0.0314097,-0.922789,0.43619,0.887039,-0.15133,0.813796,-0.460625,-0.354345
0.735794,0.151381,1.00597,-0.384024,0.345128,-0.856395,0.43619,0.885302,0.161181,0.813796,-0.311653,-0.490518
0.735794,0.117676,0.90318,-0.384024,0.617218,-0.686707,0.43619,0.776784,0.454252,0.813796,-0.125091,-0.567528
0.735794,0.12116,0.795062,-0.384024,0.814863,-0.434193,0.43619,0.574575,0.692533,0.813796,0.0765587,-0.576086
0.735794,0.161412,0.694657,-0.384024,0.914224,-0.129308,0.43619,0.303064,0.847284,0.813796,0.268975,-0.515159
0.735794,0.233577,0.614074,-0.384024,0.903315,0.191173,0.43619,-0.00500164,0.899841,0.813796,0.428948,-0.392096
0.735794,0.328952,0.563032,-0.384024,0.783454,0.488596,0.43619,-0.312464,0.843863,0.813796,0.537184,-0.221741
0.735794,0.436031,0.547689,-0.384024,0.569096,0.727087,0.43619,-0.582238,0.686103,0.813796,0.580628,-0.0246406
0.735794,0.541901,0.569894,-0.384024,0.286097,0.877881,0.43619,-0.781786,0.445589,0.813796,0.554039,0.175432
0.735794,0.633792,0.62697,-0.384024,-0.0314097,0.922789,0.43619,-0.887039,0.15133,0.813796,0.460625,0.354345
0.735794,0.700619,0.712032,-0.384024,-0.345128,0.856395,0.43619,-0.885302,-0.161181,0.813796,0.311653,0.490518
0.735794,0.734324,0.81482,-0.384024,-0.617218,0.686707,0.43619,-0.776784,-0.454252,0.813796,0.125091,0.567528
0.735794,0.73084,0.922938,-0.384024,-0.814863,0.434193,0.43619,-0.574575,-0.692533,0.813796,-0.0765587,0.576086
0.809034,0.791077,0.859732,-0.660642,-0.687781,0.300848,0.44577,-0.681864,-0.579957,0.604021,-0.249035,0.75706
0.809034,0.76881,0.984552,-0.660642,-0.749199,0.04747,0.44577,-0.442386,-0.778193,0.604021,-0.492946,0.626229
0.809034,0.705194,1.09423,-0.660642,-0.720252,-0.211634,0.44577,-0.149549,-0.882567,0.604021,-0.6774,0.419866
0.809034,0.607904,1.17553,-0.660642,-0.604433,-0.445212,0.44577,0.161325,-0.88049,0.604021,-0.780151,0.16286
0.809034,0.488674,1.21866,-0.660642,-0.41571,-0.62509,0.44577,0.452742,-0.772214,0.604021,-0.788803,-0.113789
0.809034,0.361884,1.2184,-0.660642,-0.176846,-0.729574,0.44577,0.689551,-0.570797,0.604021,-0.702314,-0.376713
0.809034,0.242827,1.1748,-0.660642,0.0833482,-0.74606,0.44577,0.84319,-0.300533,0.604021,-0.531116,-0.5942
0.809034,0.145864,1.09311,-0.660642,0.333489,-0.67256,0.44577,0.895128,0.00597874,0.604021,-0.295857,-0.740018
0.809034,0.0826893,0.983175,-0.660642,0.543407,-0.51794,0.44577,0.8391,0.31177,0.604021,-0.024914,-0.796579
0.809034,0.060923,0.858268,-0.660642,0.687781,-0.300848,0.44577,0.681864,0.579957,0.604021,0.249035,-0.75706
0.809034,0.0831903,0.733448,-0.660642,0.749199,-0.04747,0.44577,0.442386,0.778193,0.604021,0.492946,-0.626229
0.809034,0.146806,0.623772,-0.660642,0.720252,0.211634,0.44577,0.149549,0.882567,0.604021,0.6774,-0.419866
0.809034,0.244096,0.542468,-0.660642,0.604433,0.445212,0.44577,-0.161325,0.88049,0.604021,0.780151,-0.16286
0.809034,0.363326,0.499342,-0.660642,0.41571,0.62509,0.44577,-0.452742,0.772214,0.604021,0.788803,0.113789
0.809034,0.490116,0.499596,-0.660642,0.176846,0.729574,0.44577,-0.689551,0.570797,0.604021,0.702314,0.376713
0.809034,0.609173,0.5432,-0.660642,-0.0833482,0.74606,0.44577,-0.84319,0.300533,0.604021,0.531116,0.5942
0.809034,0.706136,0.624894,-0.660642,-0.333489,0.67256,0.44577,-0.895128,-0.00597874,0.604021,0.295857,0.740018
0.809034,0.769311,0.734825,-0.660642,-0.543407,0.51794,0.44577,-0.8391,-0.31177,0.604021,0.024914,0.796579
0.809034,0.791077,0.859732,-0.660642,-0.687781,0.300848,0.44577,-0.681864,-0.579957,0.604021,-0.249035,0.75706
0.90772,0.8304,0.818472,-0.857576,-0.503092,0.107058,0.401584,-0.784944,-0.471798,0.321392,-0.36161,0.875183
0.90772,0.819873,0.959229,-0.857576,-0.509368,-0.0714656,0.401584,-0.576242,-0.711812,0.321392,-0.639132,0.698725
0.90772,0.761839,1.0879,-0.857576,-0.454206,-0.24137,0.401584,-0.298036,-0.865971,0.321392,-0.839566,0.437991
0.90772,0.663298,1.18896,-0.857576,-0.344261,-0.382161,0.401584,0.016117,-0.91568,0.321392,-0.938736,0.124428
0.90772,0.536135,1.25022,-0.857576,-0.192793,-0.476858,0.401584,0.328326,-0.854946,0.321392,-0.92468,-0.204142
0.90772,0.395689,1.26429,-0.857576,-0.0180709,-0.514039,0.401584,0.600934,-0.691092,0.321392,-0.799094,-0.50809
0.90772,0.258898,1.22948,-0.857576,0.158831,-0.489219,0.401584,0.801061,-0.443882,0.321392,-0.577126,-0.750755
0.90772,0.142263,1.14999,-0.857576,0.316575,-0.405392,0.401584,0.904568,-0.143134,0.321392,-0.285547,-0.902867
0.90772,0.05985,1.0354,-0.857576,0.436135,-0.272669,0.401584,0.898971,0.174878,0.321392,0.040472,-0.946081
0.90772,0.0216005,0.899528,-0.857576,0.503092,-0.107058,0.401584,0.784944,0.471798,0.321392,0.36161,-0.875183
0.90772,0.0321275,0.758771,-0.857576,0.509368,0.0714656,0.401584,0.576242,0.711812,0.321392,0.639132,-0.698725
0.90772,0.0901613,0.630103,-0.857576,0.454206,0.24137,0.401584,0.298036,0.865971,0.321392,0.839566,-0.437991
0.90772,0.188702,0.529044,-0.857576,0.344261,0.382161,0.401584,-0.016117,0.91568,0.321392,0.938736,-0.124428
0.90772,0.315865,0.467782,-0.857576,0.192793,0.476858,0.401584,-0.328326,0.854946,0.321392,0.92468,0.204142
0.90772,0.456311,0.453707,-0.857576,0.0180709,0.514039,0.401584,-0.600934,0.691092,0.321392,0.799094,0.50809
0.90772,0.593102,0.488516,-0.857576,-0.158831,0.489219,0.401584,-0.801061,0.443882,0.321392,0.577126,0.750755
0.90772,0.709737,0.568011,-0.857576,-0.316575,0.405392,0.401584,-0.904568,0.143134,0.321392,0.285547,0.902867
0.90772,0.79215,0.682604,-0.857576,-0.436135,0.272669,0.401584,-0.898971,-0.174878,0.321392,-0.040472,0.946081
0.90772,0.8304,0.818472,-0.857576,-0.503092,0.107058,0.401584,-0.784944,-0.471798,0.321392,-0.36161,0.875183
0.883612,0.266246,1.2246,0.961642,-0.266998,-0.0629036,-0.0812368,-0.0581722,-0.994996,0.262003,0.96194,-0.0776309
0.883612,0.150837,1.14791,0.961642,-0.229382,-0.150429,-0.0812368,0.285645,-0.954886,0.262003,0.930479,0.256054
0.883612,0.0686164,1.03638,0.961642,-0.164099,-0.21981,-0.0812368,0.595008,-0.799603,0.262003,0.786789,0.558854
0.883612,0.0295018,0.90345,0.961642,-0.079023,-0.262679,-0.0812368,0.832606,-0.547876,0.262003,0.5482,0.794249
0.883612,0.0382108,0.765159,0.961642,0.0155842,-0.273865,-0.0812368,0.969778,-0.230068,0.262003,0.243491,0.933845
0.883612,0.0936928,0.638187,0.961642,0.108312,-0.252019,-0.0812368,0.989981,0.115491,0.262003,-0.0905875,0.960806
0.883612,0.189256,0.537848,0.961642,0.187975,-0.199776,-0.0812368,0.890778,0.447119,0.262003,-0.413739,0.87188
0.883612,0.313374,0.476244,0.961642,0.244966,-0.123436,-0.0812368,0.684133,0.724819,0.262003,-0.686988,0.677792
0.883612,0.451076,0.460807,0.961642,0.272411,-0.0322088,-0.0812368,0.394973,0.915094,0.262003,-0.877376,0.401952
0.883612,0.585754,0.493397,0.961642,0.266998,0.0629036,-0.0812368,0.0581722,0.994996,0.262003,-0.96194,0.0776309
0.883612,0.701163,0.570085,0.961642,0.229382,0.150429,-0.0812368,-0.285645,0.954886,0.262003,-0.930479,-0.256054
0.883612,0.783384,0.68162,0.961642,0.164099,0.21981,-0.0812368,-0.595008,0.799603,0.262003,-0.786789,-0.558854
0.883612,0.822498,0.81455,0.961642,0.079023,0.262679,-0.0812368,-0.832606,0.547876,0.262003,-0.5482,-0.794249
0.883612,0.813789,0.952841,0.961642,-0.0155842,0.273865,-0.0812368,-0.969778,0.230068,0.262003,-0.243491,-0.933845
0.883612,0.758307,1.07981,0.961642,-0.108312,0.252019,-0.0812368,-0.989981,-0.115491,0.262003,0.0905875,-0.960806
0.883612,0.662744,1.18015,0.961642,-0.187975,0.199776,-0.0812368,-0.890778,-0.447119,0.262003,0.413739,-0.87188
0.883612,0.538626,1.24176,0.961642,-0.244966,0.123436,-0.0812368,-0.684133,-0.724819,0.262003,0.686988,-0.677792
0.883612,0.400924,1.25719,0.961642,-0.272411,0.0322088,-0.0812368,-0.394973,-0.915094,0.262003,0.877376,-0.401952
0.883612,0.266246,1.2246,0.961642,-0.266998,-0.0629036,-0.0812368,-0.0581722,-0.994996,0.262003,0.96194,-0.0776309
0.763622,0.314025,1.17447,0.856221,-0.488139,0.169134,0.156285,-0.0673018,-0.985416,0.492403,0.870167,0.0186639
0.763622,0.212882,1.11715,0.856221,-0.516548,-0.00801939,0.156285,0.273789,-0.949007,0.492403,0.811306,0.315153
0.763622,0.137443,1.02869,0.856221,-0.482654,-0.184206,0.156285,0.581857,-0.798133,0.492403,0.65459,0.57363
0.763622,0.0968087,0.919761,0.856221,-0.390544,-0.338174,0.156285,0.819745,-0.550993,0.492403,0.41892,0.762919
0.763622,0.0958798,0.803507,0.856221,-0.251329,-0.451353,0.156285,0.958759,-0.237395,0.492403,0.132723,0.860188
0.763622,0.134768,0.693946,0.856221,-0.0818001,-0.510093,0.156285,0.982132,0.104836,0.492403,-0.169483,0.853706
0.763622,0.208783,0.604293,0.856221,0.0975952,-0.507308,0.156285,0.887046,0.434423,0.492403,-0.451247,0.744255
0.763622,0.308998,0.545361,0.856221,0.265219,-0.443334,0.156285,0.68497,0.711612,0.492403,-0.678584,0.545035
0.763622,0.423325,0.524259,0.856221,0.400853,-0.325887,0.156285,0.400275,0.90297,0.492403,-0.824073,0.280076
0.763622,0.537975,0.543531,0.856221,0.488139,-0.169134,0.156285,0.0673018,0.985416,0.492403,-0.870167,-0.0186639
0.763622,0.639118,0.600854,0.856221,0.516548,0.00801939,0.156285,-0.273789,0.949007,0.492403,-0.811306,-0.315153
0.763622,0.714557,0.689313,0.856221,0.482654,0.184206,0.156285,-0.581857,0.798133,0.492403,-0.65459,-0.57363
0.763622,0.755191,0.798239,0.856221,0.390544,0.338174,0.156285,-0.819745,0.550993,0.492403,-0.41892,-0.762919
0.763622,0.75612,0.914493,0.856221,0.251329,0.451353,0.156285,-0.958759,0.237395,0.492403,-0.132723,-0.860188
0.763622,0.717232,1.02405,0.856221,0.0818001,0.510093,0.156285,-0.982132,-0.104836,0.492403,0.169483,-0.853706
0.763622,0.643217,1.11371,0.856221,-0.0975952,0.507308,0.156285,-0.887046,-0.434423,0.492403,0.451247,-0.744255
0.763622,0.543002,1.17264,0.856221,-0.265219,0.443334,0.156285,-0.68497,-0.711612,0.492403,0.678584,-0.545035
0.763622,0.428675,1.19374,0.856221,-0.400853,0.325887,0.156285,-0.400275,-0.90297,0.492403,0.824073,-0.280076
0.763622,0.314025,1.17447,0.856221,-0.488139,0.169134,0.156285,-0.0673018,-0.985416,0.492403,0.870167,0.0186639
0.674556,0.387236,1.09765,0.647527,-0.671068,0.361077,0.374957,-0.131927,-0.917607,0.663413,0.729563,0.166196
0.674556,0.307951,1.07,0.647527,-0.754094,0.109783,0.374957,0.189869,-0.90739,0.663413,0.628723,0.405698
0.674556,0.242904,1.0169,0.647527,-0.746164,-0.154753,0.374957,0.488764,-0.787729,0.663413,0.452049,0.596268
0.674556,0.199941,0.944755,0.647527,-0.648236,-0.400624,0.374957,0.728707,-0.573055,0.663413,0.220852,0.714918
0.674556,0.184244,0.862266,0.647527,-0.472121,-0.598173,0.374957,0.880757,-0.289263,0.663413,-0.0369836,0.747339
0.674556,0.197707,0.779384,0.647527,-0.239062,-0.723574,0.374957,0.926575,0.0294182,0.663413,-0.290358,0.68962
0.674556,0.238705,0.706104,0.647527,0.0228322,-0.761701,0.374957,0.860634,0.344551,0.663413,-0.508711,0.548723
0.674556,0.302293,0.651266,0.647527,0.281972,-0.707955,0.374957,0.690888,0.618127,0.663413,-0.665707,0.341641
0.674556,0.380803,0.621484,0.647527,0.507102,-0.56882,0.374957,0.437811,0.817147,0.663413,-0.742408,0.0933524
0.674556,0.464764,0.62035,0.647527,0.671068,-0.361077,0.374957,0.131927,0.917607,0.663413,-0.729563,-0.166196
0.674556,0.544049,0.648,0.647527,0.754094,-0.109783,0.374957,-0.189869,0.90739,0.663413,-0.628723,-0.405698
0.674556,0.609096,0.7011,0.647527,0.746164,0.154753,0.374957,-0.488764,0.787729,0.663413,-0.452049,-0.596268
0.674556,0.652059,0.773245,0.647527,0.648236,0.400624,0.374957,-0.728707,0.573055,0.663413,-0.220852,-0.714918
0.674556,0.667756,0.855734,0.647527,0.472121,0.598173,0.374957,-0.880757,0.289263,0.663413,0.0369836,-0.747339
0.674556,0.654293,0.938616,0.647527,0.239062,0.723574,0.374957,-0.926575,-0.0294182,0.663413,0.290358,-0.68962
0.674556,0.613295,1.0119,0.647527,-0.0228322,0.761701,0.374957,-0.860634,-0.344551,0.663413,0.508711,-0.548723
0.674556,0.549707,1.06673,0.647527,-0.281972,0.707955,0.374957,-0.690888,-0.618127,0.663413,0.665707,-0.341641
0.674556,0.471197,1.09652,0.647527,-0.507102,0.56882,0.374957,-0.437811,-0.817147,0.663413,0.742408,-0.0933524
0.674556,0.387236,1.09765,0.647527,-0.671068,0.361077,0.374957,-0.131927,-0.917607,0.663413,0.729563,0.166196
0.627155,0.477048,1.00341,0.360731,-0.793722,0.489774,0.548404,-0.244253,-0.799746,0.754404,0.557088,0.34717
0.627155,0.424578,1.01216,0.360731,-0.913367,0.188768,0.548404,0.0440069,-0.835055,0.754404,0.404752,0.516769
0.627155,0.372278,1.00244,0.360731,-0.922847,-0.135006,0.548404,0.326959,-0.769644,0.754404,0.203597,0.624037
0.627155,0.326459,0.975415,0.360731,-0.821018,-0.442496,0.548404,0.570474,-0.611402,0.754404,-0.0221146,0.656037
0.627155,0.292646,0.93435,0.360731,-0.620162,-0.696615,0.548404,0.745182,-0.379416,0.754404,-0.245159,0.60891
0.627155,0.274917,0.884196,0.360731,-0.344505,-0.866712,0.548404,0.83001,-0.101667,0.754404,-0.438633,0.488339
0.627155,0.275411,0.831003,0.360731,-0.0272961,-0.93227,0.548404,0.814727,0.188344,0.754404,-0.579202,0.308867
0.627155,0.294068,0.781187,0.360731,0.293205,-0.885383,0.548404,0.701175,0.455639,0.754404,-0.649911,0.092141
0.627155,0.328638,0.740756,0.360731,0.578342,-0.731706,0.548404,0.503052,0.667976,0.754404,-0.64223,-0.135698
0.627155,0.374952,0.714587,0.360731,0.793722,-0.489774,0.548404,0.244253,0.799746,0.754404,-0.557088,-0.34717
0.627155,0.427422,0.705837,0.360731,0.913367,-0.188768,0.548404,-0.0440069,0.835055,0.754404,-0.404752,-0.516769
0.627155,0.479722,0.71556,0.360731,0.922847,0.135006,0.548404,-0.326959,0.769644,0.754404,-0.203597,-0.624037
0.627155,0.525541,0.742585,0.360731,0.821018,0.442496,0.548404,-0.570474,0.611402,0.754404,0.0221146,-0.656037
0.627155,0.559354,0.78365,0.360731,0.620162,0.696615,0.548404,-0.745182,0.379416,0.754404,0.245159,-0.60891
0.627155,0.577083,0.833804,0.360731,0.344505,0.866712,0.548404,-0.83001,0.101667,0.754404,0.438633,-0.488339
0.627155,0.576589,0.886997,0.360731,0.0272961,0.93227,0.548404,-0.814727,-0.188344,0.754404,0.579202,-0.308867
0.627155,0.557932,0.936813,0.360731,-0.293205,0.885383,0.548404,-0.701175,-0.455639,0.754404,0.649911,-0.092141
0.627155,0.523362,0.977244,0.360731,-0.578342,0.731706,0.548404,-0.503052,-0.667976,0.754404,0.64223,0.135698
0.627155,0.477048,1.00341,0.360731,-0.793722,0.489774,0.548404,-0.244253,-0.799746,0.754404,0.557088,0.34717
0.627137,0.572629,0.903122,0.0304265,-0.841306,0.539703,0.655705,-0.390731,-0.64605,0.754404,0.373543,0.539759
0.627137,0.548695,0.950612,0.0304265,-0.975158,0.219411,0.655705,-0.146205,-0.740726,0.754404,0.166407,0.634967
0.627137,0.509963,0.987051,0.0304265,-0.991392,-0.127344,0.655705,0.115956,-0.74606,0.754404,-0.0608003,0.653588
0.627137,0.461103,1.00805,0.0304265,-0.888049,-0.458741,0.655705,0.36413,-0.661408,0.754404,-0.280674,0.593377
0.627137,0.40801,1.01106,0.0304265,-0.677595,-0.734806,0.655705,0.568385,-0.49698,0.754404,-0.466694,0.461596
0.627137,0.357086,0.995739,0.0304265,-0.385412,-0.922243,0.655705,0.704085,-0.27261,0.754404,-0.596424,0.27414
0.627137,0.314474,0.963923,0.0304265,-0.0467436,-0.998443,0.655705,0.754861,-0.015358,0.754404,-0.654217,0.0536178
0.627137,0.285314,0.919451,0.0304265,0.297563,-0.954217,0.655705,0.71459,0.243746,0.754404,-0.633101,-0.173371
0.627137,0.273123,0.867688,0.0304265,0.605979,-0.794898,0.655705,0.588129,0.47345,0.754404,-0.535624,-0.379449
0.627137,0.279371,0.814878,0.0304265,0.841306,-0.539703,0.655705,0.390731,0.64605,0.754404,-0.373543,-0.539759
0.627137,0.303305,0.767388,0.0304265,0.975158,-0.219411,0.655705,0.146205,0.740726,0.754404,-0.166407,-0.634967
0.627137,0.342037,0.730949,0.0304265,0.991392,0.127344,0.655705,-0.115956,0.74606,0.754404,0.0608003,-0.653588
0.627137,0.390897,0.709955,0.0304265,0.888049,0.458741,0.655705,-0.36413,0.661408,0.754404,0.280674,-0.593377
0.627137,0.44399,0.706937,0.0304265,0.677595,0.734806,0.655705,-0.568385,0.49698,0.754404,0.466694,-0.461596
0.627137,0.494914,0.722261,0.0304265,0.385412,0.922243,0.655705,-0.704085,0.27261,0.754404,0.596424,-0.27414
0.627137,0.537526,0.754077,0.0304265,0.0467436,0.998443,0.655705,-0.754861,0.015358,0.754404,0.654217,-0.0536178
0.627137,0.566686,0.798549,0.0304265,-0.297563,0.954217,0.655705,-0.71459,-0.243746,0.754404,0.633101,0.173371
0.627137,0.578877,0.850312,0.0304265,-0.605979,0.794898,0.655705,-0.588129,-0.47345,0.754404,0.535624,0.379449
0.627137,0.572629,0.903122,0.0304265,-0.841306,0.539703,0.655705,-0.390731,-0.64605,0.754404,0.373543,0.539759
0.674504,0.662449,0.808876,-0.303548,-0.808081,0.504841,0.683918,-0.553695,-0.475056,0.663411,0.201067,0.720734
0.674504,0.665333,0.892769,-0.303548,-0.932013,0.198015,0.683918,-0.357824,-0.635782,0.663411,-0.0575641,0.746037
0.674504,0.63935,0.972589,-0.303548,-0.943531,-0.132694,0.683918,-0.118794,-0.719822,0.663411,-0.309252,0.681358
0.674504,0.587633,1.03871,-0.303548,-0.841245,-0.447398,0.683918,0.134564,-0.717042,0.663411,-0.52364,0.534496
0.674504,0.516422,1.08315,-0.303548,-0.637493,-0.708139,0.683918,0.371691,-0.627775,0.663411,-0.674869,0.323167
0.674504,0.434304,1.10056,-0.303548,-0.356849,-0.883469,0.683918,0.563987,-0.46279,0.663411,-0.744699,0.0728584
0.674504,0.351184,1.08883,-0.303548,-0.0331646,-0.952239,0.683918,0.688258,-0.241985,0.663411,-0.724707,-0.186238
0.674504,0.277088,1.04938,-0.303548,0.29452,-0.906155,0.683918,0.729515,0.00800626,0.663411,-0.617305,-0.422871
0.674504,0.220954,0.986972,-0.303548,0.586682,-0.750775,0.683918,0.682782,0.257032,0.663411,-0.435447,-0.608499
0.674504,0.189551,0.909124,-0.303548,0.808081,-0.504841,0.683918,0.553695,0.475056,0.663411,-0.201067,-0.720734
0.674504,0.186667,0.825231,-0.303548,0.932013,-0.198015,0.683918,0.357824,0.635782,0.663411,0.0575641,-0.746037
0.674504,0.21265,0.745411,-0.303548,0.943531,0.132694,0.683918,0.118794,0.719822,0.663411,0.309252,-0.681358
0.674504,0.264367,0.679291,-0.303548,0.841245,0.447398,0.683918,-0.134564,0.717042,0.663411,0.52364,-0.534496
0.674504,0.335578,0.634847,-0.303548,0.637493,0.708139,0.683918,-0.371691,0.627775,0.663411,0.674869,-0.323167
0.674504,0.417696,0.617439,-0.303548,0.356849,0.883469,0.683918,-0.563987,0.46279,0.663411,0.744699,-0.0728584
0.674504,0.500816,0.629167,-0.303548,0.0331646,0.952239,0.683918,-0.688258,0.241985,0.663411,0.724707,0.186238
0.674504,0.574912,0.668616,-0.303548,-0.29452,0.906155,0.683918,-0.729515,-0.00800626,0.663411,0.617305,0.422871
0.674504,0.631046,0.731028,-0.303548,-0.586682,0.750775,0.683918,-0.682782,-0.257032,0.663411,0.435447,0.608499
0.674504,0.662449,0.808876,-0.303548,-0.808081,0.504841,0.683918,-0.553695,-0.475056,0.663411,0.201067,0.720734
0.763543,0.735676,0.732041,-0.60091,-0.698054,0.389393,0.629641,-0.713487,-0.30739,0.492402,0.0604639,0.868265
0.763543,0.760423,0.845613,-0.60091,-0.789137,0.127161,0.629641,-0.565325,-0.532879,0.492402,-0.240147,0.836582
0.763543,0.744834,0.9608,-0.60091,-0.785038,-0.150408,0.629641,-0.348977,-0.694095,0.492402,-0.511792,0.703995
0.763543,0.690788,1.06371,-0.60091,-0.686251,-0.409836,0.629641,-0.0905365,-0.771593,0.492402,-0.721708,0.486496
0.763543,0.604805,1.14193,-0.60091,-0.504693,-0.619832,0.629641,0.178824,-0.756026,0.492402,-0.844575,0.210318
0.763543,0.497256,1.18602,-0.60091,-0.262261,-0.755067,0.629641,0.426615,-0.64927,0.492402,-0.865574,-0.0912274
0.763543,0.381112,1.19067,-0.60091,0.011803,-0.799229,0.629641,0.622951,-0.464203,0.492402,-0.782172,-0.381769
0.763543,0.270382,1.15531,-0.60091,0.284444,-0.746993,0.629641,0.744149,-0.223147,0.492402,-0.604428,-0.626264
0.763543,0.178422,1.08422,-0.60091,0.522776,-0.604658,0.629641,0.775592,0.0448247,0.492402,-0.353782,-0.795223
0.763543,0.116324,0.985959,-0.60091,0.698054,-0.389393,0.629641,0.713487,0.30739,0.492402,-0.0604639,-0.868265
0.763543,0.0915769,0.872387,-0.60091,0.789137,-0.127161,0.629641,0.565325,0.532879,0.492402,0.240147,-0.836582
0.763543,0.107166,0.7572,-0.60091,0.785038,0.150408,0.629641,0.348977,0.694095,0.492402,0.511792,-0.703995
0.763543,0.161212,0.654292,-0.60091,0.686251,0.409836,0.629641,0.0905365,0.771593,0.492402,0.721708,-0.486496
0.763543,0.247195,0.576075,-0.60091,0.504693,0.619832,0.629641,-0.178824,0.756026,0.492402,0.844575,-0.210318
0.763543,0.354744,0.531982,-0.60091,0.262261,0.755067,0.629641,-0.426615,0.64927,0.492402,0.865574,0.0912274
0.763543,0.470888,0.527333,-0.60091,-0.011803,0.799229,0.629641,-0.622951,0.464203,0.492402,0.782172,0.381769
0.763543,0.581618,0.562688,-0.60091,-0.284444,0.746993,0.629641,-0.744149,0.223147,0.492402,0.604428,0.626264
0.763543,0.673578,0.633782,-0.60091,-0.522776,0.604658,0.629641,-0.775592,-0.0448247,0.492402,0.353782,0.795223
0.763543,0.735676,0.732041,-0.60091,-0.698054,0.389393,0.629641,-0.713487,-0.30739,0.492402,0.0604639,0.868265
0.883514,0.783477,0.681884,-0.825794,-0.524497,0.207284,0.499419,-0.850836,-0.163273,0.262001,-0.0313083,0.96456
0.883514,0.822496,0.81483,-0.825794,-0.563762,0.0153944,0.499419,-0.743682,-0.444429,0.262001,-0.359319,0.895682
0.883514,0.813691,0.953103,-0.825794,-0.535028,-0.178352,0.499419,-0.546829,-0.671981,0.262001,-0.643991,0.718771
0.883514,0.758125,1.08003,-0.825794,-0.441762,-0.350586,0.499419,-0.28402,-0.818482,0.262001,-0.850987,0.455166
0.883514,0.6625,1.18029,-0.825794,-0.295213,-0.480535,0.499419,0.0130463,-0.866262,0.262001,-0.955342,0.136661
0.883514,0.53835,1.2418,-0.825794,-0.113057,-0.552523,0.499419,0.308539,-0.809558,0.262001,-0.944469,-0.198327
0.883514,0.400648,1.25714,-0.825794,0.0827356,-0.55787,0.499419,0.566817,-0.655209,0.262001,-0.819679,-0.509394
0.883514,0.266004,1.22446,-0.825794,0.268549,-0.495929,0.499419,0.756728,-0.421833,0.262001,-0.596023,-0.75902
0.883514,0.150658,1.1477,-0.825794,0.421971,-0.374172,0.499419,0.855367,-0.137577,0.262001,-0.300479,-0.917098
0.883514,0.0685227,1.03612,-0.825794,0.524497,-0.207284,0.499419,0.850836,0.163273,0.262001,0.0313083,-0.96456
0.883514,0.0295041,0.90317,-0.825794,0.563762,-0.0153944,0.499419,0.743682,0.444429,0.262001,0.359319,-0.895682
0.883514,0.0383088,0.764897,-0.825794,0.535028,0.178352,0.499419,0.546829,0.671981,0.262001,0.643991,-0.718771
0.883514,0.0938747,0.637973,-0.825794,0.441762,0.350586,0.499419,0.28402,0.818482,0.262001,0.850987,-0.455166
0.883514,0.1895,0.537709,-0.825794,0.295213,0.480535,0.499419,-0.0130463,0.866262,0.262001,0.955342,-0.136661
0.883514,0.31365,0.476198,-0.825794,0.113057,0.552523,0.499419,-0.308539,0.809558,0.262001,0.944469,0.198327
0.883514,0.451352,0.460858,-0.825794,-0.0827356,0.55787,0.499419,-0.566817,0.655209,0.262001,0.819679,0.509394
0.883514,0.585996,0.49354,-0.825794,-0.268549,0.495929,0.499419,-0.756728,0.421833,0.262001,0.596023,0.75902
0.883514,0.701342,0.570301,-0.825794,-0.421971,0.374172,0.499419,-0.855367,0.137577,0.262001,0.300479,0.917098
0.883514,0.783477,0.681884,-0.825794,-0.524497,0.207284,0.499419,-0.850836,-0.163273,0.262001,-0.0313083,0.96456
0.875863,0.146828,1.1402,0.985232,-0.162781,-0.0531128,-0.00862081,0.262639,-0.964856,0.17101,0.951064,0.257357
0.875863,0.0674865,1.02776,0.985232,-0.134799,-0.105584,-0.00862081,0.5768,-0.81684,0.17101,0.805687,0.567119
0.875863,0.0313873,0.894966,0.985232,-0.0905575,-0.145321,-0.00862081,0.82139,-0.570301,0.17101,0.563132,0.808479
0.875863,0.0428842,0.757832,0.985232,-0.0353936,-0.167529,-0.00862081,0.966909,-0.254976,0.17101,0.252655,0.952324
0.875863,0.100591,0.632899,0.985232,0.0240392,-0.169531,-0.00862081,0.995804,0.0911034,0.17101,-0.0882964,0.981305
0.875863,0.197546,0.535238,0.985232,0.0805726,-0.151085,-0.00862081,0.904591,0.426194,0.17101,-0.418598,0.891926
0.875863,0.322057,0.476628,0.985232,0.127388,-0.114416,-0.00862081,0.70427,0.70988,0.17101,-0.69841,0.694967
0.875863,0.459104,0.464137,0.985232,0.158838,-0.0639471,-0.00862081,0.419004,0.907943,0.17101,-0.893983,0.414185
0.875863,0.592159,0.499272,0.985232,0.17113,-0.00576478,-0.00862081,0.0832002,0.996496,0.17101,-0.981729,0.0834468
0.875863,0.705172,0.577796,0.985232,0.162781,0.0531128,-0.00862081,-0.262639,0.964856,0.17101,-0.951064,-0.257357
0.875863,0.784514,0.690237,0.985232,0.134799,0.105584,-0.00862081,-0.5768,0.81684,0.17101,-0.805687,-0.567119
0.875863,0.820613,0.823034,0.985232,0.0905575,0.145321,-0.00862081,-0.82139,0.570301,0.17101,-0.563132,-0.808479
0.875863,0.809116,0.960168,0.985232,0.0353936,0.167529,-0.00862081,-0.966909,0.254976,0.17101,-0.252655,-0.952324
0.875863,0.751409,1.0851,0.985232,-0.0240392,0.169531,-0.00862081,-0.995804,-0.0911034,0.17101,0.0882964,-0.981305
0.875863,0.654454,1.18276,0.985232,-0.0805726,0.151085,-0.00862081,-0.904591,-0.426194,0.17101,0.418598,-0.891926
0.875863,0.529943,1.24137,0.985232,-0.127388,0.114416,-0.00862081,-0.70427,-0.70988,0.17101,0.69841,-0.694967
0.875863,0.392896,1.25386,0.985232,-0.158838,0.0639471,-0.00862081,-0.419004,-0.907943,0.17101,0.893983,-0.414185
0.875863,0.259841,1.21873,0.985232,-0.17113,0.00576478,-0.00862081,-0.0832002,-0.996496,0.17101,0.981729,-0.0834468
0.875863,0.146828,1.1402,0.985232,-0.162781,-0.0531128,-0.00862081,0.262639,-0.964856,0.17101,0.951064,0.257357
0.749059,0.197321,1.08722,0.900555,-0.392185,0.187595,0.292759,0.228074,-0.928587,0.321393,0.891164,0.320209
0.749059,0.133056,0.995246,0.900555,-0.432695,0.0421462,0.292759,0.531915,-0.794581,0.321393,0.727902,0.605694
0.749059,0.104124,0.886836,0.900555,-0.421015,-0.108386,0.292759,0.771599,-0.564736,0.321393,0.476845,0.818123
0.749059,0.114015,0.77507,0.900555,-0.358554,-0.245845,0.292759,0.918217,-0.266776,0.321393,0.168273,0.931875
0.749059,0.161536,0.673426,0.900555,-0.252847,-0.353651,0.292759,0.954085,0.0633614,0.321393,-0.160595,0.933229
0.749059,0.240955,0.594165,0.900555,-0.116643,-0.418802,0.292759,0.874875,0.385856,0.321393,-0.470093,0.822021
0.749059,0.342693,0.546848,0.900555,0.0336307,-0.43344,0.292759,0.690143,0.661811,0.321393,-0.722891,0.611666
0.749059,0.45448,0.53718,0.900555,0.179848,-0.395798,0.292759,0.42217,0.857942,0.321393,-0.888497,0.327535
0.749059,0.562831,0.566329,0.900555,0.304372,-0.310417,0.292759,0.103276,0.950593,0.321393,-0.946938,0.00389829
0.749059,0.654679,0.630778,0.900555,0.392185,-0.187595,0.292759,-0.228074,0.928587,0.321393,-0.891164,-0.320209
0.749059,0.718944,0.722754,0.900555,0.432695,-0.0421462,0.292759,-0.531915,0.794581,0.321393,-0.727902,-0.605694
0.749059,0.747876,0.831164,0.900555,0.421015,0.108386,0.292759,-0.771599,0.564736,0.321393,-0.476845,-0.818123
0.749059,0.737985,0.94293,0.900555,0.358554,0.245845,0.292759,-0.918217,0.266776,0.321393,-0.168273,-0.931875
0.749059,0.690464,1.04457,0.900555,0.252847,0.353651,0.292759,-0.954085,-0.0633614,0.321393,0.160595,-0.933229
0.749059,0.611045,1.12383,0.900555,0.116643,0.418802,0.292759,-0.874875,-0.385856,0.321393,0.470093,-0.822021
0.749059,0.509307,1.17115,0.900555,-0.0336307,0.43344,0.292759,-0.690143,-0.661811,0.321393,0.722891,-0.611666
0.749059,0.39752,1.18082,0.900555,-0.179848,0.395798,0.292759,-0.42217,-0.857942,0.321393,0.888497,-0.327535
0.749059,0.289169,1.15167,0.900555,-0.304372,0.310417,0.292759,-0.103276,-0.950593,0.321393,0.946938,-0.00389829
0.749059,0.197321,1.08722,0.900555,-0.392185,0.187595,0.292759,0.228074,-0.928587,0.321393,0.891164,0.320209
0.654934,0.274691,1.00604,0.707258,-0.587774,0.392821,0.558827,0.124479,-0.819888,0.433011,0.799392,0.416503
0.654934,0.233525,0.945422,0.707258,-0.686679,0.168101,0.558827,0.397391,-0.727869,0.433011,0.60873,0.664793
0.654934,0.215575,0.87438,0.707258,-0.702761,-0.0768953,0.558827,0.622371,-0.548057,0.433011,0.344647,0.832899
0.654934,0.223005,0.801483,0.707258,-0.63408,-0.312616,0.558827,0.772284,-0.302142,0.433011,0.0389936,0.900545
0.654934,0.254919,0.735523,0.707258,-0.488919,-0.510631,0.558827,0.829048,-0.0197838,0.433011,-0.271363,0.859572
0.654934,0.307468,0.684457,0.707258,-0.284787,-0.647057,0.558827,0.785817,0.26496,0.433011,-0.548988,0.714922
0.654934,0.374314,0.654443,0.707258,-0.0463062,-0.705437,0.558827,0.647804,0.517746,0.433011,-0.760398,0.484042
0.654934,0.447394,0.649101,0.707258,0.19776,-0.678732,0.558827,0.431657,0.708085,0.433011,-0.880093,0.194779
0.654934,0.517893,0.669077,0.707258,0.417974,-0.570161,0.558827,0.163446,0.813017,0.433011,-0.893635,-0.117977
0.654934,0.577309,0.71196,0.707258,0.587774,-0.392821,0.558827,-0.124479,0.819888,0.433011,-0.799392,-0.416503
0.654934,0.618475,0.772578,0.707258,0.686679,-0.168101,0.558827,-0.397391,0.727869,0.433011,-0.60873,-0.664793
0.654934,0.636425,0.84362,0.707258,0.702761,0.0768953,0.558827,-0.622371,0.548057,0.433011,-0.344647,-0.832899
0.654934,0.628995,0.916517,0.707258,0.63408,0.312616,0.558827,-0.772284,0.302142,0.433011,-0.0389936,-0.900545
0.654934,0.597081,0.982477,0.707258,0.488919,0.510631,0.558827,-0.829048,0.0197838,0.433011,0.271363,-0.859572
0.654934,0.544532,1.03354,0.707258,0.284787,0.647057,0.558827,-0.785817,-0.26496,0.433011,0.548988,-0.714922
0.654934,0.477686,1.06356,0.707258,0.0463062,0.705437,0.558827,-0.647804,-0.517746,0.433011,0.760398,-0.484042
0.654934,0.404606,1.0689,0.707258,-0.19776,0.678732,0.558827,-0.431657,-0.708085,0.433011,0.880093,-0.194779
