0.658953,0.58206,1.02479,0.308961,0.693577,-0.650764,0.951075,-0.225314,0.211401,-3.49349e-06,-0.68424,-0.729257
0.907818,0.389295,1.2701,0.92986,-0.363458,-0.0570929,-0.179072,-0.311542,-0.933207,0.321394,0.877975,-0.354776
0.907818,0.253722,1.23078,0.92986,-0.322012,-0.17796,-0.179072,0.0264214,-0.983481,0.321394,0.946367,-0.0330952
0.907818,0.139772,1.14746,0.92986,-0.241726,-0.277362,-0.179072,0.361198,-0.915133,0.321394,0.900613,0.292577
0.907818,0.0611905,1.0302,0.92986,-0.132285,-0.34331,-0.179072,0.652409,-0.736407,0.321394,0.746232,0.582961
0.907818,0.0274542,0.89313,0.92986,-0.00688826,-0.36785,-0.179072,0.86493,-0.468859,0.321394,0.501845,0.80303
0.907818,0.0426328,0.752789,0.92986,0.119339,-0.348022,-0.179072,0.973128,-0.14476,0.321394,0.196927,0.926243
0.907818,0.104895,0.626103,0.92986,0.231173,-0.286217,-0.179072,0.963952,0.1968,0.321394,-0.131743,0.937736
0.907818,0.206732,0.528352,0.92986,0.315124,-0.189891,-0.179072,0.838509,0.514622,0.321394,-0.444522,0.836125
0.907818,0.33586,0.471326,0.92986,0.361066,-0.0706601,-0.179072,0.611929,0.770374,0.321394,-0.703686,0.633665
0.907818,0.476705,0.461904,0.92986,0.363458,0.0570929,-0.179072,0.311542,0.933207,0.321394,-0.877975,0.354776
0.907818,0.612278,0.501222,0.92986,0.322012,0.17796,-0.179072,-0.0264214,0.983481,0.321394,-0.946367,0.0330952
0.907818,0.726228,0.584538,0.92986,0.241726,0.277362,-0.179072,-0.361198,0.915133,0.321394,-0.900613,-0.292577
0.907818,0.80481,0.701802,0.92986,0.132285,0.34331,-0.179072,-0.652409,0.736407,0.321394,-0.746232,-0.582961
0.907818,0.838546,0.83887,0.92986,0.00688826,0.36785,-0.179072,-0.86493,0.468859,0.321394,-0.501845,-0.80303
0.907818,0.823367,0.979211,0.92986,-0.119339,0.348022,-0.179072,-0.973128,0.14476,0.321394,-0.196927,-0.926243
0.907818,0.761105,1.1059,0.92986,-0.231173,0.286217,-0.179072,-0.963952,-0.1968,0.321394,0.131743,-0.937736
0.907818,0.659268,1.20365,0.92986,-0.315124,0.189891,-0.179072,-0.838509,-0.514622,0.321394,0.444522,-0.836125
0.907818,0.53014,1.26067,0.92986,-0.361066,0.0706601,-0.179072,-0.611929,-0.770374,0.321394,0.703686,-0.633665
0.907818,0.389295,1.2701,0.92986,-0.363458,-0.0570929,-0.179072,-0.311542,-0.933207,0.321394,0.877975,-0.354776
0.809114,0.430838,1.23112,0.796489,-0.585445,0.151191,-0.0275851,-0.284969,-0.95814,0.604023,0.758978,-0.243124
0.809114,0.306091,1.20836,0.796489,-0.601849,-0.0581607,-0.0275851,0.0599201,-0.997822,0.604023,0.796359,0.0311237
0.809114,0.196651,1.14431,0.796489,-0.545661,-0.260498,-0.0275851,0.397582,-0.917152,0.604023,0.737688,0.301618
0.809114,0.115718,1.04669,0.796489,-0.423658,-0.431415,-0.0275851,0.687289,-0.72586,0.604023,0.59004,0.535732
0.809114,0.0730541,0.927272,0.796489,-0.250556,-0.550297,-0.0275851,0.894099,-0.447019,0.604023,0.371226,0.705229
0.809114,0.073805,0.800469,0.796489,-0.0472328,-0.602805,-0.0275851,0.993068,-0.11426,0.604023,0.107635,0.789665
0.809114,0.11788,0.681569,0.796489,0.161787,-0.582606,-0.0275851,0.972258,0.23228,0.604023,-0.168937,0.778856
0.809114,0.199964,0.584914,0.796489,0.351293,-0.492136,-0.0275851,0.834179,0.550803,0.604023,-0.425133,0.674105
0.809114,0.310154,0.522162,0.796489,0.498428,-0.342307,-0.0275851,0.595486,0.802892,0.604023,-0.630052,0.488048
0.809114,0.435162,0.500883,0.796489,0.585445,-0.151191,-0.0275851,0.284969,0.95814,0.604023,-0.758978,0.243124
0.809114,0.559909,0.523641,0.796489,0.601849,0.0581607,-0.0275851,-0.0599201,0.997822,0.604023,-0.796359,-0.0311237
0.809114,0.669349,0.587694,0.796489,0.545661,0.260498,-0.0275851,-0.397582,0.917152,0.604023,-0.737688,-0.301618
0.809114,0.750282,0.685314,0.796489,0.423658,0.431415,-0.0275851,-0.687289,0.72586,0.604023,-0.59004,-0.535732
0.809114,0.792946,0.804728,0.796489,0.250556,0.550297,-0.0275851,-0.894099,0.447019,0.604023,-0.371226,-0.705229
0.809114,0.792195,0.931531,0.796489,0.0472328,0.602805,-0.0275851,-0.993068,0.11426,0.604023,-0.107635,-0.789665
0.809114,0.74812,1.05043,0.796489,-0.161787,0.582606,-0.0275851,-0.972258,-0.23228,0.604023,0.168937,-0.778856
0.809114,0.666036,1.14709,0.796489,-0.351293,0.492136,-0.0275851,-0.834179,-0.550803,0.604023,0.425133,-0.674105
0.809114,0.555846,1.20984,0.796489,-0.498428,0.342307,-0.0275851,-0.595486,-0.802892,0.604023,0.630052,-0.488048
0.809114,0.430838,1.23112,0.796489,-0.585445,0.151191,-0.0275851,-0.284969,-0.95814,0.604023,0.758978,-0.243124
0.735846,0.494494,1.17139,0.567051,-0.760779,0.315702,0.127229,-0.297782,-0.946118,0.813797,0.576664,-0.0720641
0.735846,0.386335,1.17401,0.567051,-0.822875,0.0364614,0.127229,0.043768,-0.990907,0.813797,0.566534,0.129512
0.735846,0.283805,1.13947,0.567051,-0.78572,-0.247177,0.127229,0.380039,-0.916179,0.813797,0.488072,0.315468
0.735846,0.199271,1.07195,0.567051,-0.653796,-0.501003,0.127229,0.670471,-0.730945,0.813797,0.350741,0.463373
0.735846,0.142927,0.97959,0.567051,-0.443014,-0.6944,0.127229,0.880035,-0.457549,0.813797,0.171106,0.555389
0.735846,0.12157,0.873529,0.567051,-0.178798,-0.804043,0.127229,0.983453,-0.128966,0.813797,-0.0291673,0.580417
0.735846,0.137777,0.76656,0.567051,0.106983,-0.816705,0.127229,0.968253,0.215172,0.813797,-0.225922,0.535437
0.735846,0.189592,0.671584,0.567051,0.379861,-0.730862,0.127229,0.836267,0.533358,0.813797,-0.395428,0.425876
0.735846,0.270765,0.600059,0.567051,0.606922,-0.556865,0.127229,0.603415,0.787212,0.813797,-0.517239,0.264949
0.735846,0.371506,0.560609,0.567051,0.760779,-0.315702,0.127229,0.297782,0.946118,0.813797,-0.576664,0.0720641
0.735846,0.479665,0.557994,0.567051,0.822875,-0.0364614,0.127229,-0.043768,0.990907,0.813797,-0.566534,-0.129512
0.735846,0.582195,0.59253,0.567051,0.78572,0.247177,0.127229,-0.380039,0.916179,0.813797,-0.488072,-0.315468
0.735846,0.666729,0.66005,0.567051,0.653796,0.501003,0.127229,-0.670471,0.730945,0.813797,-0.350741,-0.463373
0.735846,0.723073,0.75241,0.567051,0.443014,0.6944,0.127229,-0.880035,0.457549,0.813797,-0.171106,-0.555389
0.735846,0.74443,0.858471,0.567051,0.178798,0.804043,0.127229,-0.983453,0.128966,0.813797,0.0291673,-0.580417
0.735846,0.728223,0.96544,0.567051,-0.106983,0.816705,0.127229,-0.968253,-0.215172,0.813797,0.225922,-0.535437
0.735846,0.676408,1.06042,0.567051,-0.379861,0.730862,0.127229,-0.836267,-0.533358,0.813797,0.395428,-0.425876
0.735846,0.595235,1.13194,0.567051,-0.606922,0.556865,0.127229,-0.603415,-0.787212,0.813797,0.517239,-0.264949
0.735846,0.494494,1.17139,0.567051,-0.760779,0.315702,0.127229,-0.297782,-0.946118,0.813797,0.576664,-0.0720641
0.696852,0.572585,1.09812,0.269218,-0.868313,0.416598,0.266698,-0.348436,-0.89859,0.925416,0.353022,0.137772
0.696852,0.484777,1.13186,0.269218,-0.958432,0.0944938,0.266698,-0.0200866,-0.963571,0.925416,0.284612,0.250204
0.696852,0.390725,1.13354,0.269218,-0.932951,-0.239008,0.266698,0.310685,-0.91233,0.925416,0.181873,0.332458
0.696852,0.301771,1.10294,0.269218,-0.794941,-0.543682,0.266698,0.603984,-0.75105,0.925416,0.0571971,0.374612
0.696852,0.228645,1.04377,0.269218,-0.56105,-0.78278,0.266698,0.824434,-0.499181,0.925416,-0.0743773,0.371583
0.696852,0.180168,0.963157,0.269218,-0.259488,-0.927463,0.266698,0.945444,-0.187104,0.925416,-0.196981,0.323735
0.696852,0.162186,0.870824,0.269218,0.0733718,-0.96028,0.266698,0.95242,0.147541,0.925416,-0.295825,0.23684
0.696852,0.176868,0.777909,0.269218,0.397382,-0.877274,0.266698,0.84452,0.46439,0.925416,-0.358989,0.121379
0.696852,0.222443,0.69562,0.269218,0.673462,-0.688455,0.266698,0.634759,0.725227,0.925416,-0.378853,-0.00872265
0.696852,0.293415,0.63388,0.269218,0.868313,-0.416598,0.266698,0.348436,0.89859,0.925416,-0.353022,-0.137772
0.696852,0.381223,0.600138,0.269218,0.958432,-0.0944938,0.266698,0.0200866,0.963571,0.925416,-0.284612,-0.250204
0.696852,0.475275,0.598462,0.269218,0.932951,0.239008,0.266698,-0.310685,0.91233,0.925416,-0.181873,-0.332458
0.696852,0.564229,0.629056,0.269218,0.794941,0.543682,0.266698,-0.603984,0.75105,0.925416,-0.0571971,-0.374612
0.696852,0.637355,0.688228,0.269218,0.56105,0.78278,0.266698,-0.824434,0.499181,0.925416,0.0743773,-0.371583
0.696852,0.685832,0.768843,0.269218,0.259488,0.927463,0.266698,-0.945444,0.187104,0.925416,0.196981,-0.323735
0.696852,0.703814,0.861176,0.269218,-0.0733718,0.96028,0.266698,-0.95242,-0.147541,0.925416,0.295825,-0.23684
0.696852,0.689132,0.954091,0.269218,-0.397382,0.877274,0.266698,-0.84452,-0.46439,0.925416,0.358989,-0.121379
0.696852,0.643557,1.03638,0.269218,-0.673462,0.688455,0.266698,-0.634759,-0.725227,0.925416,0.378853,0.00872265
0.696852,0.572585,1.09812,0.269218,-0.868313,0.416598,0.266698,-0.348436,-0.89859,0.925416,0.353022,0.137772
0.696834,0.655693,1.02014,-0.061087,-0.895076,0.441709,0.373999,-0.430822,-0.82129,0.925415,0.115029,0.361075
0.696834,0.589543,1.08701,-0.061087,-0.99217,0.108937,0.373999,-0.123942,-0.91911,0.925415,-0.0154034,0.378642
0.696834,0.504512,1.12722,-0.061087,-0.969593,-0.236975,0.373999,0.197887,-0.906072,0.925415,-0.143978,0.350538
0.696834,0.410856,1.13593,-0.061087,-0.83007,-0.554304,0.373999,0.495847,-0.783748,0.925415,-0.255186,0.280155
0.696834,0.31987,1.11208,-0.061087,-0.590427,-0.804776,0.373999,0.734002,-0.566892,0.925415,-0.335615,0.175981
0.696834,0.24253,1.05854,-0.061087,-0.27957,-0.95818,0.373999,0.883624,-0.281661,0.925415,-0.375564,0.050581
0.696834,0.188163,0.981787,-0.061087,0.0650066,-0.996013,0.373999,0.926669,0.0375428,0.925415,-0.370214,-0.0809198
0.696834,0.163327,0.891065,-0.061087,0.401743,-0.913713,0.373999,0.857944,0.352218,0.925415,-0.320212,-0.202661
0.696834,0.171017,0.797319,-0.061087,0.690023,-0.721205,0.373999,0.685738,0.624411,0.925415,-0.231586,-0.299957
0.696834,0.210307,0.711858,-0.061087,0.895076,-0.441709,0.373999,0.430822,0.82129,0.925415,-0.115029,-0.361075
0.696834,0.276457,0.644988,-0.061087,0.99217,-0.108937,0.373999,0.123942,0.91911,0.925415,0.0154034,-0.378642
0.696834,0.361488,0.604776,-0.061087,0.969593,0.236975,0.373999,-0.197887,0.906072,0.925415,0.143978,-0.350538
0.696834,0.455144,0.596071,-0.061087,0.83007,0.554304,0.373999,-0.495847,0.783748,0.925415,0.255186,-0.280155
0.696834,0.54613,0.619924,-0.061087,0.590427,0.804776,0.373999,-0.734002,0.566892,0.925415,0.335615,-0.175981
0.696834,0.62347,0.673457,-0.061087,0.27957,0.95818,0.373999,-0.883624,0.281661,0.925415,0.375564,-0.050581
0.696834,0.677837,0.750213,-0.061087,-0.0650066,0.996013,0.373999,-0.926669,-0.0375428,0.925415,0.370214,0.0809198
0.696834,0.702673,0.840935,-0.061087,-0.401743,0.913713,0.373999,-0.857944,-0.352218,0.925415,0.320212,0.202661
0.696834,0.694983,0.934681,-0.061087,-0.690023,0.721205,0.373999,-0.685738,-0.624411,0.925415,0.231586,0.299957
0.696834,0.655693,1.02014,-0.061087,-0.895076,0.441709,0.373999,-0.430822,-0.82129,0.925415,0.115029,0.361075
0.735794,0.733793,0.946863,-0.384024,-0.83784,0.388007,0.43619,-0.535002,-0.723541,0.813796,-0.108612,0.570911
0.735794,0.687997,1.04486,-0.384024,-0.920019,0.0780487,0.43619,-0.255272,-0.862887,0.813796,-0.297325,0.499333
0.735794,0.611444,1.12129,-0.384024,-0.891229,-0.241323,0.43619,0.0552481,-0.898157,0.813796,-0.450176,0.367528
0.735794,0.513368,1.16693,-0.384024,-0.754944,-0.531588,0.43619,0.359104,-0.825096,0.813796,-0.54873,0.191394
0.735794,0.405598,1.17627,-0.384024,-0.527601,-0.757735,0.43619,0.619647,-0.652515,0.813796,-0.581098,-0.00782469
0.735794,0.301134,1.14818,-0.384024,-0.236623,-0.892488,0.43619,0.805451,-0.401232,0.813796,-0.543377,-0.2061
0.735794,0.212574,1.08606,-0.384024,0.0828966,-0.919594,0.43619,0.894106,-0.101555,0.813796,-0.440117,-0.379517
0.735794,0.150601,0.997402,-0.384024,0.392417,-0.835784,0.43619,0.874918,0.210372,0.813796,-0.283773,-0.507158
0.735794,0.12269,0.892892,-0.384024,0.654606,-0.651165,0.43619,0.750203,0.496925,0.813796,-0.0932008,-0.573628
0.735794,0.132207,0.785137,-0.384024,0.83784,-0.388007,0.43619,0.535002,0.723541,0.813796,0.108612,-0.570911
0.735794,0.178003,0.687137,-0.384024,0.920019,-0.0780487,0.43619,0.255272,0.862887,0.813796,0.297325,-0.499333
0.735794,0.254556,0.610709,-0.384024,0.891229,0.241323,0.43619,-0.0552481,0.898157,0.813796,0.450176,-0.367528
0.735794,0.352632,0.565074,-0.384024,0.754944,0.531588,0.43619,-0.359104,0.825096,0.813796,0.54873,-0.191394
0.735794,0.460402,0.555735,-0.384024,0.527601,0.757735,0.43619,-0.619647,0.652515,0.813796,0.581098,0.00782469
0.735794,0.564866,0.583818,-0.384024,0.236623,0.892488,0.43619,-0.805451,0.401232,0.813796,0.543377,0.2061
0.735794,0.653426,0.645936,-0.384024,-0.0828966,0.919594,0.43619,-0.894106,0.101555,0.813796,0.440117,0.379517
0.735794,0.715399,0.734598,-0.384024,-0.392417,0.835784,0.43619,-0.874918,-0.210372,0.813796,0.283773,0.507158
0.735794,0.74331,0.839108,-0.384024,-0.654606,0.651165,0.43619,-0.750203,-0.496925,0.813796,0.0932008,0.573628
0.735794,0.733793,0.946863,-0.384024,-0.83784,0.388007,0.43619,-0.535002,-0.723541,0.813796,-0.108612,0.570911
0.809034,0.797466,0.88712,-0.660642,-0.703509,0.261968,0.44577,-0.648411,-0.617132,0.604021,-0.290926,0.741971
0.809034,0.768263,1.0105,-0.660642,-0.750681,0.00555474,0.44577,-0.398235,-0.801684,0.604021,-0.52715,0.597722
0.809034,0.698622,1.11645,-0.660642,-0.707309,-0.251528,0.44577,-0.100026,-0.889541,0.604021,-0.699792,0.381379
0.809034,0.596943,1.1922,-0.660642,-0.578625,-0.478273,0.44577,0.210247,-0.870106,0.604021,-0.788028,0.119036
0.809034,0.47549,1.2286,-0.660642,-0.380151,-0.647331,0.44577,0.495161,-0.745724,0.604021,-0.781217,-0.157664
0.809034,0.348912,1.22126,-0.660642,-0.135825,-0.738312,0.44577,0.720352,-0.531396,0.604021,-0.68018,-0.415348
0.809034,0.232476,1.17108,-0.660642,0.124884,-0.740241,0.44577,0.858658,-0.252974,0.604021,-0.497102,-0.622935
0.809034,0.140227,1.0841,-0.660642,0.37053,-0.652886,0.44577,0.893397,0.0559604,0.604021,-0.254067,-0.755386
0.809034,0.0832902,0.970808,-0.660642,0.571484,-0.486783,0.44577,0.820379,0.358145,0.604021,0.0196122,-0.796727
0.809034,0.0685336,0.84488,-0.660642,0.703509,-0.261968,0.44577,0.648411,0.617132,0.604021,0.290926,-0.741971
0.809034,0.0977371,0.721499,-0.660642,0.750681,-0.00555474,0.44577,0.398235,0.801684,0.604021,0.52715,-0.597722
0.809034,0.167378,0.615547,-0.660642,0.707309,0.251528,0.44577,0.100026,0.889541,0.604021,0.699792,-0.381379
0.809034,0.269057,0.539803,-0.660642,0.578625,0.478273,0.44577,-0.210247,0.870106,0.604021,0.788028,-0.119036
0.809034,0.39051,0.503403,-0.660642,0.380151,0.647331,0.44577,-0.495161,0.745724,0.604021,0.781217,0.157664
0.809034,0.517088,0.510738,-0.660642,0.135825,0.738312,0.44577,-0.720352,0.531396,0.604021,0.68018,0.415348
0.809034,0.633524,0.560923,-0.660642,-0.124884,0.740241,0.44577,-0.858658,0.252974,0.604021,0.497102,0.622935
0.809034,0.725773,0.647904,-0.660642,-0.37053,0.652886,0.44577,-0.893397,-0.0559604,0.604021,0.254067,0.755386
0.809034,0.78271,0.761192,-0.660642,-0.571484,0.486783,0.44577,-0.820379,-0.358145,0.604021,-0.0196122,0.796727
0.809034,0.797466,0.88712,-0.660642,-0.703509,0.261968,0.44577,-0.648411,-0.617132,0.604021,-0.290926,0.741971
0.90772,0.839032,0.84812,-0.857576,-0.508285,0.0787946,0.401584,-0.75737,-0.514899,0.321392,-0.409923,0.853622
0.90772,0.82066,0.98807,-0.857576,-0.504581,-0.0998012,0.401584,-0.535589,-0.742883,0.321392,-0.677157,0.66194
0.90772,0.755531,1.1133,-0.857576,-0.440017,-0.266359,0.401584,-0.249208,-0.881264,0.321392,-0.862717,0.390419
0.90772,0.6515,1.20869,-0.857576,-0.322381,-0.400791,0.401584,0.0672307,-0.913351,0.321392,-0.94422,0.0718074
0.90772,0.521115,1.26276,-0.857576,-0.16586,-0.486881,0.401584,0.375561,-0.835275,0.321392,-0.911836,-0.255465
0.90772,0.380101,1.26897,-0.857576,0.0106653,-0.514246,0.401584,0.638593,-0.656453,0.321392,-0.769471,-0.551925
0.90772,0.245468,1.22657,-0.857576,0.185905,-0.479585,0.401584,0.824601,-0.398452,0.321392,-0.534297,-0.781814
0.90772,0.133454,1.14069,-0.857576,0.338721,-0.38708,0.401584,0.91115,-0.0923924,0.321392,-0.234679,-0.917406
0.90772,0.0575701,1.02167,-0.857576,0.450683,-0.247887,0.401584,0.887801,0.224811,0.321392,0.0932455,-0.942344
0.90772,0.0269682,0.88388,-0.857576,0.508285,-0.0787946,0.401584,0.75737,0.514899,0.321392,0.409923,-0.853622
0.90772,0.0453398,0.74393,-0.857576,0.504581,0.0998012,0.401584,0.535589,0.742883,0.321392,0.677157,-0.66194
0.90772,0.110469,0.618704,-0.857576,0.440017,0.266359,0.401584,0.249208,0.881264,0.321392,0.862717,-0.390419
0.90772,0.2145,0.523306,-0.857576,0.322381,0.400791,0.401584,-0.0672307,0.913351,0.321392,0.94422,-0.0718074
0.90772,0.344885,0.469242,-0.857576,0.16586,0.486881,0.401584,-0.375561,0.835275,0.321392,0.911836,0.255465
0.90772,0.485899,0.463032,-0.857576,-0.0106653,0.514246,0.401584,-0.638593,0.656453,0.321392,0.769471,0.551925
0.90772,0.620532,0.505426,-0.857576,-0.185905,0.479585,0.401584,-0.824601,0.398452,0.321392,0.534297,0.781814
0.90772,0.732546,0.591311,-0.857576,-0.338721,0.38708,0.401584,-0.91115,0.0923924,0.321392,0.234679,0.917406
0.90772,0.80843,0.710328,-0.857576,-0.450683,0.247887,0.401584,-0.887801,-0.224811,0.321392,-0.0932455,0.942344
0.90772,0.839032,0.84812,-0.857576,-0.508285,0.0787946,0.401584,-0.75737,-0.514899,0.321392,-0.409923,0.853622
0.883612,0.253077,1.22211,0.961642,-0.263069,-0.0777167,-0.0812368,-0.00251297,-0.996692,0.262003,0.964774,-0.0237874
0.883612,0.142131,1.1391,0.961642,-0.220623,-0.163005,-0.0812368,0.338527,-0.937443,0.262003,0.914727,0.307619
0.883612,0.0662679,1.02314,0.961642,-0.151567,-0.228632,-0.0812368,0.638736,-0.765125,0.262003,0.75435,0.601922
0.883612,0.0346382,0.888237,0.961642,-0.0642296,-0.266682,-0.0812368,0.861904,-0.500522,0.262003,0.502987,0.823625
0.883612,0.0510568,0.750648,0.961642,0.0308546,-0.272567,-0.0812368,0.981113,-0.175548,0.262003,0.190957,0.945986
0.883612,0.113543,0.626973,0.961642,0.122217,-0.245577,-0.0812368,0.981986,0.170599,0.262003,-0.144105,0.954247
0.883612,0.214561,0.532127,0.961642,0.198839,-0.188966,-0.0812368,0.864417,0.49617,0.262003,-0.461786,0.847412
0.883612,0.341926,0.477552,0.961642,0.251478,-0.109563,-0.0812368,0.642586,0.761895,0.262003,-0.723769,0.638367
0.883612,0.480276,0.469829,0.961642,0.273784,-0.0169449,-0.0812368,0.34325,0.935724,0.262003,-0.898455,0.352325
0.883612,0.612923,0.50989,0.961642,0.263069,0.0777167,-0.0812368,0.00251297,0.996692,0.262003,-0.964774,0.0237874
0.883612,0.723869,0.592903,0.961642,0.220623,0.163005,-0.0812368,-0.338527,0.937443,0.262003,-0.914727,-0.307619
0.883612,0.799732,0.708856,0.961642,0.151567,0.228632,-0.0812368,-0.638736,0.765125,0.262003,-0.75435,-0.601922
0.883612,0.831362,0.843763,0.961642,0.0642296,0.266682,-0.0812368,-0.861904,0.500522,0.262003,-0.502987,-0.823625
0.883612,0.814943,0.981352,0.961642,-0.0308546,0.272567,-0.0812368,-0.981113,0.175548,0.262003,-0.190957,-0.945986
0.883612,0.752457,1.10503,0.961642,-0.122217,0.245577,-0.0812368,-0.981986,-0.170599,0.262003,0.144105,-0.954247
0.883612,0.651439,1.19987,0.961642,-0.198839,0.188966,-0.0812368,-0.864417,-0.49617,0.262003,0.461786,-0.847412
0.883612,0.524074,1.25445,0.961642,-0.251478,0.109563,-0.0812368,-0.642586,-0.761895,0.262003,0.723769,-0.638367
0.883612,0.385724,1.26217,0.961642,-0.273784,0.0169449,-0.0812368,-0.34325,-0.935724,0.262003,0.898455,-0.352325
0.883612,0.253077,1.22211,0.961642,-0.263069,-0.0777167,-0.0812368,-0.00251297,-0.996692,0.262003,0.964774,-0.0237874
0.763622,0.303582,1.17472,0.856221,-0.496823,0.141609,0.156285,-0.0121633,-0.987637,0.492403,0.867767,0.0672318
0.763622,0.205797,1.11184,0.856221,-0.515294,-0.036855,0.156285,0.326362,-0.932235,0.492403,0.792439,0.359971
0.763622,0.135417,1.01931,0.856221,-0.471613,-0.210873,0.156285,0.625523,-0.764392,0.492403,0.621532,0.609292
0.763622,0.100929,0.908282,0.856221,-0.371048,-0.359457,0.156285,0.849237,-0.504352,0.492403,0.375659,0.785124
0.763622,0.106494,0.792157,0.856221,-0.22573,-0.464685,0.156285,0.97052,-0.18348,0.492403,0.0844757,0.866258
0.763622,0.151441,0.684939,0.856221,-0.0531848,-0.513865,0.156285,0.974745,0.159523,0.492403,-0.216896,0.842909
0.763622,0.230347,0.599559,0.856221,0.125775,-0.501066,0.156285,0.8614,0.483285,0.492403,-0.492108,0.717892
0.763622,0.333697,0.546316,0.856221,0.289564,-0.42783,0.156285,0.644158,0.748755,0.492403,-0.707964,0.506287
0.763622,0.449024,0.531632,0.856221,0.418428,-0.302992,0.156285,0.349222,0.923915,0.492403,-0.838428,0.233616
0.763622,0.562418,0.557277,0.856221,0.496823,-0.141609,0.156285,0.0121633,0.987637,0.492403,-0.867767,-0.0672318
0.763622,0.660203,0.620159,0.856221,0.515294,0.036855,0.156285,-0.326362,0.932235,0.492403,-0.792439,-0.359971
0.763622,0.730583,0.712693,0.856221,0.471613,0.210873,0.156285,-0.625523,0.764392,0.492403,-0.621532,-0.609292
0.763622,0.765071,0.823718,0.856221,0.371048,0.359457,0.156285,-0.849237,0.504352,0.492403,-0.375659,-0.785124
0.763622,0.759506,0.939843,0.856221,0.22573,0.464685,0.156285,-0.97052,0.18348,0.492403,-0.0844757,-0.866258
0.763622,0.714559,1.04706,0.856221,0.0531848,0.513865,0.156285,-0.974745,-0.159523,0.492403,0.216896,-0.842909
0.763622,0.635653,1.13244,0.856221,-0.125775,0.501066,0.156285,-0.8614,-0.483285,0.492403,0.492108,-0.717892
0.763622,0.532303,1.18568,0.856221,-0.289564,0.42783,0.156285,-0.644158,-0.748755,0.492403,0.707964,-0.506287
0.763622,0.416976,1.20037,0.856221,-0.418428,0.302992,0.156285,-0.349222,-0.923915,0.492403,0.838428,-0.233616
0.763622,0.303582,1.17472,0.856221,-0.496823,0.141609,0.156285,-0.0121633,-0.987637,0.492403,0.867767,0.0672318
0.674556,0.380969,1.10211,0.647527,-0.690186,0.323036,0.374957,-0.0804745,-0.923543,0.663413,0.719143,0.206681
0.674556,0.303351,1.07008,0.647527,-0.759048,0.0674967,0.374957,0.240249,-0.89537,0.663413,0.605084,0.440178
0.674556,0.241371,1.01343,0.647527,-0.736357,-0.196183,0.374957,0.531995,-0.759203,0.663413,0.418044,0.620583
0.674556,0.202504,0.938996,0.647527,-0.62485,-0.436201,0.374957,0.759574,-0.531464,0.663413,0.180581,0.726137
0.674556,0.191439,0.85576,0.647527,-0.437978,-0.623606,0.374957,0.895538,-0.239623,0.663413,-0.0786632,0.744107
0.674556,0.209509,0.773758,0.647527,-0.198279,-0.735795,0.374957,0.923486,0.0811196,0.663413,-0.328419,0.672328
0.674556,0.254536,0.702883,0.647527,0.065336,-0.759237,0.374957,0.840049,0.392078,0.663413,-0.538563,0.519456
0.674556,0.321088,0.651682,0.647527,0.32107,-0.691103,0.374957,0.655289,0.655747,0.663413,-0.683748,0.303929
0.674556,0.401138,0.626331,0.647527,0.538078,-0.539612,0.374957,0.391491,0.840322,0.663413,-0.746462,0.0517448
0.674556,0.485031,0.629887,0.647527,0.690186,-0.323036,0.374957,0.0804745,0.923543,0.663413,-0.719143,-0.206681
0.674556,0.562649,0.661922,0.647527,0.759048,-0.0674967,0.374957,-0.240249,0.89537,0.663413,-0.605084,-0.440178
0.674556,0.624629,0.718572,0.647527,0.736357,0.196183,0.374957,-0.531995,0.759203,0.663413,-0.418044,-0.620583
0.674556,0.663496,0.793004,0.647527,0.62485,0.436201,0.374957,-0.759574,0.531464,0.663413,-0.180581,-0.726137
0.674556,0.674561,0.87624,0.647527,0.437978,0.623606,0.374957,-0.895538,0.239623,0.663413,0.0786632,-0.744107
0.674556,0.656491,0.958242,0.647527,0.198279,0.735795,0.374957,-0.923486,-0.0811196,0.663413,0.328419,-0.672328
0.674556,0.611464,1.02912,0.647527,-0.065336,0.759237,0.374957,-0.840049,-0.392078,0.663413,0.538563,-0.519456
0.674556,0.544912,1.08032,0.647527,-0.32107,0.691103,0.374957,-0.655289,-0.655747,0.663413,0.683748,-0.303929
0.674556,0.464862,1.10567,0.647527,-0.538078,0.539612,0.374957,-0.391491,-0.840322,0.663413,0.746462,-0.0517448
0.674556,0.380969,1.10211,0.647527,-0.690186,0.323036,0.374957,-0.0804745,-0.923543,0.663413,0.719143,0.206681
0.627155,0.475903,1.01304,0.360731,-0.819836,0.444682,0.548404,-0.199207,-0.812139,0.754404,0.536829,0.377741
0.627155,0.423026,1.01884,0.360731,-0.922484,0.137464,0.548404,0.0905743,-0.831294,0.754404,0.37526,0.538567
0.627155,0.371352,1.00622,0.360731,-0.913867,-0.186334,0.548404,0.369431,-0.750183,0.754404,0.168428,0.634433
0.627155,0.327113,0.976675,0.360731,-0.795024,-0.487658,0.548404,0.603729,-0.578588,0.754404,-0.0587184,0.653778
0.627155,0.295646,0.933785,0.360731,-0.580289,-0.730162,0.548404,0.765209,-0.337207,0.754404,-0.278783,0.594268
0.627155,0.280745,0.882719,0.360731,-0.295563,-0.884599,0.548404,0.834393,-0.0551544,0.754404,-0.465221,0.46308
0.627155,0.284209,0.829636,0.360731,0.0248118,-0.93234,0.548404,0.802937,0.233551,0.754404,-0.595548,0.276038
0.627155,0.30562,0.78094,0.360731,0.342194,-0.867627,0.548404,0.674635,0.494087,0.754404,-0.654042,0.0557011
0.627155,0.342394,0.742503,0.360731,0.618303,-0.698265,0.548404,0.464962,0.695028,0.754404,-0.63365,-0.171354
0.627155,0.390097,0.718962,0.360731,0.819836,-0.444682,0.548404,0.199207,0.812139,0.754404,-0.536829,-0.377741
0.627155,0.442974,0.713155,0.360731,0.922484,-0.137464,0.548404,-0.0905743,0.831294,0.754404,-0.37526,-0.538567
0.627155,0.494648,0.725784,0.360731,0.913867,0.186334,0.548404,-0.369431,0.750183,0.754404,-0.168428,-0.634433
0.627155,0.538887,0.755325,0.360731,0.795024,0.487658,0.548404,-0.603729,0.578588,0.754404,0.0587184,-0.653778
0.627155,0.570354,0.798215,0.360731,0.580289,0.730162,0.548404,-0.765209,0.337207,0.754404,0.278783,-0.594268
0.627155,0.585255,0.849281,0.360731,0.295563,0.884599,0.548404,-0.834393,0.0551544,0.754404,0.465221,-0.46308
0.627155,0.581791,0.902364,0.360731,-0.0248118,0.93234,0.548404,-0.802937,-0.233551,0.754404,0.595548,-0.276038
0.627155,0.56038,0.95106,0.360731,-0.342194,0.867627,0.548404,-0.674635,-0.494087,0.754404,0.654042,-0.0557011
0.627155,0.523606,0.989497,0.360731,-0.618303,0.698265,0.548404,-0.464962,-0.695028,0.754404,0.63365,0.171354
0.627155,0.475903,1.01304,0.360731,-0.819836,0.444682,0.548404,-0.199207,-0.812139,0.754404,0.536829,0.377741
0.627137,0.576936,0.918243,0.0304265,-0.870134,0.491875,0.655705,-0.354041,-0.666863,0.754404,0.342815,0.559779
0.627137,0.550387,0.964321,0.0304265,-0.98589,0.164608,0.655705,-0.104609,-0.747735,0.754404,0.130685,0.64327
0.627137,0.50968,0.99854,0.0304265,-0.982733,-0.182513,0.655705,0.15744,-0.73842,0.754404,-0.097207,0.649173
0.627137,0.459725,1.01677,0.0304265,-0.861043,-0.50762,0.655705,0.4005,-0.64004,0.754404,-0.313375,0.576776
0.627137,0.406545,1.01682,0.0304265,-0.6355,-0.771501,0.655705,0.595254,-0.464462,0.754404,-0.491745,0.434812
0.627137,0.356557,0.998677,0.0304265,-0.333306,-0.942328,0.655705,0.718211,-0.232862,0.754404,-0.610804,0.240403
0.627137,0.315789,0.964531,0.0304265,0.00909032,-0.999496,0.655705,0.754541,0.0268234,0.754404,-0.65619,0.0169975
0.627137,0.289158,0.9185,0.0304265,0.35039,-0.93611,0.655705,0.699862,0.283274,0.754404,-0.622431,-0.208458
0.627137,0.279877,0.866137,0.0304265,0.649427,-0.759815,0.655705,0.56077,0.505557,0.754404,-0.513597,-0.40877
0.627137,0.289064,0.813757,0.0304265,0.870134,-0.491875,0.655705,0.354041,0.666863,0.754404,-0.342815,-0.559779
0.627137,0.315613,0.767679,0.0304265,0.98589,-0.164608,0.655705,0.104609,0.747735,0.754404,-0.130685,-0.64327
0.627137,0.35632,0.73346,0.0304265,0.982733,0.182513,0.655705,-0.15744,0.73842,0.754404,0.097207,-0.649173
0.627137,0.406275,0.715227,0.0304265,0.861043,0.50762,0.655705,-0.4005,0.64004,0.754404,0.313375,-0.576776
0.627137,0.459455,0.715179,0.0304265,0.6355,0.771501,0.655705,-0.595254,0.464462,0.754404,0.491745,-0.434812
0.627137,0.509443,0.733323,0.0304265,0.333306,0.942328,0.655705,-0.718211,0.232862,0.754404,0.610804,-0.240403
0.627137,0.550211,0.767469,0.0304265,-0.00909032,0.999496,0.655705,-0.754541,-0.0268234,0.754404,0.65619,-0.0169975
0.627137,0.576842,0.8135,0.0304265,-0.35039,0.93611,0.655705,-0.699862,-0.283274,0.754404,0.622431,0.208458
0.627137,0.586123,0.865863,0.0304265,-0.649427,0.759815,0.655705,-0.56077,-0.505557,0.754404,0.513597,0.40877
0.627137,0.576936,0.918243,0.0304265,-0.870134,0.491875,0.655705,-0.354041,-0.666863,0.754404,0.342815,0.559779
0.674504,0.67188,0.829159,-0.303548,-0.835014,0.458923,0.683918,-0.5263,-0.505238,0.663411,0.160502,0.730838
0.674504,0.670074,0.913083,-0.303548,-0.941617,0.145655,0.683918,-0.321758,-0.654773,0.663411,-0.0991389,0.741658
0.674504,0.639673,0.991327,-0.303548,-0.934648,-0.185181,0.683918,-0.0784083,-0.725333,0.663411,-0.346822,0.663023
0.674504,0.584345,1.05446,-0.303548,-0.814946,-0.493682,0.683918,0.174399,-0.708408,0.663411,-0.552673,0.504418
0.674504,0.510762,1.09485,-0.303548,-0.59695,-0.742637,0.683918,0.406171,-0.606037,0.663411,-0.691864,0.284972
0.674504,0.4278,1.10765,-0.303548,-0.306953,-0.902019,0.683918,0.588953,-0.43057,0.663411,-0.747606,0.0311548
0.674504,0.345465,1.0913,-0.303548,0.0200677,-0.952605,0.683918,0.700698,-0.20317,0.663411,-0.713175,-0.22642
0.674504,0.273688,1.04777,-0.303548,0.344667,-0.888292,0.683918,0.727929,0.0487357,0.663411,-0.592725,-0.456686
0.674504,0.221127,0.98232,-0.303548,0.627695,-0.716838,0.683918,0.667361,0.294763,0.663411,-0.400784,-0.631868
0.674504,0.19412,0.902841,-0.303548,0.835014,-0.458923,0.683918,0.5263,0.505238,0.663411,-0.160502,-0.730838
0.674504,0.195926,0.818917,-0.303548,0.941617,-0.145655,0.683918,0.321758,0.654773,0.663411,0.0991389,-0.741658
0.674504,0.226327,0.740673,-0.303548,0.934648,0.185181,0.683918,0.0784083,0.725333,0.663411,0.346822,-0.663023
0.674504,0.281655,0.677545,-0.303548,0.814946,0.493682,0.683918,-0.174399,0.708408,0.663411,0.552673,-0.504418
0.674504,0.355238,0.637147,-0.303548,0.59695,0.742637,0.683918,-0.406171,0.606037,0.663411,0.691864,-0.284972
0.674504,0.4382,0.624352,-0.303548,0.306953,0.902019,0.683918,-0.588953,0.43057,0.663411,0.747606,-0.0311548
0.674504,0.520535,0.640704,-0.303548,-0.0200677,0.952605,0.683918,-0.700698,0.20317,0.663411,0.713175,0.22642
0.674504,0.592312,0.68423,-0.303548,-0.344667,0.888292,0.683918,-0.727929,-0.0487357,0.663411,0.592725,0.456686
0.674504,0.644873,0.74968,-0.303548,-0.627695,0.716838,0.683918,-0.667361,-0.294763,0.663411,0.400784,0.631868
0.674504,0.67188,0.829159,-0.303548,-0.835014,0.458923,0.683918,-0.5263,-0.505238,0.663411,0.160502,0.730838
0.763543,0.749283,0.756534,-0.60091,-0.718712,0.3498,0.629641,-0.695207,-0.346757,0.492402,0.0118787,0.870287
0.763543,0.767649,0.871311,-0.60091,-0.795007,0.0828909,0.629641,-0.534683,-0.563619,0.492402,-0.286493,0.821865
0.763543,0.745651,0.985447,-0.60091,-0.775412,-0.194016,0.629641,-0.309668,-0.712501,0.492402,-0.55031,0.674314
0.763543,0.685942,1.08518,-0.60091,-0.662292,-0.447522,0.629641,-0.0473033,-0.775445,0.492402,-0.747751,0.445431
0.763543,0.595725,1.15847,-0.60091,-0.469289,-0.647051,0.629641,0.220767,-0.744859,0.492402,-0.855003,0.162822
0.763543,0.485881,1.19649,-0.60091,-0.219683,-0.768535,0.629641,0.46221,-0.624431,0.492402,-0.859128,-0.139426
0.763543,0.369659,1.19464,-0.60091,0.0564199,-0.797323,0.629641,0.647904,-0.428688,0.492402,-0.75963,-0.424856
0.763543,0.261077,1.15316,-0.60091,0.325718,-0.729941,0.629641,0.75545,-0.181239,0.492402,-0.568509,-0.659043
0.763543,0.173231,1.07704,-0.60091,0.555729,-0.574519,0.629641,0.771878,0.08807,0.492402,-0.308818,-0.81374
0.763543,0.116717,0.975466,-0.60091,0.718712,-0.3498,0.629641,0.695207,0.346757,0.492402,-0.0118787,-0.870287
0.763543,0.0983512,0.860689,-0.60091,0.795007,-0.0828909,0.629641,0.534683,0.563619,0.492402,0.286493,-0.821865
0.763543,0.120349,0.746553,-0.60091,0.775412,0.194016,0.629641,0.309668,0.712501,0.492402,0.55031,-0.674314
0.763543,0.180058,0.646824,-0.60091,0.662292,0.447522,0.629641,0.0473033,0.775445,0.492402,0.747751,-0.445431
0.763543,0.270275,0.57353,-0.60091,0.469289,0.647051,0.629641,-0.220767,0.744859,0.492402,0.855003,-0.162822
0.763543,0.380119,0.535513,-0.60091,0.219683,0.768535,0.629641,-0.46221,0.624431,0.492402,0.859128,0.139426
0.763543,0.496341,0.537357,-0.60091,-0.0564199,0.797323,0.629641,-0.647904,0.428688,0.492402,0.75963,0.424856
0.763543,0.604923,0.578841,-0.60091,-0.325718,0.729941,0.629641,-0.75545,0.181239,0.492402,0.568509,0.659043
0.763543,0.692769,0.65496,-0.60091,-0.555729,0.574519,0.629641,-0.771878,-0.08807,0.492402,0.308818,0.81374
0.763543,0.749283,0.756534,-0.60091,-0.718712,0.3498,0.629641,-0.695207,-0.346757,0.492402,0.0118787,0.870287
0.883514,0.799811,0.709125,-0.825794,-0.535255,0.177668,0.499419,-0.84039,-0.210536,0.262001,-0.0851281,0.961306
0.883514,0.831344,0.844043,-0.825794,-0.563741,-0.0161145,0.499419,-0.717701,-0.485269,0.262001,-0.40878,0.874216
0.883514,0.814831,0.981608,-0.825794,-0.524232,-0.207954,0.499419,-0.508446,-0.701472,0.262001,-0.683127,0.681684
0.883514,0.752263,1.10523,-0.825794,-0.421493,-0.37471,0.499419,-0.237866,-0.833067,0.262001,-0.875079,0.40693
0.883514,0.651188,1.2,-0.825794,-0.267915,-0.496272,0.499419,0.0614049,-0.864182,0.262001,-0.961484,0.0830942
0.883514,0.523796,1.25448,-0.825794,-0.082023,-0.557975,0.499419,0.353269,-0.791063,0.262001,-0.931919,-0.250764
0.883514,0.385452,1.2621,-0.825794,0.113762,-0.552379,0.499419,0.602524,-0.622531,0.262001,-0.789951,-0.554376
0.883514,0.252844,1.22195,-0.825794,0.295826,-0.480157,0.499419,0.779106,-0.378913,0.262001,-0.552704,-0.791122
0.883514,0.141965,1.13887,-0.825794,0.442209,-0.350022,0.499419,0.861716,-0.0895916,0.262001,-0.248792,-0.932447
0.883514,0.0661891,1.02287,-0.825794,0.535255,-0.177668,0.499419,0.84039,0.210536,0.262001,0.0851281,-0.961306
0.883514,0.0346562,0.887957,-0.825794,0.563741,0.0161145,0.499419,0.717701,0.485269,0.262001,0.40878,-0.874216
0.883514,0.0511693,0.750392,-0.825794,0.524232,0.207954,0.499419,0.508446,0.701472,0.262001,0.683127,-0.681684
0.883514,0.113737,0.62677,-0.825794,0.421493,0.37471,0.499419,0.237866,0.833067,0.262001,0.875079,-0.40693
0.883514,0.214812,0.532003,-0.825794,0.267915,0.496272,0.499419,-0.0614049,0.864182,0.262001,0.961484,-0.0830942
0.883514,0.342204,0.477521,-0.825794,0.082023,0.557975,0.499419,-0.353269,0.791063,0.262001,0.931919,0.250764
0.883514,0.480548,0.469895,-0.825794,-0.113762,0.552379,0.499419,-0.602524,0.622531,0.262001,0.789951,0.554376
0.883514,0.613156,0.510045,-0.825794,-0.295826,0.480157,0.499419,-0.779106,0.378913,0.262001,0.552704,0.791122
0.883514,0.724035,0.593129,-0.825794,-0.442209,0.350022,0.499419,-0.861716,0.0895916,0.262001,0.248792,0.932447
0.883514,0.799811,0.709125,-0.825794,-0.535255,0.177668,0.499419,-0.84039,-0.210536,0.262001,-0.0851281,0.961306
0.875863,0.138559,1.13117,0.985232,-0.159561,-0.062121,-0.00862081,0.316114,-0.948682,0.17101,0.935207,0.31007
0.875863,0.065621,1.01448,0.985232,-0.128692,-0.112948,-0.00862081,0.621519,-0.783352,0.17101,0.772757,0.61123
0.875863,0.0369945,0.879872,0.985232,-0.0823003,-0.150151,-0.00862081,0.851959,-0.523538,0.17101,0.517101,0.838667
0.875863,0.0561322,0.743593,0.985232,-0.0259822,-0.169244,-0.00862081,0.97964,-0.200578,0.17101,0.199075,0.964948
0.875863,0.120726,0.622079,0.985232,0.0334697,-0.167924,-0.00862081,0.989162,0.146575,0.17101,-0.142962,0.974842
0.875863,0.222984,0.529985,0.985232,0.0888847,-0.14635,-0.00862081,0.879377,0.476049,0.17101,-0.467756,0.867156
0.875863,0.350573,0.47842,0.985232,0.133579,-0.107124,-0.00862081,0.663526,0.748104,0.17101,-0.736132,0.654878
0.875863,0.488105,0.473602,0.985232,0.162162,-0.0549765,-0.00862081,0.367643,0.929927,0.17101,-0.915719,0.363612
0.875863,0.61899,0.516113,0.985232,0.171185,0.00380148,-0.00862081,0.0274182,0.999587,0.17101,-0.984857,0.028489
0.875863,0.727441,0.600826,0.985232,0.159561,0.062121,-0.00862081,-0.316114,0.948682,0.17101,-0.935207,-0.31007
0.875863,0.800379,0.717523,0.985232,0.128692,0.112948,-0.00862081,-0.621519,0.783352,0.17101,-0.772757,-0.61123
0.875863,0.829005,0.852128,0.985232,0.0823003,0.150151,-0.00862081,-0.851959,0.523538,0.17101,-0.517101,-0.838667
0.875863,0.809868,0.988407,0.985232,0.0259822,0.169244,-0.00862081,-0.97964,0.200578,0.17101,-0.199075,-0.964948
0.875863,0.745274,1.10992,0.985232,-0.0334697,0.167924,-0.00862081,-0.989162,-0.146575,0.17101,0.142962,-0.974842
0.875863,0.643016,1.20201,0.985232,-0.0888847,0.14635,-0.00862081,-0.879377,-0.476049,0.17101,0.467756,-0.867156
0.875863,0.515427,1.25358,0.985232,-0.133579,0.107124,-0.00862081,-0.663526,-0.748104,0.17101,0.736132,-0.654878
0.875863,0.377895,1.2584,0.985232,-0.162162,0.0549765,-0.00862081,-0.367643,-0.929927,0.17101,0.915719,-0.363612
0.875863,0.24701,1.21589,0.985232,-0.171185,-0.00380148,-0.00862081,-0.0274182,-0.999587,0.17101,0.984857,-0.028489
0.875863,0.138559,1.13117,0.985232,-0.159561,-0.062121,-0.00862081,0.316114,-0.948682,0.17101,0.935207,0.31007
0.749059,0.191933,1.08109,0.900555,-0.40205,0.165399,0.292759,0.279578,-0.914401,0.321393,0.87189,0.369479
0.749059,0.132904,0.985673,0.900555,-0.434373,0.0179154,0.292759,0.57546,-0.763634,0.321393,0.69294,0.6454
0.749059,0.110072,0.875817,0.900555,-0.414305,-0.131729,0.292759,0.801934,-0.520763,0.321393,0.43041,0.843477
0.749059,0.126189,0.764777,0.900555,-0.344265,-0.265486,0.292759,0.931683,-0.215079,0.321393,0.115967,0.939818
0.749059,0.179312,0.665946,0.900555,-0.232702,-0.367221,0.292759,0.949057,0.116546,0.321393,-0.212463,0.922803
0.749059,0.263034,0.591244,0.900555,-0.0930713,-0.424663,0.292759,0.851961,0.434114,0.321393,-0.515267,0.794485
0.749059,0.367256,0.549682,0.900555,0.0577849,-0.430885,0.292759,0.652105,0.699322,0.321393,-0.755923,0.57034
0.749059,0.479408,0.546273,0.900555,0.201671,-0.385136,0.292759,0.373597,0.880181,0.321393,-0.905403,0.277403
0.749059,0.585963,0.581427,0.900555,0.321233,-0.292934,0.292759,0.0500265,0.954877,0.321393,-0.945678,-0.0489923
0.749059,0.674067,0.650906,0.900555,0.40205,-0.165399,0.292759,-0.279578,0.914401,0.321393,-0.87189,-0.369479
0.749059,0.733096,0.746327,0.900555,0.434373,-0.0179154,0.292759,-0.57546,0.763634,0.321393,-0.69294,-0.6454
0.749059,0.755928,0.856183,0.900555,0.414305,0.131729,0.292759,-0.801934,0.520763,0.321393,-0.43041,-0.843477
0.749059,0.739811,0.967223,0.900555,0.344265,0.265486,0.292759,-0.931683,0.215079,0.321393,-0.115967,-0.939818
0.749059,0.686688,1.06605,0.900555,0.232702,0.367221,0.292759,-0.949057,-0.116546,0.321393,0.212463,-0.922803
0.749059,0.602966,1.14076,0.900555,0.0930713,0.424663,0.292759,-0.851961,-0.434114,0.321393,0.515267,-0.794485
0.749059,0.498744,1.18232,0.900555,-0.0577849,0.430885,0.292759,-0.652105,-0.699322,0.321393,0.755923,-0.57034
0.749059,0.386592,1.18573,0.900555,-0.201671,0.385136,0.292759,-0.373597,-0.880181,0.321393,0.905403,-0.277403
0.749059,0.280037,1.15057,0.900555,-0.321233,0.292934,0.292759,-0.0500265,-0.954877,0.321393,0.945678,0.0489923
0.749059,0.191933,1.08109,0.900555,-0.40205,0.165399,0.292759,0.279578,-0.914401,0.321393,0.87189,0.369479
0.654934,0.273715,1.00436,0.707258,-0.608795,0.359382,0.558827,0.170074,-0.811657,0.433011,0.774883,0.460497
0.654934,0.235999,0.941537,0.707258,-0.694996,0.129489,0.558827,0.43742,-0.704539,0.433011,0.570653,0.697752
0.654934,0.222045,0.869604,0.707258,-0.69737,-0.116023,0.558827,0.652007,-0.512444,0.433011,0.297593,0.850847
0.654934,0.233534,0.797235,0.707258,-0.615631,-0.347541,0.558827,0.787952,-0.25854,0.433011,-0.0113609,0.901317
0.654934,0.269082,0.733161,0.707258,-0.459638,-0.53714,0.558827,0.828859,0.0265476,0.433011,-0.318944,0.843075
0.654934,0.324401,0.685109,0.707258,-0.248206,-0.661952,0.558827,0.769793,0.308433,0.433011,-0.588058,0.683146
0.654934,0.392819,0.658875,0.707258,-0.00683666,-0.706923,0.558827,0.617878,0.553117,0.433011,-0.786244,0.44082
0.654934,0.466083,0.657624,0.707258,0.235357,-0.666628,0.558827,0.391439,0.731087,0.433011,-0.889597,0.145324
0.654934,0.535357,0.681505,0.707258,0.449164,-0.545929,0.558827,0.117786,0.820877,0.433011,-0.885651,-0.1677
0.654934,0.592285,0.72764,0.707258,0.608795,-0.359382,0.558827,-0.170074,0.811657,0.433011,-0.774883,-0.460497
0.654934,0.630001,0.790463,0.707258,0.694996,-0.129489,0.558827,-0.43742,0.704539,0.433011,-0.570653,-0.697752
0.654934,0.643955,0.862396,0.707258,0.69737,0.116023,0.558827,-0.652007,0.512444,0.433011,-0.297593,-0.850847
0.654934,0.632466,0.934765,0.707258,0.615631,0.347541,0.558827,-0.787952,0.25854,0.433011,0.0113609,-0.901317
0.654934,0.596918,0.998839,0.707258,0.459638,0.53714,0.558827,-0.828859,-0.0265476,0.433011,0.318944,-0.843075
0.654934,0.541599,1.04689,0.707258,0.248206,0.661952,0.558827,-0.769793,-0.308433,0.433011,0.588058,-0.683146
0.654934,0.473181,1.07312,0.707258,0.00683666,0.706923,0.558827,-0.617878,-0.553117,0.433011,0.786244,-0.44082
0.654934,0.399917,1.07438,0.707258,-0.235357,0.666628,0.558827,-0.391439,-0.731087,0.433011,0.889597,-0.145324
