0.658953,0.196275,0.892609,0.308961,-0.0237694,0.950778,0.951075,0.00772528,-0.308864,-3.49349e-06,0.999688,0.0249933
0.907818,0.157005,0.583108,0.92986,0.295885,-0.218662,-0.179072,0.883157,0.433551,0.321394,-0.363985,0.874197
0.907818,0.280203,0.514201,0.92986,0.352828,-0.104277,-0.179072,0.681613,0.709462,0.321394,-0.641027,0.696986
0.907818,0.419539,0.491586,0.92986,0.367215,0.0226864,-0.179072,0.397856,0.899802,0.321394,-0.840752,0.435709
0.907818,0.558207,0.51799,0.92986,0.33731,0.146913,-0.179072,0.0661124,0.981612,0.321394,-0.939069,0.121878
0.907818,0.679481,0.590229,0.92986,0.26672,0.25342,-0.179072,-0.273606,0.945025,0.321394,-0.924121,-0.206653
0.907818,0.768735,0.69959,0.92986,0.16396,0.32936,-0.179072,-0.580323,0.794455,0.321394,-0.797711,-0.510258
0.907818,0.815202,0.832882,0.92986,0.0414244,0.365575,-0.179072,-0.817045,0.548061,0.321394,-0.575084,-0.752319
0.907818,0.813278,0.974028,0.92986,-0.0861079,0.357696,-0.179072,-0.955219,0.235563,0.321394,-0.283094,-0.903639
0.907818,0.763196,1.106,0.92986,-0.203254,0.306674,-0.179072,-0.978179,-0.105347,0.321394,0.0430412,-0.945967
0.907818,0.670995,1.21289,0.92986,-0.295885,0.218662,-0.179072,-0.883157,-0.433551,0.321394,0.363985,-0.874197
0.907818,0.547797,1.2818,0.92986,-0.352828,0.104277,-0.179072,-0.681613,-0.709462,0.321394,0.641027,-0.696986
0.907818,0.408461,1.30441,0.92986,-0.367215,-0.0226864,-0.179072,-0.397856,-0.899802,0.321394,0.840752,-0.435709
0.907818,0.269793,1.27801,0.92986,-0.33731,-0.146913,-0.179072,-0.0661124,-0.981612,0.321394,0.939069,-0.121878
0.907818,0.148519,1.20577,0.92986,-0.26672,-0.25342,-0.179072,0.273606,-0.945025,0.321394,0.924121,0.206653
0.907818,0.0592652,1.09641,0.92986,-0.16396,-0.32936,-0.179072,0.580323,-0.794455,0.321394,0.797711,0.510258
0.907818,0.012798,0.963118,0.92986,-0.0414244,-0.365575,-0.179072,0.817045,-0.548061,0.321394,0.575084,0.752319
0.907818,0.0147217,0.821972,0.92986,0.0861079,-0.357696,-0.179072,0.955219,-0.235563,0.321394,0.283094,0.903639
0.907818,0.0648043,0.689996,0.92986,0.203254,-0.306674,-0.179072,0.978179,0.105347,0.321394,-0.0430412,0.945967
0.907818,0.157005,0.583108,0.92986,0.295885,-0.218662,-0.179072,0.883157,0.433551,0.321394,-0.363985,0.874197
0.809114,0.155581,0.640056,0.796489,0.303493,-0.522969,-0.0275851,0.882247,0.469979,0.604023,-0.359907,0.711072
0.809114,0.259388,0.567227,0.796489,0.464056,-0.387629,-0.0275851,0.668298,0.743382,0.604023,-0.581403,0.545094
0.809114,0.381843,0.534295,0.796489,0.568647,-0.205536,-0.0275851,0.373743,0.927122,0.604023,-0.732773,0.313369
0.809114,0.508177,0.545231,0.796489,0.604651,0.00134811,-0.0275851,0.0341096,0.999037,0.604023,-0.79576,0.0438473
0.809114,0.623151,0.598716,0.796489,0.567725,0.20807,-0.0275851,-0.309638,0.950454,0.604023,-0.762766,-0.230963
0.809114,0.712899,0.688299,0.796489,0.462323,0.389695,-0.0275851,-0.616039,0.787232,0.604023,-0.637772,-0.477916
0.809114,0.766595,0.803175,0.796489,0.301158,0.524317,-0.0275851,-0.848137,0.529058,0.604023,-0.435853,-0.667225
0.809114,0.777763,0.929488,0.796489,0.103669,0.595699,-0.0275851,-0.977937,0.207072,0.604023,-0.181363,-0.776056
0.809114,0.745056,1.052,0.796489,-0.106324,0.595231,-0.0275851,-0.989783,-0.13989,0.604023,0.0950011,-0.791284
0.809114,0.672419,1.15594,0.796489,-0.303493,0.522969,-0.0275851,-0.882247,-0.469979,0.604023,0.359907,-0.711072
0.809114,0.568612,1.22877,0.796489,-0.464056,0.387629,-0.0275851,-0.668298,-0.743382,0.604023,0.581403,-0.545094
0.809114,0.446157,1.2617,0.796489,-0.568647,0.205536,-0.0275851,-0.373743,-0.927122,0.604023,0.732773,-0.313369
0.809114,0.319823,1.25077,0.796489,-0.604651,-0.00134811,-0.0275851,-0.0341096,-0.999037,0.604023,0.79576,-0.0438473
0.809114,0.204849,1.19728,0.796489,-0.567725,-0.20807,-0.0275851,0.309638,-0.950454,0.604023,0.762766,0.230963
0.809114,0.115101,1.1077,0.796489,-0.462323,-0.389695,-0.0275851,0.616039,-0.787232,0.604023,0.637772,0.477916
0.809114,0.0614045,0.992825,0.796489,-0.301158,-0.524317,-0.0275851,0.848137,-0.529058,0.604023,0.435853,0.667225
0.809114,0.0502365,0.866512,0.796489,-0.103669,-0.595699,-0.0275851,0.977937,-0.207072,0.604023,0.181363,0.776056
0.809114,0.0829437,0.743996,0.796489,0.106324,-0.595231,-0.0275851,0.989783,0.13989,0.604023,-0.0950011,0.791284
0.809114,0.155581,0.640056,0.796489,0.303493,-0.522969,-0.0275851,0.882247,0.469979,0.604023,-0.359907,0.711072
0.735846,0.1534,0.727318,0.567051,0.309502,-0.763323,0.127229,0.882686,0.452414,0.813797,-0.353659,0.46115
0.735846,0.227493,0.64848,0.567051,0.551908,-0.611433,0.127229,0.674718,0.727027,0.813797,-0.490053,0.312381
0.735846,0.324081,0.599739,0.567051,0.727747,-0.385795,0.127229,0.38537,0.913949,0.813797,-0.56734,0.125934
0.735846,0.431515,0.586972,0.567051,0.815808,-0.113625,0.127229,0.0495404,0.990635,0.813797,-0.576197,-0.0757027
0.735846,0.536837,0.61172,0.567051,0.805471,0.17225,0.127229,-0.292264,0.947837,0.813797,-0.515556,-0.268208
0.735846,0.627342,0.670998,0.567051,0.697982,0.437349,0.127229,-0.598818,0.790715,0.813797,-0.392732,-0.428364
0.735846,0.692116,0.757655,0.567051,0.506306,0.649698,0.127229,-0.833145,0.538221,0.813797,-0.222538,-0.536853
0.735846,0.723344,0.86124,0.567051,0.253562,0.783683,0.127229,-0.966983,0.22081,0.813797,-0.025503,-0.580589
0.735846,0.717261,0.969259,0.567051,-0.0297648,0.823145,0.127229,-0.984188,-0.123234,0.813797,0.174608,-0.554298
0.735846,0.6746,1.06868,0.567051,-0.309502,0.763323,0.127229,-0.882686,-0.452414,0.813797,0.353659,-0.46115
0.735846,0.600507,1.14752,0.567051,-0.551908,0.611433,0.127229,-0.674718,-0.727027,0.813797,0.490053,-0.312381
0.735846,0.503919,1.19626,0.567051,-0.727747,0.385795,0.127229,-0.38537,-0.913949,0.813797,0.56734,-0.125934
0.735846,0.396485,1.20903,0.567051,-0.815808,0.113625,0.127229,-0.0495404,-0.990635,0.813797,0.576197,0.0757027
0.735846,0.291163,1.18428,0.567051,-0.805471,-0.17225,0.127229,0.292264,-0.947837,0.813797,0.515556,0.268208
0.735846,0.200658,1.125,0.567051,-0.697982,-0.437349,0.127229,0.598818,-0.790715,0.813797,0.392732,0.428364
0.735846,0.135884,1.03835,0.567051,-0.506306,-0.649698,0.127229,0.833145,-0.538221,0.813797,0.222538,0.536853
0.735846,0.104656,0.93476,0.567051,-0.253562,-0.783683,0.127229,0.966983,-0.22081,0.813797,0.025503,0.580589
0.735846,0.110739,0.826741,0.567051,0.0297648,-0.823145,0.127229,0.984188,0.123234,0.813797,-0.174608,0.554298
0.735846,0.1534,0.727318,0.567051,0.309502,-0.763323,0.127229,0.882686,0.452414,0.813797,-0.353659,0.46115
0.696852,0.150723,0.834368,0.269218,0.313187,-0.910734,0.266698,0.884422,0.382976,0.925416,-0.345995,0.154576
0.696852,0.188364,0.748159,0.269218,0.605789,-0.748693,0.266698,0.700099,0.66237,0.925416,-0.377997,0.0269165
0.696852,0.25322,0.680024,0.269218,0.825323,-0.49635,0.266698,0.431334,0.861872,0.925416,-0.364407,-0.103989
0.696852,0.337469,0.63818,0.269218,0.945312,-0.184139,0.266698,0.110544,0.95742,0.925416,-0.306864,-0.222352
0.696852,0.430948,0.627674,0.269218,0.951282,0.150282,0.266698,-0.22358,0.937488,0.925416,-0.212309,-0.313896
0.696852,0.522383,0.649773,0.269218,0.842513,0.466576,0.266698,-0.530736,0.804482,0.925416,-0.092146,-0.36758
0.696852,0.600745,0.701812,0.269218,0.632125,0.726595,0.266698,-0.773878,0.574443,0.925416,0.0391309,-0.376928
0.696852,0.656584,0.777514,0.269218,0.345493,0.898975,0.266698,-0.923679,0.275118,0.925416,0.165688,-0.340813
0.696852,0.683163,0.867749,0.269218,0.0171896,0.962926,0.266698,-0.96207,-0.0573898,0.925416,0.272261,-0.263591
0.696852,0.677277,0.961632,0.269218,-0.313187,0.910734,0.266698,-0.884422,-0.382976,0.925416,0.345995,-0.154576
0.696852,0.639636,1.04784,0.269218,-0.605789,0.748693,0.266698,-0.700099,-0.66237,0.925416,0.377997,-0.0269165
0.696852,0.57478,1.11598,0.269218,-0.825323,0.49635,0.266698,-0.431334,-0.861872,0.925416,0.364407,0.103989
0.696852,0.490531,1.15782,0.269218,-0.945312,0.184139,0.266698,-0.110544,-0.95742,0.925416,0.306864,0.222352
0.696852,0.397052,1.16833,0.269218,-0.951282,-0.150282,0.266698,0.22358,-0.937488,0.925416,0.212309,0.313896
0.696852,0.305617,1.14623,0.269218,-0.842513,-0.466576,0.266698,0.530736,-0.804482,0.925416,0.092146,0.36758
0.696852,0.227255,1.09419,0.269218,-0.632125,-0.726595,0.266698,0.773878,-0.574443,0.925416,-0.0391309,0.376928
0.696852,0.171416,1.01849,0.269218,-0.345493,-0.898975,0.266698,0.923679,-0.275118,0.925416,-0.165688,0.340813
0.696852,0.144837,0.928251,0.269218,-0.0171896,-0.962926,0.266698,0.96207,0.0573898,0.925416,-0.272261,0.263591
0.696852,0.150723,0.834368,0.269218,0.313187,-0.910734,0.266698,0.884422,0.382976,0.925416,-0.345995,0.154576
0.696834,0.147875,0.948295,-0.061087,0.314104,-0.947421,0.373999,0.887245,0.270039,0.925415,-0.337838,-0.171674
0.696834,0.146723,0.854242,-0.061087,0.619199,-0.782855,0.373999,0.741379,0.55721,0.925415,-0.258748,-0.276868
0.696834,0.177808,0.765466,-0.061087,0.849608,-0.523864,0.373999,0.506091,0.777172,0.925415,-0.148449,-0.348668
0.696834,0.237381,0.692677,-0.061087,0.977543,-0.201688,0.373999,0.209762,0.903396,0.925415,-0.0202454,-0.378414
0.696834,0.318257,0.644652,-0.061087,0.987571,0.144814,0.373999,-0.111868,0.920658,0.925415,0.110401,-0.362517
0.696834,0.410681,0.627185,-0.061087,0.878484,0.47385,0.373999,-0.420005,0.826874,0.925415,0.227731,-0.302895
0.696834,0.503506,0.642382,-0.061087,0.663439,0.745733,0.373999,-0.677483,0.633357,0.925415,0.317593,-0.20674
0.696834,0.585534,0.68841,-0.061087,0.368373,0.927669,0.373999,-0.853247,0.363448,0.925415,0.369149,-0.0856486
0.696834,0.646874,0.759718,-0.061087,0.0288757,0.997715,0.373999,-0.926096,0.0497017,0.925415,0.37618,0.045773
0.696834,0.680125,0.847705,-0.061087,-0.314104,0.947421,0.373999,-0.887245,-0.270039,0.925415,0.337838,0.171674
0.696834,0.681277,0.941758,-0.061087,-0.619199,0.782855,0.373999,-0.741379,-0.55721,0.925415,0.258748,0.276868
0.696834,0.650192,1.03053,-0.061087,-0.849608,0.523864,0.373999,-0.506091,-0.777172,0.925415,0.148449,0.348668
0.696834,0.590619,1.10332,-0.061087,-0.977543,0.201688,0.373999,-0.209762,-0.903396,0.925415,0.0202454,0.378414
0.696834,0.509743,1.15135,-0.061087,-0.987571,-0.144814,0.373999,0.111868,-0.920658,0.925415,-0.110401,0.362517
0.696834,0.417319,1.16882,-0.061087,-0.878484,-0.47385,0.373999,0.420005,-0.826874,0.925415,-0.227731,0.302895
0.696834,0.324494,1.15362,-0.061087,-0.663439,-0.745733,0.373999,0.677483,-0.633357,0.925415,-0.317593,0.20674
0.696834,0.242466,1.10759,-0.061087,-0.368373,-0.927669,0.373999,0.853247,-0.363448,0.925415,-0.369149,0.0856486
0.696834,0.181126,1.03628,-0.061087,-0.0288757,-0.997715,0.373999,0.926096,-0.0497017,0.925415,-0.37618,-0.045773
0.696834,0.147875,0.948295,-0.061087,0.314104,-0.947421,0.373999,0.887245,0.270039,0.925415,-0.337838,-0.171674
0.735794,0.145199,1.05536,-0.384024,0.312143,-0.868961,0.43619,0.890815,0.127226,0.813796,-0.330174,-0.478248
0.735794,0.10759,0.953932,-0.384024,0.59052,-0.709797,0.43619,0.793579,0.42423,0.813796,-0.146692,-0.562332
0.735794,0.106939,0.845761,-0.384024,0.797672,-0.465021,0.43619,0.600625,0.670066,0.813796,0.0544838,-0.578591
0.735794,0.143324,0.74389,-0.384024,0.908613,-0.164157,0.43619,0.335227,0.835082,0.813796,0.249088,-0.525063
0.735794,0.212356,0.660607,-0.384024,0.909962,0.156507,0.43619,0.0293955,0.899374,0.813796,0.413648,-0.408205
0.735794,0.30571,0.605958,-0.384024,0.801556,0.458294,0.43619,-0.279981,0.855189,0.813796,0.528316,-0.242111
0.735794,0.412125,0.586533,-0.384024,0.596471,0.704804,0.43619,-0.555588,0.707856,0.813796,0.579262,-0.0468152
0.735794,0.518766,0.604675,-0.384024,0.319442,0.866304,0.43619,-0.764183,0.475144,0.813796,0.56034,0.154127
0.735794,0.612771,0.658197,-0.384024,0.0038838,0.923315,0.43619,-0.880606,0.185124,0.813796,0.473833,0.33648
0.735794,0.682801,0.740643,-0.384024,-0.312143,0.868961,0.43619,-0.890815,-0.127226,0.813796,0.330174,0.478248
0.735794,0.72041,0.842068,-0.384024,-0.59052,0.709797,0.43619,-0.793579,-0.42423,0.813796,0.146692,0.562332
0.735794,0.721061,0.950239,-0.384024,-0.797672,0.465021,0.43619,-0.600625,-0.670066,0.813796,-0.0544838,0.578591
0.735794,0.684676,1.05211,-0.384024,-0.908613,0.164157,0.43619,-0.335227,-0.835082,0.813796,-0.249088,0.525063
0.735794,0.615644,1.13539,-0.384024,-0.909962,-0.156507,0.43619,-0.0293955,-0.899374,0.813796,-0.413648,0.408205
0.735794,0.52229,1.19004,-0.384024,-0.801556,-0.458294,0.43619,0.279981,-0.855189,0.813796,-0.528316,0.242111
0.735794,0.415875,1.20947,-0.384024,-0.596471,-0.704804,0.43619,0.555588,-0.707856,0.813796,-0.579262,0.0468152
0.735794,0.309234,1.19132,-0.384024,-0.319442,-0.866304,0.43619,0.764183,-0.475144,0.813796,-0.56034,-0.154127
0.735794,0.215229,1.1378,-0.384024,-0.0038838,-0.923315,0.43619,0.880606,-0.185124,0.813796,-0.473833,-0.33648
0.735794,0.145199,1.05536,-0.384024,0.312143,-0.868961,0.43619,0.890815,0.127226,0.813796,-0.330174,-0.478248
0.809034,0.143017,1.14264,-0.660642,0.307539,-0.684815,0.44577,0.894702,-0.0282389,0.604021,-0.323926,-0.728169
0.809034,0.0756864,1.03521,-0.660642,0.523213,-0.538331,0.44577,0.850403,0.27947,0.604021,-0.0553424,-0.795044
0.809034,0.0491617,0.911222,-0.660642,0.67578,-0.326917,0.44577,0.703533,0.553471,0.604021,0.219916,-0.766026
0.809034,0.066642,0.785643,-0.660642,0.746837,-0.076071,0.44577,0.471807,0.760715,0.604021,0.46865,-0.644613
0.809034,0.126019,0.673615,-0.660642,0.727815,0.18395,0.44577,0.183173,0.876206,0.604021,0.660857,-0.44545
0.809034,0.22013,0.588652,-0.660642,0.621008,0.421784,0.44577,-0.127553,0.886013,0.604021,0.773356,-0.19256
0.809034,0.337625,0.541,-0.660642,0.439298,0.608744,0.44577,-0.422895,0.788954,0.604021,0.792576,0.0835564
0.809034,0.464332,0.536408,-0.660642,0.204602,0.722281,0.44577,-0.66723,0.596736,0.604021,0.7162,0.349594
0.809034,0.584969,0.57543,-0.660642,-0.0547716,0.748701,0.44577,-0.831087,0.332542,0.604021,0.553439,0.573466
0.809034,0.684983,0.653358,-0.660642,-0.307539,0.684815,0.44577,-0.894702,0.0282389,0.604021,0.323926,0.728169
0.809034,0.752314,0.760793,-0.660642,-0.523213,0.538331,0.44577,-0.850403,-0.27947,0.604021,0.0553424,0.795044
0.809034,0.778838,0.884778,-0.660642,-0.67578,0.326917,0.44577,-0.703533,-0.553471,0.604021,-0.219916,0.766026
0.809034,0.761358,1.01036,-0.660642,-0.746837,0.076071,0.44577,-0.471807,-0.760715,0.604021,-0.46865,0.644613
0.809034,0.701981,1.12238,-0.660642,-0.727815,-0.18395,0.44577,-0.183173,-0.876206,0.604021,-0.660857,0.44545
0.809034,0.60787,1.20735,-0.660642,-0.621008,-0.421784,0.44577,0.127553,-0.886013,0.604021,-0.773356,0.19256
0.809034,0.490375,1.255,-0.660642,-0.439298,-0.608744,0.44577,0.422895,-0.788954,0.604021,-0.792576,-0.0835564
0.809034,0.363668,1.25959,-0.660642,-0.204602,-0.722281,0.44577,0.66723,-0.596736,0.604021,-0.7162,-0.349594
0.809034,0.243031,1.22057,-0.660642,0.0547716,-0.748701,0.44577,0.831087,-0.332542,0.604021,-0.553439,-0.573466
0.809034,0.143017,1.14264,-0.660642,0.307539,-0.684815,0.44577,0.894702,-0.0282389,0.604021,-0.323926,-0.728169
0.90772,0.141592,1.19962,-0.857576,0.300849,-0.417196,0.401584,0.898436,-0.177604,0.321392,-0.319848,-0.891294
0.90772,0.0548598,1.08826,-0.857576,0.425395,-0.28914,0.401584,0.904998,0.14039,0.321392,0.0042816,-0.946936
0.90772,0.011445,0.953955,-0.857576,0.498632,-0.126209,0.401584,0.802403,0.441451,0.321392,0.327895,-0.888365
0.90772,0.0165844,0.812898,-0.857576,0.511727,0.0519445,0.401584,0.603027,0.689267,0.321392,0.611959,-0.722643
0.90772,0.0696579,0.682107,-0.857576,0.4631,0.223833,0.401584,0.330917,0.853946,0.321392,0.822212,-0.46976
0.90772,0.164264,0.577355,-0.857576,0.358616,0.368723,0.401584,0.0188936,0.915627,0.321392,0.933294,-0.160217
0.90772,0.288992,0.511277,-0.857576,0.210878,0.469141,0.401584,-0.295409,0.86687,0.321392,0.931807,0.16865
0.90772,0.428798,0.491844,-0.857576,0.0377051,0.512973,0.401584,-0.574081,0.713556,0.321392,0.81793,0.477176
0.90772,0.566819,0.5214,-0.857576,-0.140016,0.494933,0.401584,-0.78351,0.474176,0.321392,0.605399,0.728148
0.90772,0.686408,0.596379,-0.857576,-0.300849,0.417196,0.401584,-0.898436,0.177604,0.321392,0.319848,0.891294
0.90772,0.77314,0.707738,-0.857576,-0.425395,0.28914,0.401584,-0.904998,-0.14039,0.321392,-0.0042816,0.946936
0.90772,0.816555,0.842045,-0.857576,-0.498632,0.126209,0.401584,-0.802403,-0.441451,0.321392,-0.327895,0.888365
0.90772,0.811416,0.983102,-0.857576,-0.511727,-0.0519445,0.401584,-0.603027,-0.689267,0.321392,-0.611959,0.722643
0.90772,0.758342,1.11389,-0.857576,-0.4631,-0.223833,0.401584,-0.330917,-0.853946,0.321392,-0.822212,0.46976
0.90772,0.663736,1.21865,-0.857576,-0.358616,-0.368723,0.401584,-0.0188936,-0.915627,0.321392,-0.933294,0.160217
0.90772,0.539008,1.28472,-0.857576,-0.210878,-0.469141,0.401584,0.295409,-0.86687,0.321392,-0.931807,-0.16865
0.90772,0.399202,1.30416,-0.857576,-0.0377051,-0.512973,0.401584,0.574081,-0.713556,0.321392,-0.81793,-0.477176
0.90772,0.261181,1.2746,-0.857576,0.140016,-0.494933,0.401584,0.78351,-0.474176,0.321392,-0.605399,-0.728148
0.90772,0.141592,1.19962,-0.857576,0.300849,-0.417196,0.401584,0.898436,-0.177604,0.321392,-0.319848,-0.891294
0.883612,0.286827,0.519829,0.961642,0.240069,-0.132709,-0.0812368,0.711337,0.69814,0.262003,-0.66058,0.703554
0.883612,0.423838,0.499139,0.961642,0.27098,-0.0425972,-0.0812368,0.42966,0.899329,0.262003,-0.861372,0.435193
0.883612,0.559663,0.526559,0.961642,0.269207,0.0526525,-0.0812368,0.0961602,0.992045,0.262003,-0.95827,0.114341
0.883612,0.677919,0.598779,0.961642,0.234964,0.141552,-0.0812368,-0.248938,0.965106,0.262003,-0.939586,-0.220302
0.883612,0.764343,0.70709,0.961642,0.172381,0.213377,-0.0812368,-0.564011,0.821761,0.262003,-0.807574,-0.528373
0.883612,0.808509,0.838428,0.961642,0.0890054,0.259467,-0.0812368,-0.811056,0.5793,0.262003,-0.578157,-0.772715
0.883612,0.805093,0.97695,0.961642,-0.00510518,0.274261,-0.0812368,-0.960276,0.266966,0.262003,-0.279006,-0.923856
0.883612,0.754504,1.10595,0.961642,-0.0986,0.255975,-0.0812368,-0.993672,-0.0775676,0.262003,0.0537977,-0.963566
0.883612,0.662846,1.20987,0.961642,-0.180202,0.206814,-0.0812368,-0.907216,-0.412745,0.262003,0.380112,-0.887056
0.883612,0.541173,1.27617,0.961642,-0.240069,0.132709,-0.0812368,-0.711337,-0.69814,0.262003,0.66058,-0.703554
0.883612,0.404162,1.29686,0.961642,-0.27098,0.0425972,-0.0812368,-0.42966,-0.899329,0.262003,0.861372,-0.435193
0.883612,0.268337,1.26944,0.961642,-0.269207,-0.0526525,-0.0812368,-0.0961602,-0.992045,0.262003,0.95827,-0.114341
0.883612,0.150081,1.19722,0.961642,-0.234964,-0.141552,-0.0812368,0.248938,-0.965106,0.262003,0.939586,0.220302
0.883612,0.0636573,1.08891,0.961642,-0.172381,-0.213377,-0.0812368,0.564011,-0.821761,0.262003,0.807574,0.528373
0.883612,0.0194905,0.957572,0.961642,-0.0890054,-0.259467,-0.0812368,0.811056,-0.5793,0.262003,0.578157,0.772715
0.883612,0.0229074,0.81905,0.961642,0.00510518,-0.274261,-0.0812368,0.960276,-0.266966,0.262003,0.279006,0.923856
0.883612,0.0734958,0.690049,0.961642,0.0986,-0.255975,-0.0812368,0.993672,0.0775676,0.262003,-0.0537977,0.963566
0.883612,0.165154,0.586131,0.961642,0.180202,-0.206814,-0.0812368,0.907216,0.412745,0.262003,-0.380112,0.887056
0.883612,0.286827,0.519829,0.961642,0.240069,-0.132709,-0.0812368,0.711337,0.69814,0.262003,-0.66058,0.703554
0.763622,0.285096,0.589062,0.856221,0.24808,-0.453147,0.156285,0.711668,0.684911,0.492403,-0.657255,0.570574
0.763622,0.398533,0.563606,0.856221,0.388105,-0.340971,0.156285,0.434496,0.887011,0.492403,-0.812766,0.311369
0.763622,0.513835,0.578482,0.856221,0.481318,-0.187668,0.156285,0.104917,0.982124,0.492403,-0.870245,0.0146091
0.763622,0.617096,0.631897,0.856221,0.516477,-0.0117298,0.156285,-0.237316,0.958778,0.492403,-0.822759,-0.283913
0.763622,0.69586,0.717408,0.856221,0.489342,0.165623,0.156285,-0.550926,0.81979,0.492403,-0.676037,-0.548191
0.763622,0.740628,0.824701,0.856221,0.403184,0.322999,0.156285,-0.798086,0.581923,0.492403,-0.447774,-0.746349
0.763622,0.746,0.940835,0.856221,0.268397,0.441417,0.156285,-0.948985,0.273867,0.492403,-0.165504,-0.854487
0.763622,0.711328,1.0518,0.856221,0.101237,0.506594,0.156285,-0.985422,-0.067221,0.492403,0.136729,-0.85956
0.763622,0.640793,1.14422,0.856221,-0.0781337,0.510667,0.156285,-0.903003,-0.400201,0.492403,0.42247,-0.760958
0.763622,0.542904,1.20694,0.856221,-0.24808,0.453147,0.156285,-0.711668,-0.684911,0.492403,0.657255,-0.570574
0.763622,0.429467,1.23239,0.856221,-0.388105,0.340971,0.156285,-0.434496,-0.887011,0.492403,0.812766,-0.311369
0.763622,0.314165,1.21752,0.856221,-0.481318,0.187668,0.156285,-0.104917,-0.982124,0.492403,0.870245,-0.0146091
0.763622,0.210904,1.1641,0.856221,-0.516477,0.0117298,0.156285,0.237316,-0.958778,0.492403,0.822759,0.283913
0.763622,0.13214,1.07859,0.856221,-0.489342,-0.165623,0.156285,0.550926,-0.81979,0.492403,0.676037,0.548191
0.763622,0.0873717,0.971299,0.856221,-0.403184,-0.322999,0.156285,0.798086,-0.581923,0.492403,0.447774,0.746349
0.763622,0.0819999,0.855165,0.856221,-0.268397,-0.441417,0.156285,0.948985,-0.273867,0.492403,0.165504,0.854487
0.763622,0.116672,0.744198,0.856221,-0.101237,-0.506594,0.156285,0.985422,0.067221,0.492403,-0.136729,0.85956
0.763622,0.187207,0.651781,0.856221,0.0781337,-0.510667,0.156285,0.903003,0.400201,0.492403,-0.42247,0.760958
0.763622,0.285096,0.589062,0.856221,0.24808,-0.453147,0.156285,0.711668,0.684911,0.492403,-0.657255,0.570574
0.674556,0.282444,0.695146,0.647527,0.254707,-0.718216,0.374957,0.714009,0.591268,0.663413,-0.652162,0.366836
0.674556,0.359758,0.662385,0.647527,0.48499,-0.587787,0.374957,0.468724,0.799816,0.663413,-0.738297,0.12166
0.674556,0.443614,0.658042,0.647527,0.656777,-0.386463,0.374957,0.166903,0.911894,0.663413,-0.735383,-0.138189
0.674556,0.523898,0.682642,0.647527,0.749346,-0.138525,0.374957,-0.155049,0.913984,0.663413,-0.64377,-0.381371
0.674556,0.590927,0.733217,0.647527,0.751534,0.126121,0.374957,-0.458299,0.805834,0.663413,-0.474509,-0.578554
0.674556,0.636616,0.803668,0.647527,0.663075,0.375554,0.374957,-0.706272,0.600489,0.663413,-0.248016,-0.705955
0.674556,0.655454,0.885496,0.647527,0.494639,0.57969,0.374957,-0.869058,0.322716,0.663413,0.00839194,-0.748207
0.674556,0.64517,0.968832,0.647527,0.266543,0.713908,0.374957,-0.927023,0.00601864,0.663413,0.263788,-0.700214
0.674556,0.607002,1.04363,0.647527,0.00629799,0.762017,0.374957,-0.873175,-0.311405,0.663413,0.487367,-0.567765
0.674556,0.545556,1.10085,0.647527,-0.254707,0.718216,0.374957,-0.714009,-0.591268,0.663413,0.652162,-0.366836
0.674556,0.468242,1.13361,0.647527,-0.48499,0.587787,0.374957,-0.468724,-0.799816,0.663413,0.738297,-0.12166
0.674556,0.384386,1.13796,0.647527,-0.656777,0.386463,0.374957,-0.166903,-0.911894,0.663413,0.735383,0.138189
0.674556,0.304102,1.11336,0.647527,-0.749346,0.138525,0.374957,0.155049,-0.913984,0.663413,0.64377,0.381371
0.674556,0.237073,1.06278,0.647527,-0.751534,-0.126121,0.374957,0.458299,-0.805834,0.663413,0.474509,0.578554
0.674556,0.191384,0.992332,0.647527,-0.663075,-0.375554,0.374957,0.706272,-0.600489,0.663413,0.248016,0.705955
0.674556,0.172546,0.910504,0.647527,-0.494639,-0.57969,0.374957,0.869058,-0.322716,0.663413,-0.00839194,0.748207
0.674556,0.18283,0.827168,0.647527,-0.266543,-0.713908,0.374957,0.927023,-0.00601864,0.663413,-0.263788,0.700214
0.674556,0.220998,0.752375,0.647527,-0.00629799,-0.762017,0.374957,0.873175,0.311405,0.663413,-0.487367,0.567765
0.674556,0.282444,0.695146,0.647527,0.254707,-0.718216,0.374957,0.714009,0.591268,0.663413,-0.652162,0.366836
0.627155,0.27919,0.825286,0.360731,0.25915,-0.895943,0.548404,0.718078,0.428505,0.754404,-0.645914,0.116914
0.627155,0.31219,0.783564,0.360731,0.549952,-0.753277,0.548404,0.528215,0.648261,0.754404,-0.646948,-0.111052
0.627155,0.357469,0.755644,0.360731,0.774422,-0.519754,0.548404,0.274642,0.789826,0.754404,-0.56995,-0.325624
0.627155,0.409567,0.744894,0.360731,0.905485,-0.223541,0.548404,-0.0120575,0.836127,0.754404,-0.424208,-0.500921
0.627155,0.4622,0.752612,0.360731,0.927333,0.0996341,0.548404,-0.297302,0.781578,0.754404,-0.2273,-0.615799
0.627155,0.509019,0.777865,0.360731,0.837331,0.410792,0.548404,-0.546688,0.63276,0.754404,-0.00297645,-0.656403
0.627155,0.544377,0.817608,0.360731,0.646334,0.672402,0.548404,-0.730136,0.407621,0.754404,0.221706,-0.617835
0.627155,0.56401,0.867048,0.360731,0.377381,0.852911,0.548404,-0.825518,0.133318,0.754404,0.419648,-0.504747
0.627155,0.565549,0.920221,0.360731,0.0629092,0.930546,0.548404,-0.82133,-0.157066,0.754404,0.566974,-0.330779
0.627155,0.54881,0.970714,0.360731,-0.25915,0.895943,0.548404,-0.718078,-0.428505,0.754404,0.645914,-0.116914
0.627155,0.51581,1.01244,0.360731,-0.549952,0.753277,0.548404,-0.528215,-0.648261,0.754404,0.646948,0.111052
0.627155,0.470531,1.04036,0.360731,-0.774422,0.519754,0.548404,-0.274642,-0.789826,0.754404,0.56995,0.325624
0.627155,0.418433,1.05111,0.360731,-0.905485,0.223541,0.548404,0.0120575,-0.836127,0.754404,0.424208,0.500921
0.627155,0.3658,1.04339,0.360731,-0.927333,-0.0996341,0.548404,0.297302,-0.781578,0.754404,0.2273,0.615799
0.627155,0.318981,1.01813,0.360731,-0.837331,-0.410792,0.548404,0.546688,-0.63276,0.754404,0.00297645,0.656403
0.627155,0.283623,0.978392,0.360731,-0.646334,-0.672402,0.548404,0.730136,-0.407621,0.754404,-0.221706,0.617835
0.627155,0.26399,0.928952,0.360731,-0.377381,-0.852911,0.548404,0.825518,-0.133318,0.754404,-0.419648,0.504747
0.627155,0.262451,0.875779,0.360731,-0.0629092,-0.930546,0.548404,0.82133,0.157066,0.754404,-0.566974,0.330779
0.627155,0.27919,0.825286,0.360731,0.25915,-0.895943,0.548404,0.718078,0.428505,0.754404,-0.645914,0.116914
0.627137,0.275728,0.963784,0.0304265,0.260874,-0.964893,0.655705,0.723384,0.216255,0.754404,-0.639265,-0.149046
0.627137,0.261567,0.912525,0.0304265,0.575154,-0.817479,0.655705,0.605796,0.450625,0.754404,-0.549736,-0.358699
0.627137,0.265792,0.859514,0.0304265,0.820062,-0.571465,0.655705,0.415139,0.630643,0.754404,-0.3939,-0.525088
0.627137,0.287893,0.811145,0.0304265,0.966059,-0.256523,0.655705,0.17441,0.734597,0.754404,-0.190555,-0.628143
0.627137,0.325204,0.773252,0.0304265,0.995535,0.0893586,0.655705,-0.0873551,0.749947,0.754404,0.0357746,-0.655435
0.627137,0.373226,0.750405,0.0304265,0.904934,0.424463,0.655705,-0.338584,0.674842,0.754404,0.257789,-0.603672
0.627137,0.426165,0.745361,0.0304265,0.705185,0.70837,0.655705,-0.548975,0.518342,0.754404,0.44871,-0.479097
0.627137,0.477637,0.758727,0.0304265,0.42038,0.906838,0.655705,-0.693151,0.299322,0.754404,0.58551,-0.296736
0.627137,0.521434,0.788891,0.0304265,0.0848717,0.995927,0.655705,-0.753723,0.0441989,0.754404,0.651689,-0.0785839
0.627137,0.552272,0.832216,0.0304265,-0.260874,0.964893,0.655705,-0.723384,-0.216255,0.754404,0.639265,0.149046
0.627137,0.566433,0.883475,0.0304265,-0.575154,0.817479,0.655705,-0.605796,-0.450625,0.754404,0.549736,0.358699
0.627137,0.562208,0.936486,0.0304265,-0.820062,0.571465,0.655705,-0.415139,-0.630643,0.754404,0.3939,0.525088
0.627137,0.540107,0.984855,0.0304265,-0.966059,0.256523,0.655705,-0.17441,-0.734597,0.754404,0.190555,0.628143
0.627137,0.502796,1.02275,0.0304265,-0.995535,-0.0893586,0.655705,0.0873551,-0.749947,0.754404,-0.0357746,0.655435
0.627137,0.454774,1.04559,0.0304265,-0.904934,-0.424463,0.655705,0.338584,-0.674842,0.754404,-0.257789,0.603672
0.627137,0.401835,1.05064,0.0304265,-0.705185,-0.70837,0.655705,0.548975,-0.518342,0.754404,-0.44871,0.479097
0.627137,0.350363,1.03727,0.0304265,-0.42038,-0.906838,0.655705,0.693151,-0.299322,0.754404,-0.58551,0.296736
0.627137,0.306566,1.00711,0.0304265,-0.0848717,-0.995927,0.655705,0.753723,-0.0441989,0.754404,-0.651689,0.0785839
0.627137,0.275728,0.963784,0.0304265,0.260874,-0.964893,0.655705,0.723384,0.216255,0.754404,-0.639265,-0.149046
0.674504,0.272474,1.09394,-0.303548,0.25967,-0.91675,0.683918,0.729288,-0.0198829,0.663411,-0.633017,-0.398967
0.674504,0.213995,1.03372,-0.303548,0.557557,-0.77265,0.683918,0.692107,0.230747,0.663411,-0.458387,-0.591411
0.674504,0.179639,0.957125,-0.303548,0.788194,-0.535358,0.683918,0.571447,0.453546,0.663411,-0.228468,-0.712522
0.674504,0.173551,0.873403,-0.303548,0.923764,-0.233494,0.683918,0.381863,0.62164,0.663411,0.0290072,-0.747692
0.674504,0.196465,0.792648,-0.303548,0.947913,0.0965334,0.683918,0.14622,0.714756,0.663411,0.282984,-0.69268
0.674504,0.245616,0.7246,-0.303548,0.857731,0.414917,0.683918,-0.107059,0.721661,0.663411,0.502828,-0.55412
0.674504,0.315077,0.677467,-0.303548,0.664093,0.683256,0.683918,-0.347425,0.641523,0.663411,0.662024,-0.348725
0.674504,0.39647,0.656933,-0.303548,0.390356,0.869184,0.683918,-0.545886,0.484008,0.663411,0.74137,-0.101269
0.674504,0.479977,0.665475,-0.303548,0.0695366,0.950275,0.683918,-0.678506,0.268115,0.663411,0.731296,0.158402
0.674504,0.555526,0.702064,-0.303548,-0.25967,0.91675,0.683918,-0.729288,0.0198829,0.663411,0.633017,0.398967
0.674504,0.614005,0.762285,-0.303548,-0.557557,0.77265,0.683918,-0.692107,-0.230747,0.663411,0.458387,0.591411
0.674504,0.648361,0.838875,-0.303548,-0.788194,0.535358,0.683918,-0.571447,-0.453546,0.663411,0.228468,0.712522
0.674504,0.654449,0.922597,-0.303548,-0.923764,0.233494,0.683918,-0.381863,-0.62164,0.663411,-0.0290072,0.747692
0.674504,0.631535,1.00335,-0.303548,-0.947913,-0.0965334,0.683918,-0.14622,-0.714756,0.663411,-0.282984,0.69268
0.674504,0.582384,1.0714,-0.303548,-0.857731,-0.414917,0.683918,0.107059,-0.721661,0.663411,-0.502828,0.55412
0.674504,0.512923,1.11853,-0.303548,-0.664093,-0.683256,0.683918,0.347425,-0.641523,0.663411,-0.662024,0.348725
0.674504,0.43153,1.13907,-0.303548,-0.390356,-0.869184,0.683918,0.545886,-0.484008,0.663411,-0.74137,0.101269
0.674504,0.348023,1.13052,-0.303548,-0.0695366,-0.950275,0.683918,0.678506,-0.268115,0.663411,-0.731296,-0.158402
0.674504,0.272474,1.09394,-0.303548,0.25967,-0.91675,0.683918,0.729288,-0.0198829,0.663411,-0.633017,-0.398967
0.763543,0.269821,1.20004,-0.60091,0.255684,-0.757319,0.629641,0.735077,-0.251426,0.492402,-0.627924,-0.602705
0.763543,0.175211,1.13252,-0.60091,0.499283,-0.624198,0.629641,0.776739,0.0151475,0.492402,-0.383918,-0.781119
0.763543,0.109403,1.0367,-0.60091,0.682661,-0.415789,0.629641,0.724715,0.279894,0.492402,-0.0936063,-0.86532
0.763543,0.080333,0.92416,-0.60091,0.7837,-0.15723,0.629641,0.58528,0.510882,0.492402,0.207996,-0.84515
0.763543,0.0915085,0.808461,-0.60091,0.790213,0.120293,0.629641,0.375251,0.680249,0.492402,0.48451,-0.723042
0.763543,0.141581,0.703562,-0.60091,0.701414,0.383307,0.629641,0.119962,0.767569,0.492402,0.702586,-0.513725
0.763543,0.224512,0.622116,-0.60091,0.528015,0.600089,0.629641,-0.149797,0.762308,0.492402,0.835919,-0.242445
0.763543,0.330297,0.573945,-0.60091,0.29093,0.744491,0.629641,-0.401488,0.665102,0.492402,0.868428,0.058077
0.763543,0.446179,0.56486,-0.60091,0.0187535,0.799096,0.629641,-0.604753,0.487674,0.492402,0.796192,0.351595
0.763543,0.558179,0.595956,-0.60091,-0.255684,0.757319,0.629641,-0.735077,0.251426,0.492402,0.627924,0.602705
0.763543,0.652789,0.663484,-0.60091,-0.499283,0.624198,0.629641,-0.776739,-0.0151475,0.492402,0.383918,0.781119
0.763543,0.718597,0.759297,-0.60091,-0.682661,0.415789,0.629641,-0.724715,-0.279894,0.492402,0.0936063,0.86532
0.763543,0.747667,0.87184,-0.60091,-0.7837,0.15723,0.629641,-0.58528,-0.510882,0.492402,-0.207996,0.84515
0.763543,0.736492,0.987539,-0.60091,-0.790213,-0.120293,0.629641,-0.375251,-0.680249,0.492402,-0.48451,0.723042
0.763543,0.686419,1.09244,-0.60091,-0.701414,-0.383307,0.629641,-0.119962,-0.767569,0.492402,-0.702586,0.513725
0.763543,0.603488,1.17388,-0.60091,-0.528015,-0.600089,0.629641,0.149797,-0.762308,0.492402,-0.835919,0.242445
0.763543,0.497703,1.22206,-0.60091,-0.29093,-0.744491,0.629641,0.401488,-0.665102,0.492402,-0.868428,-0.058077
0.763543,0.381821,1.23114,-0.60091,-0.0187535,-0.799096,0.629641,0.604753,-0.487674,0.492402,-0.796192,-0.351595
0.763543,0.269821,1.20004,-0.60091,0.255684,-0.757319,0.629641,0.735077,-0.251426,0.492402,-0.627924,-0.602705
0.883514,0.26809,1.26931,-0.825794,0.249397,-0.505831,0.499419,0.740052,-0.450448,0.262001,-0.624599,-0.735684
0.883514,0.149894,1.19701,-0.825794,0.407361,-0.390027,0.499419,0.849484,-0.17017,0.262001,-0.335312,-0.904943
0.883514,0.0635536,1.08865,-0.825794,0.516191,-0.22718,0.499419,0.856455,0.130633,0.262001,-0.00558174,-0.965052
0.883514,0.0194821,0.957292,-0.825794,0.562761,-0.0369311,0.499419,0.760125,0.41568,0.262001,0.324822,-0.908761
0.883514,0.0229953,0.818784,-0.825794,0.541454,0.157772,0.499419,0.572113,0.65059,0.262001,0.616047,-0.74286
0.883514,0.0736694,0.689829,-0.825794,0.454839,0.333445,0.499419,0.315096,0.807028,0.262001,0.832968,-0.48736
0.883514,0.165392,0.585984,-0.825794,0.313364,0.4689,0.499419,0.0200733,0.866128,0.262001,0.949421,-0.173076
0.883514,0.287101,0.519772,-0.825794,0.134092,0.547799,0.499419,-0.27737,0.820759,0.262001,0.951359,0.162083
0.883514,0.424116,0.49918,-0.825794,-0.0613524,0.560625,0.499419,-0.541359,0.676395,0.262001,0.83855,0.477692
0.883514,0.55991,0.526691,-0.825794,-0.249397,0.505831,0.499419,-0.740052,0.450448,0.262001,0.624599,0.735684
0.883514,0.678106,0.598988,-0.825794,-0.407361,0.390027,0.499419,-0.849484,0.17017,0.262001,0.335312,0.904943
0.883514,0.764446,0.70735,-0.825794,-0.516191,0.22718,0.499419,-0.856455,-0.130633,0.262001,0.00558174,0.965052
0.883514,0.808518,0.838708,-0.825794,-0.562761,0.0369311,0.499419,-0.760125,-0.41568,0.262001,-0.324822,0.908761
0.883514,0.805005,0.977216,-0.825794,-0.541454,-0.157772,0.499419,-0.572113,-0.65059,0.262001,-0.616047,0.74286
0.883514,0.754331,1.10617,-0.825794,-0.454839,-0.333445,0.499419,-0.315096,-0.807028,0.262001,-0.832968,0.48736
0.883514,0.662608,1.21002,-0.825794,-0.313364,-0.4689,0.499419,-0.0200733,-0.866128,0.262001,-0.949421,0.173076
0.883514,0.540899,1.27623,-0.825794,-0.134092,-0.547799,0.499419,0.27737,-0.820759,0.262001,-0.951359,-0.162083
0.883514,0.403884,1.29682,-0.825794,0.0613524,-0.560625,0.499419,0.541359,-0.676395,0.262001,-0.83855,-0.477692
0.883514,0.26809,1.26931,-0.825794,0.249397,-0.505831,0.499419,0.740052,-0.450448,0.262001,-0.624599,-0.735684
0.875863,0.431988,0.50216,0.985232,0.156278,-0.0699714,-0.00862081,0.453401,0.891265,0.17101,-0.877499,0.448052
0.875863,0.566288,0.532184,0.985232,0.170785,-0.0123015,-0.00862081,0.121227,0.992587,0.17101,-0.977822,0.120909
0.875863,0.68222,0.606331,0.985232,0.164693,0.0468522,-0.00862081,-0.225569,0.974189,0.17101,-0.960206,-0.220817
0.875863,0.765801,0.715658,0.985232,0.138736,0.100355,-0.00862081,-0.545157,0.838289,0.17101,-0.826774,-0.53591
0.875863,0.80695,0.846977,0.985232,0.0960458,0.141753,-0.00862081,-0.798992,0.60128,0.17101,-0.593622,-0.786364
0.875863,0.800703,0.984451,0.985232,0.041771,0.166054,-0.00862081,-0.956457,0.291746,0.17101,-0.288869,-0.941971
0.875863,0.747814,1.1115,0.985232,-0.0175419,0.170326,-0.00862081,-0.998559,-0.0529755,0.17101,0.0507248,-0.983963
0.875863,0.654662,1.21279,0.985232,-0.074739,0.154055,-0.00862081,-0.920219,-0.391308,0.17101,0.384201,-0.907274
0.875863,0.532482,1.27612,0.985232,-0.122922,0.119202,-0.00862081,-0.730888,-0.682443,0.17101,0.671336,-0.721154
0.875863,0.396012,1.29384,0.985232,-0.156278,0.0699714,-0.00862081,-0.453401,-0.891265,0.17101,0.877499,-0.448052
0.875863,0.261712,1.26382,0.985232,-0.170785,0.0123015,-0.00862081,-0.121227,-0.992587,0.17101,0.977822,-0.120909
0.875863,0.14578,1.18967,0.985232,-0.164693,-0.0468522,-0.00862081,0.225569,-0.974189,0.17101,0.960206,0.220817
0.875863,0.0621988,1.08034,0.985232,-0.138736,-0.100355,-0.00862081,0.545157,-0.838289,0.17101,0.826774,0.53591
0.875863,0.0210503,0.949023,0.985232,-0.0960458,-0.141753,-0.00862081,0.798992,-0.60128,0.17101,0.593622,0.786364
0.875863,0.0272973,0.811549,0.985232,-0.041771,-0.166054,-0.00862081,0.956457,-0.291746,0.17101,0.288869,0.941971
0.875863,0.0801864,0.684502,0.985232,0.0175419,-0.170326,-0.00862081,0.998559,0.0529755,0.17101,-0.0507248,0.983963
0.875863,0.173338,0.583207,0.985232,0.074739,-0.154055,-0.00862081,0.920219,0.391308,0.17101,-0.384201,0.907274
0.875863,0.295518,0.51988,0.985232,0.122922,-0.119202,-0.00862081,0.730888,0.682443,0.17101,-0.671336,0.721154
0.875863,0.431988,0.50216,0.985232,0.156278,-0.0699714,-0.00862081,0.453401,0.891265,0.17101,-0.877499,0.448052
0.749059,0.430158,0.575327,0.900555,0.164588,-0.402383,0.292759,0.454653,0.841179,0.321393,-0.875329,0.361256
0.749059,0.539545,0.600313,0.900555,0.292285,-0.321823,0.292759,0.139534,0.945951,0.321393,-0.946097,0.040089
0.749059,0.633788,0.661204,0.900555,0.384728,-0.202448,0.292759,-0.192415,0.936626,0.321393,-0.902752,-0.285913
0.749059,0.701522,0.750657,0.900555,0.430768,-0.0586538,0.292759,-0.501156,0.814331,0.321393,-0.750521,-0.577429
0.749059,0.734577,0.857881,0.900555,0.42485,0.0922147,0.292759,-0.74945,0.593815,0.321393,-0.507767,-0.7993
0.749059,0.728965,0.969945,0.900555,0.367689,0.231961,0.292759,-0.90735,0.301677,0.321393,-0.203768,-0.924762
0.749059,0.685364,1.07333,0.900555,0.266179,0.343729,0.292759,-0.955809,-0.0268483,0.321393,0.124808,-0.938685
0.749059,0.609032,1.15557,0.900555,0.132565,0.414038,0.292759,-0.888984,-0.352135,0.321393,0.43833,-0.839389
0.749059,0.509177,1.20674,0.900555,-0.0170393,0.434408,0.292759,-0.714935,-0.634949,0.321393,0.698984,-0.638849
0.749059,0.397842,1.22067,0.900555,-0.164588,0.402383,0.292759,-0.454653,-0.841179,0.321393,0.875329,-0.361256
0.749059,0.288455,1.19569,0.900555,-0.292285,0.321823,0.292759,-0.139534,-0.945951,0.321393,0.946097,-0.040089
0.749059,0.194212,1.1348,0.900555,-0.384728,0.202448,0.292759,0.192415,-0.936626,0.321393,0.902752,0.285913
0.749059,0.126478,1.04534,0.900555,-0.430768,0.0586538,0.292759,0.501156,-0.814331,0.321393,0.750521,0.577429
0.749059,0.0934231,0.938119,0.900555,-0.42485,-0.0922147,0.292759,0.74945,-0.593815,0.321393,0.507767,0.7993
0.749059,0.0990348,0.826055,0.900555,-0.367689,-0.231961,0.292759,0.90735,-0.301677,0.321393,0.203768,0.924762
0.749059,0.142636,0.72267,0.900555,-0.266179,-0.343729,0.292759,0.955809,0.0268483,0.321393,-0.124808,0.938685
0.749059,0.218968,0.640432,0.900555,-0.132565,-0.414038,0.292759,0.888984,0.352135,0.321393,-0.43833,0.839389
0.749059,0.318823,0.58926,0.900555,0.0170393,-0.434408,0.292759,0.714935,0.634949,0.321393,-0.698984,0.638849
0.749059,0.430158,0.575327,0.900555,0.164588,-0.402383,0.292759,0.454653,0.841179,0.321393,-0.875329,0.361256
0.654934,0.427356,0.687437,0.707258,0.171673,-0.685795,0.558827,0.458406,0.691069,0.433011,-0.872005,0.228276
0.654934,0.498567,0.704703,0.707258,0.395876,-0.585721,0.558827,0.194401,0.806176,0.433011,-0.897491,-0.0837343
0.654934,0.559578,0.745284,0.707258,0.57233,-0.415,0.558827,-0.0930509,0.824047,0.433011,-0.814727,-0.385645
0.654934,0.603031,0.804285,0.707258,0.679752,-0.194224,0.558827,-0.36928,0.742526,0.433011,-0.633695,-0.64104
0.654934,0.623683,0.874589,0.707258,0.705187,0.0499783,0.558827,-0.600968,0.571445,0.433011,-0.376229,-0.819117
0.654934,0.619045,0.947717,0.707258,0.645565,0.288152,0.558827,-0.760171,0.331439,0.433011,-0.0733855,-0.898397
0.654934,0.589675,1.01485,0.707258,0.508079,0.491571,0.558827,-0.827686,0.051457,0.433011,0.23831,-0.869316
0.654934,0.539116,1.06789,0.707258,0.309311,0.635699,0.558827,-0.79537,-0.234731,0.433011,0.521262,-0.735383
0.654934,0.473467,1.10043,0.707258,0.0732354,0.703152,0.558827,-0.66712,-0.492608,0.433011,0.741341,-0.512752
0.654934,0.400644,1.10856,0.707258,-0.171673,0.685795,0.558827,-0.458406,-0.691069,0.433011,0.872005,-0.228276
0.654934,0.329433,1.0913,0.707258,-0.395876,0.585721,0.558827,-0.194401,-0.806176,0.433011,0.897491,0.0837343
0.654934,0.268422,1.05072,0.707258,-0.57233,0.415,0.558827,0.0930509,-0.824047,0.433011,0.814727,0.385645
0.654934,0.224969,0.991715,0.707258,-0.679752,0.194224,0.558827,0.36928,-0.742526,0.433011,0.633695,0.64104
0.654934,0.204317,0.921411,0.707258,-0.705187,-0.0499783,0.558827,0.600968,-0.571445,0.433011,0.376229,0.819117
0.654934,0.208955,0.848283,0.707258,-0.645565,-0.288152,0.558827,0.760171,-0.331439,0.433011,0.0733855,0.898397
0.654934,0.238325,0.781152,0.707258,-0.508079,-0.491571,0.558827,0.827686,-0.051457,0.433011,-0.23831,0.869316
0.654934,0.288884,0.728115,0.707258,-0.309311,-0.635699,0.558827,0.79537,0.234731,0.433011,-0.521262,0.735383
