0.658953,0.307043,1.09351,0.308961,0.853688,0.419239,0.951075,-0.277322,-0.136195,-3.49349e-06,0.440806,-0.897602
0.907818,0.00948717,0.99974,0.92986,-0.0748701,-0.360216,-0.179072,0.763178,-0.62088,0.321394,0.641836,0.696241
0.907818,-0.00157827,0.859015,0.92986,0.0528463,-0.3641,-0.179072,0.929506,-0.322415,0.321394,0.365,0.873774
0.907818,0.0361544,0.722992,0.92986,0.174189,-0.324067,-0.179072,0.983722,0.0149393,0.321394,0.04414,0.945916
0.907818,0.118134,0.608078,0.92986,0.274521,-0.244948,-0.179072,0.919287,0.350491,0.321394,-0.282044,0.903967
0.907818,0.234473,0.528132,0.92986,0.341743,-0.136284,-0.179072,0.743972,0.643769,0.321394,-0.57421,0.752986
0.907818,0.371138,0.492799,0.92986,0.367745,-0.0111818,-0.179072,0.478923,0.859398,0.321394,-0.797117,0.511184
0.907818,0.511647,0.506338,0.92986,0.349391,0.115269,-0.179072,0.156109,0.971372,0.321394,-0.923881,0.207726
0.907818,0.639051,0.567117,0.92986,0.288896,0.227816,-0.179072,-0.185534,0.966183,0.321394,-0.93921,-0.120787
0.907818,0.737984,0.667806,0.92986,0.193556,0.312885,-0.179072,-0.504799,0.844459,0.321394,-0.841257,-0.434732
0.907818,0.796513,0.79626,0.92986,0.0748701,0.360216,-0.179072,-0.763178,0.62088,0.321394,-0.641836,-0.696241
0.907818,0.807578,0.936985,0.92986,-0.0528463,0.3641,-0.179072,-0.929506,0.322415,0.321394,-0.365,-0.873774
0.907818,0.769846,1.07301,0.92986,-0.174189,0.324067,-0.179072,-0.983722,-0.0149393,0.321394,-0.04414,-0.945916
0.907818,0.687866,1.18792,0.92986,-0.274521,0.244948,-0.179072,-0.919287,-0.350491,0.321394,0.282044,-0.903967
0.907818,0.571527,1.26787,0.92986,-0.341743,0.136284,-0.179072,-0.743972,-0.643769,0.321394,0.57421,-0.752986
0.907818,0.434862,1.3032,0.92986,-0.367745,0.0111818,-0.179072,-0.478923,-0.859398,0.321394,0.797117,-0.511184
0.907818,0.294353,1.28966,0.92986,-0.349391,-0.115269,-0.179072,-0.156109,-0.971372,0.321394,0.923881,-0.207726
0.907818,0.166949,1.22888,0.92986,-0.288896,-0.227816,-0.179072,0.185534,-0.966183,0.321394,0.93921,0.120787
0.907818,0.0680161,1.12819,0.92986,-0.193556,-0.312885,-0.179072,0.504799,-0.844459,0.321394,0.841257,0.434732
0.907818,0.00948717,0.99974,0.92986,-0.0748701,-0.360216,-0.179072,0.763178,-0.62088,0.321394,0.641836,0.696241
0.809114,0.0606197,1.02485,0.796489,-0.348102,-0.494398,-0.0275851,0.795886,-0.604818,0.604023,0.495369,0.624312
0.809114,0.0378822,0.9001,0.796489,-0.158015,-0.58364,-0.0275851,0.954748,-0.296134,0.604023,0.251967,0.756088
0.809114,0.0591833,0.775096,0.796489,0.0511313,-0.602487,-0.0275851,0.998453,0.0482683,0.604023,-0.0218255,0.796668
0.809114,0.121954,0.664915,0.796489,0.25411,-0.548664,-0.0275851,0.921731,0.386849,0.604023,-0.292986,0.741158
0.809114,0.218623,0.582849,0.796489,0.42644,-0.428665,-0.0275851,0.733833,0.678769,0.604023,-0.528808,0.596254
0.809114,0.33753,0.538794,0.796489,0.547334,-0.256962,-0.0275851,0.457425,0.88882,0.604023,-0.700848,0.379433
0.809114,0.464334,0.538065,0.796489,0.602212,-0.0542662,-0.0275851,0.125845,0.991666,0.604023,-0.788355,0.116846
0.809114,0.58374,0.580749,0.796489,0.584455,0.154975,-0.0275851,-0.220915,0.974903,0.604023,-0.780775,-0.159834
0.809114,0.681347,0.661698,0.796489,0.496203,0.345524,-0.0275851,-0.541028,0.840552,0.604023,-0.679022,-0.417236
0.809114,0.74538,0.771149,0.796489,0.348102,0.494398,-0.0275851,-0.795886,0.604818,0.604023,-0.495369,-0.624312
0.809114,0.768118,0.8959,0.796489,0.158015,0.58364,-0.0275851,-0.954748,0.296134,0.604023,-0.251967,-0.756088
0.809114,0.746817,1.0209,0.796489,-0.0511313,0.602487,-0.0275851,-0.998453,-0.0482683,0.604023,0.0218255,-0.796668
0.809114,0.684046,1.13108,0.796489,-0.25411,0.548664,-0.0275851,-0.921731,-0.386849,0.604023,0.292986,-0.741158
0.809114,0.587377,1.21315,0.796489,-0.42644,0.428665,-0.0275851,-0.733833,-0.678769,0.604023,0.528808,-0.596254
0.809114,0.46847,1.25721,0.796489,-0.547334,0.256962,-0.0275851,-0.457425,-0.88882,0.604023,0.700848,-0.379433
0.809114,0.341666,1.25794,0.796489,-0.602212,0.0542662,-0.0275851,-0.125845,-0.991666,0.604023,0.788355,-0.116846
0.809114,0.22226,1.21525,0.796489,-0.584455,-0.154975,-0.0275851,0.220915,-0.974903,0.604023,0.780775,0.159834
0.809114,0.124653,1.1343,0.796489,-0.496203,-0.345524,-0.0275851,0.541028,-0.840552,0.604023,0.679022,0.417236
0.809114,0.0606197,1.02485,0.796489,-0.348102,-0.494398,-0.0275851,0.795886,-0.604818,0.604023,0.495369,0.624312
0.735846,0.13897,1.06333,0.567051,-0.563912,-0.60038,0.127229,0.780115,-0.612563,0.813797,0.270968,0.514111
0.735846,0.0983478,0.963054,0.567051,-0.324562,-0.757042,0.127229,0.942577,-0.308806,0.813797,0.0787906,0.575783
0.735846,0.0944707,0.854934,0.567051,-0.0460645,-0.822394,0.127229,0.991351,0.032198,0.813797,-0.12289,0.568007
0.735846,0.127807,0.752008,0.567051,0.237989,-0.788552,0.127229,0.920552,0.369318,0.813797,-0.309749,0.491721
0.735846,0.194335,0.666691,0.567051,0.493337,-0.6596,0.127229,0.738722,0.661893,0.813797,-0.459247,0.356126
0.735846,0.286032,0.609273,0.567051,0.689182,-0.45109,0.127229,0.467791,0.874634,0.813797,-0.553354,0.177577
0.735846,0.391836,0.58668,0.567051,0.801901,-0.188172,0.127229,0.140437,0.981881,0.813797,-0.580717,-0.0223901
0.735846,0.498987,0.601636,0.567051,0.817899,0.0974425,0.127229,-0.203855,0.970699,0.813797,-0.538038,-0.219657
0.735846,0.594561,0.652339,0.567051,0.735246,0.371304,0.127229,-0.52356,0.842436,0.813797,-0.430463,-0.39043
0.735846,0.66703,0.732672,0.567051,0.563912,0.60038,0.127229,-0.780115,0.612563,0.813797,-0.270968,-0.514111
0.735846,0.707652,0.832946,0.567051,0.324562,0.757042,0.127229,-0.942577,0.308806,0.813797,-0.0787906,-0.575783
0.735846,0.711529,0.941066,0.567051,0.0460645,0.822394,0.127229,-0.991351,-0.032198,0.813797,0.12289,-0.568007
0.735846,0.678193,1.04399,0.567051,-0.237989,0.788552,0.127229,-0.920552,-0.369318,0.813797,0.309749,-0.491721
0.735846,0.611665,1.12931,0.567051,-0.493337,0.6596,0.127229,-0.738722,-0.661893,0.813797,0.459247,-0.356126
0.735846,0.519968,1.18673,0.567051,-0.689182,0.45109,0.127229,-0.467791,-0.874634,0.813797,0.553354,-0.177577
0.735846,0.414164,1.20932,0.567051,-0.801901,0.188172,0.127229,-0.140437,-0.981881,0.813797,0.580717,0.0223901
0.735846,0.307013,1.19436,0.567051,-0.817899,-0.0974425,0.127229,0.203855,-0.970699,0.813797,0.538038,0.219657
0.735846,0.211439,1.14366,0.567051,-0.735246,-0.371304,0.127229,0.52356,-0.842436,0.813797,0.430463,0.39043
0.735846,0.13897,1.06333,0.567051,-0.563912,-0.60038,0.127229,0.780115,-0.612563,0.813797,0.270968,0.514111
0.696852,0.235089,1.11053,0.269218,-0.696269,-0.66538,0.266698,0.717768,-0.643181,0.925416,-0.00429965,0.378929
0.696852,0.172525,1.04029,0.269218,-0.426706,-0.863391,0.266698,0.894462,-0.358902,0.925416,-0.133642,0.354607
0.696852,0.13776,0.952877,0.269218,-0.105675,-0.957264,0.266698,0.963271,-0.0313332,0.925416,-0.246865,0.287513
0.696852,0.134987,0.85885,0.269218,0.228101,-0.935677,0.266698,0.915895,0.300014,0.925416,-0.330312,0.185741
0.696852,0.16454,0.769546,0.269218,0.534366,-0.801234,0.266698,0.758049,0.595176,0.925416,-0.373919,0.0615661
0.696852,0.222855,0.695734,0.269218,0.776177,-0.57015,0.266698,0.508771,0.81855,0.925416,-0.372426,-0.0700347
0.696852,0.302898,0.646319,0.269218,0.924371,-0.270297,0.266698,0.198127,0.943196,0.925416,-0.326013,-0.193188
0.696852,0.395015,0.627261,0.269218,0.961071,0.0621573,0.266698,-0.136413,0.954077,0.925416,-0.240277,-0.293041
0.696852,0.488095,0.640857,0.269218,0.881853,0.387115,0.266698,-0.4545,0.849883,0.925416,-0.125561,-0.357548
0.696852,0.570911,0.685469,0.269218,0.696269,0.66538,0.266698,-0.717768,0.643181,0.925416,0.00429965,-0.378929
0.696852,0.633475,0.755715,0.269218,0.426706,0.863391,0.266698,-0.894462,0.358902,0.925416,0.133642,-0.354607
0.696852,0.66824,0.843123,0.269218,0.105675,0.957264,0.266698,-0.963271,0.0313332,0.925416,0.246865,-0.287513
0.696852,0.671013,0.93715,0.269218,-0.228101,0.935677,0.266698,-0.915895,-0.300014,0.925416,0.330312,-0.185741
0.696852,0.64146,1.02645,0.269218,-0.534366,0.801234,0.266698,-0.758049,-0.595176,0.925416,0.373919,-0.0615661
0.696852,0.583145,1.10027,0.269218,-0.776177,0.57015,0.266698,-0.508771,-0.81855,0.925416,0.372426,0.0700347
0.696852,0.503102,1.14968,0.269218,-0.924371,0.270297,0.266698,-0.198127,-0.943196,0.925416,0.326013,0.193188
0.696852,0.410985,1.16874,0.269218,-0.961071,-0.0621573,0.266698,0.136413,-0.954077,0.925416,0.240277,0.293041
0.696852,0.317905,1.15514,0.269218,-0.881853,-0.387115,0.266698,0.4545,-0.849883,0.925416,0.125561,0.357548
0.696852,0.235089,1.11053,0.269218,-0.696269,-0.66538,0.266698,0.717768,-0.643181,0.925416,-0.00429965,0.378929
0.696834,0.337382,1.16077,-0.061087,-0.729211,-0.681557,0.373999,0.616364,-0.69298,0.925415,-0.297234,0.235072
0.696834,0.251468,1.12248,-0.061087,-0.452128,-0.889859,0.373999,0.816205,-0.440379,0.925415,-0.359708,0.119236
0.696834,0.183831,1.05711,-0.061087,-0.120511,-0.990831,0.373999,0.917601,-0.134662,0.925415,-0.378796,-0.0109824
0.696834,0.142629,0.972557,-0.061087,0.225641,-0.972294,0.373999,0.90832,0.187297,0.925415,-0.352195,-0.139876
0.696834,0.132831,0.879008,-0.061087,0.544577,-0.836483,0.373999,0.789482,0.486665,0.925415,-0.283115,-0.251898
0.696834,0.15562,0.78775,-0.061087,0.797829,-0.599781,0.373999,0.575421,0.727334,0.925415,-0.179887,-0.333538
0.696834,0.208246,0.70979,-0.061087,0.954851,-0.290736,0.373999,0.291956,0.880276,0.925415,-0.0549616,-0.374948
0.696834,0.284363,0.654531,-0.061087,0.996704,0.0533755,0.373999,-0.0267231,0.927044,0.925415,0.0765928,-0.371134
0.696834,0.374789,0.628638,-0.061087,0.91834,0.39105,0.373999,-0.342179,0.861997,0.925415,0.198909,-0.322555
0.696834,0.468618,0.635233,-0.061087,0.729211,0.681557,0.373999,-0.616364,0.69298,0.925415,0.297234,-0.235072
0.696834,0.554532,0.673523,-0.061087,0.452128,0.889859,0.373999,-0.816205,0.440379,0.925415,0.359708,-0.119236
0.696834,0.622169,0.738887,-0.061087,0.120511,0.990831,0.373999,-0.917601,0.134662,0.925415,0.378796,0.0109824
0.696834,0.663371,0.823443,-0.061087,-0.225641,0.972294,0.373999,-0.90832,-0.187297,0.925415,0.352195,0.139876
0.696834,0.673169,0.916992,-0.061087,-0.544577,0.836483,0.373999,-0.789482,-0.486665,0.925415,0.283115,0.251898
0.696834,0.65038,1.00825,-0.061087,-0.797829,0.599781,0.373999,-0.575421,-0.727334,0.925415,0.179887,0.333538
0.696834,0.597754,1.08621,-0.061087,-0.954851,0.290736,0.373999,-0.291956,-0.880276,0.925415,0.0549616,0.374948
0.696834,0.521637,1.14147,-0.061087,-0.996704,-0.0533755,0.373999,0.0267231,-0.927044,0.925415,-0.0765928,0.371134
0.696834,0.431211,1.16736,-0.061087,-0.91834,-0.39105,0.373999,0.342179,-0.861997,0.925415,-0.198909,0.322555
0.696834,0.337382,1.16077,-0.061087,-0.729211,-0.681557,0.373999,0.616364,-0.69298,0.925415,-0.297234,0.235072
0.735794,0.433512,1.20797,-0.384024,-0.658762,-0.646961,0.43619,0.488134,-0.755952,0.813796,-0.572501,0.0998905
0.735794,0.325654,1.19972,-0.384024,-0.39776,-0.833254,0.43619,0.717247,-0.543411,0.813796,-0.57214,-0.101941
0.735794,0.227125,1.15507,-0.384024,-0.0887829,-0.919045,0.43619,0.859849,-0.265327,0.813796,-0.50277,-0.291476
0.735794,0.14981,1.07941,-0.384024,0.230903,-0.893985,0.43619,0.898741,0.04476,0.813796,-0.372758,-0.445856
0.735794,0.103033,0.981875,-0.384024,0.522739,-0.761098,0.43619,0.829231,0.349448,0.813796,-0.197787,-0.546458
0.735794,0.0924359,0.874222,-0.384024,0.751525,-0.536411,0.43619,0.659704,0.611988,0.813796,0.00104093,-0.58115
0.735794,0.119298,0.769437,-0.384024,0.889665,-0.247025,0.43619,0.410607,0.800712,0.813796,0.199743,-0.545746
0.735794,0.180378,0.680158,-0.384024,0.920499,0.0721564,0.43619,0.111985,0.892859,0.813796,0.374353,-0.444517
0.735794,0.26831,0.617154,-0.384024,0.840308,0.382634,0.43619,-0.200145,0.877314,0.813796,0.503811,-0.289673
0.735794,0.372488,0.588025,-0.384024,0.658762,0.646961,0.43619,-0.488134,0.755952,0.813796,0.572501,-0.0998905
0.735794,0.480346,0.596283,-0.384024,0.39776,0.833254,0.43619,-0.717247,0.543411,0.813796,0.57214,0.101941
0.735794,0.578875,0.640933,-0.384024,0.0887829,0.919045,0.43619,-0.859849,0.265327,0.813796,0.50277,0.291476
0.735794,0.65619,0.716588,-0.384024,-0.230903,0.893985,0.43619,-0.898741,-0.04476,0.813796,0.372758,0.445856
0.735794,0.702967,0.814125,-0.384024,-0.522739,0.761098,0.43619,-0.829231,-0.349448,0.813796,0.197787,0.546458
0.735794,0.713564,0.921778,-0.384024,-0.751525,0.536411,0.43619,-0.659704,-0.611988,0.813796,-0.00104093,0.58115
0.735794,0.686702,1.02656,-0.384024,-0.889665,0.247025,0.43619,-0.410607,-0.800712,0.813796,-0.199743,0.545746
0.735794,0.625622,1.11584,-0.384024,-0.920499,-0.0721564,0.43619,-0.111985,-0.892859,0.813796,-0.374353,0.444517
0.735794,0.53769,1.17885,-0.384024,-0.840308,-0.382634,0.43619,0.200145,-0.877314,0.813796,-0.503811,0.289673
0.735794,0.433512,1.20797,-0.384024,-0.658762,-0.646961,0.43619,0.488134,-0.755952,0.813796,-0.572501,0.0998905
0.809034,0.511884,1.24646,-0.660642,-0.493421,-0.565763,0.44577,0.348544,-0.824503,0.604021,-0.796902,-0.0103105
0.809034,0.386136,1.26269,-0.660642,-0.270162,-0.700403,0.44577,0.609521,-0.655571,0.604021,-0.745316,-0.282245
0.809034,0.262422,1.23493,-0.660642,-0.0143172,-0.750565,0.44577,0.796981,-0.407566,0.604021,-0.603835,-0.520137
0.809034,0.155664,1.16653,-0.660642,0.243255,-0.710197,0.44577,0.888313,-0.110403,0.604021,-0.389522,-0.695292
0.809034,0.0787388,1.06574,-0.660642,0.471486,-0.584169,0.44577,0.872501,0.200076,0.604021,-0.128227,-0.786585
0.809034,0.0409239,0.944719,-0.660642,0.64285,-0.387681,0.44577,0.751453,0.486423,0.604021,0.148534,-0.783004
0.809034,0.0467808,0.818065,-0.660642,0.736676,-0.144434,0.44577,0.539769,0.7141,0.604021,0.40738,-0.684982
0.809034,0.095603,0.701051,-0.660642,0.741648,0.116235,0.44577,0.26298,0.855646,0.604021,0.61709,-0.50434
0.809034,0.181502,0.607793,-0.660642,0.657167,0.362883,0.44577,-0.0455279,0.893989,0.604021,0.752369,-0.262868
0.809034,0.294116,0.549537,-0.660642,0.493421,0.565763,0.44577,-0.348544,0.824503,0.604021,0.796902,0.0103105
0.809034,0.419864,0.533312,-0.660642,0.270162,0.700403,0.44577,-0.609521,0.655571,0.604021,0.745316,0.282245
0.809034,0.543578,0.561073,-0.660642,0.0143172,0.750565,0.44577,-0.796981,0.407566,0.604021,0.603835,0.520137
0.809034,0.650336,0.629473,-0.660642,-0.243255,0.710197,0.44577,-0.888313,0.110403,0.604021,0.389522,0.695292
0.809034,0.727261,0.730261,-0.660642,-0.471486,0.584169,0.44577,-0.872501,-0.200076,0.604021,0.128227,0.786585
0.809034,0.765076,0.851281,-0.660642,-0.64285,0.387681,0.44577,-0.751453,-0.486423,0.604021,-0.148534,0.783004
0.809034,0.759219,0.977935,-0.660642,-0.736676,0.144434,0.44577,-0.539769,-0.7141,0.604021,-0.40738,0.684982
0.809034,0.710397,1.09495,-0.660642,-0.741648,-0.116235,0.44577,-0.26298,-0.855646,0.604021,-0.61709,0.50434
0.809034,0.624498,1.18821,-0.660642,-0.657167,-0.362883,0.44577,0.0455279,-0.893989,0.604021,-0.752369,0.262868
0.809034,0.511884,1.24646,-0.660642,-0.493421,-0.565763,0.44577,0.348544,-0.824503,0.604021,-0.796902,-0.0103105
0.90772,0.563044,1.27159,-0.857576,-0.25313,-0.447758,0.401584,0.214432,-0.890365,0.321392,-0.943368,-0.0822391
0.90772,0.425618,1.3038,-0.857576,-0.0847225,-0.507331,0.401584,0.506023,-0.763329,0.321392,-0.858349,-0.39993
0.90772,0.285464,1.28706,-0.857576,0.0939043,-0.505712,0.401584,0.73658,-0.544224,0.321392,-0.6698,-0.669384
0.90772,0.159486,1.2234,-0.857576,0.261205,-0.443097,0.401584,0.878295,-0.259478,0.321392,-0.400463,-0.8581
0.90772,0.0628799,1.12049,-0.857576,0.397,-0.327037,0.401584,0.914074,0.0565645,0.321392,-0.0828245,-0.943317
0.90772,0.00729714,0.99074,-0.857576,0.484912,-0.171532,0.401584,0.839602,0.365785,0.321392,0.244804,-0.914756
0.90772,-0.000558008,0.849809,-0.857576,0.514335,0.00466175,0.401584,0.663862,0.630886,0.321392,0.542905,-0.775861
0.90772,0.0402619,0.71469,-0.857576,0.481723,0.180294,0.401584,0.408051,0.819893,0.321392,0.775524,-0.543387
0.90772,0.124833,0.601681,-0.857576,0.391007,0.33418,0.401584,0.103022,0.910009,0.321392,0.914604,-0.245372
0.90772,0.242956,0.524413,-0.857576,0.25313,0.447758,0.401584,-0.214432,0.890365,0.321392,0.943368,0.0822391
0.90772,0.380382,0.492205,-0.857576,0.0847225,0.507331,0.401584,-0.506023,0.763329,0.321392,0.858349,0.39993
0.90772,0.520536,0.508941,-0.857576,-0.0939043,0.505712,0.401584,-0.73658,0.544224,0.321392,0.6698,0.669384
0.90772,0.646514,0.572604,-0.857576,-0.261205,0.443097,0.401584,-0.878295,0.259478,0.321392,0.400463,0.8581
0.90772,0.74312,0.675515,-0.857576,-0.397,0.327037,0.401584,-0.914074,-0.0565645,0.321392,0.0828245,0.943317
0.90772,0.798703,0.80526,-0.857576,-0.484912,0.171532,0.401584,-0.839602,-0.365785,0.321392,-0.244804,0.914756
0.90772,0.806558,0.946191,-0.857576,-0.514335,-0.00466175,0.401584,-0.663862,-0.630886,0.321392,-0.542905,0.775861
0.90772,0.765738,1.08131,-0.857576,-0.481723,-0.180294,0.401584,-0.408051,-0.819893,0.321392,-0.775524,0.543387
0.90772,0.681167,1.19432,-0.857576,-0.391007,-0.33418,0.401584,-0.103022,-0.910009,0.321392,-0.914604,0.245372
0.90772,0.563044,1.27159,-0.857576,-0.25313,-0.447758,0.401584,0.214432,-0.890365,0.321392,-0.943368,-0.0822391
0.883612,0.00630392,0.855352,0.961642,-0.0201397,-0.273568,-0.0812368,0.931654,-0.354149,0.262003,0.362789,0.894281
0.883612,0.044814,0.722246,0.961642,0.0746406,-0.263958,-0.0812368,0.996594,-0.0141473,0.262003,0.0350477,0.96443
0.883612,0.126527,0.610339,0.961642,0.160418,-0.222511,-0.0812368,0.941331,0.327561,0.262003,-0.296921,0.918255
0.883612,0.241586,0.533127,0.961642,0.226847,-0.154225,-0.0812368,0.772529,0.629761,0.262003,-0.593076,0.761325
0.883612,0.376114,0.499925,0.961642,0.265914,-0.0673383,-0.0812368,0.510549,0.856002,0.262003,-0.817697,0.512567
0.883612,0.513885,0.514736,0.961642,0.272909,0.0276708,-0.0812368,0.186989,0.978997,0.262003,-0.943693,0.201987
0.883612,0.638282,0.575775,0.961642,0.246987,0.119342,-0.0812368,-0.159124,0.983911,0.262003,-0.955865,-0.132956
0.883612,0.7343,0.675679,0.961642,0.191274,0.19662,-0.0812368,-0.486045,0.87015,0.262003,-0.852745,-0.451863
0.883612,0.790359,0.802398,0.961642,0.112491,0.250181,-0.0812368,-0.754342,0.651436,0.262003,-0.646772,-0.716268
0.883612,0.799696,0.940648,0.961642,0.0201397,0.273568,-0.0812368,-0.931654,0.354149,0.262003,-0.362789,-0.894281
0.883612,0.761186,1.07375,0.961642,-0.0746406,0.263958,-0.0812368,-0.996594,0.0141473,0.262003,-0.0350477,-0.96443
0.883612,0.679473,1.18566,0.961642,-0.160418,0.222511,-0.0812368,-0.941331,-0.327561,0.262003,0.296921,-0.918255
0.883612,0.564414,1.26287,0.961642,-0.226847,0.154225,-0.0812368,-0.772529,-0.629761,0.262003,0.593076,-0.761325
0.883612,0.429886,1.29608,0.961642,-0.265914,0.0673383,-0.0812368,-0.510549,-0.856002,0.262003,0.817697,-0.512567
0.883612,0.292115,1.28126,0.961642,-0.272909,-0.0276708,-0.0812368,-0.186989,-0.978997,0.262003,0.943693,-0.201987
0.883612,0.167718,1.22023,0.961642,-0.246987,-0.119342,-0.0812368,0.159124,-0.983911,0.262003,0.955865,0.132956
0.883612,0.0716997,1.12032,0.961642,-0.191274,-0.19662,-0.0812368,0.486045,-0.87015,0.262003,0.852745,0.451863
0.883612,0.0156412,0.993602,0.961642,-0.112491,-0.250181,-0.0812368,0.754342,-0.651436,0.262003,0.646772,0.716268
0.883612,0.00630392,0.855352,0.961642,-0.0201397,-0.273568,-0.0812368,0.931654,-0.354149,0.262003,0.362789,0.894281
0.763622,0.0684675,0.88588,0.856221,-0.307856,-0.414863,0.156285,0.919776,-0.359983,0.492403,0.243388,0.835644
0.763622,0.0927875,0.772194,0.856221,-0.147398,-0.495136,0.156285,0.987428,-0.0236913,0.492403,-0.0570976,0.868492
0.763622,0.154524,0.673682,0.856221,0.0308374,-0.515689,0.156285,0.935981,0.315458,0.492403,-0.350696,0.796587
0.763622,0.24623,0.602227,0.856221,0.205354,-0.474042,0.156285,0.771642,0.616558,0.492403,-0.601995,0.628602
0.763622,0.356845,0.566445,0.856221,0.355101,-0.375219,0.156285,0.514231,0.843292,0.492403,-0.780685,0.384798
0.763622,0.473027,0.570654,0.856221,0.462019,-0.231139,0.156285,0.194796,0.968313,0.492403,-0.865213,0.0945819
0.763622,0.580762,0.614346,0.856221,0.513209,-0.0591796,0.156285,-0.148134,0.97654,0.492403,-0.845383,-0.207042
0.763622,0.667057,0.692251,0.856221,0.5025,0.119917,0.156285,-0.473197,0.866983,0.492403,-0.723588,-0.483694
0.763622,0.721503,0.794972,0.856221,0.431181,0.284551,0.156285,-0.741185,0.652855,0.492403,-0.514517,-0.702005
0.763622,0.737532,0.91012,0.856221,0.307856,0.414863,0.156285,-0.919776,0.359983,0.492403,-0.243388,-0.835644
0.763622,0.713212,1.02381,0.856221,0.147398,0.495136,0.156285,-0.987428,0.0236913,0.492403,0.0570976,-0.868492
0.763622,0.651476,1.12232,0.856221,-0.0308374,0.515689,0.156285,-0.935981,-0.315458,0.492403,0.350696,-0.796587
0.763622,0.55977,1.19377,0.856221,-0.205354,0.474042,0.156285,-0.771642,-0.616558,0.492403,0.601995,-0.628602
0.763622,0.449155,1.22955,0.856221,-0.355101,0.375219,0.156285,-0.514231,-0.843292,0.492403,0.780685,-0.384798
0.763622,0.332973,1.22535,0.856221,-0.462019,0.231139,0.156285,-0.194796,-0.968313,0.492403,0.865213,-0.0945819
0.763622,0.225238,1.18165,0.856221,-0.513209,0.0591796,0.156285,0.148134,-0.97654,0.492403,0.845383,0.207042
0.763622,0.138943,1.10375,0.856221,-0.5025,-0.119917,0.156285,0.473197,-0.866983,0.492403,0.723588,0.483694
0.763622,0.0844971,1.00103,0.856221,-0.431181,-0.284551,0.156285,0.741185,-0.652855,0.492403,0.514517,0.702005
0.763622,0.0684675,0.88588,0.856221,-0.307856,-0.414863,0.156285,0.919776,-0.359983,0.492403,0.243388,0.835644
0.674556,0.163719,0.932657,0.647527,-0.545856,-0.531743,0.374957,0.835695,-0.401274,0.663413,0.0604548,0.745808
0.674556,0.166296,0.848728,0.647527,-0.33107,-0.686368,0.374957,0.92254,-0.0912497,0.663413,-0.198272,0.721507
0.674556,0.197423,0.770742,0.647527,-0.0763526,-0.758208,0.374957,0.898113,0.229781,0.663413,-0.433085,0.610181
0.674556,0.253345,0.708105,0.647527,0.187575,-0.738597,0.374957,0.765361,0.523096,0.663413,-0.615661,0.425259
0.674556,0.327318,0.668372,0.647527,0.428877,-0.6299,0.374957,0.540295,0.753318,0.663413,-0.723979,0.189044
0.674556,0.41042,0.656336,0.647527,0.618451,-0.445227,0.374957,0.250061,0.892679,0.663413,-0.744975,-0.0699718
0.674556,0.492626,0.673448,0.647527,0.733431,-0.206854,0.374957,-0.0703341,0.92437,0.663413,-0.676116,-0.320548
0.674556,0.564023,0.717644,0.647527,0.759948,0.0564689,0.374957,-0.382246,0.844568,0.663413,-0.525707,-0.532462
0.674556,0.615997,0.783594,0.647527,0.694804,0.312981,0.374957,-0.648053,0.662899,0.663413,-0.31189,-0.680153
0.674556,0.642281,0.863343,0.647527,0.545856,0.531743,0.374957,-0.835695,0.401274,0.663413,-0.0604548,-0.745808
0.674556,0.639704,0.947272,0.647527,0.33107,0.686368,0.374957,-0.92254,0.0912497,0.663413,0.198272,-0.721507
0.674556,0.608577,1.02526,0.647527,0.0763526,0.758208,0.374957,-0.898113,-0.229781,0.663413,0.433085,-0.610181
0.674556,0.552655,1.08789,0.647527,-0.187575,0.738597,0.374957,-0.765361,-0.523096,0.663413,0.615661,-0.425259
0.674556,0.478682,1.12763,0.647527,-0.428877,0.6299,0.374957,-0.540295,-0.753318,0.663413,0.723979,-0.189044
0.674556,0.39558,1.13966,0.647527,-0.618451,0.445227,0.374957,-0.250061,-0.892679,0.663413,0.744975,0.0699718
0.674556,0.313374,1.12255,0.647527,-0.733431,0.206854,0.374957,0.0703341,-0.92437,0.663413,0.676116,0.320548
0.674556,0.241977,1.07836,0.647527,-0.759948,-0.0564689,0.374957,0.382246,-0.844568,0.663413,0.525707,0.532462
0.674556,0.190003,1.01241,0.647527,-0.694804,-0.312981,0.374957,0.648053,-0.662899,0.663413,0.31189,0.680153
0.674556,0.163719,0.932657,0.647527,-0.545856,-0.531743,0.374957,0.835695,-0.401274,0.663413,0.0604548,0.745808
0.627155,0.280569,0.990041,0.360731,-0.705435,-0.61011,0.548404,0.689553,-0.473043,0.754404,-0.163945,0.635607
0.627155,0.256473,0.942617,0.360731,-0.454222,-0.814589,0.548404,0.809758,-0.208674,0.754404,-0.371449,0.541202
0.627155,0.250049,0.889811,0.360731,-0.148223,-0.920816,0.548404,0.832295,0.0808643,0.754404,-0.53415,0.381521
0.627155,0.262074,0.837992,0.360731,0.175654,-0.91598,0.548404,0.754444,0.360649,0.754404,-0.632424,0.175822
0.627155,0.291097,0.793412,0.360731,0.478344,-0.800662,0.548404,0.585596,0.596934,0.754404,-0.654419,-0.0510828
0.627155,0.333617,0.761446,0.360731,0.723339,-0.588773,0.548404,0.346117,0.76122,0.754404,-0.597482,-0.271827
0.627155,0.384505,0.745951,0.360731,0.881088,-0.305869,0.548404,0.0648906,0.833692,0.754404,-0.468479,-0.459784
0.627155,0.437624,0.748795,0.360731,0.932566,0.0139268,0.548404,-0.224162,0.805608,0.754404,-0.282971,-0.592285
0.627155,0.486567,0.769635,0.360731,0.871562,0.332043,0.548404,-0.486178,0.680356,0.754404,-0.063332,-0.653347
0.627155,0.525431,0.805959,0.360731,0.705435,0.61011,0.548404,-0.689553,0.473043,0.754404,0.163945,-0.635607
0.627155,0.549527,0.853383,0.360731,0.454222,0.814589,0.548404,-0.809758,0.208674,0.754404,0.371449,-0.541202
0.627155,0.555951,0.906189,0.360731,0.148223,0.920816,0.548404,-0.832295,-0.0808643,0.754404,0.53415,-0.381521
0.627155,0.543926,0.958008,0.360731,-0.175654,0.91598,0.548404,-0.754444,-0.360649,0.754404,0.632424,-0.175822
0.627155,0.514903,1.00259,0.360731,-0.478344,0.800662,0.548404,-0.585596,-0.596934,0.754404,0.654419,0.0510828
0.627155,0.472383,1.03455,0.360731,-0.723339,0.588773,0.548404,-0.346117,-0.76122,0.754404,0.597482,0.271827
0.627155,0.421495,1.05005,0.360731,-0.881088,0.305869,0.548404,-0.0648906,-0.833692,0.754404,0.468479,0.459784
0.627155,0.368376,1.0472,0.360731,-0.932566,-0.0139268,0.548404,0.224162,-0.805608,0.754404,0.282971,0.592285
0.627155,0.319433,1.02636,0.360731,-0.871562,-0.332043,0.548404,0.486178,-0.680356,0.754404,0.063332,0.653347
0.627155,0.280569,0.990041,0.360731,-0.705435,-0.61011,0.548404,0.689553,-0.473043,0.754404,-0.163945,0.635607
0.627137,0.404924,1.05111,0.0304265,-0.767344,-0.640513,0.655705,0.498977,-0.566633,0.754404,-0.402747,0.518333
0.627137,0.352441,1.04254,0.0304265,-0.501999,-0.864333,0.655705,0.662685,-0.361801,0.754404,-0.555739,0.349326
0.627137,0.306056,1.01653,0.0304265,-0.176106,-0.983901,0.655705,0.746463,-0.11333,0.754404,-0.6417,0.138186
0.627137,0.271364,0.976222,0.0304265,0.171029,-0.984796,0.655705,0.740207,0.14881,0.754404,-0.650263,-0.0896225
0.627137,0.252549,0.926483,0.0304265,0.497535,-0.86691,0.655705,0.644671,0.393002,0.754404,-0.580395,-0.306621
0.627137,0.251881,0.873308,0.0304265,0.76403,-0.644462,0.655705,0.471378,0.589791,0.754404,-0.440522,-0.486636
0.627137,0.26944,0.823111,0.0304265,0.938373,-0.344283,0.655705,0.24123,0.715443,0.754404,-0.247516,-0.607956
0.627137,0.303108,0.781947,0.0304265,0.999534,-0.00257754,0.655705,-0.0180137,0.754803,0.754404,-0.0246561,-0.655947
0.627137,0.348824,0.754781,0.0304265,0.940136,0.339439,0.655705,-0.275085,0.703121,0.754404,0.201178,-0.624821
0.627137,0.401076,0.744889,0.0304265,0.767344,0.640513,0.655705,-0.498977,0.566633,0.754404,0.402747,-0.518333
0.627137,0.453559,0.753464,0.0304265,0.501999,0.864333,0.655705,-0.662685,0.361801,0.754404,0.555739,-0.349326
0.627137,0.499944,0.779473,0.0304265,0.176106,0.983901,0.655705,-0.746463,0.11333,0.754404,0.6417,-0.138186
0.627137,0.534636,0.819778,0.0304265,-0.171029,0.984796,0.655705,-0.740207,-0.14881,0.754404,0.650263,0.0896225
0.627137,0.553451,0.869517,0.0304265,-0.497535,0.86691,0.655705,-0.644671,-0.393002,0.754404,0.580395,0.306621
0.627137,0.554119,0.922692,0.0304265,-0.76403,0.644462,0.655705,-0.471378,-0.589791,0.754404,0.440522,0.486636
0.627137,0.53656,0.972889,0.0304265,-0.938373,0.344283,0.655705,-0.24123,-0.715443,0.754404,0.247516,0.607956
0.627137,0.502892,1.01405,0.0304265,-0.999534,0.00257754,0.655705,0.0180137,-0.754803,0.754404,0.0246561,0.655947
0.627137,0.457176,1.04122,0.0304265,-0.940136,-0.339439,0.655705,0.275085,-0.703121,0.754404,-0.201178,0.624821
0.627137,0.404924,1.05111,0.0304265,-0.767344,-0.640513,0.655705,0.498977,-0.566633,0.754404,-0.402747,0.518333
0.674504,0.521786,1.1085,-0.303548,-0.724117,-0.619285,0.683918,0.286953,-0.670757,0.663411,-0.627147,0.408132
0.674504,0.442627,1.13643,-0.303548,-0.468639,-0.8296,0.683918,0.49906,-0.532161,0.663411,-0.728915,0.169022
0.674504,0.358688,1.13561,-0.303548,-0.156637,-0.939853,0.683918,0.650973,-0.32938,0.663411,-0.742765,-0.0904747
0.674504,0.280094,1.10612,-0.303548,0.174258,-0.936746,0.683918,0.724369,-0.0868699,0.663411,-0.667026,-0.339059
0.674504,0.216324,1.05153,-0.303548,0.484135,-0.820653,0.683918,0.710395,0.166118,0.663411,-0.510835,-0.546748
0.674504,0.17507,0.978428,-0.303548,0.735618,-0.605578,0.683918,0.610737,0.399069,0.663411,-0.293029,-0.688491
0.674504,0.161308,0.895621,-0.303548,0.898375,-0.317461,0.683918,0.437416,0.583887,0.663411,-0.0398796,-0.747191
0.674504,0.176697,0.813101,-0.303548,0.952774,0.00894645,0.683918,0.211335,0.698279,0.663411,0.21808,-0.71577
0.674504,0.219382,0.740821,-0.303548,0.892255,0.334275,0.683918,-0.0402351,0.728449,0.663411,0.449736,-0.598016
0.674504,0.284214,0.687499,-0.303548,0.724117,0.619285,0.683918,-0.286953,0.670757,0.663411,0.627147,-0.408132
0.674504,0.363373,0.659567,-0.303548,0.468639,0.8296,0.683918,-0.49906,0.532161,0.663411,0.728915,-0.169022
0.674504,0.447312,0.660393,-0.303548,0.156637,0.939853,0.683918,-0.650973,0.32938,0.663411,0.742765,0.0904747
0.674504,0.525906,0.689878,-0.303548,-0.174258,0.936746,0.683918,-0.724369,0.0868699,0.663411,0.667026,0.339059
0.674504,0.589676,0.744466,-0.303548,-0.484135,0.820653,0.683918,-0.710395,-0.166118,0.663411,0.510835,0.546748
0.674504,0.63093,0.817572,-0.303548,-0.735618,0.605578,0.683918,-0.610737,-0.399069,0.663411,0.293029,0.688491
0.674504,0.644692,0.900379,-0.303548,-0.898375,0.317461,0.683918,-0.437416,-0.583887,0.663411,0.0398796,0.747191
0.674504,0.629303,0.982899,-0.303548,-0.952774,-0.00894645,0.683918,-0.211335,-0.698279,0.663411,-0.21808,0.71577
0.674504,0.586618,1.05518,-0.303548,-0.892255,-0.334275,0.683918,0.0402351,-0.728449,0.663411,-0.449736,0.598016
0.674504,0.521786,1.1085,-0.303548,-0.724117,-0.619285,0.683918,0.286953,-0.670757,0.663411,-0.627147,0.408132
0.763543,0.617058,1.15529,-0.60091,-0.580966,-0.548985,0.629641,0.0790537,-0.772854,0.492402,-0.810079,0.318296
0.763543,0.516151,1.21298,-0.60091,-0.358166,-0.714579,0.629641,0.338618,-0.699207,0.492402,-0.870089,0.0220369
0.763543,0.401596,1.23269,-0.60091,-0.0921654,-0.793985,0.629641,0.55734,-0.541226,0.492402,-0.825153,-0.27688
0.763543,0.287211,1.21202,-0.60091,0.184952,-0.777624,0.629641,0.708838,-0.317964,0.492402,-0.680692,-0.542401
0.763543,0.186791,1.15348,-0.60091,0.439761,-0.667471,0.629641,0.77484,-0.056352,0.492402,-0.454129,-0.742501
0.763543,0.11245,1.06413,-0.60091,0.641528,-0.47681,0.629641,0.747385,0.212057,0.492402,-0.172791,-0.853044
0.763543,0.0731529,0.954735,-0.60091,0.765918,-0.228639,0.629641,0.629784,0.45489,0.492402,0.129387,-0.860697
0.763543,0.0736405,0.8385,-0.60091,0.797927,0.0471088,0.629641,0.436222,0.642855,0.492402,0.41596,-0.764538
0.763543,0.113854,0.72944,-0.60091,0.733694,0.317175,0.629641,0.190045,0.753283,0.492402,0.652362,-0.576164
0.763543,0.188942,0.640712,-0.60091,0.580966,0.548985,0.629641,-0.0790537,0.772854,0.492402,0.810079,-0.318296
0.763543,0.289849,0.583016,-0.60091,0.358166,0.714579,0.629641,-0.338618,0.699207,0.492402,0.870089,-0.0220369
0.763543,0.404404,0.563312,-0.60091,0.0921654,0.793985,0.629641,-0.55734,0.541226,0.492402,0.825153,0.27688
0.763543,0.518789,0.583976,-0.60091,-0.184952,0.777624,0.629641,-0.708838,0.317964,0.492402,0.680692,0.542401
0.763543,0.619209,0.642517,-0.60091,-0.439761,0.667471,0.629641,-0.77484,0.056352,0.492402,0.454129,0.742501
0.763543,0.69355,0.731872,-0.60091,-0.641528,0.47681,0.629641,-0.747385,-0.212057,0.492402,0.172791,0.853044
0.763543,0.732847,0.841265,-0.60091,-0.765918,0.228639,0.629641,-0.629784,-0.45489,0.492402,-0.129387,0.860697
0.763543,0.73236,0.9575,-0.60091,-0.797927,-0.0471088,0.629641,-0.436222,-0.642855,0.492402,-0.41596,0.764538
0.763543,0.692146,1.06656,-0.60091,-0.733694,-0.317175,0.629641,-0.190045,-0.753283,0.492402,-0.652362,0.576164
0.763543,0.617058,1.15529,-0.60091,-0.580966,-0.548985,0.629641,0.0790537,-0.772854,0.492402,-0.810079,0.318296
0.883514,0.67925,1.18583,-0.825794,-0.35516,-0.438093,0.499419,-0.0996444,-0.860611,0.262001,-0.92948,0.259659
0.883514,0.564146,1.26295,-0.825794,-0.183904,-0.533145,0.499419,0.200711,-0.84279,0.262001,-0.962234,-0.0739008
0.883514,0.429606,1.29606,-0.825794,0.00953279,-0.563891,0.499419,0.476858,-0.723316,0.262001,-0.878929,-0.398547
0.883514,0.291857,1.28115,-0.825794,0.20182,-0.526624,0.499419,0.695489,-0.5166,0.262001,-0.689611,-0.675123
0.883514,0.167513,1.22003,-0.825794,0.369765,-0.425838,0.499419,0.830233,-0.247574,0.262001,-0.417117,-0.870269
0.883514,0.0715725,1.12007,-0.825794,0.49311,-0.27369,0.499419,0.86484,0.051313,0.262001,-0.0943121,-0.960448
0.883514,0.0156071,0.993324,-0.825794,0.55698,-0.0885307,0.499419,0.795133,0.344011,0.262001,0.239868,-0.934783
0.883514,0.00636697,0.855079,-0.825794,0.553669,0.107307,0.499419,0.629522,0.595216,0.262001,0.545117,-0.796369
0.883514,0.0449666,0.722011,-0.825794,0.483578,0.290201,0.499419,0.387981,0.774629,0.262001,0.784617,-0.561901
0.883514,0.12675,0.61017,-0.825794,0.35516,0.438093,0.499419,0.0996444,0.860611,0.262001,0.92948,-0.259659
0.883514,0.241854,0.533045,-0.825794,0.183904,0.533145,0.499419,-0.200711,0.84279,0.262001,0.962234,0.0739008
0.883514,0.376394,0.49994,-0.825794,-0.00953279,0.563891,0.499419,-0.476858,0.723316,0.262001,0.878929,0.398547
0.883514,0.514143,0.514846,-0.825794,-0.20182,0.526624,0.499419,-0.695489,0.5166,0.262001,0.689611,0.675123
0.883514,0.638487,0.575966,-0.825794,-0.369765,0.425838,0.499419,-0.830233,0.247574,0.262001,0.417117,0.870269
0.883514,0.734427,0.675928,-0.825794,-0.49311,0.27369,0.499419,-0.86484,-0.051313,0.262001,0.0943121,0.960448
0.883514,0.790393,0.802676,-0.825794,-0.55698,0.0885307,0.499419,-0.795133,-0.344011,0.262001,-0.239868,0.934783
0.883514,0.799633,0.940921,-0.825794,-0.553669,-0.107307,0.499419,-0.629522,-0.595216,0.262001,-0.545117,0.796369
0.883514,0.761033,1.07399,-0.825794,-0.483578,-0.290201,0.499419,-0.387981,-0.774629,0.262001,-0.784617,0.561901
0.883514,0.67925,1.18583,-0.825794,-0.35516,-0.438093,0.499419,-0.0996444,-0.860611,0.262001,-0.92948,0.259659
0.875863,0.0509661,0.716107,0.985232,0.00180296,-0.171218,-0.00862081,0.999199,-0.0390846,0.17101,0.0399834,0.984458
0.875863,0.134407,0.606674,0.985232,0.0602541,-0.160275,-0.00862081,0.952307,0.305019,0.17101,-0.299132,0.938763
0.875863,0.250245,0.532379,0.985232,0.111438,-0.130001,-0.00862081,0.790554,0.612332,0.17101,-0.602168,0.779839
0.875863,0.384507,0.502183,0.985232,0.14918,-0.0840475,-0.00862081,0.533448,0.845789,0.17101,-0.832574,0.526855
0.875863,0.520999,0.519729,0.985232,0.16893,-0.0279561,-0.00862081,0.212,0.977232,0.17101,-0.962558,0.210325
0.875863,0.643259,0.5829,0.985232,0.168304,0.0315072,-0.00862081,-0.135018,0.990806,0.17101,-0.976445,-0.131573
0.875863,0.736541,0.684076,0.985232,0.147377,0.0871703,-0.00862081,-0.465751,0.884874,0.17101,-0.872557,-0.457602
0.875863,0.789592,0.811055,0.985232,0.108676,0.132319,-0.00862081,-0.740308,0.672213,0.17101,-0.663426,-0.728437
0.875863,0.796015,0.94852,0.985232,0.0568657,0.161509,-0.00862081,-0.925572,0.378474,0.17101,-0.374276,-0.911412
0.875863,0.755034,1.07989,0.985232,-0.00180296,0.171218,-0.00862081,-0.999199,0.0390846,0.17101,-0.0399834,-0.984458
0.875863,0.671593,1.18933,0.985232,-0.0602541,0.160275,-0.00862081,-0.952307,-0.305019,0.17101,0.299132,-0.938763
0.875863,0.555755,1.26362,0.985232,-0.111438,0.130001,-0.00862081,-0.790554,-0.612332,0.17101,0.602168,-0.779839
0.875863,0.421493,1.29382,0.985232,-0.14918,0.0840475,-0.00862081,-0.533448,-0.845789,0.17101,0.832574,-0.526855
0.875863,0.285001,1.27627,0.985232,-0.16893,0.0279561,-0.00862081,-0.212,-0.977232,0.17101,0.962558,-0.210325
0.875863,0.162741,1.2131,0.985232,-0.168304,-0.0315072,-0.00862081,0.135018,-0.990806,0.17101,0.976445,0.131573
0.875863,0.0694595,1.11192,0.985232,-0.147377,-0.0871703,-0.00862081,0.465751,-0.884874,0.17101,0.872557,0.457602
0.875863,0.0164081,0.984945,0.985232,-0.108676,-0.132319,-0.00862081,0.740308,-0.672213,0.17101,0.663426,0.728437
0.875863,0.00998545,0.84748,0.985232,-0.0568657,-0.161509,-0.00862081,0.925572,-0.378474,0.17101,0.374276,0.911412
0.875863,0.0509661,0.716107,0.985232,0.00180296,-0.171218,-0.00862081,0.999199,-0.0390846,0.17101,0.0399834,0.984458
0.749059,0.116661,0.74837,0.900555,-0.296663,-0.317792,0.292759,0.954228,-0.0611695,0.321393,-0.03795,0.946185
0.749059,0.185106,0.65946,0.900555,-0.170081,-0.400092,0.292759,0.917602,0.268885,0.321393,-0.359276,0.876144
0.749059,0.279832,0.599322,0.900555,-0.0229846,-0.434134,0.292759,0.7703,0.566507,0.321393,-0.637268,0.700426
0.749059,0.389414,0.575208,0.900555,0.126884,-0.415814,0.292759,0.530088,0.795801,0.321393,-0.838395,0.440227
0.749059,0.500635,0.590028,0.900555,0.261449,-0.347341,0.292759,0.22594,0.929109,0.321393,-0.938401,0.12693
0.749059,0.600079,0.641994,0.900555,0.364479,-0.236972,0.292759,-0.10546,0.950353,0.321393,-0.925221,-0.201677
0.749059,0.675753,0.724839,0.900555,0.423548,-0.0980221,0.292759,-0.42414,0.85697,0.321393,-0.800445,-0.505958
0.749059,0.718529,0.828568,0.900555,0.43153,0.0527512,0.292759,-0.691662,0.660224,0.321393,-0.579125,-0.749214
0.749059,0.723247,0.940673,0.900555,0.387464,0.197162,0.292759,-0.87576,0.383846,0.321393,-0.287953,-0.902103
0.749059,0.689339,1.04763,0.900555,0.296663,0.317792,0.292759,-0.954228,0.0611695,0.321393,0.03795,-0.946185
0.749059,0.620894,1.13654,0.900555,0.170081,0.400092,0.292759,-0.917602,-0.268885,0.321393,0.359276,-0.876144
0.749059,0.526168,1.19668,0.900555,0.0229846,0.434134,0.292759,-0.7703,-0.566507,0.321393,0.637268,-0.700426
0.749059,0.416586,1.22079,0.900555,-0.126884,0.415814,0.292759,-0.530088,-0.795801,0.321393,0.838395,-0.440227
0.749059,0.305365,1.20597,0.900555,-0.261449,0.347341,0.292759,-0.22594,-0.929109,0.321393,0.938401,-0.12693
0.749059,0.205921,1.15401,0.900555,-0.364479,0.236972,0.292759,0.10546,-0.950353,0.321393,0.925221,0.201677
0.749059,0.130247,1.07116,0.900555,-0.423548,0.0980221,0.292759,0.42414,-0.85697,0.321393,0.800445,0.505958
0.749059,0.0874713,0.967432,0.900555,-0.43153,-0.0527512,0.292759,0.691662,-0.660224,0.321393,0.579125,0.749214
0.749059,0.0827531,0.855327,0.900555,-0.387464,-0.197162,0.292759,0.87576,-0.383846,0.321393,0.287953,0.902103
0.749059,0.116661,0.74837,0.900555,-0.296663,-0.317792,0.292759,0.954228,-0.0611695,0.321393,-0.03795,0.946185
0.654934,0.217323,0.797804,0.707258,-0.551135,-0.442761,0.558827,0.819446,-0.12736,0.433011,-0.157351,0.887549
0.654934,0.26279,0.740341,0.707258,-0.366464,-0.604558,0.558827,0.813587,0.160588,0.433011,-0.451421,0.780206
0.654934,0.325168,0.701895,0.707258,-0.137593,-0.693437,0.558827,0.709597,0.429166,0.433011,-0.691043,0.578759
0.654934,0.396934,0.687101,0.707258,0.107875,-0.698677,0.558827,0.52002,0.645981,0.433011,-0.847315,0.307505
0.654934,0.469431,0.697745,0.707258,0.340331,-0.619646,0.558827,0.26772,0.784881,0.433011,-0.901388,-0.000838891
0.654934,0.533916,0.732543,0.707258,0.531738,-0.465877,0.558827,-0.0168705,0.829112,0.433011,-0.846741,-0.309081
0.654934,0.582611,0.787297,0.707258,0.659009,-0.255916,0.558827,-0.299426,0.773341,0.433011,-0.689964,-0.580044
0.654934,0.609641,0.855404,0.707258,0.706795,-0.0150882,0.558827,-0.545867,0.624293,0.433011,-0.449968,-0.781045
0.654934,0.611748,0.928648,0.707258,0.66933,0.22756,0.558827,-0.726468,0.399946,0.433011,-0.155698,-0.88784
0.654934,0.588677,0.998196,0.707258,0.551135,0.442761,0.558827,-0.819446,0.12736,0.433011,0.157351,-0.887549
0.654934,0.54321,1.05566,0.707258,0.366464,0.604558,0.558827,-0.813587,-0.160588,0.433011,0.451421,-0.780206
0.654934,0.480832,1.09411,0.707258,0.137593,0.693437,0.558827,-0.709597,-0.429166,0.433011,0.691043,-0.578759
0.654934,0.409066,1.1089,0.707258,-0.107875,0.698677,0.558827,-0.52002,-0.645981,0.433011,0.847315,-0.307505
0.654934,0.336569,1.09825,0.707258,-0.340331,0.619646,0.558827,-0.26772,-0.784881,0.433011,0.901388,0.000838891
0.654934,0.272084,1.06346,0.707258,-0.531738,0.465877,0.558827,0.0168705,-0.829112,0.433011,0.846741,0.309081
0.654934,0.223389,1.0087,0.707258,-0.659009,0.255916,0.558827,0.299426,-0.773341,0.433011,0.689964,0.580044
0.654934,0.196359,0.940596,0.707258,-0.706795,0.0150882,0.558827,0.545867,-0.624293,0.433011,0.449968,0.781045
