0.658953,0.196265,0.869044,0.308961,-0.0218689,0.950823,0.951075,0.00710789,-0.308879,-3.49349e-06,0.999736,0.0229951
0.907818,0.156376,0.559622,0.92986,0.295448,-0.219253,-0.179072,0.884022,0.431785,0.321394,-0.362237,0.874923
0.907818,0.279436,0.490469,0.92986,0.352619,-0.104982,-0.179072,0.68303,0.708098,0.321394,-0.639633,0.698266
0.907818,0.418727,0.467575,0.92986,0.367259,0.0219524,-0.179072,0.399654,0.899005,0.321394,-0.839879,0.437388
0.907818,0.557447,0.493702,0.92986,0.337603,0.146239,-0.179072,0.0680744,0.981478,0.321394,-0.938824,0.123755
0.907818,0.678866,0.565699,0.92986,0.267226,0.252886,-0.179072,-0.271716,0.94557,0.321394,-0.924533,-0.204805
0.907818,0.768337,0.674881,0.92986,0.164618,0.329032,-0.179072,-0.578734,0.795613,0.321394,-0.798729,-0.508663
0.907818,0.815071,0.80808,0.92986,0.042155,0.365492,-0.179072,-0.815948,0.549693,0.321394,-0.576587,-0.751168
0.907818,0.813429,0.94923,0.92986,-0.0853928,0.357868,-0.179072,-0.954746,0.237472,0.321394,-0.2849,-0.903071
0.907818,0.763611,1.08131,0.92986,-0.202641,0.30708,-0.179072,-0.978388,-0.103392,0.321394,0.0411503,-0.946051
0.907818,0.671624,1.18838,0.92986,-0.295448,0.219253,-0.179072,-0.884022,-0.431785,0.321394,0.362237,-0.874923
0.907818,0.548564,1.25753,0.92986,-0.352619,0.104982,-0.179072,-0.68303,-0.708098,0.321394,0.639633,-0.698266
0.907818,0.409273,1.28042,0.92986,-0.367259,-0.0219524,-0.179072,-0.399654,-0.899005,0.321394,0.839879,-0.437388
0.907818,0.270553,1.2543,0.92986,-0.337603,-0.146239,-0.179072,-0.0680744,-0.981478,0.321394,0.938824,-0.123755
0.907818,0.149134,1.1823,0.92986,-0.267226,-0.252886,-0.179072,0.271716,-0.94557,0.321394,0.924533,0.204805
0.907818,0.0596625,1.07312,0.92986,-0.164618,-0.329032,-0.179072,0.578734,-0.795613,0.321394,0.798729,0.508663
0.907818,0.012929,0.93992,0.92986,-0.042155,-0.365492,-0.179072,0.815948,-0.549693,0.321394,0.576587,0.751168
0.907818,0.0145706,0.79877,0.92986,0.0853928,-0.357868,-0.179072,0.954746,-0.237472,0.321394,0.2849,0.903071
0.907818,0.0643892,0.666694,0.92986,0.202641,-0.30708,-0.179072,0.978388,0.103392,0.321394,-0.0411503,0.946051
0.907818,0.156376,0.559622,0.92986,0.295448,-0.219253,-0.179072,0.884022,0.431785,0.321394,-0.362237,0.874923
0.809114,0.155066,0.616573,0.796489,0.302447,-0.523575,-0.0275851,0.883184,0.468214,0.604023,-0.358485,0.71179
0.809114,0.258727,0.543537,0.796489,0.46328,-0.388556,-0.0275851,0.669783,0.742044,0.604023,-0.580312,0.546255
0.809114,0.381116,0.51036,0.796489,0.568235,-0.206672,-0.0275851,0.375596,0.926373,0.604023,-0.732145,0.314833
0.809114,0.507471,0.521043,0.796489,0.604652,0.0001395,-0.0275851,0.0361065,0.998967,0.604023,-0.795671,0.0454378
0.809114,0.622553,0.574298,0.796489,0.56814,0.206934,-0.0275851,-0.307738,0.951071,0.604023,-0.763226,-0.229438
0.809114,0.712479,0.663702,0.796489,0.463101,0.38877,-0.0275851,-0.614465,0.788462,0.604023,-0.638726,-0.47664
0.809114,0.766405,0.77847,0.796489,0.302205,0.523714,-0.0275851,-0.847078,0.530753,0.604023,-0.437186,-0.666352
0.809114,0.777826,0.904761,0.796489,0.104859,0.595491,-0.0275851,-0.977521,0.209027,0.604023,-0.182914,-0.775692
0.809114,0.745363,1.02734,0.796489,-0.105134,0.595442,-0.0275851,-0.99006,-0.137911,0.604023,0.0934193,-0.791473
0.809114,0.672934,1.13143,0.796489,-0.302447,0.523575,-0.0275851,-0.883184,-0.468214,0.604023,0.358485,-0.71179
0.809114,0.569273,1.20446,0.796489,-0.46328,0.388556,-0.0275851,-0.669783,-0.742044,0.604023,0.580312,-0.546255
0.809114,0.446884,1.23764,0.796489,-0.568235,0.206672,-0.0275851,-0.375596,-0.926373,0.604023,0.732145,-0.314833
0.809114,0.320529,1.22696,0.796489,-0.604652,-0.0001395,-0.0275851,-0.0361065,-0.998967,0.604023,0.795671,-0.0454378
0.809114,0.205447,1.1737,0.796489,-0.56814,-0.206934,-0.0275851,0.307738,-0.951071,0.604023,0.763226,0.229438
0.809114,0.115521,1.0843,0.796489,-0.463101,-0.38877,-0.0275851,0.614465,-0.788462,0.604023,0.638726,0.47664
0.809114,0.0615948,0.96953,0.796489,-0.302205,-0.523714,-0.0275851,0.847078,-0.530753,0.604023,0.437186,0.666352
0.809114,0.0501743,0.843239,0.796489,-0.104859,-0.595491,-0.0275851,0.977521,-0.209027,0.604023,0.182914,0.775692
0.809114,0.0826366,0.720658,0.796489,0.105134,-0.595442,-0.0275851,0.99006,0.137911,0.604023,-0.0934193,0.791473
0.809114,0.155066,0.616573,0.796489,0.302447,-0.523575,-0.0275851,0.883184,0.468214,0.604023,-0.358485,0.71179
0.735846,0.153059,0.703839,0.567051,0.307975,-0.76394,0.127229,0.883588,0.450649,0.813797,-0.352737,0.461856
0.735846,0.226994,0.624854,0.567051,0.550685,-0.612535,0.127229,0.67617,0.725677,0.813797,-0.489428,0.31336
0.735846,0.323485,0.575919,0.567051,0.726974,-0.387249,0.127229,0.387196,0.913177,0.813797,-0.567087,0.127068
0.735846,0.430893,0.562938,0.567051,0.815579,-0.115255,0.127229,0.0515205,0.990534,0.813797,-0.576347,-0.0745508
0.735846,0.536264,0.587475,0.567051,0.805813,0.17064,0.127229,-0.290369,0.948419,0.813797,-0.516091,-0.267177
0.735846,0.626888,0.646572,0.567051,0.698855,0.435953,0.127229,-0.597236,0.79191,0.813797,-0.393587,-0.427578
0.735846,0.691834,0.733099,0.567051,0.507604,0.648685,0.127229,-0.832068,0.539885,0.813797,-0.223611,-0.536407
0.735846,0.72327,0.836621,0.567051,0.255128,0.783175,0.127229,-0.96654,0.222742,0.813797,-0.0266635,-0.580537
0.735846,0.717403,0.944652,0.567051,-0.0281194,0.823203,0.127229,-0.984432,-0.121267,0.813797,0.1735,-0.554646
0.735846,0.674941,1.04416,0.567051,-0.307975,0.76394,0.127229,-0.883588,-0.450649,0.813797,0.352737,-0.461856
0.735846,0.601006,1.12315,0.567051,-0.550685,0.612535,0.127229,-0.67617,-0.725677,0.813797,0.489428,-0.31336
0.735846,0.504515,1.17208,0.567051,-0.726974,0.387249,0.127229,-0.387196,-0.913177,0.813797,0.567087,-0.127068
0.735846,0.397107,1.18506,0.567051,-0.815579,0.115255,0.127229,-0.0515205,-0.990534,0.813797,0.576347,0.0745508
0.735846,0.291736,1.16052,0.567051,-0.805813,-0.17064,0.127229,0.290369,-0.948419,0.813797,0.516091,0.267177
0.735846,0.201112,1.10143,0.567051,-0.698855,-0.435953,0.127229,0.597236,-0.79191,0.813797,0.393587,0.427578
0.735846,0.136166,1.0149,0.567051,-0.507604,-0.648685,0.127229,0.832068,-0.539885,0.813797,0.223611,0.536407
0.735846,0.10473,0.911379,0.567051,-0.255128,-0.783175,0.127229,0.96654,-0.222742,0.813797,0.0266635,0.580537
0.735846,0.110597,0.803348,0.567051,0.0281194,-0.823203,0.127229,0.984432,0.121267,0.813797,-0.1735,0.554646
0.735846,0.153059,0.703839,0.567051,0.307975,-0.76394,0.127229,0.883588,0.450649,0.813797,-0.352737,0.461856
0.696852,0.150597,0.810894,0.269218,0.311366,-0.911358,0.266698,0.885185,0.381208,0.925416,-0.345685,0.155267
0.696852,0.188065,0.724611,0.269218,0.604291,-0.749903,0.266698,0.701421,0.660969,0.925416,-0.377942,0.027672
0.696852,0.252785,0.656346,0.269218,0.82433,-0.497998,0.266698,0.433056,0.861008,0.925416,-0.364614,-0.103261
0.696852,0.33695,0.614333,0.269218,0.944942,-0.186028,0.266698,0.112457,0.957197,0.925416,-0.307308,-0.221739
0.696852,0.430408,0.60364,0.269218,0.95158,0.14838,0.266698,-0.221705,0.937933,0.925416,-0.212936,-0.313471
0.696852,0.521887,0.625557,0.269218,0.843444,0.464891,0.266698,-0.529127,0.805541,0.925416,-0.0928806,-0.367395
0.696852,0.600353,0.677439,0.269218,0.633576,0.72533,0.266698,-0.772728,0.575989,0.925416,0.0383774,-0.377006
0.696852,0.656342,0.75303,0.269218,0.347289,0.898283,0.266698,-0.923127,0.276964,0.925416,0.165006,-0.341143
0.696852,0.683102,0.843211,0.269218,0.0191143,0.96289,0.266698,-0.962183,-0.0554667,0.925416,0.271733,-0.264134
0.696852,0.677403,0.937106,0.269218,-0.311366,0.911358,0.266698,-0.885185,-0.381208,0.925416,0.345685,-0.155267
0.696852,0.639935,1.02339,0.269218,-0.604291,0.749903,0.266698,-0.701421,-0.660969,0.925416,0.377942,-0.027672
0.696852,0.575215,1.09165,0.269218,-0.82433,0.497998,0.266698,-0.433056,-0.861008,0.925416,0.364614,0.103261
0.696852,0.49105,1.13367,0.269218,-0.944942,0.186028,0.266698,-0.112457,-0.957197,0.925416,0.307308,0.221739
0.696852,0.397592,1.14436,0.269218,-0.95158,-0.14838,0.266698,0.221705,-0.937933,0.925416,0.212936,0.313471
0.696852,0.306113,1.12244,0.269218,-0.843444,-0.464891,0.266698,0.529127,-0.805541,0.925416,0.0928806,0.367395
0.696852,0.227647,1.07056,0.269218,-0.633576,-0.72533,0.266698,0.772728,-0.575989,0.925416,-0.0383774,0.377006
0.696852,0.171658,0.99497,0.269218,-0.347289,-0.898283,0.266698,0.923127,-0.276964,0.925416,-0.165006,0.341143
0.696852,0.144898,0.904789,0.269218,-0.0191143,-0.96289,0.266698,0.962183,0.0554667,0.925416,-0.271733,0.264134
0.696852,0.150597,0.810894,0.269218,0.311366,-0.911358,0.266698,0.885185,0.381208,0.925416,-0.345685,0.155267
0.696834,0.147976,0.924827,-0.061087,0.31221,-0.948047,0.373999,0.887783,0.268265,0.925415,-0.338181,-0.170998
0.696834,0.146636,0.830776,-0.061087,0.617633,-0.784091,0.373999,0.742491,0.555727,0.925415,-0.259301,-0.27635
0.696834,0.177543,0.741939,-0.061087,0.84856,-0.525562,0.373999,0.507644,0.776159,0.925415,-0.149146,-0.348371
0.696834,0.236971,0.66903,-0.061087,0.977138,-0.203642,0.373999,0.211567,0.902975,0.925415,-0.0210017,-0.378372
0.696834,0.317751,0.620844,-0.061087,0.987859,0.14284,0.373999,-0.110028,0.920879,0.925415,0.109676,-0.362737
0.696834,0.41014,0.603192,-0.061087,0.879429,0.472093,0.373999,-0.418352,0.827712,0.925415,0.227125,-0.30335
0.696834,0.502995,0.618203,-0.061087,0.664928,0.744405,0.373999,-0.676216,0.63471,0.925415,0.317179,-0.207374
0.696834,0.585115,0.664068,-0.061087,0.370226,0.926931,0.373999,-0.852519,0.365153,0.925415,0.368977,-0.0863863
0.696834,0.646597,0.735253,-0.061087,0.0308699,0.997655,0.373999,-0.925995,0.0515527,0.925415,0.376271,0.045021
0.696834,0.680024,0.823173,-0.061087,-0.31221,0.948047,0.373999,-0.887783,-0.268265,0.925415,0.338181,0.170998
0.696834,0.681364,0.917224,-0.061087,-0.617633,0.784091,0.373999,-0.742491,-0.555727,0.925415,0.259301,0.27635
0.696834,0.650457,1.00606,-0.061087,-0.84856,0.525562,0.373999,-0.507644,-0.776159,0.925415,0.149146,0.348371
0.696834,0.591029,1.07897,-0.061087,-0.977138,0.203642,0.373999,-0.211567,-0.902975,0.925415,0.0210017,0.378372
0.696834,0.510249,1.12716,-0.061087,-0.987859,-0.14284,0.373999,0.110028,-0.920879,0.925415,-0.109676,0.362737
0.696834,0.41786,1.14481,-0.061087,-0.879429,-0.472093,0.373999,0.418352,-0.827712,0.925415,-0.227125,0.30335
0.696834,0.325005,1.1298,-0.061087,-0.664928,-0.744405,0.373999,0.676216,-0.63471,0.925415,-0.317179,0.207374
0.696834,0.242885,1.08393,-0.061087,-0.370226,-0.926931,0.373999,0.852519,-0.365153,0.925415,-0.368977,0.0863863
0.696834,0.181403,1.01275,-0.061087,-0.0308699,-0.997655,0.373999,0.925995,-0.0515527,0.925415,-0.376271,-0.045021
0.696834,0.147976,0.924827,-0.061087,0.31221,-0.948047,0.373999,0.887783,0.268265,0.925415,-0.338181,-0.170998
0.735794,0.145514,1.03189,-0.384024,0.310405,-0.869583,0.43619,0.891068,0.125445,0.813796,-0.331129,-0.477587
0.735794,0.107702,0.930544,-0.384024,0.5891,-0.710976,0.43619,0.794425,0.422643,0.813796,-0.147815,-0.562038
0.735794,0.106835,0.822374,-0.384024,0.796741,-0.466614,0.43619,0.601963,0.668864,0.813796,0.0533271,-0.578699
0.735794,0.143016,0.720431,-0.384024,0.908283,-0.165973,0.43619,0.336895,0.83441,0.813796,0.248038,-0.52556
0.735794,0.211882,0.637011,-0.384024,0.910273,0.154688,0.43619,0.0311931,0.899314,0.813796,0.412831,-0.409031
0.735794,0.305127,0.582175,-0.384024,0.802471,0.456691,0.43619,-0.278271,0.855747,0.813796,0.527831,-0.243167
0.735794,0.411503,0.562537,-0.384024,0.597878,0.70361,0.43619,-0.554172,0.708965,0.813796,0.579167,-0.047973
0.735794,0.51818,0.580466,-0.384024,0.321173,0.865664,0.43619,-0.763232,0.476671,0.813796,0.560647,0.153007
0.735794,0.612291,0.6338,-0.384024,0.00572936,0.923305,0.43619,-0.880235,0.186883,0.813796,0.474504,0.335532
0.735794,0.682486,0.716106,-0.384024,-0.310405,0.869583,0.43619,-0.891068,-0.125445,0.813796,0.331129,0.477587
0.735794,0.720298,0.817456,-0.384024,-0.5891,0.710976,0.43619,-0.794425,-0.422643,0.813796,0.147815,0.562038
0.735794,0.721165,0.925626,-0.384024,-0.796741,0.466614,0.43619,-0.601963,-0.668864,0.813796,-0.0533271,0.578699
0.735794,0.684984,1.02757,-0.384024,-0.908283,0.165973,0.43619,-0.336895,-0.83441,0.813796,-0.248038,0.52556
0.735794,0.616118,1.11099,-0.384024,-0.910273,-0.154688,0.43619,-0.0311931,-0.899314,0.813796,-0.412831,0.409031
0.735794,0.522873,1.16583,-0.384024,-0.802471,-0.456691,0.43619,0.278271,-0.855747,0.813796,-0.527831,0.243167
0.735794,0.416497,1.18546,-0.384024,-0.597878,-0.70361,0.43619,0.554172,-0.708965,0.813796,-0.579167,0.047973
0.735794,0.30982,1.16753,-0.384024,-0.321173,-0.865664,0.43619,0.763232,-0.476671,0.813796,-0.560647,-0.153007
0.735794,0.215709,1.1142,-0.384024,-0.00572936,-0.923305,0.43619,0.880235,-0.186883,0.813796,-0.474504,-0.335532
0.735794,0.145514,1.03189,-0.384024,0.310405,-0.869583,0.43619,0.891068,0.125445,0.813796,-0.331129,-0.477587
0.809034,0.143506,1.11918,-0.660642,0.30617,-0.685429,0.44577,0.894644,-0.0300273,0.604021,-0.325381,-0.72752
0.809034,0.0759613,1.01188,-0.660642,0.522136,-0.539376,0.44577,0.85096,0.27777,0.604021,-0.0569315,-0.794932
0.809034,0.0491889,0.887951,-0.660642,0.675125,-0.328267,0.44577,0.704638,0.552064,0.604021,0.218385,-0.766464
0.809034,0.0664181,0.762337,-0.660642,0.746684,-0.0775637,0.44577,0.473326,0.759771,0.604021,0.467361,-0.645548
0.809034,0.125571,0.650191,-0.660642,0.728181,0.182495,0.44577,0.184924,0.875838,0.604021,0.659966,-0.44677
0.809034,0.219512,0.56504,-0.660642,0.62185,0.420542,0.44577,-0.125782,0.886266,0.604021,0.772969,-0.194105
0.809034,0.336912,0.517154,-0.660642,0.440514,0.607865,0.44577,-0.421317,0.789798,0.604021,0.792741,0.081972
0.809034,0.46361,0.512309,-0.660642,0.206046,0.721871,0.44577,-0.666036,0.598068,0.604021,0.716897,0.348162
0.809034,0.584323,0.551089,-0.660642,-0.0532749,0.748809,0.44577,-0.83042,0.334203,0.604021,0.554585,0.572359
0.809034,0.684494,0.628817,-0.660642,-0.30617,0.685429,0.44577,-0.894644,0.0300273,0.604021,0.325381,0.72752
0.809034,0.752039,0.736117,-0.660642,-0.522136,0.539376,0.44577,-0.85096,-0.27777,0.604021,0.0569315,0.794932
0.809034,0.778811,0.860049,-0.660642,-0.675125,0.328267,0.44577,-0.704638,-0.552064,0.604021,-0.218385,0.766464
0.809034,0.761582,0.985663,-0.660642,-0.746684,0.0775637,0.44577,-0.473326,-0.759771,0.604021,-0.467361,0.645548
0.809034,0.702429,1.09781,-0.660642,-0.728181,-0.182495,0.44577,-0.184924,-0.875838,0.604021,-0.659966,0.44677
0.809034,0.608488,1.18296,-0.660642,-0.62185,-0.420542,0.44577,0.125782,-0.886266,0.604021,-0.772969,0.194105
0.809034,0.491088,1.23085,-0.660642,-0.440514,-0.607865,0.44577,0.421317,-0.789798,0.604021,-0.792741,-0.081972
0.809034,0.36439,1.23569,-0.660642,-0.206046,-0.721871,0.44577,0.666036,-0.598068,0.604021,-0.716897,-0.348162
0.809034,0.243677,1.19691,-0.660642,0.0532749,-0.748809,0.44577,0.83042,-0.334203,0.604021,-0.554585,-0.572359
0.809034,0.143506,1.11918,-0.660642,0.30617,-0.685429,0.44577,0.894644,-0.0300273,0.604021,-0.325381,-0.72752
0.90772,0.142196,1.17617,-0.857576,0.300014,-0.417797,0.401584,0.898079,-0.179399,0.321392,-0.321629,-0.890652
0.90772,0.0552408,1.06498,-0.857576,0.424816,-0.28999,0.401584,0.905277,0.138581,0.321392,0.00238881,-0.946943
0.90772,0.0115577,0.930759,-0.857576,0.498379,-0.127206,0.401584,0.803284,0.439847,0.321392,0.326118,-0.889018
0.90772,0.016415,0.789693,-0.857576,0.51183,0.0509215,0.401584,0.604404,0.68806,0.321392,0.610513,-0.723865
0.90772,0.069227,0.658795,-0.857576,0.463546,0.222907,0.401584,0.332623,0.853283,0.321392,0.821271,-0.471403
0.90772,0.163624,0.553854,-0.857576,0.359353,0.368006,0.401584,0.0207238,0.915588,0.321392,0.932972,-0.162082
0.90772,0.288219,0.487528,-0.857576,0.211816,0.468718,0.401584,-0.293675,0.867459,0.321392,0.932142,0.166787
0.90772,0.427986,0.467815,-0.857576,0.0387304,0.512896,0.401584,-0.572653,0.714702,0.321392,0.818882,0.47554
0.90772,0.566066,0.497095,-0.857576,-0.139026,0.495211,0.401584,-0.78256,0.475741,0.321392,0.606853,0.726936
0.90772,0.685804,0.571835,-0.857576,-0.300014,0.417797,0.401584,-0.898079,0.179399,0.321392,0.321629,0.890652
0.90772,0.772759,0.68302,-0.857576,-0.424816,0.28999,0.401584,-0.905277,-0.138581,0.321392,-0.00238881,0.946943
0.90772,0.816442,0.817241,-0.857576,-0.498379,0.127206,0.401584,-0.803284,-0.439847,0.321392,-0.326118,0.889018
0.90772,0.811585,0.958307,-0.857576,-0.51183,-0.0509215,0.401584,-0.604404,-0.68806,0.321392,-0.610513,0.723865
0.90772,0.758773,1.0892,-0.857576,-0.463546,-0.222907,0.401584,-0.332623,-0.853283,0.321392,-0.821271,0.471403
0.90772,0.664376,1.19415,-0.857576,-0.359353,-0.368006,0.401584,-0.0207238,-0.915588,0.321392,-0.932972,0.162082
0.90772,0.539781,1.26047,-0.857576,-0.211816,-0.468718,0.401584,0.293675,-0.867459,0.321392,-0.932142,-0.166787
0.90772,0.400014,1.28018,-0.857576,-0.0387304,-0.512896,0.401584,0.572653,-0.714702,0.321392,-0.818882,-0.47554
0.90772,0.261934,1.25091,-0.857576,0.139026,-0.495211,0.401584,0.78256,-0.475741,0.321392,-0.606853,-0.726936
0.90772,0.142196,1.17617,-0.857576,0.300014,-0.417797,0.401584,0.898079,-0.179399,0.321392,-0.321629,-0.890652
0.883612,0.286071,0.496084,0.961642,0.239804,-0.133189,-0.0812368,0.712731,0.696717,0.262003,-0.659172,0.704873
0.883612,0.423041,0.47512,0.961642,0.270895,-0.0431388,-0.0812368,0.431457,0.898468,0.262003,-0.8605,0.436914
0.883612,0.558921,0.502268,0.961642,0.269312,0.0521143,-0.0812368,0.0981429,0.991851,0.262003,-0.958039,0.116256
0.883612,0.677321,0.574252,0.961642,0.235247,0.141082,-0.0812368,-0.247009,0.965602,0.262003,-0.940024,-0.218423
0.883612,0.76396,0.68239,0.961642,0.172807,0.213032,-0.0812368,-0.562368,0.822887,0.262003,-0.808629,-0.526758
0.883612,0.80839,0.813639,0.961642,0.0895238,0.259288,-0.0812368,-0.809897,0.58092,0.262003,-0.579701,-0.771558
0.883612,0.80525,0.952169,0.961642,-0.00455697,0.27427,-0.0812368,-0.95974,0.268885,0.262003,-0.280852,-0.923297
0.883612,0.754919,1.08127,0.961642,-0.0980881,0.256171,-0.0812368,-0.993825,-0.0755812,0.262003,0.0518716,-0.963672
0.883612,0.663469,1.18537,0.961642,-0.179788,0.207174,-0.0812368,-0.90804,-0.410931,0.262003,0.378339,-0.887814
0.883612,0.541929,1.25192,0.961642,-0.239804,0.133189,-0.0812368,-0.712731,-0.696717,0.262003,0.659172,-0.704873
0.883612,0.404959,1.27288,0.961642,-0.270895,0.0431388,-0.0812368,-0.431457,-0.898468,0.262003,0.8605,-0.436914
0.883612,0.269079,1.24573,0.961642,-0.269312,-0.0521143,-0.0812368,-0.0981429,-0.991851,0.262003,0.958039,-0.116256
0.883612,0.150679,1.17375,0.961642,-0.235247,-0.141082,-0.0812368,0.247009,-0.965602,0.262003,0.940024,0.218423
0.883612,0.0640396,1.06561,0.961642,-0.172807,-0.213032,-0.0812368,0.562368,-0.822887,0.262003,0.808629,0.526758
0.883612,0.0196104,0.934361,0.961642,-0.0895238,-0.259288,-0.0812368,0.809897,-0.58092,0.262003,0.579701,0.771558
0.883612,0.0227503,0.795831,0.961642,0.00455697,-0.27427,-0.0812368,0.95974,-0.268885,0.262003,0.280852,0.923297
0.883612,0.0730808,0.66673,0.961642,0.0980881,-0.256171,-0.0812368,0.993825,0.0755812,0.262003,-0.0518716,0.963672
0.883612,0.164531,0.562629,0.961642,0.179788,-0.207174,-0.0812368,0.90804,0.410931,0.262003,-0.378339,0.887814
0.883612,0.286071,0.496084,0.961642,0.239804,-0.133189,-0.0812368,0.712731,0.696717,0.262003,-0.659172,0.704873
0.763622,0.284479,0.56532,0.856221,0.247174,-0.453642,0.156285,0.713036,0.683487,0.492403,-0.656114,0.571886
0.763622,0.397864,0.539637,0.856221,0.387422,-0.341746,0.156285,0.436268,0.886141,0.492403,-0.812142,0.312993
0.763622,0.513196,0.554283,0.856221,0.480942,-0.18863,0.156285,0.10688,0.981912,0.492403,-0.870214,0.0163485
0.763622,0.616564,0.607491,0.856221,0.516453,-0.0127622,0.156285,-0.2354,0.959251,0.492403,-0.823325,-0.282268
0.763622,0.695499,0.692845,0.856221,0.489672,0.164645,0.156285,-0.549286,0.820889,0.492403,-0.677131,-0.546839
0.763622,0.740481,0.800048,0.856221,0.403829,0.322193,0.156285,-0.796921,0.583517,0.492403,-0.449265,-0.745453
0.763622,0.746085,0.916171,0.856221,0.269279,0.44088,0.156285,-0.948435,0.275763,0.492403,-0.167211,-0.854154
0.763622,0.711635,1.02721,0.856221,0.102249,0.50639,0.156285,-0.985554,-0.0652512,0.492403,0.135011,-0.859832
0.763622,0.641285,1.11976,0.856221,-0.0771128,0.510823,0.156285,-0.903801,-0.398395,0.492403,0.420949,-0.761801
0.763622,0.543521,1.18268,0.856221,-0.247174,0.453642,0.156285,-0.713036,-0.683487,0.492403,0.656114,-0.571886
0.763622,0.430136,1.20836,0.856221,-0.387422,0.341746,0.156285,-0.436268,-0.886141,0.492403,0.812142,-0.312993
0.763622,0.314804,1.19372,0.856221,-0.480942,0.18863,0.156285,-0.10688,-0.981912,0.492403,0.870214,-0.0163485
0.763622,0.211436,1.14051,0.856221,-0.516453,0.0127622,0.156285,0.2354,-0.959251,0.492403,0.823325,0.282268
0.763622,0.132501,1.05516,0.856221,-0.489672,-0.164645,0.156285,0.549286,-0.820889,0.492403,0.677131,0.546839
0.763622,0.0875188,0.947952,0.856221,-0.403829,-0.322193,0.156285,0.796921,-0.583517,0.492403,0.449265,0.745453
0.763622,0.081915,0.831829,0.856221,-0.269279,-0.44088,0.156285,0.948435,-0.275763,0.492403,0.167211,0.854154
0.763622,0.116365,0.720792,0.856221,-0.102249,-0.50639,0.156285,0.985554,0.0652512,0.492403,-0.135011,0.859832
0.763622,0.186715,0.628235,0.856221,0.0771128,-0.510823,0.156285,0.903801,0.398395,0.492403,-0.420949,0.761801
0.763622,0.284479,0.56532,0.856221,0.247174,-0.453642,0.156285,0.713036,0.683487,0.492403,-0.656114,0.571886
0.674556,0.282039,0.67141,0.647527,0.253271,-0.718723,0.374957,0.71519,0.58984,0.663413,-0.651427,0.368139
0.674556,0.359287,0.638494,0.647527,0.483815,-0.588755,0.374957,0.470321,0.798877,0.663413,-0.738052,0.123136
0.674556,0.443134,0.633984,0.647527,0.656003,-0.387775,0.374957,0.168725,0.911558,0.663413,-0.735657,-0.136719
0.674556,0.523468,0.658423,0.647527,0.749068,-0.140023,0.374957,-0.153221,0.914292,0.663413,-0.644531,-0.380083
0.674556,0.590598,0.708864,0.647527,0.751784,0.124618,0.374957,-0.456687,0.806749,0.663413,-0.475665,-0.577604
0.674556,0.636427,0.779223,0.647527,0.663824,0.374228,0.374957,-0.70507,0.6019,0.663413,-0.249427,-0.705457
0.674556,0.655429,0.861013,0.647527,0.495797,0.578701,0.374957,-0.868411,0.324453,0.663413,0.00689637,-0.748222
0.674556,0.645311,0.94437,0.647527,0.26797,0.713373,0.374957,-0.927009,0.0078716,0.663413,0.262387,-0.70074
0.674556,0.607293,1.01924,0.647527,0.00782113,0.762003,0.374957,-0.873795,-0.309659,0.663413,0.486231,-0.568738
0.674556,0.545961,1.07659,0.647527,-0.253271,0.718723,0.374957,-0.71519,-0.58984,0.663413,0.651427,-0.368139
0.674556,0.468713,1.10951,0.647527,-0.483815,0.588755,0.374957,-0.470321,-0.798877,0.663413,0.738052,-0.123136
0.674556,0.384866,1.11402,0.647527,-0.656003,0.387775,0.374957,-0.168725,-0.911558,0.663413,0.735657,0.136719
0.674556,0.304532,1.08958,0.647527,-0.749068,0.140023,0.374957,0.153221,-0.914292,0.663413,0.644531,0.380083
0.674556,0.237402,1.03914,0.647527,-0.751784,-0.124618,0.374957,0.456687,-0.806749,0.663413,0.475665,0.577604
0.674556,0.191573,0.968777,0.647527,-0.663824,-0.374228,0.374957,0.70507,-0.6019,0.663413,0.249427,0.705457
0.674556,0.172571,0.886987,0.647527,-0.495797,-0.578701,0.374957,0.868411,-0.324453,0.663413,-0.00689637,0.748222
0.674556,0.182689,0.80363,0.647527,-0.26797,-0.713373,0.374957,0.927009,-0.0078716,0.663413,-0.262387,0.70074
0.674556,0.220707,0.728761,0.647527,-0.00782113,-0.762003,0.374957,0.873795,0.309659,0.663413,-0.486231,0.568738
0.674556,0.282039,0.67141,0.647527,0.253271,-0.718723,0.374957,0.71519,0.58984,0.663413,-0.651427,0.368139
0.627155,0.279045,0.801556,0.360731,0.257359,-0.896459,0.548404,0.718933,0.427069,0.754404,-0.645679,0.118205
0.627155,0.311961,0.759767,0.360731,0.548445,-0.754374,0.548404,0.52951,0.647203,0.754404,-0.647168,-0.109759
0.627155,0.357185,0.731757,0.360731,0.773381,-0.521301,0.548404,0.27622,0.789275,0.754404,-0.5706,-0.324484
0.627155,0.409261,0.720904,0.360731,0.905036,-0.22535,0.548404,-0.0103862,0.836149,0.754404,-0.425208,-0.500072
0.627155,0.461909,0.728516,0.360731,0.92753,0.0977803,0.548404,-0.29574,0.782171,0.754404,-0.22853,-0.615344
0.627155,0.508778,0.753675,0.360731,0.83815,0.409117,0.548404,-0.545423,0.633851,0.754404,-0.00428849,-0.656396
0.627155,0.544216,0.793348,0.360731,0.647677,0.671109,0.548404,-0.729319,0.40908,0.754404,0.220471,-0.618277
0.627155,0.563948,0.842748,0.360731,0.379085,0.852155,0.548404,-0.82525,0.134967,0.754404,0.418638,-0.505585
0.627155,0.565593,0.895918,0.360731,0.0647691,0.930418,0.548404,-0.821643,-0.155424,0.754404,0.566311,-0.331912
0.627155,0.548955,0.946444,0.360731,-0.257359,0.896459,0.548404,-0.718933,-0.427069,0.754404,0.645679,-0.118205
0.627155,0.516039,0.988233,0.360731,-0.548445,0.754374,0.548404,-0.52951,-0.647203,0.754404,0.647168,0.109759
0.627155,0.470815,1.01624,0.360731,-0.773381,0.521301,0.548404,-0.27622,-0.789275,0.754404,0.5706,0.324484
0.627155,0.418739,1.0271,0.360731,-0.905036,0.22535,0.548404,0.0103862,-0.836149,0.754404,0.425208,0.500072
0.627155,0.366091,1.01948,0.360731,-0.92753,-0.0977803,0.548404,0.29574,-0.782171,0.754404,0.22853,0.615344
0.627155,0.319222,0.994325,0.360731,-0.83815,-0.409117,0.548404,0.545423,-0.633851,0.754404,0.00428849,0.656396
0.627155,0.283784,0.954652,0.360731,-0.647677,-0.671109,0.548404,0.729319,-0.40908,0.754404,-0.220471,0.618277
0.627155,0.264052,0.905252,0.360731,-0.379085,-0.852155,0.548404,0.82525,-0.134967,0.754404,-0.418638,0.505585
0.627155,0.262407,0.852082,0.360731,-0.0647691,-0.930418,0.548404,0.821643,0.155424,0.754404,-0.566311,0.331912
0.627155,0.279045,0.801556,0.360731,0.257359,-0.896459,0.548404,0.718933,0.427069,0.754404,-0.645679,0.118205
0.627137,0.27586,0.940061,0.0304265,0.258945,-0.965413,0.655705,0.723815,0.214809,0.754404,-0.639562,-0.147768
0.627137,0.261596,0.88883,0.0304265,0.573519,-0.818627,0.655705,0.606695,0.449413,0.754404,-0.550452,-0.357599
0.627137,0.265715,0.83581,0.0304265,0.818919,-0.573103,0.655705,0.416398,0.629812,0.754404,-0.394949,-0.524299
0.627137,0.28772,0.787397,0.0304265,0.965544,-0.258454,0.655705,0.175878,0.734247,0.754404,-0.19181,-0.627761
0.627137,0.324955,0.74943,0.0304265,0.995711,0.0873685,0.655705,-0.0858559,0.75012,0.754404,0.0344644,-0.655505
0.627137,0.372931,0.726487,0.0304265,0.905781,0.422653,0.655705,-0.337234,0.675518,0.754404,0.256582,-0.604186
0.627137,0.42586,0.721337,0.0304265,0.7066,0.706959,0.655705,-0.547937,0.519438,0.754404,0.447752,-0.479993
0.627137,0.477359,0.7346,0.0304265,0.422192,0.905996,0.655705,-0.692551,0.300707,0.754404,0.584916,-0.297905
0.627137,0.521215,0.764676,0.0304265,0.0868622,0.995756,0.655705,-0.753633,0.0457054,0.754404,0.651531,-0.0798864
0.627137,0.55214,0.807939,0.0304265,-0.258945,0.965413,0.655705,-0.723815,-0.214809,0.754404,0.639562,0.147768
0.627137,0.566404,0.85917,0.0304265,-0.573519,0.818627,0.655705,-0.606695,-0.449413,0.754404,0.550452,0.357599
0.627137,0.562285,0.91219,0.0304265,-0.818919,0.573103,0.655705,-0.416398,-0.629812,0.754404,0.394949,0.524299
0.627137,0.54028,0.960603,0.0304265,-0.965544,0.258454,0.655705,-0.175878,-0.734247,0.754404,0.19181,0.627761
0.627137,0.503045,0.99857,0.0304265,-0.995711,-0.0873685,0.655705,0.0858559,-0.75012,0.754404,-0.0344644,0.655505
0.627137,0.455069,1.02151,0.0304265,-0.905781,-0.422653,0.655705,0.337234,-0.675518,0.754404,-0.256582,0.604186
0.627137,0.40214,1.02666,0.0304265,-0.7066,-0.706959,0.655705,0.547937,-0.519438,0.754404,-0.447752,0.479993
0.627137,0.350641,1.0134,0.0304265,-0.422192,-0.905996,0.655705,0.692551,-0.300707,0.754404,-0.584916,0.297905
0.627137,0.306785,0.983324,0.0304265,-0.0868622,-0.995756,0.655705,0.753633,-0.0457054,0.754404,-0.651531,0.0798864
0.627137,0.27586,0.940061,0.0304265,0.258945,-0.965413,0.655705,0.723815,0.214809,0.754404,-0.639562,-0.147768
0.674504,0.272866,1.07022,-0.303548,0.257837,-0.917267,0.683918,0.729247,-0.0213406,0.663411,-0.633813,-0.397701
0.674504,0.214267,1.01011,-0.303548,0.556012,-0.773763,0.683918,0.692567,0.229363,0.663411,-0.459568,-0.590494
0.674504,0.179758,0.933593,-0.303548,0.787123,-0.536933,0.683918,0.572353,0.452403,0.663411,-0.229892,-0.712064
0.674504,0.173502,0.849884,-0.303548,0.923295,-0.23534,0.683918,0.383105,0.620876,0.663411,0.0275127,-0.747749
0.674504,0.196254,0.769083,-0.303548,0.948104,0.0946385,0.683918,0.147649,0.714462,0.663411,0.281599,-0.693244
0.674504,0.24527,0.700937,-0.303548,0.858559,0.413202,0.683918,-0.105616,0.721874,0.663411,0.50172,-0.555124
0.674504,0.314636,0.653665,-0.303548,0.665458,0.681927,0.683918,-0.346142,0.642217,0.663411,0.661326,-0.350048
0.674504,0.395988,0.632968,-0.303548,0.392093,0.868402,0.683918,-0.544918,0.485099,0.663411,0.741166,-0.102751
0.674504,0.479512,0.641344,-0.303548,0.0714359,0.950134,0.683918,-0.677969,0.269471,0.663411,0.731611,0.15694
0.674504,0.555134,0.677781,-0.303548,-0.257837,0.917267,0.683918,-0.729247,0.0213406,0.663411,0.633813,0.397701
0.674504,0.613733,0.737885,-0.303548,-0.556012,0.773763,0.683918,-0.692567,-0.229363,0.663411,0.459568,0.590494
0.674504,0.648242,0.814407,-0.303548,-0.787123,0.536933,0.683918,-0.572353,-0.452403,0.663411,0.229892,0.712064
0.674504,0.654498,0.898116,-0.303548,-0.923295,0.23534,0.683918,-0.383105,-0.620876,0.663411,-0.0275127,0.747749
0.674504,0.631746,0.978917,-0.303548,-0.948104,-0.0946385,0.683918,-0.147649,-0.714462,0.663411,-0.281599,0.693244
0.674504,0.58273,1.04706,-0.303548,-0.858559,-0.413202,0.683918,0.105616,-0.721874,0.663411,-0.50172,0.555124
0.674504,0.513364,1.09434,-0.303548,-0.665458,-0.681927,0.683918,0.346142,-0.642217,0.663411,-0.661326,0.350048
0.674504,0.432012,1.11503,-0.303548,-0.392093,-0.868402,0.683918,0.544918,-0.485099,0.663411,-0.741166,0.102751
0.674504,0.348488,1.10666,-0.303548,-0.0714359,-0.950134,0.683918,0.677969,-0.269471,0.663411,-0.731611,-0.15694
0.674504,0.272866,1.07022,-0.303548,0.257837,-0.917267,0.683918,0.729247,-0.0213406,0.663411,-0.633813,-0.397701
0.763543,0.270425,1.17633,-0.60091,0.25417,-0.757829,0.629641,0.734572,-0.252895,0.492402,-0.629127,-0.601448
0.763543,0.175681,1.10899,-0.60091,0.498035,-0.625195,0.629641,0.776768,0.0135948,0.492402,-0.385479,-0.780351
0.763543,0.109681,1.01331,-0.60091,0.681828,-0.417153,0.629641,0.725273,0.278445,0.492402,-0.0953358,-0.865131
0.763543,0.0803859,0.900826,-0.60091,0.783384,-0.158796,0.629641,0.5863,0.509711,0.492402,0.206306,-0.845564
0.763543,0.0913301,0.785106,-0.60091,0.790452,0.118713,0.629641,0.37661,0.679498,0.492402,0.483064,-0.72401
0.763543,0.141193,0.680107,-0.60091,0.702179,0.381904,0.629641,0.121496,0.767327,0.492402,0.701558,-0.515129
0.763543,0.223961,0.598495,-0.60091,0.529214,0.599032,0.629641,-0.148273,0.762606,0.492402,0.835433,-0.244116
0.763543,0.32965,0.550113,-0.60091,0.292417,0.743908,0.629641,-0.400157,0.665903,0.492402,0.868543,0.056341
0.763543,0.445513,0.540796,-0.60091,0.0203507,0.799057,0.629641,-0.603777,0.488882,0.492402,0.796893,0.350002
0.763543,0.557575,0.571669,-0.60091,-0.25417,0.757829,0.629641,-0.734572,0.252895,0.492402,0.629127,0.601448
0.763543,0.652319,0.639007,-0.60091,-0.498035,0.625195,0.629641,-0.776768,-0.0135948,0.492402,0.385479,0.780351
0.763543,0.718319,0.734689,-0.60091,-0.681828,0.417153,0.629641,-0.725273,-0.278445,0.492402,0.0953358,0.865131
0.763543,0.747614,0.847174,-0.60091,-0.783384,0.158796,0.629641,-0.5863,-0.509711,0.492402,-0.206306,0.845564
0.763543,0.73667,0.962894,-0.60091,-0.790452,-0.118713,0.629641,-0.37661,-0.679498,0.492402,-0.483064,0.72401
0.763543,0.686807,1.06789,-0.60091,-0.702179,-0.381904,0.629641,-0.121496,-0.767327,0.492402,-0.701558,0.515129
0.763543,0.604039,1.14951,-0.60091,-0.529214,-0.599032,0.629641,0.148273,-0.762606,0.492402,-0.835433,0.244116
0.763543,0.49835,1.19789,-0.60091,-0.292417,-0.743908,0.629641,0.400157,-0.665903,0.492402,-0.868543,-0.056341
0.763543,0.382487,1.2072,-0.60091,-0.0203507,-0.799057,0.629641,0.603777,-0.488882,0.492402,-0.796893,-0.350002
0.763543,0.270425,1.17633,-0.60091,0.25417,-0.757829,0.629641,0.734572,-0.252895,0.492402,-0.629127,-0.601448
0.883514,0.268832,1.2456,-0.825794,0.248386,-0.506329,0.499419,0.73915,-0.451926,0.262001,-0.626068,-0.734435
0.883514,0.150492,1.17354,-0.825794,0.406581,-0.39084,0.499419,0.849142,-0.171868,0.262001,-0.33712,-0.904271
0.883514,0.0639354,1.06535,-0.825794,0.515736,-0.228211,0.499419,0.856715,0.128921,0.262001,-0.00751071,-0.965038
0.883514,0.0196014,0.934081,-0.825794,0.562686,-0.0380559,0.499419,0.760955,0.41416,0.262001,0.323005,-0.909408
0.883514,0.0228377,0.795565,-0.825794,0.541768,0.156689,0.499419,0.573413,0.649445,0.262001,0.614561,-0.74409
0.883514,0.0732539,0.66651,-0.825794,0.455505,0.332535,0.499419,0.316708,0.806397,0.262001,0.831992,-0.489024
0.883514,0.164769,0.562481,-0.825794,0.3143,0.468273,0.499419,0.0218045,0.866086,0.262001,0.949073,-0.174974
0.883514,0.286345,0.496026,-0.825794,0.135187,0.547529,0.499419,-0.275729,0.821312,0.262001,0.951682,0.160181
0.883514,0.423319,0.47516,-0.825794,-0.0602317,0.560746,0.499419,-0.540006,0.677476,0.262001,0.839503,0.476015
0.883514,0.559168,0.5024,-0.825794,-0.248386,0.506329,0.499419,-0.73915,0.451926,0.262001,0.626068,0.734435
0.883514,0.677508,0.574461,-0.825794,-0.406581,0.39084,0.499419,-0.849142,0.171868,0.262001,0.33712,0.904271
0.883514,0.764065,0.68265,-0.825794,-0.515736,0.228211,0.499419,-0.856715,-0.128921,0.262001,0.00751071,0.965038
0.883514,0.808399,0.813919,-0.825794,-0.562686,0.0380559,0.499419,-0.760955,-0.41416,0.262001,-0.323005,0.909408
0.883514,0.805162,0.952435,-0.825794,-0.541768,-0.156689,0.499419,-0.573413,-0.649445,0.262001,-0.614561,0.74409
0.883514,0.754746,1.08149,-0.825794,-0.455505,-0.332535,0.499419,-0.316708,-0.806397,0.262001,-0.831992,0.489024
0.883514,0.663231,1.18552,-0.825794,-0.3143,-0.468273,0.499419,-0.0218045,-0.866086,0.262001,-0.949073,0.174974
0.883514,0.541655,1.25197,-0.825794,-0.135187,-0.547529,0.499419,0.275729,-0.821312,0.262001,-0.951682,-0.160181
0.883514,0.404681,1.27284,-0.825794,0.0602317,-0.560746,0.499419,0.540006,-0.677476,0.262001,-0.839503,-0.476015
0.883514,0.268832,1.2456,-0.825794,0.248386,-0.506329,0.499419,0.73915,-0.451926,0.262001,-0.626068,-0.734435
0.875863,0.431196,0.478125,0.985232,0.156138,-0.0702837,-0.00862081,0.455182,0.890357,0.17101,-0.876602,0.449805
0.875863,0.565556,0.507881,0.985232,0.17076,-0.0126428,-0.00862081,0.123211,0.992343,0.17101,-0.977579,0.122863
0.875863,0.681637,0.581796,0.985232,0.164786,0.046523,-0.00862081,-0.223621,0.974638,0.17101,-0.960645,-0.218898
0.875863,0.765436,0.690955,0.985232,0.138936,0.100077,-0.00862081,-0.543481,0.839377,0.17101,-0.827844,-0.534257
0.875863,0.806847,0.822192,0.985232,0.0963289,0.141561,-0.00862081,-0.797789,0.602875,0.17101,-0.595192,-0.785176
0.875863,0.800875,0.959678,0.985232,0.0421029,0.16597,-0.00862081,-0.955872,0.293658,0.17101,-0.290752,-0.941392
0.875863,0.74824,1.08683,0.985232,-0.0172014,0.170361,-0.00862081,-0.998662,-0.0509794,0.17101,0.0487579,-0.984062
0.875863,0.65529,1.18831,0.985232,-0.0744309,0.154204,-0.00862081,-0.921,-0.389468,0.17101,0.382386,-0.90804
0.875863,0.533238,1.25188,0.985232,-0.122683,0.119447,-0.00862081,-0.732251,-0.68098,0.17101,0.669894,-0.722494
0.875863,0.396804,1.26988,0.985232,-0.156138,0.0702837,-0.00862081,-0.455182,-0.890357,0.17101,0.876602,-0.449805
0.875863,0.262444,1.24012,0.985232,-0.17076,0.0126428,-0.00862081,-0.123211,-0.992343,0.17101,0.977579,-0.122863
0.875863,0.146363,1.1662,0.985232,-0.164786,-0.046523,-0.00862081,0.223621,-0.974638,0.17101,0.960645,0.218898
0.875863,0.062564,1.05705,0.985232,-0.138936,-0.100077,-0.00862081,0.543481,-0.839377,0.17101,0.827844,0.534257
0.875863,0.0211531,0.925808,0.985232,-0.0963289,-0.141561,-0.00862081,0.797789,-0.602875,0.17101,0.595192,0.785176
0.875863,0.0271253,0.788322,0.985232,-0.0421029,-0.16597,-0.00862081,0.955872,-0.293658,0.17101,0.290752,0.941392
0.875863,0.0797603,0.66117,0.985232,0.0172014,-0.170361,-0.00862081,0.998662,0.0509794,0.17101,-0.0487579,0.984062
0.875863,0.17271,0.559689,0.985232,0.0744309,-0.154204,-0.00862081,0.921,0.389468,0.17101,-0.382386,0.90804
0.875863,0.294762,0.496118,0.985232,0.122683,-0.119447,-0.00862081,0.732251,0.68098,0.17101,-0.669894,0.722494
0.875863,0.431196,0.478125,0.985232,0.156138,-0.0702837,-0.00862081,0.455182,0.890357,0.17101,-0.876602,0.449805
0.749059,0.429513,0.551295,0.900555,0.163784,-0.402711,0.292759,0.456334,0.840269,0.321393,-0.874605,0.363005
0.749059,0.538949,0.576063,0.900555,0.291641,-0.322407,0.292759,0.141425,0.94567,0.321393,-0.946015,0.0419801
0.749059,0.633315,0.636766,0.900555,0.384323,-0.203216,0.292759,-0.190542,0.937009,0.321393,-0.903321,-0.284108
0.749059,0.701227,0.726083,0.900555,0.43065,-0.0595147,0.292759,-0.499527,0.815331,0.321393,-0.751674,-0.575928
0.749059,0.734496,0.833241,0.900555,0.425033,0.0913653,0.292759,-0.748262,0.595312,0.321393,-0.509363,-0.798283
0.749059,0.729108,0.945315,0.900555,0.368152,0.231225,0.292759,-0.906745,0.30349,0.321393,-0.205616,-0.924353
0.749059,0.685714,1.04879,0.900555,0.266866,0.343196,0.292759,-0.955861,-0.0249377,0.321393,0.122931,-0.938933
0.749059,0.609547,1.13118,0.900555,0.133392,0.413772,0.292759,-0.889686,-0.350358,0.321393,0.436652,-0.840263
0.749059,0.509794,1.18255,0.900555,-0.016171,0.434442,0.292759,-0.716202,-0.633519,0.321393,0.697705,-0.640245
0.749059,0.398487,1.1967,0.900555,-0.163784,0.402711,0.292759,-0.456334,-0.840269,0.321393,0.874605,-0.363005
0.749059,0.289051,1.17194,0.900555,-0.291641,0.322407,0.292759,-0.141425,-0.94567,0.321393,0.946015,-0.0419801
0.749059,0.194685,1.11123,0.900555,-0.384323,0.203216,0.292759,0.190542,-0.937009,0.321393,0.903321,0.284108
0.749059,0.126773,1.02192,0.900555,-0.43065,0.0595147,0.292759,0.499527,-0.815331,0.321393,0.751674,0.575928
0.749059,0.0935039,0.914759,0.900555,-0.425033,-0.0913653,0.292759,0.748262,-0.595312,0.321393,0.509363,0.798283
0.749059,0.0988917,0.802685,0.900555,-0.368152,-0.231225,0.292759,0.906745,-0.30349,0.321393,0.205616,0.924353
0.749059,0.142286,0.699213,0.900555,-0.266866,-0.343196,0.292759,0.955861,0.0249377,0.321393,-0.122931,0.938933
0.749059,0.218453,0.616822,0.900555,-0.133392,-0.413772,0.292759,0.889686,0.350358,0.321393,-0.436652,0.840263
0.749059,0.318206,0.565451,0.900555,0.016171,-0.434442,0.292759,0.716202,0.633519,0.321393,-0.697705,0.640245
0.749059,0.429513,0.551295,0.900555,0.163784,-0.402711,0.292759,0.456334,0.840269,0.321393,-0.874605,0.363005
0.654934,0.426935,0.663411,0.707258,0.170302,-0.686137,0.558827,0.459787,0.690151,0.433011,-0.871547,0.230018
0.654934,0.49818,0.680535,0.707258,0.394704,-0.586511,0.558827,0.196012,0.805786,0.433011,-0.897657,-0.0819402
0.654934,0.559273,0.720994,0.707258,0.571499,-0.416143,0.558827,-0.0914035,0.824231,0.433011,-0.815496,-0.384015
0.654934,0.602843,0.779907,0.707258,0.679363,-0.195582,0.558827,-0.367795,0.743262,0.433011,-0.634975,-0.639772
0.654934,0.623636,0.85017,0.707258,0.705285,0.0485687,0.558827,-0.599825,0.572645,0.433011,-0.377866,-0.818364
0.654934,0.619144,0.923307,0.707258,0.64614,0.286861,0.558827,-0.759507,0.332958,0.433011,-0.0751811,-0.898248
0.654934,0.589908,0.990496,0.707258,0.509061,0.490554,0.558827,-0.827581,0.0531114,0.433011,0.236572,-0.869791
0.654934,0.539456,1.04363,0.707258,0.310581,0.635079,0.558827,-0.795837,-0.233141,0.433011,0.519791,-0.736423
0.654934,0.473871,1.07631,0.707258,0.0746407,0.703004,0.558827,-0.668104,-0.491273,0.433011,0.740315,-0.514233
0.654934,0.401065,1.08459,0.707258,-0.170302,0.686137,0.558827,-0.459787,-0.690151,0.433011,0.871547,-0.230018
0.654934,0.32982,1.06747,0.707258,-0.394704,0.586511,0.558827,-0.196012,-0.805786,0.433011,0.897657,0.0819402
0.654934,0.268727,1.02701,0.707258,-0.571499,0.416143,0.558827,0.0914035,-0.824231,0.433011,0.815496,0.384015
0.654934,0.225157,0.968093,0.707258,-0.679363,0.195582,0.558827,0.367795,-0.743262,0.433011,0.634975,0.639772
0.654934,0.204364,0.89783,0.707258,-0.705285,-0.0485687,0.558827,0.599825,-0.572645,0.433011,0.377866,0.818364
0.654934,0.208856,0.824693,0.707258,-0.64614,-0.286861,0.558827,0.759507,-0.332958,0.433011,0.0751811,0.898248
0.654934,0.238092,0.757504,0.707258,-0.509061,-0.490554,0.558827,0.827581,-0.0531114,0.433011,-0.236572,0.869791
0.654934,0.288544,0.704365,0.707258,-0.310581,-0.635079,0.558827,0.795837,0.233141,0.433011,-0.519791,0.736423
