0.658953,0.176287,0.889983,0.308961,-0.131305,0.941967,0.951075,0.0426585,-0.306002,-3.49349e-06,0.990424,0.13806
0.907818,0.172324,0.578026,0.92986,0.318748,-0.183742,-0.179072,0.828369,0.53079,0.321394,-0.460657,0.827345
0.907818,0.302534,0.523516,0.92986,0.362368,-0.0636431,-0.179072,0.596871,0.782099,0.321394,-0.715845,0.619896
0.907818,0.443535,0.516828,0.92986,0.362282,0.0641323,-0.179072,0.293382,0.939074,0.321394,-0.884691,0.337679
0.907818,0.57832,0.558768,0.92986,0.318499,0.184172,-0.179072,-0.0454935,0.982784,0.321394,-0.946831,0.0147318
0.907818,0.690632,0.644279,0.92986,0.236301,0.281999,-0.179072,-0.378882,0.907955,0.321394,-0.894769,-0.309992
0.907818,0.766925,0.763045,0.92986,0.125601,0.345812,-0.179072,-0.666571,0.723613,0.321394,-0.734784,-0.597326
0.907818,0.797996,0.900742,0.92986,-0.000248388,0.367915,-0.179072,-0.873862,0.451993,0.321394,-0.486174,-0.812614
0.907818,0.780098,1.04076,0.92986,-0.126068,0.345642,-0.179072,-0.975753,0.125856,0.321394,-0.178923,-0.929888
0.907818,0.715389,1.16622,0.92986,-0.236681,0.281679,-0.179072,-0.959953,-0.215461,0.321394,0.149907,-0.935004
0.907818,0.611676,1.26197,0.92986,-0.318748,0.183742,-0.179072,-0.828369,-0.53079,0.321394,0.460657,-0.827345
0.907818,0.481466,1.31648,0.92986,-0.362368,0.0636431,-0.179072,-0.596871,-0.782099,0.321394,0.715845,-0.619896
0.907818,0.340465,1.32317,0.92986,-0.362282,-0.0641323,-0.179072,-0.293382,-0.939074,0.321394,0.884691,-0.337679
0.907818,0.20568,1.28123,0.92986,-0.318499,-0.184172,-0.179072,0.0454935,-0.982784,0.321394,0.946831,-0.0147318
0.907818,0.0933679,1.19572,0.92986,-0.236301,-0.281999,-0.179072,0.378882,-0.907955,0.321394,0.894769,0.309992
0.907818,0.0170754,1.07696,0.92986,-0.125601,-0.345812,-0.179072,0.666571,-0.723613,0.321394,0.734784,0.597326
0.907818,-0.0139957,0.939258,0.92986,0.000248388,-0.367915,-0.179072,0.873862,-0.451993,0.321394,0.486174,0.812614
0.907818,0.00390224,0.799238,0.92986,0.126068,-0.345642,-0.179072,0.975753,-0.125856,0.321394,0.178923,0.929888
0.907818,0.0686105,0.673783,0.92986,0.236681,-0.281679,-0.179072,0.959953,0.215461,0.321394,-0.149907,0.935004
0.907818,0.172324,0.578026,0.92986,0.318748,-0.183742,-0.179072,0.828369,0.53079,0.321394,-0.460657,0.827345
0.809114,0.16446,0.634446,0.796489,0.360773,-0.485229,-0.0275851,0.823338,0.566881,0.604023,-0.438129,0.665732
0.809114,0.275847,0.573844,0.796489,0.504974,-0.332575,-0.0275851,0.5798,0.814292,0.604023,-0.639401,0.475734
0.809114,0.401244,0.554993,0.796489,0.588268,-0.139807,-0.0275851,0.26633,0.963487,0.604023,-0.763551,0.228356
0.809114,0.525526,0.580168,0.796489,0.600607,0.0698241,-0.0275851,-0.079264,0.996472,0.604023,-0.795605,-0.0465651
0.809114,0.633703,0.646331,0.796489,0.540505,0.271033,-0.0275851,-0.415297,0.909267,0.604023,-0.731698,-0.31587
0.809114,0.712727,0.745502,0.796489,0.41521,0.439551,-0.0275851,-0.70124,0.712392,0.604023,-0.579538,-0.547076
0.809114,0.753067,0.865721,0.796489,0.239834,0.555053,-0.0275851,-0.902602,0.429591,0.604023,-0.357476,-0.712297
0.809114,0.749856,0.992487,0.796489,0.0355311,0.603608,-0.0275851,-0.995097,0.0949758,0.604023,-0.0922977,-0.791604
0.809114,0.703483,1.11051,0.796489,-0.173058,0.579358,-0.0275851,-0.967569,-0.251095,0.604023,0.184013,-0.775432
0.809114,0.61954,1.20555,0.796489,-0.360773,0.485229,-0.0275851,-0.823338,-0.566881,0.604023,0.438129,-0.665732
0.809114,0.508153,1.26616,0.796489,-0.504974,0.332575,-0.0275851,-0.5798,-0.814292,0.604023,0.639401,-0.475734
0.809114,0.382756,1.28501,0.796489,-0.588268,0.139807,-0.0275851,-0.26633,-0.963487,0.604023,0.763551,-0.228356
0.809114,0.258474,1.25983,0.796489,-0.600607,-0.0698241,-0.0275851,0.079264,-0.996472,0.604023,0.795605,0.0465651
0.809114,0.150297,1.19367,0.796489,-0.540505,-0.271033,-0.0275851,0.415297,-0.909267,0.604023,0.731698,0.31587
0.809114,0.0712727,1.0945,0.796489,-0.41521,-0.439551,-0.0275851,0.70124,-0.712392,0.604023,0.579538,0.547076
0.809114,0.0309333,0.974279,0.796489,-0.239834,-0.555053,-0.0275851,0.902602,-0.429591,0.604023,0.357476,0.712297
0.809114,0.0341438,0.847513,0.796489,-0.0355311,-0.603608,-0.0275851,0.995097,-0.0949758,0.604023,0.0922977,0.791604
0.809114,0.080517,0.729491,0.796489,0.173058,-0.579358,-0.0275851,0.967569,0.251095,0.604023,-0.184013,0.775432
0.809114,0.16446,0.634446,0.796489,0.360773,-0.485229,-0.0275851,0.823338,0.566881,0.604023,-0.438129,0.665732
0.735846,0.152409,0.720899,0.567051,0.393966,-0.723356,0.127229,0.825764,0.549479,0.813797,-0.403615,0.418126
0.735846,0.234954,0.650962,0.567051,0.61761,-0.544988,0.127229,0.588031,0.798769,0.813797,-0.522281,0.254866
0.735846,0.336442,0.613474,0.567051,0.76676,-0.300886,0.127229,0.279373,0.951716,0.813797,-0.577953,0.0608647
0.735846,0.44463,0.612958,0.567051,0.823428,-0.0204929,0.127229,-0.0629808,0.989872,0.813797,-0.563915,-0.140477
0.735846,0.546471,0.649475,0.567051,0.780778,0.262372,0.127229,-0.397739,0.908635,0.813797,-0.481861,-0.324876
0.735846,0.62968,0.718622,0.567051,0.643955,0.513591,0.127229,-0.684523,0.717802,0.813797,-0.341687,-0.47009
0.735846,0.684222,0.812058,0.567051,0.429461,0.702863,0.127229,-0.888745,0.440393,0.813797,-0.160301,-0.558603
0.735846,0.703517,0.918514,0.567051,0.163168,0.807359,0.127229,-0.98577,0.109865,0.813797,0.0404204,-0.579742
0.735846,0.685239,1.02515,0.567051,-0.122805,0.814477,0.127229,-0.963897,-0.233913,0.813797,0.236266,-0.530954
0.735846,0.631591,1.1191,0.567051,-0.393966,0.723356,0.127229,-0.825764,-0.549479,0.813797,0.403615,-0.418126
0.735846,0.549046,1.18904,0.567051,-0.61761,0.544988,0.127229,-0.588031,-0.798769,0.813797,0.522281,-0.254866
0.735846,0.447558,1.22653,0.567051,-0.76676,0.300886,0.127229,-0.279373,-0.951716,0.813797,0.577953,-0.0608647
0.735846,0.33937,1.22704,0.567051,-0.823428,0.0204929,0.127229,0.0629808,-0.989872,0.813797,0.563915,0.140477
0.735846,0.237529,1.19052,0.567051,-0.780778,-0.262372,0.127229,0.397739,-0.908635,0.813797,0.481861,0.324876
0.735846,0.15432,1.12138,0.567051,-0.643955,-0.513591,0.127229,0.684523,-0.717802,0.813797,0.341687,0.47009
0.735846,0.0997782,1.02794,0.567051,-0.429461,-0.702863,0.127229,0.888745,-0.440393,0.813797,0.160301,0.558603
0.735846,0.080483,0.921486,0.567051,-0.163168,-0.807359,0.127229,0.98577,-0.109865,0.813797,-0.0404204,0.579742
0.735846,0.0987614,0.814852,0.567051,0.122805,-0.814477,0.127229,0.963897,0.233913,0.813797,-0.236266,0.530954
0.735846,0.152409,0.720899,0.567051,0.393966,-0.723356,0.127229,0.825764,0.549479,0.813797,-0.403615,0.418126
0.696852,0.137625,0.826958,0.269218,0.414324,-0.8694,0.266698,0.835353,0.480684,0.925416,-0.361276,0.114393
0.696852,0.184788,0.745567,0.269218,0.68669,-0.675262,0.266698,0.620572,0.737403,0.925416,-0.378613,-0.0160698
0.696852,0.256944,0.685216,0.269218,0.876231,-0.399677,0.266698,0.33094,0.90518,0.925416,-0.350284,-0.144594
0.696852,0.345389,0.653183,0.269218,0.960085,-0.0758849,0.266698,0.00139206,0.963779,0.925416,-0.279705,-0.255678
0.696852,0.439457,0.653333,0.269218,0.928139,0.25706,0.266698,-0.328324,0.906132,0.925416,-0.17539,-0.335923
0.696852,0.527801,0.685646,0.269218,0.784246,0.559,0.266698,-0.618439,0.739192,0.925416,-0.0499198,-0.375651
0.696852,0.599765,0.746226,0.269218,0.545761,0.793516,0.266698,-0.833961,0.483095,0.925416,0.0815711,-0.37007
0.696852,0.646669,0.827765,0.269218,0.241449,0.932322,0.266698,-0.948895,0.168729,0.925416,0.203223,-0.319853
0.696852,0.662857,0.92043,0.269218,-0.091985,0.958676,0.266698,-0.949379,-0.165988,0.925416,0.300364,-0.231058
0.696852,0.646375,1.01304,0.269218,-0.414324,0.8694,0.266698,-0.835353,-0.480684,0.925416,0.361276,-0.114393
0.696852,0.599212,1.09443,0.269218,-0.68669,0.675262,0.266698,-0.620572,-0.737403,0.925416,0.378613,0.0160698
0.696852,0.527056,1.15478,0.269218,-0.876231,0.399677,0.266698,-0.33094,-0.90518,0.925416,0.350284,0.144594
0.696852,0.438611,1.18682,0.269218,-0.960085,0.0758849,0.266698,-0.00139206,-0.963779,0.925416,0.279705,0.255678
0.696852,0.344543,1.18667,0.269218,-0.928139,-0.25706,0.266698,0.328324,-0.906132,0.925416,0.17539,0.335923
0.696852,0.256199,1.15435,0.269218,-0.784246,-0.559,0.266698,0.618439,-0.739192,0.925416,0.0499198,0.375651
0.696852,0.184235,1.09377,0.269218,-0.545761,-0.793516,0.266698,0.833961,-0.483095,0.925416,-0.0815711,0.37007
0.696852,0.137331,1.01223,0.269218,-0.241449,-0.932322,0.266698,0.948895,-0.168729,0.925416,-0.203223,0.319853
0.696852,0.121143,0.91957,0.269218,0.091985,-0.958676,0.266698,0.949379,0.165988,0.925416,-0.300364,0.231058
0.696852,0.137625,0.826958,0.269218,0.414324,-0.8694,0.266698,0.835353,0.480684,0.925416,-0.361276,0.114393
0.696834,0.121891,0.939829,-0.061087,0.419391,-0.905748,0.373999,0.85095,0.368794,0.925415,-0.31622,-0.208834
0.696834,0.131399,0.846251,-0.061087,0.703883,-0.707685,0.373999,0.673497,0.637595,0.925415,-0.225724,-0.304393
0.696834,0.172339,0.761567,-0.061087,0.903476,-0.424264,0.373999,0.41481,0.829493,0.925415,-0.108003,-0.363238
0.696834,0.239773,0.695993,-0.061087,0.994096,-0.0896709,0.373999,0.10609,0.921341,0.925415,0.0227452,-0.378272
0.696834,0.325568,0.657438,-0.061087,0.964814,0.255738,0.373999,-0.215425,0.902063,0.925415,0.15075,-0.34768
0.696834,0.419376,0.650552,-0.061087,0.819161,0.570301,0.373999,-0.510957,0.773982,0.925415,0.260572,-0.275152
0.696834,0.509882,0.676164,-0.061087,0.574705,0.816077,0.373999,-0.74486,0.552548,0.925415,0.338965,-0.169438
0.696834,0.586169,0.731188,-0.061087,0.260932,0.963423,0.373999,-0.888922,0.264468,0.925415,0.376474,-0.0432865
0.696834,0.639037,0.808984,-0.061087,-0.0843144,0.994565,0.373999,-0.925766,-0.0555107,0.925415,0.368575,0.0880858
0.696834,0.662109,0.900171,-0.061087,-0.419391,0.905748,0.373999,-0.85095,-0.368794,0.925415,0.31622,0.208834
0.696834,0.652601,0.993749,-0.061087,-0.703883,0.707685,0.373999,-0.673497,-0.637595,0.925415,0.225724,0.304393
0.696834,0.611661,1.07843,-0.061087,-0.903476,0.424264,0.373999,-0.41481,-0.829493,0.925415,0.108003,0.363238
0.696834,0.544227,1.14401,-0.061087,-0.994096,0.0896709,0.373999,-0.10609,-0.921341,0.925415,-0.0227452,0.378272
0.696834,0.458432,1.18256,-0.061087,-0.964814,-0.255738,0.373999,0.215425,-0.902063,0.925415,-0.15075,0.34768
0.696834,0.364624,1.18945,-0.061087,-0.819161,-0.570301,0.373999,0.510957,-0.773982,0.925415,-0.260572,0.275152
0.696834,0.274118,1.16384,-0.061087,-0.574705,-0.816077,0.373999,0.74486,-0.552548,0.925415,-0.338965,0.169438
0.696834,0.197831,1.10881,-0.061087,-0.260932,-0.963423,0.373999,0.888922,-0.264468,0.925415,-0.376474,0.0432865
0.696834,0.144963,1.03102,-0.061087,0.0843144,-0.994565,0.373999,0.925766,0.0555107,0.925415,-0.368575,-0.0880858
0.696834,0.121891,0.939829,-0.061087,0.419391,-0.905748,0.373999,0.85095,0.368794,0.925415,-0.31622,-0.208834
0.735794,0.107106,1.0459,-0.384024,0.408555,-0.828015,0.43619,0.870673,0.227304,0.813796,-0.273882,-0.512567
0.735794,0.0812267,0.940867,-0.384024,0.667114,-0.638345,0.43619,0.740423,0.511383,0.813796,-0.0820563,-0.575328
0.735794,0.0928316,0.833318,-0.384024,0.845209,-0.371682,0.43619,0.520866,0.733782,0.813796,0.119666,-0.568697
0.735794,0.140521,0.736224,-0.384024,0.921359,-0.060188,0.43619,0.238486,0.867677,0.813796,0.306955,-0.493472
0.735794,0.218542,0.661296,-0.384024,0.88638,0.258565,0.43619,-0.0726596,0.896916,0.813796,0.457221,-0.358727
0.735794,0.317485,0.617572,-0.384024,0.74449,0.546132,0.43619,-0.375041,0.817975,0.813796,0.552339,-0.180714
0.735794,0.425415,0.610325,-0.384024,0.512804,0.767827,0.43619,-0.632187,0.640373,0.813796,0.580837,0.019095
0.735794,0.529315,0.640429,-0.384024,0.219266,0.89691,0.43619,-0.813082,0.385533,0.813796,0.539277,0.216601
0.735794,0.616653,0.704254,-0.384024,-0.100719,0.917813,0.43619,-0.895907,0.0841921,0.813796,0.432673,0.387982
0.735794,0.676894,0.7941,-0.384024,-0.408555,0.828015,0.43619,-0.870673,-0.227304,0.813796,0.273882,0.512567
0.735794,0.702773,0.899133,-0.384024,-0.667114,0.638345,0.43619,-0.740423,-0.511383,0.813796,0.0820563,0.575328
0.735794,0.691168,1.00668,-0.384024,-0.845209,0.371682,0.43619,-0.520866,-0.733782,0.813796,-0.119666,0.568697
0.735794,0.643479,1.10378,-0.384024,-0.921359,0.060188,0.43619,-0.238486,-0.867677,0.813796,-0.306955,0.493472
0.735794,0.565458,1.1787,-0.384024,-0.88638,-0.258565,0.43619,0.0726596,-0.896916,0.813796,-0.457221,0.358727
0.735794,0.466515,1.22243,-0.384024,-0.74449,-0.546132,0.43619,0.375041,-0.817975,0.813796,-0.552339,0.180714
0.735794,0.358585,1.22968,-0.384024,-0.512804,-0.767827,0.43619,0.632187,-0.640373,0.813796,-0.580837,-0.019095
0.735794,0.254685,1.19957,-0.384024,-0.219266,-0.89691,0.43619,0.813082,-0.385533,0.813796,-0.539277,-0.216601
0.735794,0.167347,1.13575,-0.384024,0.100719,-0.917813,0.43619,0.895907,-0.0841921,0.813796,-0.432673,-0.387982
0.735794,0.107106,1.0459,-0.384024,0.408555,-0.828015,0.43619,0.870673,0.227304,0.813796,-0.273882,-0.512567
0.809034,0.0950514,1.13238,-0.660642,0.383124,-0.645576,0.44577,0.892143,0.0732795,0.604021,-0.239367,-0.760172
0.809034,0.0403229,1.01801,-0.660642,0.580819,-0.475607,0.44577,0.813277,0.373991,0.604021,0.0350629,-0.796197
0.809034,0.0280119,0.891814,-0.660642,0.708459,-0.248272,0.44577,0.636318,0.629594,0.604021,0.305264,-0.736188
0.809034,0.0596032,0.769023,-0.660642,0.750647,0.00900759,0.44577,0.38261,0.809258,0.604021,0.538645,-0.587384
0.809034,0.131286,0.664441,-0.660642,0.702297,0.265201,0.44577,0.0827528,0.891314,0.604021,0.707058,-0.367733
0.809034,0.234416,0.590684,-0.660642,0.569239,0.489407,0.44577,-0.227085,0.865864,0.604021,0.790189,-0.103728
0.809034,0.356552,0.556647,-0.660642,0.367523,0.654583,0.44577,-0.509533,0.735979,0.604021,0.778012,0.172788
0.809034,0.482963,0.566436,-0.660642,0.121478,0.740807,0.44577,-0.730524,0.517323,0.604021,0.671995,0.428464
0.809034,0.598404,0.61887,-0.660642,-0.139219,0.737679,0.44577,-0.863403,0.236271,0.604021,0.484926,0.63246
0.809034,0.688949,0.707625,-0.660642,-0.383124,0.645576,0.44577,-0.892143,-0.0732795,0.604021,0.239367,0.760172
0.809034,0.743677,0.821995,-0.660642,-0.580819,0.475607,0.44577,-0.813277,-0.373991,0.604021,-0.0350629,0.796197
0.809034,0.755988,0.948186,-0.660642,-0.708459,0.248272,0.44577,-0.636318,-0.629594,0.604021,-0.305264,0.736188
0.809034,0.724397,1.07098,-0.660642,-0.750647,-0.00900759,0.44577,-0.38261,-0.809258,0.604021,-0.538645,0.587384
0.809034,0.652714,1.17556,-0.660642,-0.702297,-0.265201,0.44577,-0.0827528,-0.891314,0.604021,-0.707058,0.367733
0.809034,0.549584,1.24932,-0.660642,-0.569239,-0.489407,0.44577,0.227085,-0.865864,0.604021,-0.790189,0.103728
0.809034,0.427448,1.28335,-0.660642,-0.367523,-0.654583,0.44577,0.509533,-0.735979,0.604021,-0.778012,-0.172788
0.809034,0.301037,1.27356,-0.660642,-0.121478,-0.740807,0.44577,0.730524,-0.517323,0.604021,-0.671995,-0.428464
0.809034,0.185596,1.22113,-0.660642,0.139219,-0.737679,0.44577,0.863403,-0.236271,0.604021,-0.484926,-0.63246
0.809034,0.0950514,1.13238,-0.660642,0.383124,-0.645576,0.44577,0.892143,0.0732795,0.604021,-0.239367,-0.760172
0.90772,0.0871825,1.18883,-0.857576,0.346166,-0.380437,0.401584,0.912771,-0.0747011,0.321392,-0.216839,-0.921785
0.90772,0.0136211,1.06836,-0.857576,0.455406,-0.239098,0.401584,0.883273,0.24199,0.321392,0.111507,-0.940358
0.90772,-0.0143022,0.93,-0.857576,0.509718,-0.0689203,0.401584,0.74724,0.529493,0.321392,0.426404,-0.84551
0.90772,0.00678057,0.790434,-0.857576,0.502551,0.10957,0.401584,0.521078,0.753132,0.321392,0.68987,-0.648681
0.90772,0.0743265,0.666495,-0.857576,0.434768,0.274844,0.401584,0.232067,0.885932,0.321392,0.870127,-0.373611
0.90772,0.180188,0.573132,-0.857576,0.314546,0.406969,0.401584,-0.0849347,0.911875,0.321392,0.945435,-0.0534785
0.90772,0.311598,0.521607,-0.857576,0.156385,0.490006,0.401584,-0.391692,0.827833,0.321392,0.906709,0.273104
0.90772,0.452705,0.518134,-0.857576,-0.0206384,0.513942,0.401584,-0.651206,0.643942,0.321392,0.75862,0.566747
0.90772,0.586491,0.563132,-0.857576,-0.195172,0.475889,0.401584,-0.832175,0.382382,0.321392,0.519031,0.792031
0.90772,0.696818,0.651173,-0.857576,-0.346166,0.380437,0.401584,-0.912771,0.0747011,0.321392,0.216839,0.921785
0.90772,0.770379,0.771639,-0.857576,-0.455406,0.239098,0.401584,-0.883273,-0.24199,0.321392,-0.111507,0.940358
0.90772,0.798302,0.91,-0.857576,-0.509718,0.0689203,0.401584,-0.74724,-0.529493,0.321392,-0.426404,0.84551
0.90772,0.777219,1.04957,-0.857576,-0.502551,-0.10957,0.401584,-0.521078,-0.753132,0.321392,-0.68987,0.648681
0.90772,0.709674,1.17351,-0.857576,-0.434768,-0.274844,0.401584,-0.232067,-0.885932,0.321392,-0.870127,0.373611
0.90772,0.603812,1.26687,-0.857576,-0.314546,-0.406969,0.401584,0.0849347,-0.911875,0.321392,-0.945435,0.0534785
0.90772,0.472402,1.31839,-0.857576,-0.156385,-0.490006,0.401584,0.391692,-0.827833,0.321392,-0.906709,-0.273104
0.90772,0.331295,1.32187,-0.857576,0.0206384,-0.513942,0.401584,0.651206,-0.643942,0.321392,-0.75862,-0.566747
0.90772,0.197509,1.27687,-0.857576,0.195172,-0.475889,0.401584,0.832175,-0.382382,0.321392,-0.519031,-0.792031
0.90772,0.0871825,1.18883,-0.857576,0.346166,-0.380437,0.401584,0.912771,-0.0747011,0.321392,-0.216839,-0.921785
0.883612,0.308478,0.529858,0.961642,0.253555,-0.104664,-0.0812368,0.627686,0.774216,0.262003,-0.736016,0.624208
0.883612,0.446951,0.52482,0.961642,0.274061,-0.011631,-0.0812368,0.325035,0.942206,0.262003,-0.90512,0.334831
0.883612,0.578797,0.567447,0.961642,0.261512,0.0828049,-0.0812368,-0.0168208,0.996553,0.262003,-0.965054,0.0050688
0.883612,0.688112,0.652597,0.961642,0.21742,0.167253,-0.0812368,-0.356648,0.9307,0.262003,-0.908588,-0.325305
0.883612,0.761711,0.769999,0.961642,0.147103,0.231529,-0.0812368,-0.653457,0.752592,0.262003,-0.742532,-0.616442
0.883612,0.790718,0.905494,0.961642,0.0590446,0.267878,-0.0812368,-0.87145,0.483709,0.262003,-0.486917,-0.833227
0.883612,0.771634,1.04274,0.961642,-0.0361359,0.271918,-0.0812368,-0.984334,0.156484,0.262003,-0.172572,-0.949512
0.883612,0.70676,1.16518,0.961642,-0.126958,0.24316,-0.0812368,-0.978492,-0.189615,0.262003,0.162588,-0.951273
0.883612,0.603921,1.25805,0.961642,-0.202467,0.185073,-0.0812368,-0.85463,-0.512844,0.262003,0.478137,-0.838295
0.883612,0.475522,1.31014,0.961642,-0.253555,0.104664,-0.0812368,-0.627686,-0.774216,0.262003,0.736016,-0.624208
0.883612,0.337049,1.31518,0.961642,-0.274061,0.011631,-0.0812368,-0.325035,-0.942206,0.262003,0.90512,-0.334831
0.883612,0.205203,1.27255,0.961642,-0.261512,-0.0828049,-0.0812368,0.0168208,-0.996553,0.262003,0.965054,-0.0050688
0.883612,0.0958882,1.1874,0.961642,-0.21742,-0.167253,-0.0812368,0.356648,-0.9307,0.262003,0.908588,0.325305
0.883612,0.0222887,1.07,0.961642,-0.147103,-0.231529,-0.0812368,0.653457,-0.752592,0.262003,0.742532,0.616442
0.883612,-0.00671819,0.934506,0.961642,-0.0590446,-0.267878,-0.0812368,0.87145,-0.483709,0.262003,0.486917,0.833227
0.883612,0.0123662,0.797261,0.961642,0.0361359,-0.271918,-0.0812368,0.984334,-0.156484,0.262003,0.172572,0.949512
0.883612,0.07724,0.674821,0.961642,0.126958,-0.24316,-0.0812368,0.978492,0.189615,0.262003,-0.162588,0.951273
0.883612,0.180079,0.581953,0.961642,0.202467,-0.185073,-0.0812368,0.85463,0.512844,0.262003,-0.478137,0.838295
0.883612,0.308478,0.529858,0.961642,0.253555,-0.104664,-0.0812368,0.627686,0.774216,0.262003,-0.736016,0.624208
0.763622,0.298917,0.59845,0.856221,0.297809,-0.422133,0.156285,0.629513,0.76111,0.492403,-0.717651,0.492459
0.763622,0.414507,0.586006,0.856221,0.424227,-0.294819,0.156285,0.331234,0.930515,0.492403,-0.842802,0.217309
0.763622,0.527382,0.613846,0.856221,0.499476,-0.131945,0.156285,-0.00699662,0.987687,0.492403,-0.866299,-0.0840515
0.763622,0.623929,0.678613,0.856221,0.514482,0.0468435,0.156285,-0.344384,0.925729,0.492403,-0.785308,-0.375274
0.763622,0.692501,0.772494,0.856221,0.467434,0.219982,0.156285,-0.640233,0.752115,0.492403,-0.609596,-0.621234
0.763622,0.724829,0.884167,0.856221,0.364006,0.366587,0.156285,-0.85886,0.487784,0.492403,-0.360359,-0.792263
0.763622,0.717012,1.00016,0.856221,0.216673,0.468976,0.156285,-0.973897,0.16462,0.492403,-0.0676567,-0.867734
0.763622,0.669994,1.10649,0.856221,0.0432071,0.5148,0.156285,-0.971467,-0.1784,0.492403,0.233206,-0.838543
0.763622,0.589446,1.19032,0.856221,-0.135471,0.498532,0.156285,-0.851864,-0.499903,0.492403,0.50594,-0.708211
0.763622,0.485083,1.24155,0.856221,-0.297809,0.422133,0.156285,-0.629513,-0.76111,0.492403,0.717651,-0.492459
0.763622,0.369493,1.25399,0.856221,-0.424227,0.294819,0.156285,-0.331234,-0.930515,0.492403,0.842802,-0.217309
0.763622,0.256618,1.22615,0.856221,-0.499476,0.131945,0.156285,0.00699662,-0.987687,0.492403,0.866299,0.0840515
0.763622,0.160071,1.16139,0.856221,-0.514482,-0.0468435,0.156285,0.344384,-0.925729,0.492403,0.785308,0.375274
0.763622,0.0914989,1.06751,0.856221,-0.467434,-0.219982,0.156285,0.640233,-0.752115,0.492403,0.609596,0.621234
0.763622,0.0591714,0.955833,0.856221,-0.364006,-0.366587,0.156285,0.85886,-0.487784,0.492403,0.360359,0.792263
0.763622,0.0669879,0.839838,0.856221,-0.216673,-0.468976,0.156285,0.973897,-0.16462,0.492403,0.0676567,0.867734
0.763622,0.114006,0.733511,0.856221,-0.0432071,-0.5148,0.156285,0.971467,0.1784,0.492403,-0.233206,0.838543
0.763622,0.194554,0.649678,0.856221,0.135471,-0.498532,0.156285,0.851864,0.499903,0.492403,-0.50594,0.708211
0.763622,0.298917,0.59845,0.856221,0.297809,-0.422133,0.156285,0.629513,0.76111,0.492403,-0.717651,0.492459
0.674556,0.284266,0.703551,0.647527,0.334415,-0.684745,0.374957,0.642446,0.668334,0.663413,-0.689514,0.290609
0.674556,0.364793,0.679758,0.647527,0.548444,-0.529073,0.374957,0.375118,0.847758,0.663413,-0.747326,0.0372556
0.674556,0.448602,0.684941,0.647527,0.696323,-0.309587,0.374957,0.062545,0.92493,0.663413,-0.714999,-0.220592
0.674556,0.525583,0.718475,0.647527,0.760214,-0.0527604,0.374957,-0.257572,0.890541,0.663413,-0.596432,-0.451832
0.674556,0.586453,0.776317,0.647527,0.732413,0.21043,0.374957,-0.546621,0.74874,0.663413,-0.405927,-0.628575
0.674556,0.623868,0.851489,0.647527,0.616272,0.448239,0.374957,-0.76974,0.51663,0.663413,-0.166461,-0.729503
0.674556,0.633317,0.934924,0.647527,0.425799,0.631985,0.374957,-0.900017,0.222207,0.663413,0.0930822,-0.742442
0.674556,0.613659,1.01656,0.647527,0.183969,0.739503,0.374957,-0.921739,-0.0990176,0.663413,0.341399,-0.665831
0.674556,0.567266,1.08655,0.647527,-0.0800509,0.757827,0.374957,-0.832285,-0.408299,0.663413,0.548537,-0.508911
0.674556,0.499734,1.13645,0.647527,-0.334415,0.684745,0.374957,-0.642446,-0.668334,0.663413,0.689514,-0.290609
0.674556,0.419207,1.16024,0.647527,-0.548444,0.529073,0.374957,-0.375118,-0.847758,0.663413,0.747326,-0.0372556
0.674556,0.335398,1.15506,0.647527,-0.696323,0.309587,0.374957,-0.062545,-0.92493,0.663413,0.714999,0.220592
0.674556,0.258417,1.12152,0.647527,-0.760214,0.0527604,0.374957,0.257572,-0.890541,0.663413,0.596432,0.451832
0.674556,0.197547,1.06368,0.647527,-0.732413,-0.21043,0.374957,0.546621,-0.74874,0.663413,0.405927,0.628575
0.674556,0.160132,0.988511,0.647527,-0.616272,-0.448239,0.374957,0.76974,-0.51663,0.663413,0.166461,0.729503
0.674556,0.150683,0.905076,0.647527,-0.425799,-0.631985,0.374957,0.900017,-0.222207,0.663413,-0.0930822,0.742442
0.674556,0.170341,0.823441,0.647527,-0.183969,-0.739503,0.374957,0.921739,0.0990176,0.663413,-0.341399,0.665831
0.674556,0.216734,0.753452,0.647527,0.0800509,-0.757827,0.374957,0.832285,0.408299,0.663413,-0.548537,0.508911
0.674556,0.284266,0.703551,0.647527,0.334415,-0.684745,0.374957,0.642446,0.668334,0.663413,-0.689514,0.290609
0.627155,0.266294,0.832485,0.360731,0.35896,-0.860826,0.548404,0.664924,0.50708,0.754404,-0.655,0.0430039
0.627155,0.303807,0.794769,0.360731,0.631732,-0.68614,0.548404,0.451392,0.703916,0.754404,-0.630207,-0.183613
0.627155,0.351957,0.772157,0.360731,0.828307,-0.428696,0.548404,0.183416,0.81585,0.754404,-0.529401,-0.388083
0.627155,0.404937,0.767378,0.360731,0.924977,-0.119545,0.548404,-0.106682,0.829381,0.754404,-0.364742,-0.545744
0.627155,0.456357,0.781007,0.360731,0.91008,0.204026,0.548404,-0.383913,0.742875,0.754404,-0.15609,-0.637581
0.627155,0.500014,0.8114,0.360731,0.785415,0.502987,0.548404,-0.614839,0.566768,0.754404,0.071389,-0.652516
0.627155,0.530643,0.854893,0.360731,0.566017,0.741281,0.548404,-0.771606,0.322301,0.754404,0.290257,-0.588748
0.627155,0.54455,0.906238,0.360731,0.278349,0.890166,0.548404,-0.835306,0.038959,0.754404,0.474116,-0.453969
0.627155,0.540057,0.959243,0.360731,-0.0428922,0.931683,0.548404,-0.798255,-0.249082,0.754404,0.60079,-0.264433
0.627155,0.517706,1.00751,0.360731,-0.35896,0.860826,0.548404,-0.664924,-0.50708,0.754404,0.655,-0.0430039
0.627155,0.480193,1.04523,0.360731,-0.631732,0.68614,0.548404,-0.451392,-0.703916,0.754404,0.630207,0.183613
0.627155,0.432043,1.06784,0.360731,-0.828307,0.428696,0.548404,-0.183416,-0.81585,0.754404,0.529401,0.388083
0.627155,0.379063,1.07262,0.360731,-0.924977,0.119545,0.548404,0.106682,-0.829381,0.754404,0.364742,0.545744
0.627155,0.327643,1.05899,0.360731,-0.91008,-0.204026,0.548404,0.383913,-0.742875,0.754404,0.15609,0.637581
0.627155,0.283986,1.0286,0.360731,-0.785415,-0.502987,0.548404,0.614839,-0.566768,0.754404,-0.071389,0.652516
0.627155,0.253357,0.985107,0.360731,-0.566017,-0.741281,0.548404,0.771606,-0.322301,0.754404,-0.290257,0.588748
0.627155,0.23945,0.933762,0.360731,-0.278349,-0.890166,0.548404,0.835306,-0.038959,0.754404,-0.474116,0.453969
0.627155,0.243943,0.880757,0.360731,0.0428922,-0.931683,0.548404,0.798255,0.249082,0.754404,-0.60079,0.264433
0.627155,0.266294,0.832485,0.360731,0.35896,-0.860826,0.548404,0.664924,0.50708,0.754404,-0.655,0.0430039
0.627137,0.247167,0.9697,0.0304265,0.368482,-0.929137,0.655705,0.694236,0.296796,0.754404,-0.61827,-0.220492
0.627137,0.238903,0.917167,0.0304265,0.664043,-0.747075,0.655705,0.550858,0.51634,0.754404,-0.505571,-0.418656
0.627137,0.249105,0.864975,0.0304265,0.879511,-0.474904,0.655705,0.341039,0.673605,0.754404,-0.331893,-0.566323
0.627137,0.276542,0.819421,0.0304265,0.988897,-0.145454,0.655705,0.0900849,0.749624,0.754404,-0.118183,-0.645684
0.627137,0.317905,0.785997,0.0304265,0.979007,0.201541,0.655705,-0.171734,0.735227,0.754404,0.109781,-0.647165
0.627137,0.368205,0.768737,0.0304265,0.851035,0.524227,0.655705,-0.41284,0.632151,0.754404,0.324504,-0.570589
0.627137,0.421375,0.769721,0.0304265,0.620415,0.783683,0.655705,-0.604151,0.452828,0.754404,0.500087,-0.425191
0.627137,0.471002,0.788831,0.0304265,0.314964,0.948616,0.655705,-0.722592,0.218887,0.754404,0.615352,-0.228509
0.627137,0.5111,0.823761,0.0304265,-0.0284763,0.999131,0.655705,-0.753879,-0.0414545,0.754404,0.656396,-0.00426589
0.627137,0.536833,0.8703,0.0304265,-0.368482,0.929137,0.655705,-0.694236,-0.296796,0.754404,0.61827,0.220492
0.627137,0.545097,0.922833,0.0304265,-0.664043,0.747075,0.655705,-0.550858,-0.51634,0.754404,0.505571,0.418656
0.627137,0.534895,0.975025,0.0304265,-0.879511,0.474904,0.655705,-0.341039,-0.673605,0.754404,0.331893,0.566323
0.627137,0.507458,1.02058,0.0304265,-0.988897,0.145454,0.655705,-0.0900849,-0.749624,0.754404,0.118183,0.645684
0.627137,0.466095,1.054,0.0304265,-0.979007,-0.201541,0.655705,0.171734,-0.735227,0.754404,-0.109781,0.647165
0.627137,0.415795,1.07126,0.0304265,-0.851035,-0.524227,0.655705,0.41284,-0.632151,0.754404,-0.324504,0.570589
0.627137,0.362625,1.07028,0.0304265,-0.620415,-0.783683,0.655705,0.604151,-0.452828,0.754404,-0.500087,0.425191
0.627137,0.312998,1.05117,0.0304265,-0.314964,-0.948616,0.655705,0.722592,-0.218887,0.754404,-0.615352,0.228509
0.627137,0.2729,1.01624,0.0304265,0.0284763,-0.999131,0.655705,0.753879,0.0414545,0.754404,-0.656396,0.00426589
0.627137,0.247167,0.9697,0.0304265,0.368482,-0.929137,0.655705,0.694236,0.296796,0.754404,-0.61827,-0.220492
0.674504,0.229192,1.09865,-0.303548,0.361833,-0.881439,0.683918,0.726847,0.0628465,0.663411,-0.583755,-0.468097
0.674504,0.17791,1.03219,-0.303548,0.641482,-0.704528,0.683918,0.661518,0.307653,0.663411,-0.388452,-0.639524
0.674504,0.152451,0.9522,-0.303548,0.843759,-0.44264,0.683918,0.5164,0.515351,0.663411,-0.146295,-0.733814
0.674504,0.155884,0.868327,-0.303548,0.944265,-0.127363,0.683918,0.308997,0.660891,0.663411,0.113507,-0.739596
0.674504,0.187797,0.790687,-0.303548,0.93088,0.203276,0.683918,0.064324,0.726718,0.663411,0.359618,-0.656171
0.674504,0.244339,0.728644,-0.303548,0.805217,0.509396,0.683918,-0.188107,0.704891,0.663411,0.562354,-0.493602
0.674504,0.318692,0.689682,-0.303548,0.582432,0.754076,0.683918,-0.41785,0.598045,0.663411,0.697262,-0.271498
0.674504,0.401886,0.678499,-0.303548,0.289398,0.907804,0.683918,-0.597194,0.419065,0.663411,0.74807,-0.0166473
0.674504,0.483889,0.696444,-0.303548,-0.038542,0.952036,0.683918,-0.704508,0.18954,0.663411,0.708649,0.240212
0.674504,0.554808,0.741354,-0.303548,-0.361833,0.881439,0.683918,-0.726847,-0.0628465,0.663411,0.583755,0.468097
0.674504,0.60609,0.807811,-0.303548,-0.641482,0.704528,0.683918,-0.661518,-0.307653,0.663411,0.388452,0.639524
0.674504,0.631549,0.8878,-0.303548,-0.843759,0.44264,0.683918,-0.5164,-0.515351,0.663411,0.146295,0.733814
0.674504,0.628116,0.971673,-0.303548,-0.944265,0.127363,0.683918,-0.308997,-0.660891,0.663411,-0.113507,0.739596
0.674504,0.596203,1.04931,-0.303548,-0.93088,-0.203276,0.683918,-0.064324,-0.726718,0.663411,-0.359618,0.656171
0.674504,0.539661,1.11136,-0.303548,-0.805217,-0.509396,0.683918,0.188107,-0.704891,0.663411,-0.562354,0.493602
0.674504,0.465308,1.15032,-0.303548,-0.582432,-0.754076,0.683918,0.41785,-0.598045,0.663411,-0.697262,0.271498
0.674504,0.382114,1.1615,-0.303548,-0.289398,-0.907804,0.683918,0.597194,-0.419065,0.663411,-0.74807,0.0166473
0.674504,0.300111,1.14356,-0.303548,0.038542,-0.952036,0.683918,0.704508,-0.18954,0.663411,-0.708649,-0.240212
0.674504,0.229192,1.09865,-0.303548,0.361833,-0.881439,0.683918,0.726847,0.0628465,0.663411,-0.583755,-0.468097
0.763543,0.214539,1.20377,-0.60091,0.339815,-0.723486,0.629641,0.758824,-0.166551,0.492402,-0.555619,-0.669947
0.763543,0.128186,1.12596,-0.60091,0.566769,-0.563631,0.629641,0.770025,0.103026,0.492402,-0.292975,-0.819577
0.763543,0.0736528,1.02331,-0.60091,0.725362,-0.335793,0.629641,0.68835,0.360177,0.492402,0.00500487,-0.870354
0.763543,0.0575172,0.908199,-0.60091,0.796465,-0.0674542,0.629641,0.52365,0.573885,0.492402,0.302382,-0.816153
0.763543,0.0817251,0.794511,-0.60091,0.771503,0.209021,0.629641,0.295789,0.718374,0.492402,0.563287,-0.663513
0.763543,0.143357,0.695959,-0.60091,0.653486,0.460285,0.629641,0.0322528,0.776217,0.492402,0.756251,-0.430843
0.763543,0.234978,0.624429,-0.60091,0.45665,0.656032,0.629641,-0.235174,0.740436,0.492402,0.858,-0.146207
0.763543,0.345539,0.58855,-0.60091,0.204734,0.772652,0.629641,-0.474235,0.615348,0.492402,0.856262,0.156064
0.763543,0.461704,0.592648,-0.60091,-0.0718753,0.796078,0.629641,-0.656097,0.41604,0.492402,0.751246,0.439511
0.763543,0.569461,0.63623,-0.60091,-0.339815,0.723486,0.629641,-0.758824,0.166551,0.492402,0.555619,0.669947
0.763543,0.655814,0.714039,-0.60091,-0.566769,0.563631,0.629641,-0.770025,-0.103026,0.492402,0.292975,0.819577
0.763543,0.710347,0.816689,-0.60091,-0.725362,0.335793,0.629641,-0.68835,-0.360177,0.492402,-0.00500487,0.870354
0.763543,0.726483,0.931801,-0.60091,-0.796465,0.0674542,0.629641,-0.52365,-0.573885,0.492402,-0.302382,0.816153
0.763543,0.702275,1.04549,-0.60091,-0.771503,-0.209021,0.629641,-0.295789,-0.718374,0.492402,-0.563287,0.663513
0.763543,0.640643,1.14404,-0.60091,-0.653486,-0.460285,0.629641,-0.0322528,-0.776217,0.492402,-0.756251,0.430843
0.763543,0.549022,1.21557,-0.60091,-0.45665,-0.656032,0.629641,0.235174,-0.740436,0.492402,-0.858,0.146207
0.763543,0.438461,1.25145,-0.60091,-0.204734,-0.772652,0.629641,0.474235,-0.615348,0.492402,-0.856262,-0.156064
0.763543,0.322296,1.24735,-0.60091,0.0718753,-0.796078,0.629641,0.656097,-0.41604,0.492402,-0.751246,-0.439511
0.763543,0.214539,1.20377,-0.60091,0.339815,-0.723486,0.629641,0.758824,-0.166551,0.492402,-0.555619,-0.669947
0.883514,0.204973,1.27239,-0.825794,0.305084,-0.474328,0.499419,0.786309,-0.363729,0.262001,-0.537254,-0.801694
0.883514,0.0957267,1.18717,-0.825794,0.448915,-0.341378,0.499419,0.863291,-0.0728597,0.262001,-0.230658,-0.937098
0.883514,0.0222152,1.06973,-0.825794,0.538601,-0.167252,0.499419,0.836148,0.226797,0.262001,0.103759,-0.959474
0.883514,-0.00669482,0.934226,-0.825794,0.563323,0.0270466,0.499419,0.708153,0.499099,0.262001,0.425661,-0.866123
0.883514,0.0124837,0.797007,-0.825794,0.5201,0.218083,0.499419,0.494744,0.711202,0.262001,0.696222,-0.668305
0.883514,0.0774374,0.674622,-0.825794,0.414145,0.382816,0.499419,0.221662,0.837524,0.262001,0.882808,-0.389879
0.883514,0.180332,0.581833,-0.825794,0.258238,0.501375,0.499419,-0.0781562,0.862828,0.262001,0.962915,-0.0644283
0.883514,0.308757,0.529833,-0.825794,0.0711842,0.559461,0.499419,-0.368547,0.784062,0.262001,0.92688,0.268793
0.883514,0.447222,0.524892,-0.825794,-0.124456,0.550068,0.499419,-0.614486,0.610727,0.262001,0.779049,0.569595
0.883514,0.579027,0.567607,-0.825794,-0.305084,0.474328,0.499419,-0.786309,0.363729,0.262001,0.537254,0.801694
0.883514,0.688273,0.652826,-0.825794,-0.448915,0.341378,0.499419,-0.863291,0.0728597,0.262001,0.230658,0.937098
0.883514,0.761785,0.77027,-0.825794,-0.538601,0.167252,0.499419,-0.836148,-0.226797,0.262001,-0.103759,0.959474
0.883514,0.790695,0.905774,-0.825794,-0.563323,-0.0270466,0.499419,-0.708153,-0.499099,0.262001,-0.425661,0.866123
0.883514,0.771516,1.04299,-0.825794,-0.5201,-0.218083,0.499419,-0.494744,-0.711202,0.262001,-0.696222,0.668305
0.883514,0.706563,1.16538,-0.825794,-0.414145,-0.382816,0.499419,-0.221662,-0.837524,0.262001,-0.882808,0.389879
0.883514,0.603668,1.25817,-0.825794,-0.258238,-0.501375,0.499419,0.0781562,-0.862828,0.262001,-0.962915,0.0644283
0.883514,0.475243,1.31017,-0.825794,-0.0711842,-0.559461,0.499419,0.368547,-0.784062,0.262001,-0.92688,-0.268793
0.883514,0.336778,1.31511,-0.825794,0.124456,-0.550068,0.499419,0.614486,-0.610727,0.262001,-0.779049,-0.569595
0.883514,0.204973,1.27239,-0.825794,0.305084,-0.474328,0.499419,0.786309,-0.363729,0.262001,-0.537254,-0.801694
0.875863,0.454706,0.528745,0.985232,0.163197,-0.0518207,-0.00862081,0.349536,0.936883,0.17101,-0.9226,0.345781
0.875863,0.584741,0.573787,0.985232,0.171079,0.00712132,-0.00862081,0.0080236,0.999931,0.17101,-0.985225,0.00937994
0.875863,0.69153,0.660588,0.985232,0.158326,0.0652043,-0.00862081,-0.334457,0.942372,0.17101,-0.929016,-0.328152
0.875863,0.76219,0.778677,0.985232,0.126477,0.115423,-0.00862081,-0.636597,0.771149,0.17101,-0.760755,-0.626105
0.875863,0.7882,0.913812,0.985232,0.0793723,0.15172,-0.00862081,-0.861954,0.506914,0.17101,-0.500736,-0.84854
0.875863,0.766423,1.04969,0.985232,0.0226944,0.169717,-0.00862081,-0.983346,0.181538,0.17101,-0.18032,-0.968628
0.875863,0.699484,1.16993,0.985232,-0.0367207,0.167243,-0.00862081,-0.986133,-0.165734,0.17101,0.161845,-0.971886
0.875863,0.595459,1.26003,0.985232,-0.0917068,0.144598,-0.00862081,-0.869977,-0.493017,0.17101,0.484489,-0.85792
0.875863,0.466893,1.30911,0.985232,-0.135632,0.104512,-0.00862081,-0.648889,-0.760834,0.17101,0.748697,-0.640476
0.875863,0.329294,1.31126,0.985232,-0.163197,0.0518207,-0.00862081,-0.349536,-0.936883,0.17101,0.9226,-0.345781
0.875863,0.199259,1.26621,0.985232,-0.171079,-0.00712132,-0.00862081,-0.0080236,-0.999931,0.17101,0.985225,-0.00937994
0.875863,0.0924704,1.17941,0.985232,-0.158326,-0.0652043,-0.00862081,0.334457,-0.942372,0.17101,0.929016,0.328152
0.875863,0.02181,1.06132,0.985232,-0.126477,-0.115423,-0.00862081,0.636597,-0.771149,0.17101,0.760755,0.626105
0.875863,-0.00420004,0.926188,0.985232,-0.0793723,-0.15172,-0.00862081,0.861954,-0.506914,0.17101,0.500736,0.84854
0.875863,0.0175775,0.790306,0.985232,-0.0226944,-0.169717,-0.00862081,0.983346,-0.181538,0.17101,0.18032,0.968628
0.875863,0.0845159,0.670067,0.985232,0.0367207,-0.167243,-0.00862081,0.986133,0.165734,0.17101,-0.161845,0.971886
0.875863,0.188541,0.579974,0.985232,0.0917068,-0.144598,-0.00862081,0.869977,0.493017,0.17101,-0.484489,0.85792
0.875863,0.317107,0.530894,0.985232,0.135632,-0.104512,-0.00862081,0.648889,0.760834,0.17101,-0.748697,0.640476
0.875863,0.454706,0.528745,0.985232,0.163197,-0.0518207,-0.00862081,0.349536,0.936883,0.17101,-0.9226,0.345781
0.749059,0.444601,0.601233,0.900555,0.209104,-0.381152,0.292759,0.356453,0.887262,0.321393,-0.910613,0.259788
0.749059,0.550454,0.638448,0.900555,0.326855,-0.286647,0.292759,0.0314949,0.955667,0.321393,-0.94455,-0.0673268
0.749059,0.637194,0.709622,0.900555,0.405183,-0.157569,0.292759,-0.297262,0.908806,0.321393,-0.864559,-0.386321
0.749059,0.694361,0.806171,0.900555,0.434639,-0.00948626,0.292759,-0.590165,0.752328,0.321393,-0.68029,-0.65872
0.749059,0.715058,0.916449,0.900555,0.411672,0.139741,0.292759,-0.811885,0.505109,0.321393,-0.413968,-0.851667
0.749059,0.69679,1.02716,0.900555,0.33905,0.272114,0.292759,-0.93568,0.196966,0.321393,-0.0977153,-0.941891
0.749059,0.641759,1.12494,0.900555,0.225535,0.371665,0.292759,-0.946618,-0.134933,0.321393,0.230323,-0.918509
0.749059,0.556604,1.198,0.900555,0.0848164,0.426389,0.292759,-0.84338,-0.450558,0.321393,0.530582,-0.78434
0.749059,0.451595,1.23753,0.900555,-0.0661321,0.429683,0.292759,-0.638418,-0.711839,0.321393,0.766844,-0.555569
0.749059,0.339399,1.23877,0.900555,-0.209104,0.381152,0.292759,-0.356453,-0.887262,0.321393,0.910613,-0.259788
0.749059,0.233546,1.20155,0.900555,-0.326855,0.286647,0.292759,-0.0314949,-0.955667,0.321393,0.94455,0.0673268
0.749059,0.146806,1.13038,0.900555,-0.405183,0.157569,0.292759,0.297262,-0.908806,0.321393,0.864559,0.386321
0.749059,0.0896393,1.03383,0.900555,-0.434639,0.00948626,0.292759,0.590165,-0.752328,0.321393,0.68029,0.65872
0.749059,0.068942,0.923551,0.900555,-0.411672,-0.139741,0.292759,0.811885,-0.505109,0.321393,0.413968,0.851667
0.749059,0.0872103,0.812844,0.900555,-0.33905,-0.272114,0.292759,0.93568,-0.196966,0.321393,0.0977153,0.941891
0.749059,0.142241,0.715063,0.900555,-0.225535,-0.371665,0.292759,0.946618,0.134933,0.321393,-0.230323,0.918509
0.749059,0.227396,0.641999,0.900555,-0.0848164,-0.426389,0.292759,0.84338,0.450558,0.321393,-0.530582,0.78434
0.749059,0.332405,0.602467,0.900555,0.0661321,-0.429683,0.292759,0.638418,0.711839,0.321393,-0.766844,0.555569
0.749059,0.444601,0.601233,0.900555,0.209104,-0.381152,0.292759,0.356453,0.887262,0.321393,-0.910613,0.259788
0.654934,0.429119,0.712305,0.707258,0.248244,-0.661937,0.558827,0.377184,0.738542,0.433011,-0.892248,0.128041
0.654934,0.497916,0.737526,0.707258,0.459669,-0.537113,0.558827,0.10184,0.823007,0.433011,-0.882232,-0.184848
0.654934,0.553939,0.784756,0.707258,0.615651,-0.347505,0.558827,-0.185786,0.808205,0.433011,-0.765805,-0.475441
0.654934,0.590429,0.848298,0.707258,0.697377,-0.115983,0.558827,-0.451004,0.695922,0.433011,-0.557011,-0.70869
0.654934,0.602986,0.920489,0.707258,0.694988,0.129528,0.558827,-0.661825,0.4997,0.433011,-0.281033,-0.856459
0.654934,0.590094,0.992621,0.707258,0.608774,0.359417,0.558827,-0.792819,0.243207,0.433011,0.028842,-0.900927
0.654934,0.55331,1.05599,0.707258,0.449133,0.545954,0.558827,-0.828188,-0.0426204,0.433011,0.335238,-0.83673
0.654934,0.497069,1.10296,0.707258,0.235319,0.666642,0.558827,-0.763665,-0.323307,0.433011,0.601199,-0.671611
0.654934,0.428156,1.12787,0.707258,-0.0068771,0.706922,0.558827,-0.607033,-0.564998,0.433011,0.794647,-0.425486
0.654934,0.354881,1.1277,0.707258,-0.248244,0.661937,0.558827,-0.377184,-0.738542,0.433011,0.892248,-0.128041
0.654934,0.286084,1.10247,0.707258,-0.459669,0.537113,0.558827,-0.10184,-0.823007,0.433011,0.882232,0.184848
0.654934,0.230061,1.05524,0.707258,-0.615651,0.347505,0.558827,0.185786,-0.808205,0.433011,0.765805,0.475441
0.654934,0.193571,0.991702,0.707258,-0.697377,0.115983,0.558827,0.451004,-0.695922,0.433011,0.557011,0.70869
0.654934,0.181014,0.919511,0.707258,-0.694988,-0.129528,0.558827,0.661825,-0.4997,0.433011,0.281033,0.856459
0.654934,0.193906,0.847379,0.707258,-0.608774,-0.359417,0.558827,0.792819,-0.243207,0.433011,-0.028842,0.900927
0.654934,0.23069,0.784007,0.707258,-0.449133,-0.545954,0.558827,0.828188,0.0426204,0.433011,-0.335238,0.83673
0.654934,0.286931,0.737037,0.707258,-0.235319,-0.666642,0.558827,0.763665,0.323307,0.433011,-0.601199,0.671611
