0.658953,0.564835,1.043,0.308961,0.694497,-0.649783,0.951075,-0.225613,0.211082,-3.49349e-06,-0.683208,-0.730224
0.907818,0.371724,1.28803,0.92986,-0.363377,-0.0576068,-0.179072,-0.310223,-0.933646,0.321394,0.878476,-0.353534
0.907818,0.236206,1.24852,0.92986,-0.32176,-0.178415,-0.179072,0.027812,-0.983443,0.321394,0.946413,-0.031757
0.907818,0.122375,1.16505,0.92986,-0.241334,-0.277703,-0.179072,0.362492,-0.914622,0.321394,0.900199,0.29385
0.907818,0.0439587,1.04767,0.92986,-0.131799,-0.343497,-0.179072,0.65345,-0.735484,0.321394,0.745407,0.584015
0.907818,0.0104163,0.910556,0.92986,-0.00636814,-0.36786,-0.179072,0.865592,-0.467635,0.321394,0.500709,0.803739
0.907818,0.0257932,0.770237,0.92986,0.119831,-0.347853,-0.179072,0.973332,-0.143384,0.321394,0.195617,0.92652
0.907818,0.0882349,0.643639,0.92986,0.231577,-0.28589,-0.179072,0.963673,0.198162,0.321394,-0.133068,0.937549
0.907818,0.19021,0.546032,0.92986,0.315392,-0.189445,-0.179072,0.83778,0.515807,0.321394,-0.445704,0.835496
0.907818,0.319419,0.489189,0.92986,0.361165,-0.0701495,-0.179072,0.61084,0.771238,0.321394,-0.704581,0.63267
0.907818,0.460276,0.479967,0.92986,0.363377,0.0576068,-0.179072,0.310223,0.933646,0.321394,-0.878476,0.353534
0.907818,0.595794,0.519476,0.92986,0.32176,0.178415,-0.179072,-0.027812,0.983443,0.321394,-0.946413,0.031757
0.907818,0.709625,0.602953,0.92986,0.241334,0.277703,-0.179072,-0.362492,0.914622,0.321394,-0.900199,-0.29385
0.907818,0.788041,0.720328,0.92986,0.131799,0.343497,-0.179072,-0.65345,0.735484,0.321394,-0.745407,-0.584015
0.907818,0.821584,0.857444,0.92986,0.00636814,0.36786,-0.179072,-0.865592,0.467635,0.321394,-0.500709,-0.803739
0.907818,0.806207,0.997763,0.92986,-0.119831,0.347853,-0.179072,-0.973332,0.143384,0.321394,-0.195617,-0.92652
0.907818,0.743765,1.12436,0.92986,-0.231577,0.28589,-0.179072,-0.963673,-0.198162,0.321394,0.133068,-0.937549
0.907818,0.64179,1.22197,0.92986,-0.315392,0.189445,-0.179072,-0.83778,-0.515807,0.321394,0.445704,-0.835496
0.907818,0.512581,1.27881,0.92986,-0.361165,0.0701495,-0.179072,-0.61084,-0.771238,0.321394,0.704581,-0.63267
0.907818,0.371724,1.28803,0.92986,-0.363377,-0.0576068,-0.179072,-0.310223,-0.933646,0.321394,0.878476,-0.353534
0.809114,0.413321,1.24911,0.796489,-0.585658,0.150363,-0.0275851,-0.283614,-0.958542,0.604023,0.759321,-0.242051
0.809114,0.288607,1.22618,0.796489,-0.601766,-0.0590116,-0.0275851,0.0613309,-0.997736,0.604023,0.796314,0.0322496
0.809114,0.179257,1.16197,0.796489,-0.545292,-0.261269,-0.0275851,0.398878,-0.916589,0.604023,0.737261,0.30266
0.809114,0.0984627,1.06424,0.796489,-0.423047,-0.432013,-0.0275851,0.688315,-0.724888,0.604023,0.589282,0.536566
0.809114,0.0559678,0.944763,0.796489,-0.249777,-0.55065,-0.0275851,0.89473,-0.445754,0.604023,0.370228,0.705753
0.809114,0.0568981,0.817961,0.796489,-0.0463805,-0.602871,-0.0275851,0.993228,-0.112856,0.604023,0.106519,0.789817
0.809114,0.101141,0.699123,0.796489,0.162611,-0.582376,-0.0275851,0.971928,0.233654,0.604023,-0.170038,0.778616
0.809114,0.183361,0.602585,0.796489,0.351989,-0.491639,-0.0275851,0.833399,0.551982,0.604023,-0.426086,0.673504
0.809114,0.293641,0.539989,0.796489,0.498911,-0.341602,-0.0275851,0.59435,0.803733,0.604023,-0.630742,0.487156
0.809114,0.418679,0.518886,0.796489,0.585658,-0.150363,-0.0275851,0.283614,0.958542,0.604023,-0.759321,0.242051
0.809114,0.543393,0.541821,0.796489,0.601766,0.0590116,-0.0275851,-0.0613309,0.997736,0.604023,-0.796314,-0.0322496
0.809114,0.652743,0.606028,0.796489,0.545292,0.261269,-0.0275851,-0.398878,0.916589,0.604023,-0.737261,-0.30266
0.809114,0.733537,0.703763,0.796489,0.423047,0.432013,-0.0275851,-0.688315,0.724888,0.604023,-0.589282,-0.536566
0.809114,0.776032,0.823237,0.796489,0.249777,0.55065,-0.0275851,-0.89473,0.445754,0.604023,-0.370228,-0.705753
0.809114,0.775102,0.950039,0.796489,0.0463805,0.602871,-0.0275851,-0.993228,0.112856,0.604023,-0.106519,-0.789817
0.809114,0.730859,1.06888,0.796489,-0.162611,0.582376,-0.0275851,-0.971928,-0.233654,0.604023,0.170038,-0.778616
0.809114,0.648639,1.16542,0.796489,-0.351989,0.491639,-0.0275851,-0.833399,-0.551982,0.604023,0.426086,-0.673504
0.809114,0.538359,1.22801,0.796489,-0.498911,0.341602,-0.0275851,-0.59435,-0.803733,0.604023,0.630742,-0.487156
0.809114,0.413321,1.24911,0.796489,-0.585658,0.150363,-0.0275851,-0.283614,-0.958542,0.604023,0.759321,-0.242051
0.735846,0.477062,1.18948,0.567051,-0.761225,0.314626,0.127229,-0.296444,-0.946538,0.813797,0.576765,-0.0712486
0.735846,0.3689,1.19194,0.567051,-0.822926,0.0352979,0.127229,0.045169,-0.990844,0.813797,0.56635,0.130313
0.735846,0.266419,1.15726,0.567051,-0.78537,-0.248288,0.127229,0.381334,-0.91564,0.813797,0.487625,0.316158
0.735846,0.18198,1.08962,0.567051,-0.653087,-0.501927,0.127229,0.671504,-0.729997,0.813797,0.350086,0.463869
0.735846,0.125767,0.99718,0.567051,-0.442032,-0.695026,0.127229,0.880681,-0.456305,0.813797,0.17032,0.55563
0.735846,0.10456,0.891088,0.567051,-0.177661,-0.804295,0.127229,0.983635,-0.127576,0.813797,-0.029988,0.580375
0.735846,0.120918,0.784142,0.567051,0.108138,-0.816553,0.127229,0.967948,0.216541,0.813797,-0.226679,0.535117
0.735846,0.172867,0.68924,0.567051,0.380894,-0.730324,0.127229,0.835512,0.53454,0.813797,-0.39603,0.425317
0.735846,0.254141,0.617829,0.567051,0.607709,-0.556006,0.127229,0.602301,0.788065,0.813797,-0.517613,0.264217
0.735846,0.354938,0.578523,0.567051,0.761225,-0.314626,0.127229,0.296444,0.946538,0.813797,-0.576765,0.0712486
0.735846,0.4631,0.576061,0.567051,0.822926,-0.0352979,0.127229,-0.045169,0.990844,0.813797,-0.56635,-0.130313
0.735846,0.565581,0.610741,0.567051,0.78537,0.248288,0.127229,-0.381334,0.91564,0.813797,-0.487625,-0.316158
0.735846,0.65002,0.67838,0.567051,0.653087,0.501927,0.127229,-0.671504,0.729997,0.813797,-0.350086,-0.463869
0.735846,0.706233,0.77082,0.567051,0.442032,0.695026,0.127229,-0.880681,0.456305,0.813797,-0.17032,-0.55563
0.735846,0.72744,0.876912,0.567051,0.177661,0.804295,0.127229,-0.983635,0.127576,0.813797,0.029988,-0.580375
0.735846,0.711082,0.983858,0.567051,-0.108138,0.816553,0.127229,-0.967948,-0.216541,0.813797,0.226679,-0.535117
0.735846,0.659133,1.07876,0.567051,-0.380894,0.730324,0.127229,-0.835512,-0.53454,0.813797,0.39603,-0.425317
0.735846,0.577859,1.15017,0.567051,-0.607709,0.556006,0.127229,-0.602301,-0.788065,0.813797,0.517613,-0.264217
0.735846,0.477062,1.18948,0.567051,-0.761225,0.314626,0.127229,-0.296444,-0.946538,0.813797,0.576765,-0.0712486
0.696852,0.555257,1.11632,0.269218,-0.868901,0.41537,0.266698,-0.347165,-0.899082,0.925416,0.352827,0.138271
0.696852,0.467401,1.14994,0.269218,-0.958565,0.0931386,0.266698,-0.0187242,-0.963598,0.925416,0.284258,0.250606
0.696852,0.373346,1.15148,0.269218,-0.932612,-0.240327,0.266698,0.311975,-0.91189,0.925416,0.181402,0.332715
0.696852,0.284436,1.12076,0.269218,-0.794172,-0.544805,0.266698,0.605045,-0.750195,0.925416,0.0566673,0.374693
0.696852,0.211394,1.06148,0.269218,-0.559943,-0.783572,0.266698,0.825138,-0.498015,0.925416,-0.0749026,0.371478
0.696852,0.163031,0.9808,0.269218,-0.258177,-0.927829,0.266698,0.945708,-0.185767,0.925416,-0.197438,0.323456
0.696852,0.145179,0.888441,0.269218,0.0747295,-0.960176,0.266698,0.95221,0.148887,0.925416,-0.29616,0.236422
0.696852,0.159993,0.795547,0.269218,0.398622,-0.876711,0.266698,0.843863,0.465584,0.925416,-0.35916,0.120871
0.696852,0.205684,0.713322,0.269218,0.674435,-0.687502,0.266698,0.633733,0.726123,0.925416,-0.378841,-0.00925831
0.696852,0.276743,0.651683,0.269218,0.868901,-0.41537,0.266698,0.347165,0.899082,0.925416,-0.352827,-0.138271
0.696852,0.364599,0.618065,0.269218,0.958565,-0.0931386,0.266698,0.0187242,0.963598,0.925416,-0.284258,-0.250606
0.696852,0.458654,0.616522,0.269218,0.932612,0.240327,0.266698,-0.311975,0.91189,0.925416,-0.181402,-0.332715
0.696852,0.547564,0.647242,0.269218,0.794172,0.544805,0.266698,-0.605045,0.750195,0.925416,-0.0566673,-0.374693
0.696852,0.620606,0.706517,0.269218,0.559943,0.783572,0.266698,-0.825138,0.498015,0.925416,0.0749026,-0.371478
0.696852,0.668969,0.7872,0.269218,0.258177,0.927829,0.266698,-0.945708,0.185767,0.925416,0.197438,-0.323456
0.696852,0.686821,0.879559,0.269218,-0.0747295,0.960176,0.266698,-0.95221,-0.148887,0.925416,0.29616,-0.236422
0.696852,0.672007,0.972453,0.269218,-0.398622,0.876711,0.266698,-0.843863,-0.465584,0.925416,0.35916,-0.120871
0.696852,0.626316,1.05468,0.269218,-0.674435,0.687502,0.266698,-0.633733,-0.726123,0.925416,0.378841,0.00925831
0.696852,0.555257,1.11632,0.269218,-0.868901,0.41537,0.266698,-0.347165,-0.899082,0.925416,0.352827,0.138271
0.696834,0.638475,1.03846,-0.061087,-0.8957,0.440443,0.373999,-0.42966,-0.821899,0.925415,0.114518,0.361237
0.696834,0.572231,1.10523,-0.061087,-0.992323,0.107534,0.373999,-0.122642,-0.919284,0.925415,-0.0159388,0.378619
0.696834,0.487143,1.14532,-0.061087,-0.969257,-0.238346,0.373999,0.199168,-0.905791,0.925415,-0.144473,0.350334
0.696834,0.393474,1.1539,-0.061087,-0.829285,-0.555477,0.373999,0.496955,-0.783046,0.925415,-0.255582,0.279794
0.696834,0.302522,1.12992,-0.061087,-0.589289,-0.80561,0.373999,0.734802,-0.565854,0.925415,-0.335863,0.175506
0.696834,0.225257,1.07627,-0.061087,-0.278215,-0.958574,0.373999,0.884022,-0.280411,0.925415,-0.375635,0.0500499
0.696834,0.170999,0.999441,-0.061087,0.0664148,-0.99592,0.373999,0.926615,0.038853,0.925415,-0.3701,-0.0814432
0.696834,0.146292,0.908683,-0.061087,0.403034,-0.913144,0.373999,0.857445,0.353431,0.925415,-0.319925,-0.203113
0.696834,0.154115,0.814949,-0.061087,0.691042,-0.720229,0.373999,0.684854,0.62538,0.925415,-0.231162,-0.300285
0.696834,0.193525,0.729543,-0.061087,0.8957,-0.440443,0.373999,0.42966,0.821899,0.925415,-0.114518,-0.361237
0.696834,0.259769,0.662767,-0.061087,0.992323,-0.107534,0.373999,0.122642,0.919284,0.925415,0.0159388,-0.378619
0.696834,0.344857,0.622675,-0.061087,0.969257,0.238346,0.373999,-0.199168,0.905791,0.925415,0.144473,-0.350334
0.696834,0.438526,0.614103,-0.061087,0.829285,0.555477,0.373999,-0.496955,0.783046,0.925415,0.255582,-0.279794
0.696834,0.529478,0.638084,-0.061087,0.589289,0.80561,0.373999,-0.734802,0.565854,0.925415,0.335863,-0.175506
0.696834,0.606743,0.691726,-0.061087,0.278215,0.958574,0.373999,-0.884022,0.280411,0.925415,0.375635,-0.0500499
0.696834,0.661001,0.768559,-0.061087,-0.0664148,0.99592,0.373999,-0.926615,-0.038853,0.925415,0.3701,0.0814432
0.696834,0.685708,0.859317,-0.061087,-0.403034,0.913144,0.373999,-0.857445,-0.353431,0.925415,0.319925,0.203113
0.696834,0.677885,0.953051,-0.061087,-0.691042,0.720229,0.373999,-0.684854,-0.62538,0.925415,0.231162,0.300285
0.696834,0.638475,1.03846,-0.061087,-0.8957,0.440443,0.373999,-0.42966,-0.821899,0.925415,0.114518,0.361237
0.735794,0.716679,0.965288,-0.384024,-0.838388,0.386822,0.43619,-0.533978,-0.724297,0.813796,-0.10942,0.570757
0.735794,0.670744,1.06322,-0.384024,-0.920128,0.0767478,0.43619,-0.254051,-0.863248,0.813796,-0.298031,0.498912
0.735794,0.594083,1.13954,-0.384024,-0.890887,-0.242583,0.43619,0.0565179,-0.898078,0.813796,-0.450696,0.366892
0.735794,0.495942,1.18504,-0.384024,-0.754191,-0.532655,0.43619,0.36027,-0.824587,0.813796,-0.549,0.190618
0.735794,0.38816,1.19423,-0.384024,-0.52653,-0.75848,0.43619,0.620569,-0.651639,0.813796,-0.581086,-0.00864632
0.735794,0.283735,1.166,-0.384024,-0.23536,-0.892822,0.43619,0.806017,-0.400093,0.813796,-0.543085,-0.206868
0.735794,0.195263,1.10375,-0.384024,0.0841967,-0.919476,0.43619,0.894248,-0.10029,0.813796,-0.43958,-0.380138
0.735794,0.133416,1.015,-0.384024,0.393598,-0.835228,0.43619,0.87462,0.211609,0.813796,-0.283055,-0.507559
0.735794,0.105652,0.910453,-0.384024,0.655526,-0.650239,0.43619,0.749499,0.497985,0.813796,-0.0923896,-0.57376
0.735794,0.115321,0.802712,-0.384024,0.838388,-0.386822,0.43619,0.533978,0.724297,0.813796,0.10942,-0.570757
0.735794,0.161256,0.704776,-0.384024,0.920128,-0.0767478,0.43619,0.254051,0.863248,0.813796,0.298031,-0.498912
0.735794,0.237917,0.628457,-0.384024,0.890887,0.242583,0.43619,-0.0565179,0.898078,0.813796,0.450696,-0.366892
0.735794,0.336058,0.582961,-0.384024,0.754191,0.532655,0.43619,-0.36027,0.824587,0.813796,0.549,-0.190618
0.735794,0.44384,0.573774,-0.384024,0.52653,0.75848,0.43619,-0.620569,0.651639,0.813796,0.581086,0.00864632
0.735794,0.548265,0.602005,-0.384024,0.23536,0.892822,0.43619,-0.806017,0.400093,0.813796,0.543085,0.206868
0.735794,0.636737,0.664248,-0.384024,-0.0841967,0.919476,0.43619,-0.894248,0.10029,0.813796,0.43958,0.380138
0.735794,0.698584,0.752997,-0.384024,-0.393598,0.835228,0.43619,-0.87462,-0.211609,0.813796,0.283055,0.507559
0.735794,0.726348,0.857547,-0.384024,-0.655526,0.650239,0.43619,-0.749499,-0.497985,0.813796,0.0923896,0.57376
0.735794,0.716679,0.965288,-0.384024,-0.838388,0.386822,0.43619,-0.533978,-0.724297,0.813796,-0.10942,0.570757
0.809034,0.780436,0.905635,-0.660642,-0.703879,0.260973,0.44577,-0.647538,-0.618049,0.604021,-0.291975,0.741559
0.809034,0.751058,1.02898,-0.660642,-0.750688,0.00449332,0.44577,-0.397101,-0.802247,0.604021,-0.527995,0.596976
0.809034,0.681267,1.13483,-0.660642,-0.706953,-0.252528,0.44577,-0.0987686,-0.889682,0.604021,-0.70033,0.380389
0.809034,0.579481,1.21043,-0.660642,-0.577949,-0.479091,0.44577,0.211477,-0.869808,0.604021,-0.788196,0.117922
0.809034,0.457977,1.24666,-0.660642,-0.379235,-0.647868,0.44577,0.496215,-0.745023,0.604021,-0.780994,-0.158769
0.809034,0.33141,1.23914,-0.660642,-0.134781,-0.738503,0.44577,0.721103,-0.530377,0.604021,-0.679592,-0.416309
0.809034,0.215045,1.18879,-0.660642,0.125931,-0.740064,0.44577,0.859015,-0.25176,0.604021,-0.496221,-0.623637
0.809034,0.122919,1.10168,-0.660642,0.371453,-0.652361,0.44577,0.893317,0.0572236,0.604021,-0.252999,-0.755745
0.809034,0.0661423,0.988314,-0.660642,0.572172,-0.485975,0.44577,0.819871,0.359305,0.604021,0.0207387,-0.796698
0.809034,0.0515639,0.862365,-0.660642,0.703879,-0.260973,0.44577,0.647538,0.618049,0.604021,0.291975,-0.741559
0.809034,0.0809418,0.739025,-0.660642,0.750688,-0.00449332,0.44577,0.397101,0.802247,0.604021,0.527995,-0.596976
0.809034,0.150733,0.633171,-0.660642,0.706953,0.252528,0.44577,0.0987686,0.889682,0.604021,0.70033,-0.380389
0.809034,0.252519,0.557571,-0.660642,0.577949,0.479091,0.44577,-0.211477,0.869808,0.604021,0.788196,-0.117922
0.809034,0.374023,0.521344,-0.660642,0.379235,0.647868,0.44577,-0.496215,0.745023,0.604021,0.780994,0.158769
0.809034,0.50059,0.528857,-0.660642,0.134781,0.738503,0.44577,-0.721103,0.530377,0.604021,0.679592,0.416309
0.809034,0.616955,0.579207,-0.660642,-0.125931,0.740064,0.44577,-0.859015,0.25176,0.604021,0.496221,0.623637
0.809034,0.709081,0.666319,-0.660642,-0.371453,0.652361,0.44577,-0.893317,-0.0572236,0.604021,0.252999,0.755745
0.809034,0.765858,0.779686,-0.660642,-0.572172,0.485975,0.44577,-0.819871,-0.359305,0.604021,-0.0207387,0.796698
0.809034,0.780436,0.905635,-0.660642,-0.703879,0.260973,0.44577,-0.647538,-0.618049,0.604021,-0.291975,0.741559
0.90772,0.822057,0.866695,-0.857576,-0.508396,0.0780758,0.401584,-0.756641,-0.515969,0.321392,-0.411129,0.853041
0.90772,0.803487,1.00662,-0.857576,-0.50444,-0.100515,0.401584,-0.534538,-0.743639,0.321392,-0.678093,0.660982
0.90772,0.738181,1.13175,-0.857576,-0.43964,-0.266981,0.401584,-0.247962,-0.881615,0.321392,-0.863268,0.389199
0.90772,0.634015,1.227,-0.857576,-0.321814,-0.401246,0.401584,0.0685221,-0.913255,0.321392,-0.94432,0.0704723
0.90772,0.503554,1.28088,-0.857576,-0.165172,-0.487115,0.401584,0.376741,-0.834743,0.321392,-0.911474,-0.256754
0.90772,0.362532,1.28689,-0.857576,0.0113924,-0.51423,0.401584,0.63952,-0.655549,0.321392,-0.76869,-0.553012
0.90772,0.227959,1.24431,-0.857576,0.186583,-0.479322,0.401584,0.825163,-0.397286,0.321392,-0.533191,-0.782569
0.90772,0.116066,1.15826,-0.857576,0.339268,-0.3866,0.401584,0.91128,-0.091104,0.321392,-0.233381,-0.917736
0.90772,0.0403504,1.03914,-0.857576,0.451033,-0.247249,0.401584,0.887482,0.226066,0.321392,0.0945778,-0.942211
0.90772,0.00994337,0.901305,-0.857576,0.508396,-0.0780758,0.401584,0.756641,0.515969,0.321392,0.411129,-0.853041
0.90772,0.0285128,0.761382,-0.857576,0.50444,0.100515,0.401584,0.534538,0.743639,0.321392,0.678093,-0.660982
0.90772,0.0938189,0.636249,-0.857576,0.43964,0.266981,0.401584,0.247962,0.881615,0.321392,0.863268,-0.389199
0.90772,0.197985,0.540997,-0.857576,0.321814,0.401246,0.401584,-0.0685221,0.913255,0.321392,0.94432,-0.0704723
0.90772,0.328446,0.487117,-0.857576,0.165172,0.487115,0.401584,-0.376741,0.834743,0.321392,0.911474,0.256754
0.90772,0.469468,0.481107,-0.857576,-0.0113924,0.51423,0.401584,-0.63952,0.655549,0.321392,0.76869,0.553012
0.90772,0.604041,0.523692,-0.857576,-0.186583,0.479322,0.401584,-0.825163,0.397286,0.321392,0.533191,0.782569
0.90772,0.715934,0.609735,-0.857576,-0.339268,0.3866,0.401584,-0.91128,0.091104,0.321392,0.233381,0.917736
0.90772,0.79165,0.728859,-0.857576,-0.451033,0.247249,0.401584,-0.887482,-0.226066,0.321392,-0.0945778,0.942211
0.90772,0.822057,0.866695,-0.857576,-0.508396,0.0780758,0.401584,-0.756641,-0.515969,0.321392,-0.411129,0.853041
0.883612,0.235574,1.23986,0.961642,-0.262958,-0.0780886,-0.0812368,-0.00110371,-0.996694,0.262003,0.964807,-0.0224233
0.883612,0.124745,1.15669,0.961642,-0.220392,-0.163316,-0.0812368,0.339852,-0.936964,0.262003,0.914291,0.308912
0.883612,0.0490461,1.04063,0.961642,-0.151243,-0.228846,-0.0812368,0.639817,-0.764222,0.262003,0.753498,0.602988
0.883612,0.0176072,0.905674,0.961642,-0.0638525,-0.266773,-0.0812368,0.862611,-0.499303,0.262003,0.501822,0.824335
0.883612,0.0342203,0.768108,0.961642,0.03124,-0.272523,-0.0812368,0.981361,-0.174161,0.262003,0.18962,0.946255
0.883612,0.0968817,0.644521,0.961642,0.122564,-0.245404,-0.0812368,0.981744,0.171987,0.262003,-0.145454,0.954043
0.883612,0.198033,0.549819,0.961642,0.199106,-0.188684,-0.0812368,0.863714,0.497391,0.262003,-0.462984,0.846759
0.883612,0.325475,0.495423,0.961642,0.251632,-0.109207,-0.0812368,0.641508,0.762803,0.262003,-0.724671,0.637343
0.883612,0.463836,0.487896,0.961642,0.273808,-0.0165578,-0.0812368,0.341927,0.936209,0.262003,-0.898952,0.351054
0.883612,0.596426,0.528145,0.961642,0.262958,0.0780886,-0.0812368,0.00110371,0.996694,0.262003,-0.964807,0.0224233
0.883612,0.707255,0.611315,0.961642,0.220392,0.163316,-0.0812368,-0.339852,0.936964,0.262003,-0.914291,-0.308912
0.883612,0.782954,0.727375,0.961642,0.151243,0.228846,-0.0812368,-0.639817,0.764222,0.262003,-0.753498,-0.602988
0.883612,0.814393,0.862326,0.961642,0.0638525,0.266773,-0.0812368,-0.862611,0.499303,0.262003,-0.501822,-0.824335
0.883612,0.79778,0.999892,0.961642,-0.03124,0.272523,-0.0812368,-0.981361,0.174161,0.262003,-0.18962,-0.946255
0.883612,0.735118,1.12348,0.961642,-0.122564,0.245404,-0.0812368,-0.981744,-0.171987,0.262003,0.145454,-0.954043
0.883612,0.633967,1.21818,0.961642,-0.199106,0.188684,-0.0812368,-0.863714,-0.497391,0.262003,0.462984,-0.846759
0.883612,0.506525,1.27258,0.961642,-0.251632,0.109207,-0.0812368,-0.641508,-0.762803,0.262003,0.724671,-0.637343
0.883612,0.368164,1.2801,0.961642,-0.273808,0.0165578,-0.0812368,-0.341927,-0.936209,0.262003,0.898952,-0.351054
0.883612,0.235574,1.23986,0.961642,-0.262958,-0.0780886,-0.0812368,-0.00110371,-0.996694,0.262003,0.964807,-0.0224233
0.763622,0.286145,1.19254,0.856221,-0.497023,0.140906,0.156285,-0.0107668,-0.987653,0.492403,0.867671,0.0684586
0.763622,0.18845,1.12952,0.856221,-0.515241,-0.0375836,0.156285,0.32768,-0.931773,0.492403,0.791929,0.361091
0.763622,0.1182,1.03689,0.856221,-0.471314,-0.21154,0.156285,0.626603,-0.763507,0.492403,0.62067,0.61017
0.763622,0.0838696,0.925812,0.856221,-0.37054,-0.359981,0.156285,0.849949,-0.503151,0.492403,0.374548,0.785654
0.763622,0.0895989,0.809695,0.856221,-0.225072,-0.465004,0.156285,0.970779,-0.182107,0.492403,0.0832508,0.866377
0.763622,0.134697,0.702541,0.856221,-0.0524581,-0.51394,0.156285,0.974518,0.160901,0.492403,-0.218088,0.842601
0.763622,0.213724,0.617273,0.856221,0.126483,-0.500887,0.156285,0.860716,0.484502,0.492403,-0.493122,0.717196
0.763622,0.317149,0.564176,0.856221,0.290169,-0.42742,0.156285,0.643099,0.749665,0.492403,-0.708679,0.505286
0.763622,0.432497,0.549655,0.856221,0.418856,-0.3024,0.156285,0.347915,0.924408,0.492403,-0.838758,0.232431
0.763622,0.545855,0.57546,0.856221,0.497023,-0.140906,0.156285,0.0107668,0.987653,0.492403,-0.867671,-0.0684586
0.763622,0.64355,0.638481,0.856221,0.515241,0.0375836,0.156285,-0.32768,0.931773,0.492403,-0.791929,-0.361091
0.763622,0.7138,0.731114,0.856221,0.471314,0.21154,0.156285,-0.626603,0.763507,0.492403,-0.62067,-0.61017
0.763622,0.74813,0.842188,0.856221,0.37054,0.359981,0.156285,-0.849949,0.503151,0.492403,-0.374548,-0.785654
0.763622,0.742401,0.958305,0.856221,0.225072,0.465004,0.156285,-0.970779,0.182107,0.492403,-0.0832508,-0.866377
0.763622,0.697303,1.06546,0.856221,0.0524581,0.51394,0.156285,-0.974518,-0.160901,0.492403,0.218088,-0.842601
0.763622,0.618276,1.15073,0.856221,-0.126483,0.500887,0.156285,-0.860716,-0.484502,0.492403,0.493122,-0.717196
0.763622,0.514851,1.20382,0.856221,-0.290169,0.42742,0.156285,-0.643099,-0.749665,0.492403,0.708679,-0.505286
0.763622,0.399503,1.21835,0.856221,-0.418856,0.3024,0.156285,-0.347915,-0.924408,0.492403,0.838758,-0.232431
0.763622,0.286145,1.19254,0.856221,-0.497023,0.140906,0.156285,-0.0107668,-0.987653,0.492403,0.867671,0.0684586
0.674556,0.363635,1.12004,0.647527,-0.690642,0.32206,0.374957,-0.0791686,-0.923655,0.663413,0.71885,0.207698
0.674556,0.286063,1.08789,0.647527,-0.759142,0.0664234,0.374957,0.241515,-0.895029,0.663413,0.604461,0.441033
0.674556,0.224163,1.03116,0.647527,-0.736079,-0.197224,0.374957,0.533068,-0.75845,0.663413,0.417166,0.621174
0.674556,0.185401,0.95667,0.647527,-0.624233,-0.437084,0.374957,0.760325,-0.53039,0.663413,0.179554,0.726391
0.674556,0.174454,0.873418,0.647527,-0.437096,-0.624225,0.374957,0.895876,-0.238357,0.663413,-0.0797152,0.743995
0.674556,0.19264,0.791443,0.647527,-0.197238,-0.736075,0.374957,0.923371,0.0824252,0.663413,-0.329369,0.671863
0.674556,0.237767,0.720631,0.647527,0.0664094,-0.759144,0.374957,0.839493,0.393266,0.663413,-0.539296,0.518694
0.674556,0.304391,0.669524,0.647527,0.322047,-0.690648,0.374957,0.654361,0.656673,0.663413,-0.684177,0.302962
0.674556,0.384477,0.644286,0.647527,0.538841,-0.538851,0.374957,0.390303,0.840875,0.663413,-0.746535,0.0506893
0.674556,0.468365,0.647961,0.647527,0.690642,-0.32206,0.374957,0.0791686,0.923655,0.663413,-0.71885,-0.207698
0.674556,0.545937,0.680106,0.647527,0.759142,-0.0664234,0.374957,-0.241515,0.895029,0.663413,-0.604461,-0.441033
0.674556,0.607837,0.736843,0.647527,0.736079,0.197224,0.374957,-0.533068,0.75845,0.663413,-0.417166,-0.621174
0.674556,0.646599,0.81133,0.647527,0.624233,0.437084,0.374957,-0.760325,0.53039,0.663413,-0.179554,-0.726391
0.674556,0.657546,0.894582,0.647527,0.437096,0.624225,0.374957,-0.895876,0.238357,0.663413,0.0797152,-0.743995
0.674556,0.63936,0.976557,0.647527,0.197238,0.736075,0.374957,-0.923371,-0.0824252,0.663413,0.329369,-0.671863
0.674556,0.594233,1.04737,0.647527,-0.0664094,0.759144,0.374957,-0.839493,-0.393266,0.663413,0.539296,-0.518694
0.674556,0.527609,1.09848,0.647527,-0.322047,0.690648,0.374957,-0.654361,-0.656673,0.663413,0.684177,-0.302962
0.674556,0.447523,1.12371,0.647527,-0.538841,0.538851,0.374957,-0.390303,-0.840875,0.663413,0.746535,-0.0506893
0.674556,0.363635,1.12004,0.647527,-0.690642,0.32206,0.374957,-0.0791686,-0.923655,0.663413,0.71885,0.207698
0.627155,0.458695,1.0311,0.360731,-0.820464,0.443523,0.548404,-0.198059,-0.81242,0.754404,0.536295,0.378499
0.627155,0.40581,1.03683,0.360731,-0.922677,0.13616,0.548404,0.0917496,-0.831165,0.754404,0.374498,0.539097
0.627155,0.354153,1.02413,0.360731,-0.913602,-0.187626,0.548404,0.370492,-0.749659,0.754404,0.167531,0.634671
0.627155,0.309956,0.994525,0.360731,-0.794334,-0.488781,0.548404,0.604547,-0.577734,0.754404,-0.0596427,0.653695
0.627155,0.27855,0.95159,0.360731,-0.579256,-0.730982,0.548404,0.765685,-0.336125,0.754404,-0.279623,0.593873
0.627155,0.263722,0.900503,0.360731,-0.294312,-0.885016,0.548404,0.83447,-0.0539746,0.754404,-0.465876,0.462421
0.627155,0.267261,0.847426,0.360731,0.0261301,-0.932304,0.548404,0.802606,0.234686,0.754404,-0.595937,0.275195
0.627155,0.28874,0.79876,0.360731,0.343421,-0.867142,0.548404,0.673935,0.49504,0.754404,-0.65412,0.0547763
0.627155,0.325569,0.760375,0.360731,0.61929,-0.69739,0.548404,0.463978,0.695685,0.754404,-0.633407,-0.172249
0.627155,0.373305,0.736901,0.360731,0.820464,-0.443523,0.548404,0.198059,0.81242,0.754404,-0.536295,-0.378499
0.627155,0.42619,0.73117,0.360731,0.922677,-0.13616,0.548404,-0.0917496,0.831165,0.754404,-0.374498,-0.539097
0.627155,0.477847,0.743872,0.360731,0.913602,0.187626,0.548404,-0.370492,0.749659,0.754404,-0.167531,-0.634671
0.627155,0.522044,0.773475,0.360731,0.794334,0.488781,0.548404,-0.604547,0.577734,0.754404,0.0596427,-0.653695
0.627155,0.55345,0.81641,0.360731,0.579256,0.730982,0.548404,-0.765685,0.336125,0.754404,0.279623,-0.593873
0.627155,0.568278,0.867497,0.360731,0.294312,0.885016,0.548404,-0.83447,0.0539746,0.754404,0.465876,-0.462421
0.627155,0.564739,0.920574,0.360731,-0.0261301,0.932304,0.548404,-0.802606,-0.234686,0.754404,0.595937,-0.275195
0.627155,0.54326,0.96924,0.360731,-0.343421,0.867142,0.548404,-0.673935,-0.49504,0.754404,0.65412,-0.0547763
0.627155,0.506431,1.00762,0.360731,-0.61929,0.69739,0.548404,-0.463978,-0.695685,0.754404,0.633407,0.172249
0.627155,0.458695,1.0311,0.360731,-0.820464,0.443523,0.548404,-0.198059,-0.81242,0.754404,0.536295,0.378499
0.627137,0.559862,0.936446,0.0304265,-0.870828,0.490645,0.655705,-0.353097,-0.667363,0.754404,0.342024,0.560263
0.627137,0.533248,0.982487,0.0304265,-0.986121,0.163214,0.655705,-0.103551,-0.747883,0.754404,0.129776,0.643454
0.627137,0.492493,1.01665,0.0304265,-0.982474,-0.183902,0.655705,0.158484,-0.738196,0.754404,-0.0981248,0.649035
0.627137,0.442511,1.03481,0.0304265,-0.860325,-0.508837,0.655705,0.401405,-0.639473,0.754404,-0.31419,0.576332
0.627137,0.389332,1.03478,0.0304265,-0.634408,-0.772399,0.655705,0.59591,-0.463619,0.754404,-0.492359,0.434116
0.627137,0.339369,1.01657,0.0304265,-0.331973,-0.942798,0.655705,0.718539,-0.231847,0.754404,-0.611143,0.239539
0.627137,0.29865,0.982365,0.0304265,0.0105035,-0.999482,0.655705,0.754502,0.0278902,0.754404,-0.656214,0.0160697
0.627137,0.272084,0.936297,0.0304265,0.351713,-0.935613,0.655705,0.699461,0.284263,0.754404,-0.622135,-0.209338
0.627137,0.262877,0.88392,0.0304265,0.650501,-0.758896,0.655705,0.560055,0.50635,0.754404,-0.513018,-0.409496
0.627137,0.272138,0.831554,0.0304265,0.870828,-0.490645,0.655705,0.353097,0.667363,0.754404,-0.342024,-0.560263
0.627137,0.298752,0.785513,0.0304265,0.986121,-0.163214,0.655705,0.103551,0.747883,0.754404,-0.129776,-0.643454
0.627137,0.339507,0.751352,0.0304265,0.982474,0.183902,0.655705,-0.158484,0.738196,0.754404,0.0981248,-0.649035
0.627137,0.389489,0.733189,0.0304265,0.860325,0.508837,0.655705,-0.401405,0.639473,0.754404,0.31419,-0.576332
0.627137,0.442668,0.733217,0.0304265,0.634408,0.772399,0.655705,-0.59591,0.463619,0.754404,0.492359,-0.434116
0.627137,0.492631,0.751431,0.0304265,0.331973,0.942798,0.655705,-0.718539,0.231847,0.754404,0.611143,-0.239539
0.627137,0.53335,0.785635,0.0304265,-0.0105035,0.999482,0.655705,-0.754502,-0.0278902,0.754404,0.656214,-0.0160697
0.627137,0.559916,0.831703,0.0304265,-0.351713,0.935613,0.655705,-0.699461,-0.284263,0.754404,0.622135,0.209338
0.627137,0.569123,0.88408,0.0304265,-0.650501,0.758896,0.655705,-0.560055,-0.50635,0.754404,0.513018,0.409496
0.627137,0.559862,0.936446,0.0304265,-0.870828,0.490645,0.655705,-0.353097,-0.667363,0.754404,0.342024,0.560263
0.674504,0.654931,0.847497,-0.303548,-0.835662,0.457742,0.683918,-0.525585,-0.505981,0.663411,0.159468,0.731064
0.674504,0.653007,0.931418,-0.303548,-0.941822,0.144324,0.683918,-0.320832,-0.655227,0.663411,-0.100187,0.741517
0.674504,0.622496,1.00962,-0.303548,-0.934385,-0.186502,0.683918,-0.0773827,-0.725443,0.663411,-0.347759,0.662532
0.674504,0.567078,1.07267,-0.303548,-0.814247,-0.494833,0.683918,0.1754,-0.70816,0.663411,-0.553386,0.503636
0.674504,0.493438,1.11296,-0.303548,-0.595899,-0.74348,0.683918,0.407027,-0.605463,0.663411,-0.692266,0.283994
0.674504,0.410458,1.12564,-0.303548,-0.305677,-0.902452,0.683918,0.589561,-0.429737,0.663411,-0.747649,0.0300977
0.674504,0.328147,1.10917,-0.303548,0.0214146,-0.952575,0.683918,0.700985,-0.202179,0.663411,-0.712854,-0.227429
0.674504,0.256431,1.06554,-0.303548,0.345923,-0.887804,0.683918,0.72786,0.0497649,0.663411,-0.592079,-0.457524
0.674504,0.203963,1.00002,-0.303548,0.628708,-0.71595,0.683918,0.666944,0.295706,0.663411,-0.39989,-0.632434
0.674504,0.177069,0.920503,-0.303548,0.835662,-0.457742,0.683918,0.525585,0.505981,0.663411,-0.159468,-0.731064
0.674504,0.178993,0.836582,-0.303548,0.941822,-0.144324,0.683918,0.320832,0.655227,0.663411,0.100187,-0.741517
0.674504,0.209504,0.758381,-0.303548,0.934385,0.186502,0.683918,0.0773827,0.725443,0.663411,0.347759,-0.662532
0.674504,0.264922,0.695331,-0.303548,0.814247,0.494833,0.683918,-0.1754,0.70816,0.663411,0.553386,-0.503636
0.674504,0.338562,0.655037,-0.303548,0.595899,0.74348,0.683918,-0.407027,0.605463,0.663411,0.692266,-0.283994
0.674504,0.421542,0.64236,-0.303548,0.305677,0.902452,0.683918,-0.589561,0.429737,0.663411,0.747649,-0.0300977
0.674504,0.503853,0.658828,-0.303548,-0.0214146,0.952575,0.683918,-0.700985,0.202179,0.663411,0.712854,0.227429
0.674504,0.575569,0.702455,-0.303548,-0.345923,0.887804,0.683918,-0.72786,-0.0497649,0.663411,0.592079,0.457524
0.674504,0.628037,0.767979,-0.303548,-0.628708,0.71595,0.683918,-0.666944,-0.295706,0.663411,0.39989,0.632434
0.674504,0.654931,0.847497,-0.303548,-0.835662,0.457742,0.683918,-0.525585,-0.505981,0.663411,0.159468,0.731064
0.763543,0.732438,0.774981,-0.60091,-0.719205,0.348784,0.629641,-0.694716,-0.347739,0.492402,0.0106482,0.870303
0.763543,0.750641,0.889784,-0.60091,-0.795123,0.0817667,0.629641,-0.533885,-0.564375,0.492402,-0.287655,0.821459
0.763543,0.728481,1.00389,-0.60091,-0.775137,-0.195113,0.629641,-0.308661,-0.712939,0.492402,-0.551263,0.673535
0.763543,0.668632,1.10353,-0.60091,-0.661658,-0.448458,0.629641,-0.0462068,-0.775511,0.492402,-0.74838,0.444373
0.763543,0.578312,1.1767,-0.60091,-0.468374,-0.647713,0.629641,0.22182,-0.744546,0.492402,-0.855232,0.161613
0.763543,0.468414,1.21456,-0.60091,-0.218596,-0.768845,0.629641,0.463093,-0.623777,0.492402,-0.85893,-0.14064
0.763543,0.352194,1.21255,-0.60091,0.0575472,-0.797242,0.629641,0.648509,-0.427772,0.492402,-0.759029,-0.42593
0.763543,0.243671,1.17092,-0.60091,0.32675,-0.72948,0.629641,0.755706,-0.180171,0.492402,-0.567577,-0.659846
0.763543,0.155932,1.09467,-0.60091,0.556541,-0.573732,0.629641,0.771753,0.0891613,0.492402,-0.307667,-0.814175
0.763543,0.0995622,0.993019,-0.60091,0.719205,-0.348784,0.629641,0.694716,0.347739,0.492402,-0.0106482,-0.870303
0.763543,0.0813591,0.878216,-0.60091,0.795123,-0.0817667,0.629641,0.533885,0.564375,0.492402,0.287655,-0.821459
0.763543,0.103519,0.764111,-0.60091,0.775137,0.195113,0.629641,0.308661,0.712939,0.492402,0.551263,-0.673535
0.763543,0.163368,0.664466,-0.60091,0.661658,0.448458,0.629641,0.0462068,0.775511,0.492402,0.74838,-0.444373
0.763543,0.253688,0.591301,-0.60091,0.468374,0.647713,0.629641,-0.22182,0.744546,0.492402,0.855232,-0.161613
0.763543,0.363586,0.553439,-0.60091,0.218596,0.768845,0.629641,-0.463093,0.623777,0.492402,0.85893,0.14064
0.763543,0.479806,0.555447,-0.60091,-0.0575472,0.797242,0.629641,-0.648509,0.427772,0.492402,0.759029,0.42593
0.763543,0.588329,0.597084,-0.60091,-0.32675,0.72948,0.629641,-0.755706,0.180171,0.492402,0.567577,0.659846
0.763543,0.676068,0.673328,-0.60091,-0.556541,0.573732,0.629641,-0.771753,-0.0891613,0.492402,0.307667,0.814175
0.763543,0.732438,0.774981,-0.60091,-0.719205,0.348784,0.629641,-0.694716,-0.347739,0.492402,0.0106482,0.870303
0.883514,0.783032,0.727644,-0.825794,-0.535506,0.176911,0.499419,-0.840091,-0.211724,0.262001,-0.0864872,0.961184
0.883514,0.814374,0.862606,-0.825794,-0.563718,-0.0169116,0.499419,-0.717014,-0.486283,0.262001,-0.410016,0.873638
0.883514,0.797667,1.00015,-0.825794,-0.523938,-0.208695,0.499419,-0.507454,-0.70219,0.262001,-0.684091,0.680717
0.883514,0.734925,1.12368,-0.825794,-0.420963,-0.375306,0.499419,-0.236688,-0.833402,0.262001,-0.875654,0.405692
0.883514,0.633715,1.21831,-0.825794,-0.267213,-0.49665,0.499419,0.0626267,-0.864094,0.262001,-0.9616,0.0817347
0.883514,0.506246,1.27261,-0.825794,-0.0812339,-0.558091,0.499419,0.354387,-0.790563,0.262001,-0.931564,-0.252081
0.883514,0.367892,1.28004,-0.825794,0.114543,-0.552217,0.499419,0.603404,-0.621679,0.262001,-0.789167,-0.555492
0.883514,0.235341,1.2397,-0.825794,0.296505,-0.479738,0.499419,0.779641,-0.377811,0.262001,-0.551584,-0.791903
0.883514,0.124579,1.15646,-0.825794,0.442704,-0.349396,0.499419,0.861841,-0.0883731,0.262001,-0.247473,-0.932798
0.883514,0.0489677,1.04036,-0.825794,0.535506,-0.176911,0.499419,0.840091,0.211724,0.262001,0.0864872,-0.961184
0.883514,0.0176255,0.905394,-0.825794,0.563718,0.0169116,0.499419,0.717014,0.486283,0.262001,0.410016,-0.873638
0.883514,0.0343332,0.767852,-0.825794,0.523938,0.208695,0.499419,0.507454,0.70219,0.262001,0.684091,-0.680717
0.883514,0.0970755,0.644319,-0.825794,0.420963,0.375306,0.499419,0.236688,0.833402,0.262001,0.875654,-0.405692
0.883514,0.198285,0.549695,-0.825794,0.267213,0.49665,0.499419,-0.0626267,0.864094,0.262001,0.9616,-0.0817347
0.883514,0.325754,0.495393,-0.825794,0.0812339,0.558091,0.499419,-0.354387,0.790563,0.262001,0.931564,0.252081
0.883514,0.464108,0.487963,-0.825794,-0.114543,0.552217,0.499419,-0.603404,0.621679,0.262001,0.789167,0.555492
0.883514,0.596659,0.5283,-0.825794,-0.296505,0.479738,0.499419,-0.779641,0.377811,0.262001,0.551584,0.791903
0.883514,0.707421,0.611541,-0.825794,-0.442704,0.349396,0.499419,-0.861841,0.0883731,0.262001,0.247473,0.932798
0.883514,0.783032,0.727644,-0.825794,-0.535506,0.176911,0.499419,-0.840091,-0.211724,0.262001,-0.0864872,0.961184
0.875863,0.121184,1.14876,0.985232,-0.159473,-0.0623465,-0.00862081,0.317455,-0.948234,0.17101,0.934768,0.311392
0.875863,0.0484114,1.03196,0.985232,-0.128532,-0.11313,-0.00862081,0.622626,-0.782472,0.17101,0.771892,0.612322
0.875863,0.0199753,0.897312,0.985232,-0.082088,-0.150268,-0.00862081,0.852698,-0.522333,0.17101,0.515915,0.839397
0.875863,0.0393057,0.76106,0.985232,-0.0257429,-0.169281,-0.00862081,0.979922,-0.199193,0.17101,0.19771,0.965229
0.875863,0.104071,0.639638,0.985232,0.0337071,-0.167877,-0.00862081,0.988954,0.147973,0.17101,-0.144341,0.974639
0.875863,0.206459,0.547688,0.985232,0.0890915,-0.146224,-0.00862081,0.878703,0.477292,0.17101,-0.468982,0.866494
0.875863,0.334122,0.496303,0.985232,0.13373,-0.106935,-0.00862081,0.662467,0.749041,0.17101,-0.737057,0.653836
0.875863,0.471659,0.49168,0.985232,0.162239,-0.0547472,-0.00862081,0.366328,0.930446,0.17101,-0.916233,0.362317
0.875863,0.602484,0.534377,0.985232,0.17118,0.00404352,-0.00862081,0.0260048,0.999625,0.17101,-0.984897,0.0270965
0.875863,0.710816,0.619243,0.985232,0.159473,0.0623465,-0.00862081,-0.317455,0.948234,0.17101,-0.934768,-0.311392
0.875863,0.783589,0.736043,0.985232,0.128532,0.11313,-0.00862081,-0.622626,0.782472,0.17101,-0.771892,-0.612322
0.875863,0.812025,0.870688,0.985232,0.082088,0.150268,-0.00862081,-0.852698,0.522333,0.17101,-0.515915,-0.839397
0.875863,0.792694,1.00694,0.985232,0.0257429,0.169281,-0.00862081,-0.979922,0.199193,0.17101,-0.19771,-0.965229
0.875863,0.727929,1.12836,0.985232,-0.0337071,0.167877,-0.00862081,-0.988954,-0.147973,0.17101,0.144341,-0.974639
0.875863,0.625541,1.22031,0.985232,-0.0890915,0.146224,-0.00862081,-0.878703,-0.477292,0.17101,0.468982,-0.866494
0.875863,0.497878,1.2717,0.985232,-0.13373,0.106935,-0.00862081,-0.662467,-0.749041,0.17101,0.737057,-0.653836
0.875863,0.360341,1.27632,0.985232,-0.162239,0.0547472,-0.00862081,-0.366328,-0.930446,0.17101,0.916233,-0.362317
0.875863,0.229516,1.23362,0.985232,-0.17118,-0.00404352,-0.00862081,-0.0260048,-0.999625,0.17101,0.984897,-0.0270965
0.875863,0.121184,1.14876,0.985232,-0.159473,-0.0623465,-0.00862081,0.317455,-0.948234,0.17101,0.934768,0.311392
0.749059,0.174629,1.09875,0.900555,-0.402283,0.164831,0.292759,0.28087,-0.914004,0.321393,0.871367,0.370711
0.749059,0.115735,1.00325,0.900555,-0.434398,0.0173012,0.292759,0.57654,-0.76282,0.321393,0.692026,0.646379
0.749059,0.0930581,0.89336,0.900555,-0.414118,-0.132315,0.292759,0.80267,-0.519628,0.321393,0.429217,0.844085
0.749059,0.109333,0.782343,0.900555,-0.343889,-0.265972,0.292759,0.931986,-0.213762,0.321393,0.114638,0.939981
0.749059,0.162596,0.683587,0.900555,-0.232182,-0.367549,0.292759,0.948891,0.117888,0.321393,-0.213768,0.922502
0.749059,0.246423,0.609004,0.900555,-0.0924708,-0.424794,0.292759,0.851346,0.435318,0.321393,-0.51639,0.793755
0.749059,0.350704,0.56759,0.900555,0.0583941,-0.430803,0.292759,0.651116,0.700243,0.321393,-0.756729,0.56927
0.749059,0.46286,0.564339,0.900555,0.202216,-0.38485,0.292759,0.372352,0.880708,0.321393,-0.905794,0.276123
0.749059,0.569365,0.599644,0.900555,0.321647,-0.292479,0.292759,0.0486763,0.954947,0.321393,-0.945608,-0.0503294
0.749059,0.657371,0.669247,0.900555,0.402283,-0.164831,0.292759,-0.28087,0.914004,0.321393,-0.871367,-0.370711
0.749059,0.716265,0.764752,0.900555,0.434398,-0.0173012,0.292759,-0.57654,0.76282,0.321393,-0.692026,-0.646379
0.749059,0.738942,0.87464,0.900555,0.414118,0.132315,0.292759,-0.80267,0.519628,0.321393,-0.429217,-0.844085
0.749059,0.722667,0.985657,0.900555,0.343889,0.265972,0.292759,-0.931986,0.213762,0.321393,-0.114638,-0.939981
0.749059,0.669404,1.08441,0.900555,0.232182,0.367549,0.292759,-0.948891,-0.117888,0.321393,0.213768,-0.922502
0.749059,0.585577,1.159,0.900555,0.0924708,0.424794,0.292759,-0.851346,-0.435318,0.321393,0.51639,-0.793755
0.749059,0.481296,1.20041,0.900555,-0.0583941,0.430803,0.292759,-0.651116,-0.700243,0.321393,0.756729,-0.56927
0.749059,0.36914,1.20366,0.900555,-0.202216,0.38485,0.292759,-0.372352,-0.880708,0.321393,0.905794,-0.276123
0.749059,0.262635,1.16836,0.900555,-0.321647,0.292479,0.292759,-0.0486763,-0.954947,0.321393,0.945608,0.0503294
0.749059,0.174629,1.09875,0.900555,-0.402283,0.164831,0.292759,0.28087,-0.914004,0.321393,0.871367,0.370711
0.654934,0.25652,1.02213,0.707258,-0.609302,0.358521,0.558827,0.171222,-0.811415,0.433011,0.774231,0.461593
0.654934,0.218893,0.959259,0.707258,-0.695178,0.128506,0.558827,0.438416,-0.70392,0.433011,0.569665,0.698558
0.654934,0.20504,0.887305,0.707258,-0.697205,-0.117009,0.558827,0.652731,-0.511521,0.433011,0.29639,0.851267
0.654934,0.216632,0.814954,0.707258,-0.615139,-0.348411,0.558827,0.788317,-0.257425,0.433011,-0.0126352,0.9013
0.654934,0.25227,0.75093,0.707258,-0.458878,-0.537789,0.558827,0.828821,0.0277196,0.433011,-0.320136,0.842624
0.654934,0.307657,0.702956,0.707258,-0.24727,-0.662302,0.558827,0.769356,0.309521,0.433011,-0.589024,0.682314
0.654934,0.376112,0.676819,0.707258,-0.00583712,-0.706932,0.558827,0.617096,0.55399,0.433011,-0.786867,0.439708
0.654934,0.449378,0.675671,0.707258,0.2363,-0.666295,0.558827,0.390404,0.731639,0.433011,-0.889802,0.144066
0.654934,0.518617,0.69965,0.707258,0.449935,-0.545293,0.558827,0.116625,0.821042,0.433011,-0.885413,-0.168952
0.654934,0.57548,0.745865,0.707258,0.609302,-0.358521,0.558827,-0.171222,0.811415,0.433011,-0.774231,-0.461593
0.654934,0.613107,0.808741,0.707258,0.695178,-0.128506,0.558827,-0.438416,0.70392,0.433011,-0.569665,-0.698558
0.654934,0.62696,0.880695,0.707258,0.697205,0.117009,0.558827,-0.652731,0.511521,0.433011,-0.29639,-0.851267
0.654934,0.615368,0.953046,0.707258,0.615139,0.348411,0.558827,-0.788317,0.257425,0.433011,0.0126352,-0.9013
0.654934,0.57973,1.01707,0.707258,0.458878,0.537789,0.558827,-0.828821,-0.0277196,0.433011,0.320136,-0.842624
0.654934,0.524343,1.06504,0.707258,0.24727,0.662302,0.558827,-0.769356,-0.309521,0.433011,0.589024,-0.682314
0.654934,0.455888,1.09118,0.707258,0.00583712,0.706932,0.558827,-0.617096,-0.55399,0.433011,0.786867,-0.439708
0.654934,0.382622,1.09233,0.707258,-0.2363,0.666295,0.558827,-0.390404,-0.731639,0.433011,0.889802,-0.144066
