0.658953,0.229782,0.881381,0.308961,0.145547,0.939872,0.951075,-0.0472779,-0.305322,-3.49349e-06,0.988221,-0.153033
0.907818,0.136143,0.583783,0.92986,0.252324,-0.267757,-0.179072,0.946139,0.269729,0.321394,-0.202862,0.924961
0.907818,0.245137,0.494082,0.92986,0.328685,-0.165309,-0.179072,0.796827,0.577061,0.321394,-0.506983,0.799796
0.907818,0.378237,0.447068,0.92986,0.365402,-0.0429228,-0.179072,0.551406,0.814791,0.321394,-0.749955,0.578164
0.907818,0.51939,0.448413,0.92986,0.358046,0.0846407,-0.179072,0.239477,0.954245,0.321394,-0.902471,0.286796
0.907818,0.651571,0.497954,0.92986,0.307505,0.201995,-0.179072,-0.101336,0.978603,0.321394,-0.946135,-0.0391626
0.907818,0.758836,0.589716,0.92986,0.219873,0.294986,-0.179072,-0.429927,0.884927,0.321394,-0.875682,-0.360398
0.907818,0.828247,0.712631,0.92986,0.105722,0.352398,-0.179072,-0.706662,0.684516,0.321394,-0.699608,-0.638164
0.907818,0.851434,0.851873,0.92986,-0.0211808,0.367305,-0.179072,-0.898163,0.401542,0.321394,-0.439152,-0.838958
0.907818,0.825598,0.990648,0.92986,-0.145529,0.337909,-0.179072,-0.981333,0.0701362,0.321394,-0.125727,-0.938562
0.907818,0.753857,1.11222,0.92986,-0.252324,0.267757,-0.179072,-0.946139,-0.269729,0.321394,0.202862,-0.924961
0.907818,0.644863,1.20192,0.92986,-0.328685,0.165309,-0.179072,-0.796827,-0.577061,0.321394,0.506983,-0.799796
0.907818,0.511763,1.24893,0.92986,-0.365402,0.0429228,-0.179072,-0.551406,-0.814791,0.321394,0.749955,-0.578164
0.907818,0.37061,1.24759,0.92986,-0.358046,-0.0846407,-0.179072,-0.239477,-0.954245,0.321394,0.902471,-0.286796
0.907818,0.238429,1.19805,0.92986,-0.307505,-0.201995,-0.179072,0.101336,-0.978603,0.321394,0.946135,0.0391626
0.907818,0.131164,1.10628,0.92986,-0.219873,-0.294986,-0.179072,0.429927,-0.884927,0.321394,0.875682,0.360398
0.907818,0.0617526,0.983369,0.92986,-0.105722,-0.352398,-0.179072,0.706662,-0.684516,0.321394,0.699608,0.638164
0.907818,0.0385662,0.844127,0.92986,0.0211808,-0.367305,-0.179072,0.898163,-0.401542,0.321394,0.439152,0.838958
0.907818,0.0644018,0.705352,0.92986,0.145529,-0.337909,-0.179072,0.981333,-0.0701362,0.321394,0.125727,0.938562
0.907818,0.136143,0.583783,0.92986,0.252324,-0.267757,-0.179072,0.946139,0.269729,0.321394,-0.202862,0.924961
0.809114,0.144861,0.640077,0.796489,0.20574,-0.568573,-0.0275851,0.951716,0.305739,0.604023,-0.227834,0.763707
0.809114,0.234075,0.549963,0.796489,0.387796,-0.463917,-0.0275851,0.789751,0.612807,0.604023,-0.475297,0.639726
0.809114,0.34873,0.495796,0.796489,0.523078,-0.303305,-0.0275851,0.532531,0.845961,0.604023,-0.665432,0.438585
0.809114,0.474997,0.48411,0.796489,0.595269,-0.10611,-0.0275851,0.21108,0.977079,0.604023,-0.775306,0.184544
0.809114,0.597645,0.516315,0.796489,0.595662,0.103883,-0.0275851,-0.135831,0.990348,0.604023,-0.791667,-0.0917562
0.809114,0.701882,0.588526,0.796489,0.524209,0.301346,-0.0275851,-0.466358,0.884166,0.604023,-0.712541,-0.356989
0.809114,0.775136,0.692033,0.796489,0.389529,0.462463,-0.0275851,-0.740636,0.67134,0.604023,-0.547473,-0.579163
0.809114,0.80857,0.814352,0.796489,0.207866,0.5678,-0.0275851,-0.925582,0.377541,0.604023,-0.31637,-0.731482
0.809114,0.798152,0.94073,0.796489,0.00113084,0.604651,-0.0275851,-0.998889,0.0382051,0.604023,-0.0471093,-0.795573
0.809114,0.745139,1.05592,0.796489,-0.20574,0.568573,-0.0275851,-0.951716,-0.305739,0.604023,0.227834,-0.763707
0.809114,0.655925,1.14604,0.796489,-0.387796,0.463917,-0.0275851,-0.789751,-0.612807,0.604023,0.475297,-0.639726
0.809114,0.54127,1.2002,0.796489,-0.523078,0.303305,-0.0275851,-0.532531,-0.845961,0.604023,0.665432,-0.438585
0.809114,0.415003,1.21189,0.796489,-0.595269,0.10611,-0.0275851,-0.21108,-0.977079,0.604023,0.775306,-0.184544
0.809114,0.292355,1.17968,0.796489,-0.595662,-0.103883,-0.0275851,0.135831,-0.990348,0.604023,0.791667,0.0917562
0.809114,0.188118,1.10747,0.796489,-0.524209,-0.301346,-0.0275851,0.466358,-0.884166,0.604023,0.712541,0.356989
0.809114,0.114864,1.00397,0.796489,-0.389529,-0.462463,-0.0275851,0.740636,-0.67134,0.604023,0.547473,0.579163
0.809114,0.0814299,0.881648,0.796489,-0.207866,-0.5678,-0.0275851,0.925582,-0.377541,0.604023,0.31637,0.731482
0.809114,0.0918476,0.75527,0.796489,-0.00113084,-0.604651,-0.0275851,0.998889,-0.0382051,0.604023,0.0471093,0.795573
0.809114,0.144861,0.640077,0.796489,0.20574,-0.568573,-0.0275851,0.951716,0.305739,0.604023,-0.227834,0.763707
0.735846,0.158219,0.726338,0.567051,0.168946,-0.80617,0.127229,0.949027,0.288376,0.813797,-0.266092,0.516652
0.735846,0.217125,0.63559,0.567051,0.434484,-0.699769,0.127229,0.793163,0.595571,0.813797,-0.42675,0.394485
0.735846,0.303516,0.570462,0.567051,0.647617,-0.508965,0.127229,0.541632,0.830932,0.813797,-0.535936,0.224737
0.735846,0.406972,0.538809,0.567051,0.782637,-0.256773,0.127229,0.224772,0.966069,0.813797,-0.58048,0.0278831
0.735846,0.515015,0.544449,0.567051,0.82326,0.0263898,0.127229,-0.119198,0.984685,0.813797,-0.555009,-0.172334
0.735846,0.614613,0.586702,0.567051,0.764585,0.30637,0.127229,-0.448792,0.884533,0.813797,-0.462596,-0.351765
0.735846,0.693753,0.660471,0.567051,0.613691,0.549397,0.127229,-0.724254,0.677693,0.813797,-0.314387,-0.488769
0.735846,0.74289,0.756859,0.567051,0.388776,0.726159,0.127229,-0.912361,0.389114,0.813797,-0.128259,-0.566819
0.735846,0.756097,0.86424,0.567051,0.116969,0.815335,0.127229,-0.990424,0.0536014,0.813797,0.0733398,-0.576503
0.735846,0.731781,0.969662,0.567051,-0.168946,0.80617,0.127229,-0.949027,-0.288376,0.813797,0.266092,-0.516652
0.735846,0.672875,1.06041,0.567051,-0.434484,0.699769,0.127229,-0.793163,-0.595571,0.813797,0.42675,-0.394485
0.735846,0.586484,1.12554,0.567051,-0.647617,0.508965,0.127229,-0.541632,-0.830932,0.813797,0.535936,-0.224737
0.735846,0.483028,1.15719,0.567051,-0.782637,0.256773,0.127229,-0.224772,-0.966069,0.813797,0.58048,-0.0278831
0.735846,0.374985,1.15155,0.567051,-0.82326,-0.0263898,0.127229,0.119198,-0.984685,0.813797,0.555009,0.172334
0.735846,0.275387,1.1093,0.567051,-0.764585,-0.30637,0.127229,0.448792,-0.884533,0.813797,0.462596,0.351765
0.735846,0.196247,1.03553,0.567051,-0.613691,-0.549397,0.127229,0.724254,-0.677693,0.813797,0.314387,0.488769
0.735846,0.14711,0.939141,0.567051,-0.388776,-0.726159,0.127229,0.912361,-0.389114,0.813797,0.128259,0.566819
0.735846,0.133903,0.83176,0.567051,-0.116969,-0.815335,0.127229,0.990424,-0.0536014,0.813797,-0.0733398,0.576503
0.735846,0.158219,0.726338,0.567051,0.168946,-0.80617,0.127229,0.949027,0.288376,0.813797,-0.266092,0.516652
0.696852,0.174606,0.83216,0.269218,0.146381,-0.95189,0.266698,0.938397,0.219734,0.925416,-0.313023,0.213594
0.696852,0.196331,0.740636,0.269218,0.463118,-0.844419,0.266698,0.806651,0.527433,0.925416,-0.367199,0.0936522
0.696852,0.248048,0.66206,0.269218,0.723997,-0.635098,0.266698,0.577611,0.771516,0.925416,-0.377085,-0.0375852
0.696852,0.323521,0.605912,0.269218,0.897551,-0.349176,0.266698,0.278903,0.922543,0.925416,-0.341489,-0.164289
0.696852,0.413646,0.578964,0.269218,0.962847,-0.0211373,0.266698,-0.0534451,0.962297,0.925416,-0.264705,-0.271178
0.696852,0.507552,0.584465,0.269218,0.91201,0.309451,0.266698,-0.379347,0.885984,0.925416,-0.155993,-0.345358
0.696852,0.593914,0.621752,0.269218,0.751171,0.602714,0.266698,-0.659494,0.702809,0.925416,-0.028466,-0.377883
0.696852,0.662315,0.686328,0.269218,0.499729,0.823282,0.266698,-0.860096,0.434864,0.925416,0.102494,-0.36483
0.696852,0.704504,0.770404,0.269218,0.188013,0.944549,0.266698,-0.956958,0.114468,0.925416,0.221092,-0.307773
0.696852,0.715394,0.86384,0.269218,-0.146381,0.95189,0.266698,-0.938397,-0.219734,0.925416,0.313023,-0.213594
0.696852,0.693669,0.955364,0.269218,-0.463118,0.844419,0.266698,-0.806651,-0.527433,0.925416,0.367199,-0.0936522
0.696852,0.641952,1.03394,0.269218,-0.723997,0.635098,0.266698,-0.577611,-0.771516,0.925416,0.377085,0.0375852
0.696852,0.566479,1.09009,0.269218,-0.897551,0.349176,0.266698,-0.278903,-0.922543,0.925416,0.341489,0.164289
0.696852,0.476354,1.11704,0.269218,-0.962847,0.0211373,0.266698,0.0534451,-0.962297,0.925416,0.264705,0.271178
0.696852,0.382448,1.11154,0.269218,-0.91201,-0.309451,0.266698,0.379347,-0.885984,0.925416,0.155993,0.345358
0.696852,0.296086,1.07425,0.269218,-0.751171,-0.602714,0.266698,0.659494,-0.702809,0.925416,0.028466,0.377883
0.696852,0.227685,1.00967,0.269218,-0.499729,-0.823282,0.266698,0.860096,-0.434864,0.925416,-0.102494,0.36483
0.696852,0.185496,0.925596,0.269218,-0.188013,-0.944549,0.266698,0.956958,-0.114468,0.925416,-0.221092,0.307773
0.696852,0.174606,0.83216,0.269218,0.146381,-0.95189,0.266698,0.938397,0.219734,0.925416,-0.313023,0.213594
0.696834,0.192047,0.944781,-0.061087,0.140764,-0.988157,0.373999,0.921108,0.108093,0.925415,-0.362966,-0.108913
0.696834,0.174201,0.852429,-0.061087,0.470245,-0.880419,0.373999,0.828589,0.416612,0.925415,-0.303826,-0.226487
0.696834,0.189017,0.759543,-0.061087,0.743007,-0.66649,0.373999,0.636129,0.674881,0.925415,-0.20804,-0.316743
0.696834,0.234709,0.677326,-0.061087,0.926151,-0.372173,0.373999,0.366943,0.85175,0.925415,-0.0871613,-0.368795
0.696834,0.305765,0.615695,-0.061087,0.997588,-0.0329658,0.373999,0.0534981,0.925885,0.925415,0.0442304,-0.376365
0.696834,0.393615,0.582084,-0.061087,0.948701,0.310217,0.373999,-0.2664,0.888345,0.925415,0.170287,-0.338539
0.696834,0.487662,0.580546,-0.061087,0.785387,0.615984,0.373999,-0.554165,0.743657,0.925415,0.275805,-0.259881
0.696834,0.576564,0.611266,-0.061087,0.527343,0.847454,0.373999,-0.775091,0.509273,0.925415,0.348057,-0.149878
0.696834,0.649598,0.670541,-0.061087,0.205694,0.976708,0.373999,-0.902529,0.213464,0.925415,0.378327,-0.0217966
0.696834,0.697953,0.751219,-0.061087,-0.140764,0.988157,0.373999,-0.921108,-0.108093,0.925415,0.362966,0.108913
0.696834,0.715799,0.843571,-0.061087,-0.470245,0.880419,0.373999,-0.828589,-0.416612,0.925415,0.303826,0.226487
0.696834,0.700983,0.936457,-0.061087,-0.743007,0.66649,0.373999,-0.636129,-0.674881,0.925415,0.20804,0.316743
0.696834,0.655291,1.01867,-0.061087,-0.926151,0.372173,0.373999,-0.366943,-0.85175,0.925415,0.0871613,0.368795
0.696834,0.584235,1.0803,-0.061087,-0.997588,0.0329658,0.373999,-0.0534981,-0.925885,0.925415,-0.0442304,0.376365
0.696834,0.496385,1.11392,-0.061087,-0.948701,-0.310217,0.373999,0.2664,-0.888345,0.925415,-0.170287,0.338539
0.696834,0.402338,1.11545,-0.061087,-0.785387,-0.615984,0.373999,0.554165,-0.743657,0.925415,-0.275805,0.259881
0.696834,0.313436,1.08473,-0.061087,-0.527343,-0.847454,0.373999,0.775091,-0.509273,0.925415,-0.348057,0.149878
0.696834,0.240402,1.02546,-0.061087,-0.205694,-0.976708,0.373999,0.902529,-0.213464,0.925415,-0.378327,0.0217966
0.696834,0.192047,0.944781,-0.061087,0.140764,-0.988157,0.373999,0.921108,0.108093,0.925415,-0.362966,-0.108913
0.735794,0.208436,1.05062,-0.384024,0.152775,-0.910596,0.43619,0.899246,-0.0330825,0.813796,-0.409897,-0.411971
0.735794,0.153404,0.957486,-0.384024,0.455004,-0.803428,0.43619,0.85633,0.276473,0.813796,-0.244275,-0.527319
0.735794,0.133543,0.851152,-0.384024,0.702353,-0.599355,0.43619,0.710128,0.552682,0.813796,-0.0491897,-0.579065
0.735794,0.151248,0.744437,-0.384024,0.864987,-0.322991,0.43619,0.478273,0.762229,0.813796,0.151829,-0.560967
0.735794,0.204384,0.650214,-0.384024,0.923291,-0.00766915,0.43619,0.188732,0.87984,0.813796,0.334534,-0.475208
0.735794,0.286542,0.579846,-0.384024,0.870233,0.308578,0.43619,-0.123573,0.891329,0.813796,0.47689,-0.332132
0.735794,0.387812,0.541822,-0.384024,0.712212,0.587605,0.43619,-0.420973,0.795311,0.813796,0.561726,-0.148996
0.735794,0.49598,0.540727,-0.384024,0.468287,0.795759,0.43619,-0.667598,0.603367,0.813796,0.578809,0.0521112
0.735794,0.597999,0.576694,-0.384024,0.16788,0.907933,0.43619,-0.8337,0.338648,0.813796,0.52608,0.246933
0.735794,0.681564,0.645385,-0.384024,-0.152775,0.910596,0.43619,-0.899246,0.0330825,0.813796,0.409897,0.411971
0.735794,0.736596,0.738514,-0.384024,-0.455004,0.803428,0.43619,-0.85633,-0.276473,0.813796,0.244275,0.527319
0.735794,0.756457,0.844848,-0.384024,-0.702353,0.599355,0.43619,-0.710128,-0.552682,0.813796,0.0491897,0.579065
0.735794,0.738752,0.951563,-0.384024,-0.864987,0.322991,0.43619,-0.478273,-0.762229,0.813796,-0.151829,0.560967
0.735794,0.685616,1.04579,-0.384024,-0.923291,0.00766915,0.43619,-0.188732,-0.87984,0.813796,-0.334534,0.475208
0.735794,0.603458,1.11615,-0.384024,-0.870233,-0.308578,0.43619,0.123573,-0.891329,0.813796,-0.47689,0.332132
0.735794,0.502188,1.15418,-0.384024,-0.712212,-0.587605,0.43619,0.420973,-0.795311,0.813796,-0.561726,0.148996
0.735794,0.39402,1.15527,-0.384024,-0.468287,-0.795759,0.43619,0.667598,-0.603367,0.813796,-0.578809,-0.0521112
0.735794,0.292001,1.11931,-0.384024,-0.16788,-0.907933,0.43619,0.8337,-0.338648,0.813796,-0.52608,-0.246933
0.735794,0.208436,1.05062,-0.384024,0.152775,-0.910596,0.43619,0.899246,-0.0330825,0.813796,-0.409897,-0.411971
0.809034,0.221798,1.1369,-0.660642,0.180965,-0.728563,0.44577,0.875447,-0.186764,0.604021,-0.448156,-0.659026
0.809034,0.136449,1.04314,-0.660642,0.419234,-0.622732,0.44577,0.886529,0.12392,0.604021,-0.195729,-0.77256
0.809034,0.0883165,0.925838,-0.660642,0.606938,-0.44179,0.44577,0.790681,0.419657,0.604021,0.0803063,-0.792912
0.809034,0.0832052,0.79915,-0.660642,0.721437,-0.207562,0.44577,0.599466,0.664778,0.604021,0.346655,-0.717627
0.809034,0.121732,0.678355,-0.660642,0.748919,0.0517016,0.44577,0.335946,0.829716,0.604021,0.571192,-0.555786
0.809034,0.199249,0.578022,-0.660642,0.686071,0.304729,0.44577,0.0319068,0.894579,0.604021,0.726835,-0.326909
0.809034,0.306408,0.510252,-0.660642,0.540472,0.521001,0.44577,-0.275981,0.851542,0.604021,0.794811,-0.0586014
0.809034,0.430282,0.483219,-0.660642,0.329685,0.674434,0.44577,-0.550582,0.705796,0.604021,0.766921,0.216774
0.809034,0.555932,0.500184,-0.660642,0.0791323,0.746519,0.44577,-0.758774,0.474921,0.604021,0.646529,0.466003
0.809034,0.668202,0.559101,-0.660642,-0.180965,0.728563,0.44577,-0.875447,0.186764,0.604021,0.448156,0.659026
0.809034,0.753551,0.652864,-0.660642,-0.419234,0.622732,0.44577,-0.886529,-0.12392,0.604021,0.195729,0.77256
0.809034,0.801683,0.770162,-0.660642,-0.606938,0.44179,0.44577,-0.790681,-0.419657,0.604021,-0.0803063,0.792912
0.809034,0.806795,0.89685,-0.660642,-0.721437,0.207562,0.44577,-0.599466,-0.664778,0.604021,-0.346655,0.717627
0.809034,0.768268,1.01764,-0.660642,-0.748919,-0.0517016,0.44577,-0.335946,-0.829716,0.604021,-0.571192,0.555786
0.809034,0.690751,1.11798,-0.660642,-0.686071,-0.304729,0.44577,-0.0319068,-0.894579,0.604021,-0.726835,0.326909
0.809034,0.583592,1.18575,-0.660642,-0.540472,-0.521001,0.44577,0.275981,-0.851542,0.604021,-0.794811,0.0586014
0.809034,0.459718,1.21278,-0.660642,-0.329685,-0.674434,0.44577,0.550582,-0.705796,0.604021,-0.766921,-0.216774
0.809034,0.334068,1.19582,-0.660642,-0.0791323,-0.746519,0.44577,0.758774,-0.474921,0.604021,-0.646529,-0.466003
0.809034,0.221798,1.1369,-0.660642,0.180965,-0.728563,0.44577,0.875447,-0.186764,0.604021,-0.448156,-0.659026
0.90772,0.23052,1.19322,-0.857576,0.221932,-0.464014,0.401584,0.852582,-0.334415,0.321392,-0.473127,-0.820279
0.90772,0.125381,1.09905,-0.857576,0.36725,-0.360125,0.401584,0.915542,-0.0226474,0.321392,-0.164042,-0.932629
0.90772,0.058793,0.974592,-0.857576,0.468272,-0.2128,0.401584,0.868074,0.291852,0.321392,0.164829,-0.93249
0.90772,0.038787,0.834867,-0.857576,0.512814,-0.0398079,0.401584,0.715903,0.57115,0.321392,0.473819,-0.81988
0.90772,0.0677763,0.696726,-0.857576,0.495502,0.137985,0.401584,0.477384,0.781559,0.321392,0.725659,-0.608379
0.90772,0.142264,0.576831,-0.857576,0.418426,0.299136,0.401584,0.181286,0.8977,0.321392,0.889975,-0.323499
0.90772,0.253267,0.489643,-0.857576,0.290882,0.424206,0.401584,-0.136679,0.905566,0.321392,0.946946,0.000399335
0.90772,0.387395,0.445678,-0.857576,0.128252,0.49811,0.401584,-0.438158,0.804206,0.321392,0.889702,0.32425
0.90772,0.528471,0.450239,-0.857576,-0.0498461,0.511936,0.401584,-0.686789,0.605848,0.321392,0.725146,0.608991
0.90772,0.65948,0.502776,-0.857576,-0.221932,0.464014,0.401584,-0.852582,0.334415,0.321392,0.473127,0.820279
0.90772,0.764619,0.596952,-0.857576,-0.36725,0.360125,0.401584,-0.915542,0.0226474,0.321392,0.164042,0.932629
0.90772,0.831207,0.721408,-0.857576,-0.468272,0.2128,0.401584,-0.868074,-0.291852,0.321392,-0.164829,0.93249
0.90772,0.851213,0.861133,-0.857576,-0.512814,0.0398079,0.401584,-0.715903,-0.57115,0.321392,-0.473819,0.81988
0.90772,0.822224,0.999274,-0.857576,-0.495502,-0.137985,0.401584,-0.477384,-0.781559,0.321392,-0.725659,0.608379
0.90772,0.747736,1.11917,-0.857576,-0.418426,-0.299136,0.401584,-0.181286,-0.8977,0.321392,-0.889975,0.323499
0.90772,0.636733,1.20636,-0.857576,-0.290882,-0.424206,0.401584,0.136679,-0.905566,0.321392,-0.946946,-0.000399335
0.90772,0.502605,1.25032,-0.857576,-0.128252,-0.49811,0.401584,0.438158,-0.804206,0.321392,-0.889702,-0.32425
0.90772,0.361529,1.24576,-0.857576,0.0498461,-0.511936,0.401584,0.686789,-0.605848,0.321392,-0.725146,-0.608991
0.90772,0.23052,1.19322,-0.857576,0.221932,-0.464014,0.401584,0.852582,-0.334415,0.321392,-0.473127,-0.820279
0.883612,0.252655,0.498443,0.961642,0.212669,-0.173254,-0.0812368,0.824067,0.560638,0.262003,-0.525058,0.809734
0.883612,0.383811,0.453738,0.961642,0.2591,-0.0900684,-0.0812368,0.58262,0.808675,0.262003,-0.770338,0.58132
0.883612,0.522346,0.456587,0.961642,0.274279,0.00398073,-0.0812368,0.270901,0.959173,0.262003,-0.922705,0.282791
0.883612,0.651553,0.506646,0.961642,0.256377,0.0975497,-0.0812368,-0.0734931,0.993982,0.262003,-0.963779,-0.0498468
0.883612,0.755846,0.597878,0.961642,0.207551,0.179353,-0.0812368,-0.409023,0.908901,0.262003,-0.888607,-0.376472
0.883612,0.822647,0.719277,0.961642,0.133692,0.239523,-0.0812368,-0.695218,0.714194,0.262003,-0.706257,-0.65769
0.883612,0.843898,0.856203,0.961642,0.0437078,0.270804,-0.0812368,-0.89756,0.433344,0.262003,-0.438721,-0.85958
0.883612,0.817036,0.992139,0.961642,-0.0515483,0.269421,-0.0812368,-0.991643,0.100227,0.262003,-0.118269,-0.957793
0.883612,0.7453,1.11069,0.961642,-0.140587,0.235542,-0.0812368,-0.966119,-0.24498,0.262003,0.216448,-0.940481
0.883612,0.637345,1.19756,0.961642,-0.212669,0.173254,-0.0812368,-0.824067,-0.560638,0.262003,0.525058,-0.809734
0.883612,0.506189,1.24226,0.961642,-0.2591,0.0900684,-0.0812368,-0.58262,-0.808675,0.262003,0.770338,-0.58132
0.883612,0.367654,1.23941,0.961642,-0.274279,-0.00398073,-0.0812368,-0.270901,-0.959173,0.262003,0.922705,-0.282791
0.883612,0.238447,1.18935,0.961642,-0.256377,-0.0975497,-0.0812368,0.0734931,-0.993982,0.262003,0.963779,0.0498468
0.883612,0.134154,1.09812,0.961642,-0.207551,-0.179353,-0.0812368,0.409023,-0.908901,0.262003,0.888607,0.376472
0.883612,0.0673532,0.976723,0.961642,-0.133692,-0.239523,-0.0812368,0.695218,-0.714194,0.262003,0.706257,0.65769
0.883612,0.0461024,0.839797,0.961642,-0.0437078,-0.270804,-0.0812368,0.89756,-0.433344,0.262003,0.438721,0.85958
0.883612,0.0729645,0.703861,0.961642,0.0515483,-0.269421,-0.0812368,0.991643,-0.100227,0.262003,0.118269,0.957793
0.883612,0.1447,0.58531,0.961642,0.140587,-0.235542,-0.0812368,0.966119,0.24498,0.262003,-0.216448,0.940481
0.883612,0.252655,0.498443,0.961642,0.212669,-0.173254,-0.0812368,0.824067,0.560638,0.262003,-0.525058,0.809734
0.763622,0.263254,0.566882,0.856221,0.163616,-0.490016,0.156285,0.822042,0.54756,0.492403,-0.545415,0.678278
0.763622,0.370362,0.521675,0.856221,0.321344,-0.404505,0.156285,0.58519,0.795693,0.492403,-0.744507,0.45083
0.763622,0.486473,0.515827,0.856221,0.440313,-0.270204,0.156285,0.277755,0.947854,0.492403,-0.853801,0.169005
0.763622,0.597582,0.550044,0.856221,0.506174,-0.103313,0.156285,-0.0631804,0.985689,0.492403,-0.860114,-0.133204
0.763622,0.690287,0.620199,0.856221,0.510984,0.0760394,0.156285,-0.396496,0.904636,0.492403,-0.762684,-0.419347
0.763622,0.753407,0.71783,0.856221,0.45416,0.24622,0.156285,-0.681988,0.71447,0.492403,-0.573263,-0.654911
0.763622,0.779328,0.831162,0.856221,0.342559,0.386703,0.156285,-0.885222,0.438129,0.492403,-0.314699,-0.811482
0.763622,0.764925,0.946524,0.856221,0.18964,0.480544,0.156285,-0.981685,0.108943,0.492403,-0.0181768,-0.870177
0.763622,0.711934,1.05,0.856221,0.0138472,0.516425,0.156285,-0.959743,-0.233384,0.492403,0.280538,-0.823916
0.763622,0.626746,1.12912,0.856221,-0.163616,0.490016,0.156285,-0.822042,-0.54756,0.492403,0.545415,-0.678278
0.763622,0.519638,1.17433,0.856221,-0.321344,0.404505,0.156285,-0.58519,-0.795693,0.492403,0.744507,-0.45083
0.763622,0.403527,1.18017,0.856221,-0.440313,0.270204,0.156285,-0.277755,-0.947854,0.492403,0.853801,-0.169005
0.763622,0.292418,1.14596,0.856221,-0.506174,0.103313,0.156285,0.0631804,-0.985689,0.492403,0.860114,0.133204
0.763622,0.199713,1.0758,0.856221,-0.510984,-0.0760394,0.156285,0.396496,-0.904636,0.492403,0.762684,0.419347
0.763622,0.136593,0.97817,0.856221,-0.45416,-0.24622,0.156285,0.681988,-0.71447,0.492403,0.573263,0.654911
0.763622,0.110672,0.864838,0.856221,-0.342559,-0.386703,0.156285,0.885222,-0.438129,0.492403,0.314699,0.811482
0.763622,0.125075,0.749476,0.856221,-0.18964,-0.480544,0.156285,0.981685,-0.108943,0.492403,0.0181768,0.870177
0.763622,0.178066,0.645997,0.856221,-0.0138472,-0.516425,0.156285,0.959743,0.233384,0.492403,-0.280538,0.823916
0.763622,0.263254,0.566882,0.856221,0.163616,-0.490016,0.156285,0.822042,0.54756,0.492403,-0.545415,0.678278
0.674556,0.279493,0.67175,0.647527,0.123038,-0.752044,0.374957,0.807707,0.454991,0.663413,-0.576604,0.476877
0.674556,0.349756,0.625772,0.647527,0.372833,-0.664609,0.374957,0.60338,0.703804,0.663413,-0.704932,0.250908
0.674556,0.431506,0.606599,0.647527,0.577658,-0.497012,0.374957,0.326276,0.867727,0.663413,-0.748235,-0.00532439
0.674556,0.514884,0.616542,0.647527,0.712809,-0.269468,0.374957,0.00981917,0.92699,0.663413,-0.70129,-0.260915
0.674556,0.589833,0.654402,0.647527,0.761985,-0.00942204,0.374957,-0.307822,0.874444,0.663413,-0.569759,-0.485035
0.674556,0.647313,0.715613,0.647527,0.719254,0.25176,0.374957,-0.588336,0.716427,0.663413,-0.369506,-0.650653
0.674556,0.680391,0.792792,0.647527,0.58977,0.482577,0.374957,-0.797887,0.471999,0.663413,-0.124686,-0.737792
0.674556,0.685077,0.87663,0.647527,0.389152,0.655187,0.374957,-0.911202,0.17064,0.663413,0.135173,-0.735943
0.674556,0.660807,0.957014,0.647527,0.141596,0.748772,0.374957,-0.914612,-0.1513,0.663413,0.378728,-0.645328
0.674556,0.610507,1.02425,0.647527,-0.123038,0.752044,0.374957,-0.807707,-0.454991,0.663413,0.576604,-0.476877
0.674556,0.540244,1.07023,0.647527,-0.372833,0.664609,0.374957,-0.60338,-0.703804,0.663413,0.704932,-0.250908
0.674556,0.458494,1.0894,0.647527,-0.577658,0.497012,0.374957,-0.326276,-0.867727,0.663413,0.748235,0.00532439
0.674556,0.375116,1.07946,0.647527,-0.712809,0.269468,0.374957,-0.00981917,-0.92699,0.663413,0.70129,0.260915
0.674556,0.300167,1.0416,0.647527,-0.761985,0.00942204,0.374957,0.307822,-0.874444,0.663413,0.569759,0.485035
0.674556,0.242687,0.980387,0.647527,-0.719254,-0.25176,0.374957,0.588336,-0.716427,0.663413,0.369506,0.650653
0.674556,0.209609,0.903208,0.647527,-0.58977,-0.482577,0.374957,0.797887,-0.471999,0.663413,0.124686,0.737792
0.674556,0.204923,0.81937,0.647527,-0.389152,-0.655187,0.374957,0.911202,-0.17064,0.663413,-0.135173,0.735943
0.674556,0.229193,0.738986,0.647527,-0.141596,-0.748772,0.374957,0.914612,0.1513,0.663413,-0.378728,0.645328
0.674556,0.279493,0.67175,0.647527,0.123038,-0.752044,0.374957,0.807707,0.454991,0.663413,-0.576604,0.476877
0.627155,0.299415,0.800397,0.360731,0.0958314,-0.927733,0.548404,0.782791,0.294096,0.754404,-0.614862,0.229823
0.627155,0.324476,0.753475,0.360731,0.407356,-0.839008,0.548404,0.634996,0.54409,0.754404,-0.656385,0.00566753
0.627155,0.364074,0.717954,0.360731,0.669747,-0.649086,0.548404,0.410611,0.728458,0.754404,-0.618739,-0.219171
0.627155,0.413433,0.698118,0.360731,0.851356,-0.380874,0.548404,0.136701,0.824964,0.754404,-0.506463,-0.417575
0.627155,0.4666,0.696361,0.360731,0.93028,-0.0667237,0.548404,-0.153698,0.821967,0.754404,-0.333101,-0.565613
0.627155,0.517161,0.712893,0.360731,0.896998,0.255475,0.548404,-0.425558,0.719829,0.754404,-0.119562,-0.645429
0.627155,0.559018,0.745722,0.360731,0.755525,0.546859,0.548404,-0.64609,0.530869,0.754404,0.108399,-0.647398
0.627155,0.587123,0.790886,0.360731,0.522924,0.772284,0.548404,-0.788693,0.277878,0.754404,0.323284,-0.57128
0.627155,0.598086,0.84294,0.360731,0.227251,0.90456,0.548404,-0.836169,-0.00862944,0.754404,0.499177,-0.426258
0.627155,0.590585,0.895603,0.360731,-0.0958314,0.927733,0.548404,-0.782791,-0.294096,0.754404,0.614862,-0.229823
0.627155,0.565524,0.942525,0.360731,-0.407356,0.839008,0.548404,-0.634996,-0.54409,0.754404,0.656385,-0.00566753
0.627155,0.525926,0.978046,0.360731,-0.669747,0.649086,0.548404,-0.410611,-0.728458,0.754404,0.618739,0.219171
0.627155,0.476567,0.997882,0.360731,-0.851356,0.380874,0.548404,-0.136701,-0.824964,0.754404,0.506463,0.417575
0.627155,0.4234,0.999639,0.360731,-0.93028,0.0667237,0.548404,0.153698,-0.821967,0.754404,0.333101,0.565613
0.627155,0.372839,0.983107,0.360731,-0.896998,-0.255475,0.548404,0.425558,-0.719829,0.754404,0.119562,0.645429
0.627155,0.330982,0.950278,0.360731,-0.755525,-0.546859,0.548404,0.64609,-0.530869,0.754404,-0.108399,0.647398
0.627155,0.302877,0.905114,0.360731,-0.522924,-0.772284,0.548404,0.788693,-0.277878,0.754404,-0.323284,0.57128
0.627155,0.291914,0.85306,0.360731,-0.227251,-0.90456,0.548404,0.836169,0.00862944,0.754404,-0.499177,0.426258
0.627155,0.299415,0.800397,0.360731,0.0958314,-0.927733,0.548404,0.782791,0.294096,0.754404,-0.614862,0.229823
0.627137,0.320617,0.937306,0.0304265,0.0852764,-0.995893,0.655705,0.750299,0.0842798,0.754404,-0.655576,-0.0330872
0.627137,0.297574,0.889379,0.0304265,0.420749,-0.906667,0.655705,0.676225,0.335814,0.754404,-0.604723,-0.255312
0.627137,0.292312,0.836461,0.0304265,0.705473,-0.708083,0.655705,0.520588,0.546845,0.754404,-0.480932,-0.446742
0.627137,0.305467,0.784934,0.0304265,0.905107,-0.424095,0.655705,0.302161,0.691918,0.754404,-0.299134,-0.584289
0.627137,0.335451,0.741015,0.0304265,0.995571,-0.0889541,0.655705,0.0472886,0.753535,0.754404,-0.0812551,-0.651362
0.627137,0.378649,0.709999,0.0304265,0.965955,0.256916,0.655705,-0.213287,0.724265,0.754404,0.146424,-0.639871
0.627137,0.42985,0.695628,0.0304265,0.81983,0.571798,0.655705,-0.448138,0.607638,0.754404,0.356442,-0.551202
0.627137,0.482878,0.699635,0.0304265,0.574822,0.817713,0.655705,-0.628936,0.417721,0.754404,0.523468,-0.39605
0.627137,0.531337,0.721538,0.0304265,0.260482,0.964999,0.655705,-0.733876,0.17742,0.754404,0.627356,-0.193128
0.627137,0.569383,0.758694,0.0304265,-0.0852764,0.995893,0.655705,-0.750299,-0.0842798,0.754404,0.655576,0.0330872
0.627137,0.592426,0.806621,0.0304265,-0.420749,0.906667,0.655705,-0.676225,-0.335814,0.754404,0.604723,0.255312
0.627137,0.597688,0.859539,0.0304265,-0.705473,0.708083,0.655705,-0.520588,-0.546845,0.754404,0.480932,0.446742
0.627137,0.584533,0.911066,0.0304265,-0.905107,0.424095,0.655705,-0.302161,-0.691918,0.754404,0.299134,0.584289
0.627137,0.554549,0.954985,0.0304265,-0.995571,0.0889541,0.655705,-0.0472886,-0.753535,0.754404,0.0812551,0.651362
0.627137,0.511351,0.986001,0.0304265,-0.965955,-0.256916,0.655705,0.213287,-0.724265,0.754404,-0.146424,0.639871
0.627137,0.46015,1.00037,0.0304265,-0.81983,-0.571798,0.655705,0.448138,-0.607638,0.754404,-0.356442,0.551202
0.627137,0.407122,0.996365,0.0304265,-0.574822,-0.817713,0.655705,0.628936,-0.417721,0.754404,-0.523468,0.39605
0.627137,0.358663,0.974462,0.0304265,-0.260482,-0.964999,0.655705,0.733876,-0.17742,0.754404,-0.627356,0.193128
0.627137,0.320617,0.937306,0.0304265,0.0852764,-0.995893,0.655705,0.750299,0.0842798,0.754404,-0.655576,-0.0330872
0.674504,0.340541,1.06597,-0.303548,0.0926463,-0.948301,0.683918,0.71415,-0.149149,0.663411,-0.693834,-0.280142
0.674504,0.272292,1.01709,-0.303548,0.411397,-0.859425,0.683918,0.722094,0.104099,0.663411,-0.556177,-0.500552
0.674504,0.224874,0.947826,-0.303548,0.680527,-0.666889,0.683918,0.642942,0.344792,0.663411,-0.351436,-0.660589
0.674504,0.204007,0.866519,-0.303548,0.867576,-0.393917,0.683918,0.486242,0.543898,0.663411,-0.104307,-0.740949
0.674504,0.212207,0.782977,-0.303548,0.949982,-0.0734319,0.683918,0.270894,0.677401,0.663411,0.155402,-0.731939
0.674504,0.248485,0.707279,-0.303548,0.917807,0.25591,0.683918,0.0228727,0.7292,0.663411,0.396369,-0.634647
0.674504,0.308466,0.648553,-0.303548,0.77493,0.554385,0.683918,-0.227908,0.693047,0.663411,0.589527,-0.460807
0.674504,0.384915,0.613884,-0.303548,0.538585,0.785993,0.683918,-0.451199,0.573302,0.663411,0.711579,-0.231387
0.674504,0.468611,0.607452,-0.303548,0.237279,0.922799,0.683918,-0.62007,0.384408,0.663411,0.747805,0.0259416
0.674504,0.549459,0.630034,-0.303548,-0.0926463,0.948301,0.683918,-0.71415,0.149149,0.663411,0.693834,0.280142
0.674504,0.617708,0.678907,-0.303548,-0.411397,0.859425,0.683918,-0.722094,-0.104099,0.663411,0.556177,0.500552
0.674504,0.665126,0.748174,-0.303548,-0.680527,0.666889,0.683918,-0.642942,-0.344792,0.663411,0.351436,0.660589
0.674504,0.685993,0.829481,-0.303548,-0.867576,0.393917,0.683918,-0.486242,-0.543898,0.663411,0.104307,0.740949
0.674504,0.677793,0.913023,-0.303548,-0.949982,0.0734319,0.683918,-0.270894,-0.677401,0.663411,-0.155402,0.731939
0.674504,0.641515,0.988721,-0.303548,-0.917807,-0.25591,0.683918,-0.0228727,-0.7292,0.663411,-0.396369,0.634647
0.674504,0.581534,1.04745,-0.303548,-0.77493,-0.554385,0.683918,0.227908,-0.693047,0.663411,-0.589527,0.460807
0.674504,0.505085,1.08212,-0.303548,-0.538585,-0.785993,0.683918,0.451199,-0.573302,0.663411,-0.711579,0.231387
0.674504,0.421389,1.08855,-0.303548,-0.237279,-0.922799,0.683918,0.62007,-0.384408,0.663411,-0.747805,-0.0259416
0.674504,0.340541,1.06597,-0.303548,0.0926463,-0.948301,0.683918,0.71415,-0.149149,0.663411,-0.693834,-0.280142
0.763543,0.356784,1.17086,-0.60091,0.117052,-0.790699,0.629641,0.678705,-0.378037,0.492402,-0.725023,-0.481542
0.763543,0.251681,1.12121,-0.60091,0.380428,-0.70298,0.629641,0.767071,-0.123108,0.492402,-0.516602,-0.700474
0.763543,0.169895,1.03862,-0.60091,0.597919,-0.530471,0.629641,0.762916,0.14667,0.492402,-0.24587,-0.834918
0.763543,0.121291,0.933031,-0.60091,0.743292,-0.293979,0.629641,0.666742,0.398757,0.492402,0.0545162,-0.868659
0.763543,0.11173,0.817188,-0.60091,0.799013,-0.0220295,0.629641,0.49015,0.602749,0.492402,0.348327,-0.797627
0.763543,0.142368,0.705061,-0.60091,0.758361,0.252578,0.629641,0.254438,0.73404,0.492402,0.600125,-0.630389
0.763543,0.209507,0.610175,-0.60091,0.626239,0.49672,0.629641,-0.0119629,0.776794,0.492402,0.779539,-0.387117
0.763543,0.30505,0.543974,-0.60091,0.418584,0.680951,0.629641,-0.276921,0.725856,0.492402,0.864929,-0.0971531
0.763543,0.417473,0.514443,-0.60091,0.160442,0.783049,0.629641,-0.508478,0.587369,0.492402,0.845996,0.204529
0.763543,0.533216,0.525144,-0.60091,-0.117052,0.790699,0.629641,-0.678705,0.378037,0.492402,0.725023,0.481542
0.763543,0.638319,0.574786,-0.60091,-0.380428,0.70298,0.629641,-0.767071,0.123108,0.492402,0.516602,0.700474
0.763543,0.720105,0.657382,-0.60091,-0.597919,0.530471,0.629641,-0.762916,-0.14667,0.492402,0.24587,0.834918
0.763543,0.768709,0.762969,-0.60091,-0.743292,0.293979,0.629641,-0.666742,-0.398757,0.492402,-0.0545162,0.868659
0.763543,0.77827,0.878812,-0.60091,-0.799013,0.0220295,0.629641,-0.49015,-0.602749,0.492402,-0.348327,0.797627
0.763543,0.747632,0.990939,-0.60091,-0.758361,-0.252578,0.629641,-0.254438,-0.73404,0.492402,-0.600125,0.630389
0.763543,0.680493,1.08583,-0.60091,-0.626239,-0.49672,0.629641,0.0119629,-0.776794,0.492402,-0.779539,0.387117
0.763543,0.58495,1.15203,-0.60091,-0.418584,-0.680951,0.629641,0.276921,-0.725856,0.492402,-0.864929,0.0971531
0.763543,0.472527,1.18156,-0.60091,-0.160442,-0.783049,0.629641,0.508478,-0.587369,0.492402,-0.845996,-0.204529
0.763543,0.356784,1.17086,-0.60091,0.117052,-0.790699,0.629641,0.678705,-0.378037,0.492402,-0.725023,-0.481542
0.883514,0.367387,1.23933,-0.825794,0.155551,-0.542096,0.499419,0.648239,-0.574776,0.262001,-0.74538,-0.612997
0.883514,0.238226,1.18918,-0.825794,0.331577,-0.456202,0.499419,0.80573,-0.318402,0.262001,-0.490771,-0.830963
0.883514,0.134006,1.09788,-0.825794,0.467611,-0.315284,0.499419,0.866038,-0.0236241,0.262001,-0.176967,-0.948703
0.883514,0.0672952,0.976448,-0.825794,0.547244,-0.136337,0.499419,0.82189,0.274003,0.262001,0.158181,-0.952016
0.883514,0.0461416,0.839519,-0.825794,0.560871,0.0590535,0.499419,0.678609,0.538582,0.262001,0.47425,-0.840501
0.883514,0.0730962,0.703613,-0.825794,0.506849,0.247321,0.499419,0.453478,0.738199,0.262001,0.733118,-0.62761
0.883514,0.144908,0.585122,-0.825794,0.391694,0.405759,0.499419,0.173651,0.848779,0.262001,0.90356,-0.339019
0.883514,0.252915,0.498338,-0.825794,0.229294,0.515256,0.499419,-0.127121,0.856983,0.262001,0.965021,-0.00953819
0.883514,0.384091,0.453729,-0.825794,0.039238,0.562605,0.499419,-0.41256,0.761823,0.262001,0.910085,0.321093
0.883514,0.522613,0.456674,-0.825794,-0.155551,0.542096,0.499419,-0.648239,0.574776,0.262001,0.74538,0.612997
0.883514,0.651774,0.506819,-0.825794,-0.331577,0.456202,0.499419,-0.80573,0.318402,0.262001,0.490771,0.830963
0.883514,0.755994,0.598115,-0.825794,-0.467611,0.315284,0.499419,-0.866038,0.0236241,0.262001,0.176967,0.948703
0.883514,0.822705,0.719552,-0.825794,-0.547244,0.136337,0.499419,-0.82189,-0.274003,0.262001,-0.158181,0.952016
0.883514,0.843858,0.856481,-0.825794,-0.560871,-0.0590535,0.499419,-0.678609,-0.538582,0.262001,-0.47425,0.840501
0.883514,0.816904,0.992387,-0.825794,-0.506849,-0.247321,0.499419,-0.453478,-0.738199,0.262001,-0.733118,0.62761
0.883514,0.745092,1.11088,-0.825794,-0.391694,-0.405759,0.499419,-0.173651,-0.848779,0.262001,-0.90356,0.339019
0.883514,0.637085,1.19766,-0.825794,-0.229294,-0.515256,0.499419,0.127121,-0.856983,0.262001,-0.965021,0.00953819
0.883514,0.505909,1.24227,-0.825794,-0.039238,-0.562605,0.499419,0.41256,-0.761823,0.262001,-0.910085,-0.321093
0.883514,0.367387,1.23933,-0.825794,0.155551,-0.542096,0.499419,0.648239,-0.574776,0.262001,-0.74538,-0.612997
0.875863,0.392367,0.455263,0.985232,0.141358,-0.0966261,-0.00862081,0.60455,0.79652,0.17101,-0.783924,0.596841
0.875863,0.529865,0.460946,0.985232,0.165881,-0.0424515,-0.00862081,0.295665,0.955253,0.17101,-0.940779,0.292729
0.875863,0.657127,0.513314,0.985232,0.170397,0.0168434,-0.00862081,-0.0488812,0.998767,0.17101,-0.984162,-0.0466903
0.875863,0.758804,0.60605,0.985232,0.15436,0.0741068,-0.00862081,-0.387532,0.921816,0.17101,-0.908841,-0.380478
0.875863,0.822631,0.727968,0.985232,0.119705,0.122432,-0.00862081,-0.67944,0.73368,0.17101,-0.7239,-0.668374
0.875863,0.84091,0.864365,0.985232,0.0706116,0.15599,-0.00862081,-0.889399,0.457051,0.17101,-0.451646,-0.875655
0.875863,0.811437,0.998787,0.985232,0.0130015,0.170733,-0.00862081,-0.992082,0.125296,0.17101,-0.124917,-0.977318
0.875863,0.737766,1.11502,0.985232,-0.0461767,0.164883,-0.00862081,-0.975106,-0.221573,0.17101,0.216879,-0.961103
0.875863,0.628783,1.19905,0.985232,-0.0997853,0.139146,-0.00862081,-0.840517,-0.541716,0.17101,0.532516,-0.828964
0.875863,0.497633,1.24074,0.985232,-0.141358,0.0966261,-0.00862081,-0.60455,-0.79652,0.17101,0.783924,-0.596841
0.875863,0.360135,1.23505,0.985232,-0.165881,0.0424515,-0.00862081,-0.295665,-0.955253,0.17101,0.940779,-0.292729
0.875863,0.232873,1.18269,0.985232,-0.170397,-0.0168434,-0.00862081,0.0488812,-0.998767,0.17101,0.984162,0.0466903
0.875863,0.131196,1.08995,0.985232,-0.15436,-0.0741068,-0.00862081,0.387532,-0.921816,0.17101,0.908841,0.380478
0.875863,0.067369,0.968032,0.985232,-0.119705,-0.122432,-0.00862081,0.67944,-0.73368,0.17101,0.7239,0.668374
0.875863,0.0490897,0.831635,0.985232,-0.0706116,-0.15599,-0.00862081,0.889399,-0.457051,0.17101,0.451646,0.875655
0.875863,0.078563,0.697213,0.985232,-0.0130015,-0.170733,-0.00862081,0.992082,-0.125296,0.17101,0.124917,0.977318
0.875863,0.152234,0.580978,0.985232,0.0461767,-0.164883,-0.00862081,0.975106,0.221573,0.17101,-0.216879,0.961103
0.875863,0.261217,0.496949,0.985232,0.0997853,-0.139146,-0.00862081,0.840517,0.541716,0.17101,-0.532516,0.828964
0.875863,0.392367,0.455263,0.985232,0.141358,-0.0966261,-0.00862081,0.60455,0.79652,0.17101,-0.783924,0.596841
0.749059,0.403567,0.52759,0.900555,0.0904721,-0.425224,0.292759,0.596883,0.747009,0.321393,-0.797211,0.511039
0.749059,0.515653,0.532743,0.900555,0.230451,-0.368637,0.292759,0.305394,0.906105,0.321393,-0.923919,0.207558
0.749059,0.619216,0.575919,0.900555,0.342635,-0.267586,0.292759,-0.0229295,0.955911,0.321393,-0.939189,-0.120959
0.749059,0.701767,0.651913,0.900555,0.413491,-0.134261,0.292759,-0.348488,0.89042,0.321393,-0.841179,-0.434885
0.749059,0.753347,0.751558,0.900555,0.434475,0.0152582,0.292759,-0.632013,0.717532,0.321393,-0.64171,-0.696359
0.749059,0.767737,0.862835,0.900555,0.403054,0.162937,0.292759,-0.839308,0.458098,0.321393,-0.364841,-0.873841
0.749059,0.743199,0.972323,0.900555,0.323019,0.290963,0.292759,-0.945371,0.143411,0.321393,-0.0439675,-0.945925
0.749059,0.682695,1.06682,0.900555,0.204023,0.383895,0.292759,-0.937407,-0.188573,0.321393,0.282209,-0.903916
0.749059,0.593521,1.13492,0.900555,0.0604193,0.430524,0.292759,-0.816379,-0.497813,0.321393,0.574348,-0.752882
0.749059,0.486433,1.16841,0.900555,-0.0904721,0.425224,0.292759,-0.596883,-0.747009,0.321393,0.797211,-0.511039
0.749059,0.374347,1.16326,0.900555,-0.230451,0.368637,0.292759,-0.305394,-0.906105,0.321393,0.923919,-0.207558
0.749059,0.270784,1.12008,0.900555,-0.342635,0.267586,0.292759,0.0229295,-0.955911,0.321393,0.939189,0.120959
0.749059,0.188233,1.04409,0.900555,-0.413491,0.134261,0.292759,0.348488,-0.89042,0.321393,0.841179,0.434885
0.749059,0.136653,0.944442,0.900555,-0.434475,-0.0152582,0.292759,0.632013,-0.717532,0.321393,0.64171,0.696359
0.749059,0.122263,0.833165,0.900555,-0.403054,-0.162937,0.292759,0.839308,-0.458098,0.321393,0.364841,0.873841
0.749059,0.146801,0.723677,0.900555,-0.323019,-0.290963,0.292759,0.945371,-0.143411,0.321393,0.0439675,0.945925
0.749059,0.207305,0.629184,0.900555,-0.204023,-0.383895,0.292759,0.937407,0.188573,0.321393,-0.282209,0.903916
0.749059,0.296479,0.561084,0.900555,-0.0604193,-0.430524,0.292759,0.816379,0.497813,0.321393,-0.574348,0.752882
0.749059,0.403567,0.52759,0.900555,0.0904721,-0.425224,0.292759,0.596883,0.747009,0.321393,-0.797211,0.511039
0.654934,0.420729,0.638415,0.707258,0.0470868,-0.705386,0.558827,0.573904,0.59862,0.433011,-0.817568,0.379585
0.654934,0.493876,0.642753,0.707258,0.285503,-0.646741,0.558827,0.334553,0.758806,0.433011,-0.898088,0.0770681
0.654934,0.561127,0.671847,0.707258,0.489484,-0.51009,0.558827,0.0548499,0.827468,0.433011,-0.870286,-0.234744
0.654934,0.614371,0.722188,0.707258,0.634425,-0.311915,0.558827,-0.231469,0.796325,0.433011,-0.737514,-0.518242
0.654934,0.647187,0.787704,0.707258,0.702846,-0.0761175,0.558827,-0.489869,0.669134,0.433011,-0.515787,-0.739233
0.654934,0.655616,0.860492,0.707258,0.686493,0.16886,0.558827,-0.689183,0.461235,0.433011,-0.231849,-0.871061
0.654934,0.638642,0.931774,0.707258,0.587339,0.393471,0.558827,-0.805372,0.197705,0.433011,0.0800541,-0.897827
0.654934,0.598311,0.992951,0.707258,0.417343,0.570624,0.558827,-0.824422,-0.0896717,0.433011,0.382301,-0.816301
0.654934,0.539489,1.03664,0.707258,0.197009,0.67895,0.558827,-0.744033,-0.366233,0.433011,0.638437,-0.636317
0.654934,0.469271,1.05759,0.707258,-0.0470868,0.705386,0.558827,-0.573904,-0.59862,0.433011,0.817568,-0.379585
0.654934,0.396124,1.05325,0.707258,-0.285503,0.646741,0.558827,-0.334553,-0.758806,0.433011,0.898088,-0.0770681
0.654934,0.328873,1.02415,0.707258,-0.489484,0.51009,0.558827,-0.0548499,-0.827468,0.433011,0.870286,0.234744
0.654934,0.275629,0.973812,0.707258,-0.634425,0.311915,0.558827,0.231469,-0.796325,0.433011,0.737514,0.518242
0.654934,0.242813,0.908296,0.707258,-0.702846,0.0761175,0.558827,0.489869,-0.669134,0.433011,0.515787,0.739233
0.654934,0.234384,0.835508,0.707258,-0.686493,-0.16886,0.558827,0.689183,-0.461235,0.433011,0.231849,0.871061
0.654934,0.251358,0.764226,0.707258,-0.587339,-0.393471,0.558827,0.805372,-0.197705,0.433011,-0.0800541,0.897827
0.654934,0.291689,0.703049,0.707258,-0.417343,-0.570624,0.558827,0.824422,0.0896717,0.433011,-0.382301,0.816301
