0.658953,0.615296,0.964234,0.308961,0.634394,-0.708581,0.951075,-0.206088,0.230183,-3.49349e-06,-0.745031,-0.66703
0.907818,0.444581,1.22537,0.92986,-0.367045,-0.0252883,-0.179072,-0.39147,-0.902599,0.321394,0.843819,-0.429739
0.907818,0.306104,1.19798,0.92986,-0.33626,-0.1493,-0.179072,-0.0591542,-0.982056,0.321394,0.93991,-0.11522
0.907818,0.185344,1.12488,0.92986,-0.264918,-0.255304,-0.179072,0.280296,-0.943063,0.321394,0.922634,0.213197
0.907818,0.096868,1.01489,0.92986,-0.161622,-0.330514,-0.179072,0.585939,-0.790322,0.321394,0.794074,0.515899
0.907818,0.0513466,0.881273,0.92986,-0.0388325,-0.36586,-0.179072,0.820908,-0.542257,0.321394,0.569738,0.756376
0.907818,0.0542706,0.740144,0.92986,0.0886407,-0.357077,-0.179072,0.956864,-0.228788,0.321394,0.276683,0.905622
0.907818,0.105287,0.608526,0.92986,0.205423,-0.305226,-0.179072,0.977408,0.112277,0.321394,-0.0497441,0.945638
0.907818,0.198243,0.502295,0.92986,0.297427,-0.21656,-0.179072,0.880062,0.439799,0.321394,-0.370171,0.871595
0.907818,0.321926,0.434262,0.92986,0.353558,-0.101773,-0.179072,0.676568,0.714275,0.321394,-0.645951,0.692426
0.907818,0.461419,0.412635,0.92986,0.367045,0.0252883,-0.179072,0.39147,0.902599,0.321394,-0.843819,0.429739
0.907818,0.599896,0.440021,0.92986,0.33626,0.1493,-0.179072,0.0591542,0.982056,0.321394,-0.93991,0.11522
0.907818,0.720656,0.513118,0.92986,0.264918,0.255304,-0.179072,-0.280296,0.943063,0.321394,-0.922634,-0.213197
0.907818,0.809132,0.623109,0.92986,0.161622,0.330514,-0.179072,-0.585939,0.790322,0.321394,-0.794074,-0.515899
0.907818,0.854653,0.756727,0.92986,0.0388325,0.36586,-0.179072,-0.820908,0.542257,0.321394,-0.569738,-0.756376
0.907818,0.851729,0.897856,0.92986,-0.0886407,0.357077,-0.179072,-0.956864,0.228788,0.321394,-0.276683,-0.905622
0.907818,0.800713,1.02947,0.92986,-0.205423,0.305226,-0.179072,-0.977408,-0.112277,0.321394,0.0497441,-0.945638
0.907818,0.707757,1.13571,0.92986,-0.297427,0.21656,-0.179072,-0.880062,-0.439799,0.321394,0.370171,-0.871595
0.907818,0.584074,1.20374,0.92986,-0.353558,0.101773,-0.179072,-0.676568,-0.714275,0.321394,0.645951,-0.692426
0.907818,0.444581,1.22537,0.92986,-0.367045,-0.0252883,-0.179072,-0.39147,-0.902599,0.321394,0.843819,-0.429739
0.809114,0.482579,1.18292,0.796489,-0.570089,0.201501,-0.0275851,-0.367164,-0.929747,0.604023,0.734975,-0.308168
0.809114,0.356326,1.17109,0.796489,-0.604626,-0.00563318,-0.0275851,-0.0270287,-0.999254,0.604023,0.796051,-0.0382067
0.809114,0.241733,1.11679,0.796489,-0.566236,-0.212088,-0.0275851,0.316366,-0.948236,0.604023,0.76111,0.236363
0.809114,0.152622,1.02658,0.796489,-0.45955,-0.392961,-0.0275851,0.621603,-0.782847,0.604023,0.634369,0.482423
0.809114,0.0997414,0.911324,0.796489,-0.297435,-0.526438,-0.0275851,0.851865,-0.523034,0.604023,0.431113,0.670297
0.809114,0.0894688,0.784935,0.796489,-0.0994446,-0.596419,-0.0275851,0.97938,-0.200137,0.604023,0.175859,0.777322
0.809114,0.123043,0.662654,0.796489,0.11054,-0.594462,-0.0275851,0.988767,0.146901,0.604023,-0.100606,0.790591
0.809114,0.196416,0.559231,0.796489,0.307192,-0.520805,-0.0275851,0.878894,0.476219,0.604023,-0.364937,0.708503
0.809114,0.300736,0.48714,0.796489,0.466791,-0.384331,-0.0275851,0.663013,0.748099,0.604023,-0.585251,0.54096
0.809114,0.423421,0.455076,0.796489,0.570089,-0.201501,-0.0275851,0.367164,0.929747,0.604023,-0.734975,0.308168
0.809114,0.549674,0.466907,0.796489,0.604626,0.00563318,-0.0275851,0.0270287,0.999254,0.604023,-0.796051,0.0382067
0.809114,0.664267,0.521205,0.796489,0.566236,0.212088,-0.0275851,-0.316366,0.948236,0.604023,-0.76111,-0.236363
0.809114,0.753378,0.611422,0.796489,0.45955,0.392961,-0.0275851,-0.621603,0.782847,0.604023,-0.634369,-0.482423
0.809114,0.806259,0.726676,0.796489,0.297435,0.526438,-0.0275851,-0.851865,0.523034,0.604023,-0.431113,-0.670297
0.809114,0.816531,0.853065,0.796489,0.0994446,0.596419,-0.0275851,-0.97938,0.200137,0.604023,-0.175859,-0.777322
0.809114,0.782957,0.975346,0.796489,-0.11054,0.594462,-0.0275851,-0.988767,-0.146901,0.604023,0.100606,-0.790591
0.809114,0.709584,1.07877,0.796489,-0.307192,0.520805,-0.0275851,-0.878894,-0.476219,0.604023,0.364937,-0.708503
0.809114,0.605264,1.15086,0.796489,-0.466791,0.384331,-0.0275851,-0.663013,-0.748099,0.604023,0.585251,-0.54096
0.809114,0.482579,1.18292,0.796489,-0.570089,0.201501,-0.0275851,-0.367164,-0.929747,0.604023,0.734975,-0.308168
0.735846,0.540803,1.11789,0.567051,-0.730462,0.380628,0.127229,-0.378883,-0.916657,0.813797,0.568218,-0.12191
0.735846,0.433281,1.1299,0.567051,-0.816593,0.107841,0.127229,-0.0425187,-0.990962,0.813797,0.575646,0.0797842
0.735846,0.328138,1.1044,0.567051,-0.80423,-0.177954,0.127229,0.298974,-0.945742,0.813797,0.513643,0.271855
0.735846,0.238054,1.04448,0.567051,-0.694865,-0.442285,0.127229,0.604407,-0.786451,0.813797,0.389686,0.431137
0.735846,0.173897,0.957371,0.567051,-0.501689,-0.65327,0.127229,0.836939,-0.532303,0.813797,0.218728,0.538416
0.735846,0.143403,0.853567,0.567051,-0.248002,-0.78546,0.127229,0.968523,-0.213951,0.813797,0.0213878,0.580755
0.735846,0.150252,0.745594,0.567051,0.0355976,-0.822913,0.127229,0.98329,0.130206,0.813797,-0.178532,0.553046
0.735846,0.193616,0.646475,0.567051,0.314904,-0.76111,0.127229,0.879457,0.458659,0.813797,-0.356918,0.458632
0.735846,0.268266,0.568165,0.567051,0.556228,-0.607506,0.127229,0.669549,0.73179,0.813797,-0.492255,0.3089
0.735846,0.365197,0.520109,0.567051,0.730462,-0.380628,0.127229,0.378883,0.916657,0.813797,-0.568218,0.12191
0.735846,0.472719,0.508104,0.567051,0.816593,-0.107841,0.127229,0.0425187,0.990962,0.813797,-0.575646,-0.0797842
0.735846,0.577862,0.533598,0.567051,0.80423,0.177954,0.127229,-0.298974,0.945742,0.813797,-0.513643,-0.271855
0.735846,0.667946,0.593515,0.567051,0.694865,0.442285,0.127229,-0.604407,0.786451,0.813797,-0.389686,-0.431137
0.735846,0.732103,0.680629,0.567051,0.501689,0.65327,0.127229,-0.836939,0.532303,0.813797,-0.218728,-0.538416
0.735846,0.762597,0.784433,0.567051,0.248002,0.78546,0.127229,-0.968523,0.213951,0.813797,-0.0213878,-0.580755
0.735846,0.755748,0.892406,0.567051,-0.0355976,0.822913,0.127229,-0.98329,-0.130206,0.813797,0.178532,-0.553046
0.735846,0.712384,0.991525,0.567051,-0.314904,0.76111,0.127229,-0.879457,-0.458659,0.813797,0.356918,-0.458632
0.735846,0.637734,1.06984,0.567051,-0.556228,0.607506,0.127229,-0.669549,-0.73179,0.813797,0.492255,-0.3089
0.735846,0.540803,1.11789,0.567051,-0.730462,0.380628,0.127229,-0.378883,-0.916657,0.813797,0.568218,-0.12191
0.696852,0.612231,1.03811,0.269218,-0.82882,0.490488,0.266698,-0.425215,-0.864907,0.925416,0.363661,0.106569
0.696852,0.527688,1.07936,0.269218,-0.946593,0.177435,0.266698,-0.103756,-0.958179,0.925416,0.30528,0.224521
0.696852,0.434137,1.0892,0.269218,-0.950193,-0.15702,0.266698,0.230218,-0.93588,0.925416,0.210079,0.315393
0.696852,0.342861,1.06645,0.269218,-0.839185,-0.472535,0.266698,0.536424,-0.800701,0.925416,0.0895387,0.368224
0.696852,0.264869,1.01386,0.269218,-0.62696,-0.731056,0.266698,0.777929,-0.568945,0.925416,-0.0418011,0.376641
0.696852,0.209569,0.937764,0.269218,-0.339113,-0.901401,0.266698,0.925605,-0.268566,0.925416,-0.168099,0.33963
0.696852,0.18363,0.847343,0.269218,-0.010365,-0.963024,0.266698,0.961639,0.0642065,0.925416,-0.274122,0.261655
0.696852,0.190181,0.753504,0.269218,0.319633,-0.908491,0.266698,0.881685,0.389234,0.925416,-0.347081,0.15212
0.696852,0.228432,0.667564,0.269218,0.61108,-0.744381,0.266698,0.695387,0.667315,0.925416,-0.378178,0.024237
0.696852,0.293769,0.59989,0.269218,0.82882,-0.490488,0.266698,0.425215,0.864907,0.925416,-0.363661,-0.106569
0.696852,0.378312,0.558644,0.269218,0.946593,-0.177435,0.266698,0.103756,0.958179,0.925416,-0.30528,-0.224521
0.696852,0.471863,0.5488,0.269218,0.950193,0.15702,0.266698,-0.230218,0.93588,0.925416,-0.210079,-0.315393
0.696852,0.563139,0.571547,0.269218,0.839185,0.472535,0.266698,-0.536424,0.800701,0.925416,-0.0895387,-0.368224
0.696852,0.641131,0.62414,0.269218,0.62696,0.731056,0.266698,-0.777929,0.568945,0.925416,0.0418011,-0.376641
0.696852,0.696431,0.700236,0.269218,0.339113,0.901401,0.266698,-0.925605,0.268566,0.925416,0.168099,-0.33963
0.696852,0.72237,0.790657,0.269218,0.010365,0.963024,0.266698,-0.961639,-0.0642065,0.925416,0.274122,-0.261655
0.696852,0.715819,0.884496,0.269218,-0.319633,0.908491,0.266698,-0.881685,-0.389234,0.925416,0.347081,-0.15212
0.696852,0.677568,0.970436,0.269218,-0.61108,0.744381,0.266698,-0.695387,-0.667315,0.925416,0.378178,-0.024237
0.696852,0.612231,1.03811,0.269218,-0.82882,0.490488,0.266698,-0.425215,-0.864907,0.925416,0.363661,0.106569
0.696834,0.688247,0.953204,-0.061087,-0.8533,0.51783,0.373999,-0.500571,-0.780739,0.925415,0.145975,0.349711
0.696834,0.628159,1.02557,-0.061087,-0.978948,0.194755,0.373999,-0.203354,-0.90486,0.925415,0.0175631,0.378548
0.696834,0.546945,1.07302,-0.061087,-0.98652,-0.15181,0.373999,0.11839,-0.919842,0.925415,-0.112967,0.361725
0.696834,0.454399,1.08983,-0.061087,-0.875104,-0.480064,0.373999,0.425855,-0.823877,0.925415,-0.229872,0.301274
0.696834,0.361685,1.07398,-0.061087,-0.658137,-0.750416,0.373999,0.681955,-0.62854,0.925415,-0.31905,0.204484
0.696834,0.279984,1.02737,-0.061087,-0.361789,-0.930256,0.373999,0.855801,-0.357392,0.925415,-0.369747,0.0830304
0.696834,0.219152,0.955628,-0.061087,-0.0218042,-0.997894,0.373999,0.926425,-0.0431373,0.925415,-0.375846,-0.0484378
0.696834,0.186526,0.867408,-0.061087,0.320811,-0.945171,0.373999,0.885309,0.27632,0.925415,-0.336613,-0.174064
0.696834,0.18604,0.773349,-0.061087,0.624731,-0.778447,0.373999,0.737411,0.56245,0.925415,-0.25678,-0.278695
0.696834,0.217753,0.684796,-0.061087,0.8533,-0.51783,0.373999,0.500571,0.780739,0.925415,-0.145975,-0.349711
0.696834,0.277841,0.61243,-0.061087,0.978948,-0.194755,0.373999,0.203354,0.90486,0.925415,-0.0175631,-0.378548
0.696834,0.359055,0.56498,-0.061087,0.98652,0.15181,0.373999,-0.11839,0.919842,0.925415,0.112967,-0.361725
0.696834,0.451601,0.548168,-0.061087,0.875104,0.480064,0.373999,-0.425855,0.823877,0.925415,0.229872,-0.301274
0.696834,0.544315,0.564023,-0.061087,0.658137,0.750416,0.373999,-0.681955,0.62854,0.925415,0.31905,-0.204484
0.696834,0.626016,0.610631,-0.061087,0.361789,0.930256,0.373999,-0.855801,0.357392,0.925415,0.369747,-0.0830304
0.696834,0.686848,0.682372,-0.061087,0.0218042,0.997894,0.373999,-0.926425,0.0431373,0.925415,0.375846,0.0484378
0.696834,0.719474,0.770592,-0.061087,-0.320811,0.945171,0.373999,-0.885309,-0.27632,0.925415,0.336613,0.174064
0.696834,0.71996,0.864651,-0.061087,-0.624731,0.778447,0.373999,-0.737411,-0.56245,0.925415,0.25678,0.278695
0.696834,0.688247,0.953204,-0.061087,-0.8533,0.51783,0.373999,-0.500571,-0.780739,0.925415,0.145975,0.349711
0.735794,0.759683,0.873414,-0.384024,-0.800948,0.459356,0.43619,-0.595861,-0.674305,0.813796,-0.0585828,0.57819
0.735794,0.722577,0.975024,-0.384024,-0.909754,0.157713,0.43619,-0.3293,-0.837436,0.813796,-0.252803,0.523285
0.735794,0.652956,1.05782,-0.384024,-0.90883,-0.162952,0.43619,-0.023021,-0.89956,0.813796,-0.416531,0.405263
0.735794,0.559218,1.1118,-0.384024,-0.798288,-0.463963,0.43619,0.286035,-0.853184,0.813796,-0.530019,0.238361
0.735794,0.452667,1.13047,-0.384024,-0.591461,-0.709013,0.43619,0.560591,-0.703901,0.813796,-0.579579,0.0427089
0.735794,0.346157,1.11158,-0.384024,-0.313294,-0.868546,0.43619,0.767531,-0.469717,0.813796,-0.559233,-0.158094
0.735794,0.252534,1.05739,-0.384024,0.00265974,-0.923319,0.43619,0.881896,-0.178878,0.813796,-0.471436,-0.339829
0.735794,0.18309,0.974448,-0.384024,0.318293,-0.866727,0.43619,0.889891,0.133536,0.813796,-0.326777,-0.480576
0.735794,0.146201,0.872759,-0.384024,0.595536,-0.705594,0.43619,0.790552,0.429843,0.813796,-0.142703,-0.563358
0.735794,0.146317,0.764586,-0.384024,0.800948,-0.459356,0.43619,0.595861,0.674305,0.813796,0.0585828,-0.57819
0.735794,0.183423,0.662976,-0.384024,0.909754,-0.157713,0.43619,0.3293,0.837436,0.813796,0.252803,-0.523285
0.735794,0.253044,0.580184,-0.384024,0.90883,0.162952,0.43619,0.023021,0.89956,0.813796,0.416531,-0.405263
0.735794,0.346782,0.526197,-0.384024,0.798288,0.463963,0.43619,-0.286035,0.853184,0.813796,0.530019,-0.238361
0.735794,0.453333,0.507527,-0.384024,0.591461,0.709013,0.43619,-0.560591,0.703901,0.813796,0.579579,-0.0427089
0.735794,0.559843,0.526425,-0.384024,0.313294,0.868546,0.43619,-0.767531,0.469717,0.813796,0.559233,0.158094
0.735794,0.653466,0.580612,-0.384024,-0.00265974,0.923319,0.43619,-0.881896,0.178878,0.813796,0.471436,0.339829
0.735794,0.72291,0.663552,-0.384024,-0.318293,0.866727,0.43619,-0.889891,-0.133536,0.813796,0.326777,0.480576
0.735794,0.759799,0.765241,-0.384024,-0.595536,0.705594,0.43619,-0.790552,-0.429843,0.813796,0.142703,0.563358
0.735794,0.759683,0.873414,-0.384024,-0.800948,0.459356,0.43619,-0.595861,-0.674305,0.813796,-0.0585828,0.57819
0.809034,0.817923,0.808364,-0.660642,-0.678079,0.322119,0.44577,-0.699593,-0.558443,0.604021,-0.22534,0.764448
0.809034,0.799553,0.933816,-0.660642,-0.747357,0.0707764,0.44577,-0.466404,-0.76404,0.604021,-0.473207,0.641275
0.809034,0.739384,1.04542,-0.660642,-0.726493,-0.189103,0.44577,-0.176959,-0.877482,0.604021,-0.663998,0.440756
0.809034,0.644673,1.12971,-0.660642,-0.618003,-0.426174,0.44577,0.133829,-0.885087,0.604021,-0.774701,0.187074
0.809034,0.526843,1.17653,-0.660642,-0.434973,-0.611842,0.44577,0.428476,-0.785937,0.604021,-0.791964,-0.0891712
0.809034,0.400106,1.18023,-0.660642,-0.199478,-0.723713,0.44577,0.671442,-0.591992,0.604021,-0.713704,-0.354661
0.809034,0.27975,1.14035,-0.660642,0.0600762,-0.748294,0.44577,0.833422,-0.326644,0.604021,-0.549361,-0.577374
0.809034,0.18029,1.06172,-0.660642,0.312385,-0.682619,0.44577,0.89488,-0.0218976,0.604021,-0.318757,-0.730447
0.809034,0.113722,0.953806,-0.660642,0.527015,-0.53461,0.44577,0.848401,0.28549,0.604021,-0.0497066,-0.795417
0.809034,0.0880772,0.829636,-0.660642,0.678079,-0.322119,0.44577,0.699593,0.558443,0.604021,0.22534,-0.764448
0.809034,0.106447,0.704184,-0.660642,0.747357,-0.0707764,0.44577,0.466404,0.76404,0.604021,0.473207,-0.641275
0.809034,0.166616,0.59258,-0.660642,0.726493,0.189103,0.44577,0.176959,0.877482,0.604021,0.663998,-0.440756
0.809034,0.261327,0.508286,-0.660642,0.618003,0.426174,0.44577,-0.133829,0.885087,0.604021,0.774701,-0.187074
0.809034,0.379157,0.461468,-0.660642,0.434973,0.611842,0.44577,-0.428476,0.785937,0.604021,0.791964,0.0891712
0.809034,0.505894,0.457774,-0.660642,0.199478,0.723713,0.44577,-0.671442,0.591992,0.604021,0.713704,0.354661
0.809034,0.62625,0.49765,-0.660642,-0.0600762,0.748294,0.44577,-0.833422,0.326644,0.604021,0.549361,0.577374
0.809034,0.72571,0.576284,-0.660642,-0.312385,0.682619,0.44577,-0.89488,0.0218976,0.604021,0.318757,0.730447
0.809034,0.792278,0.684194,-0.660642,-0.527015,0.53461,0.44577,-0.848401,-0.28549,0.604021,0.0497066,0.795417
0.809034,0.817923,0.808364,-0.660642,-0.678079,0.322119,0.44577,-0.699593,-0.558443,0.604021,-0.22534,0.764448
0.90772,0.855941,0.765899,-0.857576,-0.499514,0.122672,0.401584,-0.799255,-0.447127,0.321392,-0.334182,0.886019
0.90772,0.849803,0.906916,-0.857576,-0.511346,-0.0555697,0.401584,-0.598127,-0.693523,0.321392,-0.617065,0.718288
0.90772,0.795803,1.03733,-0.857576,-0.461502,-0.227109,0.401584,-0.324857,-0.85627,0.321392,-0.82552,0.463922
0.90772,0.700457,1.14141,-0.857576,-0.355994,-0.371256,0.401584,-0.0124042,-0.915738,0.321392,-0.934406,0.153599
0.90772,0.575264,1.2066,-0.857576,-0.207548,-0.470623,0.401584,0.301545,-0.864755,0.321392,-0.930588,-0.17525
0.90772,0.435324,1.22504,-0.857576,-0.0340688,-0.513227,0.401584,0.579123,-0.709469,0.321392,-0.814528,-0.482961
0.90772,0.297516,1.19451,-0.857576,0.14352,-0.493928,0.401584,0.78685,-0.468611,0.321392,-0.600224,-0.73242
0.90772,0.178461,1.11868,-0.857576,0.303798,-0.415054,0.401584,0.899672,-0.171232,0.321392,-0.313523,-0.893538
0.90772,0.0925204,1.00671,-0.857576,0.427433,-0.286118,0.401584,0.90398,0.146801,0.321392,0.0109923,-0.946882
0.90772,0.0500586,0.872101,-0.857576,0.499514,-0.122672,0.401584,0.799255,0.447127,0.321392,0.334182,-0.886019
0.90772,0.0561974,0.731084,-0.857576,0.511346,0.0555697,0.401584,0.598127,0.693523,0.321392,0.617065,-0.718288
0.90772,0.110197,0.600672,-0.857576,0.461502,0.227109,0.401584,0.324857,0.85627,0.321392,0.82552,-0.463922
0.90772,0.205543,0.496593,-0.857576,0.355994,0.371256,0.401584,0.0124042,0.915738,0.321392,0.934406,-0.153599
0.90772,0.330736,0.431401,-0.857576,0.207548,0.470623,0.401584,-0.301545,0.864755,0.321392,0.930588,0.17525
0.90772,0.470676,0.412959,-0.857576,0.0340688,0.513227,0.401584,-0.579123,0.709469,0.321392,0.814528,0.482961
0.90772,0.608484,0.443492,-0.857576,-0.14352,0.493928,0.401584,-0.78685,0.468611,0.321392,0.600224,0.73242
0.90772,0.727539,0.519317,-0.857576,-0.303798,0.415054,0.401584,-0.899672,0.171232,0.321392,0.313523,0.893538
0.90772,0.81348,0.631288,-0.857576,-0.427433,0.286118,0.401584,-0.90398,-0.146801,0.321392,-0.0109923,0.946882
0.90772,0.855941,0.765899,-0.857576,-0.499514,0.122672,0.401584,-0.799255,-0.447127,0.321392,-0.334182,0.886019
0.883612,0.304708,1.1894,0.961642,-0.268828,-0.054559,-0.0812368,-0.0891272,-0.992702,0.262003,0.959056,-0.107547
0.883612,0.186967,1.11634,0.961642,-0.233955,-0.143213,-0.0812368,0.255772,-0.963318,0.262003,0.938001,0.226955
0.883612,0.101313,1.00742,0.961642,-0.170864,-0.214594,-0.0812368,0.569821,-0.817744,0.262003,0.803809,0.534083
0.883612,0.0580782,0.875775,0.961642,-0.0871643,-0.260091,-0.0812368,0.815141,-0.573537,0.262003,0.572666,0.776793
0.883612,0.0624767,0.73728,0.961642,0.00704871,-0.274218,-0.0812368,0.962144,-0.260154,0.262003,0.272452,0.92581
0.883612,0.113978,0.608641,0.961642,0.100412,-0.255269,-0.0812368,0.993097,0.0846077,0.262003,-0.060625,0.963161
0.883612,0.20637,0.505375,0.961642,0.181663,-0.205532,-0.0812368,0.904269,0.419164,0.262003,-0.386389,0.88434
0.883612,0.32851,0.439937,0.961642,0.241004,-0.131004,-0.0812368,0.706372,0.703164,0.262003,-0.665549,0.698855
0.883612,0.465665,0.420219,0.961642,0.271276,-0.0406757,-0.0812368,0.423276,0.902351,0.262003,-0.864434,0.429078
0.883612,0.601292,0.4486,0.961642,0.268828,0.054559,-0.0812368,0.0891272,0.992702,0.262003,-0.959056,0.107547
0.883612,0.719033,0.521657,0.961642,0.233955,0.143213,-0.0812368,-0.255772,0.963318,0.262003,-0.938001,-0.226955
0.883612,0.804687,0.630578,0.961642,0.170864,0.214594,-0.0812368,-0.569821,0.817744,0.262003,-0.803809,-0.534083
0.883612,0.847922,0.762225,0.961642,0.0871643,0.260091,-0.0812368,-0.815141,0.573537,0.262003,-0.572666,-0.776793
0.883612,0.843523,0.90072,0.961642,-0.00704871,0.274218,-0.0812368,-0.962144,0.260154,0.262003,-0.272452,-0.92581
0.883612,0.792022,1.02936,0.961642,-0.100412,0.255269,-0.0812368,-0.993097,-0.0846077,0.262003,0.060625,-0.963161
0.883612,0.69963,1.13262,0.961642,-0.181663,0.205532,-0.0812368,-0.904269,-0.419164,0.262003,0.386389,-0.88434
0.883612,0.57749,1.19806,0.961642,-0.241004,0.131004,-0.0812368,-0.706372,-0.703164,0.262003,0.665549,-0.698855
0.883612,0.440335,1.21778,0.961642,-0.271276,0.0406757,-0.0812368,-0.423276,-0.902351,0.262003,0.864434,-0.429078
0.883612,0.304708,1.1894,0.961642,-0.268828,-0.054559,-0.0812368,-0.0891272,-0.992702,0.262003,0.959056,-0.107547
0.763622,0.350903,1.1378,0.856221,-0.482636,0.184252,0.156285,-0.0979541,-0.982843,0.492403,0.870326,-0.00844136
0.763622,0.248023,1.08366,0.856221,-0.516547,0.00806931,0.156285,0.244105,-0.957072,0.492403,0.820726,0.289737
0.763622,0.169867,0.99759,0.856221,-0.488155,-0.169087,0.156285,0.556722,-0.815865,0.492403,0.672135,0.552968
0.763622,0.12586,0.889983,0.856221,-0.400885,-0.325849,0.156285,0.80219,-0.576252,0.492403,0.442474,0.749504
0.763622,0.121312,0.773814,0.856221,-0.265262,-0.443308,0.156285,0.950902,-0.267135,0.492403,0.159444,0.855638
0.763622,0.15677,0.663095,0.856221,-0.0976442,-0.507298,0.156285,0.984921,0.0742029,0.492403,-0.142817,0.85857
0.763622,0.227957,0.57118,0.856221,0.0817508,-0.510101,0.156285,0.900144,0.406591,0.492403,-0.427853,0.757945
0.763622,0.326289,0.509156,0.856221,0.251285,-0.451378,0.156285,0.706796,0.689938,0.492403,-0.661283,0.565901
0.763622,0.439903,0.484504,0.856221,0.390511,-0.338212,0.156285,0.428199,0.890068,0.492403,-0.814952,0.305601
0.763622,0.555097,0.500197,0.856221,0.482636,-0.184252,0.156285,0.0979541,0.982843,0.492403,-0.870326,0.00844136
0.763622,0.657977,0.554343,0.856221,0.516547,-0.00806931,0.156285,-0.244105,0.957072,0.492403,-0.820726,-0.289737
0.763622,0.736133,0.64041,0.856221,0.488155,0.169087,0.156285,-0.556722,0.815865,0.492403,-0.672135,-0.552968
0.763622,0.78014,0.748017,0.856221,0.400885,0.325849,0.156285,-0.80219,0.576252,0.492403,-0.442474,-0.749504
0.763622,0.784688,0.864186,0.856221,0.265262,0.443308,0.156285,-0.950902,0.267135,0.492403,-0.159444,-0.855638
0.763622,0.74923,0.974905,0.856221,0.0976442,0.507298,0.156285,-0.984921,-0.0742029,0.492403,0.142817,-0.85857
0.763622,0.678043,1.06682,0.856221,-0.0817508,0.510101,0.156285,-0.900144,-0.406591,0.492403,0.427853,-0.757945
0.763622,0.579711,1.12884,0.856221,-0.251285,0.451378,0.156285,-0.706796,-0.689938,0.492403,0.661283,-0.565901
0.763622,0.466097,1.1535,0.856221,-0.390511,0.338212,0.156285,-0.428199,-0.890068,0.492403,0.814952,-0.305601
0.763622,0.350903,1.1378,0.856221,-0.482636,0.184252,0.156285,-0.0979541,-0.982843,0.492403,0.870326,-0.00844136
0.674556,0.421686,1.05874,0.647527,-0.659499,0.381798,0.374957,-0.160436,-0.913054,0.663413,0.734385,0.143397
0.674556,0.341578,1.03357,0.647527,-0.750309,0.133211,0.374957,0.161522,-0.912862,0.663413,0.641051,0.385924
0.674556,0.274909,0.982525,0.647527,-0.750621,-0.131443,0.374957,0.463998,-0.802566,0.663413,0.470397,0.581902
0.674556,0.229721,0.911752,0.647527,-0.660397,-0.380244,0.374957,0.71051,-0.595469,0.663413,0.243007,0.707695
0.674556,0.211463,0.829793,0.647527,-0.490519,-0.583181,0.374957,0.871323,-0.316549,0.663413,-0.0136942,0.748128
0.674556,0.222338,0.746531,0.647527,-0.261477,-0.715779,0.374957,0.927042,0.000551235,0.663413,-0.268743,0.698327
0.674556,0.261034,0.672011,0.647527,-0.000897493,-0.762042,0.374957,0.870946,0.317585,0.663413,-0.491378,0.564297
0.674556,0.322885,0.615219,0.647527,0.25979,-0.716392,0.374957,0.709801,0.596313,0.663413,-0.654745,0.362205
0.674556,0.400429,0.583007,0.647527,0.489144,-0.584335,0.374957,0.463044,0.803117,0.663413,-0.739141,0.116425
0.674556,0.484314,0.579258,0.647527,0.659499,-0.381798,0.374957,0.160436,0.913054,0.663413,-0.734385,-0.143397
0.674556,0.564422,0.604426,0.647527,0.750309,-0.133211,0.374957,-0.161522,0.912862,0.663413,-0.641051,-0.385924
0.674556,0.631091,0.655475,0.647527,0.750621,0.131443,0.374957,-0.463998,0.802566,0.663413,-0.470397,-0.581902
0.674556,0.676279,0.726248,0.647527,0.660397,0.380244,0.374957,-0.71051,0.595469,0.663413,-0.243007,-0.707695
0.674556,0.694537,0.808207,0.647527,0.490519,0.583181,0.374957,-0.871323,0.316549,0.663413,0.0136942,-0.748128
0.674556,0.683662,0.891469,0.647527,0.261477,0.715779,0.374957,-0.927042,-0.000551235,0.663413,0.268743,-0.698327
0.674556,0.644966,0.965989,0.647527,0.000897493,0.762042,0.374957,-0.870946,-0.317585,0.663413,0.491378,-0.564297
0.674556,0.583115,1.02278,0.647527,-0.25979,0.716392,0.374957,-0.709801,-0.596313,0.663413,0.654745,-0.362205
0.674556,0.505571,1.05499,0.647527,-0.489144,0.584335,0.374957,-0.463044,-0.803117,0.663413,0.739141,-0.116425
0.674556,0.421686,1.05874,0.647527,-0.659499,0.381798,0.374957,-0.160436,-0.913054,0.663413,0.734385,0.143397
0.627155,0.50852,0.961753,0.360731,-0.778086,0.514252,0.548404,-0.269038,-0.791753,0.754404,0.567628,0.329655
0.627155,0.456348,0.972133,0.360731,-0.907046,0.217118,0.548404,0.0179827,-0.83602,0.754404,0.420647,0.503914
0.627155,0.403771,0.964043,0.360731,-0.926603,-0.106204,0.548404,0.302834,-0.779452,0.754404,0.22293,0.617395
0.627155,0.357132,0.938459,0.360731,-0.834399,-0.416716,0.548404,0.551159,-0.62887,0.754404,-0.00167549,0.656408
0.627155,0.322057,0.898466,0.360731,-0.641553,-0.676966,0.548404,0.733006,-0.402437,0.754404,-0.226079,0.616248
0.627155,0.302775,0.848888,0.360731,-0.371327,-0.855564,0.548404,0.826442,-0.127464,0.754404,-0.423214,0.50176
0.627155,0.301612,0.795705,0.360731,-0.0563129,-0.930968,0.548404,0.820197,0.162883,0.754404,-0.569303,0.326753
0.627155,0.318709,0.745333,0.360731,0.265493,-0.894084,0.548404,0.715023,0.433584,0.754404,-0.646726,0.112334
0.627155,0.352003,0.703845,0.360731,0.555277,-0.74936,0.548404,0.523608,0.651988,0.754404,-0.646144,-0.115634
0.627155,0.39748,0.676247,0.360731,0.778086,-0.514252,0.548404,0.269038,0.791753,0.754404,-0.567628,-0.329655
0.627155,0.449652,0.665867,0.360731,0.907046,-0.217118,0.548404,-0.0179827,0.83602,0.754404,-0.420647,-0.503914
0.627155,0.502229,0.673957,0.360731,0.926603,0.106204,0.548404,-0.302834,0.779452,0.754404,-0.22293,-0.617395
0.627155,0.548868,0.699541,0.360731,0.834399,0.416716,0.548404,-0.551159,0.62887,0.754404,0.00167549,-0.656408
0.627155,0.583943,0.739534,0.360731,0.641553,0.676966,0.548404,-0.733006,0.402437,0.754404,0.226079,-0.616248
0.627155,0.603225,0.789112,0.360731,0.371327,0.855564,0.548404,-0.826442,0.127464,0.754404,0.423214,-0.50176
0.627155,0.604388,0.842295,0.360731,0.0563129,0.930968,0.548404,-0.820197,-0.162883,0.754404,0.569303,-0.326753
0.627155,0.587291,0.892667,0.360731,-0.265493,0.894084,0.548404,-0.715023,-0.433584,0.754404,0.646726,-0.112334
0.627155,0.553997,0.934155,0.360731,-0.555277,0.74936,0.548404,-0.523608,-0.651988,0.754404,0.646144,0.115634
0.627155,0.50852,0.961753,0.360731,-0.778086,0.514252,0.548404,-0.269038,-0.791753,0.754404,0.567628,0.329655
0.627137,0.600932,0.858535,0.0304265,-0.824092,0.565639,0.655705,-0.410659,-0.63357,0.754404,0.390169,0.527866
0.627137,0.578488,0.906747,0.0304265,-0.967853,0.24967,0.655705,-0.1692,-0.735814,0.754404,0.186098,0.629477
0.627137,0.540909,0.944374,0.0304265,-0.994876,-0.0964116,0.655705,0.0926677,-0.749309,0.754404,-0.0404187,0.655165
0.627137,0.492727,0.96688,0.0304265,-0.901903,-0.430865,0.655705,0.343358,-0.672426,0.754404,-0.262061,0.601829
0.627137,0.439753,0.971549,0.0304265,-0.700147,-0.71335,0.655705,0.552634,-0.514438,0.754404,-0.452094,0.475905
0.627137,0.388377,0.957819,0.0304265,-0.413943,-0.909794,0.655705,0.695255,-0.294402,0.754404,-0.587599,0.292579
0.627137,0.344796,0.927345,0.0304265,-0.0778115,-0.996504,0.655705,0.754017,-0.0388562,0.754404,-0.65223,0.0739635
0.627137,0.314265,0.883803,0.0304265,0.267705,-0.96302,0.655705,0.721834,0.221376,0.754404,-0.638193,-0.153573
0.627137,0.300468,0.832445,0.0304265,0.580933,-0.813382,0.655705,0.602587,0.454907,0.754404,-0.54718,-0.362586
0.627137,0.305068,0.779465,0.0304265,0.824092,-0.565639,0.655705,0.410659,0.63357,0.754404,-0.390169,-0.527866
0.627137,0.327512,0.731253,0.0304265,0.967853,-0.24967,0.655705,0.1692,0.735814,0.754404,-0.186098,-0.629477
0.627137,0.365091,0.693626,0.0304265,0.994876,0.0964116,0.655705,-0.0926677,0.749309,0.754404,0.0404187,-0.655165
0.627137,0.413273,0.67112,0.0304265,0.901903,0.430865,0.655705,-0.343358,0.672426,0.754404,0.262061,-0.601829
0.627137,0.466247,0.666451,0.0304265,0.700147,0.71335,0.655705,-0.552634,0.514438,0.754404,0.452094,-0.475905
0.627137,0.517623,0.680181,0.0304265,0.413943,0.909794,0.655705,-0.695255,0.294402,0.754404,0.587599,-0.292579
0.627137,0.561204,0.710655,0.0304265,0.0778115,0.996504,0.655705,-0.754017,0.0388562,0.754404,0.65223,-0.0739635
0.627137,0.591735,0.754197,0.0304265,-0.267705,0.96302,0.655705,-0.721834,-0.221376,0.754404,0.638193,0.153573
0.627137,0.605532,0.805555,0.0304265,-0.580933,0.813382,0.655705,-0.602587,-0.454907,0.754404,0.54718,0.362586
0.627137,0.600932,0.858535,0.0304265,-0.824092,0.565639,0.655705,-0.410659,-0.63357,0.754404,0.390169,0.527866
0.674504,0.687774,0.761537,-0.303548,-0.791968,0.529759,0.683918,-0.568219,-0.457584,0.663411,0.223413,0.714123
0.674504,0.693269,0.8453,-0.303548,-0.925395,0.226941,0.683918,-0.377448,-0.624331,0.663411,-0.0343053,0.747468
0.674504,0.669783,0.925891,-0.303548,-0.947205,-0.103249,0.683918,-0.141151,-0.715774,0.663411,-0.287886,0.690657
0.674504,0.620151,0.993589,-0.303548,-0.854769,-0.420985,0.683918,0.11217,-0.720884,0.663411,-0.506743,0.550543
0.674504,0.550358,1.04023,-0.303548,-0.659234,-0.687945,0.683918,0.351963,-0.639045,0.663411,-0.664479,0.344025
0.674504,0.468821,1.06019,-0.303548,-0.384187,-0.871928,0.683918,0.549303,-0.480128,0.663411,-0.742069,0.0960123
0.674504,0.385377,1.05105,-0.303548,-0.0628003,-0.950744,0.683918,0.680389,-0.2633,0.663411,-0.730155,-0.163581
0.674504,0.310089,1.01393,-0.303548,0.266161,-0.914886,0.683918,0.729411,-0.014714,0.663411,-0.630174,-0.403443
0.674504,0.252038,0.953294,-0.303548,0.563019,-0.76868,0.683918,0.690454,0.235646,0.663411,-0.454184,-0.594645
0.674504,0.218226,0.876463,-0.303548,0.791968,-0.529759,0.683918,0.568219,0.457584,0.663411,-0.223413,-0.714123
0.674504,0.212731,0.7927,-0.303548,0.925395,-0.226941,0.683918,0.377448,0.624331,0.663411,0.0343053,-0.747468
0.674504,0.236217,0.712109,-0.303548,0.947205,0.103249,0.683918,0.141151,0.715774,0.663411,0.287886,-0.690657
0.674504,0.285849,0.644411,-0.303548,0.854769,0.420985,0.683918,-0.11217,0.720884,0.663411,0.506743,-0.550543
0.674504,0.355642,0.597771,-0.303548,0.659234,0.687945,0.683918,-0.351963,0.639045,0.663411,0.664479,-0.344025
0.674504,0.437179,0.577815,-0.303548,0.384187,0.871928,0.683918,-0.549303,0.480128,0.663411,0.742069,-0.0960123
0.674504,0.520623,0.586949,-0.303548,0.0628003,0.950744,0.683918,-0.680389,0.2633,0.663411,0.730155,0.163581
0.674504,0.595911,0.624071,-0.303548,-0.266161,0.914886,0.683918,-0.729411,0.014714,0.663411,0.630174,0.403443
0.674504,0.653962,0.684706,-0.303548,-0.563019,0.76868,0.683918,-0.690454,-0.235646,0.663411,0.454184,0.594645
0.674504,0.687774,0.761537,-0.303548,-0.791968,0.529759,0.683918,-0.568219,-0.457584,0.663411,0.223413,0.714123
0.763543,0.758573,0.682459,-0.60091,-0.68559,0.410941,0.629641,-0.722713,-0.285023,0.492402,0.0874715,0.865962
0.763543,0.786844,0.795206,-0.60091,-0.784794,0.151672,0.629641,-0.581645,-0.515017,0.492402,-0.21398,0.843655
0.763543,0.774849,0.910822,-0.60091,-0.78934,-0.12589,0.629641,-0.370421,-0.682892,0.492402,-0.489622,0.719591
0.763543,0.724034,1.01536,-0.60091,-0.69868,-0.388268,0.629641,-0.114519,-0.7684,0.492402,-0.706209,0.508733
0.763543,0.640528,1.09622,-0.60091,-0.523749,-0.603816,0.629641,0.155195,-0.761227,0.492402,-0.837616,0.236515
0.763543,0.534404,1.14364,-0.60091,-0.285646,-0.746534,0.629641,0.406191,-0.66224,0.492402,-0.867995,-0.06423
0.763543,0.418461,1.1519,-0.60091,-0.0130899,-0.799209,0.629641,0.608194,-0.483376,0.492402,-0.79368,-0.357228
0.763543,0.306684,1.12001,-0.60091,0.261045,-0.755488,0.629641,0.73684,-0.246211,0.492402,-0.623636,-0.607139
0.763543,0.212555,1.05182,-0.60091,0.503694,-0.620644,0.629641,0.776612,0.0206518,0.492402,-0.378373,-0.783821
0.763543,0.147427,0.955541,-0.60091,0.68559,-0.410941,0.629641,0.722713,0.285023,0.492402,-0.0874715,-0.865962
0.763543,0.119156,0.842794,-0.60091,0.784794,-0.151672,0.629641,0.581645,0.515017,0.492402,0.21398,-0.843655
0.763543,0.131151,0.727178,-0.60091,0.78934,0.12589,0.629641,0.370421,0.682892,0.492402,0.489622,-0.719591
0.763543,0.181966,0.622637,-0.60091,0.69868,0.388268,0.629641,0.114519,0.7684,0.492402,0.706209,-0.508733
0.763543,0.265472,0.54178,-0.60091,0.523749,0.603816,0.629641,-0.155195,0.761227,0.492402,0.837616,-0.236515
0.763543,0.371596,0.49436,-0.60091,0.285646,0.746534,0.629641,-0.406191,0.66224,0.492402,0.867995,0.06423
0.763543,0.487539,0.486096,-0.60091,0.0130899,0.799209,0.629641,-0.608194,0.483376,0.492402,0.79368,0.357228
0.763543,0.599316,0.517985,-0.60091,-0.261045,0.755488,0.629641,-0.73684,0.246211,0.492402,0.623636,0.607139
0.763543,0.693445,0.586182,-0.60091,-0.503694,0.620644,0.629641,-0.776612,-0.0206518,0.492402,0.378373,0.783821
0.763543,0.758573,0.682459,-0.60091,-0.68559,0.410941,0.629641,-0.722713,-0.285023,0.492402,0.0874715,0.865962
0.883514,0.804789,0.630839,-0.825794,-0.517788,0.223516,0.499419,-0.855508,-0.1367,0.262001,-0.00125763,0.965067
0.883514,0.847928,0.762505,-0.825794,-0.563009,0.032942,0.499419,-0.75716,-0.421056,0.262001,-0.331254,0.906436
0.883514,0.843434,0.900985,-0.825794,-0.540322,-0.161605,0.499419,-0.567488,-0.654628,0.262001,-0.621296,0.738476
0.883514,0.791847,1.02958,-0.825794,-0.452464,-0.33666,0.499419,-0.309369,-0.809241,0.262001,-0.836401,0.481444
0.883514,0.69939,1.13277,-0.825794,-0.310033,-0.471109,0.499419,-0.0139346,-0.866248,0.262001,-0.950624,0.166344
0.883514,0.577215,1.19812,-0.825794,-0.130207,-0.548735,0.499419,0.28318,-0.818773,0.262001,-0.950187,-0.168821
0.883514,0.440058,1.21774,-0.825794,0.065324,-0.560176,0.499419,0.546139,-0.672542,0.262001,-0.835144,-0.483623
0.883514,0.304462,1.18927,-0.825794,0.252976,-0.504051,0.499419,0.743226,-0.445192,0.262001,-0.61937,-0.740092
0.883514,0.186782,1.11613,-0.825794,0.410115,-0.38713,0.499419,0.850668,-0.164145,0.262001,-0.328891,-0.907296
0.883514,0.101211,1.00716,-0.825794,0.517788,-0.223516,0.499419,0.855508,0.1367,0.262001,0.00125763,-0.965067
0.883514,0.0580718,0.875495,-0.825794,0.563009,-0.032942,0.499419,0.75716,0.421056,0.262001,0.331254,-0.906436
0.883514,0.0625665,0.737015,-0.825794,0.540322,0.161605,0.499419,0.567488,0.654628,0.262001,0.621296,-0.738476
0.883514,0.114153,0.608423,-0.825794,0.452464,0.33666,0.499419,0.309369,0.809241,0.262001,0.836401,-0.481444
0.883514,0.20661,0.50523,-0.825794,0.310033,0.471109,0.499419,0.0139346,0.866248,0.262001,0.950624,-0.166344
0.883514,0.328785,0.439882,-0.825794,0.130207,0.548735,0.499419,-0.28318,0.818773,0.262001,0.950187,0.168821
0.883514,0.465942,0.420261,-0.825794,-0.065324,0.560176,0.499419,-0.546139,0.672542,0.262001,0.835144,0.483623
0.883514,0.601538,0.448735,-0.825794,-0.252976,0.504051,0.499419,-0.743226,0.445192,0.262001,0.61937,0.740092
0.883514,0.719218,0.521867,-0.825794,-0.410115,0.38713,0.499419,-0.850668,0.164145,0.262001,0.328891,0.907296
0.883514,0.804789,0.630839,-0.825794,-0.517788,0.223516,0.499419,-0.855508,-0.1367,0.262001,-0.00125763,0.965067
0.875863,0.182719,1.10876,0.985232,-0.164356,-0.0480182,-0.00862081,0.232467,-0.972566,0.17101,0.958617,0.227617
0.875863,0.0999154,0.998844,0.985232,-0.138021,-0.101336,-0.00862081,0.551085,-0.834405,0.17101,0.822956,0.541756
0.875863,0.0596986,0.867236,0.985232,-0.0950388,-0.14243,-0.00862081,0.803233,-0.595602,0.17101,0.588034,0.790552
0.875863,0.0669197,0.72981,0.985232,-0.0405932,-0.166346,-0.00862081,0.9585,-0.284961,0.17101,0.282186,0.943995
0.875863,0.120708,0.603142,0.985232,0.0187485,-0.170198,-0.00862081,0.998158,0.0600508,0.17101,-0.0576967,0.983578
0.875863,0.214575,0.502509,0.985232,0.0758289,-0.153521,-0.00862081,0.917423,0.397819,0.17101,-0.390621,0.904528
0.875863,0.3372,0.44005,0.985232,0.123763,-0.118328,-0.00862081,0.726034,0.687605,0.17101,-0.67643,0.716378
0.875863,0.473792,0.423298,0.985232,0.15677,-0.0688622,-0.00862081,0.447073,0.894456,0.17101,-0.880652,0.441822
0.875863,0.607877,0.454273,0.985232,0.170868,-0.0110908,-0.00862081,0.11419,0.993422,0.17101,-0.978655,0.113976
0.875863,0.723281,0.529239,0.985232,0.164356,0.0480182,-0.00862081,-0.232467,0.972566,0.17101,-0.958617,-0.227617
0.875863,0.806085,0.639156,0.985232,0.138021,0.101336,-0.00862081,-0.551085,0.834405,0.17101,-0.822956,-0.541756
0.875863,0.846301,0.770764,0.985232,0.0950388,0.14243,-0.00862081,-0.803233,0.595602,0.17101,-0.588034,-0.790552
0.875863,0.83908,0.90819,0.985232,0.0405932,0.166346,-0.00862081,-0.9585,0.284961,0.17101,-0.282186,-0.943995
0.875863,0.785292,1.03486,0.985232,-0.0187485,0.170198,-0.00862081,-0.998158,-0.0600508,0.17101,0.0576967,-0.983578
0.875863,0.691425,1.13549,0.985232,-0.0758289,0.153521,-0.00862081,-0.917423,-0.397819,0.17101,0.390621,-0.904528
0.875863,0.5688,1.19795,0.985232,-0.123763,0.118328,-0.00862081,-0.726034,-0.687605,0.17101,0.67643,-0.716378
0.875863,0.432208,1.2147,0.985232,-0.15677,0.0688622,-0.00862081,-0.447073,-0.894456,0.17101,0.880652,-0.441822
0.875863,0.298123,1.18373,0.985232,-0.170868,0.0110908,-0.00862081,-0.11419,-0.993422,0.17101,0.978655,-0.113976
0.875863,0.182719,1.10876,0.985232,-0.164356,-0.0480182,-0.00862081,0.232467,-0.972566,0.17101,0.958617,0.227617
0.749059,0.231539,1.05423,0.900555,-0.386153,0.199716,0.292759,0.199048,-0.935239,0.321393,0.900703,0.292303
0.749059,0.164441,0.964302,0.900555,-0.431172,0.0555995,0.292759,0.506914,-0.810759,0.321393,0.74641,0.582734
0.749059,0.132147,0.856846,0.900555,-0.424186,-0.0952232,0.292759,0.75364,-0.588489,0.321393,0.502089,0.802878
0.749059,0.138553,0.744825,0.900555,-0.366036,-0.234561,0.292759,0.909465,-0.295239,0.321393,0.197209,0.926183
0.749059,0.182885,0.641751,0.900555,-0.263737,-0.345607,0.292759,0.955595,0.0336214,0.321393,-0.131457,0.937777
0.749059,0.259798,0.560056,0.900555,-0.129627,-0.414967,0.292759,0.886466,0.358427,0.321393,-0.444268,0.836261
0.749059,0.360014,0.509593,0.900555,0.0201175,-0.434277,0.292759,0.710417,0.64,0.321393,-0.703494,0.63388
0.749059,0.471445,0.496449,0.900555,0.167436,-0.401206,0.292759,0.448681,0.84438,0.321393,-0.877867,0.355043
0.749059,0.580651,0.52221,0.900555,0.294559,-0.319744,0.292759,0.132827,0.946916,0.321393,-0.946357,0.0333831
0.749059,0.674461,0.583768,0.900555,0.386153,-0.199716,0.292759,-0.199048,0.935239,0.321393,-0.900703,-0.292303
0.749059,0.741559,0.673698,0.900555,0.431172,-0.0555995,0.292759,-0.506914,0.810759,0.321393,-0.74641,-0.582734
0.749059,0.773853,0.781154,0.900555,0.424186,0.0952232,0.292759,-0.75364,0.588489,0.321393,-0.502089,-0.802878
0.749059,0.767447,0.893175,0.900555,0.366036,0.234561,0.292759,-0.909465,0.295239,0.321393,-0.197209,-0.926183
0.749059,0.723115,0.996249,0.900555,0.263737,0.345607,0.292759,-0.955595,-0.0336214,0.321393,0.131457,-0.937777
0.749059,0.646202,1.07794,0.900555,0.129627,0.414967,0.292759,-0.886466,-0.358427,0.321393,0.444268,-0.836261
0.749059,0.545986,1.12841,0.900555,-0.0201175,0.434277,0.292759,-0.710417,-0.64,0.321393,0.703494,-0.63388
0.749059,0.434555,1.14155,0.900555,-0.167436,0.401206,0.292759,-0.448681,-0.84438,0.321393,0.877867,-0.355043
0.749059,0.325349,1.11579,0.900555,-0.294559,0.319744,0.292759,-0.132827,-0.946916,0.321393,0.946357,-0.0333831
0.749059,0.231539,1.05423,0.900555,-0.386153,0.199716,0.292759,0.199048,-0.935239,0.321393,0.900703,0.292303
0.654934,0.306343,0.97068,0.707258,-0.575257,0.410933,0.558827,0.0988885,-0.823367,0.433011,0.811973,0.391409
0.654934,0.26331,0.911373,0.707258,-0.681112,0.189402,0.558827,0.374533,-0.73989,0.433011,0.629136,0.645515
0.654934,0.243156,0.840925,0.707258,-0.704815,-0.0549747,0.558827,0.605003,-0.567171,0.433011,0.370415,0.821763
0.654934,0.248313,0.767832,0.707258,-0.643507,-0.29272,0.558827,0.762501,-0.326043,0.433011,0.0670168,0.898894
0.654934,0.278157,0.70091,0.707258,-0.504583,-0.495159,0.558827,0.82803,-0.04559,0.433011,-0.244465,0.867605
0.654934,0.329091,0.648232,0.707258,-0.304798,-0.637875,0.558827,0.793686,0.240362,0.433011,-0.52646,0.73167
0.654934,0.39497,0.616151,0.707258,-0.0682503,-0.703653,0.558827,0.663612,0.497323,0.433011,-0.744957,0.507485
0.654934,0.467848,0.608537,0.707258,0.176529,-0.684561,0.558827,0.453497,0.6943,0.433011,-0.8736,0.22209
0.654934,0.538935,0.626308,0.707258,0.400017,-0.5829,0.558827,0.188683,0.807534,0.433011,-0.896875,-0.0900927
0.654934,0.599657,0.66732,0.707258,0.575257,-0.410933,0.558827,-0.0988885,0.823367,0.433011,-0.811973,-0.391409
0.654934,0.64269,0.726627,0.707258,0.681112,-0.189402,0.558827,-0.374533,0.73989,0.433011,-0.629136,-0.645515
0.654934,0.662844,0.797075,0.707258,0.704815,0.0549747,0.558827,-0.605003,0.567171,0.433011,-0.370415,-0.821763
0.654934,0.657687,0.870168,0.707258,0.643507,0.29272,0.558827,-0.762501,0.326043,0.433011,-0.0670168,-0.898894
0.654934,0.627843,0.93709,0.707258,0.504583,0.495159,0.558827,-0.82803,0.04559,0.433011,0.244465,-0.867605
0.654934,0.576909,0.989768,0.707258,0.304798,0.637875,0.558827,-0.793686,-0.240362,0.433011,0.52646,-0.73167
0.654934,0.51103,1.02185,0.707258,0.0682503,0.703653,0.558827,-0.663612,-0.497323,0.433011,0.744957,-0.507485
0.654934,0.438152,1.02946,0.707258,-0.176529,0.684561,0.558827,-0.453497,-0.6943,0.433011,0.8736,-0.22209
