0.843495,0.0564831,0.855749,-0.243817,0.444003,0.862215,0.867785,0.49683,-0.0104537,-0.433016,0.745668,-0.506434
0.888973,0.0396534,0.804201,0.130114,0.422234,-0.8971,-0.983678,-0.0584468,-0.17018,-0.124288,0.904601,0.407738
0.7448,0.122862,0.883937,0.0115618,0.593202,-0.804971,-0.875884,0.394365,0.278036,0.482384,0.701846,0.524135
0.843495,0.0856223,0.985507,-0.0730476,0.453709,-0.888151,-0.84988,0.437685,0.293489,0.521889,0.776261,0.353626
0.963475,0.032889,0.936321,-0.237086,0.537653,-0.809148,-0.960742,-0.00621717,0.277373,0.1441,0.843144,0.518019
0.7448,0.126216,0.773041,0.0115618,0.832743,-0.553538,-0.988046,0.094617,0.121705,0.153723,0.545514,0.823883
0.815719,0.0707167,0.817388,0.159449,0.269608,-0.949678,-0.974281,0.198132,-0.107331,0.159224,0.942367,0.294266
0.888973,0.0521769,0.942824,0.130114,0.0899441,-0.987411,-0.966864,0.232125,-0.106262,0.219645,0.968519,0.117166
0.978025,0.0243342,0.774135,0.0849513,0.513666,-0.853774,-0.876814,-0.36846,-0.308925,-0.473266,0.774845,0.419088
0.978025,0.0274986,0.919811,0.0849513,0.19068,-0.97797,-0.985802,-0.126591,-0.110314,-0.144837,0.973456,0.177219
0.707075,0.158401,0.871623,-0.00571403,0.973006,-0.230709,-0.874351,0.107097,0.47333,0.485261,0.204425,0.850136
0.815719,0.0999766,0.692671,0.159449,0.578157,-0.800194,-0.969983,-0.0589982,-0.235909,-0.183602,0.813789,0.551396
0.888973,0.075297,0.669654,0.130114,0.703597,-0.698586,-0.881846,-0.239952,-0.40592,-0.453231,0.668861,0.589243
0.819306,0.126644,1.03786,-0.133187,0.753373,-0.643965,-0.589531,0.462084,0.662519,0.79669,0.467876,0.382593
0.815719,0.0858772,0.944591,0.159449,-0.0714604,-0.984616,-0.861067,0.477753,-0.174115,0.482845,0.875583,0.0146448
0.707075,0.186823,0.965565,-0.00571403,0.835419,-0.549583,-0.655652,0.411842,0.632856,0.755042,0.363951,0.545391
0.767099,0.102993,0.807525,0.159449,0.0537272,-0.985743,-0.915252,0.382272,-0.127212,0.369987,0.922487,0.110127
0.7448,0.157639,0.989292,0.0115618,0.282111,-0.959312,-0.658076,0.724473,0.205119,0.752862,0.628929,0.194027
0.767099,0.133679,0.694442,0.159449,0.387631,-0.90792,-0.986598,0.0948402,-0.132775,0.0346395,0.916923,0.397558
0.950254,0.0286661,0.770547,0.462836,0.0373615,-0.885656,-0.825148,-0.346913,-0.44585,-0.323903,0.937153,-0.129735
0.911277,0.0366762,0.773945,0.451609,-0.0836714,-0.888284,-0.880773,-0.200749,-0.428881,-0.142437,0.976063,-0.164356
0.679296,0.198236,0.776831,0.0115629,0.677877,-0.735085,-0.923489,0.289147,0.252117,0.383452,0.675927,0.629355
0.7448,0.167296,0.66998,0.0115618,0.971844,-0.235341,-0.981036,-0.0345151,-0.190727,-0.19348,0.233083,0.953015
0.963475,0.0910084,1.06929,-0.237086,0.228483,-0.944238,-0.853517,0.415234,0.314784,0.464003,0.880554,0.0965683
1.07214,0.023386,0.886323,0.0597327,0.227544,-0.971934,-0.81611,-0.549537,-0.178811,-0.574801,0.803886,0.152876
0.679296,0.191835,0.862866,0.0115629,0.385582,-0.922601,-0.736647,0.627211,0.252897,0.676178,0.676707,0.29129
0.997638,0.0247141,0.762797,0.49086,0.12532,-0.862178,-0.70537,-0.52369,-0.477705,-0.51138,0.842641,-0.168662
0.950254,0.030342,0.914957,0.462836,-0.267804,-0.845023,-0.886167,-0.163606,-0.433522,-0.0221521,0.949481,-0.313042
0.978025,0.0711846,0.636163,0.0849513,0.774696,-0.626601,-0.662069,-0.426079,-0.61654,-0.744613,0.467229,0.476706
0.885407,0.0449982,0.7714,0.451609,-0.236154,-0.860395,-0.892133,-0.106381,-0.439069,0.0121588,0.965875,-0.258723
1.07214,0.031923,0.741261,0.0597327,0.546243,-0.835495,-0.570299,-0.668266,-0.477682,-0.819263,0.505015,0.271604
0.997638,0.0239778,0.909027,0.49086,-0.17712,-0.853044,-0.837733,-0.364872,-0.406291,-0.239289,0.914055,-0.32748
0.911277,0.0390311,0.915411,0.451609,-0.382436,-0.806097,-0.876372,-0.0206311,-0.481192,0.167395,0.923751,-0.344474
0.955743,0.104144,1.08605,-0.397364,0.600574,-0.693839,-0.533739,0.46379,0.707122,0.746475,0.651314,0.136257
0.978025,0.0802962,1.05562,0.0849513,-0.155305,-0.984207,-0.975888,0.186356,-0.11364,0.201062,0.97013,-0.135729
0.843495,0.157384,1.09747,-0.0730476,0.122581,-0.989767,-0.62013,0.771663,0.141336,0.781091,0.624108,0.019648
0.767099,0.112833,0.924284,0.159449,-0.286657,-0.944671,-0.733512,0.606033,-0.307707,0.660708,0.741992,-0.113635
0.888973,0.111357,1.0688,0.130114,-0.253195,-0.958625,-0.833432,0.495801,-0.244074,0.537086,0.830707,-0.14651
0.911277,0.0828474,0.640205,0.451609,0.225186,-0.863331,-0.778939,-0.372353,-0.504586,-0.435089,0.900358,0.00724802
1.09027,0.0582795,1.00504,-0.432508,0.191012,-0.881165,-0.898263,-0.175671,0.402819,-0.0778519,0.96574,0.247558
0.679296,0.233677,0.698174,0.0115629,0.888409,-0.458906,-0.998944,0.0306757,0.0342159,0.0444751,0.458026,0.887826
0.950254,0.0764826,0.634272,0.462836,0.338021,-0.819466,-0.664604,-0.47941,-0.573121,-0.586587,0.809882,0.00276169
0.885407,0.0459809,0.910173,0.451609,-0.516185,-0.727738,-0.834172,0.0451107,-0.549656,0.316553,0.855288,-0.410215
1.04771,0.0266672,0.754323,0.544356,0.18367,-0.8185,-0.511098,-0.701095,-0.497237,-0.665174,0.689007,-0.287772
1.04771,0.0229145,0.900395,0.544356,-0.107351,-0.831957,-0.707778,-0.591112,-0.38683,-0.450253,0.799414,-0.397755
0.815719,0.170128,0.585482,0.159449,0.816973,-0.554195,-0.84869,-0.173323,-0.499685,-0.504283,0.550013,0.66572
0.875765,0.0497396,0.764102,0.462837,-0.4106,-0.785614,-0.876529,-0.0798054,-0.474688,0.132211,0.908316,-0.39684
0.885407,0.0915379,0.64066,0.451609,0.0723602,-0.889277,-0.842489,-0.293513,-0.451732,-0.293702,0.953212,-0.0715906
0.748979,0.121382,0.779224,0.130116,-0.229155,-0.964654,-0.846595,0.480744,-0.228393,0.516089,0.846389,-0.131449
0.707075,0.245661,1.04412,-0.00571403,0.597069,-0.80217,-0.357871,0.747832,0.559174,0.933753,0.290269,0.209401
0.748979,0.160639,0.674137,0.130116,0.114596,-0.984854,-0.972051,0.210511,-0.10393,0.195412,0.970852,0.138784
1.07214,0.0649782,1.02556,0.0597327,-0.118599,-0.991144,-0.963486,-0.266475,-0.0261797,-0.261011,0.956517,-0.130186
0.632586,0.277422,0.877889,-0.00571277,0.889946,-0.456031,-0.733447,0.306256,0.606846,0.679722,0.337942,0.650979
0.632586,0.273523,0.820221,-0.00571277,0.992247,-0.12415,-0.921694,0.0429315,0.385535,0.387876,0.11663,0.914303
0.767099,0.201192,0.598674,0.159449,0.674781,-0.720588,-0.938946,-0.121769,-0.321795,-0.304886,0.727903,0.614167
0.997638,0.0754194,0.625639,0.49086,0.412645,-0.76732,-0.487928,-0.599448,-0.634498,-0.721791,0.685848,-0.0929041
0.888973,0.154809,0.555413,0.130114,0.900095,-0.415812,-0.67365,-0.227462,-0.703176,-0.727507,0.371605,0.576753
0.819306,0.213838,1.13264,-0.133187,0.48769,-0.862798,-0.281494,0.816087,0.50474,0.950275,0.310097,0.0285899
0.815719,0.14363,1.05894,0.159449,-0.403909,-0.900796,-0.643996,0.649027,-0.405011,0.748228,0.644687,-0.156629
0.875765,0.0984895,0.635424,0.462837,-0.117142,-0.878669,-0.868886,-0.256257,-0.42352,-0.175553,0.959484,-0.220388
0.679296,0.215245,0.945902,0.0115629,0.0467802,-0.998838,-0.460955,0.886685,0.0361914,0.887348,0.460001,0.0318163
0.707093,0.254885,1.05243,0.10645,0.96722,-0.230551,-0.344923,0.253391,0.903781,0.932575,-0.0166854,0.36059
0.875765,0.0479403,0.901693,0.462837,-0.654534,-0.597802,-0.778449,0.022474,-0.627306,0.424028,0.755698,-0.499119
0.883514,0.0486827,0.755463,0.490861,-0.584137,-0.646405,-0.843745,-0.133805,-0.519799,0.217142,0.80055,-0.558542
0.950254,0.0813081,1.05009,0.462836,-0.540668,-0.702467,-0.840301,-0.0152607,-0.541905,0.282271,0.841097,-0.461387
0.997638,0.0732993,1.04669,0.49086,-0.458197,-0.741021,-0.869053,-0.197305,-0.45367,0.0616631,0.866676,-0.495047
0.632586,0.300809,0.930747,-0.00571277,0.680303,-0.732908,-0.456736,0.650229,0.607119,0.889584,0.338214,0.307005
0.654882,0.255847,0.733443,-0.0730442,0.42765,-0.900988,-0.83432,0.468757,0.290133,0.54642,0.772905,0.322557
1.07214,0.0895595,0.607866,0.0597327,0.799056,-0.598282,-0.255701,-0.567106,-0.782948,-0.964909,0.199749,0.170445
1.07214,0.0895595,0.607866,0.0597327,0.799056,-0.598282,-0.255701,-0.567106,-0.782948,-0.964909,0.199749,0.170445
0.748979,0.120434,0.891401,0.130116,-0.545266,-0.828103,-0.619026,0.607751,-0.497439,0.774517,0.577342,-0.258456
0.7448,0.226352,1.0764,0.0115618,-0.0630065,-0.997946,-0.360895,0.930481,-0.0629282,0.932535,0.360882,-0.0119807
0.911277,0.0896283,1.04754,0.451609,-0.635074,-0.626682,-0.766268,0.0837223,-0.637043,0.457037,0.767901,-0.448827
1.04771,0.0801532,0.618343,0.544356,0.452536,-0.70632,-0.252772,-0.714379,-0.652509,-0.799865,0.533735,-0.274488
1.04771,0.0801532,0.618343,0.544356,0.452536,-0.70632,-0.252772,-0.714379,-0.652509,-0.799865,0.533735,-0.274488
1.04771,0.069348,1.03894,0.544356,-0.385423,-0.745068,-0.819089,-0.435892,-0.37295,-0.181026,0.813294,-0.552976
0.883514,0.100451,0.626944,0.490861,-0.327826,-0.807209,-0.867127,-0.273722,-0.416133,-0.0845313,0.904216,-0.418626
0.654882,0.231132,0.80239,-0.0730442,0.0937038,-0.992917,-0.597117,0.793309,0.118793,0.798821,0.601565,-0.00199443
0.748979,0.233471,0.588814,0.130116,0.444525,-0.886266,-0.980264,-0.076503,-0.182288,-0.148834,0.892494,0.425798
0.883514,0.0439924,0.893937,0.490861,-0.769993,-0.407635,-0.718594,-0.0932586,-0.689149,0.492624,0.6312,-0.599089
0.763543,0.117281,0.745723,0.0849542,-0.564645,-0.82095,-0.793704,0.459738,-0.39834,0.602343,0.685432,-0.409104
0.654882,0.302653,0.677106,-0.0730442,0.710016,-0.700387,-0.970891,0.110001,0.212769,0.228113,0.695541,0.681313
0.679296,0.293883,0.636382,0.0115629,0.991787,-0.127377,-0.953911,-0.0272602,-0.298848,-0.299866,0.124962,0.945762
0.90772,0.042322,0.749524,0.544356,-0.71619,-0.436748,-0.794056,-0.272067,-0.543558,0.270466,0.642691,-0.716796
0.963475,0.191101,1.17436,-0.237086,-0.108244,-0.965439,-0.643346,0.762132,0.0725388,0.72794,0.638309,-0.250329
0.763543,0.168244,0.641254,0.0849542,-0.249811,-0.964561,-0.951851,0.265833,-0.152683,0.294554,0.931089,-0.215199
0.767099,0.162015,1.03064,0.159449,-0.592466,-0.789658,-0.4633,0.661425,-0.589805,0.871739,0.459893,-0.169026
0.911277,0.171976,0.530322,0.451609,0.506882,-0.734248,-0.583154,-0.455147,-0.672884,-0.675263,0.73206,0.0900419
0.885407,0.0943676,1.04024,0.451609,-0.733956,-0.507304,-0.675598,0.0900761,-0.731747,0.582766,0.673197,-0.45518
1.09027,0.138371,1.12518,-0.432508,-0.121883,-0.893354,-0.870718,0.313684,0.378752,0.234067,0.941672,-0.241796
0.978025,0.162399,0.522535,0.0849513,0.942286,-0.323851,-0.367469,-0.272485,-0.889224,-0.926148,0.194546,0.323113
0.978025,0.162399,0.522535,0.0849513,0.942286,-0.323851,-0.367469,-0.272485,-0.889224,-0.926148,0.194546,0.323113
0.632604,0.315925,0.950094,0.106452,0.96668,0.232804,-0.730094,-0.0829537,0.678293,0.675004,-0.242174,0.696937
0.885407,0.179987,0.533722,0.451609,0.372147,-0.810898,-0.691229,-0.428726,-0.581719,-0.564138,0.823226,0.0636221
0.955743,0.209178,1.18562,-0.397364,0.327048,-0.857404,-0.246241,0.862068,0.442948,0.884006,0.38714,-0.262022
0.950254,0.168024,0.52257,0.462836,0.597909,-0.654436,-0.423899,-0.4991,-0.755784,-0.778519,0.627219,0.0224518
0.819324,0.273909,1.17006,-0.0373106,0.78292,-0.621003,0.129244,0.619997,0.773886,0.990911,-0.051387,-0.124321
0.978025,0.176359,1.16518,0.0849513,-0.482557,-0.871735,-0.848267,0.42395,-0.317346,0.52271,0.766423,-0.373323
0.90772,0.0965052,0.619188,0.544356,-0.523621,-0.65536,-0.838673,-0.355951,-0.412221,-0.0174281,0.774028,-0.632911
0.90772,0.035984,0.890532,0.544356,-0.822375,-0.165458,-0.653663,-0.292229,-0.698088,0.525738,0.488162,-0.696633
0.875765,0.18831,0.531179,0.462837,0.190445,-0.865744,-0.756443,-0.424317,-0.497744,-0.462142,0.88526,-0.0523287
