0.888973,0.0134844,0.933401,-0.556576,0.484734,0.674727,0.766112,0.613635,0.191114,-0.321397,0.623286,-0.712895
0.815719,0.0459065,0.942762,0.159449,0.153615,-0.975181,-0.948111,0.299067,-0.107912,0.275068,0.941786,0.19333
0.978025,-0.0053343,0.905393,0.0849513,0.407423,-0.90928,-0.927301,-0.301559,-0.221755,-0.364549,0.862014,0.352186
0.950254,-0.00146463,0.90131,0.462836,-0.0692627,-0.883734,-0.858073,-0.28521,-0.427044,-0.222472,0.955959,-0.191438
0.843495,0.0363825,0.982555,-0.0730476,0.643242,-0.762171,-0.946066,0.197164,0.257071,0.315631,0.739842,0.594147
0.911277,0.00689551,0.903721,0.451609,-0.189735,-0.871808,-0.891504,-0.134992,-0.432433,-0.0356391,0.972511,-0.230113
0.888973,0.0327132,0.795548,0.130114,0.614616,-0.778022,-0.929891,-0.196648,-0.310858,-0.344055,0.763922,0.545939
0.888973,0.0425638,1.06952,0.130114,-0.0292798,-0.991067,-0.933492,0.333262,-0.132401,0.334161,0.94238,0.0160296
0.997638,-0.00631867,0.894091,0.49086,0.0208787,-0.870988,-0.761674,-0.475064,-0.440643,-0.422975,0.879703,-0.217287
0.978025,0.0153006,1.04963,0.0849513,0.0718609,-0.99379,-0.996061,-0.0193098,-0.0865417,-0.0254089,0.997228,0.0699374
0.815719,0.059978,0.815434,0.159449,0.477883,-0.863831,-0.985011,0.0186965,-0.171473,-0.0657935,0.878225,0.473701
0.963475,-0.00382724,0.922695,-0.237086,0.70709,-0.666194,-0.968396,-0.226685,0.104034,-0.0774545,0.669804,0.738487
0.885407,0.0148517,0.900196,0.451609,-0.337766,-0.825811,-0.884217,-0.0457738,-0.464828,0.119202,0.940117,-0.31933
0.843495,0.0374185,0.84957,-0.0730476,0.865127,-0.496204,-0.996964,-0.0767997,0.0128662,-0.0269774,0.495638,0.86811
0.767099,0.0767646,0.929095,0.159449,-0.0650343,-0.985062,-0.864199,0.473157,-0.171124,0.477217,0.878575,0.0192419
0.950254,0.0175406,1.04447,0.462836,-0.36734,-0.806749,-0.882414,-0.104251,-0.458777,0.0844234,0.924226,-0.372397
0.997638,0.0105103,1.03935,0.49086,-0.278276,-0.825602,-0.860406,-0.303799,-0.409155,-0.136959,0.911191,-0.388553
0.963475,0.0226346,1.06538,-0.237086,0.436596,-0.867856,-0.936486,0.134926,0.323712,0.258428,0.889483,0.376876
0.7448,0.105666,1.00257,0.0115618,0.492244,-0.87038,-0.811618,0.513054,0.279377,0.584074,0.703187,0.405446
0.815719,0.0762325,1.06722,0.159449,-0.189181,-0.96891,-0.796854,0.5547,-0.23944,0.582752,0.810258,-0.0623031
1.04771,-0.00539742,0.885443,0.544356,0.084051,-0.834633,-0.587276,-0.672273,-0.450728,-0.598985,0.735517,-0.316594
0.911277,0.0262213,1.04388,0.451609,-0.476469,-0.754339,-0.849929,0.027459,-0.526181,0.271422,0.878762,-0.392564
0.7448,0.095679,0.892072,0.0115618,0.760246,-0.649533,-0.962437,0.184676,0.199023,0.27126,0.622833,0.733824
0.911277,0.0366725,0.765405,0.451609,0.119883,-0.884125,-0.82555,-0.319697,-0.465039,-0.338402,0.939905,-0.0454083
0.875765,0.0186824,0.892381,0.462837,-0.501969,-0.730622,-0.854309,-0.0326818,-0.518737,0.236512,0.864268,-0.443964
1.07214,-0.00174811,0.871845,0.0597327,0.44196,-0.895044,-0.664553,-0.651454,-0.366029,-0.74485,0.616668,0.254792
0.767099,0.0936496,0.813145,0.159449,0.275799,-0.947898,-0.975299,0.192688,-0.107994,0.152864,0.941704,0.29971
0.950254,0.0296413,0.76028,0.462836,0.237169,-0.854127,-0.730235,-0.444231,-0.519053,-0.502533,0.86395,-0.032417
0.978025,0.0246087,0.762792,0.0849513,0.693845,-0.715096,-0.746695,-0.43086,-0.506761,-0.65972,0.577008,0.481488
0.843495,0.0808928,1.10788,-0.0730476,0.343772,-0.936208,-0.781059,0.564004,0.268042,0.62017,0.750813,0.227307
1.07214,0.00719647,1.01688,0.0597327,0.109183,-0.992225,-0.879229,-0.464889,-0.104086,-0.472639,0.878611,0.0682278
0.885407,0.0453547,0.764813,0.451609,-0.034952,-0.891531,-0.871662,-0.230529,-0.432507,-0.190406,0.972438,-0.134575
1.04771,0.00841819,1.03091,0.544356,-0.206479,-0.813046,-0.756724,-0.539137,-0.369729,-0.362002,0.816515,-0.44973
0.885407,0.0324919,1.03785,0.451609,-0.59984,-0.660486,-0.790123,0.074981,-0.608345,0.414434,0.796599,-0.440085
0.997638,0.027549,0.751836,0.49086,0.317515,-0.81132,-0.571074,-0.586022,-0.574851,-0.657975,0.745495,-0.10633
0.883514,0.0165957,0.883932,0.490861,-0.657533,-0.571581,-0.811563,-0.10646,-0.574483,0.316891,0.745866,-0.585887
0.875765,0.0516272,0.75878,0.462837,-0.22181,-0.858244,-0.88368,-0.191844,-0.426973,-0.0699425,0.956032,-0.284801
0.748979,0.0916221,0.898791,0.130116,-0.343337,-0.930156,-0.778494,0.54559,-0.310288,0.614017,0.764494,-0.196296
0.767099,0.100555,1.04383,0.159449,-0.398023,-0.903412,-0.648863,0.647429,-0.399765,0.744011,0.649933,-0.15503
1.09027,0.00532362,0.99538,-0.432508,0.385801,-0.81492,-0.857227,-0.456098,0.239034,-0.279463,0.801955,0.527985
0.875765,0.0334187,1.02919,0.462837,-0.721585,-0.514877,-0.721896,0.0302589,-0.691339,0.514439,0.691665,-0.506904
0.748979,0.117976,0.78975,0.130116,-0.00449905,-0.991489,-0.941551,0.312827,-0.124982,0.310727,0.949799,0.0364677
1.04771,0.0313725,0.744024,0.544356,0.364443,-0.755551,-0.346994,-0.722196,-0.598355,-0.763722,0.58789,-0.266671
0.7448,0.152843,1.10298,0.0115618,0.164871,-0.986247,-0.562907,0.816256,0.129854,0.826439,0.553664,0.102244
0.679296,0.167633,0.887185,0.0115629,0.584699,-0.811168,-0.870759,0.40469,0.279293,0.491574,0.703103,0.513811
0.883514,0.0525562,0.750126,0.490861,-0.422387,-0.762,-0.871003,-0.217624,-0.440446,0.0202092,0.879903,-0.474724
0.90772,0.00956786,0.878799,0.544356,-0.763454,-0.347584,-0.755831,-0.266662,-0.598006,0.363863,0.588243,-0.722201
0.815719,0.11675,0.700597,0.159449,0.74451,-0.64829,-0.903105,-0.155224,-0.400383,-0.398719,0.649315,0.647621
0.978025,0.0840246,1.17812,0.0849513,-0.272369,-0.958435,-0.944682,0.283819,-0.164388,0.316796,0.919381,-0.233191
0.679296,0.171609,0.973367,0.0115629,0.272001,-0.962227,-0.650118,0.733191,0.199445,0.759745,0.623255,0.185311
0.7448,0.124086,0.784824,0.0115618,0.936551,-0.350342,-0.997171,-0.015225,-0.0736084,-0.074272,0.350201,0.933725
1.07214,0.0394527,0.732494,0.0597327,0.721429,-0.689907,-0.369722,-0.625997,-0.68661,-0.92722,0.296087,0.229336
0.883514,0.028568,1.02197,0.490861,-0.813372,-0.312221,-0.654237,-0.107461,-0.748616,0.575351,0.571733,-0.584886
0.888973,0.0979307,0.672585,0.130114,0.843649,-0.52089,-0.756138,-0.255394,-0.60252,-0.641347,0.472261,0.604685
0.888973,0.116444,1.18748,0.130114,-0.366479,-0.921284,-0.762905,0.556475,-0.329107,0.633282,0.745674,-0.207183
0.707075,0.139469,0.986075,-0.00571403,0.93826,-0.345883,-0.809751,0.198611,0.552139,0.586746,0.283234,0.758622
0.767099,0.149174,0.709963,0.159449,0.583366,-0.796404,-0.968764,-0.0627416,-0.239916,-0.189927,0.809782,0.55514
1.07214,0.0652076,1.15011,0.0597327,-0.236763,-0.96973,-0.987857,-0.153599,-0.0233476,-0.143422,0.959349,-0.243062
0.963475,0.096301,1.1904,-0.237086,0.113441,-0.964843,-0.791621,0.553142,0.259557,0.563139,0.825327,-0.0413397
0.997638,0.0760061,1.17009,0.49086,-0.543866,-0.680636,-0.85536,-0.152362,-0.495122,0.165577,0.825224,-0.53999
0.748979,0.104152,1.01027,0.130116,-0.640763,-0.756632,-0.521539,0.604785,-0.601857,0.843248,0.472924,-0.25549
0.90772,0.0477076,0.7429,0.544356,-0.598531,-0.587739,-0.834697,-0.316812,-0.450457,0.0834099,0.735793,-0.672051
0.950254,0.0843647,1.1725,0.462836,-0.621111,-0.632458,-0.800324,0.0139744,-0.599405,0.381136,0.783598,-0.490622
0.819306,0.127905,1.15492,-0.133187,0.670591,-0.729773,-0.489595,0.595699,0.636742,0.861718,0.442099,0.248979
0.763543,0.0835282,0.866025,0.0849542,-0.659142,-0.747204,-0.715628,0.481435,-0.50606,0.693296,0.577712,-0.430801
0.90772,0.0202086,1.01955,0.544356,-0.836293,-0.0655055,-0.5858,-0.323087,-0.743272,0.600429,0.442978,-0.665775
0.707075,0.178966,1.07592,-0.00571403,0.763377,-0.645928,-0.560238,0.532603,0.634403,0.828312,0.365498,0.42463
1.04771,0.071153,1.16288,0.544356,-0.472105,-0.693393,-0.8349,-0.385084,-0.393258,-0.0813554,0.792986,-0.603783
1.09027,0.0560935,1.13055,-0.432508,0.0838156,-0.897726,-0.901112,-0.00641427,0.43354,0.0305792,0.996461,0.0783014
0.911277,0.092319,1.16898,0.451609,-0.705733,-0.545884,-0.70584,0.091643,-0.702418,0.545746,0.702526,-0.456748
0.911277,0.111961,0.645614,0.451609,0.415042,-0.789803,-0.660023,-0.44023,-0.608742,-0.600349,0.796202,0.0751253
0.763543,0.121577,0.756192,0.0849542,-0.363832,-0.927582,-0.909592,0.351695,-0.221254,0.406725,0.862518,-0.301061
0.679296,0.193372,0.804842,0.0115629,0.826873,-0.56227,-0.986374,0.101719,0.129303,0.164111,0.553113,0.816782
0.885407,0.120322,0.648028,0.451609,0.272077,-0.849719,-0.753971,-0.392835,-0.526506,-0.477049,0.878439,0.0277308
0.815719,0.147298,1.17381,0.159449,-0.509158,-0.845774,-0.549485,0.665982,-0.504514,0.820148,0.545184,-0.173585
0.950254,0.107107,0.638393,0.462836,0.514995,-0.721501,-0.51432,-0.506906,-0.691752,-0.721982,0.69125,0.0302578
0.843495,0.165581,1.21041,-0.0730476,0.00283798,-0.997324,-0.521845,0.852071,0.0406464,0.849907,0.523418,-0.0607608
0.885407,0.0961475,1.16116,0.451609,-0.789564,-0.415496,-0.600728,0.0752333,-0.795906,0.659678,0.609039,-0.440337
0.978025,0.101518,0.639033,0.0849513,0.896578,-0.434662,-0.476026,-0.346713,-0.808201,-0.875319,0.275568,0.397341
0.748979,0.180035,0.696298,0.130116,0.334881,-0.933233,-0.991044,0.0154081,-0.132647,-0.0300418,0.942134,0.333887
0.875765,0.12828,0.644503,0.462837,0.085104,-0.882349,-0.806466,-0.372754,-0.458985,-0.367961,0.924019,-0.103891
0.679296,0.204822,1.05299,0.0115629,-0.0735036,-0.997228,-0.351063,0.933512,-0.0728778,0.936281,0.350932,-0.0150102
0.997638,0.108028,0.629743,0.49086,0.575854,-0.653795,-0.311593,-0.584752,-0.748982,-0.813613,0.571364,-0.107599
0.654882,0.219617,0.837193,-0.0730442,0.316361,-0.945823,-0.762665,0.59338,0.257374,0.642655,0.740146,0.197934
0.763543,0.0853395,0.982248,0.0849542,-0.87495,-0.476702,-0.43535,0.397752,-0.807628,0.896244,0.276144,-0.347118
0.809034,0.0562696,0.846125,0.0597358,-0.926933,-0.37044,-0.690459,0.229638,-0.685954,0.720901,0.29675,-0.626292
0.654882,0.20336,0.90861,-0.0730442,-0.0262085,-0.996984,-0.49687,0.867719,0.0135929,0.864745,0.496364,-0.076404
0.875765,0.0940588,1.15271,0.462837,-0.854166,-0.237029,-0.502412,-0.0324727,-0.864018,0.730318,0.518986,-0.444173
0.955743,0.111354,1.20547,-0.397364,0.512909,-0.760938,-0.440237,0.621014,0.648486,0.805167,0.592678,-0.020967
0.883514,0.132112,0.63669,0.490861,-0.136294,-0.860511,-0.825387,-0.388938,-0.409223,-0.27891,0.911126,-0.30341
0.767099,0.162152,1.1435,0.159449,-0.683005,-0.712798,-0.355265,0.633962,-0.686935,0.921066,0.362764,-0.141563
0.809034,0.102768,0.728169,0.0597358,-0.744335,-0.66513,-0.895382,0.254601,-0.365335,0.441274,0.617369,-0.651255
0.632586,0.258381,0.978004,-0.00571277,0.828743,-0.5596,-0.646516,0.42386,0.634319,0.762879,0.365414,0.533374
1.04771,0.114293,0.62371,0.544356,0.600879,-0.585339,-0.0648594,-0.665546,-0.743533,-0.836343,0.442711,-0.323321
1.04771,0.114293,0.62371,0.544356,0.600879,-0.585339,-0.0648594,-0.665546,-0.743533,-0.836343,0.442711,-0.323321
0.883514,0.0870292,1.14758,0.490861,-0.871105,-0.0152023,-0.418,-0.220158,-0.881366,0.764416,0.438983,-0.472189
0.707075,0.246812,1.14685,-0.00571403,0.49642,-0.868064,-0.243152,0.841335,0.482735,0.969971,0.21383,0.115898
0.7448,0.231519,1.18121,0.0115618,-0.182389,-0.983159,-0.246301,0.952411,-0.179581,0.969125,0.244229,-0.0339108
0.763543,0.194896,0.665995,0.0849542,-0.0246387,-0.99608,-0.993845,0.0692389,-0.0864763,0.0710982,0.997296,-0.0186049
0.90772,0.130028,0.62824,0.544356,-0.361417,-0.757003,-0.812886,-0.450072,-0.369663,-0.207103,0.816586,-0.53879
0.654882,0.259319,0.775644,-0.0730442,0.620772,-0.780581,-0.936472,0.226525,0.26778,0.343052,0.750552,0.56479
