0.843495,0.0861529,0.828175,-0.243817,0.541393,0.804641,0.867785,0.492232,-0.0682422,-0.433016,0.681616,-0.589827
0.888973,0.0634345,0.778938,0.130114,0.314887,-0.940168,-0.991459,0.0328227,-0.126219,-0.00888591,0.948561,0.316468
0.7448,0.155363,0.848441,0.0115618,0.49542,-0.868576,-0.813746,0.509463,0.279757,0.581105,0.703567,0.409037
0.843495,0.0876746,0.695194,-0.0730476,0.866934,-0.493041,-0.996858,-0.0786445,0.00940791,-0.0306189,0.492179,0.869955
0.843495,0.130205,0.953657,-0.0730476,0.347189,-0.934946,-0.783319,0.560278,0.269258,0.617313,0.75203,0.231033
0.963475,0.046162,0.768169,-0.237086,0.709519,-0.663606,-0.968107,-0.229498,0.100498,-0.0809914,0.666268,0.741301
0.963475,0.0721026,0.910947,-0.237086,0.439763,-0.866256,-0.937423,0.130498,0.322812,0.255005,0.888583,0.381305
0.7448,0.145779,0.737909,0.0115618,0.762613,-0.646751,-0.963421,0.181682,0.197006,0.267742,0.620816,0.736818
0.815719,0.0958222,0.788418,0.159449,0.157176,-0.974614,-0.949109,0.29602,-0.107537,0.271603,0.942161,0.196377
0.888973,0.0920165,0.915159,0.130114,-0.0256594,-0.991167,-0.934706,0.330299,-0.131253,0.330749,0.943528,0.0189924
0.978025,0.0447182,0.750861,0.0849513,0.410742,-0.907785,-0.925963,-0.303889,-0.224152,-0.367934,0.859618,0.354516
0.978025,0.0648261,0.895177,0.0849513,0.0754905,-0.993521,-0.995962,-0.0226351,-0.0868798,-0.0290471,0.99689,0.0732628
0.707075,0.189226,0.832072,-0.00571403,0.939517,-0.342453,-0.811889,0.195567,0.550082,0.583784,0.281177,0.761666
0.815719,0.110359,0.661142,0.159449,0.481035,-0.86208,-0.984764,0.0161209,-0.173145,-0.0693911,0.876553,0.476276
0.888973,0.0831667,0.641156,0.130114,0.617454,-0.775772,-0.928628,-0.198293,-0.313577,-0.347449,0.761204,0.547584
0.819306,0.177045,1.00088,-0.133187,0.673252,-0.727319,-0.492739,0.591753,0.637994,0.859924,0.443351,0.252924
0.815719,0.125693,0.91299,0.159449,-0.18564,-0.969595,-0.798977,0.552607,-0.237194,0.579838,0.812504,-0.0602098
0.707075,0.228395,0.922065,-0.00571403,0.765732,-0.643135,-0.56326,0.528949,0.634784,0.82626,0.365879,0.428284
0.767099,0.12673,0.774863,0.159449,-0.0614356,-0.985293,-0.865936,0.470566,-0.169475,0.474057,0.880223,0.0218321
0.7448,0.202173,0.94903,0.0115618,0.168472,-0.985639,-0.565922,0.81375,0.132453,0.824378,0.556263,0.104751
0.767099,0.144038,0.658976,0.159449,0.279259,-0.946884,-0.975851,0.189644,-0.108396,0.149301,0.941302,0.302754
0.950254,0.0486028,0.746793,0.462836,-0.0660342,-0.883981,-0.857255,-0.287141,-0.427393,-0.225604,0.95561,-0.189507
0.911277,0.056954,0.749234,0.451609,-0.186549,-0.872496,-0.891368,-0.136966,-0.432093,-0.0388953,0.972851,-0.228139
0.679296,0.217751,0.733286,0.0115629,0.587658,-0.809027,-0.872549,0.401103,0.278881,0.48839,0.702691,0.517398
0.7448,0.174578,0.630766,0.0115618,0.937824,-0.346918,-0.996893,-0.0162227,-0.0770784,-0.0779139,0.346731,0.934723
0.963475,0.145312,1.03624,-0.237086,0.116965,-0.964422,-0.793673,0.549171,0.261714,0.560244,0.827484,-0.0373689
1.07214,0.0568416,0.862396,0.0597327,0.112807,-0.99182,-0.877497,-0.467711,-0.106044,-0.475848,0.876653,0.0710499
0.679296,0.221412,0.819481,0.0115629,0.275514,-0.961227,-0.652889,0.730178,0.201435,0.757366,0.625245,0.188323
0.997638,0.0437751,0.739556,0.49086,0.0240601,-0.870906,-0.760124,-0.476665,-0.44159,-0.425755,0.878756,-0.215687
0.950254,0.0670849,0.890025,0.462836,-0.364391,-0.808085,-0.882717,-0.105954,-0.457804,0.0811995,0.925199,-0.370694
0.978025,0.0751818,0.608371,0.0849513,0.696452,-0.712557,-0.74428,-0.431105,-0.510094,-0.662443,0.573675,0.481732
0.885407,0.0649231,0.745738,0.451609,-0.334747,-0.827039,-0.884647,-0.0475136,-0.463835,0.115972,0.941109,-0.31759
1.07214,0.0484269,0.717326,0.0597327,0.445226,-0.893424,-0.661828,-0.652357,-0.369342,-0.747272,0.613354,0.255696
0.997638,0.0600734,0.884876,0.49086,-0.275258,-0.826613,-0.8599,-0.305634,-0.408852,-0.140101,0.911494,-0.386718
0.911277,0.0757677,0.889463,0.451609,-0.47371,-0.756074,-0.850915,0.0261655,-0.524652,0.268316,0.880292,-0.39127
0.955743,0.16031,1.05136,-0.397364,0.515685,-0.759059,-0.443175,0.616471,0.650814,0.803553,0.595006,-0.0164248
0.978025,0.13308,1.02391,0.0849513,-0.268866,-0.959424,-0.945832,0.281054,-0.16251,0.313344,0.92126,-0.230427
0.843495,0.214518,1.0565,-0.0730476,0.00648097,-0.997307,-0.524946,0.849999,0.0439732,0.847995,0.526745,-0.0586882
0.767099,0.150101,0.889682,0.159449,-0.394721,-0.90486,-0.651577,0.646505,-0.396837,0.741636,0.652861,-0.154106
0.888973,0.165465,1.03339,0.130114,-0.363111,-0.922616,-0.765214,0.554943,-0.326323,0.630491,0.748458,-0.205652
0.911277,0.0872361,0.611028,0.451609,0.123112,-0.883681,-0.824309,-0.321427,-0.466047,-0.341415,0.938897,-0.0436774
1.09027,0.105323,0.976241,-0.432508,0.0870943,-0.897414,-0.901217,-0.0116366,0.433211,0.0272874,0.996132,0.0835238
0.679296,0.24379,0.651036,0.0115629,0.828921,-0.559246,-0.986967,0.099236,0.126682,0.160507,0.550492,0.819265
0.950254,0.0802236,0.605877,0.462836,0.240287,-0.853255,-0.728394,-0.445485,-0.520562,-0.505197,0.862441,-0.0311627
0.885407,0.0820603,0.883452,0.451609,-0.597423,-0.662672,-0.791631,0.0742865,-0.606466,0.411545,0.798478,-0.43939
1.04771,0.044728,0.730911,0.544356,0.0870992,-0.834321,-0.585085,-0.673308,-0.452031,-0.601127,0.734214,-0.315559
1.04771,0.0580121,0.876427,0.544356,-0.203508,-0.813795,-0.755397,-0.540768,-0.370061,-0.364764,0.816183,-0.448099
0.815719,0.16755,0.546513,0.159449,0.746874,-0.645566,-0.901643,-0.156122,-0.403319,-0.402016,0.646379,0.64852
0.875765,0.0687823,0.737937,0.462837,-0.499297,-0.732451,-0.855167,-0.0339495,-0.517239,0.23339,0.865765,-0.442696
0.885407,0.0959204,0.610467,0.451609,-0.0316952,-0.891653,-0.870961,-0.2325,-0.432864,-0.193589,0.97208,-0.132604
0.819324,0.226886,1.05112,-0.0373106,0.904874,-0.424042,-0.102394,0.418642,0.90236,0.994044,0.0770869,0.0770339
0.748979,0.141698,0.744613,0.130116,-0.339937,-0.931404,-0.780732,0.543921,-0.307584,0.611169,0.767198,-0.194627
0.707075,0.295981,0.993235,-0.00571403,0.499587,-0.866245,-0.246694,0.838781,0.485375,0.969077,0.216471,0.118452
0.748979,0.16845,0.635669,0.130116,-0.00087733,-0.991498,-0.94268,0.309811,-0.123984,0.307285,0.950798,0.0394843
1.07214,0.114366,0.995839,0.0597327,-0.233219,-0.970588,-0.987327,-0.157019,-0.0230333,-0.147029,0.959663,-0.239642
0.632586,0.308167,0.824435,-0.00571277,0.830782,-0.556569,-0.649298,0.42021,0.633905,0.760513,0.365,0.537024
0.632586,0.297579,0.767613,-0.00571277,0.971037,-0.23886,-0.870251,0.112833,0.479512,0.492575,0.210607,0.844402
0.767099,0.199939,0.555997,0.159449,0.586271,-0.794268,-0.968064,-0.0648149,-0.242181,-0.193464,0.807518,0.557214
0.997638,0.0781622,0.597425,0.49086,0.320476,-0.810155,-0.568666,-0.586638,-0.576605,-0.660056,0.743741,-0.105713
0.888973,0.148833,0.518432,0.130114,0.845546,-0.517805,-0.75379,-0.254906,-0.605659,-0.644105,0.469121,0.604197
0.819306,0.274683,1.08486,-0.133187,0.383892,-0.913722,-0.168912,0.899655,0.402603,0.976591,0.20796,-0.0549781
0.815719,0.196369,1.01983,0.159449,-0.506066,-0.847628,-0.552477,0.665822,-0.501448,0.818135,0.54825,-0.173425
0.875765,0.102215,0.604457,0.462837,-0.218673,-0.859048,-0.883419,-0.193778,-0.42664,-0.0731699,0.956364,-0.282867
0.679296,0.254334,0.899225,0.0115629,-0.0698604,-0.99749,-0.35448,0.932483,-0.0694168,0.934992,0.354393,-0.0139819
0.707093,0.306109,1.00041,0.10645,0.933789,-0.341622,-0.233971,0.357451,0.904149,0.966398,-0.0163173,0.25653
0.875765,0.0830188,0.874802,0.462837,-0.719699,-0.517509,-0.723771,0.0302505,-0.689377,0.511799,0.693627,-0.506896
0.883514,0.0667265,0.72948,0.490861,-0.655441,-0.573979,-0.812716,-0.107093,-0.572734,0.313925,0.747615,-0.585255
0.950254,0.133441,1.0183,0.462836,-0.618797,-0.634723,-0.801711,0.0132949,-0.597564,0.37821,0.785438,-0.489943
0.997638,0.125091,1.01586,0.49086,-0.541376,-0.682618,-0.855959,-0.153573,-0.49371,0.162451,0.826636,-0.538779
0.632586,0.337551,0.874209,-0.00571277,0.590322,-0.807148,-0.35003,0.754917,0.554599,0.936721,0.285694,0.202317
0.654882,0.269917,0.683484,-0.0730442,0.319814,-0.944661,-0.765008,0.589731,0.258805,0.639865,0.741577,0.201583
1.07214,0.0901364,0.578127,0.0597327,0.723944,-0.687267,-0.366332,-0.624559,-0.689729,-0.928565,0.292968,0.227898
1.07214,0.0901364,0.578127,0.0597327,0.723944,-0.687267,-0.366332,-0.624559,-0.689729,-0.928565,0.292968,0.227898
0.748979,0.153821,0.856137,0.130116,-0.637995,-0.758968,-0.524615,0.605245,-0.598713,0.841337,0.476068,-0.25595
0.7448,0.280563,1.02754,0.0115618,-0.178796,-0.983818,-0.249839,0.952162,-0.175979,0.968218,0.247831,-0.0336615
0.911277,0.141408,1.0148,0.451609,-0.703735,-0.548459,-0.707829,0.0916353,-0.700415,0.543165,0.704529,-0.45674
1.04771,0.0820142,0.589628,0.544356,0.367201,-0.754215,-0.344202,-0.722151,-0.600018,-0.764985,0.586226,-0.266716
1.04771,0.0820142,0.589628,0.544356,0.367201,-0.754215,-0.344202,-0.722151,-0.600018,-0.764985,0.586226,-0.266716
1.04771,0.120264,1.00862,0.544356,-0.469569,-0.695113,-0.834597,-0.386547,-0.392465,-0.0844046,0.79378,-0.60232
0.883514,0.103175,0.595807,0.490861,-0.419601,-0.763538,-0.871071,-0.219233,-0.439513,0.0170275,0.880836,-0.473115
0.654882,0.253399,0.75484,-0.0730442,-0.0225665,-0.997073,-0.500025,0.865843,0.0170347,0.862925,0.499806,-0.0745286
0.748979,0.23085,0.542445,0.130116,0.338288,-0.932004,-0.990927,0.0124554,-0.133821,-0.0336616,0.94096,0.336839
0.883514,0.0781945,0.867558,0.490861,-0.812226,-0.31519,-0.656334,-0.106821,-0.74687,0.572958,0.573479,-0.585526
0.632586,0.307064,0.710596,-0.00571277,0.994171,0.10766,-0.986239,-0.0233902,0.163662,0.165226,-0.105243,0.980624
0.763543,0.133724,0.711818,0.0849542,-0.656409,-0.749607,-0.718156,0.481161,-0.502728,0.690677,0.581044,-0.430527
0.654882,0.309844,0.62208,-0.0730442,0.623619,-0.778308,-0.937719,0.22281,0.266531,0.339629,0.749303,0.568505
0.679296,0.29639,0.582653,0.0115629,0.970205,-0.242011,-0.982342,-0.0341763,-0.183945,-0.186735,0.239865,0.952678
0.90772,0.0597174,0.724322,0.544356,-0.762179,-0.35037,-0.757155,-0.266632,-0.596342,0.3611,0.589907,-0.72223
0.963475,0.256959,1.12894,-0.237086,-0.219941,-0.946264,-0.554194,0.830621,-0.0542085,0.797909,0.511562,-0.318818
0.763543,0.172173,0.602124,0.0849542,-0.360442,-0.928905,-0.911071,0.349344,-0.218879,0.4034,0.864893,-0.29871
0.767099,0.211333,0.989583,0.159449,-0.680396,-0.715288,-0.358627,0.635135,-0.684098,0.919762,0.365601,-0.142737
0.911277,0.162961,0.491513,0.451609,0.417924,-0.788282,-0.657826,-0.440908,-0.610627,-0.602756,0.794317,0.0758032
0.885407,0.145265,1.007,0.451609,-0.788041,-0.418377,-0.603133,0.075909,-0.79402,0.657479,0.610924,-0.441013
1.09027,0.198861,1.08624,-0.432508,-0.225092,-0.873081,-0.837534,0.458877,0.296594,0.333876,0.859515,-0.38699
0.978025,0.152543,0.484894,0.0849513,0.89816,-0.431384,-0.472825,-0.344758,-0.810912,-0.877052,0.272857,0.395385
0.978025,0.152543,0.484894,0.0849513,0.89816,-0.431384,-0.472825,-0.344758,-0.810912,-0.877052,0.272857,0.395385
0.632604,0.354816,0.891664,0.106452,0.987214,0.118643,-0.646517,-0.0219328,0.762584,0.755436,-0.157883,0.635916
0.885407,0.171314,0.493957,0.451609,0.275179,-0.84872,-0.752224,-0.394115,-0.528046,-0.4798,0.876898,0.0290107
0.955743,0.276225,1.13802,-0.397364,0.224972,-0.889657,-0.141617,0.942835,0.301672,0.906668,0.245864,-0.342789
0.950254,0.158134,0.484274,0.462836,0.517627,-0.719615,-0.511679,-0.506897,-0.693715,-0.723856,0.689288,0.0302488
0.819324,0.338703,1.11502,-0.0373106,0.705272,-0.707954,0.243764,0.69347,0.677996,0.969117,-0.147277,-0.197794
