0.888973,-0.00913926,0.962165,-0.556576,0.520718,0.647361,0.766112,0.623123,0.157453,-0.321397,0.583585,-0.745743
0.815719,0.0237441,0.96975,0.159449,0.100342,-0.982093,-0.931745,0.344046,-0.116122,0.326233,0.933576,0.148351
0.978025,-0.0294537,0.935222,0.0849513,0.35736,-0.930095,-0.945758,-0.264849,-0.188142,-0.313569,0.895628,0.315477
0.843495,0.0163987,1.01,-0.0730476,0.600831,-0.796031,-0.927497,0.252485,0.275683,0.366625,0.758454,0.538825
0.950254,-0.0258118,0.930935,0.462836,-0.117231,-0.878658,-0.868904,-0.256205,-0.423515,-0.175467,0.959487,-0.220443
0.911277,-0.0173329,0.932889,0.451609,-0.236877,-0.860197,-0.892123,-0.105939,-0.439197,0.0129072,0.965747,-0.259166
0.888973,0.0273011,1.0965,0.130114,-0.0831457,-0.988007,-0.913933,0.376317,-0.152028,0.384444,0.922753,-0.0270255
0.888973,0.00256247,0.823471,0.130114,0.571385,-0.810302,-0.947229,-0.169843,-0.271866,-0.292964,0.802915,0.519134
0.997638,-0.0310513,0.923991,0.49086,-0.0265298,-0.870834,-0.783555,-0.450454,-0.427941,-0.380918,0.892405,-0.241898
0.978025,-0.00100322,1.07813,0.0849513,0.0176971,-0.996228,-0.995969,0.0304179,-0.0843888,0.0288097,0.999381,0.0202098
0.815719,0.0308687,0.841844,0.159449,0.430187,-0.888547,-0.987132,0.0584297,-0.148851,-0.0121162,0.900847,0.433968
0.963475,-0.0270076,0.952417,-0.237086,0.669805,-0.70367,-0.971176,-0.181798,0.154167,-0.0246638,0.719938,0.6936
0.885407,-0.00958021,0.928935,0.451609,-0.382186,-0.806215,-0.876424,-0.0207681,-0.481092,0.167123,0.923852,-0.344336
0.843495,0.0101994,0.877157,-0.0730476,0.836855,-0.542529,-0.996955,-0.0463846,0.0626841,0.0272925,0.545455,0.837695
0.767099,0.053813,0.954424,0.159449,-0.118521,-0.980066,-0.836961,0.510239,-0.197871,0.523519,0.851827,-0.01784
0.950254,0.00095276,1.07285,0.462836,-0.41068,-0.785573,-0.876516,-0.0797633,-0.474719,0.132297,0.908284,-0.396885
0.997638,-0.00634583,1.06812,0.49086,-0.322773,-0.809243,-0.866582,-0.276782,-0.415244,-0.0899541,0.905102,-0.41557
0.963475,0.00717631,1.09345,-0.237086,0.388742,-0.89032,-0.921042,0.201536,0.333264,0.308985,0.899034,0.310266
0.7448,0.0866683,1.02622,0.0115618,0.444171,-0.895867,-0.778646,0.566103,0.270625,0.627357,0.694435,0.352397
0.815719,0.0607953,1.09238,0.159449,-0.241605,-0.957185,-0.763975,0.583879,-0.274641,0.625235,0.775057,-0.0914813
1.04771,-0.0306018,0.915306,0.544356,0.0385266,-0.837969,-0.618989,-0.655752,-0.432252,-0.566154,0.753992,-0.333115
0.911277,0.00958834,1.07179,0.451609,-0.516796,-0.727304,-0.833906,0.0453666,-0.550038,0.317253,0.854906,-0.410471
0.7448,0.0706855,0.916427,0.0115618,0.723789,-0.689925,-0.946257,0.23094,0.226418,0.32321,0.650228,0.68756
0.911277,0.00487631,0.793157,0.451609,0.0716135,-0.889337,-0.842735,-0.293093,-0.451546,-0.292995,0.953398,-0.0720121
0.875765,-0.00618027,0.920924,0.462837,-0.540969,-0.702236,-0.840179,-0.0151314,-0.542098,0.282632,0.840907,-0.461514
1.07214,-0.0276976,0.901529,0.0597327,0.392619,-0.917759,-0.704085,-0.635159,-0.317548,-0.707599,0.665149,0.238498
0.767099,0.0643659,0.837727,0.159449,0.223829,-0.961497,-0.96554,0.238288,-0.104648,0.205689,0.94505,0.254111
0.950254,-0.00242329,0.788422,0.462836,0.190358,-0.865764,-0.756489,-0.42428,-0.497706,-0.462068,0.885297,-0.0523685
0.978025,-0.00731178,0.791205,0.0849513,0.65392,-0.751779,-0.781475,-0.424345,-0.457415,-0.618127,0.626355,0.474973
0.843495,0.0676599,1.13271,-0.0730476,0.292338,-0.953521,-0.746168,0.618346,0.24674,0.661738,0.729511,0.172965
1.07214,-0.0108769,1.04587,0.0597327,0.0550492,-0.996695,-0.903637,-0.421244,-0.0774216,-0.424114,0.905275,0.0245824
0.885407,0.0135135,0.792094,0.451609,-0.0833953,-0.88831,-0.880729,-0.200919,-0.428893,-0.14271,0.976052,-0.164185
1.04771,-0.00889402,1.05981,0.544356,-0.250399,-0.800611,-0.775295,-0.514605,-0.366195,-0.320304,0.82005,-0.474262
0.885407,0.0155214,1.06542,0.451609,-0.634879,-0.626879,-0.76641,0.0836819,-0.636878,0.456799,0.768066,-0.448786
0.997638,-0.00497179,0.780104,0.49086,0.272913,-0.82739,-0.606019,-0.575334,-0.549302,-0.625937,0.771044,-0.117018
0.883514,-0.00872347,0.9126,0.490861,-0.687651,-0.534968,-0.793125,-0.0985702,-0.60103,0.360567,0.719319,-0.593777
0.875765,0.0194485,0.785728,0.462837,-0.268165,-0.844908,-0.886176,-0.163384,-0.433587,-0.021771,0.949417,-0.313262
0.819306,0.0477219,1.06867,-0.133187,0.853618,-0.503585,-0.718738,0.266666,0.64211,0.682405,0.447466,0.578011
0.748979,0.0670001,0.923356,0.130116,-0.393424,-0.910103,-0.743942,0.568065,-0.351927,0.655454,0.722855,-0.21877
0.767099,0.0838092,1.06769,0.159449,-0.446575,-0.880424,-0.607432,0.658643,-0.444091,0.778205,0.605608,-0.166244
1.09027,-0.0139166,1.0245,-0.432508,0.340902,-0.834699,-0.871159,-0.396645,0.289404,-0.232421,0.852325,0.468532
0.875765,0.0159761,1.05673,0.462837,-0.748523,-0.474864,-0.692844,0.0286872,-0.720516,0.552945,0.662488,-0.505333
0.748979,0.0873836,0.813043,0.130116,-0.0584246,-0.989776,-0.923255,0.356809,-0.142433,0.361483,0.932349,-0.00751423
1.04771,-0.00157885,0.772097,0.544356,0.322806,-0.774257,-0.388023,-0.721416,-0.573582,-0.743717,0.612662,-0.267451
0.7448,0.139237,1.12392,0.0115618,0.110979,-0.993755,-0.517119,0.851268,0.0890506,0.855835,0.51286,0.0672318
0.679296,0.142267,0.907634,0.0115629,0.539709,-0.841772,-0.842731,0.458371,0.282313,0.538211,0.706123,0.46013
0.883514,0.0199054,0.777037,0.490861,-0.463211,-0.737896,-0.868615,-0.194516,-0.455711,0.0675577,0.864638,-0.497832
0.90772,-0.0160201,0.907858,0.544356,-0.78123,-0.305541,-0.734919,-0.26854,-0.62272,0.404438,0.56353,-0.720323
0.815719,0.0813098,0.72409,0.159449,0.708144,-0.687828,-0.923457,-0.139328,-0.357513,-0.349005,0.692185,0.631725
0.978025,0.074608,1.20268,0.0849513,-0.3241,-0.942201,-0.926051,0.323296,-0.194703,0.367714,0.889066,-0.272669
0.679296,0.150926,0.993471,0.0115629,0.219258,-0.975598,-0.607829,0.776254,0.167253,0.793984,0.591063,0.142247
0.7448,0.0932167,0.807792,0.0115618,0.916107,-0.400767,-0.999735,0.00260584,-0.0228849,-0.0199207,0.400925,0.915894
1.07214,0.00586218,0.760144,0.0597327,0.682834,-0.728128,-0.419611,-0.644678,-0.638997,-0.905737,0.343699,0.248016
0.883514,0.0107396,1.04978,0.490861,-0.829151,-0.267515,-0.621972,-0.118481,-0.774024,0.610087,0.546325,-0.573866
0.888973,0.107488,1.21027,0.130114,-0.41605,-0.899985,-0.727328,0.576841,-0.371817,0.673842,0.702963,-0.22755
0.888973,0.0609949,0.697143,0.130114,0.814066,-0.56601,-0.789905,-0.259924,-0.555419,-0.599267,0.519361,0.609215
0.707075,0.119524,1.00791,-0.00571403,0.918057,-0.396408,-0.776636,0.245641,0.580084,0.629924,0.311179,0.711592
1.07214,0.0542955,1.17575,0.0597327,-0.289161,-0.955415,-0.994196,-0.103025,-0.0309763,-0.0894747,0.951721,-0.293636
0.767099,0.114195,0.731677,0.159449,0.539182,-0.826957,-0.977661,-0.0299613,-0.208042,-0.136949,0.841656,0.52236
0.963475,0.0875344,1.21428,-0.237086,0.0607905,-0.969585,-0.759817,0.610308,0.224058,0.605366,0.789828,-0.0985058
0.997638,0.0661648,1.19511,0.49086,-0.580084,-0.650045,-0.845087,-0.135579,-0.517152,0.211859,0.803194,-0.556772
0.748979,0.0855752,1.03399,0.130116,-0.680972,-0.720658,-0.474898,0.595237,-0.648201,0.870369,0.42658,-0.245942
0.90772,0.0146709,0.770085,0.544356,-0.629615,-0.554311,-0.828924,-0.302365,-0.470596,0.12869,0.715654,-0.686497
0.950254,0.0746421,1.19706,0.462836,-0.654595,-0.597736,-0.778407,0.0224858,-0.627357,0.424105,0.755646,-0.499134
0.819306,0.117161,1.17714,-0.133187,0.629902,-0.76517,-0.441996,0.65327,0.614718,0.887074,0.420075,0.191408
0.763543,0.0571358,0.891079,0.0849542,-0.698811,-0.710244,-0.676857,0.482628,-0.555819,0.731196,0.527953,-0.431994
0.90772,0.00226091,1.04782,0.544356,-0.838618,-0.0199183,-0.552272,-0.340412,-0.760996,0.631404,0.425253,-0.648451
0.707075,0.16385,1.09548,-0.00571403,0.727112,-0.686495,-0.514352,0.586593,0.62558,0.85756,0.356675,0.37064
1.04771,0.0609263,1.18817,0.544356,-0.509123,-0.666686,-0.838089,-0.36402,-0.406319,-0.0358204,0.779925,-0.624847
1.09027,0.0441307,1.1567,-0.432508,0.0348596,-0.900956,-0.898114,0.0715064,0.43391,0.07955,0.996831,0.000380815
0.911277,0.0823928,1.19311,0.451609,-0.734382,-0.506688,-0.675109,0.0900263,-0.732204,0.583333,0.67274,-0.455131
0.911277,0.0735371,0.669448,0.451609,0.371466,-0.81121,-0.691702,-0.428524,-0.581305,-0.563558,0.823639,0.0634187
0.763543,0.0891536,0.779339,0.0849542,-0.41375,-0.906418,-0.886121,0.384593,-0.258606,0.455601,0.825166,-0.333959
0.679296,0.163489,0.824012,0.0115629,0.795064,-0.606415,-0.975987,0.1409,0.166123,0.217522,0.589933,0.777601
0.885407,0.082017,0.671403,0.451609,0.225454,-0.863261,-0.778804,-0.372475,-0.504704,-0.435331,0.90024,0.00737124
0.815719,0.137554,1.19494,0.159449,-0.554411,-0.816826,-0.504059,0.665707,-0.550235,0.848823,0.499463,-0.17331
0.950254,0.0682972,0.662502,0.462836,0.474986,-0.748446,-0.552831,-0.505344,-0.662575,-0.692936,0.720428,0.0286957
0.843495,0.1578,1.2305,-0.0730476,-0.0514159,-0.996002,-0.474841,0.880007,-0.0106027,0.877035,0.472169,-0.0886968
0.885407,0.0857906,1.18509,0.451609,-0.810996,-0.371932,-0.563955,0.0635582,-0.823356,0.691378,0.581588,-0.428662
0.978025,0.0627518,0.663445,0.0849513,0.871607,-0.482788,-0.522934,-0.373441,-0.766212,-0.848129,0.317557,0.424069
0.748979,0.144267,0.716355,0.130116,0.283622,-0.950068,-0.99121,0.0603174,-0.117744,0.0239107,0.957037,0.288977
0.875765,0.0897712,0.667452,0.462837,0.0369824,-0.885672,-0.825287,-0.346701,-0.445758,-0.323548,0.937246,-0.129945
0.679296,0.18842,1.07117,0.0115629,-0.127639,-0.991753,-0.299614,0.945807,-0.125219,0.953991,0.298591,-0.0273062
0.997638,0.0687472,0.653815,0.49086,0.539438,-0.684151,-0.355388,-0.592988,-0.72254,-0.795459,0.597806,-0.099364
0.654882,0.191455,0.854888,-0.0730442,0.264444,-0.961631,-0.726579,0.64639,0.232944,0.683189,0.715716,0.144925
0.763543,0.0652664,1.00703,0.0849542,-0.899585,-0.428404,-0.385954,0.366681,-0.846513,0.918598,0.237259,-0.316047
0.809034,0.0288352,0.872692,0.0597358,-0.945711,-0.319471,-0.650223,0.205966,-0.731291,0.757391,0.251412,-0.60262
0.654882,0.179107,0.927083,-0.0730442,-0.0804008,-0.994083,-0.449096,0.892623,-0.0391957,0.890493,0.443576,-0.101309
0.875765,0.0832454,1.17677,0.462837,-0.865794,-0.190216,-0.461942,-0.0524312,-0.885359,0.756566,0.497645,-0.424214
0.955743,0.103385,1.22851,-0.397364,0.470758,-0.787711,-0.395788,0.686527,0.609945,0.827922,0.554136,-0.0864809
0.883514,0.0931732,0.659441,0.490861,-0.1829,-0.851823,-0.839337,-0.361424,-0.406062,-0.2336,0.914287,-0.330924
0.767099,0.150737,1.16387,0.159449,-0.720766,-0.67459,-0.304638,0.61406,-0.728098,0.939027,0.3216,-0.121661
0.809034,0.0688486,0.752381,0.0597358,-0.779412,-0.623657,-0.870053,0.26561,-0.415282,0.489325,0.567422,-0.662264
0.632586,0.237821,0.993381,-0.00571277,0.797077,-0.603851,-0.604061,0.478484,0.637309,0.796917,0.368404,0.47875
1.04771,0.0746743,0.64745,0.544356,0.568149,-0.617157,-0.110256,-0.680873,-0.724055,-0.831577,0.462189,-0.307995
1.04771,0.0746743,0.64745,0.544356,0.568149,-0.617157,-0.110256,-0.680873,-0.724055,-0.831577,0.462189,-0.307995
0.883514,0.075947,1.17203,0.490861,-0.870642,0.0322041,-0.375801,-0.244932,-0.893746,0.786021,0.426603,-0.447416
0.707075,0.235454,1.1626,-0.00571403,0.448466,-0.893781,-0.19003,0.877022,0.441272,0.981762,0.172367,0.0802109
0.7448,0.222052,1.19775,0.0115618,-0.235598,-0.971782,-0.19322,0.953004,-0.233344,0.981087,0.190466,-0.0345038
0.763543,0.157458,0.685288,0.0849542,-0.0787842,-0.993265,-0.988506,0.11845,-0.0939425,0.125053,0.98983,-0.0678158
0.90772,0.0906321,0.651118,0.544356,-0.402059,-0.736223,-0.822948,-0.42606,-0.375804,-0.16258,0.810445,-0.562802
