0.843495,0.0460637,0.847224,-0.243817,0.29038,0.925328,0.867785,0.491329,0.0744692,-0.433016,0.821143,-0.371782
0.888973,0.038276,0.793559,0.130114,0.569107,-0.811904,-0.948048,-0.168345,-0.269935,-0.290302,0.804846,0.517637
0.7448,0.10666,0.886324,0.0115618,0.721848,-0.691955,-0.945345,0.233406,0.227694,0.325867,0.651504,0.685094
0.843495,0.0526361,0.980051,-0.0730476,0.598593,-0.797716,-0.926463,0.255392,0.276479,0.369229,0.759251,0.535918
0.963475,0.0090682,0.922589,-0.237086,0.667826,-0.705548,-0.971241,-0.179336,0.156619,-0.0219359,0.72239,0.691138
0.7448,0.128886,0.777626,0.0115618,0.914978,-0.403338,-0.999787,0.00367488,-0.0203227,-0.0171126,0.403487,0.914825
0.815719,0.0666337,0.811854,0.159449,0.427689,-0.889752,-0.987162,0.0605448,-0.147802,-0.00934356,0.901896,0.431853
0.888973,0.0269639,0.932286,0.130114,0.257098,-0.957586,-0.990163,0.0838164,-0.112037,0.0514569,0.962744,0.265475
0.978025,0.0283112,0.761321,0.0849513,0.651806,-0.753613,-0.783208,-0.423864,-0.45489,-0.615929,0.628879,0.474491
0.978025,0.00657391,0.905401,0.0849513,0.354746,-0.931095,-0.946635,-0.262857,-0.186517,-0.310911,0.897252,0.313485
0.815719,0.116744,0.693957,0.159449,0.70621,-0.689815,-0.924433,-0.138381,-0.35535,-0.346409,0.694348,0.630779
0.888973,0.0963534,0.667068,0.130114,0.812473,-0.568294,-0.791585,-0.260018,-0.552978,-0.597046,0.521803,0.609309
0.819306,0.084124,1.03864,-0.133187,0.8522,-0.505981,-0.716818,0.269729,0.642976,0.684421,0.448332,0.574948
0.815719,0.0598684,0.939778,0.159449,0.0975836,-0.982371,-0.930825,0.346341,-0.116678,0.328849,0.93302,0.146057
0.707075,0.155755,0.977668,-0.00571403,0.91694,-0.398985,-0.774864,0.248148,0.581386,0.632103,0.312481,0.709085
0.767099,0.100119,0.807642,0.159449,0.221128,-0.962122,-0.964959,0.240648,-0.10461,0.208401,0.945088,0.25175
0.7448,0.122951,0.996068,0.0115618,0.441653,-0.897111,-0.776881,0.568812,0.270017,0.629542,0.693827,0.349688
0.767099,0.14965,0.701453,0.159449,0.536857,-0.828469,-0.978042,-0.0281773,-0.206496,-0.134203,0.843202,0.520576
0.950254,0.0331918,0.758525,0.462836,0.187925,-0.866295,-0.757784,-0.423188,-0.496664,-0.459941,0.886339,-0.0534601
0.911277,0.0405047,0.763239,0.451609,0.0691153,-0.889535,-0.843555,-0.291681,-0.450929,-0.290627,0.954015,-0.0734234
0.679296,0.199203,0.793648,0.0115629,0.793358,-0.608646,-0.975372,0.143029,0.167905,0.220263,0.591715,0.775473
0.963475,0.0436481,1.06352,-0.237086,0.38624,-0.891408,-0.92017,0.204998,0.33356,0.311571,0.89933,0.306804
1.07214,0.0082353,0.871702,0.0597327,0.39004,-0.918858,-0.70607,-0.634176,-0.315097,-0.705618,0.6676,0.237514
0.679296,0.178217,0.87733,0.0115629,0.537343,-0.843285,-0.841216,0.461148,0.28231,0.540576,0.70612,0.457354
0.997638,0.03062,0.750214,0.49086,0.270588,-0.828154,-0.607775,-0.574707,-0.548016,-0.624232,0.77233,-0.117645
0.950254,0.0102037,0.901103,0.462836,-0.119699,-0.878325,-0.869393,-0.254699,-0.423419,-0.173026,0.959584,-0.221949
0.978025,0.0980156,0.633365,0.0849513,0.870248,-0.485234,-0.525314,-0.374695,-0.763969,-0.846657,0.319801,0.425323
0.885407,0.0491389,0.762152,0.451609,-0.08589,-0.888072,-0.881126,-0.199381,-0.428794,-0.140236,0.976151,-0.165722
1.07214,0.0413978,0.730223,0.0597327,0.680786,-0.730043,-0.422153,-0.6455,-0.636488,-0.904554,0.346209,0.248838
0.997638,0.00494471,0.894174,0.49086,-0.0289756,-0.870756,-0.784621,-0.449148,-0.427359,-0.378715,0.892987,-0.243204
0.911277,0.0186881,0.903033,0.451609,-0.239292,-0.859528,-0.892083,-0.104461,-0.439632,0.0154129,0.965312,-0.260644
0.978025,0.0354256,1.04823,0.0849513,0.0148988,-0.996274,-0.995884,0.0329878,-0.0844247,0.031607,0.999345,0.0176399
0.843495,0.104242,1.10262,-0.0730476,0.289658,-0.954339,-0.744307,0.621085,0.245481,0.663831,0.728253,0.170226
0.767099,0.0898942,0.924368,0.159449,-0.121273,-0.979729,-0.835487,0.512071,-0.199359,0.525868,0.850339,-0.0196726
0.888973,0.0637814,1.06652,0.130114,-0.0859205,-0.987769,-0.912849,0.378478,-0.153167,0.387009,0.921614,-0.0291871
0.911277,0.108818,0.639338,0.451609,0.369186,-0.812251,-0.693282,-0.427839,-0.579925,-0.561613,0.825018,0.0627341
1.09027,0.0223617,0.994632,-0.432508,0.338557,-0.835653,-0.871808,-0.393431,0.291825,-0.229973,0.854746,0.465318
0.679296,0.247545,0.722192,0.0115629,0.953681,-0.300596,-0.991884,-0.0271266,-0.124217,-0.126618,0.299593,0.945628
0.950254,0.103558,0.632407,0.462836,0.472882,-0.749777,-0.554775,-0.505177,-0.661076,-0.691381,0.721927,0.028529
0.885407,0.0264296,0.899058,0.451609,-0.384449,-0.805139,-0.875951,-0.019527,-0.482005,0.169584,0.92294,-0.345577
1.04771,0.0339904,0.742197,0.544356,0.32063,-0.77516,-0.390111,-0.721303,-0.572307,-0.742624,0.613937,-0.267564
1.04771,0.00536979,0.885487,0.544356,0.0361728,-0.838074,-0.620577,-0.654846,-0.431348,-0.564413,0.754896,-0.334021
0.815719,0.204155,0.60031,0.159449,0.89955,-0.406676,-0.750204,-0.157358,-0.642209,-0.641693,0.407489,0.649756
0.875765,0.055056,0.75577,0.462837,-0.270538,-0.844151,-0.886234,-0.161936,-0.434012,-0.0192819,0.948992,-0.314709
0.885407,0.117303,0.641269,0.451609,0.223028,-0.863891,-0.780024,-0.371361,-0.50364,-0.433142,0.901304,0.00625727
0.748979,0.123067,0.782894,0.130116,-0.0612044,-0.989608,-0.922236,0.359025,-0.143462,0.364074,0.931319,-0.00973005
0.707075,0.200327,1.06511,-0.00571403,0.725181,-0.688535,-0.511942,0.58935,0.624966,0.859001,0.356061,0.367883
0.748979,0.179679,0.686046,0.130116,0.280952,-0.95086,-0.991139,0.0626766,-0.117109,0.0266947,0.957673,0.286618
1.07214,0.0254614,1.01599,0.0597327,0.0522494,-0.996846,-0.904824,-0.418915,-0.076176,-0.421574,0.906521,0.0222536
0.632586,0.259985,0.906736,-0.00571277,0.954704,-0.297501,-0.838667,0.157454,0.521388,0.544614,0.252483,0.79978
0.632586,0.265983,0.849248,-0.00571277,0.99888,0.0469688,-0.974359,-0.0161252,0.224422,0.224928,-0.0444823,0.973359
0.767099,0.232513,0.618608,0.159449,0.787834,-0.59489,-0.873159,-0.168619,-0.457342,-0.460619,0.592356,0.661018
0.997638,0.103984,0.623718,0.49086,0.537515,-0.685663,-0.357621,-0.593334,-0.721153,-0.794458,0.599193,-0.0990175
0.888973,0.194191,0.568068,0.130114,0.957843,-0.256139,-0.539644,-0.148307,-0.828727,-0.831778,0.246053,0.497598
0.819306,0.153868,1.1469,-0.133187,0.62775,-0.766936,-0.439503,0.656172,0.613413,0.888312,0.418769,0.188505
0.815719,0.0972639,1.0623,0.159449,-0.244292,-0.956503,-0.762216,0.585279,-0.276542,0.627378,0.773156,-0.0928815
0.875765,0.125046,0.637296,0.462837,0.0344946,-0.885772,-0.826193,-0.345318,-0.445153,-0.321229,0.937851,-0.131327
0.679296,0.187116,0.963142,0.0115629,0.216517,-0.97621,-0.605596,0.778379,0.165466,0.795688,0.589276,0.140122
0.707093,0.207999,1.07487,0.10645,0.992374,-0.0621426,-0.498983,0.107374,0.859934,0.860049,-0.0605323,0.506607
0.875765,0.029807,0.891037,0.462837,-0.542939,-0.700714,-0.839382,-0.0142956,-0.543354,0.284991,0.839651,-0.46235
0.883514,0.0554885,0.747077,0.490861,-0.465282,-0.736592,-0.868421,-0.19337,-0.456566,0.0699972,0.863783,-0.498978
0.950254,0.0373668,1.04295,0.462836,-0.412885,-0.784416,-0.876141,-0.078548,-0.475613,0.134759,0.90739,-0.3981
0.997638,0.0300549,1.03823,0.49086,-0.325044,-0.808333,-0.866831,-0.275407,-0.415638,-0.0875197,0.904708,-0.416945
0.632586,0.274011,0.962808,-0.00571277,0.795377,-0.606088,-0.601821,0.481309,0.637302,0.798611,0.368397,0.475925
0.654882,0.263372,0.760726,-0.0730442,0.575107,-0.814811,-0.915317,0.285784,0.283766,0.396056,0.766537,0.50553
1.07214,0.120949,0.608619,0.0597327,0.889419,-0.453174,-0.0873184,-0.447588,-0.889966,-0.994388,0.0927305,0.0509269
1.07214,0.120949,0.608619,0.0597327,0.889419,-0.453174,-0.0873184,-0.447588,-0.889966,-0.994388,0.0927305,0.0509269
0.748979,0.102994,0.893264,0.130116,-0.395979,-0.908994,-0.742098,0.569101,-0.35414,0.657541,0.720642,-0.219806
0.7448,0.175794,1.09362,0.0115618,0.108188,-0.994063,-0.514713,0.852953,0.0868436,0.857284,0.510654,0.0655474
0.911277,0.0459993,1.04186,0.451609,-0.518837,-0.72585,-0.833012,0.0462193,-0.551321,0.319594,0.853623,-0.411324
1.04771,0.109893,0.617337,0.544356,0.566414,-0.618751,-0.112592,-0.681605,-0.723006,-0.831264,0.463238,-0.307262
1.04771,0.109893,0.617337,0.544356,0.566414,-0.618751,-0.112592,-0.681605,-0.723006,-0.831264,0.463238,-0.307262
1.04771,0.0274834,1.02993,0.544356,-0.252647,-0.799904,-0.776192,-0.51333,-0.366085,-0.318125,0.820159,-0.475537
0.883514,0.128426,0.629276,0.490861,-0.185292,-0.851306,-0.83999,-0.359996,-0.405981,-0.231242,0.914368,-0.332352
0.654882,0.227256,0.824446,-0.0730442,0.261742,-0.96237,-0.724657,0.649051,0.231528,0.685227,0.7143,0.142264
0.748979,0.266001,0.6144,0.130116,0.589222,-0.797425,-0.940496,-0.181279,-0.287409,-0.313905,0.787372,0.530574
0.883514,0.0272405,0.88272,0.490861,-0.689151,-0.533035,-0.792109,-0.0982419,-0.602422,0.362793,0.717927,-0.594106
0.763543,0.124743,0.749185,0.0849542,-0.416294,-0.905253,-0.884838,0.386179,-0.260629,0.458088,0.823143,-0.335545
0.654882,0.319104,0.713202,-0.0730442,0.819106,-0.568973,-0.995575,-0.026071,0.0902785,0.059114,0.57305,0.817386
0.679296,0.317411,0.671578,0.0115629,0.998977,0.0437104,-0.88876,0.0302994,-0.457369,-0.458226,-0.0335595,0.888202
0.90772,0.0502344,0.74014,0.544356,-0.63117,-0.552541,-0.828559,-0.30168,-0.471677,0.131018,0.714573,-0.687183
0.963475,0.124345,1.18413,-0.237086,0.058067,-0.969752,-0.758114,0.61315,0.222059,0.607498,0.787829,-0.101348
0.763543,0.192783,0.654942,0.0849542,-0.0815737,-0.99304,-0.988151,0.120965,-0.0944727,0.127829,0.989299,-0.0703307
0.767099,0.120208,1.03755,0.159449,-0.449046,-0.879166,-0.605244,0.65909,-0.446409,0.779908,0.603289,-0.166691
0.911277,0.215388,0.546274,0.451609,0.624727,-0.636997,-0.459389,-0.449224,-0.766263,-0.76486,0.638681,0.0841194
0.885407,0.0519144,1.03547,0.451609,-0.636637,-0.625094,-0.765124,0.0840462,-0.638375,0.45895,0.76657,-0.44915
1.09027,0.08078,1.12668,-0.432508,0.0323288,-0.901051,-0.897887,0.0755244,0.433699,0.0820723,0.99662,-0.00363725
0.978025,0.20728,0.536967,0.0849513,0.983725,-0.158329,-0.20406,-0.138358,-0.969132,-0.975265,0.114638,0.188986
0.978025,0.20728,0.536967,0.0849513,0.983725,-0.158329,-0.20406,-0.138358,-0.969132,-0.975265,0.114638,0.188986
0.885407,0.222701,0.550991,0.451609,0.505046,-0.735512,-0.58484,-0.454995,-0.671522,-0.673804,0.733422,0.089891
0.955743,0.140236,1.19831,-0.397364,0.468544,-0.78903,-0.393461,0.689791,0.607764,0.82903,0.551956,-0.0897444
0.950254,0.212816,0.537962,0.462836,0.700803,-0.542825,-0.284852,-0.462303,-0.839724,-0.83943,0.543279,-0.0143455
0.819324,0.206674,1.19402,-0.0373106,0.877396,-0.478314,-0.0417207,0.476863,0.877987,0.998432,0.0527138,0.0188135
0.978025,0.111386,1.17257,0.0849513,-0.326745,-0.941287,-0.925014,0.325242,-0.196383,0.370313,0.887387,-0.274614
0.90772,0.125861,0.62096,0.544356,-0.404125,-0.735091,-0.823402,-0.42484,-0.376192,-0.160268,0.810058,-0.564022
0.90772,0.0199305,0.877998,0.544356,-0.782085,-0.303346,-0.73378,-0.26871,-0.623988,0.4065,0.562261,-0.720153
0.875765,0.231336,0.549905,0.462837,0.335366,-0.820556,-0.6665,-0.478636,-0.571563,-0.584431,0.811441,0.00199115
0.632604,0.324665,1.02708,0.106452,0.992604,0.0583548,-0.599354,0.0172282,0.800299,0.793374,-0.120168,0.596755
1.07214,0.0909983,1.14569,0.0597327,-0.291843,-0.954599,-0.994444,-0.100441,-0.0315189,-0.0866819,0.951178,-0.296221
0.707093,0.282665,1.13858,0.10645,0.911273,-0.397807,-0.174736,0.410999,0.894733,0.978844,-0.0257335,0.202983
0.875765,0.0523448,1.02678,0.462837,-0.749854,-0.472759,-0.691289,0.02852,-0.722016,0.554889,0.660989,-0.505165
