0.888973,-0.0103782,0.89136,-0.556576,0.319409,0.766942,0.766112,0.554442,0.325065,-0.321397,0.768487,-0.553292
0.815719,0.0190829,0.907819,0.159449,0.370384,-0.915091,-0.985766,0.109781,-0.127329,0.0532991,0.922369,0.382616
0.978025,-0.0223681,0.859819,0.0849513,0.602685,-0.793445,-0.820704,-0.409233,-0.398715,-0.565003,0.685054,0.459861
0.950254,-0.0176747,0.856719,0.462836,0.13259,-0.876472,-0.785436,-0.397029,-0.474825,-0.410942,0.908178,-0.0796185
0.843495,0.000798087,0.944422,-0.0730476,0.79908,-0.596771,-0.992957,-0.00230996,0.11845,0.0932721,0.601221,0.793621
0.911277,-0.0100775,0.86096,0.451609,0.0125455,-0.892128,-0.860293,-0.258952,-0.439135,-0.236528,0.965809,-0.106152
0.888973,0.0395577,0.761439,0.130114,0.774785,-0.618691,-0.827866,-0.258493,-0.497815,-0.545627,0.576966,0.607784
0.888973,-0.012867,1.03053,0.130114,0.195833,-0.971967,-0.984904,0.138406,-0.10396,0.114168,0.970821,0.210885
0.997638,-0.0207686,0.848588,0.49086,0.217506,-0.843651,-0.646151,-0.558666,-0.519982,-0.584419,0.800364,-0.133685
0.978025,-0.0349215,1.00499,0.0849513,0.294964,-0.951724,-0.964452,-0.215541,-0.152889,-0.250232,0.93088,0.266168
0.815719,0.061613,0.786981,0.159449,0.661026,-0.733226,-0.944547,-0.113824,-0.308019,-0.287067,0.741679,0.606221
0.885407,-0.00152972,0.859327,0.451609,-0.142055,-0.880835,-0.888247,-0.164593,-0.428866,-0.0840564,0.976079,-0.200511
0.767099,0.0522338,0.901492,0.159449,0.159647,-0.974212,-0.949794,0.293904,-0.10729,0.269196,0.942408,0.198495
0.950254,-0.0315716,1.00047,0.462836,-0.175177,-0.868962,-0.878619,-0.220622,-0.423503,-0.117525,0.959499,-0.256026
0.997638,-0.0372596,0.993887,0.49086,-0.0841566,-0.867164,-0.807066,-0.41884,-0.416194,-0.328178,0.904152,-0.273512
0.963475,-0.0313418,1.02198,-0.237086,0.621722,-0.746493,-0.970676,-0.120182,0.208192,0.0397222,0.773962,0.631985
0.7448,0.0637527,0.9796,0.0115618,0.676498,-0.736354,-0.922768,0.290886,0.252752,0.385181,0.676562,0.627614
0.815719,0.0204465,1.03591,0.159449,0.035067,-0.986583,-0.908088,0.397218,-0.132644,0.387237,0.917054,0.0951798
1.04771,-0.0179135,0.840373,0.544356,0.270809,-0.793939,-0.436436,-0.716841,-0.543748,-0.71638,0.642496,-0.272026
0.911277,-0.0229819,1.00186,0.451609,-0.293337,-0.842617,-0.889308,-0.0718087,-0.451635,0.0719741,0.953308,-0.293296
0.7448,0.0790383,0.869711,0.0115618,0.887548,-0.46057,-0.998859,0.0316001,0.0358207,0.0463466,0.459631,0.8869
0.911277,0.0502379,0.732975,0.451609,0.316915,-0.834035,-0.727514,-0.410348,-0.549853,-0.516501,0.855091,0.0452429
0.875765,0.00397059,0.852582,0.462837,-0.323544,-0.825289,-0.885672,-0.129947,-0.445757,0.0369781,0.937248,-0.346698
1.07214,-0.0112806,0.827954,0.0597327,0.633102,-0.77176,-0.478686,-0.660278,-0.578698,-0.875952,0.403998,0.263617
0.767099,0.0949287,0.792374,0.159449,0.483219,-0.860857,-0.984585,0.0143414,-0.174316,-0.0718871,0.875382,0.478057
0.950254,0.0445494,0.726391,0.462836,0.424365,-0.778265,-0.597518,-0.499177,-0.627531,-0.654794,0.755471,0.0225286
0.978025,0.0390786,0.727699,0.0849513,0.837712,-0.539464,-0.577967,-0.399596,-0.711532,-0.811627,0.372238,0.450224
0.843495,0.0157836,1.07656,-0.0730476,0.546781,-0.834083,-0.901174,0.322094,0.290071,0.427259,0.772843,0.469217
1.07214,-0.0354012,0.971252,0.0597327,0.330963,-0.941751,-0.749411,-0.608351,-0.261328,-0.659405,0.721369,0.211689
0.885407,0.0588287,0.734364,0.451609,0.167775,-0.876299,-0.805931,-0.344665,-0.481333,-0.382786,0.923611,-0.0204387
1.04771,-0.0373864,0.985191,0.544356,-0.0170661,-0.838681,-0.655132,-0.633071,-0.412339,-0.523908,0.773906,-0.355796
0.885407,-0.0155082,0.997398,0.451609,-0.434751,-0.779128,-0.863429,0.00707663,-0.504421,0.224811,0.900523,-0.372181
0.997638,0.0444229,0.717693,0.49086,0.492935,-0.718381,-0.4073,-0.599066,-0.689367,-0.770171,0.630979,-0.0932855
0.883514,0.0038508,0.84388,0.490861,-0.511073,-0.705592,-0.862232,-0.168818,-0.477553,0.124947,0.842796,-0.523529
0.875765,0.0663041,0.729907,0.462837,-0.0217667,-0.886176,-0.844907,-0.313264,-0.433588,-0.26817,0.949417,-0.163381
0.748979,0.0735658,0.875337,0.130116,-0.12386,-0.983732,-0.897282,0.407421,-0.169979,0.421846,0.904802,-0.0581256
0.767099,0.0494343,1.01863,0.159449,-0.183181,-0.970062,-0.800444,0.551145,-0.235644,0.577811,0.814054,-0.0587465
0.875765,-0.0126464,0.989178,0.462837,-0.586297,-0.664859,-0.819612,0.00265996,-0.572913,0.337666,0.810092,-0.479305
0.748979,0.12392,0.775093,0.130116,0.220066,-0.966768,-0.987449,0.116794,-0.106314,0.0895171,0.968468,0.232501
1.04771,0.0499154,0.71095,0.544356,0.52602,-0.653437,-0.165099,-0.696545,-0.698261,-0.822447,0.487984,-0.292323
0.7448,0.086973,1.08809,0.0115618,0.383852,-0.923322,-0.735379,0.628952,0.252265,0.677557,0.676075,0.289549
0.679296,0.150231,0.88124,0.0115629,0.753148,-0.657749,-0.959434,0.193666,0.204888,0.281695,0.628698,0.724835
0.883514,0.0691679,0.721688,0.490861,-0.238924,-0.837837,-0.852967,-0.327698,-0.406276,-0.177488,0.914073,-0.364649
0.90772,-0.00183275,0.83729,0.544356,-0.664951,-0.511387,-0.818579,-0.287853,-0.497061,0.183316,0.689189,-0.701009
0.815719,0.142907,0.687977,0.159449,0.87194,-0.462923,-0.789401,-0.16897,-0.590165,-0.592809,0.459533,0.661368
0.978025,0.00293269,1.14569,0.0849513,-0.0483331,-0.995212,-0.991873,0.0908501,-0.0890784,0.0947205,0.994691,-0.0402224
0.679296,0.134595,0.966084,0.0115629,0.482764,-0.875674,-0.805228,0.523711,0.278092,0.592853,0.701902,0.394791
0.7448,0.130986,0.771678,0.0115618,0.991547,-0.129235,-0.954471,-0.0275838,-0.297024,-0.298078,0.126786,0.946084
1.07214,0.060396,0.701548,0.0597327,0.858879,-0.508684,-0.150225,-0.496056,-0.855197,-0.986846,0.1275,0.0993941
0.883514,-0.0157353,0.981042,0.490861,-0.721578,-0.488243,-0.767498,-0.0929248,-0.63428,0.412313,0.686069,-0.599423
0.888973,0.130918,0.656432,0.130114,0.939664,-0.316387,-0.591324,-0.182597,-0.78549,-0.795868,0.289291,0.531888
0.888973,0.0323917,1.16215,0.130114,-0.14841,-0.980329,-0.88646,0.425488,-0.182069,0.444139,0.892712,-0.0761973
0.767099,0.172369,0.704439,0.159449,0.748508,-0.64367,-0.900621,-0.156732,-0.405361,-0.4043,0.644337,0.649131
1.07214,-0.00905638,1.11416,0.0597327,-0.011094,-0.998153,-0.929746,-0.36457,-0.051587,-0.363324,0.93111,-0.0320914
0.963475,0.0121092,1.16044,-0.237086,0.328912,-0.914115,-0.898552,0.283463,0.335043,0.369317,0.900814,0.22834
0.997638,-0.00306108,1.13606,0.49086,-0.375669,-0.786085,-0.870637,-0.245013,-0.426567,-0.0323531,0.893779,-0.447339
0.748979,0.0605344,0.986758,0.130116,-0.452847,-0.882043,-0.69889,0.58913,-0.405561,0.703294,0.669221,-0.239835
0.90772,0.0660811,0.713552,0.544356,-0.449944,-0.707973,-0.83191,-0.397932,-0.386749,-0.10771,0.7995,-0.59093
0.950254,0.00453502,1.1403,0.462836,-0.461815,-0.756644,-0.865827,-0.052498,-0.497581,0.190068,0.885421,-0.42415
0.819306,0.0509245,1.13303,-0.133187,0.818385,-0.559024,-0.671956,0.340048,0.657907,0.728517,0.463264,0.504629
0.763543,0.0730994,0.84159,0.0849542,-0.472883,-0.87702,-0.853995,0.418888,-0.308585,0.513298,0.775187,-0.368254
0.90772,-0.0233301,0.976793,0.544356,-0.799754,-0.25312,-0.706515,-0.274434,-0.652321,0.452231,0.533928,-0.714428
0.707075,0.118544,1.06765,-0.00571403,0.889782,-0.45635,-0.733203,0.306594,0.606971,0.679986,0.338066,0.650639
1.04771,-0.00615449,1.12793,0.544356,-0.302883,-0.782265,-0.79481,-0.484431,-0.36552,-0.268244,0.820725,-0.504437
1.09027,-0.0135049,1.09304,-0.432508,0.284862,-0.855448,-0.884641,-0.317385,0.341579,-0.174203,0.9045,0.389272
0.911277,0.0130811,1.13867,0.451609,-0.563838,-0.691474,-0.81106,0.0635168,-0.581505,0.371795,0.823439,-0.428622
0.911277,0.150689,0.633337,0.451609,0.583059,-0.675345,-0.506985,-0.455155,-0.731983,-0.734176,0.672961,0.0900503
0.763543,0.135024,0.743221,0.0849542,-0.144406,-0.985865,-0.978051,0.176847,-0.110185,0.190258,0.973587,-0.126213
0.679296,0.193942,0.806861,0.0115629,0.932691,-0.36049,-0.997919,-0.0121087,-0.0633373,-0.0634392,0.360473,0.93061
0.885407,0.158287,0.637581,0.451609,0.457369,-0.766069,-0.626407,-0.448883,-0.637274,-0.635345,0.76767,0.0837793
0.815719,0.0655395,1.15582,0.159449,-0.304479,-0.939079,-0.720881,0.613991,-0.321475,0.674468,0.728223,-0.121593
0.950254,0.147596,0.625205,0.462836,0.664955,-0.586189,-0.33753,-0.479268,-0.81017,-0.819668,0.572832,0.00261983
0.843495,0.0750609,1.19561,-0.0730476,0.228533,-0.970792,-0.700695,0.680918,0.213018,0.709711,0.69579,0.110393
0.885407,0.0185794,1.13192,0.451609,-0.67501,-0.583447,-0.734467,0.0900165,-0.672647,0.506564,0.732297,-0.45512
0.978025,0.142007,0.624563,0.0849513,0.9717,-0.220416,-0.265518,-0.191139,-0.944969,-0.960356,0.138801,0.241767
0.748979,0.205522,0.698116,0.130116,0.537448,-0.833198,-0.958516,-0.146762,-0.244354,-0.253609,0.830428,0.496057
0.875765,0.166836,0.635949,0.462837,0.282636,-0.840178,-0.702233,-0.461515,-0.5421,-0.540972,0.840904,-0.0151299
0.679296,0.14892,1.05116,0.0115629,0.154152,-0.98798,-0.553899,0.823594,0.12202,0.832503,0.54583,0.0949076
0.997638,0.150452,0.616988,0.49086,0.708908,-0.506464,-0.119323,-0.521136,-0.845091,-0.863028,0.475255,-0.171216
0.654882,0.212182,0.844314,-0.0730442,0.522258,-0.849653,-0.888348,0.353164,0.293451,0.453324,0.776222,0.438151
0.763543,0.0485537,0.955205,0.0849542,-0.744323,-0.662394,-0.626935,0.476773,-0.61615,0.774426,0.467622,-0.426139
0.809034,0.0510532,0.816036,0.0597358,-0.819012,-0.570658,-0.835729,0.271595,-0.477278,0.545884,0.505426,-0.668248
0.654882,0.18018,0.910196,-0.0730442,0.200164,-0.977036,-0.679728,0.706892,0.195637,0.729818,0.678409,0.0844226
0.875765,0.0184574,1.12322,0.462837,-0.778334,-0.424238,-0.654695,0.0225085,-0.755558,0.597626,0.627446,-0.499154
0.883514,0.172338,0.629206,0.490861,0.0620416,-0.869026,-0.740822,-0.495223,-0.453802,-0.458517,0.866548,-0.197124
0.767099,0.0868676,1.12966,0.159449,-0.503915,-0.848909,-0.554549,0.665699,-0.499321,0.816732,0.550378,-0.1733
0.809034,0.123047,0.711668,0.0597358,-0.574443,-0.816362,-0.972031,0.152607,-0.178511,0.227127,0.804193,-0.549261
0.632586,0.218064,0.990244,-0.00571277,0.933908,-0.357466,-0.802429,0.209033,0.558939,0.596721,0.290034,0.748201
1.04771,0.157919,0.61253,0.544356,0.717786,-0.43412,0.126151,-0.581678,-0.803577,-0.829315,0.382667,-0.407189
0.883514,0.0127719,1.11663,0.490861,-0.84505,-0.212004,-0.580193,-0.135529,-0.803124,0.649947,0.517225,-0.556818
0.707075,0.168573,1.15209,-0.00571403,0.68004,-0.733152,-0.456417,0.650568,0.606996,0.889748,0.338092,0.306665
0.7448,0.145899,1.18209,0.0115618,0.0449082,-0.998924,-0.459292,0.887612,0.034588,0.88821,0.458398,0.0308884
0.763543,0.226857,0.671964,0.0849542,0.201488,-0.9758,-0.98414,-0.136097,-0.113782,-0.155729,0.96999,0.186731
0.90772,0.17222,0.620504,0.544356,-0.180668,-0.819167,-0.744901,-0.553164,-0.373004,-0.385744,0.813246,-0.435698
0.654882,0.264787,0.79335,-0.0730442,0.781361,-0.61979,-0.98982,0.0193191,0.141009,0.122152,0.62378,0.771995
0.809034,0.0190972,0.938733,0.0597358,-0.964796,-0.256124,-0.598625,0.170701,-0.78263,0.798799,0.200073,-0.567354
0.632586,0.220403,0.932491,-0.00571277,0.999848,-0.0164931,-0.958127,-0.000750987,0.286343,0.286287,0.0174383,0.957985
1.07214,0.170983,0.60728,0.0597327,0.981062,-0.184253,0.196356,-0.192524,-0.961446,-0.978712,0.0212506,-0.204137
0.748979,0.0863971,1.09592,0.130116,-0.727213,-0.673967,-0.416201,0.576898,-0.702827,0.899915,0.371954,-0.227603
0.90772,0.00418196,1.11524,0.544356,-0.838095,0.0356765,-0.509234,-0.363954,-0.779883,0.666601,0.406366,-0.624908
0.632586,0.235619,1.04531,-0.00571277,0.755326,-0.655324,-0.549946,0.544959,0.632913,0.835181,0.364009,0.412275
