0.843495,0.0681795,0.844108,-0.243817,0.469429,0.84864,0.867785,0.4963,-0.0252131,-0.433016,0.73029,-0.52837
0.888973,0.0498254,0.793083,0.130114,0.395389,-0.909251,-0.986937,-0.0362203,-0.156981,-0.0950021,0.917799,0.385511
0.7448,0.135367,0.870311,0.0115618,0.569019,-0.822243,-0.861162,0.423585,0.281026,0.508199,0.704836,0.494915
0.843495,0.0812504,0.711763,-0.0730476,0.906496,-0.415847,-0.990427,-0.114901,-0.076493,-0.117122,0.406278,0.906212
0.843495,0.101162,0.972943,-0.0730476,0.427115,-0.901242,-0.833996,0.469386,0.290048,0.546914,0.772819,0.321925
0.7448,0.135424,0.759365,0.0115618,0.815926,-0.57804,-0.983042,0.11508,0.142777,0.183016,0.566587,0.80342
0.963475,0.0469901,0.925346,-0.237086,0.51337,-0.824768,-0.956036,0.0275289,0.291955,0.172586,0.857726,0.484273
0.815719,0.0812668,0.805341,0.159449,0.241268,-0.95727,-0.969119,0.22302,-0.105213,0.188106,0.944485,0.269377
0.888973,0.0664627,0.931272,0.130114,0.060562,-0.989648,-0.95991,0.257635,-0.110438,0.24828,0.964342,0.091656
0.978025,0.0336195,0.763486,0.0849513,0.488068,-0.868662,-0.89049,-0.353926,-0.285943,-0.447001,0.797826,0.404553
0.978025,0.0411115,0.909003,0.0849513,0.161534,-0.983204,-0.989671,-0.100684,-0.102052,-0.115478,0.981718,0.151312
0.707075,0.170524,0.856946,-0.00571403,0.96572,-0.259522,-0.859544,0.127884,0.494802,0.51103,0.225898,0.829349
0.815719,0.106808,0.67981,0.159449,0.554123,-0.817021,-0.97501,-0.0412941,-0.218288,-0.154697,0.83141,0.533691
0.888973,0.081455,0.657537,0.130114,0.682526,-0.719186,-0.894925,-0.231409,-0.381522,-0.426825,0.693259,0.5807
0.819306,0.143721,1.02405,-0.133187,0.733904,-0.666068,-0.565596,0.49559,0.65916,0.813857,0.464517,0.349087
0.815719,0.100201,0.932038,0.159449,-0.100688,-0.982058,-0.846338,0.49818,-0.18849,0.50822,0.861208,-0.00578222
0.707075,0.201725,0.950003,-0.00571403,0.818719,-0.574166,-0.632925,0.441569,0.635943,0.774192,0.367038,0.515664
0.767099,0.113235,0.794524,0.159449,0.0244106,-0.986904,-0.903853,0.405654,-0.135997,0.397022,0.913701,0.0867448
0.7448,0.173259,0.974587,0.0115618,0.253479,-0.967272,-0.635413,0.748779,0.188627,0.772086,0.612436,0.169721
0.767099,0.140548,0.680578,0.159449,0.36048,-0.919038,-0.985133,0.118399,-0.124476,0.0639424,0.925222,0.373999
0.950254,0.0378429,0.759771,0.462836,0.0110263,-0.886375,-0.834409,-0.332128,-0.439833,-0.29924,0.94317,-0.14452
0.911277,0.0459504,0.762929,0.451609,-0.110031,-0.885405,-0.884617,-0.184464,-0.428283,-0.116201,0.976661,-0.180641
0.679296,0.207525,0.761012,0.0115629,0.655733,-0.754904,-0.911686,0.317013,0.261403,0.410725,0.685213,0.601488
0.7448,0.173423,0.655129,0.0115618,0.964421,-0.264117,-0.986352,-0.0323849,-0.161431,-0.164241,0.262379,0.950885
0.963475,0.109035,1.05653,-0.237086,0.200323,-0.950611,-0.839352,0.450458,0.304263,0.489161,0.870033,0.0613441
1.07214,0.0360056,0.875653,0.0597327,0.198561,-0.978267,-0.832831,-0.53035,-0.158499,-0.550296,0.824198,0.133689
0.679296,0.203683,0.8472,0.0115629,0.357995,-0.933652,-0.716228,0.654527,0.242099,0.69777,0.665908,0.263974
0.997638,0.0336623,0.752142,0.49086,0.0996437,-0.865521,-0.720255,-0.512537,-0.467482,-0.490193,0.852864,-0.179815
0.950254,0.0438094,0.904067,0.462836,-0.292797,-0.836692,-0.886434,-0.148412,-0.438416,0.00419148,0.944587,-0.328236
0.978025,0.0763491,0.624182,0.0849513,0.755733,-0.649346,-0.683904,-0.429716,-0.589593,-0.724609,0.494177,0.480344
0.885407,0.0541931,0.760138,0.451609,-0.261618,-0.852998,-0.891378,-0.0908672,-0.44406,0.0386645,0.960885,-0.274237
1.07214,0.0402281,0.7304,0.0597327,0.521173,-0.851358,-0.594393,-0.666624,-0.449789,-0.801953,0.532908,0.269962
0.997638,0.0372718,0.898329,0.49086,-0.202391,-0.847404,-0.844474,-0.349756,-0.405628,-0.214289,0.914718,-0.342596
0.911277,0.0525082,0.904262,0.451609,-0.406222,-0.794376,-0.871011,-0.00777154,-0.491202,0.193364,0.913741,-0.357333
0.955743,0.122663,1.0729,-0.397364,0.579691,-0.711379,-0.511321,0.503851,0.696194,0.762006,0.640385,0.0961959
0.978025,0.0979215,1.04318,0.0849513,-0.184483,-0.979157,-0.969482,0.211513,-0.123963,0.229973,0.959806,-0.160885
0.843495,0.176219,1.08273,-0.0730476,0.0931144,-0.992972,-0.596644,0.793735,0.118323,0.799174,0.601094,-0.00242424
0.767099,0.126542,0.910939,0.159449,-0.314603,-0.935736,-0.713554,0.618298,-0.329467,0.682214,0.720231,-0.125899
0.888973,0.12936,1.05544,0.130114,-0.28157,-0.950678,-0.817104,0.512659,-0.263671,0.561615,0.81111,-0.163368
0.911277,0.0881269,0.627876,0.451609,0.199431,-0.869642,-0.791525,-0.360262,-0.49366,-0.41175,0.911284,-0.00484298
1.09027,0.0744115,0.99328,-0.432508,0.164743,-0.886452,-0.90018,-0.134647,0.414182,-0.0511243,0.977103,0.206534
0.679296,0.240613,0.681337,0.0115629,0.87438,-0.485104,-0.997181,0.0460539,0.0592415,0.0741406,0.483051,0.872447
0.950254,0.0815886,0.622135,0.462836,0.31352,-0.829149,-0.681742,-0.471951,-0.559008,-0.566578,0.823995,-0.00469671
0.885407,0.0592992,0.89882,0.451609,-0.537583,-0.712077,-0.824397,0.053787,-0.563451,0.341202,0.841494,-0.418891
1.04771,0.0353627,0.743613,0.544356,0.159265,-0.823597,-0.530639,-0.695034,-0.485129,-0.649692,0.701115,-0.293833
1.04771,0.0359525,0.889732,0.544356,-0.132026,-0.8284,-0.720845,-0.578686,-0.381451,-0.429022,0.804793,-0.410181
0.815719,0.173742,0.570584,0.159449,0.800143,-0.578228,-0.863301,-0.171087,-0.474807,-0.478841,0.574891,0.663484
0.875765,0.0587155,0.752702,0.462837,-0.433765,-0.773065,-0.872213,-0.0672052,-0.484488,0.1582,0.898516,-0.40944
0.885407,0.0968271,0.628073,0.451609,0.045902,-0.891034,-0.850845,-0.278422,-0.445583,-0.268536,0.959361,-0.0866823
0.748979,0.130775,0.765689,0.130116,-0.25772,-0.957419,-0.830884,0.49856,-0.247123,0.541019,0.827659,-0.149265
0.707075,0.262872,1.02678,-0.00571403,0.572967,-0.819558,-0.329965,0.772588,0.54243,0.943976,0.273525,0.184645
0.748979,0.166893,0.659481,0.130116,0.0852791,-0.987825,-0.965815,0.236198,-0.106826,0.224212,0.967956,0.113097
1.07214,0.0817169,1.01359,0.0597327,-0.148,-0.987182,-0.970817,-0.238721,-0.022953,-0.232264,0.959744,-0.157941
0.632586,0.289679,0.859673,-0.00571277,0.876001,-0.482276,-0.712924,0.334623,0.616251,0.701218,0.347347,0.622611
0.632586,0.284068,0.802146,-0.00571277,0.98812,-0.153581,-0.90976,0.058617,0.410975,0.415094,0.14207,0.898617
0.767099,0.205185,0.582846,0.159449,0.653069,-0.740322,-0.947592,-0.109056,-0.300294,-0.276849,0.749404,0.601454
0.997638,0.0802693,0.613537,0.49086,0.38966,-0.779244,-0.509162,-0.597475,-0.619498,-0.706972,0.700848,-0.0948766
0.888973,0.157537,0.540983,0.130114,0.887341,-0.442376,-0.694972,-0.236601,-0.678995,-0.707167,0.395785,0.585892
0.819306,0.233693,1.1162,-0.133187,0.461835,-0.876909,-0.253131,0.839595,0.480629,0.95822,0.285986,0.00508184
0.815719,0.161325,1.04462,0.159449,-0.4305,-0.888395,-0.621476,0.655435,-0.429153,0.767035,0.620545,-0.163037
0.875765,0.10362,0.622632,0.462837,-0.143202,-0.8748,-0.873719,-0.240305,-0.422928,-0.149655,0.960076,-0.23634
0.679296,0.229551,0.929503,0.0115629,0.0170776,-0.999787,-0.434383,0.900669,0.0103607,0.900654,0.434171,0.0178325
0.707093,0.272338,1.0348,0.10645,0.959942,-0.259192,-0.317058,0.279836,0.906182,0.942413,-0.0142846,0.334146
0.875765,0.0610057,0.890286,0.462837,-0.67201,-0.578088,-0.765504,0.0258271,-0.642912,0.446974,0.740092,-0.502472
0.883514,0.0574023,0.744099,0.490861,-0.603088,-0.628761,-0.836919,-0.125841,-0.532663,0.242119,0.787686,-0.566506
0.950254,0.0987685,1.03762,0.462836,-0.561304,-0.68609,-0.831542,-0.00676765,-0.555421,0.307117,0.827582,-0.46988
0.997638,0.0906624,1.03446,0.49086,-0.480015,-0.727078,-0.866837,-0.1853,-0.462879,0.0874611,0.857467,-0.507051
0.632586,0.314626,0.911812,-0.00571277,0.658224,-0.752801,-0.430099,0.678006,0.596089,0.902763,0.327184,0.279228
0.654882,0.263821,0.715932,-0.0730442,0.400687,-0.913299,-0.817713,0.500204,0.284852,0.570972,0.767623,0.29111
1.07214,0.0938751,0.595352,0.0597327,0.780924,-0.621763,-0.284262,-0.583778,-0.760525,-0.956884,0.222172,0.187117
1.07214,0.0938751,0.595352,0.0597327,0.780924,-0.621763,-0.284262,-0.583778,-0.760525,-0.956884,0.222172,0.187117
0.748979,0.133162,0.877844,0.130116,-0.569634,-0.811534,-0.595737,0.609359,-0.523239,0.79257,0.551542,-0.260064
0.7448,0.244531,1.05961,0.0115618,-0.0926342,-0.995633,-0.333024,0.938499,-0.0911856,0.942847,0.332624,-0.0199987
0.911277,0.107009,1.03483,0.451609,-0.653416,-0.607533,-0.752348,0.0871389,-0.652977,0.479606,0.751967,-0.452244
1.04771,0.0847843,0.606104,0.544356,0.431347,-0.719456,-0.276429,-0.717519,-0.639338,-0.792,0.546906,-0.271348
1.04771,0.0847843,0.606104,0.544356,0.431347,-0.719456,-0.276429,-0.717519,-0.639338,-0.792,0.546906,-0.271348
1.04771,0.0864825,1.02684,0.544356,-0.407393,-0.733286,-0.824107,-0.422915,-0.376817,-0.156605,0.809428,-0.565952
0.883514,0.105329,0.614098,0.490861,-0.351668,-0.79711,-0.869256,-0.259352,-0.420868,-0.0587259,0.899481,-0.432996
0.654882,0.241166,0.785583,-0.0730442,0.0641564,-0.995263,-0.573115,0.814004,0.0945341,0.816213,0.577306,-0.0226892
0.748979,0.237157,0.572032,0.130116,0.417992,-0.899084,-0.984254,-0.0549639,-0.167995,-0.119638,0.906786,0.404259
0.883514,0.0568291,0.882651,0.490861,-0.781766,-0.384574,-0.703637,-0.0954266,-0.704122,0.513761,0.616227,-0.596921
0.763543,0.125681,0.732325,0.0849542,-0.588791,-0.803808,-0.775454,0.467498,-0.424401,0.625663,0.659371,-0.416864
0.654882,0.308932,0.658229,-0.0730442,0.688889,-0.721177,-0.963683,0.137486,0.228937,0.256864,0.711709,0.653829
0.679296,0.298956,0.617783,0.0115629,0.987564,-0.156793,-0.962401,-0.031566,-0.269792,-0.271387,0.154017,0.950067
0.90772,0.050868,0.738351,0.544356,-0.728852,-0.415272,-0.785668,-0.269515,-0.556856,0.293943,0.629394,-0.719347
0.963475,0.212206,1.15858,-0.237086,-0.136886,-0.961796,-0.62143,0.782352,0.0418375,0.746736,0.607608,-0.27055
0.763543,0.173517,0.626387,0.0849542,-0.278364,-0.956711,-0.942678,0.28853,-0.167659,0.32271,0.916114,-0.237896
0.767099,0.178862,1.01578,0.159449,-0.61567,-0.771703,-0.437191,0.656832,-0.614358,0.885122,0.435341,-0.164434
0.911277,0.173951,0.515393,0.451609,0.484839,-0.748986,-0.602963,-0.452908,-0.656742,-0.657636,0.748202,0.0878028
0.885407,0.11153,1.02739,0.451609,-0.748707,-0.485269,-0.657982,0.0878555,-0.747891,0.602585,0.657053,-0.452959
1.09027,0.158037,1.11099,-0.432508,-0.148377,-0.889338,-0.863378,0.352414,0.361086,0.259838,0.924007,-0.280527
0.978025,0.164147,0.507894,0.0849513,0.932247,-0.35171,-0.394828,-0.292594,-0.870919,-0.914819,0.212851,0.343221
0.978025,0.164147,0.507894,0.0849513,0.932247,-0.35171,-0.394828,-0.292594,-0.870919,-0.914819,0.212851,0.343221
0.632604,0.33031,0.930702,0.106452,0.973171,0.203975,-0.709713,-0.0693108,0.701073,0.696402,-0.219394,0.683294
0.885407,0.182059,0.518553,0.451609,0.347885,-0.821599,-0.707688,-0.421118,-0.567307,-0.543348,0.837637,0.0560137
0.955743,0.230609,1.1693,-0.397364,0.301425,-0.866744,-0.219863,0.885732,0.408826,0.890933,0.353018,-0.285686
0.950254,0.16977,0.507762,0.462836,0.578198,-0.671915,-0.446847,-0.502458,-0.740178,-0.765579,0.642824,0.02581
0.819324,0.294849,1.15182,-0.0373106,0.76412,-0.643994,0.158634,0.6408,0.75114,0.986632,-0.0741338,-0.145124
0.978025,0.197197,1.14984,0.0849513,-0.508249,-0.85701,-0.83236,0.436585,-0.341424,0.547687,0.742345,-0.385958
0.90772,0.101154,0.606462,0.544356,-0.542865,-0.63951,-0.838821,-0.345449,-0.420768,0.00750208,0.765482,-0.643414
0.90772,0.048723,0.879485,0.544356,-0.826928,-0.140946,-0.637752,-0.298822,-0.709914,0.54493,0.476335,-0.69004
