0.843495,0.054128,0.812577,-0.243817,0.418649,0.874807,0.867785,0.496924,0.00405147,-0.433016,0.760132,-0.484455
0.888973,0.03881,0.76056,0.130114,0.448238,-0.884394,-0.979632,-0.0794756,-0.184406,-0.152946,0.890374,0.428767
0.7448,0.119656,0.842691,0.0115618,0.616443,-0.787315,-0.88959,0.365888,0.273416,0.456615,0.697226,0.552612
0.843495,0.0794676,0.943131,-0.0730476,0.479437,-0.874531,-0.86475,0.406404,0.29503,0.496862,0.777802,0.384907
0.963475,0.0281923,0.892427,-0.237086,0.56104,-0.793111,-0.964539,-0.0384605,0.261125,0.115998,0.826895,0.550263
0.7448,0.126245,0.73194,0.0115618,0.848545,-0.528998,-0.992112,0.0757728,0.0998605,0.12482,0.52367,0.842727
0.815719,0.0694752,0.774648,0.159449,0.297211,-0.941404,-0.978513,0.173852,-0.110847,0.13072,0.938851,0.318545
0.888973,0.0472823,0.899489,0.130114,0.118725,-0.984365,-0.972863,0.206871,-0.103643,0.191332,0.971138,0.14242
0.978025,0.0243748,0.73006,0.0849513,0.538366,-0.838419,-0.862627,-0.381382,-0.332298,-0.498656,0.751472,0.43201
0.978025,0.0232862,0.875766,0.0849513,0.219142,-0.971988,-0.981155,-0.151514,-0.119912,-0.173547,0.963857,0.202141
0.707075,0.155539,0.831419,-0.00571403,0.979325,-0.202212,-0.888141,0.0879567,0.451075,0.459535,0.182171,0.869276
0.815719,0.102363,0.650838,0.159449,0.601266,-0.782979,-0.964211,-0.0753373,-0.254209,-0.211834,0.79549,0.567735
0.888973,0.0783654,0.627111,0.130114,0.723686,-0.677753,-0.868242,-0.246916,-0.430335,-0.478776,0.644446,0.596208
0.819306,0.118944,0.996659,-0.133187,0.771847,-0.621702,-0.612532,0.429038,0.663875,0.779144,0.469232,0.415639
0.815719,0.0809166,0.90224,0.159449,-0.0426925,-0.986283,-0.874793,0.456893,-0.161202,0.457508,0.888496,0.0355039
0.707075,0.181207,0.926151,-0.00571403,0.851104,-0.524966,-0.677409,0.382875,0.628111,0.735584,0.359206,0.574358
0.767099,0.102025,0.765731,0.159449,0.0824747,-0.983755,-0.92566,0.358838,-0.119949,0.343116,0.929749,0.13356
0.7448,0.151343,0.949016,0.0115618,0.30999,-0.95067,-0.679769,0.699689,0.219884,0.733335,0.643694,0.218811
0.767099,0.135999,0.653592,0.159449,0.413965,-0.896219,-0.987189,0.0722214,-0.142275,0.00582942,0.907423,0.420177
0.950254,0.0288096,0.7266,0.462836,0.0631947,-0.884188,-0.815343,-0.361061,-0.452604,-0.347848,0.930398,-0.115587
0.911277,0.0367171,0.73023,0.451609,-0.0577099,-0.890348,-0.87624,-0.216682,-0.430409,-0.168083,0.974535,-0.148423
0.679296,0.198124,0.73783,0.0115629,0.699042,-0.714987,-0.934287,0.262362,0.241401,0.356335,0.665211,0.65614
0.7448,0.170316,0.630122,0.0115618,0.978299,-0.206876,-0.974971,-0.0349095,-0.219573,-0.22203,0.204237,0.95341
0.963475,0.0824061,1.02703,-0.237086,0.255945,-0.937167,-0.866696,0.38009,0.323062,0.438894,0.888833,0.131713
1.07214,0.0201527,0.842173,0.0597327,0.255814,-0.964879,-0.798986,-0.567175,-0.199836,-0.598376,0.782861,0.170513
0.679296,0.189214,0.823641,0.0115629,0.412345,-0.910954,-0.756069,0.599805,0.261906,0.65439,0.685716,0.318697
0.997638,0.0250855,0.718738,0.49086,0.150431,-0.858153,-0.690144,-0.534034,-0.488374,-0.531749,0.831972,-0.158318
0.950254,0.02627,0.870997,0.462836,-0.243027,-0.852479,-0.885143,-0.178786,-0.429602,-0.0480067,0.953401,-0.297862
0.978025,0.0752322,0.593514,0.0849513,0.792654,-0.603724,-0.640054,-0.420954,-0.642751,-0.763619,0.441019,0.471581
0.885407,0.0451099,0.727929,0.451609,-0.210942,-0.866921,-0.892108,-0.121879,-0.435074,-0.0138846,0.969871,-0.243225
1.07214,0.0329199,0.697421,0.0597327,0.570395,-0.819196,-0.546145,-0.668263,-0.505125,-0.835559,0.477572,0.271601
0.997638,0.0200816,0.864884,0.49086,-0.152147,-0.85785,-0.830392,-0.379653,-0.407814,-0.263638,0.912532,-0.312699
0.911277,0.0349422,0.871704,0.451609,-0.358746,-0.816915,-0.880884,-0.0338182,-0.472122,0.141745,0.932822,-0.331287
0.978025,0.0720975,1.01306,0.0849513,-0.126513,-0.988321,-0.981341,0.161095,-0.104973,0.172494,0.978797,-0.110467
0.843495,0.147931,1.05714,-0.0730476,0.151416,-0.985767,-0.642663,0.748691,0.162624,0.762659,0.645395,0.0426196
0.767099,0.108454,0.882728,0.159449,-0.258963,-0.952635,-0.752483,0.59275,-0.287081,0.639018,0.762617,-0.100352
0.888973,0.10276,1.02714,0.130114,-0.225108,-0.965607,-0.848753,0.478139,-0.225835,0.512532,0.848946,-0.128848
0.911277,0.0867721,0.597894,0.451609,0.250287,-0.856391,-0.765909,-0.383576,-0.515997,-0.457638,0.888947,0.0184709
1.09027,0.0515664,0.961857,-0.432508,0.216649,-0.875214,-0.895608,-0.215237,0.389306,-0.104036,0.952227,0.287124
0.679296,0.235846,0.660241,0.0115629,0.901425,-0.432781,-0.999816,0.0170452,0.00879015,0.0153005,0.4326,0.901456
0.950254,0.0805831,0.591779,0.462836,0.361794,-0.809251,-0.647201,-0.485906,-0.587389,-0.605734,0.795613,0.00925821
0.885407,0.0420419,0.866672,0.451609,-0.494725,-0.742493,-0.843056,0.0358064,-0.536633,0.292072,0.868312,-0.40091
1.04771,0.0272851,0.710324,0.544356,0.20748,-0.812791,-0.491466,-0.706338,-0.509459,-0.679808,0.676786,-0.282529
1.04771,0.0192707,0.856225,0.544356,-0.083023,-0.834736,-0.694335,-0.602984,-0.392823,-0.470719,0.793422,-0.385883
0.815719,0.175612,0.545743,0.159449,0.8328,-0.530114,-0.83361,-0.174077,-0.524206,-0.528839,0.525492,0.666474
0.875765,0.0500622,0.720772,0.462837,-0.387496,-0.797263,-0.880014,-0.0927262,-0.465808,0.106572,0.917196,-0.383919
0.885407,0.0954456,0.598603,0.451609,0.0982842,-0.886786,-0.833558,-0.307954,-0.458633,-0.318166,0.946311,-0.0571495
0.748979,0.121233,0.737979,0.130116,-0.200902,-0.970932,-0.861297,0.462193,-0.211059,0.49116,0.863722,-0.112898
0.707075,0.237727,1.00639,-0.00571403,0.620227,-0.784402,-0.384972,0.722592,0.574158,0.922911,0.305253,0.234641
0.748979,0.16354,0.634082,0.130116,0.143292,-0.98109,-0.977341,0.185158,-0.102576,0.166958,0.972206,0.164137
1.07214,0.0576634,0.982561,0.0597327,-0.089621,-0.994183,-0.955458,-0.293501,-0.0309483,-0.28902,0.951749,-0.103161
0.632586,0.274326,0.841156,-0.00571277,0.902876,-0.429862,-0.752974,0.278986,0.595985,0.658026,0.32708,0.678248
0.632586,0.272113,0.783399,-0.00571277,0.995448,-0.0951367,-0.932622,0.0290236,0.359686,0.36081,0.0907814,0.928211
0.767099,0.206279,0.559835,0.159449,0.695525,-0.700586,-0.929648,-0.132989,-0.343611,-0.332161,0.706087,0.625388
0.997638,0.0797723,0.583117,0.49086,0.434864,-0.75495,-0.466654,-0.600514,-0.64932,-0.735724,0.671026,-0.0918375
0.888973,0.161177,0.515239,0.130114,0.911848,-0.389364,-0.65213,-0.217104,-0.726356,-0.746858,0.348425,0.566395
0.819306,0.203334,1.09394,-0.133187,0.512664,-0.848196,-0.309109,0.791644,0.527021,0.941654,0.332377,0.0530328
0.815719,0.135307,1.01822,0.159449,-0.377446,-0.912201,-0.665559,0.641348,-0.381711,0.729114,0.667987,-0.148951
0.875765,0.102547,0.593572,0.462837,-0.0914472,-0.881714,-0.863392,-0.271863,-0.425023,-0.200838,0.957981,-0.204783
0.679296,0.210191,0.907325,0.0115629,0.0759128,-0.997047,-0.486657,0.871481,0.0607086,0.873516,0.484519,0.0470204
0.707093,0.246705,1.01496,0.10645,0.973537,-0.202223,-0.371995,0.227602,0.899898,0.922111,-0.0205685,0.386379
0.875765,0.0442479,0.858253,0.462837,-0.636807,-0.616651,-0.790493,0.018284,-0.612198,0.401127,0.770806,-0.494929
0.883514,0.0492579,0.712106,0.490861,-0.565022,-0.663178,-0.849723,-0.142358,-0.507647,0.192423,0.812702,-0.54999
0.950254,0.0732704,1.00756,0.462836,-0.519935,-0.717948,-0.848182,-0.0243694,-0.529145,0.257625,0.853858,-0.452279
0.997638,0.0653642,1.00393,0.49086,-0.436374,-0.754078,-0.870483,-0.209608,-0.445336,0.0362722,0.87501,-0.482744
0.632586,0.296161,0.894674,-0.00571277,0.701405,-0.71274,-0.482506,0.622358,0.616327,0.875874,0.347422,0.334876
0.654882,0.256977,0.696142,-0.0730442,0.453765,-0.888123,-0.849912,0.43762,0.293493,0.521837,0.776264,0.353695
1.07214,0.0944252,0.565765,0.0597327,0.816177,-0.574706,-0.22743,-0.549464,-0.803968,-0.971961,0.178729,0.152802
0.748979,0.117011,0.85008,0.130116,-0.520865,-0.843665,-0.641368,0.604682,-0.472237,0.75612,0.602545,-0.255387
0.7448,0.217485,1.03809,0.0115618,-0.0338532,-0.99936,-0.387959,0.920986,-0.0356866,0.921604,0.388123,-0.00248538
0.911277,0.0816614,1.00525,0.451609,-0.616513,-0.644951,-0.779281,0.079451,-0.621618,0.434477,0.783326,-0.444556
1.04771,0.0847171,0.575963,0.544356,0.472959,-0.692811,-0.229319,-0.710539,-0.665242,-0.806901,0.521003,-0.278328
1.04771,0.0616407,0.996067,0.544356,-0.363513,-0.756,-0.813457,-0.448838,-0.369909,-0.204855,0.816335,-0.540029
0.883514,0.104755,0.585153,0.490861,-0.304127,-0.816433,-0.864291,-0.288084,-0.412321,-0.109804,0.908028,-0.404263
0.654882,0.23026,0.764339,-0.0730442,0.122644,-0.989759,-0.620178,0.771616,0.141382,0.781053,0.624154,0.0196988
0.748979,0.238831,0.550922,0.130116,0.470203,-0.872914,-0.975503,-0.0967947,-0.197547,-0.177381,0.877234,0.44609
0.883514,0.0405281,0.850384,0.490861,-0.757767,-0.429935,-0.732666,-0.0919989,-0.674342,0.471441,0.646007,-0.600349
0.763543,0.118111,0.704373,0.0849542,-0.540444,-0.83708,-0.810946,0.450622,-0.373237,0.578921,0.710535,-0.399988
0.654882,0.305407,0.641196,-0.0730442,0.730155,-0.679366,-0.977135,0.0839891,0.195328,0.199679,0.6781,0.707325
0.679296,0.297829,0.600232,0.0115629,0.995082,-0.0983759,-0.944753,-0.0213584,-0.327087,-0.327579,0.096723,0.93986
0.90772,0.0430733,0.705984,0.544356,-0.703137,-0.457465,-0.801611,-0.275338,-0.530668,0.247175,0.655581,-0.713525
0.963475,0.179389,1.13498,-0.237086,-0.0800205,-0.968187,-0.664318,0.740531,0.101471,0.708853,0.667241,-0.228729
0.763543,0.172101,0.601435,0.0849542,-0.221552,-0.971441,-0.960043,0.242714,-0.139312,0.266647,0.94446,-0.19208
0.767099,0.15451,0.99047,0.159449,-0.569166,-0.806614,-0.488546,0.664507,-0.565467,0.857845,0.484231,-0.172109
0.911277,0.17907,0.49066,0.451609,0.528096,-0.719141,-0.563197,-0.456409,-0.688839,-0.691996,0.716104,0.0913039
0.885407,0.0866117,0.998096,0.451609,-0.718837,-0.52851,-0.692319,0.0913198,-0.71579,0.5628,0.689155,-0.456424
1.09027,0.128117,1.08428,-0.432508,-0.0957575,-0.896531,-0.877179,0.274688,0.393832,0.208554,0.956753,-0.202801
0.978025,0.169724,0.482596,0.0849513,0.951337,-0.296211,-0.340281,-0.251711,-0.906008,-0.936479,0.177762,0.302339
0.632604,0.310705,0.914454,0.106452,0.959474,0.260919,-0.749484,-0.0950127,0.655169,0.653408,-0.265298,0.708996
0.885407,0.186978,0.494292,0.451609,0.395656,-0.799691,-0.674469,-0.435352,-0.596288,-0.584072,0.808656,0.0702484
0.955743,0.19713,1.14677,-0.397364,0.351934,-0.847493,-0.271938,0.836894,0.475035,0.876443,0.419227,-0.236847
0.950254,0.175346,0.482796,0.462836,0.616755,-0.636707,-0.400996,-0.494905,-0.77089,-0.79056,0.612113,0.0182568
0.819324,0.262288,1.1331,-0.0373106,0.800711,-0.597887,0.100268,0.598284,0.794986,0.994261,-0.0302878,-0.102608
0.978025,0.164921,1.12537,0.0849513,-0.456909,-0.885448,-0.863162,0.41017,-0.294469,0.497729,0.7893,-0.359542
0.90772,0.101037,0.577285,0.544356,-0.504271,-0.670363,-0.837807,-0.366742,-0.404449,-0.0418985,0.7818,-0.62212
0.90772,0.0326225,0.846747,0.544356,-0.817195,-0.189389,-0.668729,-0.286449,-0.686111,0.506436,0.500139,-0.702413
0.875765,0.195372,0.491993,0.462837,0.215632,-0.859817,-0.742633,-0.435305,-0.508926,-0.484023,0.874078,-0.0413401
0.632604,0.355416,0.951109,0.106452,0.99085,-0.0829758,-0.480806,0.12434,0.867966,0.870341,-0.052501,0.489643
1.07214,0.140928,1.10165,0.0597327,-0.424247,-0.903574,-0.996687,0.0247042,-0.0774873,0.0551958,0.90521,-0.421366
0.707093,0.32965,1.06745,0.10645,0.845661,-0.522997,-0.0341806,0.528787,0.848066,0.99373,-0.0724006,0.0851948
0.875765,0.0858052,0.989431,0.462837,-0.80931,-0.361661,-0.605627,0.009225,-0.795695,0.647301,0.587309,-0.48587
