0.843495,0.0587889,0.807076,-0.243817,0.245715,0.938178,0.867785,0.487197,0.0979228,-0.433016,0.838012,-0.332015
0.888973,0.0535812,0.7531,0.130114,0.607351,-0.783706,-0.933051,-0.192369,-0.303989,-0.335389,0.770791,0.54166
0.7448,0.117442,0.849035,0.0115618,0.75417,-0.656577,-0.959871,0.192369,0.204061,0.280202,0.62787,0.726131
0.843495,0.0589902,0.940066,-0.0730476,0.636123,-0.768122,-0.943089,0.206472,0.260678,0.324419,0.743449,0.584838
0.963475,0.0182252,0.880582,-0.237086,0.700862,-0.672743,-0.969075,-0.219402,0.112946,-0.0684419,0.678716,0.731204
0.7448,0.14485,0.741527,0.0115618,0.933251,-0.359039,-0.997819,-0.0125698,-0.0648044,-0.0649918,0.359005,0.93107
0.815719,0.0810299,0.772732,0.159449,0.469825,-0.86824,-0.985581,0.0253106,-0.167302,-0.0566269,0.882396,0.467087
0.888973,0.0356357,0.891126,0.130114,0.30268,-0.944169,-0.991491,0.0435236,-0.122683,0.00396,0.952098,0.305768
0.978025,0.0451723,0.720422,0.0849513,0.687162,-0.72152,-0.7528,-0.430128,-0.49828,-0.652745,0.58549,0.480756
0.978025,0.0165572,0.863294,0.0849513,0.398947,-0.913031,-0.930652,-0.295546,-0.215729,-0.355907,0.86804,0.346174
0.815719,0.136731,0.657372,0.159449,0.738447,-0.655189,-0.906775,-0.152838,-0.392936,-0.3903,0.656762,0.645236
0.888973,0.117652,0.629536,0.130114,0.838766,-0.528716,-0.762072,-0.256531,-0.594507,-0.634285,0.480274,0.605822
0.815719,0.0681435,0.900186,0.159449,0.144536,-0.976568,-0.945511,0.306816,-0.108968,0.283877,0.94073,0.185582
0.707075,0.162105,0.942626,-0.00571403,0.935002,-0.354597,-0.804257,0.20643,0.557276,0.594254,0.288371,0.750802
0.767099,0.114679,0.77013,0.159449,0.266968,-0.950423,-0.973835,0.200453,-0.107071,0.161931,0.942627,0.291945
0.7448,0.128457,0.959433,0.0115618,0.484126,-0.874922,-0.806149,0.522185,0.278291,0.591599,0.7021,0.396315
0.767099,0.16924,0.666435,0.159449,0.575932,-0.801797,-0.970489,-0.0573867,-0.234217,-0.180906,0.815481,0.549785
0.950254,0.0501813,0.717862,0.462836,0.229213,-0.856297,-0.734879,-0.440987,-0.515251,-0.495718,0.867751,-0.0356612
0.911277,0.0572599,0.722922,0.451609,0.111653,-0.885202,-0.828663,-0.315255,-0.462528,-0.330707,0.942416,-0.0498496
0.679296,0.214319,0.760899,0.0115629,0.821606,-0.569938,-0.984805,0.108129,0.135897,0.173281,0.559706,0.810372
0.963475,0.0460134,1.02301,-0.237086,0.428503,-0.87188,-0.934041,0.146233,0.325858,0.267129,0.891628,0.365569
1.07214,0.0198312,0.829714,0.0597327,0.433614,-0.899117,-0.671454,-0.649044,-0.35762,-0.738635,0.625077,0.252382
0.679296,0.189348,0.843479,0.0115629,0.577127,-0.816573,-0.866148,0.413839,0.280223,0.499653,0.704033,0.504663
0.997638,0.0480105,0.709438,0.49086,0.309953,-0.814239,-0.57717,-0.584393,-0.570403,-0.652634,0.749943,-0.107959
0.950254,0.0203888,0.859176,0.462836,-0.0774813,-0.883051,-0.860105,-0.280281,-0.426217,-0.214479,0.956786,-0.196367
0.978025,0.120927,0.595952,0.0849513,0.892496,-0.442984,-0.484149,-0.351604,-0.801233,-0.870852,0.282536,0.402231
0.885407,0.0659362,0.722249,0.451609,-0.0432447,-0.891167,-0.873396,-0.225497,-0.431661,-0.182289,0.973284,-0.139606
1.07214,0.0597338,0.689987,0.0597327,0.71498,-0.696589,-0.378332,-0.629556,-0.678619,-0.923741,0.304078,0.232895
0.997638,0.0154678,0.852003,0.49086,0.0127748,-0.871145,-0.765577,-0.470957,-0.438283,-0.415871,0.882063,-0.221394
0.911277,0.028771,0.861509,0.451609,-0.197838,-0.870005,-0.891797,-0.129976,-0.433364,-0.0273437,0.971579,-0.235129
0.978025,0.0385332,1.00734,0.0849513,0.0626123,-0.994416,-0.996254,-0.0108301,-0.0857902,-0.0161412,0.997979,0.0614577
0.843495,0.104664,1.06497,-0.0730476,0.335047,-0.939365,-0.775256,0.573453,0.264822,0.627409,0.747593,0.217858
0.767099,0.0988731,0.886232,0.159449,-0.0741958,-0.984414,-0.859722,0.479699,-0.175408,0.485237,0.874291,0.0126999
0.888973,0.0659802,1.02697,0.130114,-0.0384987,-0.990751,-0.930342,0.340769,-0.135422,0.342831,0.939358,0.0085219
0.911277,0.13143,0.602436,0.451609,0.407676,-0.79363,-0.66558,-0.438442,-0.603964,-0.594182,0.80098,0.0733368
1.09027,0.0280519,0.953179,-0.432508,0.378203,-0.818474,-0.859789,-0.446328,0.248099,-0.271476,0.81102,0.518216
0.679296,0.266029,0.69184,0.0115629,0.966988,-0.254561,-0.984679,-0.0332863,-0.17117,-0.173993,0.25264,0.951788
0.950254,0.126509,0.59526,0.462836,0.50826,-0.72626,-0.521015,-0.506864,-0.686755,-0.717166,0.696247,0.030216
0.885407,0.036694,0.85791,0.451609,-0.345434,-0.822633,-0.88307,-0.041376,-0.467414,0.127423,0.937531,-0.323728
1.04771,0.0517612,0.701592,0.544356,0.357399,-0.758909,-0.354084,-0.722254,-0.594116,-0.760461,0.592128,-0.266614
1.04771,0.0163085,0.843346,0.544356,0.0762826,-0.835379,-0.592824,-0.669593,-0.447444,-0.593496,0.738801,-0.319274
0.815719,0.228528,0.56802,0.159449,0.918001,-0.363112,-0.7186,-0.144274,-0.680294,-0.676898,0.369404,0.636671
0.875765,0.0721523,0.716158,0.462837,-0.229784,-0.856143,-0.884292,-0.18693,-0.427883,-0.0617184,0.955121,-0.289715
0.885407,0.139814,0.604771,0.451609,0.26416,-0.852214,-0.758377,-0.389524,-0.522624,-0.470014,0.882321,0.0244204
0.748979,0.138786,0.746509,0.130116,-0.0137229,-0.991404,-0.93862,0.320476,-0.127624,0.319473,0.947157,0.0288185
0.707075,0.202437,1.0321,-0.00571403,0.757335,-0.653002,-0.552508,0.541896,0.633312,0.833488,0.364407,0.415337
0.748979,0.199973,0.652485,0.130116,0.326185,-0.936308,-0.99128,0.0229662,-0.129754,-0.0208205,0.945027,0.326329
1.07214,0.0301247,0.974663,0.0597327,0.0999474,-0.993198,-0.883588,-0.457638,-0.0991936,-0.464439,0.883503,0.0609764
0.632586,0.269614,0.876769,-0.00571277,0.967861,-0.25142,-0.863796,0.121896,0.488874,0.503809,0.219969,0.835339
0.632586,0.278359,0.819634,-0.00571277,0.995483,0.0947703,-0.984016,-0.0224649,0.176659,0.17799,-0.0922462,0.979699
0.767099,0.255977,0.587656,0.159449,0.81543,-0.556462,-0.850088,-0.173176,-0.497354,-0.501923,0.552345,0.665574
0.997638,0.127351,0.586602,0.49086,0.569747,-0.659124,-0.319149,-0.586363,-0.744528,-0.810679,0.575818,-0.105988
0.888973,0.22012,0.535337,0.130114,0.969014,-0.209956,-0.499175,-0.118941,-0.858299,-0.856677,0.216482,0.468232
0.819306,0.152112,1.11157,-0.133187,0.663773,-0.735981,-0.481557,0.605705,0.633423,0.866236,0.43878,0.238972
0.815719,0.0996261,1.02436,0.159449,-0.198187,-0.967108,-0.791398,0.559957,-0.245229,0.59014,0.804469,-0.06756
0.875765,0.147738,0.601173,0.462837,0.0768916,-0.883102,-0.809854,-0.368405,-0.456524,-0.360442,0.92648,-0.10824
0.679296,0.194126,0.929619,0.0115629,0.263038,-0.964716,-0.643022,0.740797,0.194277,0.765761,0.618087,0.177705
0.875765,0.0404519,0.85006,0.462837,-0.508745,-0.725921,-0.852072,-0.029503,-0.522593,0.244449,0.860412,-0.447142
0.883514,0.0730008,0.707496,0.490861,-0.429458,-0.758038,-0.870778,-0.213558,-0.442876,0.0283115,0.877473,-0.47879
0.950254,0.0407251,1.00216,0.462836,-0.37483,-0.803296,-0.881591,-0.0999438,-0.461312,0.092629,0.921691,-0.376704
0.997638,0.0336474,0.997099,0.49086,-0.285945,-0.822977,-0.861643,-0.299136,-0.409987,-0.128948,0.910359,-0.393216
0.632586,0.280937,0.933449,-0.00571277,0.823501,-0.567286,-0.63939,0.43317,0.635251,0.768861,0.366346,0.524064
0.654882,0.279992,0.731089,-0.0730442,0.613483,-0.786322,-0.93324,0.236028,0.270839,0.351749,0.753611,0.555287
1.07214,0.14502,0.572333,0.0597327,0.910109,-0.410042,-0.0395779,-0.408293,-0.911992,-0.997429,0.0707044,0.0116317
0.748979,0.113448,0.855791,0.130116,-0.351975,-0.926921,-0.772748,0.549752,-0.317229,0.621233,0.757553,-0.200457
0.7448,0.176566,1.05941,0.0115618,0.155688,-0.987739,-0.555194,0.822553,0.123153,0.831641,0.546963,0.0959474
0.911277,0.0493999,1.00148,0.451609,-0.483466,-0.749873,-0.847367,0.0307027,-0.530119,0.279318,0.874825,-0.395808
1.04771,0.133559,0.580511,0.544356,0.595407,-0.590904,-0.0726374,-0.668315,-0.740323,-0.835704,0.445921,-0.320552
1.04771,0.0314769,0.988678,0.544356,-0.214034,-0.81109,-0.760059,-0.534973,-0.368936,-0.354946,0.817309,-0.453894
0.883514,0.151498,0.593324,0.490861,-0.144294,-0.859206,-0.827946,-0.384261,-0.40847,-0.271219,0.911879,-0.308087
0.654882,0.240864,0.793005,-0.0730442,0.307548,-0.948725,-0.756654,0.602626,0.253609,0.649723,0.736381,0.188689
0.748979,0.289628,0.585057,0.130116,0.62675,-0.76828,-0.924378,-0.203571,-0.322622,-0.358603,0.752159,0.552866
0.883514,0.0382867,0.84163,0.490861,-0.662823,-0.565439,-0.80858,-0.104907,-0.578958,0.324428,0.741391,-0.58744
0.763543,0.142075,0.712919,0.0849542,-0.372446,-0.924157,-0.905769,0.357604,-0.227382,0.41517,0.85639,-0.30697
0.654882,0.337937,0.68629,-0.0730442,0.845424,-0.529077,-0.997264,-0.055878,0.0483932,0.011349,0.531165,0.847193
0.679296,0.33824,0.644632,0.0115629,0.995736,0.0915203,-0.865787,0.0557615,-0.497297,-0.50028,-0.0734869,0.86274
0.90772,0.0680852,0.700315,0.544356,-0.603973,-0.582145,-0.833885,-0.314188,-0.453786,0.0911717,0.732463,-0.674674
0.963475,0.12084,1.14735,-0.237086,0.10446,-0.965856,-0.786348,0.563183,0.253933,0.57048,0.819703,-0.0513807
0.763543,0.214551,0.622045,0.0849542,-0.0339044,-0.995808,-0.993141,0.0777045,-0.0873723,0.0803411,0.9964,-0.0270705
0.767099,0.12373,1.00074,0.159449,-0.406411,-0.89967,-0.641913,0.649687,-0.407252,0.750015,0.642446,-0.157288
0.911277,0.242337,0.514584,0.451609,0.654528,-0.606335,-0.422218,-0.441895,-0.791493,-0.785991,0.613451,0.0767899
0.885407,0.055614,0.995391,0.451609,-0.605959,-0.654877,-0.786233,0.0766877,-0.613153,0.421766,0.791791,-0.441792
1.09027,0.0800771,1.08787,-0.432508,0.0754602,-0.898467,-0.900788,0.00689614,0.434204,0.0389611,0.997125,0.064991
0.978025,0.234684,0.504899,0.0849513,0.990181,-0.111017,-0.157102,-0.0967155,-0.982835,-0.983922,0.100934,0.147343
0.885407,0.249415,0.519646,0.451609,0.539704,-0.710471,-0.551887,-0.456706,-0.697739,-0.701049,0.707205,0.0916025
0.955743,0.136033,1.16227,-0.397364,0.505807,-0.765677,-0.432727,0.632504,0.642406,0.809228,0.586598,-0.0324578
0.950254,0.240166,0.506158,0.462836,0.726004,-0.508626,-0.244308,-0.447088,-0.86048,-0.852113,0.522523,-0.0295597
0.819324,0.2026,1.16117,-0.0373106,0.899304,-0.43573,-0.0895068,0.431273,0.89777,0.995287,0.0724971,0.0644027
0.978025,0.10845,1.13518,0.0849513,-0.281274,-0.95586,-0.941693,0.290798,-0.169263,0.325571,0.914506,-0.24017
0.90772,0.149335,0.584895,0.544356,-0.368444,-0.753608,-0.814778,-0.445922,-0.370527,-0.199532,0.815722,-0.54294
0.90772,0.0312114,0.836563,0.544356,-0.766654,-0.340466,-0.752413,-0.266792,-0.602243,0.370879,0.584006,-0.72207
0.875765,0.258093,0.518975,0.462837,0.374293,-0.803546,-0.637735,-0.489012,-0.595114,-0.615691,0.78789,0.0123671
0.632604,0.328454,1.00007,0.106452,0.988669,0.105843,-0.636676,-0.0139886,0.771005,0.763749,-0.149462,0.627972
1.07214,0.0893728,1.10735,0.0597327,-0.245774,-0.967485,-0.989149,-0.144899,-0.0242609,-0.134225,0.958436,-0.251762
0.707093,0.281159,1.10944,0.10645,0.929285,-0.353692,-0.221431,0.368936,0.902693,0.969349,-0.0177737,0.245046
0.875765,0.0564603,0.986729,0.462837,-0.726343,-0.508141,-0.717079,0.0302154,-0.696337,0.521133,0.686668,-0.506861
0.763543,0.10505,0.823102,0.0849542,-0.666065,-0.74104,-0.709148,0.482023,-0.514552,0.699923,0.56922,-0.431389
0.707075,0.270939,1.10239,-0.00571403,0.488322,-0.872645,-0.234118,0.847752,0.475926,0.972191,0.207021,0.109481
0.843495,0.190303,1.16671,-0.0730476,-0.0064405,-0.997308,-0.513915,0.85724,0.0321056,0.854725,0.514877,-0.0659292
0.888973,0.140954,1.14423,0.130114,-0.375034,-0.917834,-0.756981,0.560284,-0.336247,0.640352,0.738534,-0.210993
0.997638,0.243918,0.49831,0.49086,0.760821,-0.424509,-0.0226334,-0.475948,-0.879182,-0.870944,0.441164,-0.216404
