0.843495,0.0604246,0.790425,-0.243817,0.26638,0.932521,0.867785,0.489241,0.0871364,-0.433016,0.830473,-0.350446
0.888973,0.0540258,0.736578,0.130114,0.58989,-0.796932,-0.940233,-0.181701,-0.288006,-0.314695,0.786775,0.530992
0.7448,0.119991,0.831078,0.0115618,0.739482,-0.673077,-0.953447,0.211003,0.215443,0.301338,0.639253,0.707497
0.843495,0.0635637,0.923378,-0.0730476,0.619,-0.781987,-0.935692,0.228833,0.268544,0.345173,0.751315,0.562477
0.963475,0.0214947,0.864809,-0.237086,0.685829,-0.688061,-0.97035,-0.201454,0.133554,-0.0470177,0.699324,0.713256
0.7448,0.145017,0.72299,0.0115618,0.925092,-0.379568,-0.999011,-0.00561175,-0.0441074,-0.0429335,0.379702,0.924112
0.815719,0.0819015,0.755598,0.159449,0.450531,-0.878407,-0.986591,0.0413193,-0.157894,-0.0348409,0.891804,0.451078
0.888973,0.0391339,0.874966,0.130114,0.281749,-0.950625,-0.991162,0.0619694,-0.117296,0.0258618,0.957485,0.287322
0.978025,0.0448971,0.704093,0.0849513,0.671055,-0.736524,-0.767036,-0.427757,-0.478205,-0.635956,0.605564,0.478385
0.978025,0.0194452,0.847562,0.0849513,0.37868,-0.921621,-0.938287,-0.280826,-0.201875,-0.335261,0.881895,0.331454
0.815719,0.13504,0.639036,0.159449,0.723793,-0.671342,-0.915176,-0.146622,-0.375439,-0.370174,0.674259,0.63902
0.888973,0.115351,0.611628,0.130114,0.826882,-0.547116,-0.775898,-0.258633,-0.575406,-0.617295,0.499375,0.607924
0.819306,0.0935276,0.982756,-0.133187,0.864986,-0.483798,-0.734259,0.241751,0.634366,0.665676,0.439722,0.602926
0.815719,0.0718338,0.883305,0.159449,0.122928,-0.979523,-0.939009,0.325126,-0.112051,0.304694,0.937647,0.167271
0.707075,0.16671,0.92366,-0.00571403,0.92694,-0.375165,-0.790934,0.225372,0.568886,0.611875,0.299981,0.73186
0.767099,0.115485,0.752253,0.159449,0.245908,-0.956089,-0.97002,0.218952,-0.105458,0.183404,0.94424,0.273447
0.7448,0.133441,0.941206,0.0115618,0.46468,-0.885403,-0.792884,0.543776,0.275032,0.609263,0.698842,0.374724
0.767099,0.167742,0.647379,0.159449,0.558079,-0.814324,-0.974249,-0.0442531,-0.221091,-0.159423,0.828607,0.536652
0.950254,0.0498484,0.701423,0.462836,0.210241,-0.861151,-0.74565,-0.433004,-0.506472,-0.479363,0.876531,-0.0436441
0.911277,0.057037,0.706325,0.451609,0.0920708,-0.887453,-0.835766,-0.304527,-0.456901,-0.312321,0.948043,-0.0605776
0.679296,0.214897,0.740824,0.0115629,0.808815,-0.587949,-0.980736,0.123835,0.151066,0.194993,0.574876,0.794667
0.963475,0.0524224,1.00659,-0.237086,0.409138,-0.881134,-0.927912,0.173229,0.330108,0.287697,0.895878,0.338574
1.07214,0.0219765,0.813918,0.0597327,0.413646,-0.908476,-0.687607,-0.642697,-0.337842,-0.723622,0.644855,0.246036
0.679296,0.191756,0.823935,0.0115629,0.558947,-0.829122,-0.854899,0.435621,0.281748,0.518665,0.705558,0.482881
0.997638,0.047492,0.693049,0.49086,0.291891,-0.820887,-0.591447,-0.580195,-0.559969,-0.639724,0.760377,-0.112157
0.950254,0.0231848,0.84336,0.462836,-0.0969696,-0.881124,-0.864634,-0.268523,-0.424623,-0.195426,0.95838,-0.208125
0.978025,0.117884,0.57798,0.0849513,0.882492,-0.462592,-0.503268,-0.362691,-0.784332,-0.859944,0.299438,0.413319
0.885407,0.0656964,0.705461,0.451609,-0.0629206,-0.889994,-0.877209,-0.213494,-0.430028,-0.162951,0.974916,-0.15161
1.07214,0.0587827,0.673343,0.0597327,0.699417,-0.712213,-0.398646,-0.637407,-0.659389,-0.915158,0.323308,0.240746
0.997638,0.0181066,0.836297,0.49086,-0.00647253,-0.871214,-0.774577,-0.461035,-0.432988,-0.398857,0.887359,-0.231317
0.911277,0.0316165,0.845508,0.451609,-0.217008,-0.865423,-0.892183,-0.11814,-0.435949,-0.00763659,0.968994,-0.246965
0.978025,0.0445978,0.991085,0.0849513,0.0406297,-0.995556,-0.996368,0.00935113,-0.0846389,0.00587073,0.999131,0.0412765
0.843495,0.111986,1.04724,-0.0730476,0.314214,-0.946538,-0.761207,0.595639,0.256474,0.644382,0.739246,0.195672
0.767099,0.102248,0.868676,0.159449,-0.095924,-0.982535,-0.848793,0.494906,-0.186062,0.50411,0.863636,-0.00250723
0.888973,0.0724717,1.0101,0.130114,-0.0603756,-0.989659,-0.922542,0.358362,-0.143152,0.363299,0.931628,-0.00907113
0.911277,0.128528,0.58423,0.451609,0.390045,-0.802443,-0.678543,-0.433841,-0.592757,-0.579334,0.812187,0.0687359
1.09027,0.0329227,0.937171,-0.432508,0.36003,-0.826629,-0.865577,-0.422467,0.268884,-0.252417,0.831805,0.494354
0.679296,0.265069,0.670639,0.0115629,0.961128,-0.27586,-0.988282,-0.0310063,-0.149454,-0.152198,0.274356,0.949508
0.950254,0.123449,0.577165,0.462836,0.492093,-0.737311,-0.53673,-0.506392,-0.674898,-0.705481,0.708104,0.0297442
0.885407,0.0394581,0.841735,0.451609,-0.363522,-0.814801,-0.880039,-0.0311311,-0.473879,0.1469,0.931065,-0.333973
1.04771,0.0510684,0.685122,0.544356,0.340547,-0.766619,-0.370797,-0.722075,-0.584052,-0.752454,0.602192,-0.266792
1.04771,0.0187559,0.827625,0.544356,0.0578099,-0.83686,-0.60579,-0.662987,-0.439849,-0.580255,0.746395,-0.32588
0.815719,0.224841,0.547678,0.159449,0.909755,-0.383303,-0.733377,-0.150759,-0.662895,-0.660858,0.386803,0.643156
0.875765,0.0717764,0.699234,0.462837,-0.248641,-0.850858,-0.88544,-0.175336,-0.430411,-0.0421687,0.952594,-0.301309
0.885407,0.136961,0.58638,0.451609,0.24527,-0.857841,-0.768575,-0.381378,-0.513657,-0.453147,0.891287,0.0162743
0.748979,0.139065,0.728106,0.130116,-0.0356204,-0.990859,-0.931333,0.338434,-0.134466,0.34013,0.940316,0.0108612
0.707075,0.209008,1.01223,-0.00571403,0.742725,-0.669572,-0.533961,0.563869,0.63003,0.84549,0.361125,0.393364
0.748979,0.198159,0.632752,0.130116,0.305421,-0.943286,-0.991498,0.0411197,-0.123452,0.00108261,0.951329,0.308175
1.07214,0.0354696,0.958604,0.0597327,0.0779826,-0.995164,-0.893632,-0.440063,-0.0881225,-0.444807,0.894574,0.0434016
0.632586,0.272737,0.855443,-0.00571277,0.962071,-0.27274,-0.852456,0.137899,0.504284,0.522768,0.235379,0.819335
0.632586,0.280219,0.798129,-0.00571277,0.997333,0.0727562,-0.979844,-0.0201116,0.19875,0.199684,-0.0701543,0.977346
0.767099,0.252718,0.566702,0.159449,0.802938,-0.57434,-0.860968,-0.171552,-0.478856,-0.483021,0.570842,0.66395
0.997638,0.124099,0.56849,0.49086,0.555047,-0.671549,-0.336979,-0.589855,-0.733836,-0.803431,0.58651,-0.102497
0.888973,0.215714,0.515189,0.130114,0.96414,-0.231311,-0.517978,-0.132829,-0.845018,-0.84544,0.229763,0.48212
0.819306,0.160451,1.09279,-0.133187,0.647352,-0.750464,-0.462303,0.629206,0.624801,0.876662,0.430157,0.215471
0.815719,0.106052,1.00675,0.159449,-0.219502,-0.962494,-0.778168,0.572002,-0.259361,0.607479,0.790337,-0.0796047
0.875765,0.144804,0.582608,0.462837,0.0573645,-0.884585,-0.817619,-0.357899,-0.451008,-0.342464,0.931997,-0.118746
0.679296,0.198436,0.909949,0.0115629,0.241662,-0.970292,-0.625948,0.758463,0.181445,0.779779,0.605254,0.160038
0.707093,0.216425,1.02218,0.10645,0.993648,-0.0364867,-0.521033,0.0869973,0.849091,0.846873,-0.0713753,0.526984
0.875765,0.0430416,0.833803,0.462837,-0.524657,-0.714505,-0.846464,-0.022246,-0.531981,0.263213,0.851023,-0.454399
0.883514,0.0724333,0.690555,0.490861,-0.446099,-0.748366,-0.86994,-0.204089,-0.448946,0.0475407,0.871403,-0.488258
0.950254,0.0466747,0.985857,0.462836,-0.392484,-0.79482,-0.87933,-0.0899112,-0.467649,0.112081,0.915354,-0.386737
0.997638,0.039487,0.980957,0.49086,-0.304055,-0.81646,-0.864281,-0.288131,-0.412309,-0.109883,0.908037,-0.404221
0.632586,0.28531,0.91186,-0.00571277,0.810769,-0.585339,-0.62225,0.455335,0.63677,0.782798,0.367865,0.501899
0.654882,0.279895,0.70957,-0.0730442,0.595963,-0.799683,-0.925242,0.258809,0.27739,0.372279,0.760162,0.532506
1.07214,0.141449,0.553835,0.0597327,0.900828,-0.430047,-0.0616021,-0.426668,-0.902308,-0.996312,0.0803891,0.0300069
0.748979,0.116147,0.83792,0.130116,-0.372366,-0.91892,-0.758836,0.55911,-0.334012,0.638152,0.740769,-0.209815
0.7448,0.183747,1.04009,0.0115618,0.13383,-0.990937,-0.536687,0.836998,0.106778,0.843702,0.530588,0.0815023
0.911277,0.0553325,0.984992,0.451609,-0.499913,-0.73901,-0.84099,0.0381075,-0.539707,0.297969,0.865237,-0.403212
1.04771,0.130171,0.562264,0.544356,0.582208,-0.603913,-0.0910809,-0.674647,-0.732499,-0.833895,0.453745,-0.31422
1.04771,0.037131,0.972586,0.544356,-0.2319,-0.806164,-0.767715,-0.525031,-0.367364,-0.338069,0.81888,-0.463836
0.883514,0.148389,0.574677,0.490861,-0.163239,-0.855809,-0.833736,-0.373106,-0.407034,-0.252863,0.913315,-0.319242
0.654882,0.242145,0.772335,-0.0730442,0.286515,-0.955287,-0.742116,0.624288,0.243984,0.666279,0.726756,0.167027
0.748979,0.286303,0.563361,0.130116,0.609625,-0.781938,-0.932074,-0.193715,-0.306126,-0.338095,0.768656,0.54301
0.883514,0.0406907,0.825424,0.490861,-0.675152,-0.550659,-0.801216,-0.101556,-0.589694,0.342211,0.730655,-0.590792
0.763543,0.14161,0.694451,0.0849542,-0.39277,-0.915704,-0.896376,0.371171,-0.242367,0.435078,0.841405,-0.320537
0.654882,0.336836,0.663501,-0.0730442,0.83353,-0.547624,-0.99677,-0.0426376,0.0680549,0.0333764,0.550827,0.833952
0.679296,0.336219,0.621848,0.0115629,0.997515,0.0695015,-0.876627,0.0435494,-0.479196,-0.481032,-0.055386,0.874952
0.90772,0.0673602,0.683485,0.544356,-0.616686,-0.568661,-0.831667,-0.308209,-0.461884,0.109571,0.724366,-0.680653
0.963475,0.129977,1.12924,-0.237086,0.0830983,-0.967928,-0.773554,0.586595,0.239836,0.587711,0.805606,-0.0747924
0.763543,0.212062,0.601998,0.0849542,-0.0558942,-0.994816,-0.991123,0.0977295,-0.0901299,0.102261,0.993642,-0.0470955
0.767099,0.129628,0.982605,0.159449,-0.426186,-0.890473,-0.625188,0.654487,-0.425189,0.764013,0.624509,-0.162089
0.911277,0.237466,0.49395,0.451609,0.640974,-0.620646,-0.439478,-0.445574,-0.779951,-0.776472,0.624993,0.0804689
0.885407,0.0614105,0.978764,0.451609,-0.620277,-0.641331,-0.776724,0.08038,-0.624691,0.439032,0.780253,-0.445484
1.09027,0.0879106,1.07068,-0.432508,0.0555941,-0.899915,-0.899708,0.0385358,0.434789,0.0588506,0.99771,0.0333514
0.978025,0.229601,0.484436,0.0849513,0.987487,-0.132864,-0.178799,-0.116073,-0.977015,-0.980211,0.106755,0.166701
0.885407,0.244655,0.498854,0.451609,0.523877,-0.72222,-0.567239,-0.45623,-0.685634,-0.688687,0.71931,0.0911259
0.955743,0.145496,1.14383,-0.397364,0.48877,-0.776663,-0.414745,0.659323,0.627121,0.818589,0.571312,-0.0592763
0.950254,0.23511,0.485574,0.462836,0.714591,-0.52454,-0.263073,-0.454348,-0.851094,-0.846508,0.531909,-0.0222996
0.819324,0.212023,1.14126,-0.0373106,0.889459,-0.45549,-0.0674984,0.452523,0.889195,0.997022,0.0639212,0.0431531
0.978025,0.117321,1.11735,0.0849513,-0.302321,-0.949413,-0.934272,0.306998,-0.181353,0.346295,0.902416,-0.25637
0.90772,0.14604,0.566298,0.544356,-0.385002,-0.745285,-0.818987,-0.436137,-0.372887,-0.181484,0.813362,-0.552725
0.90772,0.0335052,0.820514,0.544356,-0.773988,-0.323447,-0.744036,-0.267417,-0.612289,0.38741,0.57396,-0.721445
0.875765,0.253315,0.497992,0.462837,0.356451,-0.811619,-0.651181,-0.48451,-0.584135,-0.601453,0.79887,0.0078649
0.632604,0.334287,0.977413,0.106452,0.990765,0.0839764,-0.619648,5.16346e-05,0.784879,0.777627,-0.135587,0.613932
1.07214,0.0976343,1.08995,0.0597327,-0.267086,-0.96182,-0.991873,-0.12432,-0.0270769,-0.112341,0.95562,-0.272342
0.707093,0.28942,1.0878,0.10645,0.921245,-0.374134,-0.199963,0.388419,0.899525,0.974004,-0.0209417,0.225563
0.875765,0.0620653,0.970085,0.462837,-0.737391,-0.491972,-0.705392,0.0297398,-0.708193,0.536847,0.674811,-0.506385
0.763543,0.107028,0.805425,0.0849542,-0.682273,-0.726145,-0.693513,0.482784,-0.534752,0.715418,0.54902,-0.43215
0.707075,0.279047,1.08098,-0.00571403,0.468926,-0.883219,-0.212584,0.862475,0.459288,0.977126,0.190383,0.0947581
0.843495,0.199851,1.14707,-0.0730476,-0.0284701,-0.996922,-0.494909,0.86887,0.0114503,0.865869,0.494222,-0.0775589
