0.888973,-0.0209956,0.89355,-0.556576,0.280186,0.782124,0.766112,0.537281,0.352707,-0.321397,0.795503,-0.513692
0.815719,0.0075949,0.911479,0.159449,0.41622,-0.895174,-0.987201,0.0702961,-0.143156,0.00334307,0.906543,0.422101
0.978025,-0.0313739,0.861443,0.0849513,0.642067,-0.761927,-0.791058,-0.42148,-0.443375,-0.605814,0.640394,0.472107
0.843495,-0.0125189,0.94711,-0.0730476,0.828257,-0.555567,-0.996405,-0.0366459,0.0763774,0.0429008,0.559149,0.827957
0.950254,-0.0265296,0.858584,0.462836,0.176777,-0.868638,-0.763632,-0.41812,-0.491977,-0.450165,0.891025,-0.0585284
0.911277,-0.0191567,0.863204,0.451609,0.0576783,-0.89035,-0.84722,-0.285181,-0.448207,-0.279762,0.956737,-0.079924
0.888973,-0.030524,1.03241,0.130114,0.244771,-0.960811,-0.98942,0.0947778,-0.109843,0.0641771,0.964937,0.254513
0.888973,0.0354515,0.766323,0.130114,0.805103,-0.578688,-0.799192,-0.260275,-0.541802,-0.586824,0.532979,0.609566
0.997638,-0.029208,0.850307,0.49086,0.259923,-0.831562,-0.615746,-0.571749,-0.54218,-0.61637,0.778166,-0.120602
0.978025,-0.0512578,1.00579,0.0849513,0.342751,-0.935577,-0.950552,-0.253629,-0.179229,-0.298721,0.904541,0.304257
0.815719,0.0561859,0.792948,0.159449,0.697287,-0.698833,-0.928808,-0.133898,-0.345523,-0.334501,0.704175,0.626296
0.885407,-0.0105372,0.862006,0.451609,-0.0972954,-0.886895,-0.882855,-0.192343,-0.428452,-0.128901,0.976493,-0.172761
0.767099,0.0410235,0.906837,0.159449,0.208745,-0.964884,-0.962201,0.25145,-0.104607,0.220784,0.945092,0.240949
0.950254,-0.0476835,1.00145,0.462836,-0.130976,-0.876714,-0.871545,-0.247804,-0.423087,-0.161839,0.959916,-0.228844
0.997638,-0.0530311,0.994585,0.49086,-0.0401632,-0.870312,-0.789423,-0.443131,-0.424789,-0.368601,0.895557,-0.249221
0.963475,-0.0485428,1.02294,-0.237086,0.658704,-0.714072,-0.971443,-0.167897,0.167659,-0.00945279,0.73343,0.679699
0.7448,0.0485747,0.985428,0.0115618,0.712896,-0.701174,-0.941079,0.244778,0.233353,0.337988,0.657162,0.673722
0.815719,0.00247406,1.03948,0.159449,0.0849512,-0.983544,-0.926522,0.356797,-0.119387,0.340784,0.930311,0.1356
1.04771,-0.0259409,0.842247,0.544356,0.310642,-0.779217,-0.399622,-0.720693,-0.566484,-0.73755,0.619761,-0.268174
0.911277,-0.039175,1.00327,0.451609,-0.250318,-0.856382,-0.891811,-0.0977321,-0.441726,0.0268756,0.963218,-0.267373
0.7448,0.069402,0.876454,0.0115618,0.909719,-0.415063,-0.999924,0.00874892,-0.0086779,-0.00426309,0.415132,0.909751
0.911277,0.0475584,0.738435,0.451609,0.358717,-0.816928,-0.700442,-0.424609,-0.573662,-0.552657,0.831282,0.0595037
0.875765,-0.00470263,0.855548,0.462837,-0.281363,-0.840605,-0.886408,-0.155344,-0.43606,-0.00789145,0.946944,-0.321302
1.07214,-0.0186879,0.83018,0.0597327,0.671348,-0.738731,-0.433743,-0.649082,-0.624948,-0.899055,0.357749,0.252421
0.767099,0.0891859,0.80002,0.159449,0.526166,-0.835299,-0.979686,-0.0199051,-0.19955,-0.121623,0.850149,0.512304
0.950254,0.0422105,0.731572,0.462836,0.463208,-0.755792,-0.563614,-0.504307,-0.654228,-0.684194,0.728775,0.0276589
0.978025,0.0366804,0.732602,0.0849513,0.86394,-0.496377,-0.536151,-0.38027,-0.753615,-0.839836,0.330154,0.430898
0.843495,-0.00424008,1.07984,-0.0730476,0.588292,-0.805342,-0.921642,0.268748,0.279913,0.381104,0.762684,0.522563
1.07214,-0.0500296,0.972073,0.0597327,0.3782,-0.923795,-0.71508,-0.629502,-0.303954,-0.696486,0.678743,0.232841
0.885407,0.056068,0.740257,0.451609,0.211908,-0.866686,-0.785526,-0.366189,-0.498854,-0.423082,0.906091,0.00108501
1.04771,-0.0527177,0.985894,0.544356,0.0253998,-0.83847,-0.627779,-0.650636,-0.427279,-0.556391,0.758965,-0.338232
0.885407,-0.0314853,0.999192,0.451609,-0.394764,-0.800132,-0.873699,-0.013915,-0.486267,0.180827,0.918677,-0.351189
0.997638,0.0425243,0.722879,0.49086,0.528659,-0.692514,-0.367801,-0.59482,-0.714781,-0.789796,0.605565,-0.097532
0.883514,-0.00438186,0.846851,0.490861,-0.474709,-0.730552,-0.86745,-0.188187,-0.46056,0.0811513,0.859789,-0.50416
0.875765,0.0637594,0.736185,0.462837,0.0231089,-0.886142,-0.830252,-0.338952,-0.442484,-0.310585,0.94052,-0.137693
0.748979,0.0636518,0.881796,0.130116,-0.0739167,-0.98874,-0.917481,0.369088,-0.148331,0.375896,0.92645,-0.0197929
0.767099,0.0322993,1.02369,0.159449,-0.133853,-0.97809,-0.82866,0.520348,-0.2063,0.536561,0.843398,-0.0279497
0.875765,-0.0282112,0.991128,0.462837,-0.551899,-0.693678,-0.83565,-0.0105622,-0.54916,0.295754,0.833844,-0.466083
0.748979,0.119014,0.784228,0.130116,0.26871,-0.954392,-0.990714,0.0735146,-0.11437,0.0394295,0.960412,0.27578
1.04771,0.0483511,0.716422,0.544356,0.558416,-0.625979,-0.123265,-0.684881,-0.718153,-0.829749,0.468092,-0.303986
0.7448,0.0662749,1.09495,0.0115618,0.430088,-0.902713,-0.768727,0.581161,0.267042,0.639473,0.690852,0.337339
0.679296,0.13992,0.891571,0.0115629,0.78547,-0.618791,-0.972461,0.152894,0.175906,0.232779,0.599716,0.765607
0.883514,0.0670354,0.728122,0.490861,-0.196217,-0.848855,-0.842892,-0.353459,-0.405709,-0.220428,0.91464,-0.338889
0.90772,-0.00972461,0.839981,0.544356,-0.638218,-0.544384,-0.826807,-0.298622,-0.47667,0.141655,0.709579,-0.69024
0.815719,0.142386,0.698185,0.159449,0.89425,-0.418202,-0.758388,-0.160241,-0.631799,-0.631999,0.417899,0.652639
0.978025,-0.0205731,1.14823,0.0849513,0.00209465,-0.996383,-0.995395,0.0447418,-0.084773,0.0444024,0.998996,0.00588587
0.679296,0.12001,0.975515,0.0115629,0.526462,-0.85012,-0.834199,0.473848,0.282098,0.551342,0.705908,0.444653
1.07214,0.059294,0.707563,0.0597327,0.883522,-0.464566,-0.10009,-0.45775,-0.883429,-0.993184,0.0992679,0.0610889
0.883514,-0.0308844,0.982846,0.490861,-0.695944,-0.524135,-0.787381,-0.0968396,-0.608813,0.372943,0.711536,-0.595508
0.888973,0.132009,0.666074,0.130114,0.954472,-0.268427,-0.550289,-0.155687,-0.820331,-0.824774,0.254449,0.504978
0.888973,0.00801545,1.16616,0.130114,-0.098607,-0.986583,-0.907801,0.388285,-0.158532,0.398708,0.916248,-0.0389942
0.767099,0.170977,0.716117,0.159449,0.780124,-0.604965,-0.879006,-0.166747,-0.446704,-0.44936,0.602994,0.659146
1.07214,-0.0309507,1.11613,0.0597327,0.0394348,-0.997435,-0.910167,-0.408173,-0.0706442,-0.409912,0.912053,0.011511
0.963475,-0.0121546,1.16342,-0.237086,0.374752,-0.896298,-0.916091,0.220857,0.334664,0.32337,0.900435,0.290945
0.997638,-0.0260717,1.13831,0.49086,-0.335405,-0.804089,-0.867884,-0.269146,-0.417537,-0.076373,0.902809,-0.423206
0.748979,0.0449983,0.992415,0.130116,-0.407628,-0.90383,-0.733587,0.57368,-0.364338,0.667024,0.710444,-0.224385
0.90772,0.0643644,0.719839,0.544356,-0.413539,-0.729837,-0.825393,-0.419288,-0.378052,-0.149673,0.808198,-0.569574
0.950254,-0.0186999,1.14293,0.462836,-0.422931,-0.779046,-0.874337,-0.0730526,-0.47979,0.146007,0.903212,-0.403595
0.819306,0.027998,1.13802,-0.133187,0.845627,-0.516891,-0.707964,0.283802,0.646717,0.693577,0.452074,0.560875
0.763543,0.0648939,0.848068,0.0849542,-0.427893,-0.899828,-0.878878,0.393288,-0.269996,0.469421,0.813776,-0.342654
0.90772,-0.0382544,0.978218,0.544356,-0.785919,-0.29327,-0.728496,-0.269577,-0.629779,0.415896,0.55647,-0.719285
0.707075,0.09884,1.07613,-0.00571403,0.911737,-0.410735,-0.766677,0.25971,0.587161,0.642008,0.318256,0.697523
1.04771,-0.0287498,1.13004,0.544356,-0.262906,-0.796591,-0.780216,-0.507489,-0.365674,-0.308124,0.82057,-0.481378
1.09027,-0.0343247,1.09481,-0.432508,0.32779,-0.839935,-0.874692,-0.378556,0.302671,-0.21875,0.865592,0.450443
0.911277,-0.0100821,1.14173,0.451609,-0.528122,-0.719122,-0.828836,0.0500282,-0.55725,0.330272,0.847694,-0.415133
0.911277,0.152924,0.644009,0.451609,0.61649,-0.644972,-0.469181,-0.450776,-0.759389,-0.758893,0.645555,0.0856707
0.763543,0.131717,0.752959,0.0849542,-0.0943284,-0.99191,-0.986427,0.132431,-0.0970786,0.140517,0.986694,-0.0817974
0.679296,0.187339,0.819499,0.0115629,0.94974,-0.312827,-0.993429,-0.0247124,-0.111746,-0.113861,0.312063,0.943214
0.885407,0.160297,0.648632,0.451609,0.495552,-0.741941,-0.59345,-0.45411,-0.664531,-0.666233,0.740414,0.0890057
0.815719,0.041441,1.16151,0.159449,-0.256564,-0.953284,-0.754091,0.591548,-0.285338,0.637121,0.76436,-0.0991509
0.950254,0.150246,0.635731,0.462836,0.693769,-0.551786,-0.295616,-0.466038,-0.833919,-0.8357,0.549084,-0.0106102
0.843495,0.0489364,1.20174,-0.0730476,0.27737,-0.957982,-0.735715,0.633523,0.239527,0.673341,0.722298,0.157788
0.885407,-0.00424945,1.13527,0.451609,-0.644618,-0.616861,-0.759163,0.0856054,-0.645247,0.468744,0.759697,-0.450709
0.978025,0.144697,0.634807,0.0849513,0.981609,-0.170957,-0.216576,-0.149284,-0.964784,-0.972563,0.118985,0.199912
0.748979,0.204408,0.71148,0.130116,0.578926,-0.804931,-0.944453,-0.174737,-0.278345,-0.301793,0.796437,0.524032
0.875765,0.168917,0.647435,0.462837,0.324794,-0.824798,-0.673956,-0.475475,-0.565427,-0.575818,0.817577,-0.0011706
0.679296,0.130011,1.06121,0.0115629,0.203954,-0.978912,-0.595321,0.787972,0.15714,0.803405,0.58095,0.130529
0.997638,0.153514,0.627669,0.49086,0.733631,-0.469938,-0.0754938,-0.501547,-0.86183,-0.867961,0.458516,-0.190805
0.654882,0.20366,0.857827,-0.0730442,0.564589,-0.822134,-0.910151,0.299317,0.286416,0.407786,0.769187,0.491998
0.763543,0.0346298,0.960296,0.0849542,-0.709847,-0.699214,-0.665324,0.481967,-0.570133,0.741705,0.513639,-0.431333
0.809034,0.0441692,0.821431,0.0597358,-0.789083,-0.611375,-0.862284,0.267765,-0.429847,0.50289,0.552856,-0.664418
0.654882,0.168365,0.922006,-0.0730442,0.249353,-0.965654,-0.715792,0.661121,0.22486,0.694483,0.707632,0.130194
0.875765,-0.00393083,1.12657,0.462837,-0.755867,-0.463084,-0.684101,0.0276477,-0.728863,0.563727,0.654141,-0.504293
0.883514,0.174753,0.640979,0.490861,0.105942,-0.864773,-0.716668,-0.515321,-0.469926,-0.495421,0.850423,-0.177026
0.767099,0.0640656,1.13647,0.159449,-0.460307,-0.873323,-0.595171,0.660969,-0.457046,0.787621,0.592652,-0.168571
0.809034,0.121353,0.720841,0.0597358,-0.532393,-0.844387,-0.98228,0.119186,-0.144638,0.177643,0.838065,-0.515839
0.632586,0.20215,1.00387,-0.00571277,0.950802,-0.309745,-0.831599,0.167504,0.529514,0.555346,0.260609,0.78973
1.04771,0.161197,0.623595,0.544356,0.738836,-0.397238,0.16796,-0.559957,-0.811319,-0.821868,0.374926,-0.42891
0.883514,-0.0092756,1.1197,0.490861,-0.833238,-0.254499,-0.612342,-0.122158,-0.781098,0.619752,0.539251,-0.57019
0.707075,0.144532,1.163,-0.00571403,0.716273,-0.697797,-0.500861,0.60192,0.621958,0.865509,0.353053,0.355313
0.7448,0.120367,1.19182,0.0115618,0.0954043,-0.995371,-0.503654,0.8605,0.076627,0.863828,0.500437,0.0579997
0.763543,0.227039,0.686441,0.0849542,0.250613,-0.964352,-0.974998,-0.178545,-0.132292,-0.205335,0.95148,0.229179
0.90772,0.175076,0.632282,0.544356,-0.13898,-0.827261,-0.724425,-0.575114,-0.380068,-0.422948,0.806181,-0.413748
0.654882,0.258777,0.809591,-0.0730442,0.811726,-0.579453,-0.994733,-0.0174081,0.101007,0.0719031,0.583779,0.808723
0.809034,0.00604471,0.942354,0.0597358,-0.950598,-0.304623,-0.638283,0.198255,-0.743834,0.76748,0.238869,-0.594908
0.632586,0.207409,0.946308,-0.00571277,0.999401,0.0341284,-0.971388,-0.0136496,0.237107,0.237431,-0.0317974,0.970884
1.07214,0.17451,0.619012,0.0597327,0.98913,-0.134367,0.245635,-0.145033,-0.958451,-0.96752,0.0242456,-0.251628
0.748979,0.0653036,1.10274,0.130116,-0.692173,-0.709906,-0.46121,0.591561,-0.661318,0.877699,0.413464,-0.242266
0.90772,-0.0177839,1.11788,0.544356,-0.838827,-0.00678362,-0.542317,-0.345744,-0.765737,0.639975,0.420513,-0.643118
0.632586,0.216895,1.05976,-0.00571277,0.787523,-0.616259,-0.591508,0.494231,0.637066,0.806279,0.368162,0.463003
0.654882,0.157149,0.994385,-0.0730442,-0.0959576,-0.992702,-0.435097,0.898711,-0.0548573,0.897416,0.427914,-0.107396
