0.888973,-0.0556177,0.958574,-0.556576,0.406334,0.724648,0.766112,0.588448,0.25846,-0.321397,0.699014,-0.638814
0.815719,-0.0244442,0.971498,0.159449,0.26158,-0.95192,-0.972902,0.205189,-0.106579,0.167445,0.943119,0.287208
0.978025,-0.0711903,0.928639,0.0849513,0.506439,-0.858081,-0.880779,-0.36447,-0.302309,-0.465846,0.781461,0.415098
0.950254,-0.0668888,0.925014,0.462836,0.0298821,-0.88594,-0.827854,-0.342749,-0.444051,-0.316924,0.938952,-0.133899
0.843495,-0.0383534,1.00998,-0.0730476,0.72435,-0.685552,-0.975401,0.0914603,0.200568,0.207982,0.683339,0.69985
0.911277,-0.0588503,0.928344,0.451609,-0.0911686,-0.887546,-0.881944,-0.196127,-0.428613,-0.134995,0.976331,-0.168978
0.888973,-0.0211114,0.823731,0.130114,0.697673,-0.704502,-0.885641,-0.237673,-0.398937,-0.445769,0.675843,0.586964
0.888973,-0.0419242,1.09709,0.130114,0.0816037,-0.988135,-0.964975,0.239397,-0.107294,0.227801,0.967486,0.109894
0.997638,-0.0709061,0.917298,0.49086,0.118036,-0.863205,-0.709662,-0.520584,-0.474734,-0.505406,0.845612,-0.171768
0.978025,-0.0667959,1.07428,0.0849513,0.182416,-0.979545,-0.98699,-0.119282,-0.10781,-0.136508,0.975959,0.169909
0.815719,0.00376156,0.846539,0.159449,0.57138,-0.805047,-0.971498,-0.0540755,-0.230796,-0.175406,0.818902,0.546473
0.885407,-0.0505501,0.925729,0.451609,-0.243411,-0.858371,-0.891998,-0.101943,-0.440393,0.019691,0.964551,-0.26316
0.843495,-0.0224697,0.877941,-0.0730476,0.915139,-0.396466,-0.987711,-0.121454,-0.0983623,-0.138168,0.384409,0.912765
0.767099,0.00774734,0.961363,0.159449,0.0454022,-0.986162,-0.912095,0.388967,-0.129566,0.377702,0.920132,0.103432
0.950254,-0.0639936,1.06941,0.462836,-0.274929,-0.842732,-0.886322,-0.15926,-0.43482,-0.014669,0.948182,-0.317388
0.997638,-0.0704077,1.06353,0.49086,-0.184316,-0.851518,-0.839724,-0.360582,-0.406011,-0.232208,0.914335,-0.33177
0.963475,-0.0612664,1.09075,-0.237086,0.530801,-0.813659,-0.959491,0.00328095,0.281719,0.152207,0.84749,0.508521
0.7448,0.0282612,1.0376,0.0115618,0.586384,-0.809951,-0.871779,0.402648,0.279062,0.489762,0.702872,0.515853
0.815719,-0.00821022,1.09857,0.159449,-0.0797714,-0.983978,-0.85696,0.483642,-0.178075,0.490099,0.871623,0.00875521
1.04771,-0.0690247,0.908807,0.544356,0.176752,-0.820022,-0.516696,-0.699447,-0.493761,-0.660835,0.692483,-0.289421
0.911277,-0.055301,1.06979,0.451609,-0.389229,-0.802839,-0.874928,-0.0169176,-0.483958,0.174789,0.920986,-0.348187
0.7448,0.0306788,0.926685,0.0115618,0.82804,-0.56055,-0.986713,0.100302,0.127814,0.16206,0.551624,0.818198
0.911277,-0.01381,0.794219,0.451609,0.217888,-0.865202,-0.782585,-0.368984,-0.501409,-0.428497,0.903535,0.00387938
0.875765,-0.0458705,0.918391,0.462837,-0.417219,-0.782119,-0.875381,-0.0761668,-0.477396,0.139607,0.905609,-0.400479
1.07214,-0.0638793,0.895701,0.0597327,0.539169,-0.840077,-0.577196,-0.667968,-0.469748,-0.814418,0.512948,0.271306
0.767099,0.0374781,0.848025,0.159449,0.379951,-0.91116,-0.986271,0.101483,-0.130275,0.0429686,0.919423,0.390916
0.950254,-0.0202247,0.788341,0.462836,0.331089,-0.822291,-0.669533,-0.477376,-0.569067,-0.580954,0.813936,0.000728295
0.978025,-0.0255065,0.790276,0.0849513,0.769378,-0.63312,-0.668332,-0.427275,-0.608907,-0.738996,0.474862,0.477903
0.843495,-0.00811965,1.13949,-0.0730476,0.446193,-0.89195,-0.845443,0.446711,0.292703,0.529046,0.775475,0.3446
1.07214,-0.0711911,1.04083,0.0597327,0.21933,-0.973821,-0.820934,-0.54421,-0.172925,-0.56789,0.809772,0.147548
0.885407,-0.00511596,0.794601,0.451609,0.064849,-0.889856,-0.844939,-0.289263,-0.449894,-0.286578,0.95505,-0.0758406
1.04771,-0.0715438,1.05491,0.544356,-0.114371,-0.831021,-0.711554,-0.587615,-0.385227,-0.444261,0.801017,-0.401253
0.885407,-0.0483957,1.06449,0.451609,-0.522311,-0.723353,-0.83147,0.0476588,-0.553522,0.323585,0.851422,-0.412763
0.997638,-0.0213607,0.779716,0.49086,0.406151,-0.770777,-0.494006,-0.598978,-0.630225,-0.717645,0.690121,-0.0933737
0.883514,-0.0470003,0.909762,0.490861,-0.589574,-0.64145,-0.841881,-0.131465,-0.523405,0.224258,0.796944,-0.560882
0.875765,0.00179118,0.789306,0.462837,-0.124557,-0.877649,-0.870338,-0.251729,-0.423255,-0.16821,0.959749,-0.224916
0.748979,0.0258969,0.932908,0.130116,-0.237292,-0.962685,-0.842207,0.485918,-0.233606,0.523218,0.841176,-0.136623
0.767099,0.0185736,1.07804,0.159449,-0.294623,-0.942217,-0.727907,0.609649,-0.313814,0.666878,0.735884,-0.11725
0.875765,-0.046508,1.05599,0.462837,-0.659558,-0.592254,-0.774841,0.0235209,-0.631719,0.430586,0.751285,-0.500166
0.748979,0.0642654,0.827493,0.130116,0.106277,-0.985787,-0.970367,0.217825,-0.104597,0.203613,0.970184,0.13147
1.04771,-0.0166887,0.772381,0.544356,0.446557,-0.710116,-0.259516,-0.715351,-0.648787,-0.797702,0.537457,-0.273516
0.7448,0.0639265,1.14266,0.0115618,0.274001,-0.96166,-0.651696,0.731478,0.200581,0.758392,0.624391,0.187023
0.679296,0.102728,0.929866,0.0115629,0.671646,-0.740782,-0.920218,0.297007,0.254924,0.391236,0.678733,0.621495
0.883514,0.00368094,0.78081,0.490861,-0.33463,-0.804412,-0.86781,-0.269611,-0.417391,-0.0772067,0.902958,-0.422737
0.90772,-0.0534109,0.903876,0.544356,-0.719852,-0.430685,-0.791744,-0.271261,-0.54732,0.277161,0.638929,-0.717601
0.815719,0.0730051,0.738762,0.159449,0.812264,-0.561073,-0.852918,-0.172838,-0.492604,-0.497099,0.557094,0.665236
0.978025,-0.0128536,1.20964,0.0849513,-0.163609,-0.982861,-0.974156,0.193565,-0.11642,0.209295,0.967349,-0.142937
0.679296,0.0970537,1.01595,0.0115629,0.377778,-0.925824,-0.730912,0.635036,0.249995,0.682374,0.673805,0.283465
0.7448,0.0708875,0.823281,0.0115618,0.969822,-0.243538,-0.982635,-0.034087,-0.182392,-0.185189,0.241418,0.952587
1.07214,-0.00737113,0.761825,0.0597327,0.793976,-0.605008,-0.263839,-0.571978,-0.776679,-0.962715,0.206018,0.175316
0.883514,-0.0505212,1.04827,0.490861,-0.773407,-0.401119,-0.714409,-0.093784,-0.693415,0.498674,0.626934,-0.598564
0.888973,0.0574327,0.708823,0.130114,0.896552,-0.423397,-0.679769,-0.230204,-0.696362,-0.721793,0.378418,0.579495
0.888973,0.0183174,1.22256,0.130114,-0.26128,-0.956453,-0.828868,0.500708,-0.249539,0.544104,0.825242,-0.151417
0.707075,0.063695,1.02499,-0.00571403,0.971023,-0.238917,-0.870222,0.112872,0.479555,0.492627,0.210651,0.844361
0.767099,0.10418,0.75169,0.159449,0.668673,-0.72626,-0.941487,-0.118287,-0.31561,-0.296947,0.734088,0.610686
1.07214,-0.0284248,1.17971,0.0597327,-0.126964,-0.990107,-0.965656,-0.258611,-0.0250953,-0.252866,0.957602,-0.138051
0.963475,-0.00202634,1.22322,-0.237086,0.220502,-0.946134,-0.849569,0.425304,0.312008,0.471193,0.877779,0.0864985
0.997638,-0.0199256,1.20077,0.49086,-0.464437,-0.737126,-0.868502,-0.193839,-0.456214,0.0689987,0.864132,-0.498512
0.748979,0.0258963,1.04509,0.130116,-0.552239,-0.82347,-0.612464,0.608364,-0.504759,0.779716,0.570023,-0.259069
0.90772,-0.00033012,0.773087,0.544356,-0.529136,-0.650915,-0.83879,-0.352916,-0.414586,-0.0103461,0.771664,-0.635946
0.950254,-0.0118884,1.2041,0.462836,-0.54658,-0.697877,-0.837888,-0.0127664,-0.545693,0.289356,0.837309,-0.463882
0.819306,0.0333428,1.19149,-0.133187,0.747909,-0.650303,-0.582783,0.471622,0.661768,0.801639,0.467124,0.373055
0.763543,0.0215134,0.899443,0.0849542,-0.571556,-0.816153,-0.78859,0.4621,-0.405696,0.609023,0.678076,-0.411466
0.90772,-0.0585581,1.04493,0.544356,-0.823742,-0.158508,-0.649201,-0.294031,-0.701487,0.531238,0.484762,-0.694832
0.707075,0.0929091,1.11869,-0.00571403,0.830749,-0.556618,-0.649253,0.420268,0.633913,0.760551,0.365008,0.536965
1.04771,-0.0239422,1.19306,0.544356,-0.3917,-0.741787,-0.820588,-0.432182,-0.37397,-0.174103,0.812274,-0.556685
1.09027,-0.0352965,1.15925,-0.432508,0.183565,-0.882746,-0.898888,-0.164086,0.406295,-0.0702647,0.969216,0.235973
0.911277,-0.00359005,1.20148,0.451609,-0.640343,-0.621297,-0.762382,0.0847891,-0.641549,0.46349,0.763395,-0.449894
0.911277,0.0743876,0.683588,0.451609,0.500664,-0.738502,-0.588835,-0.454608,-0.668285,-0.670315,0.736659,0.0895034
0.763543,0.071592,0.794547,0.0849542,-0.257946,-0.962417,-0.94933,0.272371,-0.1568,0.302581,0.926972,-0.221737
0.679296,0.137504,0.850912,0.0115629,0.884503,-0.466391,-0.998532,0.0348929,0.0414179,0.052908,0.465228,0.883608
0.885407,0.0824267,0.68692,0.451609,0.365287,-0.814011,-0.695968,-0.426652,-0.577579,-0.558281,0.827366,0.0615479
0.815719,0.0505055,1.21242,0.159449,-0.411501,-0.897353,-0.637655,0.650993,-0.41183,0.753639,0.637868,-0.158596
0.950254,0.0703703,0.67587,0.462836,0.592362,-0.659462,-0.430458,-0.500148,-0.751371,-0.774912,0.631632,0.0235001
0.843495,0.0645849,1.25084,-0.0730476,0.114219,-0.990766,-0.613512,0.778072,0.134932,0.786299,0.617704,0.0132388
0.885407,0.00108747,1.19414,0.451609,-0.738213,-0.501089,-0.670653,0.0895429,-0.736347,0.58845,0.668598,-0.454647
0.978025,0.0647452,0.675882,0.0849513,0.939518,-0.331796,-0.375275,-0.278308,-0.884145,-0.923012,0.199624,0.328936
0.748979,0.136374,0.741558,0.130116,0.437026,-0.889988,-0.981486,-0.0704708,-0.178098,-0.140551,0.896684,0.419766
0.875765,0.0907283,0.684307,0.462837,0.183128,-0.867321,-0.760318,-0.421018,-0.494631,-0.455739,0.888374,-0.0556271
0.679296,0.121164,1.09879,0.0115629,0.0383449,-0.999198,-0.453447,0.890814,0.0289382,0.891208,0.452748,0.0276877
0.997638,0.0722525,0.667377,0.49086,0.645278,-0.585382,-0.218764,-0.559084,-0.79973,-0.843326,0.520616,-0.133268
0.654882,0.159971,0.885993,-0.0730442,0.420028,-0.904567,-0.829676,0.477722,0.288823,0.553445,0.771595,0.313592
0.763543,0.0103315,1.01514,0.0849542,-0.816228,-0.57145,-0.532734,0.447453,-0.718317,0.842008,0.365455,-0.396819
0.809034,-0.00335177,0.876623,0.0597358,-0.879755,-0.471659,-0.766662,0.262161,-0.58609,0.639266,0.396613,-0.658814
0.654882,0.135839,0.955147,-0.0730442,0.0853168,-0.993673,-0.590351,0.799334,0.112027,0.803835,0.594799,-0.00801986
0.875765,-4.45001e-05,1.18551,0.462837,-0.822345,-0.330955,-0.580843,0.000689068,-0.814015,0.669629,0.568989,-0.477334
0.955743,0.0112502,1.23987,-0.397364,0.594695,-0.698885,-0.527417,0.475236,0.70426,0.750955,0.648452,0.124811
0.883514,0.0954097,0.67697,0.490861,-0.0393241,-0.87035,-0.789069,-0.443581,-0.424978,-0.369359,0.895371,-0.248766
0.767099,0.0686511,1.18397,0.159449,-0.599112,-0.784628,-0.455923,0.660269,-0.596808,0.87562,0.452891,-0.16787
0.809034,0.0560312,0.764599,0.0597358,-0.665383,-0.744108,-0.939068,0.215324,-0.26793,0.3385,0.714774,-0.611977
0.632586,0.182764,1.03025,-0.00571277,0.886063,-0.463529,-0.727682,0.314257,0.60969,0.685891,0.340785,0.642977
1.04771,0.0791517,0.662082,0.544356,0.6625,-0.514559,0.0289644,-0.627885,-0.777767,-0.838354,0.408478,-0.360982
1.04771,0.0791517,0.662082,0.544356,0.6625,-0.514559,0.0289644,-0.627885,-0.777767,-0.838354,0.408478,-0.360982
0.883514,-0.00645697,1.17963,0.490861,-0.863956,-0.112408,-0.500768,-0.174199,-0.847872,0.712942,0.472478,-0.518149
0.707075,0.152408,1.19675,-0.00571403,0.590274,-0.807182,-0.349975,0.754966,0.554567,0.936742,0.285662,0.202267
0.7448,0.133373,1.22919,0.0115618,-0.0714304,-0.997379,-0.353009,0.932929,-0.0709068,0.935549,0.352903,-0.0144292
0.763543,0.154527,0.713105,0.0849542,0.0867758,-0.992599,-0.995567,-0.0329573,-0.0880895,-0.0403574,0.995683,0.0835912
0.90772,0.094282,0.668341,0.544356,-0.274599,-0.792636,-0.784666,-0.500787,-0.365392,-0.296605,0.820858,-0.488075
0.654882,0.2063,0.829263,-0.0730442,0.704077,-0.706357,-0.96893,0.117711,0.217528,0.236303,0.7003,0.673603
0.809034,-0.020839,1.0022,0.0597358,-0.988016,-0.14232,-0.501784,0.0935305,-0.859921,0.862928,0.122782,-0.490184
0.632586,0.178379,0.972618,-0.00571277,0.991163,-0.132523,-0.918386,0.0472335,0.392857,0.395645,0.123952,0.910001
