0.843495,0.0615071,0.808126,-0.243817,0.478336,0.843651,0.867785,0.496007,-0.0304362,-0.433016,0.724687,-0.536028
0.888973,0.0426168,0.757297,0.130114,0.385796,-0.913363,-0.987883,-0.028165,-0.152626,-0.0846074,0.922154,0.377456
0.7448,0.128967,0.83362,0.0115618,0.560332,-0.828188,-0.855765,0.433971,0.281667,0.517236,0.705477,0.484529
0.843495,0.0731841,0.67565,-0.0730476,0.902069,-0.425366,-0.991605,-0.111317,-0.0657811,-0.106689,0.41699,0.902628
0.843495,0.0958437,0.936607,-0.0730476,0.417604,-0.905688,-0.828193,0.480557,0.288378,0.555663,0.771149,0.310753
0.963475,0.041174,0.889582,-0.237086,0.504659,-0.830126,-0.954166,0.0396814,0.296636,0.182641,0.862406,0.472121
0.7448,0.127856,0.722679,0.0115618,0.809796,-0.586597,-0.981061,0.122623,0.149944,0.193354,0.573754,0.795877
0.815719,0.0741856,0.769223,0.159449,0.231177,-0.959757,-0.967085,0.231859,-0.104818,0.198297,0.94488,0.260538
0.888973,0.060708,0.895303,0.130114,0.0501407,-0.99023,-0.957243,0.266605,-0.11228,0.258371,0.962501,0.0826859
0.978025,0.0261003,0.727872,0.0849513,0.478896,-0.873751,-0.895147,-0.348453,-0.278016,-0.437602,0.805753,0.399081
0.978025,0.0351237,0.873302,0.0849513,0.151175,-0.98485,-0.990831,-0.0913969,-0.0994967,-0.105054,0.984273,0.142025
0.707075,0.163981,0.819886,-0.00571403,0.962935,-0.269673,-0.854117,0.135548,0.502106,0.52005,0.233202,0.821685
0.815719,0.0984035,0.64343,0.159449,0.545492,-0.822809,-0.976585,-0.0347765,-0.212304,-0.144424,0.837394,0.527174
0.888973,0.0728178,0.621425,0.130114,0.674918,-0.726331,-0.899368,-0.228038,-0.373008,-0.417381,0.701772,0.577329
0.819306,0.138939,0.987267,-0.133187,0.726851,-0.673757,-0.556997,0.507402,0.657493,0.819766,0.46285,0.337275
0.815719,0.0944521,0.895714,0.159449,-0.111021,-0.980944,-0.840941,0.505205,-0.19387,0.517101,0.855828,-0.0128076
0.707075,0.19616,0.912609,-0.00571403,0.812629,-0.582753,-0.62474,0.452135,0.636612,0.780812,0.367707,0.505098
0.767099,0.106039,0.75807,0.159449,0.0140203,-0.987107,-0.899623,0.413805,-0.139441,0.406514,0.910258,0.0785939
0.7448,0.167954,0.937491,0.0115618,0.243283,-0.969887,-0.62725,0.757147,0.182442,0.778732,0.606252,0.161353
0.767099,0.13215,0.643843,0.159449,0.350785,-0.922782,-0.984405,0.126857,-0.121874,0.0743092,0.927824,0.365542
0.950254,0.0302843,0.724112,0.462836,0.00169497,-0.886442,-0.837513,-0.326809,-0.437914,-0.290439,0.945089,-0.149839
0.911277,0.0384246,0.727185,0.451609,-0.119346,-0.884198,-0.885791,-0.178691,-0.428304,-0.106882,0.97664,-0.186414
0.679296,0.19997,0.723568,0.0115629,0.64775,-0.761765,-0.907312,0.327009,0.264293,0.4203,0.688103,0.591492
0.7448,0.164756,0.618049,0.0115618,0.961588,-0.274254,-0.988027,-0.0312133,-0.151092,-0.153849,0.272718,0.949713
0.963475,0.104597,1.0201,-0.237086,0.190305,-0.952667,-0.834156,0.462776,0.300037,0.49797,0.865807,0.0490262
1.07214,0.029667,0.840007,0.0597327,0.188252,-0.980303,-0.838577,-0.523269,-0.151583,-0.541498,0.831114,0.126608
0.679296,0.197036,0.809791,0.0115629,0.348147,-0.937369,-0.708843,0.664042,0.237887,0.705271,0.661697,0.25446
0.997638,0.0260237,0.716528,0.49086,0.090527,-0.866522,-0.725375,-0.508443,-0.464022,-0.482584,0.856324,-0.183909
0.950254,0.0377695,0.868338,0.462836,-0.301588,-0.833563,-0.886341,-0.143104,-0.440365,0.0135226,0.942638,-0.333544
0.978025,0.0673611,0.588126,0.0849513,0.748856,-0.657265,-0.691494,-0.43062,-0.580002,-0.71737,0.503767,0.481248
0.885407,0.0466375,0.724308,0.451609,-0.270583,-0.850196,-0.890921,-0.0854472,-0.446047,0.0480458,0.958897,-0.279657
1.07214,0.0323602,0.694719,0.0597327,0.512182,-0.856797,-0.602802,-0.665645,-0.439939,-0.795652,0.542758,0.268984
0.997638,0.0311718,0.862669,0.49086,-0.211301,-0.845227,-0.846683,-0.344397,-0.405609,-0.205388,0.914737,-0.347955
0.911277,0.0464698,0.868442,0.451609,-0.414562,-0.790056,-0.868927,-0.00336252,-0.494929,0.202522,0.910015,-0.361742
0.955743,0.118396,1.03633,-0.397364,0.57217,-0.717442,-0.503271,0.517875,0.691754,0.767346,0.635946,0.0821719
0.978025,0.093343,1.00688,0.0849513,-0.194781,-0.977161,-0.967007,0.22027,-0.127976,0.240166,0.955794,-0.169642
0.843495,0.172053,1.0456,-0.0730476,0.0826563,-0.993897,-0.588198,0.80122,0.109863,0.805411,0.592634,-0.00990879
0.767099,0.120569,0.874339,0.159449,-0.324436,-0.932372,-0.706333,0.622328,-0.337344,0.689688,0.712355,-0.12993
0.888973,0.124909,1.0188,0.130114,-0.291562,-0.947661,-0.811147,0.518346,-0.270847,0.570186,0.803933,-0.169055
0.911277,0.0791772,0.591696,0.451609,0.190265,-0.871693,-0.795815,-0.355826,-0.489965,-0.403395,0.914979,-0.00927839
1.09027,0.069309,0.957224,-0.432508,0.155402,-0.888137,-0.900668,-0.119964,0.417619,-0.0416454,0.98054,0.191851
0.679296,0.232217,0.643548,0.0115629,0.869225,-0.494282,-0.996345,0.0518538,0.0678803,0.0846336,0.49169,0.866648
0.950254,0.0725787,0.586024,0.462836,0.304774,-0.832403,-0.687669,-0.46911,-0.554119,-0.55937,0.828884,-0.00753781
0.885407,0.0532032,0.862929,0.451609,-0.545049,-0.706379,-0.820759,0.0566614,-0.568457,0.349861,0.836487,-0.421765
1.04771,0.0276342,0.707981,0.544356,0.150587,-0.825228,-0.537448,-0.692716,-0.48093,-0.64407,0.705314,-0.296151
1.04771,0.0297621,0.854087,0.544356,-0.140739,-0.826964,-0.725321,-0.574211,-0.379725,-0.42141,0.80652,-0.414656
0.815719,0.164185,0.533506,0.159449,0.794012,-0.586619,-0.868293,-0.169941,-0.466033,-0.469726,0.583665,0.662338
0.875765,0.0510814,0.716825,0.462837,-0.441879,-0.768456,-0.870499,-0.0628849,-0.488136,0.167373,0.894868,-0.41376
0.885407,0.0878789,0.591801,0.451609,0.0365197,-0.891468,-0.853625,-0.272992,-0.443622,-0.259565,0.961323,-0.0921117
0.748979,0.123274,0.729052,0.130116,-0.267784,-0.954653,-0.825143,0.504599,-0.254006,0.549735,0.820775,-0.155304
0.707075,0.258111,0.988734,-0.00571403,0.564308,-0.825544,-0.32001,0.781112,0.536151,0.947397,0.267246,0.176121
0.748979,0.158271,0.62247,0.130116,0.0748757,-0.988668,-0.963401,0.245249,-0.108217,0.234367,0.966564,0.104046
1.07214,0.0768279,0.977455,0.0597327,-0.158384,-0.985569,-0.973208,-0.228851,-0.0222065,-0.222031,0.96049,-0.167811
0.632586,0.283158,0.821358,-0.00571277,0.870875,-0.491471,-0.705503,0.344798,0.619176,0.708684,0.350271,0.612436
0.632586,0.276942,0.763893,-0.00571277,0.986448,-0.163974,-0.90534,0.0645316,0.419755,0.424648,0.150851,0.892703
0.767099,0.195755,0.545436,0.159449,0.64524,-0.747155,-0.950454,-0.10425,-0.292864,-0.266859,0.756834,0.596648
0.997638,0.071169,0.57744,0.49086,0.381436,-0.783303,-0.516576,-0.596563,-0.614216,-0.701573,0.70613,-0.0957887
0.888973,0.147668,0.504077,0.130114,0.882635,-0.451692,-0.702377,-0.239491,-0.670306,-0.699812,0.404474,0.588782
0.819306,0.229875,1.07846,-0.133187,0.452579,-0.881722,-0.24303,0.847572,0.47176,0.960832,0.277117,-0.00289529
0.815719,0.156759,1.00764,0.159449,-0.439828,-0.883814,-0.613368,0.657358,-0.43779,0.773535,0.611908,-0.164961
0.875765,0.0946142,0.586289,0.462837,-0.152403,-0.873244,-0.875246,-0.234651,-0.422946,-0.140449,0.960059,-0.241995
0.679296,0.223768,0.891817,0.0115629,0.006552,-0.999912,-0.424878,0.90525,0.00101847,0.905177,0.424828,0.0132511
0.707093,0.267662,0.996662,0.10645,0.95716,-0.269282,-0.30712,0.28923,0.906655,0.945698,-0.0138117,0.324752
0.875765,0.0548198,0.854377,0.462837,-0.678058,-0.570981,-0.760757,0.0267915,-0.648484,0.455007,0.73452,-0.503437
0.883514,0.0496777,0.708235,0.490861,-0.609673,-0.622377,-0.834324,-0.123206,-0.53733,0.250916,0.783019,-0.569142
0.950254,0.0941314,1.00131,0.462836,-0.568496,-0.680144,-0.828263,-0.00395413,-0.560326,0.315853,0.822677,-0.472694
0.997638,0.0859925,0.998235,0.49086,-0.487642,-0.721984,-0.865868,-0.181183,-0.46631,0.0965813,0.854036,-0.511169
0.632586,0.308653,0.873232,-0.00571277,0.650262,-0.759688,-0.420572,0.68768,0.591789,0.907241,0.322885,0.269554
0.654882,0.255788,0.677897,-0.0730442,0.391051,-0.917466,-0.811658,0.51126,0.282534,0.579548,0.765306,0.280055
1.07214,0.0845826,0.559113,0.0597327,0.774336,-0.629949,-0.294319,-0.58936,-0.752351,-0.953839,0.230346,0.192698
0.748979,0.126841,0.841176,0.130116,-0.578145,-0.805492,-0.58736,0.609561,-0.532394,0.798798,0.542387,-0.260266
0.7448,0.240117,1.02176,0.0115618,-0.10311,-0.994603,-0.323081,0.940934,-0.101302,0.946301,0.322508,-0.0224339
0.911277,0.102342,0.998428,0.451609,-0.659775,-0.600621,-0.747258,0.0881211,-0.658666,0.487499,0.746278,-0.453226
1.04771,0.0756055,0.56996,0.544356,0.42375,-0.723957,-0.284751,-0.718442,-0.634632,-0.789046,0.551613,-0.270425
1.04771,0.0817326,0.990653,0.544356,-0.41509,-0.728956,-0.82571,-0.418377,-0.37837,-0.147921,0.807874,-0.57049
0.883514,0.0962328,0.577738,0.490861,-0.36004,-0.793364,-0.869826,-0.254333,-0.422749,-0.0495721,0.8976,-0.438015
0.654882,0.233867,0.747783,-0.0730442,0.0536758,-0.995883,-0.564491,0.820983,0.0856524,0.822201,0.568424,-0.0296685
0.748979,0.227611,0.534286,0.130116,0.408504,-0.903435,-0.985459,-0.0471363,-0.163243,-0.10927,0.911538,0.396431
0.883514,0.0505631,0.846786,0.490861,-0.785771,-0.376323,-0.69819,-0.0964074,-0.709392,0.521139,0.610958,-0.59594
0.632586,0.290755,0.707768,-0.00571277,0.98304,0.1833,-0.99598,-0.02198,0.0868381,0.0893943,-0.182067,0.979214
0.763543,0.117829,0.695743,0.0849542,-0.59722,-0.797566,-0.768825,0.469874,-0.433736,0.633791,0.650036,-0.41924
0.654882,0.30029,0.619723,-0.0730442,0.681259,-0.728389,-0.960926,0.147445,0.234268,0.266994,0.717039,0.64387
0.679296,0.289888,0.579384,0.0115629,0.985859,-0.16718,-0.965204,-0.0326759,-0.259447,-0.26124,0.164363,0.951177
0.90772,0.0430832,0.702557,0.544356,-0.733183,-0.407577,-0.78253,-0.268801,-0.561599,0.302198,0.624651,-0.720061
0.963475,0.208836,1.12106,-0.237086,-0.147003,-0.960302,-0.613534,0.789072,0.0306824,0.753237,0.596453,-0.277269
0.763543,0.164546,0.589308,0.0849542,-0.28842,-0.953728,-0.939228,0.29635,-0.173283,0.332615,0.910489,-0.245716
0.767099,0.17399,0.978625,0.159449,-0.62376,-0.76518,-0.427849,0.654857,-0.622983,0.889675,0.426715,-0.162458
0.911277,0.163812,0.478316,0.451609,0.476927,-0.754049,-0.609853,-0.451885,-0.65106,-0.651252,0.753883,0.0867801
0.885407,0.106784,0.990944,0.451609,-0.753774,-0.477361,-0.651602,0.0868394,-0.753574,0.609478,0.65137,-0.451943
1.09027,0.154169,1.07404,-0.432508,-0.15773,-0.887726,-0.860595,0.365871,0.354281,0.268913,0.917202,-0.293984
0.978025,0.15393,0.47092,0.0849513,0.928493,-0.361504,-0.404437,-0.29945,-0.864153,-0.910612,0.219616,0.350078
0.632604,0.324535,0.891956,0.106452,0.975265,0.193719,-0.702343,-0.0641571,0.708942,0.703834,-0.211525,0.67814
0.885407,0.171953,0.48139,0.451609,0.339217,-0.825216,-0.713368,-0.418219,-0.562315,-0.535868,0.842629,0.0531153
0.955743,0.227351,1.13159,-0.397364,0.292284,-0.869869,-0.210472,0.893622,0.396411,0.893198,0.340603,-0.293575
0.950254,0.159551,0.470729,0.462836,0.571092,-0.677965,-0.454881,-0.503424,-0.734607,-0.760832,0.648396,0.0267763
0.819324,0.291404,1.11343,-0.0373106,0.757299,-0.652002,0.169011,0.647839,0.742792,0.984908,-0.0824817,-0.152163
0.978025,0.193736,1.11248,0.0849513,-0.517243,-0.851612,-0.826548,0.440714,-0.350127,0.556418,0.733642,-0.390087
0.90772,0.0919782,0.570146,0.544356,-0.549567,-0.63376,-0.838695,-0.341853,-0.423942,0.0163318,0.762307,-0.647009
0.90772,0.0424241,0.843705,0.544356,-0.828366,-0.132234,-0.63198,-0.301324,-0.714007,0.551614,0.472243,-0.687538
0.875765,0.180167,0.478515,0.462837,0.155456,-0.872706,-0.774426,-0.408134,-0.483416,-0.431331,0.899589,-0.0685108
0.632604,0.37168,0.92542,0.106452,0.982705,-0.151524,-0.419261,0.182542,0.889325,0.901603,-0.031142,0.431442
