0.843495,0.0379627,0.860891,-0.243817,0.342493,0.907332,0.867785,0.494766,0.046429,-0.433016,0.798689,-0.417843
0.888973,0.0271381,0.807756,0.130114,0.522051,-0.842931,-0.963013,-0.135783,-0.232744,-0.23596,0.842037,0.485074
0.7448,0.100683,0.896485,0.0115618,0.681361,-0.731856,-0.9253,0.284744,0.25048,0.37906,0.67429,0.633756
0.843495,0.0520725,0.99313,-0.0730476,0.552295,-0.830442,-0.903985,0.315059,0.28905,0.421279,0.771821,0.476252
0.7448,0.116696,0.7867,0.0115618,0.89058,-0.45468,-0.999144,0.0283553,0.0301327,0.0397282,0.453943,0.890145
0.963475,0.00530964,0.938236,-0.237086,0.626654,-0.742358,-0.970918,-0.126656,0.203166,0.0332906,0.768936,0.638458
0.815719,0.0564896,0.824409,0.159449,0.376438,-0.912617,-0.986098,0.104526,-0.129172,0.0467673,0.920526,0.387871
0.888973,0.0237275,0.946901,0.130114,0.202268,-0.970648,-0.985639,0.132666,-0.104478,0.10764,0.970303,0.216625
0.978025,0.0153575,0.776136,0.0849513,0.607928,-0.789434,-0.816943,-0.411092,-0.404485,-0.570428,0.679284,0.46172
0.978025,0.00184266,0.921218,0.0849513,0.301263,-0.949749,-0.962773,-0.220674,-0.156114,-0.256616,0.927655,0.271301
0.815719,0.0998193,0.703856,0.159449,0.665869,-0.728831,-0.942624,-0.116665,-0.312808,-0.293318,0.73689,0.609063
0.888973,0.0779337,0.678168,0.130114,0.778867,-0.613545,-0.824233,-0.25898,-0.503557,-0.551099,0.571223,0.608271
0.819306,0.0868385,1.04983,-0.133187,0.82207,-0.55359,-0.676768,0.332628,0.656768,0.724049,0.462124,0.512049
0.815719,0.0570045,0.952512,0.159449,0.0416024,-0.986329,-0.910634,0.392008,-0.130677,0.381212,0.919021,0.10039
0.707075,0.15489,0.984891,-0.00571403,0.892786,-0.450445,-0.737692,0.300348,0.60465,0.675113,0.335745,0.656885
0.767099,0.0896817,0.818302,0.159449,0.166098,-0.973133,-0.951557,0.288367,-0.106695,0.262898,0.943004,0.204031
0.7448,0.123184,1.00513,0.0115618,0.389961,-0.920759,-0.739852,0.622787,0.254473,0.672671,0.678283,0.295714
0.767099,0.133099,0.709469,0.159449,0.488912,-0.857637,-0.984087,0.00971727,-0.177419,-0.0784084,0.872279,0.482681
0.950254,0.0200713,0.773067,0.462836,0.138394,-0.875574,-0.782696,-0.399886,-0.476946,-0.416137,0.906056,-0.0767616
0.911277,0.0276403,0.777358,0.451609,0.0184556,-0.892025,-0.858707,-0.262435,-0.440171,-0.242222,0.964773,-0.10267
0.679296,0.18781,0.7987,0.0115629,0.757489,-0.652745,-0.96128,0.188167,0.201333,0.275333,0.625143,0.730335
0.7448,0.169292,0.689012,0.0115618,0.992381,-0.122664,-0.952476,-0.0264133,-0.303467,-0.304395,0.120343,0.944913
0.963475,0.0478424,1.07698,-0.237086,0.334961,-0.911916,-0.900979,0.275273,0.335354,0.363356,0.901125,0.236529
1.07214,0.00158646,0.88748,0.0597327,0.337195,-0.939538,-0.745026,-0.611362,-0.266781,-0.664355,0.715916,0.214701
0.679296,0.171613,0.883439,0.0115629,0.488555,-0.872457,-0.809138,0.517213,0.278903,0.587505,0.702713,0.401289
0.997638,0.0170314,0.764916,0.49086,0.223091,-0.842192,-0.642265,-0.560505,-0.52281,-0.588687,0.797536,-0.131847
0.950254,0.00522241,0.916721,0.462836,-0.169416,-0.870104,-0.877821,-0.224175,-0.423292,-0.123343,0.95971,-0.252473
0.978025,0.0776781,0.644426,0.0849513,0.841268,-0.533902,-0.572577,-0.397311,-0.717147,-0.815438,0.366623,0.447939
0.885407,0.0361987,0.775782,0.451609,-0.136216,-0.881756,-0.887671,-0.168219,-0.428652,-0.0899392,0.976293,-0.196885
1.07214,0.0266558,0.744345,0.0597327,0.638201,-0.767549,-0.472873,-0.65908,-0.584811,-0.879104,0.397885,0.262419
0.997638,-0.000421864,0.910102,0.49086,-0.0784098,-0.867703,-0.804874,-0.422066,-0.417178,-0.333517,0.903168,-0.270286
0.911277,0.0138027,0.918165,0.451609,-0.287748,-0.844541,-0.889765,-0.0751419,-0.45019,0.0660808,0.954754,-0.289963
0.978025,0.0387638,1.06217,0.0849513,-0.0417388,-0.995511,-0.992478,0.0848448,-0.0882498,0.0881473,0.99552,-0.0342171
0.843495,0.11056,1.11257,-0.0730476,0.23496,-0.969256,-0.705382,0.674872,0.216758,0.705054,0.699529,0.116439
0.767099,0.0861061,0.93542,0.159449,-0.17675,-0.971254,-0.804255,0.547286,-0.231629,0.572495,0.818069,-0.0548878
0.888973,0.0681132,1.07882,0.130114,-0.141912,-0.981291,-0.889383,0.420758,-0.178777,0.438257,0.896004,-0.0714674
0.911277,0.0888022,0.649775,0.451609,0.322433,-0.831917,-0.724076,-0.41235,-0.552885,-0.521309,0.852059,0.047245
1.09027,0.0226755,1.00941,-0.432508,0.290523,-0.853542,-0.883468,-0.325609,0.336843,-0.18006,0.899764,0.397497
0.679296,0.232014,0.724612,0.0115629,0.935059,-0.354304,-0.997477,-0.0140358,-0.0695957,-0.070049,0.354214,0.932537
0.950254,0.0831575,0.643154,0.462836,0.429512,-0.775437,-0.593166,-0.500001,-0.630993,-0.658738,0.75201,0.0233532
0.885407,0.0213058,0.913757,0.451609,-0.42958,-0.781991,-0.864899,0.00443587,-0.501926,0.219086,0.903018,-0.36954
1.04771,0.0199408,0.75672,0.544356,0.276063,-0.792128,-0.43168,-0.717476,-0.5467,-0.719256,0.639545,-0.271391
1.04771,-0.000491087,0.901405,0.544356,-0.0115095,-0.838776,-0.651647,-0.635454,-0.414192,-0.528236,0.772053,-0.353413
0.815719,0.181768,0.605392,0.159449,0.874987,-0.457136,-0.785456,-0.168069,-0.595661,-0.598026,0.454037,0.660466
0.875765,0.0417436,0.769074,0.462837,-0.31807,-0.827414,-0.885897,-0.133213,-0.444342,0.0311097,0.938662,-0.343433
0.885407,0.0973836,0.651221,0.451609,0.173577,-0.875169,-0.803377,-0.347581,-0.483501,-0.388117,0.921444,-0.0175229
0.748979,0.111187,0.792289,0.130116,-0.11734,-0.984531,-0.900057,0.402532,-0.166927,0.415892,0.907854,-0.0532371
0.707075,0.204359,1.06966,-0.00571403,0.684883,-0.728631,-0.462302,0.644292,0.609233,0.886704,0.340328,0.312941
0.748979,0.162203,0.692381,0.130116,0.226466,-0.965289,-0.988021,0.111088,-0.107118,0.0829733,0.967664,0.238207
1.07214,0.0269839,1.03056,0.0597327,-0.00448102,-0.998204,-0.927318,-0.370382,-0.0538282,-0.369476,0.928869,-0.0262793
0.632586,0.25492,0.908151,-0.00571277,0.936256,-0.351271,-0.806364,0.203433,0.55533,0.591391,0.286425,0.753802
0.632586,0.257642,0.850414,-0.00571277,0.999935,-0.00986875,-0.960002,-0.00272141,0.279978,0.279933,0.0110735,0.959956
0.767099,0.21112,0.62205,0.159449,0.752756,-0.638698,-0.897922,-0.15828,-0.41071,-0.410257,0.638988,0.650679
0.997638,0.0830886,0.634455,0.49086,0.497683,-0.7151,-0.402189,-0.598657,-0.692715,-0.772852,0.627631,-0.0936946
0.888973,0.169988,0.573769,0.130114,0.94174,-0.310155,-0.586038,-0.179278,-0.790201,-0.799768,0.284579,0.528569
0.819306,0.162622,1.15396,-0.133187,0.583154,-0.801369,-0.388314,0.713221,0.583547,0.911852,0.388904,0.131456
0.815719,0.101302,1.07271,0.159449,-0.298251,-0.941075,-0.725333,0.611264,-0.31662,0.669677,0.733078,-0.118866
0.875765,0.104888,0.646814,0.462837,-0.0158953,-0.886301,-0.843111,-0.316675,-0.434603,-0.273761,0.948401,-0.15997
0.679296,0.185374,0.968607,0.0115629,0.160694,-0.986937,-0.559403,0.819137,0.126819,0.828816,0.550628,0.099364
0.707093,0.212572,1.07897,0.10645,0.987239,-0.118434,-0.449304,0.154016,0.880003,0.887014,-0.0404638,0.459965
0.875765,0.024222,0.905557,0.462837,-0.58188,-0.668729,-0.821831,0.00106753,-0.56973,0.332228,0.813274,-0.477713
0.883514,0.0416814,0.760371,0.490861,-0.506387,-0.708962,-0.863041,-0.171254,-0.475219,0.119232,0.84513,-0.521094
0.950254,0.0404018,1.05679,0.462836,-0.456792,-0.759686,-0.867067,-0.0550837,-0.495136,0.184328,0.887866,-0.421564
0.997638,0.032834,1.0525,0.49086,-0.370453,-0.788556,-0.870404,-0.248117,-0.425247,-0.0381204,0.895099,-0.444235
0.632586,0.27211,0.963336,-0.00571277,0.759651,-0.650306,-0.555467,0.538349,0.633749,0.831519,0.364844,0.418886
0.654882,0.250005,0.762185,-0.0730442,0.527876,-0.846175,-0.891332,0.346081,0.292841,0.447429,0.775613,0.445233
1.07214,0.0991683,0.618416,0.0597327,0.86223,-0.502983,-0.143684,-0.491209,-0.859109,-0.987819,0.123587,0.0945471
1.07214,0.0991683,0.618416,0.0597327,0.86223,-0.502983,-0.143684,-0.491209,-0.859109,-0.987819,0.123587,0.0945471
0.748979,0.0974172,0.903621,0.130116,-0.446993,-0.885024,-0.703534,0.587346,-0.400081,0.698649,0.674701,-0.238052
0.7448,0.181485,1.09952,0.0115618,0.0515251,-0.998605,-0.465166,0.884308,0.040242,0.885148,0.464052,0.0341919
0.911277,0.0489585,1.05521,0.451609,-0.559245,-0.695194,-0.813505,0.0618925,-0.578255,0.366413,0.826689,-0.426997
1.04771,0.0886257,0.627749,0.544356,0.530338,-0.649938,-0.159647,-0.695134,-0.700929,-0.823523,0.485315,-0.293733
1.04771,0.0886257,0.627749,0.544356,0.530338,-0.649938,-0.159647,-0.695134,-0.700929,-0.823523,0.485315,-0.293733
1.04771,0.0297945,1.04435,0.544356,-0.297694,-0.784255,-0.793015,-0.487447,-0.365407,-0.273503,0.820837,-0.50142
0.883514,0.107807,0.638615,0.490861,-0.233368,-0.839401,-0.851773,-0.331064,-0.406054,-0.183135,0.914295,-0.361283
0.654882,0.217568,0.827854,-0.0730442,0.206632,-0.975688,-0.684548,0.701074,0.199722,0.725299,0.682494,0.0902404
0.748979,0.244314,0.615946,0.130116,0.542956,-0.829619,-0.956814,-0.150616,-0.248638,-0.259954,0.826144,0.499911
0.883514,0.021187,0.8974,0.490861,-0.718327,-0.493012,-0.770213,-0.0932901,-0.630927,0.407219,0.689422,-0.599058
0.763543,0.110944,0.758539,0.0849542,-0.467062,-0.880134,-0.857377,0.415762,-0.303391,0.507629,0.780381,-0.365128
0.654882,0.302946,0.71157,-0.0730442,0.78545,-0.6146,-0.990607,0.0142856,0.135989,0.115592,0.61876,0.777029
0.679296,0.298891,0.67011,0.0115629,0.999847,-0.0131274,-0.913363,0.00521761,-0.407112,-0.406982,0.0166975,0.913284
0.90772,0.0360417,0.753743,0.544356,-0.661548,-0.515781,-0.819775,-0.289144,-0.494332,0.177889,0.691918,-0.699718
0.963475,0.135263,1.19281,-0.237086,0.00286673,-0.971484,-0.722368,0.668138,0.178262,0.649596,0.744032,-0.156335
0.763543,0.173518,0.660583,0.0849542,-0.137872,-0.9868,-0.97929,0.171114,-0.108215,0.183775,0.975557,-0.12048
0.767099,0.122803,1.0467,0.159449,-0.49828,-0.852228,-0.559947,0.665324,-0.493765,0.813041,0.555934,-0.172925
0.911277,0.189911,0.550805,0.451609,0.58752,-0.671468,-0.50211,-0.45474,-0.735593,-0.737519,0.669351,0.0896353
0.885407,0.0545014,1.0485,0.451609,-0.67113,-0.587906,-0.737807,0.0895974,-0.669039,0.501687,0.735906,-0.454701
1.09027,0.0885029,1.13792,-0.432508,-0.0189258,-0.901432,-0.891772,0.156416,0.424589,0.132962,0.98751,-0.0845285
0.978025,0.181288,0.541974,0.0849513,0.973139,-0.213973,-0.25915,-0.185779,-0.947801,-0.962094,0.135968,0.236407
0.978025,0.181288,0.541974,0.0849513,0.973139,-0.213973,-0.25915,-0.185779,-0.947801,-0.962094,0.135968,0.236407
0.632604,0.284914,0.984285,0.106452,0.933717,0.34182,-0.802494,-0.1223,0.583992,0.587088,-0.336475,0.736283
0.885407,0.197481,0.555099,0.451609,0.462434,-0.763023,-0.622184,-0.449724,-0.640809,-0.639481,0.764135,0.0846198
0.955743,0.151933,1.20606,-0.397364,0.42295,-0.81438,-0.345715,0.753069,0.559794,0.850049,0.503985,-0.153022
0.950254,0.186872,0.542653,0.462836,0.668824,-0.581771,-0.332092,-0.477674,-0.813352,-0.821886,0.56965,0.00102636
0.819324,0.21802,1.198,-0.0373106,0.848798,-0.5274,0.0150829,0.528185,0.848995,0.99919,0.0237218,-0.0325092
0.978025,0.121668,1.182,0.0849513,-0.379706,-0.921198,-0.902476,0.362508,-0.232646,0.422279,0.851123,-0.31188
0.90772,0.104774,0.630458,0.544356,-0.445244,-0.710939,-0.831179,-0.400675,-0.385489,-0.113219,0.80076,-0.588187
0.90772,0.0136206,0.893101,0.544356,-0.798059,-0.258413,-0.709495,-0.273669,-0.649401,0.447541,0.536848,-0.715193
0.875765,0.20604,0.553525,0.462837,0.288196,-0.838287,-0.698634,-0.463475,-0.54507,-0.545612,0.837934,-0.01317
0.632604,0.326334,1.02462,0.106452,0.994316,0.00185556,-0.553302,0.0576857,0.830981,0.826151,-0.0894859,0.556298
1.07214,0.0997849,1.15632,0.0597327,-0.345617,-0.936473,-0.997763,-0.0488973,-0.0455959,-0.0300323,0.937101,-0.347764
