0.843495,0.0751631,0.779374,-0.243817,0.422749,0.872833,0.867785,0.496937,0.00171967,-0.433016,0.75785,-0.488017
0.888973,0.0596012,0.727428,0.130114,0.444083,-0.886488,-0.980338,-0.0761518,-0.182037,-0.148347,0.892744,0.425443
0.7448,0.140832,0.809179,0.0115618,0.612742,-0.790198,-0.887437,0.370447,0.27427,0.460784,0.69808,0.548053
0.843495,0.101115,0.909807,-0.0730476,0.475328,-0.876771,-0.862409,0.411438,0.294906,0.500914,0.777677,0.379873
0.963475,0.0496024,0.859344,-0.237086,0.557312,-0.795735,-0.963984,-0.0333422,0.263863,0.120522,0.829634,0.545145
0.7448,0.146901,0.698399,0.0115618,0.846053,-0.532974,-0.991515,0.0787155,0.103446,0.129474,0.527255,0.839785
0.815719,0.0903321,0.741373,0.159449,0.29279,-0.942788,-0.977889,0.177741,-0.110186,0.13531,0.939512,0.314657
0.888973,0.0687252,0.866317,0.130114,0.114104,-0.984911,-0.971954,0.21094,-0.103964,0.195895,0.970816,0.138351
0.978025,0.045023,0.696997,0.0849513,0.534426,-0.840936,-0.864958,-0.379398,-0.32849,-0.494602,0.755279,0.430025
0.978025,0.0446181,0.842706,0.0849513,0.214579,-0.973005,-0.981958,-0.147546,-0.118271,-0.168941,0.965498,0.198173
0.707075,0.176662,0.797739,-0.00571403,0.978365,-0.206806,-0.885975,0.0909453,0.454728,0.463698,0.185823,0.866288
0.815719,0.122638,0.61741,0.159449,0.597585,-0.785791,-0.965194,-0.0727833,-0.251203,-0.207308,0.798495,0.565181
0.888973,0.0985299,0.593796,0.130114,0.720498,-0.681141,-0.870479,-0.245893,-0.426383,-0.474696,0.648397,0.595184
0.819306,0.140842,0.963149,-0.133187,0.768921,-0.625317,-0.60887,0.434355,0.663788,0.78201,0.469144,0.410322
0.815719,0.102372,0.868909,0.159449,-0.04732,-0.986071,-0.872636,0.460297,-0.163195,0.461608,0.886503,0.0321005
0.707075,0.202774,0.89235,-0.00571403,0.848631,-0.528954,-0.67395,0.387512,0.628988,0.738755,0.360083,0.569721
0.767099,0.12284,0.732304,0.159449,0.0778576,-0.984131,-0.92404,0.362633,-0.121024,0.347456,0.928674,0.129765
0.7448,0.173017,0.915355,0.0115618,0.305525,-0.952114,-0.676321,0.703731,0.217608,0.736516,0.641418,0.21477
0.767099,0.156288,0.620006,0.159449,0.409755,-0.898152,-0.987151,0.0758194,-0.140659,0.0104616,0.909039,0.416579
0.950254,0.0494416,0.693516,0.462836,0.059045,-0.884475,-0.816966,-0.358814,-0.451463,-0.344019,0.93154,-0.117834
0.911277,0.057366,0.697109,0.451609,-0.0618871,-0.890067,-0.877019,-0.214127,-0.430101,-0.16397,0.974843,-0.150978
0.679296,0.218807,0.703951,0.0115629,0.69568,-0.718259,-0.932604,0.266625,0.243229,0.360715,0.667039,0.651877
0.7448,0.190494,0.596375,0.0115618,0.977317,-0.211464,-0.976002,-0.0349597,-0.214935,-0.217453,0.208875,0.95346
0.963475,0.104447,0.993696,-0.237086,0.251545,-0.938358,-0.864627,0.385771,0.32187,0.442956,0.887641,0.126031
1.07214,0.041327,0.809128,0.0597327,0.251284,-0.966068,-0.801785,-0.564423,-0.196387,-0.59462,0.78631,0.167761
0.679296,0.2103,0.789804,0.0115629,0.408066,-0.912879,-0.75299,0.604245,0.260566,0.657931,0.684376,0.314256
0.997638,0.0456805,0.685672,0.49086,0.146402,-0.85885,-0.692631,-0.532414,-0.486618,-0.528505,0.833728,-0.159938
0.950254,0.0475795,0.837924,0.462836,-0.247024,-0.851329,-0.885358,-0.176331,-0.430172,-0.0438528,0.952831,-0.300317
0.978025,0.0952391,0.560213,0.0849513,0.789813,-0.607437,-0.64363,-0.42188,-0.638558,-0.760607,0.445211,0.472508
0.885407,0.0657478,0.694769,0.451609,-0.215007,-0.865922,-0.892163,-0.119373,-0.435655,-0.00969833,0.969289,-0.245731
1.07214,0.0534149,0.664318,0.0597327,0.566545,-0.821863,-0.550059,-0.668371,-0.500714,-0.832987,0.481983,0.27171
0.997638,0.0413625,0.831839,0.49086,-0.156171,-0.857127,-0.83162,-0.377283,-0.407511,-0.259738,0.912835,-0.315068
0.911277,0.0562549,0.83859,0.451609,-0.362576,-0.815223,-0.88021,-0.031663,-0.473528,0.145877,0.931416,-0.333442
0.978025,0.0940731,0.979767,0.0849513,-0.131149,-0.987716,-0.98052,0.165189,-0.106266,0.177097,0.977503,-0.114561
0.843495,0.170113,1.0235,-0.0730476,0.146789,-0.986467,-0.639077,0.752467,0.159293,0.765666,0.642064,0.0388437
0.767099,0.129818,0.849269,0.159449,-0.26343,-0.95141,-0.749477,0.594967,-0.290344,0.642542,0.759354,-0.102568
0.888973,0.124802,0.993708,0.130114,-0.229636,-0.96454,-0.846338,0.48105,-0.228697,0.516509,0.846084,-0.131759
0.911277,0.106799,0.56454,0.451609,0.246266,-0.857556,-0.768048,-0.381817,-0.514119,-0.454039,0.890825,0.0167121
0.658953,0.249385,0.833552,0.0501205,0.998478,0.0229953,-0.82137,0.0281097,0.569703,0.56819,-0.0474415,0.821529
1.09027,0.073302,0.928664,-0.432508,0.21254,-0.876221,-0.896086,-0.208931,0.391634,-0.0998322,0.954555,0.280818
0.679296,0.256164,0.626186,0.0115629,0.899384,-0.437006,-0.999733,0.0191359,0.0129304,0.0199919,0.43674,0.899365
0.950254,0.100582,0.558453,0.462836,0.357993,-0.81094,-0.650036,-0.484918,-0.585071,-0.602691,0.797932,0.00827025
0.885407,0.0633309,0.833524,0.451609,-0.498204,-0.740164,-0.841676,0.0373531,-0.538689,0.296024,0.866255,-0.402457
1.04771,0.0478406,0.677247,0.544356,0.203664,-0.813755,-0.49465,-0.705543,-0.507474,-0.677494,0.678771,-0.283324
1.04771,0.040511,0.823184,0.544356,-0.086939,-0.834337,-0.696536,-0.601099,-0.391813,-0.467456,0.794431,-0.387768
0.815719,0.195394,0.511972,0.159449,0.830303,-0.534016,-0.836082,-0.174052,-0.520262,-0.524921,0.529436,0.666449
0.875765,0.0706666,0.687589,0.462837,-0.391233,-0.795436,-0.879504,-0.0906145,-0.467185,0.1107,0.91582,-0.386031
0.885407,0.115476,0.565208,0.451609,0.094122,-0.887237,-0.835042,-0.305661,-0.457467,-0.314251,0.947477,-0.0594434
0.748979,0.141917,0.704462,0.130116,-0.205456,-0.969978,-0.858982,0.465243,-0.213772,0.495196,0.861009,-0.115948
0.707075,0.25967,0.972324,-0.00571403,0.616539,-0.787303,-0.380637,0.726708,0.571849,0.924707,0.302944,0.230525
0.748979,0.183736,0.600368,0.130116,0.138687,-0.981751,-0.976546,0.189238,-0.102694,0.171543,0.972088,0.160057
1.07214,0.0794961,0.949339,0.0597327,-0.0942851,-0.993752,-0.956803,-0.289176,-0.0300754,-0.284533,0.952621,-0.107486
0.632586,0.295493,0.806919,-0.00571277,0.900849,-0.434094,-0.749878,0.283326,0.597838,0.661552,0.328933,0.673908
0.632586,0.293008,0.749173,-0.00571277,0.99499,-0.0998067,-0.930919,0.0311572,0.363896,0.365182,0.0949907,0.926077
0.767099,0.226126,0.52592,0.159449,0.69223,-0.703842,-0.931196,-0.131272,-0.34006,-0.327795,0.709638,0.623671
0.997638,0.0997304,0.549796,0.49086,0.431317,-0.756982,-0.470101,-0.600401,-0.646934,-0.733526,0.673412,-0.0919506
0.888973,0.180816,0.481536,0.130114,0.910011,-0.393638,-0.655627,-0.21886,-0.722671,-0.74379,0.35211,0.568151
0.819306,0.225688,1.06004,-0.133187,0.508679,-0.850592,-0.304687,0.795661,0.523536,0.943094,0.328893,0.0490164
0.815719,0.157306,0.984637,0.159449,-0.381723,-0.91042,-0.662131,0.642674,-0.385426,0.732229,0.664272,-0.150277
0.875765,0.122554,0.560143,0.462837,-0.0955836,-0.881275,-0.864325,-0.26936,-0.42472,-0.196784,0.958284,-0.207285
0.679296,0.231669,0.873388,0.0115629,0.0712335,-0.997393,-0.482553,0.874021,0.056828,0.87579,0.480638,0.0444802
0.707093,0.268687,0.980853,0.10645,0.972577,-0.206789,-0.367664,0.231732,0.900624,0.923846,-0.0198428,0.38225
0.875765,0.0654974,0.825095,0.462837,-0.639694,-0.613656,-0.788602,0.0190169,-0.61461,0.404832,0.768394,-0.495662
0.883514,0.0698216,0.678927,0.490861,-0.568128,-0.66052,-0.84881,-0.140935,-0.509567,0.196408,0.810782,-0.551412
0.950254,0.0952202,0.97426,0.462836,-0.523299,-0.715501,-0.846963,-0.0228551,-0.53116,0.261602,0.851843,-0.453793
0.997638,0.0872971,0.970669,0.49086,-0.439907,-0.752022,-0.870303,-0.207598,-0.446627,0.0403565,0.873719,-0.484754
0.632586,0.317579,0.860334,-0.00571277,0.698052,-0.716024,-0.47839,0.626874,0.614957,0.878129,0.346052,0.33036
0.654882,0.277463,0.661988,-0.0730442,0.449592,-0.890242,-0.847454,0.442638,0.293075,0.525819,0.775847,0.348677
1.07214,0.114302,0.532376,0.0597327,0.813472,-0.578529,-0.231988,-0.552382,-0.800659,-0.970883,0.182038,0.155721
0.748979,0.138222,0.816581,0.130116,-0.524818,-0.841211,-0.637813,0.605274,-0.476275,0.759121,0.598506,-0.255979
0.7448,0.239576,1.00412,0.0115618,-0.0385422,-0.99919,-0.38363,0.922619,-0.0400276,0.923414,0.383782,-0.00411879
0.911277,0.1036,0.971919,0.451609,-0.619532,-0.642051,-0.777234,0.0801982,-0.62408,0.438129,0.780864,-0.445303
1.04771,0.104642,0.542619,0.544356,0.469703,-0.695023,-0.233103,-0.711207,-0.66321,-0.805816,0.523034,-0.27766
1.04771,0.0835367,0.962827,0.544356,-0.367056,-0.754286,-0.814409,-0.446745,-0.370347,-0.201035,0.815897,-0.542122
0.883514,0.124722,0.551715,0.490861,-0.307954,-0.814997,-0.864796,-0.285761,-0.412877,-0.105747,0.907472,-0.406587
0.654882,0.251067,0.730309,-0.0730442,0.117998,-0.990324,-0.616506,0.775191,0.137837,0.783955,0.620608,0.0161232
0.748979,0.258636,0.516854,0.130116,0.466101,-0.875111,-0.976325,-0.0935934,-0.195015,-0.172801,0.879767,0.442888
0.883514,0.0617407,0.817244,0.490861,-0.759776,-0.426374,-0.730445,-0.0921431,-0.676727,0.474874,0.643622,-0.600205
0.763543,0.138638,0.67087,0.0849542,-0.544365,-0.834535,-0.808221,0.452186,-0.377236,0.582719,0.706536,-0.401552
0.654882,0.325635,0.606815,-0.0730442,0.726959,-0.682784,-0.976187,0.0881012,0.198234,0.204262,0.681005,0.703213
0.679296,0.317865,0.565887,0.0115629,0.99461,-0.103044,-0.94628,-0.0224182,-0.322571,-0.323143,0.101238,0.94092
0.90772,0.0636083,0.672834,0.544356,-0.705276,-0.45416,-0.800443,-0.274761,-0.532727,0.250934,0.653523,-0.714101
0.963475,0.201936,1.10119,-0.237086,-0.0845628,-0.967801,-0.660984,0.744117,0.0969057,0.711962,0.662676,-0.232314
0.763543,0.192144,0.567681,0.0849542,-0.226108,-0.970391,-0.958781,0.246483,-0.14137,0.271149,0.942402,-0.195849
0.767099,0.176379,0.956794,0.159449,-0.572945,-0.803934,-0.484515,0.664108,-0.569391,0.860128,0.480307,-0.171709
0.911277,0.198593,0.456874,0.451609,0.524716,-0.721611,-0.566438,-0.456269,-0.68627,-0.689345,0.718674,0.0911639
0.885407,0.108517,0.964738,0.451609,-0.721309,-0.525131,-0.689671,0.0911827,-0.718359,0.566042,0.686585,-0.456287
1.09027,0.150426,1.05073,-0.432508,-0.0999633,-0.896072,-0.87619,0.281015,0.391562,0.212668,0.954483,-0.209128
0.978025,0.189209,0.448854,0.0849513,0.949937,-0.300672,-0.344672,-0.255116,-0.903392,-0.934871,0.180377,0.305744
0.632604,0.332216,0.880046,0.106452,0.960687,0.256414,-0.74641,-0.0931656,0.658933,0.656917,-0.261534,0.707149
0.885407,0.206518,0.460469,0.451609,0.391899,-0.801539,-0.677203,-0.434345,-0.59392,-0.580901,0.811024,0.0692408
0.955743,0.219731,1.11289,-0.397364,0.347953,-0.849135,-0.267822,0.841066,0.469977,0.877709,0.414169,-0.24102
0.950254,0.194832,0.449027,0.462836,0.613761,-0.639594,-0.404702,-0.495639,-0.768478,-0.788669,0.614524,0.0189905
0.819324,0.284824,1.09891,-0.0373106,0.797897,-0.601638,0.104933,0.601857,0.79168,0.993779,-0.0335934,-0.106181
0.978025,0.187423,1.09165,0.0849513,-0.461059,-0.883294,-0.860817,0.412475,-0.298092,0.501774,0.785678,-0.361847
0.90772,0.120968,0.543864,0.544356,-0.507411,-0.66799,-0.837994,-0.364977,-0.405656,-0.0379667,0.780593,-0.623885
0.90772,0.0538181,0.813644,0.544356,-0.818075,-0.185553,-0.666346,-0.287331,-0.688058,0.509568,0.498191,-0.701531
0.875765,0.214901,0.45813,0.462837,0.211595,-0.860819,-0.744896,-0.433583,-0.507086,-0.480533,0.875919,-0.0430622
0.632604,0.377097,0.91649,0.106452,0.990449,-0.0876243,-0.476717,0.128175,0.869662,0.872588,-0.0508048,0.485808
1.07214,0.163318,1.06804,0.0597327,-0.428482,-0.901574,-0.996417,0.0285783,-0.0795986,0.059872,0.903098,-0.42524
0.707093,0.351878,1.03295,0.10645,0.843198,-0.526959,-0.0295173,0.532417,0.845968,0.99388,-0.0744992,0.0815649
