0.843495,0.0601606,0.808859,-0.243817,0.468874,0.848946,0.867785,0.496316,-0.024889,-0.433016,0.730634,-0.527892
0.888973,0.0418398,0.757821,0.130114,0.395983,-0.908993,-0.986875,-0.036717,-0.157257,-0.0956465,0.917524,0.386008
0.7448,0.127331,0.835106,0.0115618,0.569556,-0.821872,-0.861494,0.422942,0.280979,0.507637,0.704789,0.495558
0.843495,0.0930587,0.937715,-0.0730476,0.427704,-0.900963,-0.834353,0.468692,0.290144,0.546369,0.772915,0.322619
0.843495,0.0733179,0.676522,-0.0730476,0.906768,-0.415255,-0.990351,-0.115116,-0.07716,-0.117769,0.405611,0.906427
0.963475,0.0389181,0.890083,-0.237086,0.513909,-0.824432,-0.956148,0.0267783,0.291656,0.171962,0.857427,0.485024
0.7448,0.12746,0.724159,0.0115618,0.816304,-0.577507,-0.983161,0.114617,0.142327,0.182374,0.566137,0.803883
0.815719,0.0732732,0.770101,0.159449,0.241893,-0.957112,-0.969242,0.222472,-0.105244,0.187473,0.944454,0.269925
0.888973,0.0583869,0.896022,0.130114,0.0612082,-0.989608,-0.960072,0.257077,-0.11033,0.247653,0.96445,0.0922137
0.978025,0.0256532,0.728214,0.0849513,0.488635,-0.868343,-0.890198,-0.35426,-0.286439,-0.447583,0.797331,0.404887
0.978025,0.0330502,0.873736,0.0849513,0.162176,-0.983098,-0.989595,-0.101259,-0.102217,-0.116124,0.981553,0.151886
0.707075,0.162497,0.821764,-0.00571403,0.96589,-0.258891,-0.859878,0.127414,0.494344,0.510468,0.225439,0.829819
0.815719,0.098896,0.644586,0.159449,0.554657,-0.816659,-0.974909,-0.0416943,-0.218664,-0.155333,0.831034,0.534092
0.888973,0.0735579,0.622296,0.130114,0.682996,-0.71874,-0.894646,-0.231612,-0.382053,-0.427409,0.692728,0.580904
0.819306,0.135585,0.988854,-0.133187,0.734339,-0.665589,-0.566127,0.494856,0.659255,0.813487,0.464612,0.349821
0.815719,0.0921243,0.89681,0.159449,-0.100047,-0.982124,-0.84667,0.49774,-0.188161,0.507667,0.861537,-0.00534269
0.707075,0.193637,0.914841,-0.00571403,0.819093,-0.573632,-0.63343,0.440914,0.635894,0.773779,0.366989,0.516319
0.767099,0.105249,0.759304,0.159449,0.0250551,-0.986888,-0.904112,0.405146,-0.135789,0.396431,0.913909,0.0872528
0.7448,0.165155,0.939406,0.0115618,0.254111,-0.967106,-0.635917,0.748256,0.189004,0.771671,0.612814,0.170244
0.767099,0.132636,0.645376,0.159449,0.36108,-0.918802,-0.985175,0.117877,-0.124643,0.0632991,0.925055,0.374522
0.950254,0.029879,0.724501,0.462836,0.0116052,-0.886368,-0.834213,-0.332456,-0.439955,-0.299784,0.943047,-0.144192
0.911277,0.0379845,0.727665,0.451609,-0.109453,-0.885477,-0.884541,-0.184822,-0.428286,-0.116778,0.976658,-0.180283
0.679296,0.19956,0.725854,0.0115629,0.656226,-0.754476,-0.911954,0.316395,0.261217,0.41013,0.685027,0.602106
0.7448,0.165528,0.619948,0.0115618,0.964594,-0.263487,-0.986245,-0.0324504,-0.162073,-0.164885,0.261736,0.950951
0.963475,0.100878,1.02131,-0.237086,0.200944,-0.95048,-0.839671,0.449691,0.304517,0.488613,0.870287,0.0621111
1.07214,0.0279661,0.840382,0.0597327,0.1992,-0.978137,-0.832471,-0.530785,-0.158933,-0.550839,0.823764,0.134123
0.679296,0.195662,0.812039,0.0115629,0.358605,-0.933418,-0.716684,0.653934,0.242353,0.697303,0.666163,0.264568
0.997638,0.0257034,0.71687,0.49086,0.100209,-0.865456,-0.719934,-0.512788,-0.467699,-0.490663,0.852647,-0.179564
0.950254,0.0357513,0.868802,0.462836,-0.29225,-0.836883,-0.886436,-0.148743,-0.438299,0.0036126,0.944704,-0.327905
0.978025,0.0684738,0.588938,0.0849513,0.756157,-0.648852,-0.68343,-0.429654,-0.590187,-0.725056,0.493583,0.480281
0.885407,0.046229,0.724879,0.451609,-0.261061,-0.853168,-0.891403,-0.0912047,-0.44394,0.0380824,0.961004,-0.273899
1.07214,0.0322834,0.695133,0.0597327,0.521729,-0.851017,-0.593869,-0.666678,-0.4504,-0.802341,0.532296,0.270016
0.997638,0.0292174,0.863059,0.49086,-0.201838,-0.847536,-0.844334,-0.350089,-0.405633,-0.214841,0.914713,-0.342263
0.911277,0.04445,0.869003,0.451609,-0.405703,-0.794641,-0.871137,-0.00804763,-0.490974,0.192795,0.91397,-0.357057
0.955743,0.114495,1.03768,-0.397364,0.580155,-0.711001,-0.511818,0.502978,0.696459,0.761672,0.640651,0.0970689
0.978025,0.0897725,1.00795,0.0849513,-0.183844,-0.979278,-0.969632,0.210967,-0.12372,0.22934,0.960049,-0.160339
0.843495,0.168044,1.04755,-0.0730476,0.0937628,-0.992911,-0.597166,0.793265,0.118843,0.798785,0.601614,-0.00195409
0.767099,0.118479,0.875728,0.159449,-0.313991,-0.935941,-0.714,0.618042,-0.328981,0.681748,0.720717,-0.125643
0.888973,0.121203,1.02023,0.130114,-0.280949,-0.950862,-0.81747,0.512301,-0.263229,0.561081,0.811551,-0.16301
0.911277,0.0802492,0.59264,0.451609,0.199999,-0.869511,-0.791256,-0.360534,-0.493892,-0.412267,0.911052,-0.00457041
1.09027,0.0662952,0.958034,-0.432508,0.165322,-0.886344,-0.900146,-0.135555,0.413959,-0.0517121,0.976879,0.207442
0.679296,0.2327,0.6462,0.0115629,0.874697,-0.484533,-0.997229,0.0457001,0.0587016,0.0734893,0.482512,0.872801
0.950254,0.0737146,0.586895,0.462836,0.314061,-0.828944,-0.681372,-0.472124,-0.559313,-0.567023,0.82369,-0.00452386
0.885407,0.0512446,0.863565,0.451609,-0.537118,-0.712428,-0.82462,0.0536052,-0.563142,0.340663,0.841802,-0.418709
1.04771,0.0274094,0.708342,0.544356,0.159803,-0.823493,-0.530214,-0.695175,-0.485391,-0.650038,0.700853,-0.293692
1.04771,0.0279037,0.854462,0.544356,-0.131485,-0.828486,-0.720565,-0.578962,-0.381562,-0.429492,0.804683,-0.409905
0.815719,0.165902,0.535404,0.159449,0.800521,-0.577705,-0.862988,-0.171152,-0.475352,-0.479404,0.574346,0.663549
0.875765,0.0507563,0.717447,0.462837,-0.43326,-0.773349,-0.872316,-0.0674757,-0.484265,0.15763,0.89874,-0.40917
0.885407,0.0889492,0.592842,0.451609,0.0464839,-0.891004,-0.850669,-0.278757,-0.445708,-0.269092,0.959236,-0.0863469
0.748979,0.122808,0.73048,0.130116,-0.257094,-0.957587,-0.831237,0.49818,-0.2467,0.540476,0.828082,-0.148885
0.707075,0.254733,0.991654,-0.00571403,0.573502,-0.819184,-0.330582,0.772055,0.542814,0.94376,0.273909,0.185178
0.748979,0.158994,0.624296,0.130116,0.0859242,-0.987769,-0.965961,0.235635,-0.106746,0.223581,0.968036,0.113659
1.07214,0.0735873,0.978349,0.0597327,-0.147356,-0.987278,-0.970665,-0.239333,-0.0230061,-0.232898,0.959691,-0.157329
0.632586,0.281649,0.824568,-0.00571277,0.876316,-0.481704,-0.713382,0.333994,0.616063,0.700752,0.347158,0.62324
0.632586,0.276076,0.767038,-0.00571277,0.98822,-0.152936,-0.910031,0.0582562,0.410426,0.4145,0.141521,0.898978
0.767099,0.197337,0.547686,0.159449,0.653553,-0.739895,-0.947411,-0.109349,-0.300758,-0.277468,0.74894,0.601747
0.997638,0.0724009,0.578295,0.49086,0.390169,-0.778989,-0.5087,-0.597528,-0.619826,-0.707305,0.70052,-0.0948237
0.888973,0.149716,0.505792,0.130114,0.88763,-0.441796,-0.69451,-0.236415,-0.679532,-0.70762,0.395248,0.585706
0.819306,0.225496,1.08106,-0.133187,0.462408,-0.876607,-0.253756,0.839094,0.481174,0.958055,0.286531,0.00558283
0.815719,0.153176,1.00943,0.159449,-0.429919,-0.888676,-0.621977,0.655309,-0.428619,0.766629,0.621079,-0.162912
0.875765,0.0957457,0.587406,0.462837,-0.14263,-0.874894,-0.873621,-0.240656,-0.422931,-0.150226,0.960074,-0.235989
0.679296,0.221476,0.894359,0.0115629,0.0177305,-0.999776,-0.434971,0.900378,0.010937,0.90037,0.434747,0.0181232
0.707093,0.264194,0.999688,0.10645,0.960111,-0.258565,-0.317674,0.279253,0.906146,0.942206,-0.0143204,0.334728
0.875765,0.0529566,0.855032,0.462837,-0.671632,-0.578526,-0.765796,0.0257634,-0.642567,0.446474,0.740437,-0.502409
0.883514,0.0494487,0.708842,0.490861,-0.602677,-0.629155,-0.837077,-0.126008,-0.532376,0.241572,0.787973,-0.56634
0.950254,0.0906232,1.00239,0.462836,-0.560856,-0.686457,-0.831742,-0.00694558,-0.555119,0.306574,0.827884,-0.469702
0.997638,0.0825191,0.99923,0.49086,-0.47954,-0.727391,-0.866894,-0.185558,-0.462669,0.086895,0.857677,-0.506794
0.632586,0.306563,0.876724,-0.00571277,0.658715,-0.752371,-0.430689,0.677403,0.596349,0.902482,0.327445,0.279831
0.654882,0.255886,0.68081,-0.0730442,0.401284,-0.913037,-0.818086,0.499517,0.284988,0.570438,0.767759,0.291798
1.07214,0.0860186,0.56012,0.0597327,0.78133,-0.621253,-0.283637,-0.583426,-0.761028,-0.957069,0.221669,0.186765
0.748979,0.125121,0.842637,0.130116,-0.569104,-0.811906,-0.596254,0.60934,-0.522672,0.792181,0.55211,-0.260045
0.7448,0.236371,1.02448,0.0115618,-0.091984,-0.995693,-0.33364,0.938341,-0.0905598,0.94263,0.33325,-0.0198406
0.911277,0.0988659,0.999605,0.451609,-0.653019,-0.60796,-0.752661,0.087074,-0.652625,0.479114,0.752319,-0.452179
1.04771,0.0769208,0.570865,0.544356,0.431817,-0.719174,-0.275912,-0.717458,-0.63963,-0.79218,0.546615,-0.271409
1.04771,0.0783442,0.9916,0.544356,-0.406914,-0.733551,-0.824004,-0.423198,-0.376723,-0.157143,0.809521,-0.565669
0.883514,0.0974599,0.578873,0.490861,-0.351148,-0.79734,-0.869218,-0.259664,-0.420755,-0.0592936,0.899594,-0.432683
0.654882,0.233185,0.750447,-0.0730442,0.0648063,-0.995221,-0.573648,0.813565,0.0950802,0.815838,0.577852,-0.0222501
0.748979,0.229315,0.536893,0.130116,0.418579,-0.898811,-0.984176,-0.0554462,-0.168295,-0.120281,0.906486,0.404741
0.883514,0.048785,0.847394,0.490861,-0.781515,-0.385084,-0.703973,-0.0953694,-0.703795,0.513301,0.616554,-0.596978
0.763543,0.117735,0.697113,0.0849542,-0.588266,-0.804193,-0.775862,0.467345,-0.423824,0.625156,0.659949,-0.416711
0.654882,0.301035,0.623137,-0.0730442,0.68936,-0.720727,-0.963851,0.136872,0.228599,0.256234,0.711371,0.654443
0.679296,0.291085,0.582684,0.0115629,0.987666,-0.156148,-0.962224,-0.03149,-0.270433,-0.272015,0.153376,0.949991
0.90772,0.0429181,0.70309,0.544356,-0.728581,-0.415748,-0.785859,-0.269562,-0.556562,0.29343,0.629688,-0.7193
0.963475,0.203981,1.12342,-0.237086,-0.136258,-0.961886,-0.621917,0.781928,0.0425248,0.746331,0.608295,-0.270125
0.763543,0.16564,0.591206,0.0849542,-0.277739,-0.956893,-0.942888,0.288041,-0.167315,0.322094,0.916457,-0.237407
0.767099,0.17073,0.980605,0.159449,-0.615166,-0.772105,-0.437769,0.656949,-0.613821,0.884836,0.435877,-0.16455
0.911277,0.166146,0.480213,0.451609,0.485328,-0.74867,-0.602534,-0.452967,-0.657095,-0.658029,0.747849,0.0878622
0.885407,0.103391,0.992172,0.451609,-0.74839,-0.485758,-0.658375,0.0879146,-0.747538,0.602155,0.657406,-0.453019
1.09027,0.149844,1.0758,-0.432508,-0.147796,-0.889434,-0.863547,0.351575,0.361499,0.259275,0.92442,-0.279688
0.978025,0.156347,0.472707,0.0849513,0.932476,-0.351101,-0.394231,-0.292163,-0.871334,-0.915077,0.212436,0.342791
0.632604,0.322235,0.895624,0.106452,0.973038,0.20461,-0.710168,-0.069625,0.700581,0.695938,-0.219886,0.683608
0.885407,0.174253,0.483379,0.451609,0.348422,-0.821372,-0.707333,-0.421294,-0.567619,-0.54381,0.837325,0.05619
0.955743,0.222378,1.13415,-0.397364,0.301991,-0.866547,-0.220445,0.885234,0.409591,0.89079,0.353782,-0.285188
0.950254,0.161971,0.472579,0.462836,0.578636,-0.671538,-0.446347,-0.502394,-0.740523,-0.76587,0.64248,0.0257462
0.819324,0.28663,1.11672,-0.0373106,0.764541,-0.643495,0.157989,0.640358,0.751653,0.986736,-0.0736208,-0.144681
0.978025,0.188979,1.11467,0.0849513,-0.507689,-0.857342,-0.832717,0.436323,-0.340887,0.547143,0.742882,-0.385695
0.90772,0.0932904,0.571234,0.544356,-0.542448,-0.639865,-0.838825,-0.345674,-0.420573,0.00695429,0.765676,-0.643188
0.90772,0.040681,0.844223,0.544356,-0.826836,-0.141486,-0.638107,-0.29867,-0.709659,0.544514,0.476591,-0.690193
0.875765,0.182498,0.480595,0.462837,0.165203,-0.870913,-0.769555,-0.412745,-0.487264,-0.439962,0.89574,-0.0639008
0.632604,0.369003,0.929613,0.106452,0.984337,-0.140528,-0.429314,0.172979,0.886435,0.89686,-0.0340318,0.441004
1.07214,0.163645,1.09239,0.0597327,-0.476138,-0.877339,-0.991783,0.0713047,-0.106222,0.113135,0.876475,-0.467966
