0.843495,0.0730666,0.847649,-0.243817,0.540271,0.805395,0.867785,0.492327,-0.0675561,-0.433016,0.682438,-0.588877
0.888973,0.0504169,0.798379,0.130114,0.316197,-0.939729,-0.991446,0.0316771,-0.126616,-0.0102677,0.948165,0.317614
0.7448,0.142248,0.868011,0.0115618,0.49663,-0.867885,-0.814556,0.508093,0.279895,0.57997,0.703705,0.410408
0.843495,0.0747737,0.71467,-0.0730476,0.86762,-0.491832,-0.996815,-0.0793417,0.00808482,-0.0320083,0.490856,0.870652
0.843495,0.116944,0.973192,-0.0730476,0.348492,-0.934461,-0.784179,0.558853,0.269715,0.61622,0.752487,0.232457
0.963475,0.0331594,0.787587,-0.237086,0.710443,-0.662617,-0.967993,-0.230565,0.0991435,-0.0823406,0.664914,0.742367
0.963475,0.0589009,0.930401,-0.237086,0.44097,-0.865642,-0.937778,0.12881,0.32246,0.253698,0.888231,0.382993
0.7448,0.132819,0.757466,0.0115618,0.763514,-0.645688,-0.963793,0.180543,0.196231,0.266399,0.620041,0.737957
0.815719,0.0827913,0.807905,0.159449,0.158534,-0.974394,-0.949487,0.294857,-0.1074,0.27028,0.942298,0.197541
0.888973,0.0788089,0.93464,0.130114,-0.024278,-0.991202,-0.935166,0.329166,-0.130821,0.329446,0.94396,0.0201252
0.978025,0.0317397,0.770277,0.0849513,0.412007,-0.907212,-0.925449,-0.304773,-0.225071,-0.369224,0.858699,0.355401
0.978025,0.0516465,0.91462,0.0849513,0.0768751,-0.993415,-0.99592,-0.0239033,-0.0870152,-0.0304352,0.996754,0.0745309
0.707075,0.176134,0.851689,-0.00571403,0.939994,-0.341144,-0.812702,0.194409,0.549291,0.582652,0.280387,0.762824
0.815719,0.0975052,0.680649,0.159449,0.482236,-0.861409,-0.984667,0.0151415,-0.173787,-0.0707636,0.875911,0.477256
0.888973,0.070341,0.660625,0.130114,0.618534,-0.77491,-0.928143,-0.198915,-0.314617,-0.348743,0.760163,0.548206
0.819306,0.163718,1.02048,-0.133187,0.674265,-0.72638,-0.493937,0.590245,0.638464,0.859237,0.443821,0.254432
0.815719,0.112489,0.932518,0.159449,-0.184289,-0.969852,-0.799784,0.551804,-0.236341,0.578724,0.813357,-0.0594068
0.707075,0.215178,0.941737,-0.00571403,0.766627,-0.642067,-0.564411,0.527554,0.634922,0.825474,0.366018,0.429678
0.767099,0.113718,0.794393,0.159449,-0.0600623,-0.985377,-0.866596,0.469575,-0.168851,0.47285,0.880847,0.0228236
0.7448,0.188918,0.968664,0.0115618,0.169846,-0.985403,-0.56707,0.812788,0.13344,0.823588,0.55725,0.105712
0.767099,0.131188,0.67853,0.159449,0.280579,-0.946494,-0.976058,0.188484,-0.108556,0.14794,0.941143,0.303915
0.950254,0.0356299,0.766214,0.462836,-0.0648021,-0.884072,-0.856939,-0.287877,-0.42753,-0.226799,0.955472,-0.188771
0.911277,0.0439778,0.768667,0.451609,-0.185333,-0.872755,-0.891313,-0.13772,-0.431967,-0.0401376,0.972977,-0.227385
0.679296,0.204797,0.752943,0.0115629,0.588785,-0.808207,-0.873229,0.399735,0.278717,0.487173,0.702527,0.518766
0.7448,0.161767,0.650362,0.0115618,0.938307,-0.345611,-0.996783,-0.0165966,-0.0784043,-0.0793033,0.345406,0.935097
0.963475,0.131935,1.0558,-0.237086,0.118309,-0.964258,-0.794453,0.547652,0.262529,0.559137,0.8283,-0.0358497
1.07214,0.0437077,0.881828,0.0597327,0.114189,-0.991662,-0.876833,-0.468784,-0.106796,-0.47707,0.875901,0.0721229
0.679296,0.208338,0.839143,0.0115629,0.276854,-0.960843,-0.653944,0.729025,0.202189,0.756455,0.625999,0.189476
0.997638,0.0308124,0.75897,0.49086,0.0252739,-0.870872,-0.75953,-0.477273,-0.441955,-0.426814,0.878391,-0.215078
0.950254,0.0539125,0.909472,0.462836,-0.363264,-0.808592,-0.882829,-0.106606,-0.457436,0.0799692,0.925567,-0.370042
0.978025,0.0624019,0.627829,0.0849513,0.697445,-0.711586,-0.743356,-0.431192,-0.511367,-0.66348,0.572403,0.481819
0.885407,0.0519517,0.765182,0.451609,-0.333594,-0.827505,-0.884807,-0.0481793,-0.463459,0.114739,0.941485,-0.316925
1.07214,0.0354952,0.736747,0.0597327,0.446471,-0.892802,-0.660786,-0.652696,-0.370609,-0.748194,0.612088,0.256034
0.997638,0.0469081,0.904313,0.49086,-0.274106,-0.826996,-0.859704,-0.306334,-0.40874,-0.141299,0.911606,-0.386017
0.911277,0.062596,0.908922,0.451609,-0.472656,-0.756733,-0.851288,0.025669,-0.524071,0.26713,0.880873,-0.390774
0.955743,0.146913,1.07094,-0.397364,0.516742,-0.75834,-0.444294,0.614734,0.651694,0.802935,0.595886,-0.0146872
0.978025,0.119721,1.04345,0.0849513,-0.267529,-0.959798,-0.946268,0.279996,-0.161798,0.312025,0.921971,-0.229368
0.843495,0.201113,1.07616,-0.0730476,0.00787096,-0.997297,-0.526127,0.849202,0.0452386,0.847263,0.52801,-0.057891
0.767099,0.136929,0.909244,0.159449,-0.393459,-0.905409,-0.65261,0.646146,-0.395722,0.740727,0.653976,-0.153748
0.888973,0.152093,1.05297,0.130114,-0.361825,-0.923121,-0.766092,0.554353,-0.325264,0.629424,0.749517,-0.205062
0.911277,0.0744524,0.630503,0.451609,0.124343,-0.883509,-0.823832,-0.322086,-0.466435,-0.342564,0.938509,-0.0430189
1.09027,0.0920305,0.995741,-0.432508,0.0883449,-0.897292,-0.901254,-0.0136285,0.433076,0.0260313,0.995997,0.0855157
0.679296,0.230951,0.67073,0.0115629,0.8297,-0.55809,-0.98719,0.0982936,0.125678,0.159131,0.549487,0.820208
0.950254,0.0674472,0.625342,0.462836,0.241476,-0.85292,-0.72769,-0.445961,-0.52114,-0.506212,0.861863,-0.030687
0.885407,0.068897,0.90292,0.451609,-0.596499,-0.663504,-0.792204,0.0740179,-0.605751,0.410441,0.799193,-0.439122
1.04771,0.0317773,0.750327,0.544356,0.088262,-0.834198,-0.584246,-0.673701,-0.45253,-0.601941,0.733714,-0.315166
1.04771,0.0448586,0.895861,0.544356,-0.202374,-0.814077,-0.754888,-0.541389,-0.370191,-0.365816,0.816053,-0.447478
0.815719,0.154856,0.5661,0.159449,0.747773,-0.644525,-0.901082,-0.156459,-0.404441,-0.403272,0.645257,0.648857
0.875765,0.0558218,0.757386,0.462837,-0.498276,-0.733146,-0.855492,-0.034436,-0.51667,0.232198,0.866334,-0.442209
0.885407,0.0831375,0.629955,0.451609,-0.0304525,-0.891696,-0.87069,-0.233251,-0.433005,-0.194803,0.97194,-0.131853
0.819324,0.213489,1.07079,-0.0373106,0.905464,-0.42278,-0.103779,0.417276,0.902835,0.9939,0.0775612,0.0783996
0.748979,0.128728,0.764164,0.130116,-0.338638,-0.931877,-0.781583,0.543279,-0.306555,0.610081,0.768226,-0.193985
0.707075,0.282665,1.013,-0.00571403,0.500794,-0.865548,-0.248044,0.837801,0.486378,0.968732,0.217473,0.119432
0.748979,0.155632,0.655257,0.130116,0.000504572,-0.991499,-0.943107,0.308658,-0.123608,0.305971,0.951173,0.0406372
1.07214,0.101046,1.01535,0.0597327,-0.231866,-0.970912,-0.987121,-0.158325,-0.02292,-0.148405,0.959777,-0.238337
0.632586,0.295085,0.844218,-0.00571277,0.831557,-0.555411,-0.650357,0.418818,0.63374,0.759607,0.364836,0.538416
0.632586,0.284577,0.787381,-0.00571277,0.971369,-0.237506,-0.870937,0.111872,0.478491,0.491362,0.209586,0.845362
0.767099,0.187232,0.575629,0.159449,0.587378,-0.79345,-0.967793,-0.0656017,-0.243049,-0.194813,0.80665,0.558
0.997638,0.0653975,0.616888,0.49086,0.321605,-0.809707,-0.567746,-0.58687,-0.577276,-0.660848,0.74307,-0.105481
0.888973,0.136178,0.537993,0.130114,0.846267,-0.516626,-0.752892,-0.254714,-0.606857,-0.645155,0.467924,0.604005
0.819306,0.261239,1.10459,-0.133187,0.385165,-0.913186,-0.170273,0.898802,0.403933,0.976355,0.209289,-0.0541253
0.815719,0.183016,1.03946,0.159449,-0.504884,-0.848333,-0.553616,0.665755,-0.500278,0.817365,0.54942,-0.173358
0.875765,0.0894404,0.623953,0.462837,-0.217476,-0.859352,-0.883316,-0.194516,-0.426517,-0.0744011,0.956487,-0.282129
0.679296,0.241148,0.918933,0.0115629,-0.0684701,-0.997586,-0.355783,0.932084,-0.0680982,0.934497,0.355712,-0.0135829
0.707093,0.292783,1.02019,0.10645,0.934264,-0.340321,-0.235318,0.356214,0.904288,0.966071,-0.0161784,0.257768
0.875765,0.0698675,0.894271,0.462837,-0.718977,-0.518512,-0.724483,0.0302436,-0.688629,0.51079,0.694376,-0.506889
0.883514,0.0537778,0.748927,0.490861,-0.654641,-0.574892,-0.813152,-0.107337,-0.572068,0.312792,0.748281,-0.58501
0.950254,0.12009,1.03784,0.462836,-0.617912,-0.635584,-0.802237,0.0130321,-0.596863,0.377092,0.786139,-0.48968
0.997638,0.111743,1.03539,0.49086,-0.540425,-0.683372,-0.856184,-0.154038,-0.493174,0.161258,0.827172,-0.538314
0.632586,0.3244,0.894033,-0.00571277,0.591446,-0.806324,-0.351335,0.753744,0.555367,0.936232,0.286463,0.20349
0.654882,0.257032,0.703213,-0.0730442,0.32113,-0.944214,-0.765899,0.588336,0.259345,0.638798,0.742116,0.202979
1.07214,0.0773986,0.597606,0.0597327,0.724902,-0.686258,-0.365038,-0.624005,-0.690916,-0.929074,0.29178,0.227343
1.07214,0.0773986,0.597606,0.0597327,0.724902,-0.686258,-0.365038,-0.624005,-0.690916,-0.929074,0.29178,0.227343
0.748979,0.140695,0.875704,0.130116,-0.636937,-0.759856,-0.525788,0.605414,-0.597513,0.840605,0.477269,-0.256119
0.7448,0.267198,1.04729,0.0115618,-0.177425,-0.984066,-0.251188,0.95206,-0.174605,0.967869,0.249205,-0.0335595
0.911277,0.128062,1.03435,0.451609,-0.702969,-0.549439,-0.708585,0.0916285,-0.699651,0.542178,0.705293,-0.456733
1.04771,0.0692604,0.609096,0.544356,0.368252,-0.753703,-0.343136,-0.722131,-0.600653,-0.765464,0.585591,-0.266736
1.04771,0.0692604,0.609096,0.544356,0.368252,-0.753703,-0.343136,-0.722131,-0.600653,-0.765464,0.585591,-0.266736
1.04771,0.106927,1.02814,0.544356,-0.4686,-0.695767,-0.834479,-0.387107,-0.392165,-0.0855677,0.79408,-0.60176
0.883514,0.090413,0.615304,0.490861,-0.418536,-0.764122,-0.871094,-0.219848,-0.43916,0.0158134,0.881189,-0.472499
0.654882,0.240415,0.774547,-0.0730442,-0.0211768,-0.997104,-0.501228,0.865121,0.0183444,0.862227,0.501116,-0.0738065
0.748979,0.218161,0.56212,0.130116,0.339587,-0.931531,-0.990879,0.0113311,-0.134275,-0.0350427,0.940507,0.337964
0.883514,0.0650533,0.88702,0.490861,-0.811786,-0.316322,-0.657132,-0.106581,-0.746202,0.572042,0.574147,-0.585767
0.632586,0.294141,0.730377,-0.00571277,0.99402,0.109045,-0.986469,-0.0234697,0.162262,0.163851,-0.106643,0.980704
0.763543,0.1208,0.731358,0.0849542,-0.655363,-0.750521,-0.719118,0.48105,-0.501458,0.689675,0.582314,-0.430416
0.654882,0.297044,0.641865,-0.0730442,0.624704,-0.777438,-0.938191,0.221395,0.266047,0.338321,0.748819,0.56992
0.679296,0.283646,0.60242,0.0115629,0.970541,-0.240659,-0.982081,-0.0342524,-0.18532,-0.188104,0.238489,0.952754
0.90772,0.0467759,0.743759,0.544356,-0.76169,-0.351432,-0.757657,-0.266624,-0.595707,0.360044,0.590542,-0.722238
0.963475,0.243454,1.14865,-0.237086,-0.218622,-0.94657,-0.555305,0.829981,-0.0526074,0.797136,0.513163,-0.318179
0.763543,0.159402,0.621718,0.0849542,-0.359147,-0.929407,-0.911633,0.348442,-0.217977,0.40213,0.865795,-0.297808
0.767099,0.198022,1.00923,0.159449,-0.679399,-0.716235,-0.359909,0.635578,-0.683013,0.919261,0.366685,-0.143179
0.911277,0.150344,0.511093,0.451609,0.419022,-0.787699,-0.656985,-0.441163,-0.611347,-0.603672,0.793596,0.0760582
0.885407,0.131929,1.02656,0.451609,-0.787458,-0.419475,-0.604049,0.0761632,-0.793299,0.656638,0.611645,-0.441267
1.09027,0.185415,1.10587,-0.432508,-0.223875,-0.873394,-0.837999,0.457264,0.297771,0.332709,0.860691,-0.385377
0.978025,0.139935,0.50446,0.0849513,0.89876,-0.430132,-0.471602,-0.344006,-0.811943,-0.87771,0.271827,0.394634
0.978025,0.139935,0.50446,0.0849513,0.89876,-0.430132,-0.471602,-0.344006,-0.811943,-0.87771,0.271827,0.394634
0.632604,0.341641,0.911512,0.106452,0.987048,0.120019,-0.647569,-0.0227743,0.761666,0.754534,-0.158801,0.636758
0.885407,0.158693,0.513549,0.451609,0.276362,-0.848335,-0.751554,-0.3946,-0.528637,-0.480848,0.876308,0.0294961
0.955743,0.262706,1.15776,-0.397364,0.226212,-0.889343,-0.14288,0.94207,0.303463,0.90647,0.247655,-0.342023
0.950254,0.145527,0.503848,0.462836,0.518629,-0.718892,-0.51067,-0.50689,-0.694463,-0.724568,0.688539,0.0302416
0.819324,0.325217,1.13485,-0.0373106,0.706258,-0.70697,0.242413,0.692728,0.679237,0.969455,-0.146036,-0.197052
