0.888973,0.0049847,0.964579,-0.556576,0.560993,0.612789,0.766112,0.631905,0.117341,-0.321397,0.534774,-0.781487
0.815719,0.0382852,0.970048,0.159449,0.0374253,-0.986497,-0.909011,0.395341,-0.131926,0.385065,0.917772,0.0970565
0.978025,-0.0170087,0.938988,0.0849513,0.297238,-0.951017,-0.963851,-0.217398,-0.154045,-0.252537,0.929724,0.268025
0.843495,0.0335252,1.01069,-0.0730476,0.548774,-0.832773,-0.902193,0.319554,0.289713,0.425103,0.772485,0.471757
0.950254,-0.013648,0.934477,0.462836,-0.173099,-0.869379,-0.878335,-0.221904,-0.423422,-0.119624,0.959581,-0.254744
0.911277,-0.00506167,0.935885,0.451609,-0.291322,-0.843315,-0.889478,-0.0730091,-0.451109,0.0698481,0.953835,-0.292096
0.888973,0.0499286,1.09631,0.130114,-0.146066,-0.980681,-0.887519,0.423787,-0.180874,0.442019,0.893907,-0.0744957
0.888973,0.00780608,0.82542,0.130114,0.518476,-0.845135,-0.964003,-0.133192,-0.230126,-0.23188,0.844655,0.482483
0.997638,-0.0193203,0.927882,0.49086,-0.0820835,-0.867363,-0.806279,-0.420006,-0.416544,-0.330106,0.903802,-0.272346
0.978025,0.020509,1.07979,0.0849513,-0.045954,-0.995325,-0.992096,0.0886846,-0.0887703,0.0923493,0.994999,-0.0380569
0.815719,0.0372278,0.841949,0.159449,0.37257,-0.914203,-0.985891,0.107882,-0.127986,0.0509426,0.921712,0.384515
0.963475,-0.0134697,0.955992,-0.237086,0.623505,-0.745005,-0.970768,-0.122526,0.206388,0.0374018,0.772159,0.634328
0.885407,0.00242272,0.931445,0.451609,-0.432887,-0.780165,-0.863963,0.00612763,-0.503517,0.222747,0.901427,-0.371232
0.843495,0.0188555,0.878509,-0.0730476,0.800504,-0.594859,-0.993178,-0.0040257,0.116543,0.0908982,0.599314,0.795336
0.767099,0.0673142,0.952834,0.159449,-0.180862,-0.970497,-0.801823,0.549759,-0.23419,0.575895,0.815509,-0.0573604
0.950254,0.0221242,1.0744,0.462836,-0.460005,-0.757745,-0.866279,-0.0534272,-0.496695,0.187998,0.886307,-0.423221
0.997638,0.0145383,1.07014,0.49086,-0.373789,-0.78698,-0.870558,-0.246131,-0.426086,-0.0344342,0.89426,-0.446221
0.963475,0.0296502,1.09455,-0.237086,0.331096,-0.913327,-0.899432,0.280508,0.335168,0.367169,0.900939,0.231294
0.7448,0.104687,1.02238,0.0115618,0.386058,-0.922402,-0.736996,0.626731,0.253071,0.675798,0.676881,0.29177
0.815719,0.0830914,1.09006,0.159449,-0.302233,-0.939804,-0.722491,0.613014,-0.319719,0.672743,0.729979,-0.120617
1.04771,-0.0194263,0.919186,0.544356,-0.0150613,-0.838719,-0.653878,-0.633934,-0.413004,-0.525472,0.773241,-0.354934
0.911277,0.0306742,1.07278,0.451609,-0.562184,-0.692819,-0.811946,0.0629357,-0.58033,0.369855,0.824614,-0.428041
0.7448,0.0817259,0.913837,0.0115618,0.678256,-0.734735,-0.923687,0.288667,0.251942,0.382974,0.675752,0.629833
0.911277,0.00817949,0.795021,0.451609,0.014678,-0.892095,-0.859725,-0.26021,-0.439504,-0.238584,0.96544,-0.104894
0.875765,0.00530413,0.923233,0.462837,-0.584706,-0.666259,-0.820417,0.00209026,-0.571762,0.335706,0.811242,-0.478736
1.07214,-0.0174078,0.905251,0.0597327,0.333214,-0.940957,-0.747833,-0.609446,-0.263291,-0.661195,0.719406,0.212784
0.767099,0.0703937,0.835701,0.159449,0.161975,-0.973827,-0.950435,0.291907,-0.107067,0.266925,0.942632,0.200491
0.950254,0.00059242,0.790761,0.462836,0.134685,-0.876152,-0.784451,-0.398064,-0.475586,-0.412819,0.907417,-0.0785845
0.978025,-0.00410839,0.79385,0.0849513,0.60458,-0.792002,-0.819351,-0.409913,-0.400794,-0.566963,0.682975,0.46054
0.843495,0.0925177,1.12988,-0.0730476,0.230853,-0.970243,-0.70239,0.678742,0.214377,0.708034,0.697148,0.112568
1.07214,0.00859537,1.04822,0.0597327,-0.00870802,-0.998176,-0.928875,-0.366671,-0.0523868,-0.365546,0.93031,-0.0299909
0.885407,0.0167311,0.793408,0.451609,-0.139949,-0.881172,-0.888044,-0.165901,-0.428783,-0.0861794,0.976161,-0.199203
1.04771,0.0114643,1.062,0.544356,-0.301012,-0.782987,-0.794166,-0.485519,-0.365474,-0.270143,0.82077,-0.503348
0.885407,0.0361886,1.06605,0.451609,-0.673613,-0.585059,-0.735676,0.0898708,-0.671345,0.504806,0.7336,-0.454975
0.997638,-0.00248199,0.782623,0.49086,0.219522,-0.843129,-0.644752,-0.559334,-0.520999,-0.585962,0.799347,-0.133018
0.883514,0.00223463,0.915089,0.490861,-0.720409,-0.489966,-0.768482,-0.0930515,-0.63307,0.410477,0.687279,-0.599296
0.875765,0.0222476,0.786676,0.462837,-0.32157,-0.82606,-0.885758,-0.131123,-0.445241,0.0348609,0.937763,-0.345522
0.819306,0.068531,1.06724,-0.133187,0.819719,-0.557066,-0.673696,0.337369,0.657508,0.726908,0.462864,0.507308
0.748979,0.0784905,0.920987,0.130116,-0.450737,-0.883123,-0.700569,0.588495,-0.403581,0.701622,0.671201,-0.2392
0.767099,0.104482,1.06396,0.159449,-0.501884,-0.850111,-0.556499,0.665572,-0.497315,0.815404,0.552383,-0.173173
1.09027,0.00419738,1.02709,-0.432508,0.286906,-0.854764,-0.884222,-0.32036,0.339883,-0.176318,0.902804,0.392247
0.875765,0.0360874,1.05735,0.462837,-0.777318,-0.426097,-0.656122,0.0228118,-0.75431,0.596059,0.628694,-0.499457
0.748979,0.0917882,0.809598,0.130116,-0.121508,-0.984025,-0.898288,0.405661,-0.168871,0.4197,0.905911,-0.0563665
1.04771,0.000392674,0.774415,0.544356,0.272706,-0.79329,-0.434722,-0.717075,-0.544812,-0.717422,0.641432,-0.271792
0.7448,0.163387,1.11653,0.0115618,0.0472959,-0.998814,-0.461414,0.886428,0.0366331,0.88711,0.460443,0.0320717
0.679296,0.1526,0.90049,0.0115629,0.484856,-0.874518,-0.806643,0.521367,0.278394,0.590926,0.702204,0.397134
0.883514,0.0221486,0.777974,0.490861,-0.509384,-0.706812,-0.862528,-0.169693,-0.476707,0.122886,0.843642,-0.522654
0.90772,-0.00534995,0.910822,0.544356,-0.799147,-0.255031,-0.707594,-0.274154,-0.651269,0.450541,0.534981,-0.714708
0.815719,0.0800467,0.721213,0.159449,0.662777,-0.731644,-0.943858,-0.114856,-0.309742,-0.289324,0.739956,0.607254
0.978025,0.10392,1.19926,0.0849513,-0.383604,-0.919582,-0.90068,0.365115,-0.235513,0.426097,0.848257,-0.314487
0.679296,0.166722,0.9856,0.0115629,0.156513,-0.987608,-0.555888,0.821993,0.123758,0.831177,0.547568,0.0965082
0.7448,0.0972741,0.803985,0.0115618,0.888646,-0.458448,-0.998966,0.0304206,0.0337734,0.0439589,0.457583,0.888079
1.07214,0.00705527,0.762012,0.0597327,0.634945,-0.770245,-0.476591,-0.659856,-0.580906,-0.877094,0.401791,0.263194
0.883514,0.0304177,1.05075,0.490861,-0.844541,-0.214023,-0.581745,-0.134848,-0.802115,0.648558,0.518234,-0.557499
0.888973,0.137217,1.20473,0.130114,-0.47267,-0.871581,-0.682815,0.594663,-0.424428,0.718911,0.650353,-0.245372
0.888973,0.0580525,0.695619,0.130114,0.776262,-0.616837,-0.826559,-0.258677,-0.499886,-0.547604,0.574895,0.607969
0.707075,0.136307,1.00201,-0.00571403,0.89087,-0.454222,-0.734827,0.304337,0.606143,0.678231,0.337238,0.652896
0.767099,0.113349,0.726686,0.159449,0.485276,-0.8597,-0.984411,0.0126682,-0.175429,-0.0742404,0.874269,0.47973
1.07214,0.0819283,1.17367,0.0597327,-0.349579,-0.935001,-0.997881,-0.0451275,-0.0468775,-0.0258068,0.935819,-0.351534
0.963475,0.11756,1.21001,-0.237086,-0.00124718,-0.971488,-0.71961,0.672028,0.174754,0.652649,0.740524,-0.160226
0.997638,0.0950098,1.19224,0.49086,-0.62041,-0.611676,-0.829834,-0.119069,-0.545159,0.265391,0.775187,-0.573283
0.748979,0.104092,1.03021,0.130116,-0.7256,-0.675703,-0.418351,0.577684,-0.700902,0.898917,0.373879,-0.228389
0.90772,0.0164808,0.77137,0.544356,-0.663726,-0.512975,-0.819015,-0.288315,-0.496074,0.181359,0.690175,-0.700548
0.950254,0.103594,1.19364,0.462836,-0.691428,-0.554717,-0.749737,0.0285341,-0.661121,0.472945,0.721882,-0.505182
0.819306,0.144755,1.17105,-0.133187,0.579756,-0.803831,-0.384449,0.717329,0.581066,0.913488,0.386423,0.127348
0.763543,0.0665853,0.889406,0.0849542,-0.742738,-0.664171,-0.628784,0.477122,-0.61399,0.772925,0.469782,-0.426488
0.90772,0.0218311,1.04933,0.544356,-0.838178,0.033673,-0.510826,-0.363063,-0.779257,0.665382,0.406992,-0.625799
0.707075,0.186134,1.08657,-0.00571403,0.681791,-0.731525,-0.458542,0.648307,0.607813,0.888654,0.338908,0.308926
1.04771,0.0893387,1.18564,0.544356,-0.550656,-0.632815,-0.838666,-0.341275,-0.424464,0.0177696,0.76178,-0.647592
1.09027,0.0705684,1.15532,-0.432508,-0.0227429,-0.901343,-0.891201,0.162391,0.423544,0.136737,0.986464,-0.0905039
0.911277,0.111077,1.1892,0.451609,-0.765238,-0.458759,-0.636482,0.0840139,-0.766702,0.625252,0.638242,-0.449119
0.911277,0.0688006,0.66718,0.451609,0.318907,-0.833275,-0.726277,-0.411075,-0.550944,-0.518238,0.854,0.0459699
0.763543,0.0914024,0.775849,0.0849542,-0.470785,-0.878148,-0.85522,0.417768,-0.306706,0.511255,0.777066,-0.367134
0.679296,0.168439,0.815684,0.0115629,0.754718,-0.655947,-0.960105,0.191676,0.203614,0.279401,0.627424,0.726825
0.885407,0.0773881,0.668589,0.451609,0.16987,-0.875896,-0.805013,-0.345721,-0.482111,-0.384711,0.922833,-0.0193834
0.815719,0.166242,1.18751,0.159449,-0.605438,-0.779757,-0.448828,0.65905,-0.603495,0.879278,0.446203,-0.166653
0.950254,0.0631279,0.660582,0.462836,0.426224,-0.777249,-0.595951,-0.499479,-0.628779,-0.656221,0.754224,0.0228314
0.843495,0.188718,1.2217,-0.0730476,-0.114911,-0.990686,-0.417869,0.905471,-0.074216,0.905566,0.408555,-0.11416
0.885407,0.113956,1.18099,0.451609,-0.833091,-0.319387,-0.518656,0.0461444,-0.853737,0.725979,0.551207,-0.411248
0.978025,0.057654,0.661878,0.0849513,0.839,-0.53746,-0.576025,-0.39878,-0.713561,-0.813006,0.370208,0.449408
0.748979,0.142381,0.709474,0.130116,0.222376,-0.966239,-0.987661,0.114734,-0.106595,0.0871565,0.968186,0.234561
0.875765,0.0848741,0.664151,0.462837,-0.0196484,-0.886226,-0.844263,-0.314496,-0.433949,-0.270188,0.949055,-0.162149
0.679296,0.209101,1.06075,0.0115629,-0.190708,-0.981579,-0.238084,0.952888,-0.187938,0.971176,0.235872,-0.0343864
0.997638,0.0630222,0.651884,0.49086,0.494651,-0.717201,-0.405458,-0.598924,-0.690575,-0.771142,0.629771,-0.093428
0.654882,0.198319,0.844711,-0.0730442,0.202499,-0.976555,-0.68147,0.704799,0.19712,0.728191,0.679892,0.0865155
0.763543,0.0821035,1.0046,0.0849542,-0.925105,-0.370085,-0.326508,0.325072,-0.887536,0.941369,0.196236,-0.274438
0.809034,0.0371682,0.872863,0.0597358,-0.964181,-0.25843,-0.600533,0.172089,-0.780862,0.797366,0.201841,-0.568742
0.654882,0.190606,0.917548,-0.0730442,-0.143715,-0.98692,-0.391317,0.91434,-0.104183,0.917353,0.378588,-0.123025
0.875765,0.110885,1.17285,0.462837,-0.876174,-0.134542,-0.412688,-0.0786544,-0.90747,0.784519,0.475534,-0.397991
0.955743,0.134287,1.22319,-0.397364,0.419497,-0.816164,-0.342112,0.757557,0.555938,0.851505,0.500129,-0.157511
0.883514,0.0877576,0.655939,0.490861,-0.236921,-0.838406,-0.852541,-0.328913,-0.406191,-0.179527,0.914158,-0.363435
0.767099,0.177414,1.15566,0.159449,-0.762372,-0.627188,-0.244054,0.585156,-0.773325,0.956563,0.276374,-0.092757
0.809034,0.0694174,0.750243,0.0597358,-0.817646,-0.572614,-0.837031,0.271522,-0.475031,0.543885,0.507672,-0.668176
0.632586,0.253434,0.979961,-0.00571277,0.756891,-0.653517,-0.551941,0.542575,0.633225,0.833864,0.36432,0.414659
1.04771,0.0685308,0.645154,0.544356,0.527581,-0.652178,-0.163133,-0.69604,-0.699226,-0.822839,0.487019,-0.292827
1.04771,0.0685308,0.645154,0.544356,0.527581,-0.652178,-0.163133,-0.69604,-0.699226,-0.822839,0.487019,-0.292827
0.883514,0.103298,1.16858,0.490861,-0.866809,0.087734,-0.324842,-0.275527,-0.904745,0.808414,0.415604,-0.416821
0.707075,0.261878,1.14899,-0.00571403,0.390478,-0.920595,-0.126951,0.912877,0.387993,0.991892,0.119088,0.0443555
0.7448,0.250748,1.18492,0.0115618,-0.297171,-0.954754,-0.130178,0.946245,-0.296099,0.991423,0.127711,-0.0277447
0.763543,0.153562,0.677629,0.0849542,-0.142049,-0.986207,-0.978503,0.174781,-0.109465,0.18792,0.974307,-0.124147
0.90772,0.0846902,0.647795,0.544356,-0.448251,-0.709047,-0.831651,-0.39892,-0.386291,-0.109698,0.799959,-0.589942
