0.843495,0.0781919,0.832241,-0.243817,0.494001,0.834576,0.867785,0.495353,-0.0396895,-0.433016,0.714555,-0.549462
0.888973,0.0583561,0.781773,0.130114,0.368679,-0.920405,-0.98929,-0.0136619,-0.145324,-0.0661526,0.929456,0.362953
0.7448,0.146115,0.856472,0.0115618,0.544775,-0.838503,-0.845961,0.452412,0.282267,0.53312,0.706077,0.466089
0.843495,0.087394,0.699571,-0.0730476,0.893971,-0.44213,-0.993424,-0.104409,-0.0469801,-0.0881612,0.435791,0.89572
0.843495,0.114921,0.960059,-0.0730476,0.400626,-0.913325,-0.817676,0.500272,0.28484,0.571025,0.767611,0.291038
0.7448,0.142934,0.745571,0.0115618,0.798706,-0.601611,-0.977281,0.136364,0.162257,0.211634,0.586067,0.782136
0.963475,0.0593829,0.914063,-0.237086,0.489076,-0.839401,-0.95059,0.0614634,0.304302,0.200419,0.870073,0.450339
0.815719,0.090142,0.793109,0.159449,0.213222,-0.963905,-0.963216,0.247548,-0.104576,0.216315,0.945123,0.24485
0.888973,0.0790202,0.919418,0.130114,0.031648,-0.990994,-0.952254,0.282409,-0.116009,0.276194,0.958772,0.0668823
0.978025,0.0412932,0.752662,0.0849513,0.462503,-0.882538,-0.903159,-0.338344,-0.264249,-0.420817,0.819521,0.388971
0.978025,0.0530297,0.897899,0.0849513,0.132765,-0.9875,-0.99262,-0.074803,-0.0954486,-0.0865402,0.988321,0.125431
0.707075,0.180868,0.842086,-0.00571403,0.957733,-0.287601,-0.844261,0.149511,0.514656,0.535902,0.245751,0.807722
0.815719,0.112008,0.666885,0.159449,0.530038,-0.832848,-0.97911,-0.0229146,-0.202034,-0.12617,0.847664,0.515312
0.888973,0.0860157,0.645362,0.130114,0.661242,-0.738802,-0.907003,-0.221621,-0.358092,-0.40052,0.716689,0.570913
0.819306,0.158954,1.00991,-0.133187,0.714148,-0.687207,-0.541598,0.528252,0.653928,0.83002,0.459284,0.316425
0.815719,0.112766,0.919199,0.159449,-0.129312,-0.9787,-0.831143,0.517379,-0.203768,0.532708,0.84593,-0.0249813
0.707075,0.214772,0.934193,-0.00571403,0.80161,-0.59782,-0.610056,0.470897,0.63725,0.792338,0.368345,0.486336
0.767099,0.121781,0.781363,0.159449,-0.00440779,-0.987196,-0.891878,0.428074,-0.145965,0.423236,0.903733,0.0643248
0.7448,0.187035,0.959597,0.0115618,0.225136,-0.974259,-0.612605,0.771659,0.171048,0.790305,0.594858,0.146841
0.767099,0.145756,0.666669,0.159449,0.333499,-0.929169,-0.982847,0.141981,-0.117701,0.0926715,0.931998,0.350417
0.950254,0.0454063,0.748825,0.462836,-0.0148519,-0.886319,-0.842788,-0.317282,-0.434788,-0.274755,0.948215,-0.159366
0.911277,0.0536026,0.751745,0.451609,-0.135829,-0.881816,-0.887632,-0.16846,-0.428639,-0.0903291,0.976305,-0.196645
0.679296,0.215052,0.745113,0.0115629,0.633418,-0.773724,-0.899308,0.344876,0.268897,0.437163,0.692707,0.573626
0.7448,0.177875,0.64027,0.0115618,0.956301,-0.292156,-0.990726,-0.0286016,-0.132828,-0.135379,0.290982,0.947102
0.963475,0.125231,1.04338,-0.237086,0.172489,-0.956053,-0.824715,0.48439,0.291909,0.513454,0.857679,0.0274122
1.07214,0.0469525,0.864711,0.0597327,0.169921,-0.983646,-0.848539,-0.510361,-0.139691,-0.52575,0.843006,0.113699
0.679296,0.213728,0.831376,0.0115629,0.330589,-0.943704,-0.695555,0.680688,0.229929,0.71838,0.653739,0.237813
0.997638,0.0410049,0.741322,0.49086,0.0743364,-0.868061,-0.734257,-0.501009,-0.458102,-0.46896,0.862244,-0.191343
0.950254,0.0555824,0.892886,0.462836,-0.317095,-0.827788,-0.885934,-0.133797,-0.444094,0.030065,0.938908,-0.342851
0.978025,0.0799383,0.61217,0.0849513,0.736457,-0.671129,-0.704764,-0.431725,-0.562958,-0.704337,0.520812,0.482353
0.885407,0.0617603,0.748715,0.451609,-0.286406,-0.844998,-0.889869,-0.0759436,-0.44985,0.0646676,0.955094,-0.28916
1.07214,0.0469332,0.719398,0.0597327,0.4961,-0.866208,-0.617549,-0.663401,-0.422532,-0.784261,0.560165,0.266739
0.997638,0.04888,0.887341,0.49086,-0.227041,-0.841135,-0.850369,-0.334896,-0.405853,-0.189547,0.914493,-0.357456
0.911277,0.0642831,0.892827,0.451609,-0.429237,-0.78218,-0.864995,0.00425939,-0.501762,0.218706,0.903182,-0.369364
0.955743,0.139331,1.05934,-0.397364,0.558678,-0.727998,-0.48886,0.542502,0.68316,0.776607,0.627352,0.0575447
0.978025,0.113732,1.03036,0.0849513,-0.212987,-0.973355,-0.962356,0.235583,-0.135541,0.258175,0.948228,-0.184956
0.843495,0.193151,1.06761,-0.0730476,0.0640895,-0.995267,-0.573062,0.814048,0.0944799,0.81625,0.577251,-0.0227369
0.767099,0.13848,0.89734,0.159449,-0.341783,-0.926154,-0.693336,0.629065,-0.351514,0.702752,0.698184,-0.136667
0.888973,0.145515,1.04169,0.130114,-0.3092,-0.942054,-0.800362,0.528056,-0.283862,0.585227,0.790919,-0.178765
0.911277,0.0918189,0.615519,0.451609,0.173961,-0.875092,-0.803207,-0.347774,-0.483645,-0.388469,0.921299,-0.0173312
1.09027,0.0887756,0.981167,-0.432508,0.138797,-0.890883,-0.901288,-0.0937613,0.422952,-0.024826,0.985872,0.165648
0.679296,0.2458,0.664506,0.0115629,0.859847,-0.510421,-0.994592,0.062581,0.0828919,0.103217,0.506702,0.85592
0.950254,0.0851158,0.609971,0.462836,0.289183,-0.837947,-0.69799,-0.463821,-0.5456,-0.546436,0.837403,-0.0128266
0.885407,0.0709125,0.887189,0.451609,-0.558139,-0.696081,-0.814086,0.0614969,-0.577479,0.365121,0.827465,-0.426601
1.04771,0.0424555,0.732747,0.544356,0.135157,-0.827895,-0.549377,-0.68839,-0.473607,-0.633926,0.712637,-0.300477
1.04771,0.0473104,0.878787,0.544356,-0.156151,-0.824193,-0.733061,-0.56619,-0.376896,-0.407797,0.809349,-0.422677
0.815719,0.175726,0.555752,0.159449,0.782924,-0.601338,-0.87691,-0.167456,-0.450541,-0.453436,0.599157,0.659853
0.875765,0.0660638,0.74115,0.462837,-0.456146,-0.760074,-0.867223,-0.0554163,-0.494826,0.183593,0.888178,-0.421229
0.885407,0.100521,0.615461,0.451609,0.0198729,-0.891994,-0.858321,-0.263267,-0.440426,-0.243586,0.964518,-0.101837
0.819324,0.205809,1.06295,-0.0373106,0.927861,-0.371055,-0.159654,0.361009,0.918794,0.986468,0.093521,0.134667
0.748979,0.138472,0.752028,0.130116,-0.285557,-0.949488,-0.814738,0.514946,-0.26652,0.565042,0.808262,-0.165651
0.707075,0.278133,1.00915,-0.00571403,0.5488,-0.835934,-0.30227,0.795895,0.52458,0.953205,0.255675,0.161338
0.748979,0.171474,0.644812,0.130116,0.0564079,-0.989893,-0.958859,0.261219,-0.111151,0.252309,0.96363,0.088076
1.07214,0.0966708,1.00125,0.0597327,-0.176753,-0.982441,-0.977183,-0.211318,-0.0213942,-0.203826,0.961303,-0.185343
0.632586,0.300051,0.841334,-0.00571277,0.86155,-0.507641,-0.692152,0.362985,0.623833,0.721729,0.354928,0.59425
0.632586,0.292764,0.783995,-0.00571277,0.983215,-0.182359,-0.897256,0.0754694,0.435013,0.441474,0.166108,0.881765
0.767099,0.207513,0.567091,0.159449,0.631181,-0.759069,-0.955269,-0.0953464,-0.279945,-0.249071,0.769753,0.587745
0.997638,0.0835461,0.601415,0.49086,0.366748,-0.790286,-0.529582,-0.594673,-0.604902,-0.691809,0.715444,-0.0976785
0.888973,0.158663,0.526637,0.130114,0.87405,-0.468089,-0.715318,-0.244163,-0.654755,-0.686579,0.420025,0.593454
0.819306,0.251577,1.09939,-0.133187,0.436041,-0.890017,-0.225052,0.861252,0.455627,0.965201,0.260984,-0.0165753
0.815719,0.177151,1.02995,0.159449,-0.456249,-0.87545,-0.598822,0.660322,-0.453198,0.78485,0.5965,-0.167924
0.875765,0.107152,0.609825,0.462837,-0.168676,-0.870247,-0.877715,-0.224629,-0.42327,-0.124087,0.959734,-0.252016
0.679296,0.241987,0.912889,0.0115629,-0.0121138,-0.99986,-0.407907,0.912887,-0.0157773,0.91295,0.408033,0.00561432
0.707093,0.28783,1.0169,0.10645,0.951967,-0.287102,-0.289414,0.305906,0.907007,0.951267,-0.0134599,0.308076
0.875765,0.0723691,0.878609,0.462837,-0.688598,-0.558225,-0.752131,0.0282125,-0.65841,0.469128,0.724595,-0.504858
0.883514,0.0645,0.732589,0.490861,-0.621185,-0.610889,-0.829495,-0.118776,-0.545738,0.266446,0.774611,-0.573572
0.950254,0.114417,1.02478,0.462836,-0.581092,-0.669413,-0.822223,0.000778819,-0.569165,0.331259,0.813837,-0.477427
0.997638,0.106222,1.02186,0.49086,-0.501034,-0.712756,-0.863915,-0.174061,-0.472603,0.112727,0.847743,-0.51829
0.632586,0.32651,0.892723,-0.00571277,0.635969,-0.771694,-0.403564,0.704605,0.583667,0.914934,0.314762,0.252629
0.654882,0.270008,0.698409,-0.0730442,0.373857,-0.924606,-0.800698,0.530735,0.277854,0.594598,0.760626,0.26058
1.07214,0.0966153,0.582841,0.0597327,0.762442,-0.644293,-0.312073,-0.598829,-0.737573,-0.948179,0.245124,0.202168
1.07214,0.0966153,0.582841,0.0597327,0.762442,-0.644293,-0.312073,-0.598829,-0.737573,-0.948179,0.245124,0.202168
0.748979,0.144131,0.864066,0.130116,-0.59308,-0.79456,-0.572347,0.609444,-0.548631,0.809622,0.52615,-0.260149
0.7448,0.260758,1.04251,0.0115618,-0.121658,-0.992505,-0.30536,0.944727,-0.119358,0.952167,0.304452,-0.0262266
0.911277,0.122572,1.02175,0.451609,-0.670872,-0.588201,-0.738028,0.0895676,-0.6688,0.501363,0.736144,-0.454672
1.04771,0.0878421,0.593853,0.544356,0.410162,-0.73174,-0.29943,-0.719836,-0.626241,-0.783593,0.560003,-0.269031
1.04771,0.0878421,0.593853,0.544356,0.410162,-0.73174,-0.29943,-0.719836,-0.626241,-0.783593,0.560003,-0.269031
1.04771,0.101821,1.01436,0.544356,-0.428625,-0.721081,-0.828327,-0.410414,-0.381359,-0.132482,0.804886,-0.578453
0.883514,0.108611,0.601245,0.490861,-0.374786,-0.786505,-0.8706,-0.245535,-0.426343,-0.033327,0.894007,-0.446813
0.654882,0.249396,0.768692,-0.0730442,0.035077,-0.996712,-0.549046,0.832894,0.0695487,0.832594,0.55232,-0.0415791
0.748979,0.239155,0.555348,0.130116,0.391569,-0.910902,-0.987327,-0.0330163,-0.155225,-0.0908562,0.919556,0.382311
0.883514,0.0679714,0.871099,0.490861,-0.792659,-0.36159,-0.688341,-0.0984185,-0.71868,0.534081,0.601669,-0.593929
0.632586,0.305527,0.727622,-0.00571277,0.986291,0.164918,-0.994138,-0.0234084,0.105557,0.10797,-0.163348,0.980643
0.763543,0.132406,0.718827,0.0849542,-0.612004,-0.786279,-0.75686,0.473601,-0.450405,0.648032,0.633367,-0.422967
0.654882,0.313416,0.639414,-0.0730442,0.667544,-0.740978,-0.955775,0.165372,0.243201,0.284885,0.725973,0.625943
0.679296,0.302263,0.599276,0.0115629,0.982566,-0.185554,-0.969913,-0.0341077,-0.241052,-0.243178,0.182758,0.952609
0.90772,0.0578006,0.727034,0.544356,-0.740663,-0.39382,-0.776753,-0.267782,-0.570043,0.316752,0.616207,-0.721081
0.963475,0.231336,1.14237,-0.237086,-0.164903,-0.957391,-0.599367,0.800404,0.0105627,0.764558,0.576333,-0.288602
0.763543,0.177129,0.611538,0.0849542,-0.306172,-0.948178,-0.932856,0.309919,-0.183656,0.350089,0.900116,-0.259285
0.767099,0.193838,1.00061,0.159449,-0.637934,-0.753403,-0.411168,0.650909,-0.638168,0.897506,0.41153,-0.158511
0.911277,0.174323,0.500579,0.451609,0.462769,-0.76282,-0.621903,-0.449778,-0.641043,-0.639755,0.763901,0.0846734
0.885407,0.126874,1.01418,0.451609,-0.762553,-0.463208,-0.640112,0.0847442,-0.763594,0.621535,0.641351,-0.449848
1.09027,0.175802,1.09638,-0.432508,-0.174274,-0.884628,-0.855425,0.389371,0.341523,0.28493,0.904444,-0.317484
0.978025,0.164304,0.493369,0.0849513,0.921583,-0.378772,-0.421364,-0.311253,-0.851806,-0.902904,0.231963,0.36188
0.978025,0.164304,0.493369,0.0849513,0.921583,-0.378772,-0.421364,-0.311253,-0.851806,-0.902904,0.231963,0.36188
0.632604,0.342738,0.911146,0.106452,0.978711,0.175481,-0.689082,-0.0546151,0.722622,0.716822,-0.197845,0.668598
0.885407,0.18252,0.503501,0.451609,0.323754,-0.831404,-0.723247,-0.412823,-0.553616,-0.522459,0.851328,0.0477195
0.955743,0.250045,1.15255,-0.397364,0.275996,-0.875173,-0.193763,0.906963,0.373997,0.896972,0.318189,-0.306917
0.950254,0.169921,0.493073,0.462836,0.558338,-0.688507,-0.469004,-0.504849,-0.724682,-0.752209,0.658321,0.0282005
0.819324,0.313747,1.1332,-0.0373106,0.744996,-0.666025,0.187366,0.659884,0.727631,0.981581,-0.0976422,-0.164208
0.978025,0.216079,1.13408,0.0849513,-0.533049,-0.841809,-0.816018,0.447582,-0.365766,0.57175,0.718003,-0.396955
