0.888973,0.00843048,0.880019,-0.556576,0.385188,0.736107,0.766112,0.58072,0.275386,-0.321397,0.717213,-0.618312
0.815719,0.0392168,0.89384,0.159449,0.289025,-0.943949,-0.977341,0.181052,-0.109653,0.139212,0.940045,0.311345
0.978025,-0.006269,0.849646,0.0849513,0.531065,-0.843062,-0.866925,-0.377682,-0.325267,-0.491147,0.758503,0.428309
0.950254,-0.0018644,0.846147,0.462836,0.0555149,-0.884704,-0.818333,-0.356894,-0.450509,-0.340756,0.932494,-0.119754
0.843495,0.0241996,0.931902,-0.0730476,0.743891,-0.664297,-0.981013,0.0663943,0.182224,0.17966,0.664995,0.724916
0.911277,0.00607431,0.849708,0.451609,-0.0654385,-0.889813,-0.877667,-0.211952,-0.429857,-0.160468,0.975087,-0.153153
0.888973,0.0181087,1.01887,0.130114,0.110173,-0.985359,-0.971165,0.214399,-0.104268,0.199772,0.970513,0.134893
0.888973,0.0468256,0.746232,0.130114,0.717774,-0.684011,-0.872367,-0.244994,-0.42303,-0.471219,0.65175,0.594285
0.997638,-0.00565669,0.838318,0.49086,0.142974,-0.859427,-0.694735,-0.531023,-0.485137,-0.525737,0.835209,-0.161329
0.978025,-0.00609248,0.995355,0.0849513,0.210694,-0.973854,-0.982625,-0.144159,-0.116905,-0.165021,0.966864,0.194787
0.815719,0.071028,0.769749,0.159449,0.594445,-0.78817,-0.966014,-0.0705891,-0.248666,-0.203454,0.801032,0.562986
0.885407,0.0144467,0.847335,0.451609,-0.218461,-0.865057,-0.892195,-0.117245,-0.436168,-0.00613794,0.968777,-0.247859
0.767099,0.0716882,0.884642,0.159449,0.0739297,-0.984434,-0.922646,0.365853,-0.121966,0.351141,0.927732,0.126546
0.950254,-0.00315016,0.990561,0.462836,-0.25042,-0.850337,-0.885526,-0.174247,-0.430675,-0.0403193,0.952328,-0.302401
0.997638,-0.00939141,0.984501,0.49086,-0.15959,-0.856497,-0.83265,-0.375266,-0.407271,-0.256418,0.913075,-0.317086
0.963475,-0.00104181,1.01197,-0.237086,0.554132,-0.797952,-0.963495,-0.0289693,0.266154,0.124368,0.831925,0.540772
0.7448,0.0899866,0.961445,0.0115618,0.609584,-0.792637,-0.885591,0.37433,0.274964,0.464322,0.698774,0.54417
0.815719,0.0517657,1.02133,0.159449,-0.0512547,-0.985875,-0.870787,0.463176,-0.164915,0.465087,0.884783,0.0292209
1.04771,-0.00353023,0.829885,0.544356,0.200415,-0.814562,-0.49735,-0.704853,-0.505792,-0.675515,0.680453,-0.284014
0.911277,0.00552786,0.991193,0.451609,-0.365826,-0.813769,-0.879621,-0.0298405,-0.474739,0.149389,0.930205,-0.335264
0.7448,0.0956139,0.850641,0.0115618,0.843919,-0.536346,-0.990991,0.0812445,0.106473,0.13343,0.530283,0.837256
0.911277,0.0549783,0.716943,0.451609,0.242842,-0.858532,-0.769854,-0.380307,-0.512535,-0.450971,0.892409,0.0152024
0.875765,0.0193368,0.840135,0.462837,-0.394404,-0.793869,-0.879055,-0.0888289,-0.468371,0.114209,0.914634,-0.387816
1.07214,0.00199238,0.816934,0.0597327,0.56326,-0.824118,-0.553379,-0.668431,-0.496962,-0.830785,0.485734,0.271769
0.767099,0.104687,0.772211,0.159449,0.406167,-0.89978,-0.987101,0.0788911,-0.139311,0.0144009,0.910387,0.413507
0.950254,0.0487364,0.710882,0.462836,0.354753,-0.812362,-0.652436,-0.484061,-0.583106,-0.600092,0.799897,0.00741295
0.978025,0.0434008,0.712663,0.0849513,0.787382,-0.610584,-0.646661,-0.422638,-0.634986,-0.758033,0.448783,0.473265
0.843495,0.0506718,1.06223,-0.0730476,0.471826,-0.878661,-0.860403,0.415718,0.294763,0.504351,0.777534,0.375593
1.07214,-0.0095175,0.961791,0.0597327,0.247427,-0.967064,-0.804151,-0.562057,-0.193475,-0.591416,0.789222,0.165395
0.885407,0.0636576,0.717576,0.451609,0.0905806,-0.887606,-0.836289,-0.303701,-0.456493,-0.310916,0.948452,-0.0614027
1.04771,-0.0102774,0.97585,0.544356,-0.0902679,-0.833984,-0.698396,-0.599489,-0.390968,-0.464672,0.795276,-0.389378
0.885407,0.0125836,0.986099,0.451609,-0.501153,-0.73817,-0.840488,0.0386533,-0.54045,0.299381,0.864495,-0.403757
0.997638,0.0478505,0.702228,0.49086,0.428293,-0.758697,-0.473025,-0.600287,-0.644905,-0.731644,0.675441,-0.0920643
0.883514,0.0184572,0.831477,0.490861,-0.570759,-0.658247,-0.84802,-0.13974,-0.511209,0.199794,0.80914,-0.552608
0.875765,0.0707151,0.712484,0.462837,-0.0990997,-0.880887,-0.865104,-0.26723,-0.424481,-0.193333,0.958524,-0.209415
0.748979,0.0906539,0.856724,0.130116,-0.209325,-0.969151,-0.856999,0.467816,-0.216102,0.49862,0.85868,-0.118521
0.767099,0.0791327,1.00158,0.159449,-0.267225,-0.950351,-0.746907,0.596827,-0.293135,0.645528,0.756563,-0.104429
0.875765,0.0147164,0.977661,0.462837,-0.642138,-0.611098,-0.78698,0.0196224,-0.616666,0.407976,0.766338,-0.496268
0.748979,0.132058,0.752463,0.130116,0.134768,-0.982297,-0.975854,0.192707,-0.102824,0.175438,0.971958,0.156588
1.04771,0.052733,0.695031,0.544356,0.466925,-0.696892,-0.236317,-0.711759,-0.661478,-0.80488,0.524766,-0.277108
0.7448,0.122596,1.06749,0.0115618,0.301723,-0.953325,-0.673376,0.707151,0.215644,0.73921,0.639453,0.211349
0.679296,0.167541,0.855906,0.0115629,0.692808,-0.72103,-0.931157,0.270263,0.244752,0.364434,0.668562,0.648238
0.883514,0.07285,0.704046,0.490861,-0.311204,-0.813761,-0.865212,-0.283789,-0.413367,-0.102295,0.906982,-0.408559
0.90772,0.0122197,0.825408,0.544356,-0.707083,-0.451342,-0.799435,-0.274286,-0.534482,0.254126,0.651767,-0.714576
0.815719,0.143362,0.664022,0.159449,0.828165,-0.537325,-0.838171,-0.174002,-0.516908,-0.521581,0.53279,0.666399
0.978025,0.0439091,1.13222,0.0849513,-0.13509,-0.987185,-0.979806,0.168661,-0.107396,0.181008,0.976373,-0.118034
0.679296,0.159377,0.941792,0.0115629,0.40442,-0.9145,-0.750358,0.608011,0.259393,0.66093,0.683203,0.31049
0.7448,0.138799,0.748444,0.0115618,0.976466,-0.215363,-0.976862,-0.0349682,-0.210991,-0.213556,0.212819,0.953468
1.07214,0.0623522,0.684749,0.0597327,0.811156,-0.581771,-0.235861,-0.55484,-0.797824,-0.969949,0.184873,0.158178
0.883514,0.0109284,0.969825,0.490861,-0.761472,-0.423339,-0.728544,-0.0922833,-0.678754,0.477785,0.641595,-0.600064
0.888973,0.074693,1.14604,0.130114,-0.233484,-0.963616,-0.844271,0.483504,-0.231152,0.519882,0.843629,-0.134213
0.888973,0.128663,0.633645,0.130114,0.908432,-0.397267,-0.65859,-0.220326,-0.719524,-0.741168,0.355256,0.569617
0.707075,0.125771,0.949862,-0.00571403,0.977532,-0.210708,-0.884117,0.0935138,0.457812,0.46723,0.188907,0.863719
1.07214,0.0292108,1.10185,0.0597327,-0.09825,-0.993367,-0.957931,-0.285492,-0.029365,-0.280713,0.953332,-0.11117
0.767099,0.17415,0.677848,0.159449,0.689415,-0.706599,-0.932497,-0.129785,-0.337054,-0.324076,0.712645,0.622184
0.963475,0.0543387,1.14611,-0.237086,0.247798,-0.939354,-0.862853,0.390593,0.320815,0.446403,0.886585,0.121209
0.997638,0.0370968,1.12315,0.49086,-0.442905,-0.750261,-0.870135,-0.205898,-0.44774,0.0438292,0.872606,-0.486454
0.748979,0.087406,0.968857,0.130116,-0.52817,-0.83911,-0.634778,0.605748,-0.479714,0.76166,0.595067,-0.256453
0.90772,0.0690642,0.696211,0.544356,-0.510073,-0.66596,-0.838139,-0.363485,-0.406695,-0.0346223,0.779554,-0.625377
0.950254,0.0450342,1.12671,0.462836,-0.52615,-0.713407,-0.845913,-0.0215823,-0.532885,0.26498,0.850118,-0.455066
0.819306,0.0906115,1.11541,-0.133187,0.76642,-0.628381,-0.605744,0.438875,0.663674,0.784433,0.46903,0.405802
0.763543,0.087241,0.823146,0.0849542,-0.547691,-0.832356,-0.805889,0.453487,-0.380648,0.58594,0.703124,-0.402853
0.90772,0.00299152,0.966256,0.544356,-0.818809,-0.182286,-0.664307,-0.288095,-0.689708,0.512223,0.496541,-0.700767
0.707075,0.15226,1.04437,-0.00571403,0.846513,-0.532337,-0.670997,0.391462,0.629699,0.741438,0.360794,0.565771
1.04771,0.0333052,1.11532,0.544356,-0.370063,-0.752815,-0.815205,-0.444969,-0.370735,-0.197784,0.81551,-0.543898
1.09027,0.0229342,1.0812,-0.432508,0.209041,-0.877063,-0.896478,-0.203551,0.393567,-0.0962554,0.956488,0.275438
0.911277,0.0534049,1.12433,0.451609,-0.62209,-0.639573,-0.775479,0.0808155,-0.62618,0.441227,0.778764,-0.44592
0.911277,0.146341,0.608911,0.451609,0.521832,-0.723699,-0.569185,-0.456131,-0.684086,-0.687079,0.720858,0.0910259
0.763543,0.140335,0.719743,0.0849542,-0.229979,-0.96948,-0.957691,0.249672,-0.143148,0.274973,0.940624,-0.199038
0.679296,0.204588,0.777993,0.0115629,0.897633,-0.440592,-0.999646,0.0209443,0.0164359,0.0239813,0.440246,0.897557
0.885407,0.154281,0.612475,0.451609,0.388697,-0.803096,-0.679515,-0.43347,-0.591914,-0.578194,0.81303,0.0683664
0.815719,0.107161,1.13683,0.159449,-0.385353,-0.908889,-0.659203,0.643774,-0.388594,0.734865,0.661104,-0.151377
0.950254,0.142549,0.60108,0.462836,0.611204,-0.642038,-0.407846,-0.496245,-0.766422,-0.787048,0.61658,0.0195967
0.843495,0.120122,1.17564,-0.0730476,0.142851,-0.987045,-0.636016,0.755654,0.156432,0.768211,0.639204,0.0356572
0.885407,0.0582929,1.11713,0.451609,-0.723399,-0.522248,-0.687406,0.0910472,-0.720544,0.56879,0.684401,-0.456151
0.978025,0.136926,0.600929,0.0849513,0.948729,-0.30446,-0.3484,-0.257993,-0.901142,-0.933489,0.182627,0.30862
0.748979,0.206624,0.668652,0.130116,0.462606,-0.876964,-0.977006,-0.0908523,-0.192885,-0.168904,0.881897,0.440147
0.875765,0.162654,0.610103,0.462837,0.208158,-0.861657,-0.746808,-0.432105,-0.505533,-0.477557,0.877471,-0.0445403
0.679296,0.18108,1.02529,0.0115629,0.0672526,-0.997669,-0.479054,0.876153,0.0535091,0.877709,0.477319,0.0423485
0.997638,0.144676,0.592645,0.49086,0.661953,-0.566458,-0.194261,-0.550651,-0.811817,-0.849305,0.508529,-0.141701
0.654882,0.22603,0.813709,-0.0730442,0.446036,-0.892029,-0.845349,0.446902,0.292683,0.529197,0.775455,0.344413
0.763543,0.0727146,0.938471,0.0849542,-0.799344,-0.594837,-0.556885,0.456956,-0.693593,0.826234,0.390179,-0.406322
0.809034,0.0630468,0.799616,0.0597358,-0.865734,-0.496927,-0.784845,0.266872,-0.559283,0.616806,0.42342,-0.663525
0.654882,0.199906,0.882135,-0.0730442,0.114045,-0.990787,-0.613372,0.778206,0.134796,0.786409,0.617567,0.0131086
0.875765,0.0574112,1.10847,0.462837,-0.81242,-0.354621,-0.599983,0.00737834,-0.799978,0.652535,0.583026,-0.484024
0.883514,0.167546,0.602905,0.490861,-0.0141136,-0.871123,-0.778046,-0.457029,-0.431009,-0.392046,0.88934,-0.235319
0.767099,0.126123,1.10892,0.159449,-0.576149,-0.801641,-0.481079,0.663739,-0.572725,0.862055,0.476973,-0.17134
0.809034,0.125648,0.689357,0.0597358,-0.643564,-0.763057,-0.948473,0.201701,-0.244366,0.311175,0.738337,-0.598355
0.632586,0.244638,0.958568,-0.00571277,0.89911,-0.437686,-0.747232,0.287031,0.599382,0.664539,0.330477,0.670204
1.04771,0.151726,0.587552,0.544356,0.677117,-0.495166,0.0532202,-0.616976,-0.78518,-0.837165,0.401064,-0.371891
0.883514,0.0511717,1.10241,0.490861,-0.86034,-0.13737,-0.521196,-0.163625,-0.837605,0.698148,0.482744,-0.528723
0.707075,0.209475,1.12411,-0.00571403,0.613393,-0.789758,-0.376944,0.730191,0.569855,0.926218,0.30095,0.227042
0.7448,0.189508,1.15599,0.0115618,-0.0425293,-0.999028,-0.379942,0.923976,-0.0437314,0.924938,0.380079,-0.00547583
0.763543,0.225593,0.640736,0.0849542,0.115472,-0.989671,-0.993982,-0.0591207,-0.0922223,-0.0691592,0.99155,0.109755
0.90772,0.166669,0.594246,0.544356,-0.25154,-0.800252,-0.775752,-0.513955,-0.366141,-0.319195,0.820108,-0.474907
0.654882,0.273981,0.758344,-0.0730442,0.724229,-0.68568,-0.975364,0.0916197,0.200674,0.208156,0.683446,0.699695
0.809034,0.0419317,0.924635,0.0597358,-0.983483,-0.170861,-0.526553,0.11437,-0.842414,0.848041,0.14029,-0.511024
0.632586,0.241923,0.900831,-0.00571277,0.994584,-0.103777,-0.929454,0.0330026,0.367459,0.368894,0.0985547,0.924232
1.07214,0.164282,0.581181,0.0597327,0.961215,-0.269254,0.110105,-0.274434,-0.955282,-0.992123,0.0274153,-0.122228
0.748979,0.122706,1.07534,0.130116,-0.78331,-0.607861,-0.335993,0.541964,-0.770314,0.932834,0.304467,-0.192669
0.90772,0.0424927,1.10177,0.544356,-0.831774,0.108756,-0.449053,-0.398452,-0.799742,0.708539,0.386507,-0.590411
